355 638
5.530718 0.481856 2
5.695170 0.474101 1
5.646289 0.628994 1
7.959190 1.754323 1
7.802344 1.756332 1
7.856203 1.616465 1
7.552849 0.916855 1
7.494326 1.025363 1
7.374181 0.926226 1
8.273797 1.127248 2
8.220457 1.287513 2
8.120080 1.172185 1
7.438138 0.557798 1
7.316076 0.631051 1
7.295281 0.481153 1
7.731541 1.104297 1
7.749978 1.235802 1
7.601613 1.214993 1
8.478637 0.790780 2
8.313864 0.866223 1
8.331158 0.720848 1
6.953347 1.488441 1
6.831847 1.586057 2
6.827979 1.453654 1
7.486001 0.809553 1
6.963366 1.048810 1
6.884698 0.923605 1
7.042629 0.903632 1
7.691458 1.625557 1
7.587032 1.102500 1
8.333333 0.000000 0
8.472222 0.000000 0
8.423933 0.166367 2
6.361014 1.300424 1
6.245265 1.175609 1
6.418029 1.163651 1
6.311475 1.063067 1
5.380229 0.370990 2
5.504284 0.305714 1
6.375421 0.217663 1
6.491006 0.285487 1
6.309723 0.352951 1
8.175214 0.985853 1
8.030745 1.035779 1
6.456118 0.426628 1
8.194445 0.000000 0
8.260237 0.127251 1
8.090914 0.133506 1
6.668028 0.549795 1
6.552711 0.526996 1
6.668671 0.402044 1
7.491823 1.669027 1
7.420715 1.784334 2
7.342836 1.639057 2
6.805555 0.000000 0
6.780949 0.168758 1
6.669086 0.122512 1
7.441488 1.573872 1
6.232086 0.489105 1
6.130297 0.402729 1
6.175150 0.288281 1
6.919063 1.345560 1
7.084176 1.397750 1
7.033436 1.283168 1
5.614038 0.973464 1
5.434222 0.993871 3
5.499931 0.878386 1
7.471699 0.439762 1
7.393651 0.354021 1
8.387761 0.339635 2
8.240078 0.418746 1
8.276791 0.268489 1
8.461967 0.900401 2
7.660341 0.578731 1
7.567696 0.509109 1
7.710315 0.439928 1
7.136683 0.529082 1
7.205846 0.625018 1
6.230560 1.344904 1
6.201416 1.471436 1
6.086552 1.410100 1
7.639262 1.456599 1
7.763267 1.366998 1
7.753578 1.515011 1
7.003982 0.388354 1
7.133464 0.392585 1
7.012825 0.504763 1
7.949999 0.693922 1
8.057818 0.785259 1
7.934078 0.862031 1
6.555438 0.366973 1
6.130081 1.262278 1
7.588399 0.399238 1
5.523998 1.106661 2
5.616538 0.374448 1
8.101618 0.647294 1
6.929450 0.775722 1
6.801984 0.823573 1
6.788272 0.705521 1
8.024765 1.279948 1
7.894146 1.289960 1
7.976189 1.160414 1
8.103052 1.556893 1
8.175099 1.426256 1
8.266163 1.530432 2
7.171700 0.247466 1
7.302215 0.190436 1
7.275958 0.316941 1
7.809556 0.964260 1
7.810327 0.850372 1
8.014078 0.559529 1
7.204134 0.124253 1
5.574383 0.760526 1
5.472854 0.651649 2
7.660153 1.319150 1
8.018033 1.414853 1
7.638889 0.000000 0
7.777778 0.000000 0
7.724136 0.155138 1
7.670127 1.770020 1
7.569445 0.094249 1
6.422426 1.621216 2
6.284449 1.579454 2
6.390977 1.521575 1
6.676661 1.313509 1
6.777507 1.361396 1
6.676695 1.483973 2
6.012587 0.979377 1
5.989002 1.095738 1
5.884440 1.047806 1
5.899824 0.937686 1
7.949980 0.968231 1
6.086993 0.833166 1
6.152033 0.968888 1
5.613404 0.247793 1
5.775684 0.178337 1
5.738230 0.320551 1
5.846208 1.398244 1
5.911312 1.262849 1
5.969497 1.377423 1
8.248993 0.587877 1
8.138595 0.527782 1
6.580320 1.413871 1
5.815335 0.449445 1
8.168266 0.324664 1
8.117494 1.321646 1
6.956197 1.599887 2
8.206525 0.729662 1
7.846552 0.756488 1
6.666667 0.000000 0
7.850990 1.168013 1
5.656200 0.116656 1
7.044038 0.280671 1
8.215405 1.627476 1
7.336075 1.231452 1
7.169745 1.239987 1
7.261079 1.146039 1
5.791094 1.253505 1
7.457663 0.674062 1
7.462380 1.464749 1
7.388029 1.351707 1
7.538618 1.349015 1
7.462672 1.262592 1
6.759270 1.021705 1
6.719118 1.165979 1
6.623026 1.060949 1
8.182172 0.226299 1
7.102610 1.031868 1
5.639409 1.351996 2
5.700864 1.196129 1
5.751071 1.354306 1
7.856003 1.453294 1
5.776108 0.965661 1
5.746908 1.073127 1
6.021003 1.303025 1
6.669121 0.801367 1
6.635121 0.669872 1
7.372607 1.087612 1
7.897685 1.866148 2
7.065910 1.528489 2
8.124784 1.717798 2
8.040218 1.849507 3
7.239058 1.351035 1
8.071854 0.420917 1
6.783769 0.483042 1
6.804168 0.361318 1
7.994965 1.638687 1
8.167719 0.849068 1
7.965651 1.536039 1
8.375373 0.580966 1
6.324122 0.610765 1
6.351065 0.492053 1
5.964937 0.861226 1
5.967681 0.740476 1
6.096727 0.612747 1
6.209965 0.725599 1
6.069672 0.717208 1
5.416667 0.000000 0
5.555555 0.000000 0
5.504745 0.142925 1
6.319388 0.847432 1
6.376384 0.726212 1
7.893880 1.056013 1
7.258426 1.044417 1
7.190665 0.931192 1
5.776990 0.694899 1
5.785912 0.573163 1
6.204954 0.596510 1
6.905020 0.667579 1
6.109220 1.114250 1
6.017458 1.194945 1
7.361111 0.000000 0
7.430360 0.115371 1
7.298603 0.081500 1
5.736123 0.856853 1
7.574777 0.208464 1
7.413603 0.246067 1
7.517454 0.318836 1
8.347806 0.472575 1
5.857598 0.815424 1
6.111111 0.000000 0
6.250000 0.000000 0
6.180937 0.137478 1
5.636862 1.106228 1
5.982413 1.512895 2
5.834264 1.546674 2
6.474845 0.818576 1
6.385768 0.954320 1
6.515819 0.965129 1
6.462369 1.397370 1
6.324215 1.436751 1
7.167843 0.736264 1
7.038102 0.646844 1
6.846932 1.120401 1
7.376606 0.756333 1
7.500000 0.000000 0
7.221816 1.512943 2
5.678832 0.759675 1
7.554602 1.571620 1
5.847640 0.347198 1
7.753994 1.900319 2
5.589827 1.204062 2
6.814268 1.252717 1
6.944895 1.193835 1
6.571663 1.316208 1
6.483446 1.273219 1
8.469637 0.651486 2
6.883154 0.113225 1
5.622250 0.846234 1
7.475721 1.154086 1
5.878862 0.239091 1
5.876892 0.663522 1
5.972222 0.000000 0
6.067082 0.109985 1
5.898426 0.116071 1
7.083333 0.000000 0
7.079720 0.141202 1
7.168542 1.126727 1
7.657166 0.302552 1
7.781382 0.302012 1
7.222222 0.000000 0
7.067441 0.778951 1
5.401428 0.214096 2
8.055555 0.000000 0
5.389453 0.105653 1
8.295401 1.002043 2
6.119349 1.567009 2
7.874085 0.115023 1
5.708072 1.483647 2
6.502028 0.681337 1
7.265856 0.824856 1
6.866995 1.028238 1
7.617286 0.798666 1
5.468232 0.781475 1
7.925094 0.350582 1
8.070436 0.288870 1
7.973966 0.206973 1
5.694445 0.000000 0
7.855732 0.225946 1
5.994103 0.213297 1
7.311299 1.434176 1
7.355800 1.524904 1
7.753076 0.535534 1
6.433274 0.580817 1
6.743394 0.907869 1
6.604926 0.235275 1
6.723753 0.280204 1
5.921306 1.142314 1
6.899308 0.555920 1
6.767800 0.593947 1
6.590637 1.189853 1
6.507941 1.506101 2
6.264836 0.224408 1
7.559259 0.720355 1
5.359257 0.759984 2
7.646367 0.999774 1
6.209862 1.066738 1
7.916667 0.000000 0
7.632497 1.874329 2
7.542164 1.765435 2
7.063766 1.154066 1
6.201790 0.855314 1
6.303110 0.114363 1
6.498920 0.145414 1
6.527778 0.000000 0
6.405153 0.101550 1
6.955204 0.201777 1
6.845220 0.241074 1
8.395570 0.967330 2
7.595392 1.680493 1
6.569833 0.765405 1
8.052592 0.914370 1
6.388889 0.000000 0
6.096117 0.210944 1
6.511671 1.081840 1
6.575046 0.857318 1
8.288482 1.412666 2
6.417073 1.053950 1
5.277778 0.000000 0
7.146887 0.834979 1
5.285372 0.138369 2
7.281088 0.725714 1
6.578643 0.084081 1
5.833333 0.000000 0
8.284565 1.715435 2
7.740407 0.769692 1
7.662305 0.690173 1
7.794248 0.634852 1
6.645611 0.936113 1
7.702896 0.885367 1
7.954675 0.465097 1
7.830323 0.394099 1
6.944445 0.000000 0
8.473415 0.416624 2
7.849445 0.496616 1
7.904535 0.585217 1
6.987447 0.093535 1
5.389285 0.867283 2
6.263386 0.959293 1
8.467130 0.526815 2
5.763889 0.075243 1
7.983811 0.092829 1
6.901521 0.436730 1
5.986506 0.632032 1
5.825987 1.162622 1
7.557285 0.622383 1
6.116432 0.504141 1
6.924089 0.321164 1
5.955906 0.325406 1
5.925706 0.435554 1
5.899045 0.541603 1
6.025506 0.407118 1
6.009024 0.516635 1
6.063309 0.305677 1
8.340574 1.625544 2
 0 1 2
 3 4 5
 6 7 8
 9 10 11
 12 13 14
 15 16 17
 18 19 20
 21 22 23
 6 8 24
 25 26 27
 28 5 4
 29 15 17
 30 31 32
 33 34 35
 36 35 34
 0 37 38
 39 40 41
 9 11 42
 43 42 11
 44 41 40
 45 46 47
 48 49 50
 51 52 53
 54 55 56
 57 51 53
 58 59 41
 41 59 60
 21 61 62
 63 62 61
 64 65 66
 12 14 67
 68 67 14
 69 70 71
 18 72 19
 73 74 75
 76 14 77
 78 79 80
 81 82 83
 84 85 86
 87 88 89
 50 49 90
 91 78 80
 92 75 74
 64 93 65
 21 23 61
 0 94 1
 87 95 88
 96 97 98
 99 100 101
 0 38 94
 102 103 104
 105 106 107
 89 108 109
 87 110 95
 76 86 85
 105 111 106
 112 113 2
 0 2 113
 114 82 81
 102 115 103
 116 117 118
 28 4 119
 116 118 120
 14 13 77
 121 122 123
 124 125 126
 127 128 129
 130 127 129
 131 108 89
 132 133 127
 134 135 136
 137 138 139
 140 95 141
 96 27 26
 142 124 126
 1 136 143
 70 144 71
 96 26 97
 115 145 103
 21 146 22
 140 147 95
 87 89 148
 68 14 107
 149 54 56
 150 101 100
 134 151 135
 84 152 85
 102 104 153
 154 155 156
 157 138 137
 12 158 13
 159 160 161
 162 161 160
 163 164 165
 166 47 46
 25 27 167
 168 169 170
 28 83 5
 171 5 83
 64 172 173
 174 91 80
 175 176 98
 177 8 7
 3 178 4
 21 179 146
 3 180 181
 182 155 154
 183 70 141
 140 141 70
 174 139 138
 48 50 184
 185 184 50
 76 85 14
 30 32 46
 3 5 186
 3 186 180
 187 19 42
 171 188 5
 10 145 11
 140 189 20
 190 58 191
 132 192 193
 171 83 82
 194 195 196
 197 198 199
 100 82 16
 200 195 201
 190 201 195
 150 15 202
 108 202 15
 150 100 16
 147 19 187
 20 19 147
 177 203 8
 204 8 203
 105 85 152
 205 2 206
 194 207 195
 132 193 196
 157 170 169
 114 17 16
 96 98 208
 209 127 133
 174 210 91
 209 91 210
 211 212 213
 64 214 172
 215 216 212
 69 71 32
 175 98 97
 215 217 216
 69 218 70
 99 11 145
 205 219 214
 215 120 118
 220 221 222
 64 173 223
 224 225 137
 200 226 227
 228 227 226
 33 229 230
 231 232 77
 163 233 164
 234 13 158
 211 235 212
 182 236 62
 205 237 2
 28 238 81
 190 207 58
 239 143 136
 240 119 4
 140 70 218
 209 34 91
 241 169 168
 242 243 61
 244 229 245
 33 35 245
 20 189 246
 54 247 55
 112 248 66
 162 154 249
 177 249 154
 234 24 8
 135 250 136
 205 251 219
 252 253 254
 255 111 256
 183 144 70
 142 229 244
 257 156 155
 215 118 258
 259 258 118
 255 260 111
 1 94 136
 231 261 232
 262 199 38
 134 38 199
 263 45 47
 91 34 78
 34 33 78
 33 245 229
 262 38 37
 64 66 248
 239 136 250
 193 219 251
 197 199 264
 198 151 199
 42 19 265
 224 80 266
 159 81 238
 63 61 243
 159 161 81
 114 81 161
 117 267 118
 268 170 137
 18 20 246
 224 137 139
 130 172 219
 214 219 172
 1 206 2
 269 49 176
 48 176 49
 140 20 147
 204 270 8
 234 8 270
 25 271 26
 187 88 147
 95 147 88
 33 230 78
 157 137 170
 6 24 272
 28 81 83
 64 248 214
 205 214 237
 171 100 115
 99 115 100
 269 226 201
 106 213 212
 112 66 273
 99 101 11
 99 145 115
 23 126 125
 79 266 80
 183 274 275
 276 275 274
 112 2 237
 198 277 151
 268 137 225
 182 62 155
 23 22 126
 259 118 278
 204 167 27
 102 180 186
 279 254 253
 159 280 160
 159 281 280
 63 155 62
 166 275 47
 276 47 275
 73 75 282
 269 201 283
 166 71 144
 44 283 191
 44 49 283
 257 167 203
 204 203 167
 163 284 26
 58 41 191
 285 56 286
 55 286 56
 287 129 128
 268 168 170
 288 208 289
 132 127 192
 132 196 195
 290 165 164
 14 85 107
 142 126 291
 39 41 292
 98 176 289
 163 26 271
 293 272 24
 294 113 273
 112 273 113
 23 125 61
 53 236 281
 44 90 49
 6 295 7
 285 50 90
 209 133 296
 117 297 267
 200 201 226
 108 131 202
 76 77 232
 240 4 178
 190 195 207
 183 141 110
 95 110 141
 60 292 41
 119 298 299
 102 188 115
 162 160 154
 182 154 160
 63 300 155
 290 245 35
 200 301 195
 132 195 301
 43 11 101
 185 50 286
 285 286 50
 102 153 180
 132 301 133
 236 179 62
 221 302 222
 285 40 303
 39 303 40
 304 303 305
 190 283 201
 306 307 247
 242 124 164
 29 7 295
 308 19 72
 242 233 243
 98 289 208
 79 122 266
 28 119 309
 45 30 46
 3 181 178
 118 267 278
 79 230 122
 123 122 230
 242 164 233
 269 310 226
 105 256 111
 134 94 38
 240 298 119
 187 42 311
 312 304 305
 44 191 41
 106 216 107
 220 222 253
 142 291 229
 123 229 291
 102 186 188
 96 232 261
 60 222 292
 60 313 222
 290 35 314
 228 226 315
 10 316 103
 36 317 35
 55 247 307
 182 280 236
 134 199 151
 43 311 42
 105 107 85
 290 164 124
 68 107 216
 53 281 57
 318 197 264
 204 27 319
 318 264 320
 234 321 13
 76 232 86
 288 86 232
 96 261 27
 285 303 322
 193 192 219
 221 312 302
 123 230 229
 89 88 311
 25 243 233
 51 299 52
 323 252 254
 252 220 253
 324 180 153
 108 15 295
 325 326 327
 73 327 326
 130 192 127
 92 258 75
 259 75 258
 105 152 256
 306 256 152
 257 155 300
 228 328 165
 293 24 158
 234 158 24
 150 202 101
 43 101 202
 163 165 328
 276 274 278
 259 278 274
 9 42 265
 187 311 88
 6 272 329
 288 289 184
 63 243 300
 123 291 121
 183 330 274
 171 115 188
 177 154 156
 242 61 125
 48 289 176
 29 295 15
 285 322 56
 171 82 100
 209 296 34
 285 90 40
 163 271 233
 26 284 97
 259 274 331
 134 136 94
 28 309 238
 262 264 199
 166 46 71
 32 71 46
 108 329 109
 325 109 329
 96 208 232
 288 232 208
 6 329 295
 54 332 247
 175 97 284
 215 212 120
 235 120 212
 108 295 329
 69 333 218
 87 148 327
 325 327 148
 142 244 124
 242 125 124
 209 128 127
 290 124 244
 334 335 327
 255 256 336
 175 284 328
 66 65 337
 21 62 179
 334 327 282
 332 255 336
 92 67 217
 36 296 338
 183 275 144
 89 311 131
 89 109 148
 25 233 271
 87 327 335
 339 218 333
 135 340 254
 323 254 340
 133 338 296
 64 223 93
 39 305 303
 183 110 330
 150 16 15
 290 314 165
 106 212 216
 92 217 258
 215 258 217
 114 161 17
 162 17 161
 10 103 145
 104 103 316
 68 217 67
 73 282 327
 87 335 110
 304 322 303
 274 330 331
 235 116 120
 276 267 341
 297 341 267
 308 265 19
 297 263 341
 185 342 184
 288 184 342
 25 167 300
 257 300 167
 194 196 343
 263 47 341
 334 331 330
 228 315 328
 276 341 47
 51 238 309
 279 250 254
 135 254 250
 130 219 192
 306 336 256
 312 305 302
 177 156 203
 159 57 281
 193 343 196
 114 16 82
 5 188 186
 304 149 322
 27 261 319
 43 131 311
 159 238 57
 173 344 169
 84 86 342
 288 342 86
 262 320 264
 231 77 321
 241 93 223
 269 283 49
 13 321 77
 334 75 331
 259 331 75
 228 317 227
 68 216 217
 260 211 213
 190 191 283
 25 300 243
 276 278 267
 29 249 7
 177 7 249
 334 282 75
 222 302 292
 39 292 302
 277 323 340
 92 74 67
 290 244 245
 12 74 345
 12 345 158
 224 139 80
 339 246 189
 58 207 346
 194 346 207
 84 342 347
 185 347 342
 228 165 314
 239 348 349
 1 143 206
 350 206 143
 174 80 139
 351 346 352
 79 78 230
 174 138 210
 287 210 138
 236 280 281
 48 184 289
 182 160 280
 36 338 227
 351 59 346
 277 340 151
 135 151 340
 175 328 315
 36 34 296
 44 40 90
 173 169 223
 39 302 305
 51 57 238
 257 203 156
 43 202 131
 12 67 74
 351 353 59
 60 59 353
 73 326 345
 334 330 335
 110 335 330
 163 328 284
 306 347 307
 157 169 344
 84 347 152
 306 152 347
 325 329 272
 140 218 189
 339 189 218
 231 270 319
 204 319 270
 279 348 250
 228 314 317
 66 337 273
 294 273 337
 293 345 326
 269 176 310
 175 310 176
 149 56 322
 166 144 275
 200 338 301
 133 301 338
 279 353 348
 231 321 270
 200 227 338
 306 247 336
 234 270 321
 60 353 313
 260 213 111
 73 345 74
 351 349 348
 36 227 317
 112 237 248
 214 248 237
 29 17 249
 162 249 17
 185 286 307
 55 307 286
 239 250 348
 106 111 213
 239 349 143
 293 158 345
 205 206 251
 332 336 247
 350 251 206
 325 148 109
 157 344 138
 287 138 344
 351 348 353
 194 343 352
 231 319 261
 130 129 172
 173 172 129
 351 352 349
 350 349 352
 350 352 343
 241 223 169
 279 253 313
 222 313 253
 350 343 251
 293 326 272
 325 272 326
 279 313 353
 194 352 346
 104 354 153
 324 153 354
 193 251 343
 119 299 309
 287 128 210
 209 210 128
 287 344 129
 173 129 344
 350 143 349
 185 307 347
 35 317 314
 58 346 59
 175 315 310
 51 309 299
 226 310 315
 0
 0
 0
 0
 0
 0
 0
 0
 0
 0
 0
 0
 8
 0 294 262 37 113 320 65 337
 0
 0
 0
 0
 0
 17
 324 69 18 9 339 308 104 10 32 180 246 265 333 316 181 72 354
 0
 23
 224 53 268 240 241 168 146 236 122 266 93 52 178 22 65 126 225 291 298 179 299 181 121
