357 644
3.232097 6.046488 1
3.313665 6.154677 2
3.153175 6.102249 2
3.309231 5.982487 1
3.141533 5.941434 2
3.291459 5.875754 1
4.623034 6.302894 1
4.483908 6.449684 1
4.452465 6.301439 1
4.723909 5.068506 1
4.847394 4.979242 2
4.890870 5.132880 2
4.410115 6.599568 1
4.332772 6.515707 1
4.330570 6.401648 1
3.828752 6.011590 1
3.775733 5.907977 1
3.940711 5.922763 1
3.720820 6.912322 1
3.724187 6.781441 1
3.827966 6.839842 1
3.906242 5.805687 1
4.596781 5.505511 1
4.767055 5.487215 1
4.696230 5.614021 1
4.550435 6.184982 1
4.243496 4.933706 1
4.234445 4.810615 2
4.356071 4.907642 1
4.682370 6.145089 1
4.738197 6.044947 1
4.770121 6.206210 1
3.989424 5.286408 1
4.150170 5.339636 1
4.049580 5.430021 1
4.102524 5.218718 1
3.623137 6.846333 2
4.390341 4.809024 2
4.844717 6.127686 1
5.087639 5.919766 1
5.172787 6.042550 1
5.027209 6.035408 1
3.481136 6.425205 1
3.351527 6.339208 2
3.475854 6.270106 1
4.543251 6.941085 1
4.651010 6.849020 1
4.676975 7.006541 1
5.219138 6.610251 1
5.205322 6.783471 2
5.094726 6.711517 1
4.634031 5.393753 1
4.209164 6.676344 1
4.083702 6.608777 1
4.210244 6.520789 1
4.047033 6.461767 1
4.176283 7.510770 1
4.021476 7.534031 2
4.107207 7.367772 2
5.146527 5.660914 1
5.281844 5.563485 2
5.260324 5.714407 1
3.965637 4.859202 3
4.098414 4.774844 2
4.116724 4.919291 1
3.598216 6.522669 1
3.456605 6.579809 1
3.615132 6.728545 1
3.052152 6.061598 3
3.629506 5.674319 1
3.675593 5.526574 1
3.741936 5.683527 1
3.789196 5.580353 1
3.301613 6.552069 2
3.350997 6.695115 2
5.128078 5.529068 1
3.589037 5.975732 1
3.508303 6.124942 1
3.423122 6.009644 1
3.945071 5.537083 1
3.889776 5.689489 1
3.447616 5.752425 1
3.519192 5.612889 1
3.560547 5.764571 1
3.046258 5.754431 2
3.203882 5.822182 1
4.403582 5.393932 1
4.367148 5.274304 1
4.506149 5.309174 1
4.519849 5.664965 1
4.478020 5.792209 1
4.405655 5.647001 1
3.621964 6.380307 1
3.617217 6.218404 1
4.358768 5.740221 1
5.330009 6.659079 2
4.374683 7.131568 1
4.237511 7.038578 1
4.349758 7.017886 1
4.218152 7.147321 1
4.725826 4.925068 2
3.777973 6.416477 1
3.922608 6.355734 1
3.912579 6.474751 1
4.566793 6.573065 1
4.145229 7.234875 1
4.059261 7.122772 1
3.510746 5.861794 1
3.652773 5.830866 1
4.059628 6.004992 1
3.938392 6.086611 1
3.369663 6.458298 2
3.927176 6.221677 1
3.770183 6.156655 1
5.057843 6.603064 1
5.204967 6.904642 2
5.076235 6.911542 1
5.054564 6.800837 1
4.534422 7.490746 1
4.536436 7.376394 1
4.672927 7.475581 2
4.652640 7.350923 1
3.754881 5.387010 1
3.830001 5.262227 2
3.897923 5.397285 1
4.633508 5.739126 1
4.783075 5.736701 1
5.307677 5.989727 1
5.244080 6.136095 1
4.800302 5.598439 1
3.714106 6.028776 1
3.818583 5.480961 1
4.576108 7.607667 2
4.974689 6.722596 1
4.848577 6.738701 1
4.914988 6.591507 1
4.793907 6.642322 1
4.559124 5.076210 1
4.616161 4.974397 1
4.121198 7.040025 1
4.886099 5.298410 2
4.771914 5.224289 1
3.416707 5.654121 1
4.598866 7.059680 1
3.519774 5.432137 1
3.819483 6.289340 1
3.572550 6.630432 1
3.721129 6.618779 1
4.613519 6.446199 1
4.440813 5.201459 1
4.168963 6.230496 1
4.053305 6.149411 1
4.156271 6.085233 1
4.882155 5.653976 1
5.004355 5.621849 1
4.936058 5.781611 1
5.055205 5.730065 1
4.261810 6.154975 1
3.720242 7.024384 1
3.818640 6.978978 1
3.808242 7.139900 2
4.050350 6.303873 1
4.650256 5.168060 1
5.338184 6.231318 1
5.399867 6.102345 1
5.459824 6.216411 1
3.710642 6.294157 1
5.580335 6.184878 2
5.550116 6.335684 2
5.135509 6.219526 1
5.055723 6.299394 1
4.986338 6.169107 1
4.955557 6.285827 1
5.396432 5.675292 2
4.468042 7.715165 1
4.502781 7.876628 2
4.367325 7.805503 1
4.584562 7.758676 2
3.387095 5.854040 1
3.635663 6.101223 1
4.774349 6.316844 1
4.771996 6.822196 1
4.921848 6.875056 1
4.776976 6.939325 1
5.106018 6.117599 1
5.280290 6.342507 1
5.411267 6.342228 1
5.295508 6.477823 1
5.448219 6.482357 2
4.386937 7.957093 2
4.511151 8.049745 4
4.581967 7.159510 1
4.698600 7.260993 1
4.564543 7.276639 1
4.417337 6.191537 1
4.965833 5.912179 1
4.420889 5.943147 1
4.356926 6.065837 1
4.294610 5.933435 1
4.715678 7.142967 1
4.228453 5.249140 1
4.223283 5.113678 1
4.090350 5.075854 1
4.772575 5.352796 1
4.897430 5.420352 1
4.607901 5.981206 1
4.605456 6.088699 1
4.770649 7.392766 2
4.009738 4.968693 1
3.919438 7.045442 1
3.632662 5.360464 2
4.045402 7.234003 1
5.004020 5.485520 1
5.105770 5.420438 1
3.798507 5.780425 1
5.222429 5.423650 2
4.303561 6.275100 1
3.838081 6.567790 1
4.834458 7.281233 2
4.856603 7.145395 1
4.974308 7.230979 2
4.349597 5.130523 1
5.149235 6.503205 1
3.185332 5.716519 1
4.872307 7.020385 1
4.252996 7.294376 1
4.354853 7.244166 1
4.836123 5.901148 1
3.538919 6.806466 2
3.826000 6.707777 1
4.251044 7.871155 2
4.504116 4.885536 1
4.514215 4.754536 2
5.001524 7.020991 1
4.186042 5.012258 1
4.701678 5.877624 1
3.969505 6.572711 1
4.187191 6.370886 1
5.233618 6.250854 1
4.888825 6.027974 1
4.593714 5.602470 1
4.246490 6.045128 1
3.803937 5.090874 2
3.947360 5.059838 1
3.918432 5.171042 1
5.479351 5.804839 2
5.482297 5.971089 2
5.375283 5.875870 1
5.038819 5.830047 1
4.963239 7.116050 1
3.315720 5.737246 1
4.449084 4.999966 1
3.924407 6.778689 1
3.918741 6.904608 1
3.706648 6.508783 1
4.498084 6.058089 1
4.231218 7.410373 1
5.087629 7.126500 2
4.380692 6.783002 1
4.327588 6.682076 1
4.485376 6.682701 1
4.282556 6.957081 1
4.143545 6.940578 1
4.203537 6.832942 1
4.446509 7.322335 1
4.440694 7.457618 1
5.267864 5.847190 1
5.149359 5.806612 1
4.701714 6.395284 1
4.347909 7.403681 1
3.381427 5.371530 2
3.409681 5.515831 1
3.278691 5.499142 2
5.351101 5.778658 1
4.102388 6.731255 1
4.042965 6.835967 1
5.193571 5.926731 1
5.154410 7.012564 2
3.914390 6.657681 1
3.674249 7.116525 2
4.350440 5.843766 1
4.291726 6.598414 1
4.274296 5.361598 1
4.476462 7.048297 1
4.404589 6.915154 1
4.689008 6.623161 1
4.802021 6.536401 1
3.875270 4.965647 2
4.314944 5.007007 1
4.692145 6.510069 1
4.251238 7.728322 1
5.515975 6.101072 1
4.142662 7.770654 2
4.203794 5.453638 1
4.104136 5.545857 1
4.620383 4.846562 3
4.007149 7.706590 2
4.141549 7.641022 1
3.971478 7.312364 2
3.510435 5.292639 2
4.361379 7.659491 1
4.454059 7.580986 1
4.650166 5.279795 1
4.212558 5.854231 1
4.248597 5.748077 1
4.038553 5.658641 1
3.338020 5.587583 1
5.635381 6.053502 3
4.464545 5.116072 1
4.357193 7.543555 1
4.517680 5.427602 1
4.504460 6.802976 1
4.598559 5.847157 1
4.526024 5.917530 1
4.460289 5.534797 1
4.314150 5.465457 1
4.337113 5.571017 1
4.021440 5.155866 1
4.309435 6.850822 1
3.943378 7.179153 2
3.713630 5.288313 2
4.008707 5.781964 1
4.001836 6.698579 1
4.286083 6.765038 1
4.595124 6.705735 1
4.712487 6.733693 1
5.209268 6.416811 1
4.546166 5.191502 1
4.022027 6.978586 1
5.102062 6.414493 1
5.008130 6.495294 1
4.169448 5.653909 1
4.776282 7.054303 1
3.243331 5.637528 1
3.182012 5.557523 3
4.464261 7.193318 1
3.481405 6.723879 1
3.414002 6.824035 2
4.894711 5.543684 1
5.018191 5.345380 2
5.156132 5.318573 2
4.258708 7.599420 1
4.085330 5.881739 1
4.123805 5.761951 1
5.345887 6.568316 2
4.901669 6.452595 1
4.228028 5.563161 1
3.104973 5.640267 2
4.274262 7.493560 1
3.620426 6.995499 2
4.799413 6.423173 1
4.168519 5.965186 1
4.984843 6.382586 1
4.284595 5.652598 1
5.170027 6.324827 1
4.880465 6.349662 1
4.866957 6.236947 1
 0 1 2
 3 0 4
 5 3 4
 6 7 8
 9 10 11
 12 13 7
 14 7 13
 15 16 17
 18 19 20
 17 16 21
 22 23 24
 6 8 25
 26 27 28
 29 30 31
 32 33 34
 35 33 32
 36 19 18
 28 27 37
 31 30 38
 39 40 41
 42 43 44
 1 44 43
 45 46 47
 48 49 50
 22 51 23
 52 53 54
 55 54 53
 56 57 58
 59 60 61
 62 63 64
 42 65 66
 67 19 36
 68 4 2
 69 70 71
 72 71 70
 73 66 74
 4 0 2
 75 60 59
 76 77 78
 79 80 72
 81 82 83
 4 84 85
 86 87 88
 1 78 77
 89 90 91
 42 44 92
 93 92 44
 90 94 91
 48 95 49
 96 97 98
 96 99 97
 9 100 10
 101 102 103
 12 7 104
 99 105 106
 76 107 108
 109 110 17
 1 3 78
 73 111 66
 42 66 111
 112 113 110
 15 110 113
 48 50 114
 69 83 82
 49 115 116
 76 108 16
 117 49 116
 1 0 3
 118 119 120
 121 120 119
 122 123 124
 32 124 123
 125 24 126
 55 103 102
 15 17 110
 127 128 40
 24 129 126
 76 16 130
 79 72 131
 118 120 132
 133 134 135
 136 135 134
 9 137 138
 125 90 89
 139 99 106
 140 141 11
 9 11 141
 81 142 82
 45 47 143
 69 82 70
 144 70 82
 101 145 102
 67 146 147
 6 148 7
 112 145 113
 149 88 87
 1 77 44
 150 151 152
 153 154 155
 156 155 154
 150 152 157
 14 8 7
 158 159 160
 112 151 161
 150 161 151
 9 162 137
 163 164 165
 9 138 100
 93 113 166
 165 167 168
 169 170 171
 172 171 170
 108 107 83
 61 60 173
 174 175 176
 174 177 175
 78 3 178
 133 135 114
 128 164 163
 93 179 113
 6 31 180
 6 29 31
 181 182 183
 169 184 128
 185 186 187
 188 187 186
 189 175 190
 191 192 193
 194 25 8
 39 41 195
 196 197 198
 191 199 192
 200 35 201
 202 201 35
 23 203 204
 205 30 206
 29 206 30
 122 131 70
 47 46 183
 78 178 107
 42 111 43
 121 207 120
 15 113 130
 62 64 208
 55 102 161
 76 78 107
 209 160 159
 128 184 40
 122 70 210
 42 92 65
 127 164 128
 211 106 105
 212 213 75
 121 192 207
 214 21 16
 72 70 131
 67 147 19
 79 124 34
 32 34 124
 147 146 65
 59 156 154
 215 60 75
 69 71 108
 214 108 71
 194 157 197
 194 216 157
 101 103 217
 218 219 220
 200 201 221
 140 204 203
 200 221 87
 48 114 222
 223 85 84
 212 75 154
 191 143 199
 47 199 143
 5 178 3
 224 183 182
 225 99 226
 96 226 99
 144 210 70
 227 155 195
 67 36 228
 147 217 229
 75 59 154
 181 134 182
 189 230 176
 49 117 50
 231 37 232
 224 182 233
 116 233 182
 231 28 37
 133 114 50
 202 208 64
 93 44 77
 169 171 184
 109 151 110
 202 64 234
 5 4 85
 76 179 77
 227 235 126
 6 25 29
 55 236 103
 14 237 216
 113 145 166
 215 75 213
 214 71 80
 169 128 238
 27 64 63
 27 26 64
 41 171 239
 218 199 219
 125 89 240
 241 198 197
 153 126 129
 242 243 244
 242 244 123
 245 246 247
 127 247 246
 155 248 195
 224 249 219
 227 30 235
 5 85 250
 231 138 251
 137 251 138
 150 216 237
 72 80 71
 20 252 253
 225 58 105
 224 233 249
 65 92 254
 55 161 237
 150 237 161
 181 183 46
 125 126 235
 196 255 197
 225 256 58
 257 220 249
 101 217 254
 258 259 260
 261 262 263
 264 119 265
 14 54 237
 205 235 30
 61 266 267
 6 180 268
 101 254 92
 55 53 236
 188 186 168
 264 265 269
 270 271 272
 245 273 173
 52 263 274
 275 274 263
 39 276 40
 257 233 277
 116 277 233
 55 237 54
 278 229 217
 165 168 186
 127 246 164
 38 239 171
 261 98 97
 158 160 279
 127 266 247
 227 126 155
 153 155 126
 112 110 151
 94 90 280
 5 250 178
 52 54 281
 264 269 226
 225 226 269
 20 229 252
 113 179 130
 147 65 254
 196 280 90
 86 282 87
 202 243 208
 127 276 266
 218 207 192
 45 283 284
 136 285 286
 242 287 243
 288 251 221
 289 286 285
 290 176 230
 147 229 19
 52 274 53
 165 291 167
 32 123 244
 231 251 28
 290 230 292
 293 294 34
 12 104 260
 194 255 25
 231 232 295
 211 105 58
 296 297 292
 79 34 294
 211 58 298
 144 270 299
 174 300 301
 302 51 88
 133 182 134
 56 297 57
 296 57 297
 14 216 8
 194 8 216
 127 40 276
 303 304 280
 79 305 80
 271 142 306
 82 142 271
 66 65 146
 61 273 266
 307 291 246
 251 308 221
 309 301 300
 283 98 284
 79 131 124
 56 58 256
 144 82 271
 214 16 108
 88 51 310
 41 40 184
 23 51 203
 258 311 284
 45 284 311
 174 132 177
 48 222 187
 125 240 24
 205 312 235
 14 13 54
 245 247 273
 261 97 262
 205 255 313
 196 313 255
 86 314 315
 316 315 314
 202 317 243
 165 164 291
 261 263 318
 211 298 319
 62 208 287
 243 287 208
 122 320 123
 258 260 311
 140 203 141
 302 141 203
 321 80 305
 112 102 145
 275 252 322
 69 108 83
 275 322 274
 52 323 263
 324 46 311
 45 311 46
 41 239 195
 12 260 259
 223 250 85
 136 134 325
 101 92 166
 275 263 262
 187 222 326
 81 83 107
 214 80 21
 227 239 30
 125 312 90
 101 166 145
 139 97 99
 137 162 327
 38 30 239
 61 173 273
 79 294 305
 209 328 106
 174 176 300
 290 300 176
 225 105 99
 329 222 330
 205 313 312
 109 152 151
 218 192 199
 121 193 192
 196 90 313
 89 314 240
 331 305 294
 112 161 102
 144 299 210
 41 184 171
 321 21 80
 39 195 248
 189 176 175
 47 332 199
 22 240 314
 306 333 272
 334 272 333
 293 34 33
 303 280 198
 275 262 328
 114 330 222
 275 253 252
 144 271 270
 191 335 283
 96 283 335
 199 332 219
 275 328 253
 15 130 16
 32 317 35
 200 33 35
 61 267 59
 116 182 117
 133 117 182
 181 325 134
 324 260 104
 149 327 88
 302 88 327
 147 254 217
 66 336 74
 337 74 336
 23 204 338
 339 340 213
 324 104 285
 289 285 104
 56 341 297
 321 342 17
 109 17 342
 331 343 305
 93 77 179
 76 130 179
 194 197 255
 32 244 317
 290 297 341
 288 201 234
 39 267 276
 266 276 267
 93 166 92
 48 187 344
 224 219 332
 209 106 319
 22 24 240
 307 167 291
 20 253 159
 302 162 141
 9 141 162
 7 148 104
 289 104 148
 255 206 25
 81 178 250
 225 269 256
 45 143 283
 23 129 24
 227 195 239
 212 204 339
 140 339 204
 324 325 46
 181 46 325
 321 305 343
 136 286 135
 94 280 304
 306 272 271
 209 159 253
 345 135 286
 266 273 247
 139 328 262
 200 282 33
 293 33 282
 209 319 160
 205 206 255
 288 221 201
 293 346 294
 220 219 249
 212 154 338
 153 338 154
 209 253 328
 149 87 221
 288 26 28
 118 265 119
 150 157 216
 241 197 157
 331 294 346
 288 234 26
 309 300 341
 174 301 132
 334 333 347
 223 347 333
 309 348 269
 6 268 148
 125 235 312
 188 344 187
 136 325 285
 89 91 314
 241 157 152
 290 292 297
 246 291 164
 156 248 155
 149 308 327
 137 327 308
 309 269 265
 212 339 213
 116 115 277
 243 317 244
 158 279 349
 257 249 233
 289 350 286
 303 198 351
 241 351 198
 139 106 328
 289 268 350
 316 314 91
 303 343 304
 345 330 135
 66 146 336
 67 336 146
 122 124 131
 306 142 250
 81 250 142
 302 203 51
 114 135 330
 22 310 51
 202 234 201
 185 187 326
 48 344 95
 223 84 347
 81 107 178
 139 262 97
 20 19 229
 329 330 352
 337 336 228
 86 88 310
 109 342 351
 303 351 342
 94 353 91
 331 304 343
 290 341 300
 12 259 281
 202 35 317
 137 308 251
 118 132 301
 12 281 13
 324 311 260
 133 50 117
 165 186 163
 185 163 186
 303 342 343
 306 250 333
 329 170 354
 122 210 320
 329 352 170
 64 26 234
 223 333 250
 53 322 236
 86 310 314
 22 314 310
 302 327 162
 288 28 251
 293 315 346
 316 346 315
 224 332 183
 47 183 332
 321 17 21
 109 351 152
 278 252 229
 215 213 340
 96 98 283
 191 283 143
 29 25 206
 278 236 322
 321 343 342
 56 348 341
 329 326 222
 200 87 282
 261 284 98
 86 315 282
 293 282 315
 94 304 353
 53 274 322
 100 138 295
 231 295 138
 103 236 217
 278 217 236
 172 352 355
 345 355 352
 309 341 348
 20 159 18
 345 352 330
 316 91 353
 153 129 338
 23 338 129
 278 322 252
 212 338 204
 324 285 325
 156 59 267
 264 193 119
 67 228 336
 169 238 354
 172 170 352
 196 198 280
 264 226 335
 96 335 226
 269 348 256
 180 350 268
 158 18 159
 211 319 106
 149 221 308
 121 119 193
 289 148 268
 172 356 171
 38 171 356
 261 318 284
 258 284 318
 180 355 350
 39 248 267
 156 267 248
 241 152 351
 185 326 354
 264 335 193
 52 259 323
 345 286 350
 185 354 238
 329 354 326
 169 354 170
 158 349 18
 36 18 349
 90 312 313
 331 353 304
 52 281 259
 191 193 335
 345 350 355
 56 256 348
 258 323 259
 180 356 355
 309 265 301
 118 301 265
 54 13 281
 331 346 353
 180 31 356
 185 238 163
 316 353 346
 172 355 356
 128 163 238
 38 356 31
 263 323 318
 258 318 323
 18
 218 307 257 188 49 220 168 190 120 167 132 277 175 177 207 95 115 344
 0
 0
 0
 0
 0
 5
 68 4 334 84 347
 0
 1
 190
 22
 68 1 296 189 337 73 43 36 190 58 74 57 230 160 319 298 111 292 228 349 279 2
 6
 27 62 37 232 63 295
 10
 242 62 123 334 270 299 210 287 272 320
 0
 0
 0
 13
 215 245 140 307 100 11 246 173 10 60 339 340 295
 0
 0
 0
 0
 0
