361 653
0.804761 8.931736 1
0.883450 9.033758 1
0.731714 9.012262 1
0.813117 9.117463 1
1.305696 7.883720 1
1.208009 7.992225 1
1.205268 7.860732 1
2.511587 9.677944 2
2.365838 9.722083 1
2.355013 9.581230 1
0.586217 8.671837 1
0.717139 8.653090 1
0.688054 8.781419 1
0.600051 9.442334 1
0.625002 9.593052 1
0.495180 9.502041 1
2.232544 9.342650 1
2.231482 9.477139 1
2.118436 9.423791 1
0.302012 7.781382 1
0.448479 7.727332 2
0.365202 7.918355 1
0.518228 7.867599 1
0.441684 9.357429 1
0.279594 9.434204 1
0.296961 9.314909 1
0.376853 9.485054 1
0.858725 8.722531 1
1.021079 8.803075 1
0.926489 8.895859 1
1.353558 7.981986 1
0.722314 9.520363 1
2.456092 9.784729 1
1.666667 10.000000 0
1.527778 10.000000 0
1.576167 9.835144 1
0.000000 8.472222 0
0.000000 8.333333 0
0.166292 8.423943 1
0.206973 7.973966 1
0.290860 8.070413 1
1.499858 7.947772 2
1.398136 7.838314 1
1.805556 10.000000 0
1.737316 9.870559 1
1.903461 9.864985 1
0.000000 8.194445 0
0.133506 8.090914 1
0.127202 8.260216 1
1.508334 8.189949 1
1.644398 8.157336 2
1.585124 8.273692 1
1.707647 8.287313 1
1.970951 8.965046 1
1.824499 9.015575 1
1.870443 8.844454 1
1.761035 8.899155 1
1.085593 8.281207 1
1.211066 8.256941 1
1.196026 8.392241 1
0.577212 8.273679 1
0.521991 8.149955 1
0.693256 8.164474 1
2.339659 9.421269 1
1.388889 10.000000 0
1.286949 9.850028 1
1.458333 9.900642 1
0.000000 8.611111 0
0.099357 8.541667 1
0.149972 8.713051 1
0.000000 9.166667 0
0.123921 9.056075 1
0.118748 9.221499 1
0.833333 10.000000 0
0.771428 9.881005 1
0.952749 9.878537 1
0.738248 7.897949 2
0.613699 7.946341 1
0.604607 7.778429 2
0.511959 9.611855 1
0.803698 9.649410 1
0.678018 9.708518 1
0.624954 8.078673 1
0.210358 8.569089 1
0.309136 8.508445 1
1.616130 9.365771 1
1.769831 9.294094 1
1.730980 9.435247 1
0.261602 9.600441 1
0.339019 8.387820 1
1.189201 8.795759 1
1.113182 8.680849 1
0.758679 8.431259 1
0.733248 8.305851 1
0.866699 8.310026 1
0.267082 8.277399 1
0.413076 8.244780 1
1.696259 8.602985 1
1.803862 8.695800 1
1.657487 8.728475 1
2.638889 10.000000 0
2.500000 10.000000 0
2.564223 9.843437 2
1.494142 8.765318 1
1.645896 8.843415 1
1.564363 8.918695 1
1.317680 8.269543 1
1.451239 8.326179 1
1.309117 8.378160 1
1.066928 8.429412 1
2.449164 9.443862 2
0.191461 9.510171 1
1.398905 8.200853 1
1.103121 8.910573 1
1.767289 8.201658 2
1.500886 7.797293 2
1.592797 9.097786 1
1.669018 9.221201 1
1.548165 9.241406 1
0.616477 8.393044 1
0.473950 8.361743 1
0.795406 8.565123 1
0.908448 8.586155 1
0.411077 9.591169 1
1.250000 10.000000 0
0.000000 8.750000 0
0.853759 7.789952 2
0.883070 7.929007 1
0.997349 7.815324 1
1.146914 7.747867 1
1.091823 7.907299 1
0.546415 8.787341 1
0.990099 8.657994 1
0.142591 9.655199 1
0.283525 9.728330 1
1.464331 9.149743 1
1.402143 8.440618 1
0.196901 9.803100 1
1.965205 8.701877 2
1.431722 9.788975 1
1.492050 9.689928 1
1.728744 8.439555 1
1.596820 8.391994 1
1.287874 8.131318 1
0.864869 8.475965 1
1.561748 8.649764 1
1.608491 9.667698 1
0.526764 8.467170 1
0.293526 8.784400 1
0.441780 8.860373 1
0.333250 8.930343 1
1.181810 8.551363 1
1.220491 8.689522 1
1.596348 8.519858 1
2.507870 9.539163 2
1.544884 8.074590 1
2.218618 9.697988 1
2.203887 9.583989 1
1.334896 9.444846 1
1.348866 9.335640 1
1.469599 9.466022 1
2.222222 10.000000 0
2.083333 10.000000 0
2.155257 9.869110 1
0.506783 7.991428 1
1.497565 9.348309 1
1.071089 8.570249 1
1.684391 8.982583 1
1.361718 8.903855 1
1.337824 8.769677 1
1.458961 8.869428 1
0.414963 8.071552 1
2.023131 9.905187 1
0.356034 9.675016 1
1.802797 9.755301 1
0.225961 8.181989 1
0.211318 9.131266 1
0.294735 9.054495 1
0.369858 9.189230 1
1.266389 7.642892 1
1.177508 7.507638 2
1.326424 7.547935 3
2.138381 9.518966 1
0.529079 9.213453 1
0.322388 8.169227 1
0.983326 8.514839 1
0.864530 9.786017 1
0.435687 8.704444 1
0.235199 7.868153 1
1.051147 8.044083 1
1.144988 8.142914 1
0.981902 8.191603 1
0.694444 10.000000 0
0.555556 10.000000 0
0.632514 9.850994 1
0.000000 9.444445 0
0.000000 9.305555 0
0.147830 9.363488 1
0.714316 9.402905 1
0.795127 8.045098 1
0.229289 9.240767 1
1.247027 9.296149 1
1.236969 9.439577 1
1.445282 9.003757 1
0.191008 8.946526 1
1.838712 9.384990 1
1.918479 9.271042 1
1.973748 9.426676 1
2.070018 9.313602 1
0.712002 9.129732 1
0.695885 8.017605 1
0.832334 8.181274 1
1.894796 8.283788 2
1.796368 8.333261 1
1.390459 7.691524 2
0.636902 8.530614 1
0.817945 9.228610 1
0.705682 9.281222 1
1.687356 9.755663 1
0.487094 9.909638 1
0.086995 9.513889 1
1.818970 9.167747 1
1.952648 9.115278 1
1.212820 9.693766 1
1.355126 9.675912 1
0.830477 9.369934 1
0.838538 9.499920 1
0.493726 8.971506 1
0.404042 9.048648 1
0.000000 9.722222 0
0.000000 9.583333 0
0.416667 10.000000 0
0.277778 10.000000 0
0.347068 9.865978 1
0.804992 8.836111 1
0.390550 8.588207 1
0.499662 8.572626 1
0.155138 7.724136 2
0.303171 7.658401 2
1.154797 9.368364 1
1.944444 10.000000 0
0.000000 8.055555 0
0.598355 8.906145 1
2.029161 9.791840 1
1.497397 8.567036 1
1.155098 7.636156 1
0.984513 8.316355 1
1.030836 9.115532 1
1.126290 9.230981 1
1.010762 9.226134 1
0.000000 7.777778 0
0.115023 7.874085 1
0.972222 10.000000 0
0.000000 9.027778 0
2.019666 8.846539 2
0.996799 7.950277 1
0.492241 9.801861 1
2.018899 9.223706 1
1.004662 8.995338 1
1.878052 8.432953 2
1.824728 8.560706 1
1.747745 8.802259 1
1.155032 9.125547 1
1.623189 9.519094 1
0.964521 9.713545 1
0.954280 9.592237 1
1.942917 9.574646 1
2.075941 9.644622 1
1.928411 9.705174 1
1.263118 8.884799 1
2.197724 9.016069 1
2.107676 8.934102 2
2.247982 8.912095 2
0.299041 8.656504 1
1.058497 9.815688 1
0.950514 7.675474 2
2.304126 9.214216 1
2.388564 9.077755 2
2.412495 9.230323 2
0.930620 9.294585 1
0.973801 9.436555 1
1.054995 9.315080 1
1.205404 8.976017 1
0.633174 9.197259 1
0.592068 9.076138 1
0.564581 9.714310 1
1.288095 7.776429 1
0.213930 8.846450 1
1.429399 8.087277 1
2.037016 9.517852 1
0.953595 8.408203 1
0.000000 7.916667 0
1.713748 9.647942 1
1.746946 9.550308 1
0.000000 10.000000 0
0.000000 9.861111 0
0.107824 9.892176 1
0.138889 10.000000 0
1.151346 9.895024 1
0.106092 8.849491 1
2.171618 9.210989 1
2.361111 10.000000 0
2.288904 9.895423 1
2.436661 9.892396 1
1.358403 9.543875 1
1.443864 9.592309 1
0.911069 9.174496 1
1.887306 8.627846 1
2.162253 9.112062 1
2.058272 9.036160 1
1.062614 9.535784 1
1.717935 9.096978 1
1.311718 8.993432 1
2.263370 9.107443 1
1.831896 9.622097 1
1.853158 9.498068 1
0.759233 9.770711 1
2.389450 8.917956 3
2.301919 9.006825 1
1.258936 9.570167 1
0.480838 9.114609 1
0.389819 9.757821 1
1.153550 9.786070 1
1.346873 9.100210 1
2.366446 9.811171 1
0.091278 9.780123 1
0.213692 9.912251 1
1.301408 8.605935 1
1.426698 8.649664 1
0.599666 9.312307 1
1.076383 9.418751 1
2.126009 9.752971 1
0.923397 8.056890 1
1.079324 9.680214 1
0.000000 8.888889 0
1.111111 10.000000 0
1.955428 8.552999 2
1.049190 7.700259 1
2.064703 9.130988 1
1.534460 9.581480 1
1.345869 9.212654 1
1.444916 9.260551 1
0.719683 8.890155 1
2.347884 9.312045 1
1.142776 9.493199 1
2.460074 9.329252 2
1.149933 9.600081 1
1.404965 8.536551 1
1.305023 8.488237 1
2.269420 9.791131 1
1.642432 7.990613 2
0.418376 8.475342 1
0.092829 7.983811 1
1.056095 7.595831 2
1.117910 9.027727 1
0.455960 9.693076 1
1.497119 8.467815 1
1.229989 9.066641 1
0.084204 8.953752 1
1.047968 9.918360 1
1.242998 9.176913 1
 0 1 2
 1 3 2
 4 5 6
 7 8 9
 10 11 12
 13 14 15
 16 17 18
 19 20 21
 22 21 20
 23 24 25
 26 24 23
 27 28 29
 30 5 4
 13 31 14
 7 32 8
 33 34 35
 36 37 38
 39 21 40
 41 30 42
 43 44 45
 46 47 48
 49 50 51
 52 51 50
 53 54 55
 56 55 54
 57 58 59
 60 61 62
 63 17 16
 64 65 66
 67 68 69
 70 71 72
 73 74 75
 76 77 78
 79 15 14
 31 80 14
 14 80 81
 82 62 61
 83 38 84
 85 86 87
 26 88 24
 89 84 38
 90 28 91
 92 93 94
 89 95 96
 97 98 99
 100 101 102
 103 104 105
 106 107 108
 103 99 104
 57 59 109
 63 110 9
 111 24 88
 106 112 107
 90 113 28
 52 50 114
 41 42 115
 116 117 118
 60 119 120
 27 121 122
 26 123 88
 64 124 65
 125 67 69
 76 126 127
 128 129 130
 6 130 129
 10 12 131
 85 117 86
 27 132 28
 133 88 134
 116 118 135
 136 108 107
 27 11 121
 137 133 134
 138 55 98
 139 140 35
 52 141 142
 143 5 30
 92 94 144
 97 99 145
 146 35 140
 147 120 119
 148 149 150
 143 106 58
 91 151 152
 97 145 153
 7 9 154
 49 155 50
 156 157 9
 27 12 11
 158 159 160
 161 162 163
 82 61 164
 160 159 165
 156 9 8
 166 151 91
 116 105 167
 168 169 170
 171 40 21
 162 172 163
 173 88 123
 174 45 44
 175 48 47
 176 177 178
 179 180 181
 182 18 17
 183 23 178
 25 178 23
 96 95 184
 166 132 185
 83 69 68
 139 66 65
 52 142 51
 176 72 71
 186 75 74
 139 35 66
 83 68 38
 148 187 149
 122 185 132
 39 188 21
 189 190 191
 57 191 190
 192 193 194
 195 196 197
 36 38 68
 34 66 35
 13 198 31
 33 35 44
 37 48 38
 59 58 108
 103 170 169
 76 127 199
 9 110 154
 176 178 200
 201 159 202
 103 105 170
 116 203 105
 105 104 167
 204 177 71
 128 127 126
 205 206 207
 208 207 206
 209 2 3
 199 62 210
 211 191 94
 212 213 114
 63 9 17
 171 164 61
 42 214 115
 10 215 11
 209 216 217
 89 38 95
 146 218 35
 193 219 194
 195 197 220
 221 222 206
 223 224 65
 139 65 224
 56 167 104
 225 226 198
 31 198 226
 60 96 61
 60 120 96
 227 228 150
 149 227 150
 171 61 96
 229 230 133
 231 232 233
 103 145 99
 89 96 120
 143 58 190
 9 157 17
 143 112 106
 27 29 234
 235 236 187
 10 187 236
 49 107 112
 19 237 238
 201 202 239
 27 122 132
 171 96 184
 22 78 77
 106 108 58
 240 43 45
 46 241 47
 242 149 131
 243 163 172
 211 62 199
 244 153 145
 176 71 177
 179 245 180
 191 246 94
 242 227 149
 92 121 215
 82 210 62
 247 248 249
 11 215 121
 250 237 251
 60 62 93
 166 91 132
 242 131 12
 252 73 75
 70 253 71
 138 254 55
 128 255 127
 111 220 197
 256 194 219
 206 222 257
 258 29 113
 28 113 29
 52 114 213
 259 260 141
 97 141 260
 22 20 78
 98 55 261
 262 248 247
 189 5 190
 85 263 160
 186 80 264
 265 264 80
 266 267 268
 243 268 267
 168 269 169
 60 93 119
 270 271 272
 90 269 113
 228 178 177
 19 188 237
 19 238 20
 7 102 32
 83 273 69
 148 69 273
 274 75 264
 128 126 275
 158 202 159
 39 40 47
 175 47 40
 174 268 45
 243 45 268
 276 277 278
 225 279 280
 281 280 279
 225 280 226
 265 226 280
 175 184 95
 282 113 269
 209 283 284
 209 284 2
 205 87 86
 209 217 283
 192 194 74
 196 72 197
 189 130 5
 225 217 216
 256 285 194
 81 194 285
 183 284 283
 242 2 284
 230 220 133
 231 233 219
 179 286 129
 6 129 286
 148 150 287
 211 94 93
 97 260 98
 143 30 288
 207 18 289
 290 144 94
 186 264 75
 225 198 217
 92 119 93
 111 133 220
 256 219 233
 41 288 30
 143 190 5
 291 250 251
 146 263 292
 293 292 263
 294 295 296
 294 296 297
 111 197 24
 25 24 197
 208 18 207
 25 200 178
 124 298 65
 125 69 299
 205 86 206
 221 206 86
 208 300 16
 301 302 303
 158 160 304
 305 304 160
 53 222 54
 221 54 222
 209 3 216
 258 247 1
 306 1 247
 138 98 307
 59 151 109
 166 109 151
 56 261 55
 270 308 309
 270 309 271
 265 80 226
 31 226 80
 211 93 62
 101 303 102
 265 280 310
 221 311 54
 168 203 312
 26 23 15
 53 55 254
 276 313 277
 266 314 315
 90 169 269
 81 316 194
 25 197 200
 317 277 318
 43 33 44
 37 46 48
 237 188 251
 6 5 130
 223 319 224
 183 320 284
 10 236 215
 242 284 227
 19 21 188
 256 233 321
 204 150 177
 116 311 117
 161 163 302
 276 16 300
 221 86 117
 223 65 322
 148 287 69
 85 118 117
 323 312 203
 324 303 302
 137 325 133
 232 326 233
 137 233 326
 229 133 325
 56 54 167
 258 1 29
 0 29 1
 73 192 74
 196 70 72
 327 152 151
 99 98 261
 82 164 77
 103 328 145
 183 329 23
 13 23 329
 13 329 198
 217 198 329
 280 330 310
 13 15 23
 179 181 214
 221 117 311
 173 134 88
 208 257 300
 22 164 21
 171 21 164
 168 170 203
 57 109 246
 281 330 280
 323 203 135
 148 273 187
 235 187 273
 324 8 32
 243 331 163
 182 267 289
 293 315 314
 127 332 199
 274 264 333
 334 125 299
 124 335 298
 103 169 328
 211 332 191
 137 134 233
 111 88 133
 305 140 224
 139 224 140
 142 141 153
 97 153 141
 83 84 273
 235 273 84
 211 199 332
 259 336 260
 149 187 131
 290 246 109
 266 289 267
 116 135 203
 10 131 187
 128 130 255
 266 315 207
 205 207 315
 179 129 245
 276 300 313
 128 337 129
 338 300 257
 244 145 328
 182 157 267
 174 218 292
 305 160 339
 81 80 316
 174 292 314
 92 215 119
 186 316 80
 319 304 224
 323 135 340
 54 311 167
 293 87 315
 341 135 118
 205 315 87
 105 203 170
 27 234 12
 228 320 178
 183 178 320
 281 249 248
 242 12 342
 341 165 159
 28 132 91
 189 191 332
 156 267 157
 53 254 271
 42 30 4
 182 289 18
 338 257 222
 63 16 343
 276 343 16
 341 340 135
 293 263 87
 85 160 165
 327 328 169
 127 255 332
 85 87 263
 57 190 58
 300 308 313
 57 246 191
 344 310 330
 63 345 110
 63 343 345
 265 333 264
 194 316 74
 197 72 200
 223 322 333
 274 333 322
 156 331 267
 243 267 331
 38 48 95
 35 218 44
 175 95 48
 174 44 218
 79 14 285
 42 286 214
 179 214 286
 223 333 346
 223 346 319
 49 288 155
 160 263 339
 266 268 314
 301 161 302
 101 301 303
 90 152 169
 327 169 152
 327 347 328
 65 298 322
 69 287 299
 327 348 347
 259 213 212
 143 288 112
 208 206 257
 204 287 150
 266 207 289
 305 224 304
 228 227 320
 284 320 227
 189 332 255
 147 119 215
 208 16 18
 163 331 349
 171 184 40
 344 202 319
 158 319 202
 156 349 331
 225 216 279
 41 350 155
 34 64 66
 67 36 68
 138 307 336
 147 215 236
 52 213 141
 158 304 319
 265 310 333
 259 141 213
 344 319 346
 76 199 210
 50 155 350
 90 91 152
 147 351 120
 89 120 351
 306 279 216
 291 251 352
 39 352 251
 146 339 263
 53 309 222
 338 222 309
 162 240 172
 241 291 352
 353 180 245
 232 297 326
 295 229 325
 116 167 311
 240 45 172
 241 352 47
 81 285 14
 201 239 248
 281 248 239
 39 47 352
 243 172 45
 0 234 29
 41 155 288
 166 185 109
 290 109 185
 142 107 51
 258 354 247
 262 247 354
 49 112 288
 193 231 219
 230 195 220
 79 285 355
 142 356 107
 136 107 356
 282 357 354
 262 354 357
 189 255 130
 270 272 318
 317 318 272
 228 177 150
 49 51 107
 174 314 268
 253 334 358
 335 252 359
 98 260 307
 323 340 360
 39 251 188
 306 216 3
 176 200 72
 186 74 316
 290 94 246
 323 360 357
 201 340 159
 341 159 340
 128 275 337
 235 351 236
 26 15 123
 79 123 15
 334 299 358
 204 358 299
 335 359 298
 274 298 359
 353 337 275
 258 113 354
 282 354 113
 338 309 308
 147 236 351
 22 77 164
 122 144 185
 53 271 309
 242 342 2
 0 2 342
 59 348 151
 327 151 348
 102 303 32
 324 32 303
 338 308 300
 295 325 296
 297 296 326
 173 355 321
 306 249 279
 281 279 249
 353 245 337
 129 337 245
 175 40 184
 336 307 260
 163 349 302
 42 4 286
 6 286 4
 244 328 347
 281 239 330
 146 140 339
 305 339 140
 235 84 351
 306 3 1
 136 347 348
 244 356 153
 324 302 349
 290 185 144
 256 355 285
 344 239 202
 277 313 318
 270 318 313
 182 17 157
 252 75 359
 253 358 71
 173 321 134
 306 247 249
 76 210 77
 146 292 218
 85 165 118
 173 123 355
 79 355 123
 142 153 356
 12 234 342
 89 351 84
 82 77 210
 274 322 298
 204 299 287
 270 313 308
 293 314 292
 344 330 239
 183 283 329
 217 329 283
 59 108 348
 136 348 108
 204 71 358
 274 359 75
 137 296 325
 137 326 296
 341 118 165
 122 121 144
 345 343 278
 282 269 312
 56 104 261
 99 261 104
 324 349 8
 168 312 269
 156 8 349
 201 248 360
 262 360 248
 201 360 340
 256 321 355
 276 278 343
 333 310 346
 244 347 356
 0 342 234
 344 346 310
 136 356 347
 262 357 360
 92 144 121
 282 312 357
 233 134 321
 323 357 312
 0
 0
 0
 0
 0
 10
 76 353 237 20 126 275 180 78 238 181
 0
 0
 8
 7 317 102 277 345 154 110 278
 15
 138 41 259 317 50 212 336 272 214 271 254 350 181 115 114
 0
 0
 0
 0
 0
 0
 0
 0
 0
 0
 0
