367 662
5.221864 8.314909 1
5.194563 8.453780 1
5.103426 8.308444 1
5.039473 8.409187 1
4.843771 7.742307 1
4.766234 7.666049 1
4.942622 7.631082 1
6.324848 6.482803 1
6.340768 6.646847 1
6.250611 6.565264 1
4.821928 7.549235 1
6.025010 7.132655 1
5.983438 7.024341 1
6.124147 7.063564 1
6.063959 6.945081 1
6.336443 7.604251 1
6.425355 7.527565 1
6.428321 7.684815 1
6.523942 7.618282 1
6.434163 6.527350 1
6.244118 7.184323 1
6.266187 7.027318 1
6.347591 7.127566 1
4.711200 8.307444 2
4.741633 8.163024 1
4.860852 8.234040 1
5.725996 8.491804 1
5.840215 8.416333 1
5.846289 8.591111 1
5.982413 8.487105 1
6.144520 8.261088 1
6.017505 8.310702 1
6.014330 8.187575 1
5.899400 8.271502 1
4.835890 8.349513 1
5.996070 7.736128 1
5.958368 7.915096 1
5.865686 7.811341 1
6.362182 7.384542 1
6.409706 7.225019 2
6.497157 7.378639 2
6.686429 8.234365 1
6.638235 8.363351 1
6.535256 8.299313 1
4.595613 8.187726 2
4.511151 8.049745 4
4.657690 8.056572 1
6.296477 6.291746 1
6.178900 6.299035 1
6.199009 6.150740 2
6.567698 8.175380 1
6.515550 7.910473 1
6.624644 7.818213 1
6.686428 7.967595 2
6.462371 6.286243 1
6.550437 6.430156 1
6.375656 6.392724 1
5.838173 7.692947 1
6.646036 8.522911 1
6.661362 8.674201 1
6.551526 8.651682 1
5.571858 7.994799 1
5.702821 7.933967 1
5.684880 8.078018 1
5.326624 8.394687 1
5.455002 8.323562 1
5.448535 8.493784 1
6.126753 7.757062 1
6.265494 7.724443 1
6.192368 7.834031 1
6.522646 8.522436 1
5.281036 8.087737 1
5.183760 7.973964 1
5.325183 7.953028 1
5.229473 7.854873 1
5.602718 6.699167 1
5.685526 6.823863 1
5.533053 6.801820 1
5.786549 8.751596 1
5.831116 8.859455 1
5.704263 8.908795 1
6.232662 6.425375 1
5.667077 8.750273 1
6.036715 7.571488 1
6.139481 7.641781 1
4.928938 8.408052 1
4.815514 8.530622 2
6.090784 7.860630 1
6.572844 8.041079 1
5.317335 8.524278 1
5.448219 6.482357 2
5.550116 6.335684 2
5.598416 6.473492 1
5.385935 6.762380 1
5.444646 6.913848 1
5.214862 8.622054 1
5.107150 8.727748 2
5.044873 8.595980 2
5.285058 6.963790 1
5.303810 6.851843 1
5.664499 7.207910 1
5.646004 7.361714 1
5.534051 7.227073 1
5.494450 7.360512 1
5.205322 6.783471 2
5.330009 6.659079 2
5.704483 6.374544 1
5.840853 8.968827 1
6.024354 9.014854 2
5.875474 9.096663 2
5.749829 6.701849 1
6.086353 6.241210 2
4.813176 7.911351 1
4.948983 7.864202 1
5.951161 8.879012 1
6.713991 8.770042 2
6.679886 8.911281 2
6.559259 8.790221 1
6.290893 6.904168 1
6.397560 6.995712 1
6.405883 6.864030 1
5.928920 7.612831 1
5.534955 8.410294 1
5.040743 7.991185 1
5.087064 7.877637 1
6.750058 7.850803 2
6.348769 6.192240 1
5.635381 6.053502 3
5.708464 6.179259 1
5.580335 6.184878 2
5.724779 7.792501 1
5.813758 7.908040 1
5.087629 7.126500 2
5.238856 7.112688 1
5.122115 7.262406 1
5.279744 7.252313 1
5.914955 8.744390 1
4.834458 7.281233 2
4.974308 7.230979 2
4.991446 7.348893 1
5.115304 7.631296 1
5.248849 7.594256 1
5.241812 7.726308 1
4.973298 8.502631 2
5.830169 8.029728 1
4.743224 8.436479 2
4.900292 7.423846 1
5.125394 7.766198 1
6.098043 7.995399 1
5.970793 8.053564 1
5.374543 7.049115 1
5.942912 7.503657 1
5.844851 7.405440 1
5.952569 7.343401 1
5.568016 7.505361 1
5.421016 7.473299 1
5.663185 8.228879 1
5.791213 8.162083 1
4.711037 7.794382 1
6.175334 6.712549 1
5.956855 8.621002 1
5.582434 7.111613 1
5.730698 7.082888 1
6.036983 7.427572 1
4.971705 8.284924 1
4.976001 8.131276 1
5.722375 7.494719 1
5.690073 7.627812 1
5.553058 7.626899 1
5.878323 6.748794 1
6.016706 6.747408 1
5.954902 6.877563 1
5.848434 6.998054 1
5.808165 6.849018 1
6.095220 6.845009 1
5.725727 6.942658 1
6.155670 9.054038 2
6.189645 8.950685 1
6.099037 8.875254 1
5.768535 6.088666 2
6.317267 6.096814 2
6.551444 8.971073 2
6.415514 8.787515 1
6.440328 8.675400 1
6.111039 8.111499 1
5.989936 6.513116 1
6.079998 6.386104 1
6.131536 6.546044 1
6.396385 8.457839 1
6.343915 8.611896 1
6.266117 8.525078 1
5.592066 7.860765 1
5.601561 9.025578 1
5.607803 9.159656 3
5.467297 9.110331 2
5.072101 8.187603 1
5.946052 6.642387 1
6.460231 6.637274 1
5.305802 8.228199 1
4.672927 7.475581 2
4.707977 7.588343 1
4.576108 7.607667 2
5.097023 7.394842 1
6.308508 6.782358 1
4.951414 7.741698 1
5.019200 7.792492 1
5.102235 8.506653 1
6.387387 8.152041 1
6.332718 8.297338 1
6.266655 8.219926 1
6.453265 8.234514 1
6.475371 8.127416 1
5.720436 8.623577 1
5.606541 8.533944 1
5.626664 7.003680 1
5.425395 8.066589 1
5.626382 8.655936 1
4.502781 7.876628 2
4.597871 7.963859 1
5.180929 8.201887 1
5.401987 8.855069 1
5.474401 8.974982 2
5.316194 8.940395 2
4.770649 7.392766 2
6.225852 8.136789 1
6.304467 8.089989 1
5.160952 8.874516 2
5.284117 8.831192 1
6.443992 8.575473 1
6.430508 8.018143 1
5.447165 8.199057 1
4.900376 8.008267 1
5.368001 7.803230 1
6.303124 8.424181 1
5.342384 7.156353 1
6.232851 8.354238 1
6.092814 8.423142 1
6.677935 6.532219 2
6.720660 6.397946 2
5.554943 8.137086 1
5.906887 8.149755 1
6.158843 7.484761 1
6.214417 7.341128 1
6.287699 7.489812 1
6.065762 6.644947 1
6.488848 6.925975 2
5.281466 7.474548 1
5.354449 7.365193 1
6.297576 8.948071 1
6.219924 8.820246 1
6.754989 8.622025 2
6.618821 6.336739 2
5.020481 7.500053 1
4.783399 8.029253 1
5.519876 8.638554 1
5.384756 8.631455 1
5.327545 8.743096 1
6.138964 8.533108 1
6.067565 8.626242 1
5.720968 9.035899 2
6.448305 6.119336 2
6.586689 6.236336 3
6.552126 6.569087 1
6.538285 6.701602 1
6.654490 6.668553 2
6.628255 6.795046 2
5.884179 7.129126 1
6.233740 7.586770 1
6.203375 6.835410 1
5.449233 7.590049 1
6.395429 7.818680 1
6.379520 7.921695 1
5.480383 8.766965 1
4.921330 7.526054 1
5.774346 8.272356 1
6.173964 6.936758 1
4.852577 8.123547 1
6.311791 7.282618 1
6.336432 8.839258 1
5.778982 7.195742 1
5.513087 7.016447 1
5.599947 6.895392 1
6.124454 7.204599 1
6.780162 8.311740 2
6.070055 7.308872 1
5.215215 8.747265 1
6.730762 8.424308 2
6.008992 8.708517 1
6.106747 8.749391 1
6.201482 8.650692 1
5.209591 7.373124 1
5.830730 7.559935 1
5.775057 6.563979 1
5.705297 6.482441 1
5.842587 6.430380 1
6.324863 8.732353 1
5.576140 8.729132 1
5.713191 8.365657 1
6.441116 8.889874 1
6.398485 9.020336 2
5.493474 7.799499 1
5.460635 7.695292 1
5.590402 8.831272 1
6.542108 7.522443 2
5.533744 6.581156 1
6.265505 9.053463 2
5.462663 7.912985 1
5.124939 8.088936 1
5.983962 7.228858 1
5.778348 6.292717 1
5.895851 6.288805 1
5.344021 7.672044 1
6.494907 7.791564 1
5.958299 8.386499 1
5.154410 7.012564 2
5.348897 7.561344 1
5.864811 7.265457 1
5.756623 7.304313 1
5.648269 6.275876 1
6.706133 7.730347 2
6.841384 7.754109 3
6.205282 8.463008 1
4.667230 7.685610 1
4.584562 7.758676 2
4.614072 7.870597 1
5.881123 6.555159 1
6.532987 8.414411 1
5.477098 6.708196 1
5.028214 7.709449 1
6.303704 7.978455 1
5.436562 6.612066 1
6.019511 8.795521 1
5.544349 8.245235 1
5.585395 7.733250 1
5.960152 6.379493 1
6.122543 7.390570 1
5.162119 7.494687 1
6.571133 7.724998 1
6.654553 7.582757 2
6.690825 8.109853 1
5.743260 7.394180 1
6.427768 6.742944 1
5.345887 6.568316 2
5.402276 7.244334 1
6.789530 8.518266 2
5.846077 6.642434 1
5.994973 6.290595 1
5.957688 6.180433 2
5.450286 7.125034 1
6.422322 8.355339 1
6.512930 6.825555 2
5.591185 8.333581 1
5.363317 8.144968 1
6.289138 7.868203 1
6.800545 8.175446 2
6.806640 8.055938 2
5.204967 6.904642 2
5.660082 6.583299 1
4.698055 7.935896 1
5.581451 8.925284 1
5.636427 8.427858 1
5.508369 8.877736 1
6.198315 7.931916 1
5.837869 6.177964 2
6.533076 7.023215 2
6.465974 7.128116 2
6.212695 8.034580 1
 0 1 2
 2 1 3
 4 5 6
 7 8 9
 5 10 6
 11 12 13
 12 14 13
 15 16 17
 17 16 18
 19 8 7
 20 21 22
 20 13 21
 23 24 25
 26 27 28
 29 28 27
 30 31 32
 33 32 31
 34 23 25
 35 36 37
 38 39 40
 41 42 43
 44 45 46
 47 48 49
 41 43 50
 51 52 53
 54 55 56
 19 56 55
 35 37 57
 58 59 60
 61 62 63
 64 65 66
 67 68 69
 58 60 70
 71 72 73
 74 73 72
 64 1 0
 75 76 77
 78 79 80
 81 47 56
 82 78 80
 35 83 84
 34 85 86
 35 87 36
 88 51 53
 64 89 1
 90 91 92
 93 77 94
 95 96 97
 98 99 94
 93 94 99
 100 101 102
 103 102 101
 93 104 105
 106 92 91
 107 108 109
 75 110 76
 84 68 67
 111 49 48
 112 4 113
 107 114 108
 115 116 117
 21 118 119
 120 119 118
 35 121 83
 122 66 65
 123 113 124
 125 53 52
 47 49 126
 127 128 129
 130 57 37
 130 131 62
 132 133 134
 135 134 133
 130 37 131
 78 28 136
 137 138 139
 140 141 142
 86 85 143
 144 63 62
 115 117 59
 95 1 89
 34 86 145
 137 139 146
 140 142 147
 148 149 36
 98 94 150
 151 152 153
 93 99 104
 103 154 155
 156 63 157
 112 158 4
 159 9 8
 28 160 136
 44 46 24
 100 161 162
 54 56 47
 151 153 163
 164 25 165
 166 167 154
 168 154 167
 132 134 138
 64 66 89
 169 170 171
 81 48 47
 172 173 171
 14 171 174
 170 174 171
 130 167 57
 172 175 173
 176 108 177
 169 173 110
 178 177 108
 127 179 128
 76 110 173
 60 59 117
 180 126 49
 181 117 116
 103 101 154
 182 183 117
 60 117 183
 148 184 149
 185 186 187
 81 187 186
 188 189 190
 54 47 126
 61 191 62
 192 193 194
 138 134 139
 195 164 165
 32 149 184
 144 131 36
 144 36 149
 169 196 170
 19 197 8
 35 67 87
 148 36 87
 64 0 198
 30 32 184
 199 200 201
 35 57 121
 202 139 134
 21 119 22
 98 150 133
 159 8 203
 4 204 113
 205 124 113
 95 97 206
 207 208 209
 50 210 211
 212 213 26
 214 162 161
 71 73 215
 216 213 212
 207 210 208
 45 217 218
 64 198 65
 0 2 219
 2 195 219
 220 221 222
 10 223 146
 224 225 209
 226 227 222
 188 228 189
 88 229 51
 159 174 170
 230 65 198
 123 231 113
 74 232 73
 188 190 233
 225 207 209
 35 84 67
 133 150 234
 30 235 236
 237 55 238
 156 239 63
 33 240 32
 241 242 243
 38 243 242
 207 211 210
 185 244 196
 120 245 119
 30 236 31
 246 247 155
 103 155 247
 248 177 249
 185 187 244
 26 28 212
 58 250 59
 54 251 55
 146 139 252
 46 253 24
 30 184 224
 254 213 216
 95 255 256
 95 89 255
 257 258 29
 236 257 29
 78 212 28
 192 259 193
 178 249 177
 54 260 261
 10 199 223
 237 262 55
 19 55 262
 263 264 265
 202 252 139
 178 108 114
 144 157 63
 107 109 259
 172 266 162
 84 267 68
 159 268 174
 168 269 154
 155 154 269
 270 51 271
 220 256 272
 10 146 273
 156 157 274
 14 275 13
 95 206 1
 276 24 253
 277 20 22
 39 277 22
 248 249 278
 162 266 279
 214 280 281
 20 242 282
 81 56 7
 41 283 42
 29 160 28
 30 224 209
 284 282 242
 241 84 83
 226 96 285
 94 281 280
 220 227 256
 159 187 9
 256 255 272
 241 267 84
 33 27 274
 78 82 212
 254 272 255
 42 283 286
 287 258 288
 289 288 258
 246 290 247
 135 247 290
 192 194 221
 57 167 291
 287 136 160
 159 170 244
 292 293 294
 289 189 295
 254 216 296
 4 6 204
 26 297 27
 140 6 252
 43 210 50
 289 190 189
 46 45 218
 216 212 82
 248 298 299
 61 63 239
 60 228 70
 300 232 301
 106 293 92
 302 82 80
 137 146 223
 60 183 228
 38 277 39
 303 18 16
 90 92 304
 166 154 101
 51 229 271
 178 288 249
 289 249 288
 248 299 305
 54 261 251
 300 306 232
 159 203 268
 123 307 165
 11 282 308
 106 294 293
 106 309 294
 310 294 309
 311 301 232
 289 295 249
 166 291 167
 270 312 51
 29 27 313
 44 24 23
 98 133 314
 73 232 306
 207 225 229
 276 165 25
 95 256 285
 73 306 215
 61 215 306
 246 155 315
 15 17 68
 270 68 17
 36 131 37
 316 152 317
 106 91 318
 181 298 117
 123 165 231
 205 113 204
 125 319 320
 132 314 133
 172 162 175
 214 175 162
 321 236 235
 322 158 323
 324 323 158
 3 1 206
 81 9 187
 130 62 191
 91 129 318
 292 294 325
 226 285 227
 33 313 27
 27 297 274
 58 70 326
 58 326 42
 3 206 143
 97 143 206
 284 308 282
 14 12 171
 324 218 217
 93 327 77
 248 278 298
 322 323 201
 4 158 5
 166 152 291
 151 291 152
 15 68 267
 140 328 6
 34 145 23
 329 229 225
 330 327 105
 327 93 105
 178 114 331
 61 306 191
 90 304 330
 10 273 6
 182 117 298
 144 62 131
 76 175 281
 214 281 175
 107 79 114
 10 200 199
 185 325 294
 276 25 24
 156 332 239
 172 171 12
 207 229 211
 130 333 167
 168 167 333
 303 16 40
 38 40 16
 95 285 96
 185 294 334
 236 29 313
 31 236 313
 310 334 294
 241 335 242
 135 133 234
 33 31 313
 55 251 238
 188 326 70
 322 5 158
 74 72 124
 123 124 72
 181 299 298
 246 141 336
 71 307 72
 100 102 161
 316 153 152
 337 338 319
 41 50 339
 88 339 50
 100 317 101
 94 77 281
 195 165 307
 144 240 157
 107 80 79
 0 219 198
 20 277 242
 71 219 307
 146 252 273
 202 134 290
 135 290 134
 11 13 282
 38 242 277
 166 101 340
 170 196 244
 284 242 335
 61 239 215
 230 215 239
 144 149 240
 324 217 323
 140 336 141
 322 201 200
 120 203 341
 90 330 342
 169 171 173
 172 12 266
 11 266 12
 254 255 66
 103 343 102
 103 247 343
 54 126 260
 185 196 325
 166 340 152
 58 344 250
 311 142 141
 241 83 163
 151 163 83
 8 341 203
 205 147 124
 74 124 147
 169 110 345
 111 346 347
 71 198 219
 89 66 255
 21 13 275
 348 102 343
 188 349 326
 115 59 250
 74 147 142
 169 345 196
 135 343 247
 111 186 346
 276 231 165
 276 253 231
 112 231 253
 263 265 350
 57 291 121
 151 121 291
 202 336 252
 195 2 164
 34 25 164
 75 327 304
 122 65 351
 152 340 317
 128 318 129
 185 334 186
 3 85 164
 246 336 290
 330 304 327
 15 243 16
 75 77 327
 65 332 351
 140 147 328
 348 234 150
 76 281 77
 38 16 243
 156 274 297
 81 186 48
 254 66 213
 88 211 229
 256 227 285
 140 252 336
 3 164 2
 202 290 336
 111 48 186
 74 142 232
 71 215 352
 303 338 18
 34 164 85
 337 18 338
 107 259 80
 329 271 229
 284 163 153
 69 68 353
 270 353 68
 41 339 354
 355 354 339
 159 244 187
 300 191 306
 112 113 231
 76 173 175
 355 339 53
 98 314 356
 254 296 272
 69 87 67
 237 264 262
 33 157 240
 151 83 121
 263 262 264
 263 197 262
 19 262 197
 20 282 13
 122 213 66
 71 352 198
 230 198 352
 43 42 326
 29 258 160
 205 328 147
 311 232 142
 321 233 190
 32 240 149
 208 349 233
 88 53 339
 81 7 9
 230 239 332
 292 345 110
 186 334 346
 100 162 279
 300 301 333
 168 333 301
 75 357 110
 292 110 357
 182 295 183
 189 183 295
 33 274 157
 112 253 358
 46 358 253
 19 7 56
 214 161 280
 192 80 259
 188 70 228
 6 273 252
 88 50 211
 135 234 343
 3 143 85
 302 80 359
 192 359 80
 122 360 213
 26 213 360
 58 42 286
 337 319 52
 241 243 267
 130 191 333
 300 333 191
 348 161 102
 112 358 158
 324 158 358
 125 52 319
 316 279 266
 114 136 331
 287 331 136
 156 297 351
 120 350 245
 51 312 52
 337 52 312
 123 72 307
 220 272 361
 302 361 272
 220 222 227
 120 341 350
 106 318 309
 128 309 318
 192 221 359
 104 99 356
 98 356 99
 182 298 278
 148 87 362
 69 362 87
 180 260 126
 337 17 18
 310 363 347
 26 360 297
 263 350 341
 188 233 349
 310 309 363
 128 363 309
 284 335 163
 284 153 308
 337 312 17
 270 17 312
 311 269 301
 182 278 295
 249 295 278
 316 308 153
 289 258 257
 15 267 243
 196 345 325
 41 354 283
 287 160 258
 246 315 141
 311 141 315
 311 315 269
 268 118 275
 21 275 118
 316 266 308
 11 308 266
 230 352 215
 302 272 296
 241 163 335
 195 307 219
 220 361 221
 329 362 353
 43 326 349
 176 177 305
 248 305 177
 321 257 236
 100 279 317
 178 331 288
 119 364 365
 39 22 365
 348 343 234
 310 347 346
 287 288 331
 263 341 197
 75 304 357
 92 357 304
 69 353 362
 10 5 200
 8 197 341
 316 317 279
 268 203 118
 120 118 203
 128 179 363
 114 79 136
 78 136 79
 329 353 271
 230 332 65
 119 365 22
 208 233 235
 119 245 364
 310 346 334
 30 209 235
 208 235 209
 148 366 184
 224 184 366
 292 325 345
 189 228 183
 101 317 340
 348 280 161
 46 218 358
 324 358 218
 268 275 174
 14 174 275
 348 150 280
 221 361 359
 292 357 293
 92 293 357
 330 105 342
 270 271 353
 168 301 269
 58 286 344
 321 190 257
 289 257 190
 148 362 366
 329 366 362
 208 210 349
 94 280 150
 224 366 225
 329 225 366
 297 360 351
 216 82 296
 302 296 82
 43 349 210
 155 269 315
 322 200 5
 156 351 332
 302 359 361
 205 204 328
 6 328 204
 321 235 233
 122 351 360
 0
 18
 137 127 132 90 104 138 91 45 199 129 201 314 217 323 223 105 356 342
 19
 125 115 181 355 176 320 250 108 116 299 193 109 53 354 283 344 305 259 286
 16
 303 237 39 320 338 40 319 238 350 261 265 264 364 245 251 365
 0
 0
 0
 0
 13
 226 44 86 97 194 45 96 23 193 143 221 145 222
 1
 45
 0
 0
 0
 0
 0
 9
 180 111 127 49 260 347 261 363 179
 0
 0
 0
 0
 0
