368 660
5.257092 4.951127 1
5.213462 4.793371 1
5.330429 4.858052 1
6.515219 5.280851 1
6.635678 5.241629 1
6.685428 5.362820 1
5.151765 4.907310 1
6.546347 5.390184 1
5.017903 4.996035 1
4.890870 5.132880 2
4.847394 4.979242 2
6.849532 3.776139 1
6.800718 3.652420 1
6.911029 3.660890 1
6.810746 4.185935 2
6.771570 4.326343 2
6.666837 4.183290 1
4.970822 4.493345 2
5.151458 4.531467 1
5.054547 4.627533 1
6.642293 4.299617 1
6.070206 3.682619 1
6.214737 3.731762 1
6.058446 3.837669 1
6.213589 3.874769 1
5.782885 4.915845 1
5.654538 5.009116 1
5.613523 4.876764 1
5.510816 4.964171 1
5.056756 4.851300 1
5.088861 4.732314 1
5.222429 5.423650 2
5.284202 5.287165 1
5.358247 5.399813 1
5.103247 4.421588 1
6.577372 6.121279 1
6.721230 6.140491 2
6.586689 6.236336 3
4.741090 4.800401 2
4.777213 4.665328 2
4.865252 4.762175 1
6.690095 3.368343 1
6.610770 3.517084 1
6.571198 3.370148 1
6.771995 3.451471 1
5.977030 3.962249 1
5.876711 3.891672 1
6.850639 5.821062 1
6.764899 5.732218 1
6.949240 5.690904 2
6.124452 5.399304 1
6.250869 5.309196 1
6.212828 5.480120 1
6.765488 4.794387 1
6.921344 4.852563 2
6.792965 4.944991 2
6.197004 5.609816 1
6.292776 5.740302 1
6.176824 5.767386 1
5.957494 3.764695 1
5.345166 4.081958 1
5.223313 4.165204 2
5.225334 4.010153 2
6.807890 5.608046 1
5.281844 5.563485 2
6.506629 3.889209 1
6.371160 3.918404 1
6.453152 3.767231 1
5.458508 4.842330 1
6.324090 5.449898 1
6.967904 3.287072 1
7.032102 3.373044 1
6.923911 3.405792 1
7.020362 3.486349 2
6.206203 4.558007 1
6.139965 4.456416 1
6.238244 4.398286 1
6.365672 4.825902 1
6.262121 4.844088 1
6.236480 4.716629 1
6.318694 4.601766 1
6.332431 4.471969 1
6.436944 4.559677 1
5.427352 5.250156 1
5.711236 4.758887 1
6.458292 4.860746 1
6.561650 4.911911 1
6.449646 4.988196 1
6.348578 6.008866 1
6.448305 6.119336 2
6.317267 6.096814 2
6.733642 3.740400 1
5.589419 4.442449 1
5.690715 4.356841 1
5.711939 4.496269 1
6.747306 3.560399 1
6.880623 3.544763 1
5.812953 4.400337 1
6.420067 5.386676 1
6.411714 5.261772 1
6.764845 5.204879 2
6.863762 5.336168 2
6.824794 5.472210 1
6.712580 3.932482 1
6.708884 4.073019 1
6.595653 3.964163 1
6.315060 3.798978 1
7.007150 3.739095 2
6.403944 4.719996 1
5.944004 4.749156 1
5.838029 4.800569 1
5.821872 4.670084 1
6.529588 5.553187 1
6.684817 5.529173 1
6.574519 5.663994 1
6.690910 5.668113 1
5.892580 6.036529 1
5.829604 5.902960 1
5.930879 5.901834 1
6.136762 4.092844 1
6.245292 4.146565 1
6.110779 4.221756 1
6.244764 4.271516 1
5.546039 4.041147 1
5.645875 3.954549 1
5.657291 4.098102 1
5.915690 4.628152 1
6.740088 4.479023 1
6.844259 4.575675 1
6.694670 4.607204 1
5.452739 5.522282 1
6.541129 5.048256 1
5.566566 4.755843 1
6.584668 4.109902 1
6.438160 5.975036 1
6.621573 3.804765 1
6.669802 3.646270 1
4.928779 4.868985 1
5.479351 5.804839 2
5.619124 5.899089 1
5.482297 5.971089 2
5.635381 6.053502 3
5.938301 3.649847 2
6.056940 3.532387 2
6.560232 3.675211 1
6.687865 4.905247 1
6.726094 5.043987 1
6.631585 5.002763 1
6.978658 5.457349 2
6.311346 5.599753 1
6.330822 5.175495 1
6.223165 5.123343 1
6.127608 5.195673 1
6.631111 6.026497 1
5.162831 5.003466 1
6.631879 4.698171 1
6.770990 4.672834 1
5.740473 5.837762 1
5.763447 5.978761 1
6.635351 4.809585 1
5.396432 5.675292 2
6.011650 5.978821 1
6.076811 4.962896 1
6.038838 5.092997 1
5.911179 5.023998 1
5.523358 5.669412 1
5.322007 5.177429 1
6.840518 4.024195 2
6.822093 3.892826 1
6.958953 3.898711 2
5.489552 4.544328 1
5.448073 4.418504 1
5.156132 5.318573 2
6.638291 5.119759 1
5.669859 5.435611 1
5.576156 5.295096 1
5.721006 5.298769 1
5.930738 4.904496 1
6.506563 4.665459 1
6.012780 4.101611 1
5.754136 3.997911 1
5.877999 4.044163 1
6.848817 5.063982 2
6.553434 3.253668 1
6.429959 3.207061 2
6.551127 3.130996 2
5.577623 5.550125 1
6.485501 4.018254 1
6.366496 4.075804 1
5.804010 5.401198 1
6.734489 6.014736 1
4.932013 4.647442 1
6.339557 4.936695 1
6.692377 3.259622 1
6.815573 3.308843 1
6.110510 5.681526 1
5.020781 5.135246 1
5.535244 3.911534 2
5.986840 4.235795 1
6.207385 3.602029 1
5.666567 5.153465 1
5.531351 5.169324 1
5.788845 5.072317 1
4.886099 5.298410 2
4.979389 5.225710 1
5.810320 5.634842 1
5.925596 5.599349 1
5.888014 5.768173 1
5.654665 4.222553 1
5.793844 4.270030 1
6.001570 5.691066 1
6.202116 5.874313 1
6.049241 5.823913 1
5.733994 5.716205 1
5.693315 5.570797 1
6.425797 5.666373 1
6.748885 3.832602 1
6.107842 5.934070 1
6.644121 4.409723 1
5.611839 4.572730 1
5.748894 3.857811 1
6.408441 5.539903 1
6.460124 3.478721 1
5.608884 5.769507 1
6.062716 5.543975 1
6.086353 6.241210 2
6.045297 6.091761 1
6.199009 6.150740 2
7.010106 4.599801 2
6.900465 4.703477 1
6.015033 4.338188 1
6.133647 4.350860 1
6.042073 4.442723 1
5.126162 5.097726 1
5.957688 6.180433 2
5.353764 4.366374 1
5.331782 4.453492 1
5.237947 4.414595 1
6.103865 3.968939 1
6.455020 3.605576 1
6.618520 5.443135 1
5.261233 5.065129 1
5.372214 4.965160 1
5.429159 5.090853 1
6.091345 5.299238 1
6.177589 3.490413 1
5.292158 4.288077 1
6.922052 5.560655 1
5.770917 4.139910 1
5.545734 5.434110 1
5.721786 4.621486 1
5.838165 4.542286 1
6.248830 4.009155 1
4.982566 4.748600 1
6.330319 3.680072 1
6.346057 3.572299 1
6.348061 3.445958 1
6.236439 5.984707 1
6.177315 4.920896 1
6.246135 5.013011 1
5.466787 5.362625 1
5.353297 4.189147 1
5.444251 4.126675 1
5.430542 4.274333 1
5.549659 4.177384 1
6.552555 5.914373 1
6.448441 5.864358 1
6.516156 5.774285 1
6.634635 4.507141 1
5.622384 5.656478 1
6.643902 5.788945 1
5.461146 4.733736 1
5.021509 4.346021 2
6.441395 4.412462 1
6.839843 4.438451 1
6.122160 4.639272 1
5.557873 5.064461 1
5.843804 3.761670 1
5.809717 3.636134 2
7.147572 3.390509 2
7.009689 4.730780 2
6.332316 5.886735 1
4.867213 4.558381 2
6.130311 4.813898 1
6.886796 5.934924 1
6.972481 5.823722 2
5.155808 4.309731 2
6.125888 3.393376 1
6.066569 3.266784 3
6.220135 3.313431 2
6.530414 5.177039 1
6.432092 5.129369 1
5.373848 4.542871 1
6.557072 4.237191 1
6.475811 4.160089 1
4.818504 4.870011 1
5.791789 5.519647 1
7.006169 5.945679 2
5.889726 4.184255 1
5.911627 5.479372 1
6.403038 5.775277 1
5.768535 6.088666 2
6.999979 3.608918 2
7.019033 5.579883 2
6.527028 6.032881 1
6.746459 5.836737 1
6.783448 5.935107 1
6.681101 5.925217 1
5.089581 5.223879 1
5.208089 5.193843 1
5.923215 5.140003 1
5.802876 5.196856 1
5.904289 4.310095 1
6.923322 4.490115 2
6.897636 3.204002 2
7.052512 3.196591 3
6.134613 6.033668 1
5.175752 4.646007 1
5.560513 4.315344 1
6.010065 5.411418 1
5.018191 5.345380 2
6.568055 4.580277 1
5.627614 4.668246 1
6.036800 4.862010 1
6.542387 4.470530 1
5.821927 5.301469 1
6.784701 3.180450 2
6.143450 5.044470 1
5.298054 4.647369 1
4.725826 4.925068 2
6.655578 3.156748 2
6.075419 4.729247 1
6.504592 5.462617 1
5.359335 4.752727 1
6.013796 3.411810 2
6.354817 4.210866 1
6.080802 4.545942 1
6.451737 3.351694 1
5.440802 3.996083 1
5.425378 3.879509 2
6.527680 4.768586 1
6.336903 5.061018 1
6.950093 6.061373 2
5.729296 3.741757 2
6.453289 4.285913 1
6.839781 6.036135 2
6.268794 3.508210 1
5.263251 4.540002 1
5.987270 5.305165 1
5.907853 5.249306 1
5.633647 3.820791 2
6.933664 4.371037 2
5.906826 5.361221 1
7.052244 6.037927 3
5.332923 3.944551 2
5.962838 4.537652 1
6.332080 3.337939 2
6.240714 3.415223 1
6.345994 4.337882 1
6.011571 4.641583 1
7.083027 3.295975 2
5.837869 6.177964 2
5.927338 4.431966 1
6.015219 5.208495 1
6.546760 4.352573 1
5.413896 4.651574 1
5.527368 4.655096 1
4.620383 4.846562 3
 0 1 2
 3 4 5
 6 1 0
 7 3 5
 8 9 10
 11 12 13
 14 15 16
 17 18 19
 20 16 15
 21 22 23
 24 23 22
 25 26 27
 28 27 26
 1 29 30
 31 32 33
 17 34 18
 6 29 1
 35 36 37
 38 39 40
 41 42 43
 41 44 42
 45 46 23
 47 48 49
 50 51 52
 53 54 55
 56 57 58
 23 46 59
 60 61 62
 48 63 49
 31 33 64
 65 66 67
 28 68 27
 69 52 51
 70 71 72
 73 72 71
 74 75 76
 77 78 79
 80 81 82
 81 74 76
 80 74 81
 83 33 32
 25 27 84
 85 86 87
 88 89 90
 11 91 12
 92 93 94
 95 44 96
 97 94 93
 69 51 98
 51 99 98
 100 101 5
 102 5 101
 72 96 44
 103 104 105
 66 106 67
 11 13 107
 108 77 79
 109 110 111
 112 113 114
 113 115 114
 95 96 12
 116 117 118
 119 120 121
 122 121 120
 123 124 125
 109 111 126
 127 128 129
 130 64 33
 102 113 5
 87 86 131
 27 68 132
 133 105 104
 134 89 88
 91 135 136
 8 10 137
 138 139 140
 141 140 139
 21 142 143
 136 135 144
 145 146 147
 55 146 145
 102 101 148
 56 149 57
 150 51 151
 152 151 51
 35 153 36
 53 55 145
 8 6 154
 53 155 156
 144 135 67
 25 84 110
 150 99 51
 73 96 72
 157 158 139
 141 139 158
 53 159 155
 129 156 155
 130 160 64
 116 118 161
 162 163 164
 130 165 160
 83 32 166
 167 168 169
 92 170 171
 31 172 32
 100 4 173
 174 175 176
 162 164 177
 178 108 82
 80 82 108
 119 121 179
 180 46 181
 103 167 104
 95 42 44
 55 182 146
 183 184 185
 130 186 165
 100 173 146
 115 113 63
 102 63 113
 8 29 6
 65 187 66
 188 66 187
 174 176 189
 190 36 153
 116 158 117
 17 19 191
 85 87 192
 80 108 79
 183 193 43
 70 72 194
 56 58 195
 65 67 135
 8 196 9
 41 194 44
 123 197 124
 121 198 179
 21 143 199
 200 175 201
 83 201 175
 200 26 202
 25 202 26
 203 9 204
 205 206 207
 208 209 93
 210 207 206
 58 211 212
 205 213 214
 215 112 114
 13 12 96
 11 216 91
 217 212 211
 53 145 159
 20 15 218
 92 219 170
 180 125 124
 180 220 46
 215 221 112
 222 43 42
 157 139 223
 25 177 164
 127 218 15
 50 52 224
 56 224 52
 225 226 227
 228 229 128
 53 229 54
 230 231 232
 8 154 233
 225 234 226
 35 37 89
 235 236 237
 24 238 23
 45 23 238
 222 42 239
 144 239 42
 109 177 110
 7 5 240
 241 242 243
 50 244 51
 143 245 199
 25 164 202
 41 43 193
 72 44 194
 246 235 237
 102 148 247
 83 166 243
 208 248 209
 174 249 175
 111 250 251
 69 149 52
 24 66 252
 94 251 250
 40 191 253
 144 67 239
 254 239 67
 100 5 4
 210 224 195
 116 161 226
 222 255 256
 222 239 255
 90 227 257
 83 243 201
 157 223 213
 152 51 244
 21 23 59
 258 78 192
 259 258 192
 130 33 260
 261 262 263
 254 22 199
 262 264 263
 24 252 238
 40 253 137
 265 266 267
 188 252 66
 127 129 268
 41 193 194
 269 214 213
 215 114 267
 265 267 270
 25 110 177
 8 137 29
 174 186 249
 254 199 255
 49 63 247
 102 247 63
 271 132 68
 119 238 252
 17 272 34
 14 104 167
 210 212 207
 118 207 212
 103 168 167
 92 94 219
 81 273 82
 127 274 128
 210 206 224
 28 243 242
 40 39 191
 265 134 266
 80 79 74
 275 74 79
 56 195 224
 200 276 26
 58 212 195
 83 175 260
 277 278 142
 116 226 234
 217 161 212
 118 212 161
 205 207 213
 119 179 238
 45 238 179
 5 113 240
 230 121 231
 75 232 231
 130 260 249
 73 71 279
 54 229 280
 281 211 57
 157 213 207
 58 57 211
 17 191 282
 28 276 243
 78 283 79
 284 47 285
 286 61 246
 287 288 289
 290 99 291
 277 59 46
 208 264 125
 147 131 86
 21 59 142
 170 292 171
 133 293 294
 123 125 264
 137 10 295
 97 93 209
 133 16 293
 174 214 186
 205 214 296
 200 201 276
 150 291 99
 284 285 297
 129 128 156
 298 181 179
 299 206 296
 205 296 206
 69 221 149
 215 267 300
 241 243 166
 141 158 301
 40 137 295
 210 195 212
 200 176 175
 97 251 94
 286 246 237
 13 302 107
 148 303 247
 134 304 89
 11 169 168
 299 224 206
 188 187 294
 133 294 187
 305 47 306
 265 270 307
 284 306 47
 281 266 134
 45 179 181
 24 106 66
 308 309 172
 94 250 219
 60 261 61
 310 311 202
 298 198 312
 228 128 313
 70 314 315
 32 172 309
 227 316 257
 11 107 169
 290 3 99
 310 164 163
 30 317 1
 111 251 126
 138 160 165
 263 318 171
 298 312 209
 299 319 224
 50 224 319
 308 172 320
 129 155 321
 322 219 250
 236 171 292
 112 240 113
 254 67 106
 162 177 323
 324 82 273
 298 248 181
 283 258 323
 109 323 177
 265 304 134
 100 146 182
 92 171 318
 323 258 162
 281 134 88
 191 19 253
 30 253 19
 325 189 176
 45 181 46
 138 223 139
 56 52 149
 128 274 313
 83 260 33
 326 194 193
 115 63 48
 180 181 248
 78 258 283
 69 98 221
 152 163 327
 119 252 120
 188 120 252
 298 209 248
 175 249 260
 328 1 317
 228 280 229
 329 295 10
 183 330 193
 152 327 151
 215 57 149
 286 34 272
 53 156 229
 128 229 156
 283 331 79
 221 98 332
 328 333 1
 2 1 333
 65 135 105
 103 105 135
 241 0 242
 298 179 198
 85 192 77
 95 136 42
 144 42 136
 287 143 334
 157 117 158
 310 202 164
 322 84 132
 287 245 143
 188 294 335
 263 264 318
 75 74 336
 183 43 337
 27 132 84
 116 301 158
 275 79 331
 111 110 84
 123 338 197
 339 197 338
 30 19 317
 157 207 117
 118 117 207
 208 318 264
 208 93 318
 308 196 233
 129 321 268
 308 233 309
 200 202 311
 290 173 4
 8 233 196
 243 276 201
 122 231 121
 183 337 184
 92 318 93
 21 199 22
 178 340 108
 85 108 340
 259 341 151
 284 297 342
 122 120 335
 271 68 333
 2 333 68
 277 343 278
 241 309 233
 305 307 270
 277 142 59
 28 26 276
 24 22 106
 203 204 320
 208 125 248
 344 335 294
 190 345 36
 346 255 199
 130 249 186
 112 332 240
 188 335 120
 14 16 104
 150 151 341
 328 317 347
 180 248 125
 109 331 323
 230 198 121
 277 220 343
 254 106 22
 61 261 246
 348 244 319
 50 319 244
 299 296 189
 310 349 311
 283 323 331
 350 343 220
 133 187 105
 28 242 68
 2 68 242
 351 274 15
 115 270 114
 267 114 270
 290 291 131
 178 321 155
 299 189 352
 35 89 304
 147 146 173
 275 336 74
 269 213 223
 308 320 204
 127 15 274
 269 165 186
 226 161 316
 217 316 161
 241 233 154
 305 48 47
 85 77 108
 277 46 220
 353 342 297
 49 247 303
 191 39 282
 60 62 354
 281 257 211
 18 347 317
 2 242 0
 178 82 321
 324 321 82
 99 3 98
 7 98 3
 355 126 251
 356 256 357
 226 316 227
 281 88 257
 162 258 327
 122 335 358
 115 48 270
 305 270 48
 350 220 124
 290 4 3
 138 165 223
 281 57 300
 65 105 187
 259 327 258
 344 294 293
 217 211 257
 350 124 197
 91 216 135
 103 135 216
 180 124 220
 95 12 136
 91 136 12
 281 300 266
 217 257 316
 49 285 47
 109 126 359
 60 354 338
 87 131 291
 344 273 358
 81 358 273
 308 204 196
 284 342 345
 263 246 261
 18 317 19
 7 240 332
 70 315 360
 20 293 16
 287 334 288
 346 256 255
 30 29 253
 137 253 29
 215 149 221
 230 312 198
 111 84 250
 326 314 194
 90 257 88
 254 255 239
 70 360 71
 346 199 245
 18 237 347
 269 186 214
 32 309 166
 241 166 309
 267 266 300
 344 358 335
 116 234 361
 75 336 232
 123 264 262
 356 337 256
 269 223 165
 346 357 256
 355 251 362
 263 171 235
 236 235 171
 75 231 76
 222 337 43
 356 184 337
 310 163 363
 152 363 163
 20 218 364
 20 364 293
 356 357 289
 326 193 330
 133 104 16
 322 250 84
 355 362 232
 70 194 314
 174 189 296
 174 296 214
 78 77 192
 18 34 237
 290 131 173
 159 86 340
 85 340 86
 222 256 337
 325 349 352
 348 352 349
 97 362 251
 127 268 218
 324 218 268
 259 192 341
 263 235 246
 200 311 176
 325 176 311
 325 352 189
 97 209 312
 351 313 274
 60 338 262
 123 262 338
 236 347 237
 9 196 204
 60 262 261
 162 327 163
 183 185 330
 325 311 349
 230 232 362
 112 221 332
 328 292 365
 348 349 363
 310 363 349
 116 361 301
 215 300 57
 87 341 192
 147 86 145
 159 145 86
 11 168 216
 265 153 304
 286 237 34
 299 352 319
 348 319 352
 322 366 219
 170 219 366
 87 291 341
 150 341 291
 339 338 354
 348 363 244
 152 244 363
 324 364 218
 324 273 364
 344 293 364
 344 364 273
 328 347 292
 284 345 306
 190 306 345
 287 289 357
 170 365 292
 329 38 295
 40 295 38
 271 333 365
 328 365 333
 355 232 336
 13 96 302
 73 302 96
 271 365 366
 170 366 365
 279 71 360
 97 312 362
 287 357 245
 122 76 231
 259 151 327
 355 336 359
 275 359 336
 178 155 340
 159 340 155
 122 358 76
 81 76 358
 241 154 0
 346 245 357
 265 307 153
 190 153 307
 236 292 347
 230 362 312
 275 331 359
 109 359 331
 322 132 366
 103 216 168
 147 173 131
 7 332 98
 271 366 132
 6 0 154
 324 268 321
 355 359 126
 305 306 307
 35 304 153
 190 307 306
 329 367 38
 9
 90 225 141 227 89 234 37 361 301
 13
 31 138 203 141 329 9 140 160 10 64 320 172 367
 0
 5
 353 36 37 345 342
 0
 0
 0
 0
 0
 0
 19
 17 339 286 350 61 272 143 142 278 197 62 343 288 282 334 39 354 367 38
 0
 0
 0
 0
 0
 0
 25
 14 73 228 100 49 351 55 279 148 167 353 54 101 15 107 182 169 313 315 285 302 360 280 303 297
 0
 0
 9
 326 356 330 184 315 289 288 314 185
