364 655
6.701519 1.785672 1
6.879232 1.891371 1
6.723532 1.909799 1
6.805418 1.728012 1
6.567963 2.290683 1
6.680757 2.396833 1
6.582386 2.496284 1
6.484631 2.419052 1
6.442039 2.093051 1
6.397256 1.985062 1
6.536678 1.996341 1
7.164596 2.778845 1
7.262382 2.722581 1
7.201928 2.902174 1
5.530592 1.588824 1
5.418162 1.689044 1
5.438151 1.531744 1
5.320665 1.604995 1
7.342909 2.799273 1
6.542043 2.143331 1
6.048975 2.539656 1
6.016453 2.402017 1
6.128496 2.422999 1
7.498225 2.583424 1
7.622765 2.702036 1
7.500171 2.698773 1
7.443472 1.942950 1
7.613626 1.986608 1
7.510754 2.063014 1
6.692447 1.608083 1
5.697073 2.217800 1
5.866033 2.207757 1
5.789660 2.318496 1
7.068633 3.034311 1
7.052530 2.925088 1
5.292080 1.380322 1
5.350010 1.474343 1
5.214271 1.518538 1
7.523554 1.866925 1
5.167317 1.389628 1
7.219480 2.344383 1
7.363740 2.410020 1
7.257778 2.463959 1
6.184692 2.536127 1
5.707364 1.638875 1
5.555358 1.705302 1
5.626503 1.565697 1
6.505392 2.912363 1
6.463891 3.083112 1
6.394594 2.906682 1
6.322877 2.991369 1
7.312423 2.260671 1
6.956197 1.599887 2
6.913921 1.734840 1
6.831847 1.586057 2
7.173300 3.083775 2
5.644777 1.756792 1
6.008340 2.139752 1
6.117687 2.149634 1
6.089433 2.274208 1
5.981593 2.283386 1
7.986232 1.946766 1
8.040218 1.849507 3
8.114106 1.990244 2
6.534350 1.620327 1
6.507941 1.506101 2
6.676695 1.483973 2
5.832567 1.649027 1
5.784334 1.788280 1
7.620184 2.556905 1
7.734658 2.641909 1
7.085173 2.293885 1
7.198239 2.211733 1
7.098757 2.157671 1
7.753994 1.900319 2
7.777062 2.059184 1
5.129714 1.775617 1
4.972393 1.838057 2
5.032820 1.697711 1
6.619639 1.893718 1
6.669048 2.050785 1
6.124938 2.025252 1
6.055794 1.888699 1
6.204272 1.876331 1
5.102249 1.883111 1
7.330197 1.864834 1
7.420715 1.784334 2
5.043925 1.413306 1
5.104763 1.279750 1
6.453895 2.610102 1
6.349832 2.687730 1
6.323233 2.547328 1
6.232348 2.645741 1
6.458221 2.769819 1
6.590697 2.811427 1
6.197185 1.710938 1
6.084925 1.777562 1
7.919614 2.303614 1
7.874130 2.467033 1
7.794896 2.314073 1
7.725644 2.414804 1
6.561868 2.666827 1
5.433549 2.599946 2
5.340167 2.452921 2
5.458736 2.481935 1
7.310883 3.038144 2
7.393803 2.920684 1
7.442627 3.070481 2
5.889647 2.035367 1
5.677823 2.356534 1
7.342836 1.639057 2
7.209929 1.679876 1
7.221816 1.512943 2
7.110541 1.619870 1
5.343924 2.289512 2
5.430822 2.384359 1
7.518536 2.990162 2
5.929688 2.502023 1
5.965956 2.652368 1
5.839457 2.581542 1
8.138584 2.715771 2
8.073783 2.616538 1
8.237949 2.582546 3
6.033929 2.753751 1
6.050534 2.866902 1
5.894266 2.803605 1
5.944719 2.927681 1
6.350657 3.114302 1
6.331472 1.699374 1
6.284449 1.579454 2
6.422426 1.621216 2
6.437969 2.501460 1
5.163724 1.126447 2
5.021739 1.179394 2
6.296707 3.204232 1
6.185885 3.204252 1
6.239849 3.085736 1
7.052512 3.196591 3
6.727134 2.194557 1
6.807657 2.096110 1
6.623591 1.689522 1
7.707490 2.529548 1
6.551127 3.130996 2
6.429959 3.207061 2
8.126678 2.518943 1
7.068888 2.818274 1
7.983636 2.709339 1
8.034971 2.803290 2
8.040907 2.404523 1
5.853254 2.683828 1
6.800164 1.985727 1
7.413507 2.305499 1
7.563960 2.329350 1
7.501750 2.447927 1
8.190020 2.426300 1
8.122610 2.331050 1
7.065910 1.528489 2
7.025963 1.672231 1
6.600846 2.932975 1
6.848816 2.968618 1
6.763456 3.051121 1
6.708418 2.887866 1
7.126564 2.429618 1
6.220135 3.313431 2
6.969264 3.105634 1
6.111645 3.123548 1
6.332080 3.337939 2
5.924449 1.697210 1
6.317006 1.807146 1
7.015406 2.209645 1
6.498818 1.877933 1
6.404159 1.871603 1
6.919560 2.163072 1
6.833597 2.217250 1
7.823123 2.586313 1
8.044533 2.262336 1
6.351488 2.797552 1
6.412480 2.222630 1
7.000378 1.790072 1
7.106781 1.745396 1
7.104016 1.896052 1
7.001577 1.985255 1
6.904934 2.032708 1
6.177104 2.218388 1
7.391330 2.057900 1
7.288234 2.111815 1
7.314125 1.977033 1
7.206226 2.005661 1
6.259442 2.007288 1
5.053280 1.586605 1
5.171651 1.655489 1
5.094077 1.486866 1
5.898433 2.361704 1
5.553351 2.008258 1
5.591503 2.147502 1
5.479326 2.095993 1
6.949171 2.859374 1
6.831521 2.857825 1
6.882554 2.715508 1
6.025159 1.666218 1
6.119349 1.567009 2
5.674036 2.063046 1
5.300575 1.056993 2
5.291018 1.165540 1
7.653986 2.107674 1
5.997469 3.137192 2
6.066569 3.266784 3
6.648148 3.030420 1
6.659159 2.606412 1
6.840494 2.576562 1
6.760593 2.649564 1
6.707620 2.517997 1
7.735209 2.199541 1
7.859236 2.189422 1
7.920929 2.087509 1
7.632497 1.874329 2
7.421768 2.171318 1
5.404268 1.122500 1
5.523998 1.106661 2
5.468201 1.238726 1
5.982413 1.512895 2
5.932649 1.802741 1
5.589827 1.204062 2
5.789452 2.447912 1
5.654687 2.474114 1
7.651947 2.850164 1
7.775370 2.930329 2
7.640660 2.984742 2
7.178379 2.105992 1
7.510874 2.241171 1
6.553916 3.018667 1
5.438052 1.373489 1
5.350778 1.260211 1
5.457215 1.809657 1
5.567788 1.866657 1
5.416706 1.952760 1
7.941402 2.601359 1
8.011380 2.521679 1
6.991859 2.737978 1
7.108499 2.672402 1
7.759981 2.779103 1
7.896862 2.826248 2
7.490658 2.861258 1
7.440787 2.773346 1
6.144776 3.030098 1
5.026401 1.985366 2
4.893626 1.277357 2
5.004983 1.311464 1
6.321735 2.117894 1
4.921088 1.717341 1
6.574481 1.762843 1
6.460699 1.758031 1
6.992469 1.889416 1
5.232052 1.265720 1
6.799769 2.448540 1
5.372931 2.074364 1
5.278401 2.024982 1
5.708072 1.483647 2
5.566142 1.451249 1
5.639409 1.351996 2
7.542164 1.765435 2
5.540326 1.323904 1
7.237609 2.614172 1
7.153166 2.542537 1
6.784701 3.180450 2
6.655578 3.156748 2
5.274411 1.744259 1
5.348793 1.834921 1
5.279668 1.913752 1
6.897636 3.204002 2
6.787325 2.759643 1
6.678010 2.730290 1
5.884804 3.080605 2
6.035318 3.017223 1
6.006395 1.997754 1
7.195971 1.807906 1
7.977349 2.168581 1
6.424726 2.335515 1
6.958165 2.625986 1
5.736414 2.540970 1
7.422709 2.508872 1
7.377967 2.654471 1
5.834264 1.546674 2
7.322326 2.547752 1
5.843597 1.911012 1
5.949358 1.913687 1
6.626881 2.198417 1
8.312034 2.436220 2
8.224897 2.317063 2
5.922396 1.609534 1
7.857933 2.691714 1
6.317778 1.914775 1
6.104757 2.647847 1
4.823543 1.530825 1
4.682758 1.491060 2
4.799692 1.398689 2
5.718493 1.931503 1
7.897685 1.866148 2
4.960206 1.506675 1
7.040461 2.535963 1
4.827893 1.769695 2
5.781999 2.106490 1
6.886305 2.395355 1
6.789903 2.320815 1
6.932283 2.288611 1
7.238861 1.890927 1
7.288260 1.771016 1
7.889970 1.982472 1
6.322611 2.328206 1
6.273861 2.219225 1
6.962265 2.992604 1
6.872154 3.083266 1
7.549607 2.157194 1
6.998342 2.405602 1
7.569988 2.907280 1
4.908827 1.410845 1
6.119900 2.949749 1
5.553119 2.562042 2
5.544065 2.402545 1
4.829906 1.649870 2
4.694332 1.602949 3
4.936807 1.614838 1
6.675809 2.285191 1
6.152049 2.750640 1
6.176887 2.866034 1
5.509090 2.200744 1
6.251194 2.425773 1
5.169352 1.977927 2
5.213384 1.838588 1
5.817223 2.939673 2
7.677302 2.321094 1
5.781554 2.009484 1
7.622062 2.226642 1
5.626534 1.947606 1
5.584702 2.271896 1
5.665025 1.848221 1
6.918958 2.495602 1
8.086451 2.148384 1
7.999796 2.044643 1
8.195121 2.129306 2
5.621850 2.687035 2
5.662192 2.588951 1
5.755952 2.834142 2
5.434222 0.993871 3
5.467221 2.294885 1
7.100437 2.043079 1
6.210627 2.120456 1
6.257380 2.762722 1
6.287323 2.882153 1
8.158250 2.233232 1
5.410939 2.180963 1
5.306698 2.150501 1
7.622042 2.442154 1
5.238379 2.222766 2
5.195613 2.110418 2
7.549659 2.792630 1
5.792207 2.744799 1
5.744256 2.653518 1
6.372652 2.421640 1
6.207363 2.318223 1
5.713305 2.748901 2
7.013205 2.100784 1
6.221040 2.971697 1
8.260521 2.217895 2
 0 1 2
 3 1 0
 4 5 6
 7 4 6
 8 9 10
 11 12 13
 14 15 16
 15 17 16
 12 18 13
 19 8 10
 20 21 22
 23 24 25
 26 27 28
 29 3 0
 30 31 32
 33 34 13
 35 36 37
 38 27 26
 39 35 37
 40 41 42
 20 22 43
 44 45 46
 47 48 49
 50 49 48
 40 51 41
 52 53 54
 55 33 13
 56 45 44
 57 58 59
 29 54 3
 60 57 59
 61 62 63
 64 65 66
 67 68 44
 69 24 23
 29 64 66
 70 24 69
 40 71 72
 73 72 71
 74 75 27
 76 77 78
 10 79 80
 79 2 80
 81 82 83
 76 84 77
 85 86 26
 39 87 88
 89 90 91
 92 91 90
 14 46 45
 47 93 94
 95 83 96
 97 98 99
 100 99 98
 89 6 101
 102 103 104
 56 44 68
 105 106 107
 60 31 57
 108 57 31
 53 3 54
 17 37 36
 30 32 109
 26 86 38
 110 111 112
 113 112 111
 114 115 103
 116 107 106
 117 118 119
 120 121 122
 123 124 125
 126 125 124
 50 48 127
 128 129 130
 89 131 6
 132 88 133
 134 135 136
 83 82 96
 19 10 80
 55 137 33
 20 118 117
 138 80 139
 47 49 93
 29 0 140
 70 69 141
 48 142 143
 144 122 121
 100 98 141
 34 145 13
 11 13 145
 121 120 146
 146 120 147
 48 143 127
 97 148 98
 149 119 118
 2 150 80
 95 129 128
 139 80 150
 151 152 153
 144 148 154
 155 154 148
 52 156 157
 47 94 158
 159 160 161
 40 162 71
 134 163 135
 164 33 137
 135 165 136
 18 106 13
 134 166 163
 67 167 68
 95 168 83
 73 71 169
 10 9 170
 105 55 13
 171 170 9
 172 173 139
 138 139 173
 98 174 141
 97 175 148
 176 93 49
 89 91 131
 19 4 177
 92 43 91
 178 179 180
 181 182 1
 183 59 58
 17 36 16
 184 185 186
 187 186 185
 81 83 188
 40 42 162
 189 37 190
 39 191 87
 32 31 192
 20 117 21
 193 194 195
 196 197 198
 95 199 200
 134 127 143
 193 201 194
 132 202 203
 27 75 204
 60 192 31
 205 165 206
 207 161 160
 208 101 6
 209 210 211
 212 75 213
 214 213 75
 74 27 215
 1 182 150
 184 216 185
 189 190 78
 123 125 118
 217 218 219
 95 128 168
 220 200 199
 221 68 167
 222 219 218
 109 223 224
 225 226 227
 17 190 37
 187 185 228
 155 148 175
 151 229 152
 47 230 48
 231 35 232
 233 234 235
 193 235 234
 151 153 41
 236 98 237
 238 239 145
 39 37 191
 225 240 226
 241 226 240
 221 199 96
 231 36 35
 242 106 243
 243 106 18
 244 136 165
 38 215 27
 134 143 166
 105 13 106
 245 77 84
 246 133 247
 238 196 198
 248 188 9
 11 145 239
 149 118 125
 249 78 77
 250 251 64
 116 106 242
 135 206 165
 178 180 252
 132 253 88
 95 200 129
 29 66 54
 217 232 203
 209 211 254
 255 256 235
 221 96 82
 178 1 53
 257 258 259
 38 86 260
 172 139 182
 7 6 131
 261 258 231
 259 258 261
 87 247 88
 262 263 42
 217 219 232
 264 265 160
 266 15 267
 268 235 256
 17 266 190
 164 137 269
 113 156 112
 270 161 271
 94 271 161
 159 161 197
 205 272 273
 11 239 12
 262 12 239
 108 274 57
 81 57 274
 231 232 219
 255 235 195
 3 53 1
 275 180 179
 189 191 37
 32 223 109
 97 213 276
 113 157 156
 70 240 24
 4 277 177
 238 278 239
 97 276 175
 221 167 199
 279 224 223
 98 148 237
 280 23 281
 67 44 282
 257 282 44
 193 195 235
 233 45 234
 56 234 45
 178 252 1
 262 42 283
 81 274 82
 94 161 158
 132 203 253
 108 284 285
 17 15 266
 236 174 98
 126 273 272
 108 285 274
 138 286 80
 76 78 190
 260 215 38
 135 163 206
 287 122 154
 144 154 122
 222 259 261
 154 288 287
 220 199 289
 231 16 36
 70 290 240
 9 188 291
 95 96 199
 123 118 292
 293 294 295
 2 1 150
 7 277 4
 296 68 284
 270 198 197
 61 297 62
 29 140 64
 250 64 140
 184 28 216
 189 298 191
 87 191 298
 133 88 247
 299 239 278
 249 77 300
 207 160 265
 221 284 68
 30 301 31
 220 289 282
 280 281 283
 241 146 147
 233 267 15
 302 303 304
 151 41 51
 85 305 306
 74 307 75
 303 173 304
 76 190 266
 308 309 177
 248 177 309
 159 310 311
 312 216 28
 171 168 251
 128 251 168
 225 24 240
 181 1 252
 42 263 162
 312 28 204
 27 204 28
 302 304 313
 71 313 304
 126 124 273
 208 211 210
 275 306 305
 164 311 310
 225 227 314
 87 315 247
 273 124 316
 81 58 57
 108 31 301
 221 82 285
 30 201 301
 102 104 317
 318 317 104
 293 319 320
 64 251 130
 212 204 75
 25 281 23
 241 290 146
 280 41 153
 14 45 15
 19 80 286
 293 298 321
 5 4 322
 19 286 4
 241 240 290
 116 242 314
 20 292 118
 123 323 124
 324 124 323
 325 195 194
 74 297 307
 69 23 153
 280 153 23
 91 43 326
 268 327 328
 39 88 253
 208 271 101
 302 254 303
 5 303 254
 270 197 161
 293 321 319
 209 198 210
 327 84 328
 126 272 329
 64 130 65
 60 59 21
 22 21 59
 117 223 192
 293 320 294
 212 99 330
 293 295 315
 296 331 201
 318 224 317
 207 265 142
 123 292 323
 212 330 332
 296 201 333
 193 333 201
 30 109 334
 207 158 161
 299 313 162
 71 162 313
 293 315 298
 296 335 68
 56 68 335
 76 266 328
 299 278 336
 337 338 63
 97 99 213
 212 213 99
 70 141 174
 164 269 311
 337 63 339
 340 317 341
 176 90 93
 89 93 90
 246 247 315
 318 334 109
 232 35 253
 337 276 338
 22 326 43
 207 142 230
 30 194 201
 126 329 125
 342 125 329
 94 101 271
 217 343 218
 19 177 8
 248 8 177
 34 196 145
 238 145 196
 185 216 51
 151 51 216
 139 150 182
 87 298 315
 39 253 35
 114 344 115
 308 177 277
 117 192 21
 171 9 291
 214 75 307
 280 283 41
 42 41 283
 231 258 16
 262 281 12
 18 12 281
 299 162 263
 264 160 311
 318 109 224
 94 93 101
 236 290 174
 70 174 290
 187 345 180
 181 180 345
 159 196 310
 32 192 223
 262 283 281
 85 306 86
 89 101 93
 248 309 346
 248 9 8
 324 347 348
 144 237 148
 34 310 196
 155 175 349
 337 349 175
 61 307 297
 184 26 28
 209 336 278
 232 253 203
 209 278 198
 25 243 281
 18 281 243
 183 346 309
 159 197 196
 181 252 180
 61 338 307
 187 180 305
 275 305 180
 302 336 254
 209 254 336
 114 350 344
 325 344 350
 257 46 258
 250 140 0
 262 239 263
 299 263 239
 270 210 198
 152 229 332
 312 332 229
 114 351 350
 236 121 146
 92 292 43
 152 330 352
 318 344 334
 20 43 292
 296 284 331
 114 353 351
 324 323 347
 268 267 235
 233 235 267
 248 346 188
 30 334 194
 108 331 284
 14 16 258
 299 336 313
 325 334 344
 81 188 346
 236 146 290
 214 307 338
 354 327 256
 152 352 153
 205 273 165
 244 165 273
 217 203 202
 82 274 285
 246 315 295
 268 328 267
 266 267 328
 151 216 229
 312 229 216
 110 86 306
 56 335 234
 193 234 333
 201 331 301
 85 26 186
 67 282 289
 225 314 355
 264 311 269
 14 258 46
 189 321 298
 242 355 314
 113 111 179
 268 256 327
 245 84 327
 249 321 78
 189 78 321
 217 202 343
 212 332 204
 312 204 332
 176 347 90
 92 90 347
 116 314 227
 185 51 72
 40 72 51
 60 21 192
 342 356 125
 149 125 356
 214 276 213
 159 311 160
 2 79 0
 250 0 79
 184 186 26
 221 285 284
 325 194 334
 257 44 46
 100 352 330
 176 348 347
 128 130 251
 5 322 303
 138 303 322
 279 341 224
 317 224 341
 92 323 292
 149 356 357
 308 358 326
 61 63 338
 83 291 188
 138 173 303
 279 119 357
 149 357 119
 318 115 344
 5 254 211
 208 210 271
 308 359 309
 183 309 359
 91 326 358
 222 261 219
 318 104 115
 5 211 6
 231 219 261
 249 319 321
 47 158 230
 171 251 170
 250 170 251
 249 300 319
 225 355 24
 302 313 336
 178 53 157
 83 168 291
 171 291 168
 208 6 211
 100 141 352
 69 352 141
 25 24 355
 214 338 276
 275 179 111
 340 357 360
 172 182 361
 244 273 316
 354 256 351
 22 59 359
 183 359 59
 172 304 173
 340 341 357
 238 198 278
 113 179 157
 233 15 45
 279 357 341
 308 326 359
 337 175 276
 52 157 53
 100 330 99
 172 361 169
 155 288 154
 69 153 352
 22 359 326
 110 306 111
 181 361 182
 199 167 289
 103 115 104
 10 170 79
 92 347 323
 181 345 361
 25 355 243
 242 243 355
 255 351 256
 279 223 119
 117 119 223
 325 350 195
 255 195 350
 50 136 362
 244 362 136
 255 350 351
 250 79 170
 81 346 58
 275 111 306
 207 230 158
 172 169 304
 71 304 169
 85 186 305
 7 358 277
 176 49 348
 50 348 49
 324 362 316
 324 348 362
 7 131 358
 178 157 179
 354 351 353
 363 349 339
 337 339 349
 34 33 310
 164 310 33
 73 361 345
 108 301 331
 152 332 330
 50 127 136
 48 230 142
 73 169 361
 357 356 360
 134 136 127
 236 237 121
 144 121 237
 324 316 124
 185 72 228
 76 328 84
 187 228 345
 73 345 228
 138 322 286
 4 286 322
 270 271 210
 363 288 349
 183 58 346
 187 305 186
 308 277 358
 296 333 335
 234 335 333
 244 316 362
 50 362 348
 91 358 131
 67 289 167
 155 349 288
 342 360 356
 73 228 72
 0
 0
 0
 0
 0
 0
 0
 0
 0
 0
 19
 102 205 342 114 245 354 340 103 317 272 77 327 329 206 353 319 320 300 360
 0
 8
 132 246 133 294 295 343 320 202
 0
 0
 9
 264 166 265 143 137 163 206 269 142
 0
 11
 241 105 120 116 55 226 147 122 227 137 107
 7
 287 363 122 63 339 62 288
 23
 220 110 257 74 222 259 52 112 129 200 218 86 297 54 343 66 282 65 215 156 260 62 130
 0
