371 664
2.317473 7.078120 1
2.417764 7.184912 1
2.250142 7.195615 1
2.313748 7.309247 1
3.313665 6.154677 2
3.173663 6.202900 1
3.153175 6.102249 2
2.457381 7.696479 1
2.330687 7.682017 1
2.433056 7.563674 1
2.215323 8.693197 1
2.352635 8.589117 1
2.338058 8.714190 1
2.395749 6.336443 2
2.472568 6.425853 1
2.316118 6.431808 1
2.381827 6.524349 1
2.534269 7.374473 1
2.443488 7.311311 1
2.579876 7.256678 1
2.255517 8.547160 1
3.642383 7.890832 1
3.511250 7.910295 1
3.556786 7.772664 1
3.421979 7.817657 1
2.282214 7.583952 1
2.815677 6.244118 1
2.974875 6.266385 1
2.871979 6.348311 1
2.938483 6.124635 2
2.203551 6.985586 1
2.338772 6.935942 1
2.464019 7.022563 1
2.305840 7.476904 1
2.107061 8.657786 1
2.156330 8.559928 1
2.615458 6.362182 1
2.774981 6.409706 1
2.621361 6.497158 1
1.786778 7.275660 2
1.840102 7.137749 2
1.913435 7.227174 1
2.988788 8.221578 1
2.848468 8.223381 1
2.938308 8.067600 1
3.081775 8.353309 1
2.937531 8.385432 1
3.711240 7.702978 1
3.753700 7.593210 1
3.852340 7.744352 1
3.880420 7.593835 1
2.601451 8.230957 1
2.705326 8.289047 1
2.563487 8.380516 1
3.099504 7.861408 1
3.087139 7.754130 1
3.246407 7.816896 1
3.455959 8.054653 1
3.603015 8.014289 1
3.522590 8.166489 1
2.826501 8.085840 1
2.418204 7.433827 1
2.583979 7.497101 1
2.759440 7.514537 1
2.666480 7.624243 1
3.167779 7.683233 1
2.824404 7.342330 1
2.669007 7.374741 1
3.968200 7.421478 1
4.107207 7.367772 2
4.021476 7.534031 2
2.908478 7.476202 1
4.007149 7.706590 2
2.685320 8.413293 1
3.245531 7.230278 1
3.155838 7.313945 1
3.091022 7.181091 1
3.131414 6.406967 1
2.996739 6.405838 1
3.095015 6.292739 1
2.952770 7.357646 1
3.067519 7.422348 1
2.684485 8.547401 2
2.796300 8.460410 1
2.845678 8.557736 2
2.210943 7.419106 1
3.030931 7.537596 1
3.045278 7.292064 1
3.892871 7.484823 1
3.637452 8.120075 1
3.301613 6.552069 2
3.350997 6.695115 2
3.199978 6.629252 1
2.799217 7.693826 1
2.923133 7.614957 1
1.590732 7.730081 1
1.716652 7.782197 1
1.610746 7.862753 1
2.808614 7.168708 1
2.942381 7.236932 1
1.904055 7.879086 1
1.837587 7.992599 1
1.796929 7.883687 1
2.740520 6.528897 1
1.961229 7.996693 1
3.510660 7.636990 1
3.447775 7.505364 1
3.627092 7.551364 1
3.559541 7.424548 1
2.466010 8.508545 1
2.438167 8.359035 1
3.031659 8.517939 1
1.687510 7.652841 1
3.131418 8.196046 1
2.318282 8.054093 1
2.336846 7.907362 1
2.449202 7.997257 1
3.351527 6.339208 2
3.222589 6.303521 1
2.307197 8.331261 1
2.310130 8.199123 1
2.416319 8.226562 1
3.063891 7.641549 1
2.198971 7.963866 1
2.944302 7.070577 1
2.884941 6.941597 1
3.017774 6.951748 1
2.956478 6.808999 1
2.207673 8.252357 1
2.991874 7.710558 1
4.386937 7.957093 2
4.280149 8.028477 1
4.251044 7.871155 2
2.521891 6.696742 1
2.417243 6.654553 1
2.566158 6.600378 1
2.477557 6.542108 1
2.793774 7.994339 1
2.686939 7.956045 1
2.792672 7.848142 1
3.162837 7.963872 1
3.224849 6.748847 1
2.688408 6.845854 1
2.552580 6.887485 1
2.618056 6.741405 1
2.740686 8.172968 1
2.535372 8.717549 2
2.416075 8.773869 1
2.439552 8.650907 1
4.511151 8.049745 4
4.448827 8.208036 2
4.387048 8.081140 1
2.344554 8.463660 1
1.908202 7.358087 1
2.862174 6.578849 1
2.968595 6.656877 1
2.851676 6.706321 1
2.929271 8.493922 1
2.978158 8.659540 2
3.758244 7.836802 1
3.282170 7.982706 1
4.153456 7.978736 1
4.177986 8.088549 2
4.026791 8.054142 2
2.035455 7.380548 1
2.150744 7.318586 1
2.112930 7.459446 1
2.586080 7.112348 1
2.626130 8.127058 1
3.481774 7.339940 1
3.377903 7.389180 1
2.891120 7.950875 1
2.079071 7.912491 1
2.120774 7.803924 1
2.261610 7.806186 1
2.006415 7.842937 1
3.018186 7.962210 1
3.026406 8.119363 1
1.390459 7.691524 2
1.501852 7.678027 1
1.500886 7.797293 2
3.910329 7.913257 1
2.177634 8.374730 1
3.277380 6.882189 1
3.118363 6.849500 1
3.163727 6.971000 1
2.020253 7.267929 1
2.363943 6.802744 1
2.245891 6.841384 1
3.109078 8.066141 1
2.437755 6.885254 1
3.219912 7.099728 1
2.574666 7.007318 1
3.764626 7.978360 1
2.126284 8.081773 1
2.057845 8.012397 1
2.556417 7.605742 1
2.440898 7.840679 1
2.551204 7.791159 1
2.592933 7.696841 1
2.651590 6.943803 1
2.794759 8.349617 1
3.081839 7.047856 1
2.493084 6.794065 1
2.507951 8.842249 2
3.209192 8.323812 2
3.142920 8.472559 2
3.384366 7.927693 1
4.142662 7.770654 2
4.062350 7.835704 1
3.338727 8.074183 1
3.052152 6.061598 3
3.064560 6.175085 1
1.751417 7.973350 1
2.660093 7.848749 1
2.213852 8.122400 1
2.510188 6.287699 2
2.660096 6.213124 2
2.084858 8.479953 1
2.011927 8.365358 1
2.078767 7.666364 1
2.034003 7.560336 1
2.176873 7.551620 1
1.860916 8.142054 1
2.010645 8.122132 1
3.064626 6.488285 1
2.149197 6.750058 2
2.142537 6.862159 1
2.076327 7.058541 2
2.054027 6.924795 2
3.349836 7.708594 1
2.190225 7.101747 1
2.578987 8.492351 1
1.965205 8.701877 2
2.055979 8.579137 1
2.811126 6.830569 1
2.559854 7.907807 1
2.580730 8.027303 1
3.263058 7.656786 1
2.508919 8.137167 1
2.074688 8.746455 1
4.308178 8.162348 2
4.031507 7.932813 1
2.181320 6.395429 1
2.088911 6.516935 2
2.078305 6.379520 2
3.953669 7.810437 1
3.668547 7.791031 1
1.973966 7.465500 1
1.894796 8.283788 2
1.767289 8.201658 2
3.755050 7.484173 1
3.678781 7.358489 1
3.839210 7.390600 1
3.572624 7.136677 1
3.620426 6.995499 2
3.674249 7.116525 2
2.060019 6.808969 2
3.512885 7.022688 1
2.717383 6.311791 1
1.878052 8.432953 2
2.796990 6.126307 2
2.359423 7.771815 1
2.772497 6.631569 1
1.675653 7.515348 1
1.761743 7.409687 1
1.793636 7.572269 1
1.862727 7.473275 1
2.158822 8.828609 1
2.247982 8.912095 2
2.107676 8.934102 2
2.209255 7.681920 1
2.269654 6.706133 1
2.503778 8.272970 1
3.713003 8.075606 1
1.630993 7.365955 2
2.106870 8.283138 1
3.090335 6.712043 1
1.976478 7.746914 1
2.709536 7.054564 1
2.821318 7.035058 1
3.919992 8.025494 1
2.228667 8.455847 1
3.414002 6.824035 2
3.397062 6.972573 1
2.911109 7.846158 1
1.532278 7.479693 2
2.686038 7.749208 1
3.578867 7.278636 1
2.208205 6.496840 1
2.723051 7.266156 1
2.282090 6.289904 2
3.087309 8.611466 2
3.505209 8.273164 2
3.625255 8.229438 2
3.770442 7.300319 1
2.974607 6.528362 1
2.015341 8.240054 1
1.451279 7.567094 1
1.396366 7.460019 2
3.704860 7.213806 1
3.808242 7.139900 2
3.874635 7.269837 1
2.684746 7.162374 1
3.823353 8.107009 2
3.963344 8.167383 2
2.870167 6.466660 1
3.971478 7.312364 2
3.182489 7.548820 1
3.205936 7.420095 1
1.943088 8.197810 1
1.499858 7.947772 2
2.389450 8.917956 3
2.288204 8.801998 1
1.955428 8.552999 2
1.326424 7.547935 3
1.977435 7.641033 1
3.440204 7.103339 1
3.340920 7.072015 1
4.140000 7.877362 1
3.279959 8.202665 1
3.221675 8.093870 1
3.943378 7.179153 2
3.356488 8.323774 2
3.603919 7.676636 1
2.676126 6.621308 1
3.305654 7.465668 1
1.974128 8.457271 1
2.698863 8.066895 1
2.110897 7.181079 1
3.350084 7.183947 1
3.075473 6.590240 1
2.400570 8.122841 1
1.575904 7.604143 1
1.642432 7.990613 2
2.275002 6.571133 1
3.408233 8.183514 1
2.019666 8.846539 2
3.320114 7.573364 1
1.750976 8.080727 1
1.644398 8.157336 2
1.996131 7.145063 2
3.277499 6.994697 1
3.467101 7.227109 1
2.761153 6.941907 1
3.316807 6.787547 1
3.170548 6.517179 1
3.733426 8.174810 2
1.703635 7.898520 1
3.652785 7.454267 1
3.256470 6.430376 1
2.138969 6.287920 3
3.366880 7.285813 1
3.278885 7.344421 1
3.451642 7.720843 1
3.008007 7.820422 1
2.898241 7.744026 1
1.842852 7.773014 1
1.878363 7.667325 1
1.782536 7.690072 1
2.552602 8.594373 1
2.178055 6.622899 2
3.519023 6.909560 1
3.623137 6.846333 2
3.408854 7.624741 1
2.733116 6.724302 1
2.113444 8.183642 1
3.538919 6.806466 2
1.919563 7.564223 1
2.633778 8.656528 2
3.369663 6.458298 2
 0 1 2
 2 1 3
 4 5 6
 7 8 9
 10 11 12
 13 14 15
 15 14 16
 17 18 19
 20 11 10
 21 22 23
 24 23 22
 8 25 9
 26 27 28
 26 29 27
 30 31 0
 32 0 31
 25 33 9
 34 35 10
 36 37 38
 39 40 41
 42 43 44
 42 45 46
 18 1 19
 47 48 49
 49 48 50
 51 52 53
 54 55 56
 57 58 59
 44 43 60
 3 61 33
 62 63 64
 61 9 33
 65 56 55
 66 63 67
 62 67 63
 68 69 70
 66 71 63
 32 1 0
 72 50 70
 53 52 73
 74 75 76
 77 78 79
 27 79 78
 71 80 81
 82 83 84
 35 20 10
 3 33 85
 86 71 81
 87 76 75
 50 88 70
 89 59 58
 90 91 92
 93 63 94
 95 96 97
 66 98 99
 100 101 102
 37 103 38
 100 104 101
 105 106 107
 108 107 106
 109 110 53
 111 46 45
 95 112 96
 42 113 45
 114 115 116
 4 117 118
 119 120 121
 86 122 94
 114 123 115
 4 118 5
 72 49 50
 124 125 126
 127 126 125
 119 128 120
 129 94 122
 130 131 132
 133 134 135
 135 134 136
 62 61 17
 93 64 63
 57 22 58
 87 99 76
 124 76 99
 137 138 139
 54 56 140
 141 92 91
 142 143 144
 51 145 52
 42 46 43
 146 147 148
 149 150 151
 109 152 110
 39 41 153
 154 155 156
 84 157 158
 111 158 157
 47 49 159
 160 140 56
 66 99 80
 161 162 163
 164 165 166
 32 167 1
 168 145 51
 169 108 106
 170 169 106
 137 139 171
 172 173 123
 174 123 173
 100 175 104
 172 104 175
 44 176 177
 178 179 180
 181 159 49
 3 18 61
 62 9 61
 119 182 128
 141 183 184
 185 184 183
 164 153 186
 19 1 167
 187 31 188
 86 94 71
 177 176 189
 32 190 143
 27 78 28
 19 67 17
 62 17 67
 161 132 131
 74 76 191
 32 143 192
 119 121 110
 181 193 159
 194 195 123
 62 64 196
 30 188 31
 172 123 195
 85 166 165
 197 7 198
 199 198 7
 142 200 143
 201 46 83
 124 202 76
 133 203 134
 203 187 134
 146 204 147
 45 205 206
 160 56 207
 24 207 56
 3 85 165
 72 208 209
 199 7 196
 57 210 207
 211 212 29
 185 126 184
 213 102 101
 214 139 138
 194 123 215
 36 216 217
 21 193 58
 127 156 155
 63 71 94
 114 215 123
 218 219 182
 220 221 222
 164 186 165
 223 104 224
 201 43 46
 46 157 83
 77 225 78
 226 188 227
 68 70 88
 30 228 229
 111 45 206
 189 176 140
 24 56 230
 30 0 231
 124 99 98
 109 53 232
 57 207 22
 233 234 34
 127 235 156
 197 236 116
 237 116 236
 65 238 56
 237 239 116
 233 34 240
 241 162 131
 161 163 242
 95 180 179
 243 244 245
 72 209 246
 47 159 247
 164 248 153
 223 249 250
 251 252 253
 254 255 256
 226 227 257
 258 255 254
 181 246 242
 259 26 28
 37 259 28
 260 249 219
 172 195 104
 26 217 261
 127 184 126
 197 262 7
 127 125 235
 154 156 263
 264 265 266
 267 266 265
 209 242 246
 268 269 270
 220 222 271
 54 140 176
 187 188 272
 51 53 273
 193 274 58
 264 275 265
 39 265 275
 182 219 276
 41 186 153
 127 277 184
 220 173 278
 279 280 98
 124 98 280
 42 44 177
 278 173 175
 72 246 49
 181 242 281
 218 282 35
 283 284 183
 285 171 139
 143 203 144
 85 33 222
 25 222 33
 32 31 190
 36 259 37
 136 16 14
 218 182 282
 264 286 275
 163 281 242
 214 198 287
 181 49 246
 108 288 252
 21 159 193
 124 280 125
 223 101 104
 243 289 244
 66 290 98
 13 15 291
 243 291 15
 111 292 158
 45 113 205
 293 59 294
 201 52 43
 145 43 52
 127 155 277
 252 295 253
 30 229 227
 154 296 155
 7 9 196
 25 271 222
 297 219 249
 298 299 286
 130 149 151
 300 301 295
 302 295 301
 226 272 188
 279 98 303
 304 281 305
 163 305 281
 187 272 134
 119 110 152
 37 306 103
 68 307 69
 304 193 281
 181 281 193
 304 274 193
 86 81 308
 309 308 81
 223 224 310
 160 207 210
 154 103 306
 12 148 147
 27 29 212
 87 80 99
 311 180 97
 56 238 230
 312 269 313
 233 314 234
 298 178 315
 220 316 221
 141 184 277
 68 253 307
 302 307 253
 3 1 18
 258 317 284
 318 284 317
 132 319 208
 300 252 288
 312 313 147
 47 107 48
 320 113 321
 189 321 113
 199 287 198
 30 231 228
 197 116 115
 302 322 307
 111 206 292
 187 190 31
 76 202 191
 320 323 205
 87 81 80
 185 202 126
 320 205 113
 47 324 107
 124 126 202
 325 144 135
 133 135 144
 300 288 254
 170 106 326
 185 191 202
 260 219 327
 66 67 290
 145 168 328
 329 165 186
 36 38 14
 136 14 38
 141 277 92
 74 191 330
 318 330 191
 50 48 251
 88 50 251
 331 92 277
 174 115 123
 116 239 332
 145 60 43
 264 112 333
 311 97 334
 335 134 272
 293 323 336
 320 336 323
 233 240 337
 241 151 150
 331 277 155
 237 236 138
 338 308 326
 26 259 217
 19 290 67
 111 157 46
 30 227 188
 114 116 332
 267 153 248
 34 10 240
 268 240 10
 189 113 177
 42 177 113
 174 271 8
 213 339 334
 340 334 339
 41 40 341
 338 326 106
 183 284 342
 36 217 259
 66 80 71
 309 326 308
 44 60 171
 264 266 112
 174 8 262
 279 167 192
 108 169 288
 264 333 286
 61 18 17
 82 73 83
 300 256 301
 343 254 288
 268 270 337
 142 235 344
 141 345 183
 267 265 153
 39 153 265
 325 38 103
 137 171 60
 185 183 342
 160 321 140
 189 140 321
 283 183 345
 214 138 236
 343 317 254
 258 254 317
 329 2 165
 90 92 346
 251 48 107
 130 151 131
 241 131 151
 331 155 296
 279 192 200
 24 22 207
 174 173 271
 220 271 173
 223 310 249
 297 249 310
 298 286 333
 221 248 166
 329 228 231
 125 344 235
 95 333 112
 268 313 269
 201 73 52
 21 58 22
 13 216 14
 320 210 336
 133 144 203
 304 347 274
 197 115 262
 260 327 314
 121 239 273
 51 273 239
 36 14 216
 218 314 327
 214 236 198
 95 97 180
 218 234 314
 105 107 324
 302 301 322
 137 60 328
 145 328 60
 96 348 97
 174 262 115
 300 295 252
 108 252 349
 136 134 16
 335 16 134
 251 349 252
 82 232 73
 53 73 232
 90 346 350
 84 83 157
 243 351 291
 329 231 2
 74 352 353
 221 166 222
 297 276 219
 105 23 354
 24 354 23
 74 330 352
 338 238 308
 129 355 356
 318 342 284
 65 122 308
 86 308 122
 251 107 349
 100 357 278
 358 278 357
 283 345 91
 108 349 107
 26 261 29
 93 94 356
 129 356 94
 77 118 350
 117 350 118
 164 166 248
 21 23 247
 20 35 282
 141 91 345
 268 10 313
 57 336 210
 65 308 238
 105 324 23
 53 110 273
 44 171 176
 19 167 303
 93 356 139
 285 139 356
 185 342 191
 318 191 342
 96 112 359
 285 355 176
 54 176 355
 300 254 256
 41 341 186
 329 186 341
 93 287 64
 199 64 287
 325 135 38
 136 38 135
 146 148 360
 109 360 148
 199 196 64
 335 272 361
 128 182 276
 331 346 92
 320 321 210
 161 131 162
 258 362 255
 3 165 2
 218 327 219
 279 303 167
 119 282 182
 363 255 362
 258 284 362
 226 361 272
 338 106 364
 105 364 106
 77 346 225
 142 344 200
 283 362 284
 143 200 192
 343 330 317
 318 317 330
 338 364 230
 24 230 354
 237 168 239
 285 356 355
 338 230 238
 87 75 81
 309 81 75
 244 289 361
 335 361 289
 98 290 303
 142 365 235
 237 138 328
 161 319 132
 32 192 167
 89 294 59
 268 337 240
 172 175 173
 93 139 287
 214 287 139
 112 266 359
 340 339 250
 312 147 204
 335 15 16
 343 288 169
 21 247 159
 194 366 224
 297 224 366
 57 59 336
 293 336 59
 220 278 316
 285 176 171
 335 289 15
 243 15 289
 251 253 88
 89 58 274
 170 326 353
 309 353 326
 85 222 166
 12 11 148
 121 332 239
 201 83 73
 283 367 362
 298 179 178
 329 341 228
 156 235 365
 298 315 299
 51 239 168
 309 75 353
 74 353 75
 298 333 179
 154 263 103
 302 253 295
 229 257 227
 237 328 168
 19 303 290
 267 368 266
 358 266 368
 89 347 294
 47 247 324
 23 324 247
 77 350 346
 82 369 360
 160 210 321
 37 28 306
 90 350 370
 117 370 350
 109 148 11
 68 88 253
 78 296 306
 154 306 296
 213 334 348
 97 348 334
 0 2 231
 358 359 266
 62 196 9
 129 55 355
 358 316 278
 137 328 138
 325 103 263
 109 232 360
 100 278 175
 279 200 344
 142 144 365
 25 8 271
 114 332 120
 121 120 332
 5 79 212
 27 212 79
 325 365 144
 197 198 236
 129 122 55
 65 55 122
 161 242 319
 209 319 242
 109 11 152
 78 306 28
 89 274 347
 209 208 319
 297 310 224
 121 273 110
 77 79 118
 5 118 79
 343 169 352
 170 352 169
 104 195 224
 194 224 195
 223 339 101
 114 120 215
 128 215 120
 95 179 333
 363 362 367
 221 368 248
 267 248 368
 20 152 11
 12 313 10
 331 225 346
 223 250 339
 243 245 351
 279 344 280
 170 353 352
 100 102 357
 96 357 102
 146 360 369
 119 152 282
 20 282 152
 325 263 365
 343 352 330
 12 147 313
 82 360 232
 7 262 8
 213 101 339
 125 280 344
 78 225 296
 331 296 225
 96 102 348
 143 190 203
 187 203 190
 96 359 357
 297 366 276
 128 276 366
 5 212 6
 211 6 212
 156 365 263
 105 354 364
 230 364 354
 54 355 55
 358 368 316
 358 357 359
 218 35 234
 128 366 215
 194 215 366
 213 348 102
 34 234 35
 221 316 368
 1
 149
 22
 211 4 72 130 283 90 117 363 149 69 91 70 132 301 322 307 370 208 367 255 256 6
 0
 0
 0
 15
 226 39 244 229 275 286 228 40 257 299 315 351 341 361 245
 8
 211 13 217 29 291 216 261 351
 15
 233 311 260 312 340 249 314 269 178 270 337 334 315 180 250
 21
 241 82 293 312 304 146 84 163 158 149 323 150 204 205 305 347 206 292 294 162 369
 0
 0
 0
 0
 0
 0
 0
 0
 0
 0
 0
 0
