377 671
8.247979 6.817800 1
8.113981 6.873288 1
8.217145 6.704888 1
8.089259 6.724121 1
9.238634 6.557529 1
9.209997 6.687902 1
9.073569 6.634866 1
8.057467 7.442184 1
8.013730 7.613206 2
7.937085 7.511055 1
9.128688 6.469355 1
6.985586 7.796449 2
6.940618 7.663868 1
7.081625 7.688628 1
7.047115 7.545722 1
7.670910 7.193274 1
7.707360 7.080917 1
7.787960 7.192854 1
7.842743 7.098644 1
7.331566 6.341513 1
7.210431 6.242014 1
7.370585 6.231817 1
8.139606 7.515463 2
8.517939 6.968341 1
8.467883 6.821981 1
8.634856 6.903939 1
6.993425 6.836701 1
7.114738 6.939888 1
6.971315 7.008838 1
9.218946 7.016593 1
9.114326 7.037601 1
9.116414 6.888556 1
7.144457 7.206719 1
7.307000 7.237937 1
7.226987 7.311540 1
8.599419 6.770926 1
8.554075 6.198953 1
8.398484 6.284443 1
8.440294 6.124748 1
9.782336 6.375421 1
9.714513 6.491006 1
9.647049 6.309723 1
7.265111 7.137614 1
9.449766 6.670732 1
9.491693 6.805404 2
9.328373 6.770059 2
9.573372 6.456118 1
9.475797 6.554090 1
9.598319 6.671058 2
8.641073 7.230170 2
8.528239 7.101644 1
8.660903 7.060245 1
8.537523 6.316555 1
7.865252 6.520246 1
7.986753 6.414214 1
8.011275 6.557845 1
8.998612 6.515900 1
9.510895 6.232086 1
9.597271 6.130297 1
9.711719 6.175150 1
8.392323 7.113672 1
8.491088 7.224000 2
8.321747 7.212061 1
6.707098 6.267285 1
6.586689 6.236336 3
6.721230 6.140491 2
8.001240 6.125637 1
8.113116 6.052567 2
8.129907 6.199393 1
8.133303 7.330774 1
8.214594 7.419095 2
7.548998 7.737122 1
7.428339 7.792615 1
7.404126 7.691044 1
8.291259 6.184776 1
8.223780 6.085759 1
7.430632 7.238840 1
7.552121 7.134439 1
7.569978 7.274607 1
7.867022 6.172415 1
7.878946 6.014209 2
8.358824 7.344438 2
7.017651 7.162090 1
7.078317 7.069114 1
7.785075 6.078959 2
9.276552 6.921955 2
9.633027 6.555438 1
7.227332 6.377385 1
6.409706 7.225019 2
6.528897 7.259480 1
6.497157 7.378639 2
9.389235 6.324122 1
9.279037 6.403996 1
9.273932 6.211929 1
9.151763 6.320628 1
7.622010 6.659157 1
7.784500 6.655800 1
7.683464 6.786697 1
7.793717 7.009913 1
6.911581 7.128113 1
7.547637 7.627882 1
6.862116 6.880311 1
7.711292 6.550242 1
6.677935 6.532219 2
6.720660 6.397946 2
6.806112 6.512841 1
7.292564 6.143494 1
8.860770 7.173469 2
8.787069 7.324305 2
8.747341 7.151793 1
7.693719 7.424534 1
7.667307 7.567999 1
7.550650 7.502038 1
7.547463 6.782708 1
7.610132 6.881110 1
9.203280 7.127573 2
9.026397 7.154194 2
8.993132 6.994118 1
8.390642 6.695442 1
8.346403 6.799728 1
7.547746 6.456608 1
7.570994 6.315656 1
7.653225 6.422995 1
7.204169 7.596014 1
9.740313 5.638144 2
9.818915 5.770711 1
9.723989 5.769244 1
8.470879 5.998748 2
8.331203 6.030407 1
7.451898 6.332393 1
8.128344 6.504840 1
8.153173 6.393335 1
6.840674 6.409237 1
6.696742 7.478108 1
6.654553 7.582757 2
6.600378 7.433842 1
8.221743 6.270603 1
6.542108 7.522443 2
6.755052 6.772868 1
6.775290 6.640496 1
6.890939 6.756567 1
8.735496 6.378618 1
8.753009 6.218511 1
8.849186 6.340629 1
8.295546 6.352772 1
7.432375 6.025464 2
7.588943 6.084669 2
7.416350 6.133093 1
7.492447 6.216510 1
8.210576 7.000502 1
8.259361 7.106859 1
8.104674 7.104176 1
9.878208 5.660171 2
8.868824 6.204435 2
7.720278 7.311679 1
7.588938 7.384161 1
8.322412 6.618354 1
8.929633 6.639293 1
8.847431 6.494970 1
8.786765 6.643507 1
6.950447 6.333149 1
6.936630 6.474407 1
6.628255 6.795046 2
6.654490 6.668553 2
7.408843 7.126603 1
6.579016 7.137706 1
6.660239 7.031088 1
6.706936 7.148492 1
7.190681 7.054890 1
7.051257 6.380390 1
6.812208 7.044554 1
7.647130 6.204130 1
7.906146 6.626646 1
6.836936 6.272779 1
7.060996 6.145112 1
6.950093 6.061373 2
7.052244 6.037927 3
8.948379 6.302454 1
9.019207 6.168121 2
8.703649 6.529664 1
6.900599 6.621822 1
9.035880 6.385995 1
8.573090 6.070598 1
6.979423 6.705133 1
7.119430 6.782479 1
7.078156 6.658418 1
6.958768 6.202483 1
6.802744 7.636057 1
6.841384 7.754109 3
9.507947 6.351065 1
7.158202 7.461568 1
6.990125 7.435170 1
7.130754 7.349192 1
7.201718 7.753582 2
9.387253 6.096727 1
9.282792 6.069672 1
7.292130 7.686495 1
7.176009 6.071414 2
9.403490 6.204954 1
8.391196 6.923357 1
9.166834 6.086993 2
9.259523 5.967681 2
6.882695 7.457458 1
6.758337 7.389542 1
6.906394 7.355773 1
9.206174 6.801451 1
7.042936 6.486008 1
7.994339 7.206226 1
8.021855 7.314355 1
7.888251 7.288100 1
7.942094 7.391339 1
7.991849 6.253964 1
10.000000 6.111111 0
10.000000 6.250000 0
9.862522 6.180937 1
8.600173 6.425545 1
7.459446 7.887070 2
7.327610 7.829855 2
7.514866 6.585629 1
7.421852 6.461104 1
7.396502 6.566244 1
7.451444 6.685929 1
7.303811 6.638126 1
8.851854 7.031663 1
6.784105 7.514131 1
7.139313 6.342252 1
8.747673 7.001902 1
7.559846 7.847754 2
7.766601 6.415366 1
8.875700 6.782248 1
9.000566 6.760541 1
8.192064 7.196077 1
8.784682 6.896964 1
8.725403 6.775643 1
7.956195 7.781517 3
7.894087 7.659541 1
10.000000 5.972222 0
9.890016 6.067082 1
9.884097 5.897996 1
6.830453 7.287535 1
8.010467 7.001027 1
7.938938 6.872695 1
7.800468 7.735221 1
7.806349 7.866779 2
7.827438 7.419106 1
8.984689 6.868281 1
7.346310 6.753424 1
7.754587 7.508244 1
8.901613 6.914772 1
7.102448 7.810996 2
7.894273 7.177075 1
6.909560 7.540865 1
7.713061 6.929952 1
9.346112 6.510459 1
9.334600 6.631521 1
6.817706 7.185980 1
8.196648 5.955211 2
7.808046 6.816317 1
7.876116 6.314047 1
7.873680 6.415968 1
7.024794 7.314281 1
10.000000 5.555555 0
10.000000 5.694445 0
8.237376 6.574747 1
8.260412 6.466754 1
8.372476 6.533932 1
6.631719 7.227518 1
7.695690 7.911520 2
7.681553 7.796613 1
6.922612 7.239156 1
6.706133 7.730347 2
9.786703 5.994103 1
8.112045 6.987551 1
8.265223 6.914089 1
6.722287 6.909847 1
8.370759 6.427242 1
8.471024 6.393604 1
9.647109 5.717340 2
8.071892 6.321529 1
8.648626 6.277834 1
7.996258 6.763969 1
9.428583 6.433308 1
8.425138 7.016284 1
7.998260 6.668141 1
8.516747 6.686068 1
8.661390 6.660290 1
9.775592 6.264836 1
8.012184 6.007595 2
8.391885 5.929610 2
7.826413 6.922435 1
7.895785 7.002352 1
9.764725 6.604926 2
9.121345 6.754663 1
7.457831 7.028260 1
8.581032 6.579071 1
7.420647 6.829785 1
7.499552 6.909820 1
7.901898 6.730320 1
9.139549 6.204449 1
7.609828 6.534926 1
7.003452 6.582570 1
6.867051 6.143633 1
6.533076 7.023215 2
7.201639 6.555224 1
7.141817 6.454616 1
7.288534 6.484237 1
8.297964 5.907558 3
9.885636 6.303110 1
7.759062 6.161599 1
6.465974 7.128116 2
8.936102 6.409224 1
9.854586 6.498920 1
10.000000 6.527778 0
9.898450 6.405153 1
7.307018 7.490772 1
8.781055 6.104211 2
7.452387 7.587508 1
9.319554 7.073822 2
9.655012 5.846220 1
9.544719 5.824807 2
7.256520 6.959765 1
10.000000 6.388889 0
8.482416 6.500474 1
7.583470 6.996770 1
7.666794 6.311472 1
9.789057 6.096117 1
6.594790 6.921363 1
9.058955 6.276330 1
8.933039 7.088361 1
6.621301 7.323880 1
7.842809 7.549614 1
8.668210 6.148387 1
7.769765 6.274017 1
7.491128 7.422709 1
7.413948 7.496979 1
7.358154 7.360455 1
9.915918 6.578643 2
10.000000 5.833333 0
7.180607 6.662320 1
7.334547 7.043273 1
7.471661 7.326222 1
7.330631 6.014463 2
7.669476 7.682158 1
7.343606 7.591983 1
8.104228 7.239747 1
8.225373 7.289495 1
7.773861 7.628350 1
7.209267 6.859083 1
6.839781 6.036135 2
7.246343 6.760936 1
7.250477 7.403278 1
8.121071 6.622148 1
9.924757 5.763889 1
7.958073 7.099554 1
7.105238 6.561436 1
9.367978 5.986574 2
9.758597 5.873807 1
8.699404 6.020217 2
6.512930 6.825555 2
10.000000 6.666667 0
7.309304 6.852346 1
7.377767 6.940284 1
9.495859 6.116432 1
6.725146 7.264184 1
8.598965 5.957848 2
9.674578 5.954826 1
9.565812 5.926412 1
8.450120 6.602623 1
9.592882 6.025506 1
9.483365 6.009024 1
6.618821 6.336739 2
9.694324 6.063309 1
7.062410 6.272943 1
6.488848 6.925975 2
8.323970 7.012460 1
7.698123 6.095406 2
9.458397 5.899045 2
 0 1 2
 1 3 2
 4 5 6
 7 8 9
 10 4 6
 11 12 13
 14 13 12
 15 16 17
 18 17 16
 19 20 21
 22 8 7
 23 24 25
 26 27 28
 29 30 31
 32 33 34
 35 25 24
 36 37 38
 39 40 41
 42 33 32
 43 44 45
 46 41 40
 43 47 48
 49 50 51
 36 52 37
 53 54 55
 56 10 6
 57 58 41
 58 59 41
 60 61 62
 63 64 65
 66 67 68
 69 70 7
 71 72 73
 74 68 75
 76 77 78
 66 79 80
 81 62 61
 82 28 83
 80 79 84
 85 29 31
 48 47 86
 19 87 20
 88 89 90
 91 92 93
 94 93 92
 95 96 97
 18 16 98
 99 28 82
 71 73 100
 26 28 101
 95 102 96
 103 104 105
 106 21 20
 107 108 109
 110 111 112
 95 97 113
 114 113 97
 7 70 22
 23 25 51
 115 116 30
 117 30 116
 118 119 2
 120 121 122
 14 123 13
 124 125 126
 127 38 128
 120 129 121
 55 54 130
 131 130 54
 132 105 104
 133 134 135
 74 136 68
 135 134 137
 138 139 140
 141 142 143
 68 67 75
 144 136 37
 145 146 147
 148 147 146
 15 77 16
 149 150 151
 124 152 125
 142 153 143
 136 74 37
 78 154 155
 118 2 156
 56 157 158
 159 158 157
 132 160 161
 138 162 163
 76 164 77
 49 51 109
 49 61 50
 165 166 167
 43 48 44
 74 128 38
 42 32 168
 23 51 50
 160 169 161
 170 28 99
 15 154 78
 148 146 171
 53 55 172
 132 104 173
 63 173 104
 174 175 176
 177 153 178
 141 158 179
 83 28 27
 180 140 139
 56 181 10
 94 10 181
 127 182 38
 183 184 26
 185 184 183
 174 186 175
 187 12 188
 91 57 189
 190 191 192
 13 123 193
 194 93 195
 193 123 196
 174 176 197
 194 198 93
 23 199 24
 200 201 195
 202 203 204
 60 50 61
 85 205 45
 206 161 169
 11 188 12
 110 112 155
 207 208 209
 210 209 208
 66 68 211
 212 213 214
 85 31 205
 141 179 215
 36 38 182
 72 216 217
 91 198 57
 120 218 219
 83 168 32
 220 221 222
 107 109 223
 224 187 134
 133 224 134
 225 20 87
 14 191 190
 223 109 226
 71 227 72
 94 92 10
 53 102 228
 159 157 229
 230 229 157
 231 151 150
 232 25 233
 8 234 235
 236 237 238
 239 204 203
 240 241 1
 14 190 123
 132 173 160
 49 109 108
 170 167 166
 242 234 243
 159 179 158
 15 78 77
 210 244 209
 131 136 144
 230 245 229
 221 246 222
 110 247 111
 229 245 248
 148 129 21
 19 21 129
 11 13 249
 207 209 250
 14 251 191
 35 233 25
 114 97 252
 253 47 254
 43 254 47
 0 2 119
 170 255 167
 256 128 75
 117 31 30
 138 163 139
 97 257 252
 258 211 54
 53 259 54
 148 171 121
 260 82 32
 261 262 152
 263 264 265
 170 101 28
 170 99 255
 165 167 266
 267 227 268
 256 75 67
 10 92 4
 260 269 82
 253 4 92
 187 188 270
 271 238 237
 43 45 254
 5 254 45
 149 151 272
 53 96 102
 149 1 273
 170 274 101
 144 37 275
 276 275 37
 124 126 277
 131 278 136
 131 144 264
 141 215 279
 260 192 191
 3 1 280
 220 219 218
 5 45 205
 110 155 154
 72 217 73
 196 73 217
 46 281 189
 46 47 281
 60 282 50
 74 38 37
 202 191 251
 57 41 189
 202 224 203
 14 12 251
 200 195 93
 55 283 172
 0 273 1
 35 284 285
 141 143 158
 39 41 286
 66 80 287
 138 140 101
 120 219 129
 230 31 245
 46 86 47
 127 128 288
 289 241 290
 66 287 67
 291 48 86
 292 31 230
 1 241 280
 293 77 164
 138 101 274
 141 279 142
 91 93 198
 294 215 179
 295 113 296
 59 286 41
 97 96 257
 297 257 96
 289 252 257
 114 296 113
 240 290 241
 149 272 1
 51 25 226
 200 93 298
 94 298 93
 95 299 102
 180 161 300
 301 173 65
 63 65 173
 299 120 122
 165 302 166
 117 245 31
 303 304 305
 180 105 161
 71 268 227
 102 299 122
 220 222 305
 303 305 222
 256 306 128
 187 270 134
 213 307 214
 308 84 79
 74 75 128
 88 309 89
 56 158 310
 291 40 311
 39 311 40
 312 311 313
 118 284 24
 35 24 284
 232 248 223
 314 123 190
 232 233 229
 276 37 52
 23 282 199
 165 89 309
 230 157 6
 142 315 153
 263 265 156
 210 9 244
 316 100 73
 115 29 317
 51 226 109
 305 304 87
 318 319 277
 170 166 274
 232 229 248
 83 27 168
 320 168 27
 91 281 92
 253 92 281
 103 105 139
 56 6 157
 321 312 313
 46 189 41
 294 322 215
 276 215 322
 212 214 237
 54 211 278
 295 221 113
 187 251 12
 16 77 323
 59 214 286
 324 122 121
 26 184 27
 59 325 214
 326 274 166
 159 285 179
 200 298 178
 117 223 248
 177 178 327
 107 328 116
 215 52 279
 294 285 284
 293 323 77
 102 122 228
 42 164 33
 68 136 278
 117 116 328
 133 135 203
 329 203 135
 330 244 9
 26 101 140
 36 331 279
 289 257 241
 8 235 9
 330 9 235
 324 332 228
 258 228 332
 333 334 335
 240 1 272
 276 52 215
 291 311 336
 213 321 307
 160 173 186
 142 279 331
 159 229 233
 85 317 29
 297 241 257
 337 236 238
 185 338 184
 42 168 339
 320 339 168
 76 78 340
 301 186 173
 236 212 237
 242 235 234
 199 273 119
 265 264 275
 326 162 274
 19 129 219
 314 335 334
 220 218 221
 95 221 218
 199 119 24
 106 341 147
 260 32 192
 34 192 32
 316 334 112
 333 112 334
 138 274 162
 95 113 221
 106 197 341
 232 226 25
 16 323 252
 114 252 323
 111 342 100
 196 123 343
 35 285 233
 329 90 89
 0 119 273
 242 268 342
 23 50 282
 291 86 40
 69 344 345
 232 223 226
 294 179 285
 242 342 346
 131 54 278
 314 343 123
 326 166 302
 333 155 112
 76 33 164
 117 328 223
 242 243 268
 267 268 243
 53 172 96
 158 143 310
 180 139 105
 265 275 322
 276 322 275
 320 27 347
 301 65 348
 107 223 328
 349 184 338
 314 190 350
 53 228 259
 258 259 228
 297 280 241
 258 54 259
 324 228 122
 308 332 171
 324 171 332
 5 292 6
 231 345 344
 76 335 33
 34 33 335
 133 203 224
 83 32 82
 295 246 221
 110 154 244
 209 244 154
 3 283 351
 55 351 283
 115 30 29
 19 219 305
 145 147 341
 148 121 129
 31 292 205
 333 335 340
 125 352 238
 337 238 352
 324 121 171
 39 313 311
 111 100 112
 103 139 163
 240 151 353
 207 353 151
 42 339 164
 349 347 184
 118 24 119
 312 336 311
 239 255 269
 99 269 255
 210 7 9
 207 151 344
 231 344 151
 5 205 292
 185 354 338
 194 195 355
 308 79 332
 258 332 79
 56 310 181
 71 100 342
 349 222 246
 240 272 151
 174 197 20
 106 20 197
 271 356 238
 125 238 356
 263 156 2
 321 313 307
 357 331 182
 111 247 346
 330 346 247
 201 355 195
 66 211 79
 258 79 211
 326 358 162
 230 6 292
 117 248 245
 312 359 336
 76 340 335
 349 360 347
 177 181 310
 69 345 70
 303 338 354
 78 155 340
 333 340 155
 137 90 135
 329 135 90
 159 233 285
 314 350 335
 34 335 350
 196 217 193
 253 281 47
 293 339 361
 293 361 296
 91 189 281
 114 323 296
 81 70 345
 214 307 286
 39 286 307
 106 147 21
 262 337 352
 177 327 181
 94 181 327
 57 198 362
 194 362 198
 36 182 331
 239 363 255
 127 364 182
 318 365 366
 301 175 186
 294 284 367
 36 279 52
 330 247 244
 110 244 247
 220 305 219
 368 362 369
 318 277 126
 190 192 350
 34 350 192
 118 156 367
 69 7 208
 357 315 331
 60 62 150
 357 182 364
 72 227 216
 368 58 362
 15 17 154
 209 154 17
 125 152 352
 262 352 152
 46 40 86
 265 367 156
 242 346 235
 330 235 346
 167 255 363
 39 307 313
 177 143 153
 63 104 370
 349 338 222
 303 222 338
 368 371 58
 59 58 371
 210 208 7
 174 20 372
 225 372 20
 206 300 161
 165 266 89
 3 351 2
 263 2 351
 294 367 322
 27 184 347
 19 305 87
 144 275 264
 271 365 356
 68 278 211
 165 309 302
 99 82 269
 326 373 358
 5 4 254
 253 254 4
 180 300 183
 185 183 300
 271 371 365
 26 140 183
 149 273 374
 174 372 186
 160 186 372
 178 298 327
 94 327 298
 297 96 172
 13 193 249
 320 361 339
 131 264 130
 263 130 264
 349 246 360
 295 360 246
 59 371 325
 63 370 64
 118 367 284
 320 360 361
 368 366 365
 206 169 304
 225 304 169
 308 171 375
 146 375 171
 225 87 304
 329 89 266
 295 296 361
 240 353 290
 18 290 353
 231 150 62
 297 283 280
 239 203 363
 132 161 105
 295 361 360
 316 112 100
 293 296 323
 329 363 203
 318 356 365
 318 366 319
 199 374 273
 81 345 62
 71 342 268
 185 300 354
 148 21 147
 293 164 339
 316 343 334
 314 334 343
 326 302 373
 368 365 371
 128 306 288
 180 183 140
 194 355 369
 149 374 150
 18 98 290
 289 290 98
 260 204 269
 376 366 369
 368 369 366
 289 98 252
 16 252 98
 206 304 354
 55 130 351
 297 172 283
 3 280 283
 318 126 356
 125 356 126
 376 369 355
 177 310 143
 260 191 204
 239 269 204
 316 73 343
 196 343 73
 271 237 325
 263 351 130
 303 354 304
 320 347 360
 120 299 218
 69 208 344
 214 325 237
 95 218 299
 206 354 300
 265 322 367
 142 331 315
 329 266 363
 111 346 342
 271 325 371
 194 369 362
 60 150 374
 209 17 250
 202 204 191
 376 319 366
 207 250 353
 18 353 250
 231 62 345
 207 344 208
 202 251 224
 187 224 251
 57 362 58
 301 348 175
 167 363 266
 160 372 169
 225 169 372
 308 375 84
 60 374 282
 199 282 374
 18 250 17
 16
 137 103 88 188 134 90 270 104 358 64 162 163 302 373 370 309
 0
 10
 11 267 188 234 227 217 249 243 193 216
 0
 18
 81 49 22 85 291 115 107 8 45 48 116 61 317 108 234 44 70 336
 0
 0
 0
 0
 0
 0
 0
 0
 0
 0
 5
 176 65 64 348 175
 16
 127 124 200 357 376 201 178 277 152 153 315 319 364 288 355 306
 12
 145 256 146 176 67 80 287 197 341 375 306 84
 0
 0
 0
