358 648
1.945885 5.835670 1
1.933685 5.698942 2
2.064463 5.800741 2
1.597471 5.537529 1
1.534143 5.440955 2
1.696365 5.417908 2
1.470755 6.498024 1
1.542161 6.396385 1
1.577821 6.558721 1
1.659293 6.444950 1
0.510559 7.108503 1
0.395163 7.165545 1
0.409375 7.016966 1
1.556666 6.985476 1
1.596790 6.824622 1
1.680047 6.992041 1
1.753950 6.896599 1
1.723917 5.896436 1
1.803463 6.010889 1
1.660720 6.017687 1
1.720692 6.157330 1
1.512895 5.982413 1
1.443898 6.091654 1
1.365815 5.952167 1
1.321293 6.079159 1
0.698432 5.772837 1
0.575890 5.792314 1
0.596135 5.650707 1
0.559112 6.615945 1
0.663739 6.708256 1
0.514937 6.747599 1
2.088911 6.516935 2
2.178055 6.622899 2
2.038125 6.684228 1
0.737325 5.669270 1
0.344523 5.224209 1
0.196422 5.156919 2
0.341365 5.078186 2
1.786778 7.275660 2
1.674321 7.205916 1
1.840102 7.137749 2
0.812300 7.631135 1
0.853759 7.789952 2
0.733534 7.748320 1
0.540023 7.005441 1
0.304373 6.188498 1
0.458075 6.124873 1
0.439970 6.285912 1
1.998426 6.103631 1
2.107111 6.010770 2
2.088281 6.169971 2
0.000000 6.805555 0
0.124206 6.674959 1
0.168758 6.780949 1
0.972894 5.614025 1
0.889425 5.497691 1
1.003072 5.424653 2
0.354021 7.393651 1
0.435442 7.313666 1
0.446700 7.459182 1
1.696916 6.314753 1
1.592284 6.279613 1
1.954613 6.582535 1
0.402159 6.651262 1
0.578731 7.660341 1
0.448479 7.727332 2
0.515410 7.559653 1
0.400869 7.591715 1
1.590164 6.121782 1
1.551207 7.285677 1
1.564610 7.186412 1
1.108239 5.522227 1
1.630993 7.365955 2
1.716988 6.784972 1
0.849315 6.312347 1
0.956951 6.196434 1
0.972829 6.363189 1
0.607504 6.824253 1
0.247466 7.171700 1
0.311634 7.287780 1
0.190436 7.302215 1
2.149197 6.750058 2
0.950514 7.675474 2
1.264026 5.770383 1
1.328080 5.670756 1
1.360249 5.814812 1
0.124253 7.204134 1
0.833166 6.086993 1
0.965494 6.052625 1
1.098112 6.129204 1
0.210583 5.397940 1
0.354821 5.390138 1
0.249973 5.502886 1
1.258960 7.182138 1
1.125977 7.093374 1
1.247292 7.029595 1
1.118547 7.236432 1
0.555792 6.480118 1
0.661663 6.433148 1
0.692328 6.567451 1
0.738248 7.897949 2
0.604607 7.778429 2
0.000000 7.777778 0
0.000000 7.638889 0
0.155138 7.724136 2
0.553257 7.346814 1
0.094249 7.569445 1
1.730406 7.084311 1
0.596528 6.329490 1
0.575201 6.206668 1
1.189196 5.700500 1
1.463800 6.891809 1
1.819209 5.788214 1
0.616793 5.524652 1
0.753121 5.474871 1
0.704196 5.575406 1
1.783377 6.277089 1
0.239582 5.637921 1
0.279358 5.768495 1
0.178162 5.768868 1
1.249943 5.883609 1
0.356925 5.562954 1
0.360935 5.703599 1
0.323862 6.067037 1
0.000000 6.666667 0
1.126392 6.947610 1
0.987395 6.885596 1
1.114545 6.819599 1
1.015840 6.738435 1
0.110544 5.656777 1
0.283384 7.047626 1
1.346684 6.950495 1
1.439220 7.024059 1
1.345919 7.083216 1
0.635702 5.069196 2
0.589610 5.172690 1
0.478251 5.133544 2
0.751689 6.471792 1
0.465655 6.555604 1
0.886363 6.750875 1
1.051319 6.259661 1
1.073092 5.746907 1
0.953502 5.786160 1
1.210548 6.020026 1
0.371069 6.795438 1
1.283737 7.430814 1
1.177508 7.507638 2
1.204557 7.331199 1
1.070193 6.356997 1
1.158510 6.252482 1
1.198241 6.407594 1
1.288719 6.310036 1
0.732483 6.352259 1
0.721417 6.205487 1
0.960186 5.918945 1
1.060478 5.867939 1
1.075357 5.997949 1
0.997649 7.156612 1
0.906328 7.288684 1
0.844803 7.132699 1
0.460374 5.629442 1
0.739847 7.167933 1
0.668488 7.268610 1
0.630688 7.118028 1
0.249671 5.295481 1
1.090806 7.389845 1
1.371875 6.417456 1
1.438828 6.301654 1
0.623057 5.404192 1
1.884973 6.114752 1
0.270356 6.722905 1
0.241087 6.594317 1
0.000000 5.555555 0
0.000000 5.416667 0
0.132429 5.509089 1
0.756333 7.376606 1
0.669728 7.526626 1
0.642332 7.395194 1
0.840212 6.200315 1
0.532266 7.220194 1
0.563854 7.457312 1
1.944062 6.806640 1
2.054027 6.924795 2
1.886681 6.919601 1
1.946103 7.028942 1
0.000000 7.361111 0
0.081500 7.298603 1
0.115371 7.430360 1
0.759355 5.356022 2
0.844892 5.723430 1
0.208464 7.574777 1
0.250566 7.417533 1
0.323471 7.516419 1
0.362887 6.551648 1
0.814496 7.491768 1
0.000000 6.250000 0
0.000000 6.111111 0
0.144028 6.180555 1
1.106314 5.636593 1
1.959572 5.977446 1
0.821548 5.858727 1
1.241030 6.163182 1
1.368997 6.188184 1
1.492842 5.722325 1
0.000000 7.500000 0
0.492459 5.721128 1
0.495417 5.508823 1
1.862262 6.226519 1
1.912050 6.310066 1
1.203689 5.589727 1
0.481959 6.387649 1
0.311214 6.299680 1
0.113225 6.883154 1
1.978818 6.434281 1
0.000000 5.972222 0
0.116808 5.897958 1
0.111832 6.061011 1
1.599322 5.826808 1
1.484004 5.872913 1
1.854272 5.900525 1
0.823822 5.596280 1
1.853078 6.394500 1
0.000000 7.083333 0
0.141202 7.079720 1
1.758602 5.662060 1
1.720629 5.535300 2
1.859047 5.557207 2
1.364042 6.804653 1
0.498943 5.377163 1
0.790186 7.268943 1
0.303171 7.658401 2
0.000000 7.222222 0
0.420228 6.023907 1
0.755263 5.973875 1
0.867131 5.978233 1
1.490665 6.790922 1
0.957793 6.520961 1
1.070850 6.471199 1
0.717251 6.064655 1
1.753081 6.410414 1
0.105653 5.389453 1
1.762708 6.517904 1
1.701525 6.607427 1
0.929986 7.017158 1
0.862778 6.878037 1
0.804398 6.970953 1
0.441826 5.283202 1
1.495888 6.199917 1
0.462606 5.832233 1
0.344942 5.846585 1
1.333971 6.646914 1
1.205009 6.635832 1
1.276242 6.520332 1
0.556224 5.274645 1
0.930958 7.556477 1
1.463472 7.365602 1
1.532278 7.479693 2
1.136453 5.394846 2
1.235183 5.467110 2
0.664117 6.992033 1
0.692460 6.894339 1
0.768840 6.814992 1
0.799684 6.671224 1
0.323504 6.922027 1
0.479855 6.892079 1
0.736771 7.076329 1
1.326424 7.547935 3
1.040813 7.011794 1
1.383168 6.525343 1
1.478751 6.592216 1
1.444627 6.706367 1
0.000000 5.694445 0
0.671950 5.881313 1
1.334587 7.310613 1
0.220288 5.997429 1
1.458034 5.570761 1
1.319570 5.547248 1
1.372863 5.437885 2
0.920541 7.459746 1
1.396366 7.460019 2
1.632814 5.711406 1
1.021153 7.292825 1
0.718892 5.204931 2
0.661354 5.299221 1
0.683349 7.644981 1
0.849335 6.431480 1
2.078305 6.379520 2
2.076327 7.058541 2
0.831033 6.551325 1
1.236438 6.883706 1
0.605128 6.093863 1
1.164663 6.531327 1
1.860227 6.496627 1
0.138369 5.285372 1
0.352246 6.389323 1
0.000000 5.138889 0
0.106432 5.066491 2
0.085142 5.194705 1
1.542193 6.684094 1
0.114363 6.303110 1
0.215323 6.379928 1
0.286639 6.485198 1
0.145565 6.498655 1
0.000000 6.527778 0
0.101550 6.405153 1
0.201777 6.955204 1
0.241448 6.843279 1
1.644509 6.699808 1
1.456548 7.228272 1
1.516216 7.100515 1
1.147493 5.921739 1
1.598852 5.928372 1
2.060019 6.808969 2
0.000000 6.388889 0
1.708726 5.785487 1
0.220797 6.099459 1
2.021545 6.303704 1
0.217860 6.270355 1
0.000000 5.000000 0
0.519351 6.007927 1
1.226046 6.755610 1
1.420698 7.120935 1
1.071071 6.610753 1
1.128930 6.714970 1
0.000000 5.277778 0
1.996131 7.145063 2
2.139534 5.880462 2
2.043949 5.901158 1
0.084081 6.578643 1
0.546788 5.903909 1
0.424369 5.926633 1
0.000000 5.833333 0
0.935367 6.645044 1
0.418895 6.471860 1
0.000000 6.944445 0
0.093535 6.987447 1
0.866498 5.386453 2
1.824299 6.803420 1
0.075243 5.763889 1
1.031805 7.484908 1
1.056095 7.595831 2
1.888285 6.699817 1
1.765391 6.700409 1
1.363342 7.185035 1
0.981706 7.387838 1
0.857799 7.383876 1
0.575413 6.917888 1
1.811099 7.010266 1
0.320373 5.961413 1
0.243322 5.873458 1
1.823849 6.603411 1
1.556930 5.627866 1
1.164038 5.815179 1
1.654394 5.613462 1
1.623212 7.089769 1
2.138969 6.287920 3
0.633783 5.986217 1
1.962033 6.206042 1
 0 1 2
 3 4 5
 6 7 8
 8 7 9
 10 11 12
 13 14 15
 16 15 14
 17 18 19
 20 19 18
 21 22 23
 24 23 22
 25 26 27
 28 29 30
 31 32 33
 25 27 34
 35 36 37
 38 39 40
 41 42 43
 10 12 44
 45 46 47
 48 49 50
 51 52 53
 54 55 56
 57 58 59
 20 60 61
 62 31 33
 28 30 63
 64 65 66
 67 66 65
 20 61 68
 69 70 39
 54 56 71
 72 69 39
 16 14 73
 74 75 76
 77 30 29
 78 79 80
 81 33 32
 41 82 42
 83 84 85
 78 80 86
 87 88 75
 89 75 88
 90 91 92
 93 94 95
 93 96 94
 97 98 99
 100 101 43
 102 103 104
 58 105 59
 103 106 104
 107 40 39
 108 47 109
 83 110 84
 38 72 39
 13 111 14
 0 112 1
 100 43 42
 113 114 115
 20 116 60
 117 118 119
 85 120 83
 23 120 85
 117 121 122
 45 123 46
 57 79 58
 51 124 52
 125 126 127
 128 127 126
 117 119 129
 12 11 130
 131 132 133
 131 133 95
 134 135 136
 137 99 98
 28 63 138
 91 121 92
 128 126 139
 75 140 76
 54 141 142
 24 143 23
 144 63 30
 28 97 99
 145 146 147
 148 149 150
 151 150 149
 74 152 153
 154 155 156
 157 158 159
 122 121 160
 161 162 163
 35 164 36
 165 147 146
 154 156 88
 35 91 164
 90 164 91
 7 166 167
 168 114 113
 20 18 169
 7 6 166
 144 170 63
 171 63 170
 172 173 174
 175 176 177
 78 130 11
 74 153 178
 21 68 22
 162 179 163
 64 66 176
 180 176 66
 181 182 183
 184 183 182
 185 186 187
 188 114 168
 54 142 189
 190 187 191
 190 191 192
 171 193 63
 175 194 176
 190 104 106
 195 196 197
 54 198 141
 48 169 199
 25 189 200
 151 201 202
 18 199 169
 203 85 84
 204 185 187
 205 27 26
 206 121 91
 207 208 116
 151 149 201
 209 84 110
 108 210 47
 60 9 61
 61 9 7
 45 47 211
 51 53 212
 89 140 75
 62 213 31
 214 215 216
 203 217 218
 17 219 18
 54 189 220
 208 221 116
 222 223 86
 224 225 226
 131 227 111
 206 91 228
 54 220 55
 158 229 159
 190 230 104
 224 226 1
 231 222 86
 232 46 123
 87 233 234
 111 227 235
 236 76 237
 87 238 233
 0 219 112
 21 19 68
 221 239 116
 173 240 174
 172 174 129
 20 169 207
 93 147 96
 241 242 9
 126 243 244
 245 244 243
 35 246 91
 242 8 9
 21 23 218
 87 75 178
 74 178 75
 47 46 109
 180 59 105
 125 95 94
 247 202 22
 224 1 112
 205 248 122
 249 122 248
 64 101 65
 48 199 49
 250 251 252
 35 136 246
 253 246 136
 41 194 254
 157 94 96
 255 72 256
 257 258 71
 209 71 258
 245 259 260
 77 29 261
 262 261 29
 12 263 264
 144 264 263
 245 265 259
 145 266 146
 80 187 186
 25 34 189
 175 162 229
 161 229 162
 125 267 126
 268 269 250
 270 250 269
 245 243 159
 108 153 152
 35 37 136
 203 218 85
 271 172 129
 20 207 116
 25 200 272
 67 65 230
 93 273 147
 274 216 215
 151 166 150
 203 84 275
 275 276 277
 84 276 275
 278 254 194
 206 228 168
 180 177 176
 145 273 279
 255 279 273
 245 159 265
 255 256 279
 203 280 217
 262 139 261
 157 281 158
 282 283 135
 53 52 170
 171 170 52
 41 43 284
 74 285 152
 137 152 285
 60 116 239
 31 213 286
 58 79 11
 150 166 252
 184 182 287
 134 282 135
 247 68 61
 247 167 202
 137 288 99
 125 289 95
 131 95 289
 115 34 27
 154 200 142
 189 142 200
 188 168 283
 87 153 238
 290 238 153
 233 272 200
 268 250 252
 87 178 153
 221 208 213
 291 252 251
 221 213 292
 290 153 109
 108 109 153
 41 284 176
 245 260 261
 144 30 264
 209 276 84
 253 135 283
 36 164 293
 253 136 135
 41 176 194
 126 244 139
 89 149 140
 253 283 168
 47 210 294
 64 176 284
 295 296 297
 157 96 281
 14 235 298
 247 61 167
 7 167 61
 195 197 299
 245 261 244
 188 283 282
 300 301 302
 171 302 301
 303 304 302
 305 212 306
 148 237 76
 206 168 113
 14 298 307
 157 267 94
 255 69 72
 253 168 228
 117 122 118
 236 285 76
 70 308 309
 310 156 155
 77 261 260
 17 311 217
 247 22 68
 78 86 223
 181 312 182
 165 96 147
 77 264 30
 303 313 304
 17 217 314
 80 79 191
 196 216 197
 157 243 267
 197 315 45
 316 213 208
 317 197 45
 295 318 296
 232 319 46
 290 46 319
 320 250 227
 270 227 250
 259 163 44
 10 44 163
 321 309 308
 53 306 212
 24 22 202
 255 273 308
 291 251 322
 117 129 174
 62 292 213
 322 251 323
 78 11 79
 57 191 79
 175 177 162
 173 324 240
 324 293 240
 23 143 120
 148 76 140
 145 147 273
 58 11 179
 10 179 11
 184 325 40
 87 234 88
 154 88 234
 262 99 288
 326 49 327
 55 220 114
 171 328 302
 313 195 299
 36 297 296
 17 19 311
 8 269 6
 241 239 292
 165 281 96
 329 319 330
 17 112 219
 161 159 229
 214 331 215
 196 214 216
 10 163 179
 18 219 199
 221 292 239
 305 130 223
 78 223 130
 148 150 237
 291 237 150
 320 227 289
 131 289 227
 3 5 225
 89 88 156
 262 332 139
 64 284 101
 43 101 284
 333 294 210
 0 199 219
 224 112 314
 12 264 44
 21 311 19
 224 314 280
 206 160 121
 20 68 19
 137 285 288
 115 114 220
 108 97 210
 189 34 220
 171 52 328
 47 294 211
 171 301 193
 270 235 227
 333 97 138
 28 138 97
 93 95 133
 90 174 240
 262 288 332
 24 202 201
 23 85 218
 334 51 212
 190 106 187
 204 187 106
 310 143 156
 89 156 143
 157 159 243
 126 267 243
 329 330 248
 222 335 223
 125 127 289
 320 289 127
 233 200 234
 55 336 56
 290 109 46
 41 254 82
 222 334 335
 257 71 56
 67 192 59
 321 133 132
 89 201 149
 151 167 166
 151 202 167
 236 237 322
 291 322 237
 16 337 183
 181 183 337
 277 4 275
 217 280 314
 49 199 327
 119 215 338
 331 338 215
 165 146 339
 340 339 146
 54 71 198
 316 286 213
 300 302 304
 333 210 97
 108 98 97
 13 132 111
 205 160 27
 206 27 160
 89 143 201
 24 201 143
 181 337 341
 342 341 337
 80 191 187
 268 166 6
 205 122 160
 190 192 230
 67 230 192
 93 343 273
 57 59 192
 181 341 33
 303 302 328
 21 218 311
 217 311 218
 158 344 345
 28 99 29
 262 29 99
 103 204 106
 125 94 267
 148 140 149
 77 346 264
 249 118 122
 107 15 347
 161 265 159
 274 348 123
 0 327 199
 115 220 34
 310 120 143
 117 174 92
 62 33 341
 236 322 332
 128 332 322
 90 92 174
 16 347 15
 261 139 244
 305 223 335
 313 299 304
 188 336 114
 55 114 336
 273 343 308
 320 251 250
 274 215 349
 119 349 215
 62 341 350
 90 293 164
 274 123 315
 291 150 252
 124 303 328
 203 275 351
 128 139 332
 13 309 132
 324 295 297
 141 110 352
 232 330 319
 74 76 285
 184 287 325
 324 297 293
 90 240 293
 154 234 200
 184 347 183
 209 198 71
 181 33 312
 57 192 191
 185 231 186
 300 294 301
 340 82 254
 117 92 121
 62 350 292
 131 111 132
 17 314 112
 268 252 166
 3 275 4
 331 271 338
 16 73 337
 67 59 66
 203 351 280
 342 73 307
 36 293 297
 184 40 347
 205 26 248
 329 248 26
 45 211 317
 81 312 33
 278 345 344
 320 127 323
 128 323 127
 236 288 285
 16 183 347
 342 337 73
 224 280 353
 158 281 344
 270 298 235
 107 347 40
 14 307 73
 253 228 246
 175 229 345
 158 345 229
 206 113 27
 128 322 323
 249 348 349
 236 332 288
 119 338 129
 271 129 338
 91 246 228
 333 301 294
 141 198 110
 13 15 354
 107 354 15
 300 304 299
 274 349 348
 333 193 301
 180 66 59
 277 276 258
 241 9 239
 300 211 294
 70 69 308
 255 308 69
 316 50 355
 321 132 309
 14 111 235
 300 299 317
 3 351 275
 305 306 263
 83 352 110
 305 263 130
 12 130 263
 249 349 118
 259 265 163
 175 345 194
 278 194 345
 124 328 52
 300 317 211
 119 118 349
 197 216 315
 274 315 216
 241 350 242
 342 242 350
 209 258 276
 197 317 299
 342 307 242
 8 242 307
 233 238 356
 290 356 238
 305 335 212
 115 27 113
 342 350 341
 231 86 186
 268 6 269
 145 279 266
 321 308 343
 8 307 298
 60 239 9
 53 170 306
 144 306 170
 80 186 86
 340 254 339
 316 355 286
 334 212 335
 310 352 120
 83 120 352
 232 123 348
 107 39 354
 70 354 39
 8 298 269
 278 339 254
 70 309 354
 270 269 298
 161 163 265
 48 357 169
 207 169 357
 241 292 350
 108 152 98
 137 98 152
 259 346 260
 77 260 346
 154 142 155
 141 155 142
 224 353 225
 3 225 353
 333 138 193
 63 193 138
 58 179 105
 162 105 179
 259 44 346
 264 346 44
 209 110 198
 249 330 348
 232 348 330
 45 315 123
 233 356 272
 329 272 356
 320 323 251
 249 248 330
 316 357 50
 48 50 357
 329 356 319
 290 319 356
 165 344 281
 316 208 357
 207 357 208
 280 351 353
 165 339 344
 278 344 339
 329 26 272
 25 272 26
 310 155 352
 141 352 155
 144 263 306
 162 177 105
 180 105 177
 13 354 309
 0 2 327
 326 327 2
 321 343 133
 3 353 351
 93 133 343
 0
 0
 0
 0
 0
 0
 22
 134 277 188 257 326 36 1 136 282 49 37 258 226 296 225 56 50 4 355 5 336 2
 10
 100 340 104 65 42 82 146 101 230 266
 0
 15
 81 38 31 182 72 256 287 40 312 279 266 355 325 32 286
 0
 0
 0
 0
 0
 0
 0
 0
 0
 0
 0
