905 1695
8.136876 4.213919 1
8.233779 4.208621 1
8.197956 4.353964 1
9.189115 7.268899 1
9.026397 7.154194 1
9.203280 7.127573 1
9.066470 7.300193 1
8.247979 6.817800 1
8.113981 6.873288 1
8.217145 6.704888 1
8.089259 6.724121 1
8.863484 7.510697 2
8.787069 7.324305 2
8.909194 7.389845 1
8.043000 4.266956 1
8.820605 5.021739 1
8.722643 4.893626 1
8.893986 4.907285 1
8.833369 4.807293 1
8.283409 4.508610 1
8.329446 4.403931 1
8.401311 4.564542 1
8.446996 4.428215 1
9.238634 6.557529 1
9.209997 6.687902 1
9.073569 6.634866 1
9.437507 7.231271 1
9.319554 7.073822 1
9.461488 7.110020 1
9.295344 7.235176 1
8.860770 7.173469 1
8.949093 7.276841 1
8.564707 5.134566 1
8.709617 5.112521 1
8.627939 5.212504 1
6.849532 3.776139 1
6.800718 3.652420 1
6.911029 3.660890 1
8.199057 5.447165 1
8.251304 5.295807 1
8.331640 5.457134 1
9.364298 5.069196 1
9.440231 4.961960 1
9.521749 5.133544 1
9.111339 3.475663 2
9.189052 3.630861 2
9.037111 3.620797 1
9.128688 6.469355 1
6.810746 4.185935 1
6.771570 4.326343 1
6.666837 4.183290 1
8.873552 5.163724 1
8.990396 5.045081 1
6.642293 4.299617 1
8.541680 4.309810 1
8.655129 4.284656 1
8.563005 4.423867 1
8.583735 5.031181 1
7.223019 5.959930 1
7.327240 5.856607 1
7.330631 6.014463 1
8.627259 5.314714 1
8.528218 5.353157 1
8.491294 5.224998 1
7.331566 6.341513 2
7.210431 6.242014 2
7.370585 6.231817 1
9.130545 5.131914 1
9.106349 4.979466 1
9.232071 5.051641 1
8.517939 6.968341 1
8.467883 6.821981 1
8.634856 6.903939 1
7.340687 3.445907 1
7.209900 3.518409 1
7.257548 3.368222 1
9.218946 7.016593 1
9.114326 7.037601 1
9.116414 6.888556 1
9.493650 4.264837 1
9.630780 4.212965 2
9.569606 4.362883 1
9.701820 4.346334 1
8.599419 6.770926 1
7.708025 5.982225 1
7.537745 5.993568 1
7.569298 5.891051 1
8.554075 6.198953 1
8.398484 6.284443 1
8.440294 6.124748 1
8.397983 5.325667 1
6.690095 3.368343 1
6.610770 3.517084 1
6.571198 3.370148 2
9.782336 6.375421 1
9.714513 6.491006 1
9.647049 6.309723 1
8.889911 6.068428 1
8.876207 5.943291 1
9.011252 6.006241 1
8.678182 4.436863 1
9.449766 6.670732 1
9.491693 6.805404 1
9.328373 6.770059 1
6.771995 3.451471 1
8.370704 5.826476 1
8.212707 5.784408 1
8.353352 5.703722 1
7.445928 5.925075 1
9.655478 5.224209 1
9.658634 5.078186 1
9.803578 5.156919 1
9.763619 4.995296 1
9.516789 5.717927 1
9.396482 5.642149 1
9.580210 5.622232 1
9.512300 5.505040 1
9.573372 6.456118 1
8.363518 4.296433 1
8.857430 3.828493 1
8.906816 3.683397 1
9.000507 3.767156 1
9.144129 4.504739 1
9.057297 4.639683 1
8.979750 4.530584 1
9.565700 4.992430 1
9.475797 6.554090 1
9.598319 6.671058 1
7.474355 3.948735 1
7.362502 3.998096 1
7.354558 3.843473 1
7.787800 3.842246 1
7.717743 3.712051 1
7.853895 3.704172 1
6.765488 4.794387 1
6.921344 4.852563 1
6.792965 4.944991 1
7.147572 3.390509 1
8.641073 7.230170 2
8.528239 7.101644 1
8.660903 7.060245 1
7.484683 5.762489 1
8.537523 6.316555 1
7.258852 3.938286 1
7.865252 6.520246 1
7.986753 6.414214 1
8.011275 6.557845 1
10.000000 6.805555 0
9.831214 6.780807 1
9.877488 6.669086 1
8.998612 6.515900 1
8.508942 5.730789 1
8.491449 5.882424 1
9.510895 6.232086 1
9.597271 6.130297 1
9.711719 6.175150 1
8.883080 4.651967 1
7.507003 3.833107 1
7.411201 5.419500 1
7.443591 5.267010 1
7.530152 5.345335 1
7.588943 6.084669 1
6.506629 3.889209 1
6.371160 3.918404 2
6.453152 3.767231 2
9.758457 7.177536 1
9.807975 7.302424 1
9.676048 7.282984 1
7.248505 4.062547 1
6.967904 3.287072 1
7.032102 3.373044 1
6.923911 3.405792 1
7.020362 3.486349 1
8.224382 5.129714 1
8.161983 4.972324 1
8.308622 5.038104 1
8.392323 7.113672 1
8.491088 7.224000 2
8.321747 7.212061 2
9.026536 5.614038 1
9.006129 5.434222 1
9.121614 5.499931 1
9.441229 7.448674 1
9.530840 7.331017 1
9.560238 7.471699 1
9.642888 7.392735 1
6.318694 4.601766 2
6.332431 4.471969 1
6.436944 4.559677 1
6.206203 4.558007 2
6.238244 4.398286 2
8.993105 3.903397 1
7.432907 3.754267 1
7.680612 4.592384 1
7.803439 4.691078 1
7.654087 4.696296 1
7.793516 4.580345 1
7.331261 5.717915 1
7.779768 5.695951 1
7.880129 5.779633 1
7.702898 5.823640 1
8.001240 6.125637 1
8.113116 6.052567 1
8.129907 6.199393 1
8.116965 5.102116 1
8.499805 4.198955 1
8.602221 3.469974 2
8.556871 3.586126 1
8.437001 3.520203 1
9.421269 7.660341 1
9.493247 7.573498 1
9.560072 7.710315 2
7.695964 5.158335 1
7.704840 4.993128 1
7.798072 5.105775 1
7.488338 5.133633 1
7.391780 5.076591 1
7.464369 4.987767 1
7.435950 4.462722 1
7.340311 4.526483 1
7.320731 4.347878 1
7.238105 4.475309 1
8.462506 3.635818 1
8.570185 3.698988 1
8.418548 3.747811 1
8.578001 3.849503 1
8.461940 3.408179 2
9.656452 4.903107 1
6.733642 3.740400 1
7.198951 5.742980 1
7.176685 5.859831 1
8.291259 6.184776 1
8.223780 6.085759 1
7.908357 4.798086 1
7.962013 4.663584 1
6.747306 3.560399 1
6.880623 3.544763 1
7.867022 6.172415 1
7.878946 6.014209 1
7.785075 6.078959 1
7.733526 5.338585 1
7.612352 5.241457 1
7.774418 5.233129 1
8.348732 4.179103 1
9.365487 4.864355 1
9.463585 4.799226 1
7.827161 5.898561 1
6.764845 5.204879 1
6.863762 5.336168 1
6.685428 5.362820 2
6.824794 5.472210 2
9.389372 6.885819 1
7.124092 5.526034 1
7.204670 5.405964 1
7.296735 5.500678 1
6.712580 3.932482 1
6.708884 4.073019 1
6.595653 3.964163 1
9.276552 6.921955 1
6.999556 4.038641 1
7.132358 4.123266 1
7.014201 4.188108 1
9.633027 6.555438 1
9.600762 7.588399 1
8.745855 3.392673 2
8.746016 3.500659 1
8.893339 5.523998 1
7.007150 3.739095 1
7.719899 4.769942 1
7.677336 4.871897 1
7.584693 4.797374 1
6.946815 5.205117 1
9.389235 6.324122 1
9.279037 6.403996 1
9.273932 6.211929 1
9.151763 6.320628 1
7.622010 6.659157 2
7.784500 6.655800 1
7.683464 6.786697 2
9.545782 4.888039 1
7.145138 4.312762 1
7.234975 4.226376 1
7.226786 4.375290 1
8.982921 4.773951 1
8.638648 3.969128 1
8.518836 3.956628 1
7.481462 4.203020 1
7.581713 4.284287 1
7.450148 4.327531 1
7.550530 3.698022 1
7.434972 3.621327 1
9.381773 7.344525 1
6.136762 4.092844 1
6.245292 4.146565 1
6.110779 4.221756 2
6.244764 4.271516 2
7.107476 3.549114 1
7.590600 4.173781 1
9.875747 7.204134 1
8.480675 5.451016 1
6.740088 4.479023 1
6.844259 4.575675 1
6.694670 4.607204 1
8.248270 5.643020 1
8.134847 3.534906 1
8.141157 3.688168 1
7.999675 3.667001 1
8.791578 4.266639 1
8.735228 4.162879 1
8.901535 4.154629 1
9.789417 5.397940 1
9.743815 5.500126 1
9.629246 5.391258 1
8.927892 3.522048 2
7.711292 6.550242 1
7.432375 6.025464 1
6.840518 4.024195 1
6.958953 3.898711 1
9.239473 5.574383 1
9.357913 5.466718 1
7.292564 6.143494 1
8.747341 7.151793 1
6.970466 5.038136 1
7.072138 5.117852 1
6.584668 4.109902 1
7.901470 4.551707 1
7.226384 5.625953 1
8.142313 4.540506 1
8.993132 6.994118 1
7.521933 5.446952 1
9.166834 6.086993 1
9.019207 6.168121 1
8.164438 4.105258 1
8.303850 4.077287 1
8.892035 3.981842 1
9.009155 4.033360 1
8.390642 6.695442 1
8.346403 6.799728 1
9.185892 4.630215 1
10.000000 7.638889 0
9.844862 7.724136 2
9.905751 7.569445 1
6.933664 4.371037 1
7.087327 4.451959 1
6.923322 4.490115 1
9.261940 4.191768 1
9.137074 4.064754 1
9.294507 4.016786 1
9.013980 4.902018 1
8.157369 5.343278 1
7.547746 6.456608 2
7.570994 6.315656 1
7.653225 6.422995 1
7.486845 3.218712 2
7.466652 3.355587 1
7.330201 3.277953 1
9.164279 4.330723 1
9.119013 4.198482 1
9.740313 5.638144 1
9.818915 5.770711 1
9.723989 5.769244 1
7.940942 4.044223 1
7.829739 4.154537 1
7.810811 3.992948 1
7.683034 4.079422 1
6.621573 3.804765 1
6.669802 3.646270 1
8.799227 3.695459 1
8.470879 5.998748 1
8.331203 6.030407 1
7.451898 6.332393 2
8.128344 6.504840 1
8.153173 6.393335 1
9.201405 4.935510 1
8.791797 4.408943 1
8.221743 6.270603 1
8.735496 6.378618 1
8.753009 6.218511 1
8.849186 6.340629 1
6.560232 3.675211 1
7.589087 5.067315 1
6.687865 4.905247 1
6.726094 5.043987 1
6.631585 5.002763 1
8.014758 5.026240 1
7.912322 5.070052 1
7.905993 4.939065 1
8.799455 6.008124 1
6.978658 5.457349 1
9.042658 7.419219 1
9.010417 4.264057 1
9.024271 4.401928 1
8.295546 6.352772 1
7.236230 4.640737 1
7.596216 5.791795 1
7.416350 6.133093 1
7.492447 6.216510 1
7.919750 3.793797 1
10.000000 6.666667 0
8.010725 4.891712 1
8.210576 7.000502 1
8.259361 7.106859 2
8.104674 7.104176 2
7.646689 3.834103 1
7.589310 3.951665 1
8.608825 5.841091 1
8.750695 5.904475 1
8.598965 5.957848 1
9.878208 5.660171 1
7.076392 4.822713 1
7.184811 4.897837 1
7.085773 4.974476 1
7.355974 4.133937 1
7.511289 4.077076 1
8.868824 6.204435 1
8.225669 3.402265 2
8.280723 3.514709 1
6.631879 4.698171 1
6.770990 4.672834 1
9.405770 5.171740 1
7.819833 4.993639 1
7.592319 3.433949 1
7.679657 3.570265 1
7.536464 3.555036 1
7.136845 4.570757 1
8.746495 5.791094 1
8.140535 3.900856 1
8.224384 3.983773 1
8.077665 4.032224 1
9.843989 4.287328 1
9.836925 4.437894 1
9.314569 4.342330 1
8.322412 6.618354 1
8.929633 6.639293 1
8.847431 6.494970 1
8.786765 6.643507 1
8.044079 3.806587 1
8.028935 3.941008 1
9.643438 5.532288 1
8.751380 4.564247 1
8.861794 4.526571 1
8.695585 3.615175 1
8.902892 4.323374 1
6.635351 4.809585 1
7.293615 4.802448 1
7.301553 4.971611 1
7.381545 4.884879 1
8.706083 3.761477 1
8.648005 5.639409 1
8.803871 5.700864 1
8.645694 5.751071 1
9.268643 4.448486 1
6.848817 5.063982 1
8.535851 4.550630 1
9.643176 6.816199 1
9.038133 5.778345 1
8.926873 5.746908 1
7.670146 4.365158 1
7.547561 4.413340 1
8.808000 4.066500 1
8.343011 3.622439 1
8.261129 3.719571 1
7.315815 3.590630 1
6.822093 3.892826 1
9.407954 6.992599 1
9.443776 5.274645 1
9.352675 5.348751 1
9.293259 5.209572 1
8.068411 4.410639 1
6.635678 5.241629 2
6.638291 5.119759 2
8.960310 5.866012 1
7.845436 3.518463 1
7.950570 3.409978 1
7.993028 3.524222 1
9.569804 4.571433 1
9.660564 4.490055 1
9.656548 4.656291 1
9.775171 4.579339 1
6.908397 4.961698 1
7.647130 6.204130 1
7.179577 3.233610 1
7.052512 3.196591 2
7.173300 3.083775 2
9.599318 7.152754 1
7.906146 6.626646 1
7.627986 5.690001 1
8.224896 3.609948 1
8.948379 6.302454 1
8.703649 6.529664 1
6.506563 4.665459 1
6.403944 4.719996 2
6.012780 4.101611 3
8.426278 4.109686 1
9.477521 4.131865 2
9.035880 6.385995 1
7.640458 4.476840 1
7.769440 4.469009 1
9.749074 5.293266 1
8.040832 4.749102 1
8.573090 6.070598 1
8.822588 3.578330 1
8.410294 5.534955 1
9.507947 6.351065 1
9.136582 5.963425 1
9.259523 5.967681 1
9.387253 6.096727 1
9.282792 6.069672 1
10.000000 5.416667 0
10.000000 5.555555 0
9.862366 5.518735 1
7.250711 3.717463 1
7.357793 3.705432 1
9.370858 4.135249 1
9.017595 5.197884 1
8.943007 5.300575 1
6.485501 4.018254 1
6.366496 4.075804 1
9.305101 5.776990 1
9.427407 5.788477 1
9.403490 6.204954 1
7.628674 5.388248 1
8.281182 3.844628 1
8.391196 6.923357 1
8.184880 3.793109 1
7.032129 4.300321 1
7.924122 3.904215 1
9.206174 6.801451 1
10.000000 7.361111 0
9.884402 7.430390 1
9.916790 7.300453 1
9.893568 5.066491 1
8.699404 6.020217 1
9.143147 5.736123 1
6.815573 3.308843 1
7.259796 3.145880 1
9.791536 7.574777 1
9.752471 7.414346 1
9.680796 7.517345 1
8.444735 5.075212 1
8.351130 5.181495 1
7.991849 6.253964 1
9.184378 5.857446 1
10.000000 6.111111 0
10.000000 6.250000 0
9.862522 6.180937 1
9.060925 5.898763 1
8.893772 5.636862 1
8.600173 6.425545 1
7.991162 5.553521 1
7.851661 5.591433 1
7.907560 5.478063 1
7.190773 5.054635 1
10.000000 7.500000 0
9.238060 5.686774 1
8.851854 7.031663 1
7.937647 5.676692 1
6.917846 4.123974 1
8.795938 5.589827 1
8.834460 5.291018 1
9.886647 6.882835 1
8.045205 4.134794 1
7.949552 4.167972 1
9.153767 5.622250 1
6.748885 3.832602 1
7.739520 3.436522 1
7.909980 4.274614 1
8.747673 7.001902 1
7.766601 6.415366 1
8.875700 6.782248 1
9.000566 6.760541 1
8.784682 6.896964 1
8.725403 6.775643 1
9.336540 5.877294 1
10.000000 5.972222 0
9.890016 6.067082 1
9.884097 5.897996 1
9.088025 3.957970 1
10.000000 7.083333 0
9.858798 7.079720 1
8.010467 7.001027 1
7.938938 6.872695 1
6.644121 4.409723 1
7.124539 3.959820 1
7.010106 4.599801 1
9.697988 7.781382 2
9.697448 7.657166 1
8.494654 4.948745 1
6.460124 3.478721 3
10.000000 7.222222 0
8.432581 3.883755 1
9.476225 5.378482 1
7.544069 4.540211 1
7.431479 4.611162 1
9.197598 3.915571 1
9.314283 3.848248 2
8.877501 5.404268 1
8.761273 5.468201 1
7.543818 4.675114 1
7.428025 4.762900 1
7.316336 5.349784 1
8.984689 6.868281 1
9.894346 5.389453 1
7.052244 6.037927 2
7.112624 5.953517 1
7.176009 6.071414 2
7.184696 3.631456 1
9.255507 7.360882 1
9.104176 3.726347 1
9.389493 3.941152 2
6.900465 4.703477 1
8.697927 4.067390 1
8.621064 4.148262 1
8.538924 4.070376 1
9.240016 5.359257 1
8.901613 6.914772 1
7.447333 3.485706 1
7.110127 4.224920 1
9.408763 4.670970 1
9.303288 4.563451 1
9.457863 4.560836 1
9.392477 4.455444 1
8.717920 3.878421 1
9.557239 5.283425 1
8.297964 5.907558 1
9.624385 7.011266 1
9.720688 7.050440 1
8.764432 4.697741 1
8.626511 5.438052 1
8.739789 5.350778 1
8.053024 5.415451 1
8.133616 5.564425 1
7.801664 4.312671 1
9.647109 5.717340 1
7.579435 4.927200 1
9.346112 6.510459 1
9.334600 6.631521 1
6.455020 3.605576 2
9.124958 4.842820 1
7.839534 3.393071 1
7.204153 3.827495 1
7.083027 3.295975 1
8.711639 4.780706 1
8.196648 5.955211 1
9.084099 7.575365 1
9.182749 7.480721 1
9.200134 7.619064 1
7.698123 6.095406 1
7.019033 5.579883 1
6.692377 3.259622 2
7.808046 6.816317 1
7.713061 6.929952 2
6.922052 5.560655 1
8.508940 4.682758 1
8.648938 4.663811 1
7.080760 3.837439 1
7.151046 3.739827 1
7.082345 3.659046 1
9.218525 5.468232 1
8.912887 4.440127 1
6.213589 3.874769 2
6.248830 4.009155 1
7.387219 5.170876 1
9.035439 4.143056 1
7.876116 6.314047 1
7.873680 6.415968 1
8.688021 5.006658 1
7.428337 5.656695 1
7.695502 4.225101 1
8.282659 4.921088 1
7.871242 4.409590 1
10.000000 4.444445 0
9.895347 4.543991 1
10.000000 5.694445 0
8.237376 6.574747 1
8.260412 6.466754 1
8.372476 6.533932 1
8.117463 4.823249 1
7.008394 4.908817 1
7.447411 5.545475 1
7.343417 5.616569 1
7.363416 3.152739 2
8.737043 5.234947 1
7.009689 4.730780 1
7.348605 4.683610 1
6.103865 3.968939 2
9.397194 4.033442 1
9.486578 3.959123 2
7.175807 4.768098 1
7.925807 5.372638 1
7.976167 5.274621 1
6.634635 4.507141 1
9.786703 5.994103 1
8.112045 6.987551 1
7.706547 3.940217 1
8.265223 6.914089 1
8.547714 5.569932 1
8.336599 3.943409 1
7.180489 5.198416 1
8.370759 6.427242 1
8.471024 6.393604 1
8.971289 7.542330 2
9.161214 5.261732 1
9.048803 5.312334 1
9.461425 7.753967 1
9.097701 3.842282 1
8.071892 6.321529 1
8.648626 6.277834 1
8.164157 4.693324 1
7.996258 6.763969 1
8.675888 5.541084 1
9.428583 6.433308 1
6.949240 5.690904 2
6.807890 5.608046 2
8.086248 5.279668 1
8.425138 7.016284 1
7.971057 4.363525 1
9.476728 6.925831 1
7.291842 5.136604 1
7.787888 3.623500 1
10.000000 4.305555 0
9.896297 4.188107 2
9.764725 6.604926 1
9.719796 6.723753 1
7.102363 5.654710 1
7.083399 5.771421 1
6.441395 4.412462 1
7.657597 3.226219 2
7.574619 3.319385 1
6.839843 4.438451 1
6.972481 5.823722 2
7.998260 6.668141 1
8.516747 6.686068 1
8.661390 6.660290 1
7.965806 5.893101 1
8.087477 5.855208 1
8.088157 5.952601 1
8.012184 6.007595 1
9.289888 4.673587 1
9.775592 6.264836 1
9.515800 4.473945 1
7.797813 4.871843 1
9.279855 7.560593 1
7.089032 5.409372 1
7.118725 5.312184 1
10.000000 4.861111 0
10.000000 5.000000 0
9.878259 4.909756 1
10.000000 4.583333 0
10.000000 4.722222 0
9.880175 4.672441 1
8.391885 5.929610 1
7.826413 6.922435 1
7.895785 7.002352 2
7.224258 5.305674 1
8.079580 3.432795 1
9.121345 6.754663 1
9.114153 4.730761 1
8.581032 6.579071 1
7.112457 4.685982 1
7.901898 6.730320 1
7.348937 4.244239 1
9.139549 6.204449 1
9.797285 6.954320 1
9.755142 6.843324 1
6.541129 5.048256 2
6.561650 4.911911 2
7.609828 6.534926 2
8.263885 4.623531 1
7.907538 3.607256 1
9.918821 4.368527 1
9.861631 5.285372 1
6.557072 4.237191 1
6.475811 4.160089 1
8.066018 4.637471 1
10.000000 5.138889 0
9.914859 5.194705 1
10.000000 4.166667 0
8.230309 4.827884 1
8.295834 4.735635 1
9.885636 6.303110 1
7.759062 6.161599 1
8.936102 6.409224 1
9.854586 6.498920 1
10.000000 6.527778 0
9.898450 6.405153 1
8.469175 4.823543 1
8.601311 4.799692 1
8.397052 4.694332 1
8.068089 5.721681 1
7.773939 3.304002 1
7.778308 3.199289 2
8.781055 6.104211 1
6.999979 3.608918 1
9.544719 5.824807 1
9.655012 5.846220 1
8.856175 3.448032 2
7.001209 5.322127 1
10.000000 6.388889 0
7.597425 5.533714 1
9.334420 4.761513 1
8.482416 6.500474 1
6.897636 3.204002 2
7.666794 6.311472 1
7.672304 3.346754 1
9.789057 6.096117 1
7.310883 3.038144 2
7.059162 5.227658 1
9.202797 3.783251 2
9.383889 4.243562 1
9.058955 6.276330 1
8.933039 7.088361 1
9.734552 4.243294 2
9.444994 4.357610 1
10.000000 5.277778 0
8.668210 6.148387 1
6.568055 4.580277 1
8.020779 4.540840 1
7.769765 6.274017 1
7.723514 5.584177 1
6.542387 4.470530 1
9.531137 4.677654 1
9.003117 7.679253 2
9.915918 6.578643 1
8.589025 4.907459 1
7.718904 5.458847 1
10.000000 5.833333 0
8.350130 4.829906 1
9.217078 4.741789 1
9.261843 4.849654 1
9.360974 7.795764 2
9.309827 7.662305 1
9.230308 7.740407 2
9.319504 7.459493 1
8.022291 5.169083 1
7.890661 5.195217 1
6.784701 3.180450 2
7.888206 3.296390 2
8.388100 4.946356 1
8.339474 5.584421 1
8.255172 5.537175 1
7.797246 5.508894 1
9.602942 4.783470 1
9.717548 4.796529 1
8.651186 4.533991 1
8.119693 3.335945 2
9.763075 4.695080 1
7.320543 5.240543 1
9.113971 7.694994 2
6.903252 4.256149 1
8.154737 5.215671 1
9.792582 4.131754 2
6.354817 4.210866 1
7.526029 5.635945 1
9.524220 7.030573 1
8.052216 5.626583 1
7.968187 4.453945 1
10.000000 6.944445 0
7.987830 5.785263 1
6.527680 4.768586 1
6.458292 4.860746 2
9.147300 7.365983 1
8.151960 5.664776 1
9.816274 4.791667 1
9.921261 4.791667 1
6.453289 4.285913 1
9.906357 6.987324 1
9.132717 5.389285 1
9.577426 6.911754 1
9.503384 7.849445 2
7.487613 4.872024 1
8.121071 6.622148 1
9.924757 5.763889 1
7.958073 7.099554 2
8.780659 3.965343 1
7.825233 5.408347 1
9.310996 4.960452 1
8.019016 3.320478 1
9.367978 5.986574 1
7.858644 5.299185 1
9.763405 4.883244 1
9.758597 5.873807 1
8.438113 5.630522 1
6.345994 4.337882 1
8.420769 4.007967 1
9.377488 7.560817 1
8.845331 5.824608 1
7.971704 3.223093 2
9.495859 6.116432 1
9.674578 5.954826 1
9.565812 5.926412 1
8.450120 6.602623 1
9.458397 5.899045 1
9.592882 6.025506 1
9.483365 6.009024 1
8.348223 3.406164 2
9.685886 6.927042 1
6.546760 4.352573 1
7.062775 5.862608 1
7.006169 5.945679 2
9.694324 6.063309 1
8.323970 7.012460 1
7.793717 7.009913 2
7.707360 7.080917 3
8.075289 3.231018 2
 0 1 2
 3 4 5
 6 4 3
 7 8 9
 8 10 9
 11 12 13
 14 0 2
 15 16 17
 17 16 18
 19 20 21
 20 22 21
 23 24 25
 26 27 28
 29 27 26
 30 31 12
 32 33 34
 35 36 37
 38 39 40
 41 42 43
 44 45 46
 47 23 25
 48 49 50
 51 15 52
 53 50 49
 54 55 56
 57 33 32
 58 59 60
 61 62 63
 64 65 66
 67 68 69
 34 61 63
 70 71 72
 73 74 75
 76 77 78
 79 80 81
 82 81 80
 83 72 71
 84 85 86
 87 88 89
 90 40 39
 91 92 93
 94 95 96
 97 98 99
 56 55 100
 101 102 103
 91 104 92
 105 106 107
 59 108 60
 109 110 111
 112 111 110
 113 114 115
 116 115 114
 117 96 95
 118 54 22
 119 120 121
 122 123 124
 125 43 42
 101 126 127
 118 2 1
 128 129 130
 131 132 133
 134 135 136
 74 137 75
 138 139 140
 141 108 59
 87 142 88
 130 129 143
 144 145 146
 147 148 149
 150 47 25
 151 152 105
 153 154 96
 154 155 96
 156 124 123
 128 130 157
 158 159 160
 84 161 85
 162 163 164
 165 166 167
 168 143 129
 169 170 171
 172 171 170
 173 174 175
 176 177 178
 179 180 181
 182 183 184
 185 184 183
 15 17 52
 186 187 188
 151 105 107
 187 189 190
 119 121 191
 130 192 157
 193 194 195
 196 194 193
 141 59 197
 198 199 200
 201 202 203
 186 189 187
 173 204 174
 118 205 54
 206 207 208
 209 210 211
 212 213 214
 215 216 217
 218 219 220
 221 220 219
 222 223 224
 225 224 223
 226 206 208
 125 227 110
 84 86 200
 35 228 36
 229 59 230
 58 230 59
 231 203 232
 233 194 234
 235 104 236
 201 237 238
 238 237 239
 13 12 31
 240 241 242
 118 243 205
 244 245 42
 200 199 246
 247 248 249
 250 249 248
 171 236 104
 103 102 251
 252 253 254
 255 256 257
 258 76 78
 259 260 261
 127 126 262
 263 211 210
 206 264 265
 179 266 180
 35 37 267
 268 269 270
 247 271 248
 272 273 274
 275 274 273
 276 277 278
 245 279 42
 280 281 282
 156 123 283
 225 284 285
 141 86 108
 5 27 29
 229 197 59
 235 236 36
 286 287 288
 289 192 290
 182 291 183
 292 293 294
 295 294 293
 281 220 282
 74 296 137
 172 137 296
 286 297 287
 165 298 166
 90 299 40
 300 301 302
 303 107 106
 304 305 306
 307 308 309
 310 311 312
 313 46 120
 276 314 277
 315 60 108
 259 316 317
 318 319 114
 116 114 319
 90 63 62
 268 270 195
 320 66 65
 30 12 321
 112 110 227
 322 323 271
 324 257 256
 234 194 325
 252 254 326
 327 2 19
 70 72 140
 5 4 77
 328 77 4
 158 160 329
 330 331 99
 332 333 1
 119 191 334
 335 334 191
 336 337 9
 122 338 123
 339 340 341
 342 343 344
 345 346 347
 348 52 17
 38 349 39
 350 351 352
 353 354 355
 73 355 354
 345 356 357
 358 359 360
 361 362 363
 364 363 362
 228 365 366
 119 367 120
 368 89 369
 350 370 351
 146 145 371
 372 371 145
 373 69 68
 100 55 374
 231 375 203
 345 357 346
 376 377 378
 366 365 379
 215 217 380
 203 202 232
 381 382 383
 136 382 381
 384 385 386
 51 33 15
 97 387 98
 250 248 388
 13 31 389
 6 389 31
 390 356 391
 122 391 356
 392 375 88
 134 136 381
 393 221 219
 141 394 86
 315 161 395
 396 395 161
 131 133 397
 398 147 149
 384 386 399
 400 401 402
 403 404 157
 405 406 407
 358 408 359
 409 410 411
 412 129 413
 377 414 378
 304 415 416
 134 417 418
 375 231 88
 41 43 419
 420 214 213
 421 422 423
 289 423 422
 379 365 164
 393 424 221
 425 406 405
 426 427 428
 82 429 430
 345 431 356
 336 9 432
 150 433 434
 435 434 433
 436 426 437
 286 412 413
 436 397 306
 133 306 397
 312 311 438
 439 374 440
 441 206 265
 212 242 241
 172 236 171
 307 309 442
 134 443 417
 302 418 417
 157 404 128
 67 52 68
 410 444 445
 445 444 446
 441 447 223
 225 223 447
 138 140 321
 448 449 450
 122 356 451
 138 177 139
 247 452 271
 289 290 423
 21 22 453
 101 127 102
 454 102 127
 179 455 456
 287 457 458
 231 369 89
 70 140 139
 459 309 308
 222 224 460
 461 460 224
 322 271 452
 73 462 74
 316 463 317
 168 281 260
 258 251 464
 465 466 467
 327 468 2
 258 464 27
 247 469 470
 98 471 99
 472 473 474
 475 476 477
 478 477 476
 136 479 452
 396 161 480
 196 325 194
 481 482 483
 183 26 484
 144 146 485
 198 200 486
 304 487 305
 97 331 414
 488 414 331
 376 434 489
 490 491 188
 186 188 491
 292 294 492
 212 380 213
 493 205 243
 156 283 18
 185 183 167
 79 494 80
 150 495 47
 275 47 495
 496 497 193
 196 193 497
 109 111 498
 28 484 26
 481 355 75
 233 234 499
 368 500 89
 255 316 256
 235 92 104
 426 428 437
 310 312 498
 109 498 312
 136 452 382
 313 120 501
 502 40 299
 100 374 439
 247 470 382
 216 445 217
 445 446 217
 272 153 503
 330 504 505
 120 46 121
 125 110 43
 506 274 507
 481 75 137
 508 509 510
 511 512 130
 345 347 513
 51 514 515
 162 516 163
 517 163 516
 518 114 519
 506 520 274
 240 521 241
 461 224 522
 70 523 71
 436 524 426
 1 333 243
 330 505 507
 425 450 449
 342 525 343
 131 526 363
 361 363 526
 82 430 476
 478 476 430
 176 139 177
 315 85 161
 289 422 132
 215 380 241
 212 241 380
 258 527 103
 528 529 530
 112 531 111
 90 62 299
 532 407 406
 179 533 455
 169 171 534
 481 535 355
 536 537 529
 14 2 468
 536 538 537
 539 63 540
 539 57 32
 201 203 541
 518 542 533
 162 164 365
 536 341 340
 543 544 545
 118 20 2
 258 78 527
 496 458 457
 546 99 471
 151 405 152
 179 456 547
 465 467 419
 91 534 104
 376 489 548
 549 550 551
 552 411 410
 87 89 500
 528 553 529
 518 554 114
 332 428 427
 272 520 153
 304 416 487
 116 312 438
 30 321 555
 549 556 550
 259 261 557
 558 449 448
 356 431 451
 37 36 236
 51 515 559
 147 560 148
 561 14 562
 318 563 181
 35 564 228
 472 422 565
 421 565 422
 562 14 566
 555 321 567
 275 273 47
 144 314 568
 435 433 569
 570 569 433
 134 381 443
 571 72 572
 518 573 542
 574 575 576
 335 191 577
 578 298 579
 580 581 8
 53 49 582
 259 583 260
 335 309 334
 459 334 309
 584 344 343
 585 586 340
 536 340 586
 539 587 57
 122 124 391
 588 93 92
 578 589 298
 138 321 12
 224 590 522
 119 447 367
 390 442 309
 435 489 434
 116 591 312
 218 220 288
 539 540 175
 218 592 593
 594 595 347
 131 403 132
 289 132 403
 300 582 49
 225 590 224
 596 266 597
 179 181 563
 598 599 593
 372 375 392
 330 99 504
 158 600 159
 570 601 569
 505 542 573
 97 99 331
 508 510 602
 603 604 605
 511 606 462
 5 29 3
 607 3 29
 509 408 510
 558 597 266
 608 121 46
 595 609 347
 584 610 301
 134 610 135
 611 612 613
 614 467 466
 90 540 63
 511 462 512
 307 374 55
 569 601 615
 166 537 167
 358 115 438
 290 462 616
 284 611 613
 280 617 281
 618 619 620
 621 620 619
 225 622 284
 109 312 623
 396 370 66
 64 66 370
 105 624 106
 625 626 484
 156 18 627
 628 61 629
 151 450 405
 549 630 631
 38 631 630
 83 572 72
 632 362 566
 358 633 115
 634 270 269
 533 542 455
 546 455 542
 113 519 114
 635 126 636
 101 636 126
 588 92 637
 379 637 92
 348 283 638
 183 291 26
 472 639 473
 511 130 640
 7 9 337
 481 137 641
 425 405 450
 165 484 626
 16 642 18
 643 369 232
 539 32 63
 328 78 77
 644 645 646
 465 43 623
 109 623 43
 168 412 281
 84 647 161
 252 648 388
 91 93 649
 518 533 554
 179 563 533
 171 104 534
 278 650 651
 130 512 192
 250 388 652
 607 29 291
 628 62 61
 21 453 653
 654 653 453
 655 267 656
 657 656 267
 166 530 529
 318 181 658
 659 440 374
 222 208 207
 660 163 661
 215 662 216
 390 357 356
 335 346 663
 664 541 145
 379 164 637
 144 665 145
 16 15 666
 396 480 351
 268 195 194
 247 249 469
 621 619 451
 168 260 583
 384 174 204
 141 197 667
 364 362 668
 109 43 110
 669 175 174
 598 593 592
 497 670 325
 318 114 554
 67 69 467
 41 467 69
 671 672 430
 509 673 408
 674 675 676
 18 283 17
 384 399 174
 677 174 399
 73 75 355
 409 411 678
 158 679 254
 680 254 679
 353 355 681
 51 682 33
 612 55 205
 54 205 55
 436 437 526
 594 346 577
 335 577 346
 409 135 683
 596 629 559
 593 684 219
 122 619 338
 660 661 685
 348 17 283
 686 687 494
 643 232 202
 47 273 23
 684 393 219
 517 661 163
 409 688 410
 689 690 630
 635 23 273
 300 302 691
 692 576 575
 101 103 636
 24 636 103
 400 402 693
 91 649 534
 116 319 591
 364 694 363
 144 277 314
 131 397 526
 185 167 537
 73 616 462
 400 8 695
 151 696 448
 697 522 590
 552 698 323
 584 343 424
 392 88 699
 700 699 88
 552 410 445
 225 285 590
 13 389 701
 358 360 633
 67 702 514
 703 514 702
 82 476 81
 209 211 704
 608 46 45
 196 497 325
 608 705 121
 372 706 375
 446 444 599
 372 392 675
 376 548 707
 156 440 124
 677 499 708
 10 8 709
 128 413 129
 632 566 670
 24 103 527
 448 696 710
 710 696 628
 57 666 33
 552 323 411
 117 711 503
 596 597 629
 712 713 652
 250 652 713
 284 613 285
 117 126 711
 594 347 346
 322 452 479
 714 630 690
 176 715 139
 292 685 661
 566 716 670
 231 89 88
 717 251 102
 552 445 718
 259 557 316
 48 316 557
 90 39 540
 436 306 305
 48 256 316
 655 583 317
 259 317 583
 472 719 422
 153 96 503
 441 265 501
 720 429 721
 655 640 583
 255 463 316
 722 149 723
 148 723 149
 390 391 442
 659 442 391
 712 724 725
 151 448 450
 628 629 597
 187 726 188
 353 727 728
 654 439 627
 156 627 439
 300 729 301
 712 725 730
 330 507 274
 421 616 354
 146 731 485
 361 526 437
 7 695 8
 216 718 445
 632 668 362
 183 484 167
 128 404 413
 689 630 551
 41 419 467
 83 732 733
 734 735 736
 734 736 737
 618 738 619
 376 378 434
 361 562 362
 34 63 32
 355 535 681
 133 132 719
 287 458 288
 94 96 739
 67 467 702
 614 702 467
 81 476 740
 201 238 737
 734 737 238
 84 200 246
 441 207 206
 225 447 622
 233 741 194
 268 194 741
 742 646 645
 252 388 743
 318 658 319
 614 319 658
 84 246 238
 292 492 685
 258 103 251
 364 404 694
 221 343 282
 280 282 343
 252 743 253
 744 253 743
 570 78 601
 172 170 137
 745 746 747
 748 749 750
 135 610 683
 117 262 126
 368 369 751
 752 581 753
 478 430 672
 744 754 253
 201 737 202
 304 755 415
 722 127 262
 756 78 570
 8 581 709
 122 451 619
 376 707 377
 283 757 638
 13 701 11
 353 728 354
 272 274 520
 549 551 630
 758 548 489
 289 403 157
 136 135 479
 125 42 279
 364 413 404
 155 739 96
 6 31 4
 51 52 514
 67 514 52
 51 559 682
 30 4 31
 584 424 759
 734 238 246
 278 277 650
 760 650 277
 752 651 650
 173 175 540
 220 761 288
 580 753 581
 400 693 8
 140 72 567
 330 274 762
 275 762 274
 322 411 323
 763 764 560
 383 765 766
 276 767 314
 21 768 19
 472 474 769
 671 430 770
 111 771 498
 465 419 43
 558 448 710
 767 350 352
 324 772 773
 328 601 78
 281 617 260
 229 326 197
 680 197 326
 708 499 774
 621 451 431
 722 723 127
 454 127 723
 314 767 352
 304 306 474
 583 640 143
 614 466 319
 324 50 772
 327 19 768
 280 343 525
 313 44 46
 628 299 62
 775 776 531
 643 624 369
 777 720 721
 677 708 778
 779 778 708
 544 780 545
 781 239 237
 302 301 418
 231 232 369
 150 434 782
 722 95 783
 94 783 95
 784 783 785
 786 653 787
 654 787 653
 336 732 71
 83 71 732
 21 788 768
 571 615 555
 789 106 735
 131 694 403
 290 616 423
 200 394 486
 790 727 791
 571 572 569
 286 413 297
 700 88 142
 22 56 453
 289 157 192
 70 715 523
 215 241 159
 160 159 241
 570 433 25
 97 414 792
 377 792 414
 475 740 476
 674 676 432
 436 305 524
 634 380 217
 677 399 499
 233 499 399
 421 423 616
 15 33 666
 5 76 27
 643 106 624
 218 593 219
 37 793 267
 140 567 321
 388 648 652
 113 633 794
 795 794 633
 677 778 174
 669 174 778
 571 569 615
 35 317 463
 657 267 793
 165 579 298
 265 796 501
 388 248 797
 272 711 273
 635 273 711
 517 516 773
 324 773 516
 496 193 592
 598 592 193
 150 25 433
 133 769 306
 643 735 106
 798 784 785
 799 329 521
 117 503 96
 364 668 297
 148 560 764
 118 1 243
 598 195 270
 618 245 800
 244 800 245
 758 801 548
 700 548 801
 584 301 344
 543 545 575
 145 541 706
 327 768 708
 169 802 482
 332 1 0
 35 267 317
 655 317 267
 746 775 531
 155 545 739
 803 352 351
 790 804 727
 74 462 606
 155 805 545
 806 535 483
 323 698 807
 435 733 489
 608 808 705
 330 762 331
 79 809 494
 328 555 615
 191 121 705
 488 331 810
 30 811 4
 671 748 672
 548 142 707
 758 733 732
 221 282 220
 82 812 429
 481 483 535
 281 761 220
 358 510 408
 608 45 808
 409 678 135
 740 621 813
 165 167 484
 173 540 39
 494 809 513
 314 352 568
 203 375 706
 328 4 811
 814 508 602
 814 602 771
 87 815 707
 752 650 581
 160 241 521
 302 417 816
 168 129 412
 327 817 468
 803 818 568
 664 568 818
 198 486 819
 820 188 726
 54 56 22
 580 8 693
 118 22 20
 81 740 813
 475 821 620
 112 747 531
 697 427 522
 247 382 452
 700 142 548
 644 822 701
 253 600 254
 158 254 600
 722 783 823
 505 504 542
 221 424 343
 290 512 462
 544 798 780
 377 707 815
 644 389 645
 57 824 666
 111 531 776
 594 808 595
 744 743 797
 388 797 743
 643 202 736
 799 521 825
 435 569 572
 58 605 604
 258 27 76
 799 819 486
 393 759 424
 760 581 650
 198 556 199
 826 574 576
 786 827 788
 828 829 638
 373 638 829
 346 357 663
 574 543 575
 287 297 668
 209 830 831
 832 831 830
 523 695 337
 301 729 344
 84 238 239
 607 833 645
 676 675 699
 263 586 211
 585 211 586
 686 513 347
 546 504 99
 384 834 385
 835 385 834
 119 622 447
 441 367 447
 836 534 649
 659 391 124
 313 501 796
 131 363 694
 86 394 200
 790 791 837
 229 724 326
 252 326 724
 746 531 747
 742 645 833
 441 223 207
 420 213 741
 292 661 293
 517 293 661
 421 354 728
 410 688 444
 717 464 251
 786 587 838
 502 839 40
 40 839 840
 73 354 616
 841 551 550
 233 399 386
 348 68 52
 79 81 813
 28 27 464
 286 288 761
 842 477 843
 426 522 427
 523 337 71
 584 683 610
 654 453 844
 218 458 592
 320 60 395
 845 415 755
 134 418 610
 477 846 843
 301 610 418
 34 33 682
 847 159 600
 644 848 822
 342 49 849
 48 849 49
 368 152 407
 403 694 404
 290 192 512
 618 620 821
 162 365 257
 255 257 365
 2 20 19
 714 834 850
 393 688 759
 123 757 283
 584 759 683
 644 646 848
 235 366 92
 379 92 366
 851 429 812
 654 844 439
 786 838 827
 599 444 684
 58 60 605
 320 605 60
 571 567 72
 748 750 672
 405 407 152
 517 773 852
 83 733 572
 100 439 844
 799 486 853
 461 305 487
 625 484 854
 271 797 248
 7 337 695
 141 486 394
 654 642 787
 786 788 653
 851 721 429
 786 787 824
 834 204 850
 422 719 132
 319 466 591
 430 429 770
 720 770 429
 70 139 715
 549 855 556
 789 556 855
 478 672 750
 722 823 149
 722 262 95
 621 431 813
 302 816 691
 465 623 591
 312 591 623
 571 555 567
 758 489 733
 856 325 670
 453 56 844
 310 602 510
 345 809 431
 779 768 788
 100 844 56
 372 145 706
 147 857 560
 741 213 269
 436 526 397
 82 80 812
 141 853 486
 789 858 556
 490 859 491
 860 491 859
 364 297 413
 786 824 587
 536 529 341
 553 341 529
 393 444 688
 173 39 850
 389 861 645
 295 293 852
 156 439 440
 465 591 466
 303 106 862
 789 862 106
 328 811 555
 144 485 277
 863 864 747
 745 747 864
 434 378 782
 16 666 824
 373 68 638
 348 638 68
 165 626 579
 763 579 626
 198 550 556
 261 260 617
 703 515 514
 676 699 801
 700 801 699
 749 864 750
 863 750 864
 856 468 817
 865 852 773
 578 579 866
 632 497 457
 496 457 497
 629 61 682
 517 852 293
 30 555 811
 654 627 642
 598 270 599
 322 678 411
 48 50 256
 144 568 665
 664 665 568
 703 867 180
 181 180 867
 760 709 581
 664 145 665
 803 568 352
 781 818 480
 803 480 818
 717 868 854
 24 756 25
 744 807 698
 680 326 254
 869 830 704
 857 578 866
 596 180 266
 263 184 538
 454 868 102
 717 102 868
 390 309 663
 420 386 385
 446 599 870
 261 525 849
 342 849 525
 57 587 824
 158 329 679
 28 854 484
 34 682 61
 10 731 871
 146 871 731
 5 77 76
 628 696 299
 315 395 60
 396 351 370
 779 708 768
 234 774 499
 78 756 527
 324 516 257
 342 729 49
 359 872 576
 826 576 872
 496 592 458
 803 351 480
 179 547 266
 634 213 380
 490 816 417
 94 785 783
 779 788 827
 580 402 873
 383 382 470
 686 347 609
 233 386 741
 166 529 537
 284 874 611
 475 477 821
 300 49 729
 263 538 586
 536 586 538
 336 71 337
 789 735 858
 185 538 184
 493 243 333
 209 704 830
 361 437 428
 784 823 783
 659 124 440
 734 246 199
 553 339 341
 409 759 688
 618 800 738
 271 323 807
 841 825 875
 29 26 291
 644 701 389
 116 438 115
 863 846 750
 478 750 846
 222 207 223
 629 682 559
 790 639 565
 307 442 374
 659 374 442
 373 876 69
 41 69 876
 473 877 755
 303 631 840
 38 840 631
 24 527 756
 593 599 684
 506 507 878
 841 819 825
 712 652 648
 712 648 724
 332 0 561
 361 428 561
 261 849 557
 48 557 849
 625 854 868
 409 683 759
 799 853 679
 734 858 735
 240 879 875
 335 663 309
 307 55 308
 612 308 55
 240 875 825
 781 237 818
 664 818 237
 863 747 880
 112 880 747
 697 333 427
 306 769 474
 150 782 495
 322 479 678
 358 311 510
 580 693 402
 222 460 208
 416 208 460
 18 642 627
 320 65 605
 310 510 311
 634 217 870
 14 716 566
 113 115 633
 692 881 576
 359 576 881
 674 432 9
 847 698 718
 552 718 698
 472 565 639
 799 679 329
 546 542 504
 842 245 821
 490 188 816
 820 816 188
 763 866 579
 327 708 774
 151 882 696
 798 785 780
 532 815 500
 799 825 819
 505 878 507
 201 541 237
 664 237 541
 473 755 474
 97 792 387
 598 193 195
 570 25 756
 416 460 487
 295 852 883
 310 498 771
 328 615 601
 784 398 823
 393 684 444
 362 562 566
 240 242 879
 618 821 245
 198 819 550
 744 698 754
 493 884 613
 285 613 884
 720 671 770
 488 495 782
 182 885 833
 775 814 776
 456 886 449
 168 583 143
 123 338 757
 828 757 338
 218 288 458
 814 771 776
 182 210 885
 390 663 357
 310 771 602
 435 572 733
 162 257 516
 287 668 457
 632 457 668
 865 773 772
 21 653 788
 714 349 630
 38 630 349
 228 564 365
 255 365 564
 441 501 367
 806 681 535
 558 266 547
 235 36 366
 228 366 36
 842 821 477
 680 667 197
 635 711 126
 284 622 874
 607 291 833
 841 550 819
 420 385 214
 835 214 385
 185 537 538
 589 528 530
 749 745 864
 887 877 837
 358 438 311
 272 503 711
 847 754 698
 865 726 883
 187 883 726
 421 804 565
 493 333 884
 697 884 333
 361 561 562
 869 704 211
 680 679 667
 14 468 716
 182 833 291
 545 780 739
 94 739 780
 169 482 641
 320 395 66
 502 299 696
 673 826 872
 488 810 495
 275 495 810
 263 210 184
 790 565 804
 111 776 771
 202 737 736
 160 521 329
 53 772 50
 828 800 829
 244 829 800
 153 520 888
 506 888 520
 828 638 757
 835 834 690
 87 500 815
 596 559 515
 16 787 642
 836 802 534
 368 407 500
 212 214 242
 835 242 214
 714 850 349
 39 349 850
 795 889 890
 169 641 170
 758 732 891
 16 824 787
 332 561 428
 113 794 519
 892 519 794
 14 561 0
 87 707 142
 473 837 877
 332 427 333
 893 888 894
 795 633 360
 420 741 386
 727 804 728
 549 631 855
 303 862 631
 461 487 460
 6 861 389
 416 415 895
 865 883 852
 229 725 724
 446 870 217
 599 270 870
 842 843 227
 336 432 891
 856 716 468
 632 670 497
 285 884 590
 697 590 884
 459 611 874
 478 846 477
 252 724 648
 532 792 815
 539 838 587
 176 178 401
 244 876 829
 373 829 876
 532 500 407
 625 896 626
 763 626 896
 493 613 205
 612 205 613
 461 524 305
 714 690 834
 502 696 882
 893 154 888
 384 204 834
 842 279 245
 669 838 175
 539 175 838
 53 582 897
 53 897 772
 359 408 872
 673 872 408
 117 95 262
 703 180 515
 596 515 180
 676 891 432
 456 449 547
 634 870 270
 324 256 50
 94 780 785
 763 896 764
 488 378 414
 244 42 876
 41 876 42
 845 755 877
 169 534 802
 898 899 730
 265 264 796
 182 184 210
 893 900 154
 155 154 900
 215 159 662
 847 662 159
 643 736 735
 151 107 882
 303 839 107
 790 837 639
 717 854 464
 443 766 859
 860 859 766
 10 871 9
 674 9 871
 112 227 880
 655 656 640
 6 3 861
 607 861 3
 425 449 886
 758 891 801
 832 848 646
 556 858 199
 392 699 675
 856 670 716
 692 889 881
 300 691 582
 820 582 691
 203 706 541
 842 227 279
 472 769 719
 133 719 769
 181 867 658
 614 658 867
 898 730 725
 135 678 479
 398 149 823
 24 23 636
 635 636 23
 416 895 208
 226 208 895
 342 344 729
 125 279 227
 692 900 889
 400 695 901
 58 604 230
 898 230 604
 331 762 810
 275 810 762
 760 277 485
 558 710 597
 229 230 725
 898 725 230
 828 338 738
 619 738 338
 628 597 710
 86 85 108
 315 108 85
 763 560 866
 669 827 838
 372 675 371
 674 371 675
 268 741 269
 155 900 805
 589 530 298
 209 831 885
 742 885 831
 304 474 755
 336 891 732
 669 778 827
 779 827 778
 893 890 889
 781 480 647
 161 647 480
 703 702 867
 614 867 702
 120 367 501
 580 873 753
 594 705 808
 686 494 513
 318 554 563
 533 563 554
 760 731 709
 368 751 152
 105 152 751
 383 766 381
 443 381 766
 35 463 564
 742 833 885
 209 885 210
 795 881 889
 166 298 530
 261 617 525
 280 525 617
 795 890 794
 119 334 874
 523 901 695
 234 325 817
 856 817 325
 38 40 840
 473 639 837
 518 519 573
 625 868 896
 857 866 560
 892 573 519
 396 66 395
 612 611 308
 835 690 879
 511 640 656
 271 807 797
 744 797 807
 847 600 754
 227 843 880
 686 609 687
 454 723 764
 148 764 723
 820 897 582
 820 726 897
 454 896 868
 865 772 897
 865 897 726
 425 886 406
 98 406 886
 431 809 813
 893 889 900
 130 143 640
 345 513 809
 369 624 751
 734 199 858
 607 645 861
 459 874 334
 506 878 894
 119 874 622
 421 728 804
 400 901 401
 240 825 521
 752 753 902
 546 471 455
 456 455 471
 481 641 482
 892 890 894
 893 894 890
 752 902 651
 903 651 902
 603 899 604
 898 604 899
 146 371 871
 689 875 879
 760 485 731
 10 709 731
 795 360 881
 359 881 360
 689 551 875
 841 875 551
 892 894 878
 634 269 213
 488 782 378
 679 853 667
 558 547 449
 828 738 800
 692 575 805
 461 522 524
 674 871 371
 216 662 718
 689 879 690
 37 236 793
 172 793 236
 863 843 846
 137 170 641
 847 718 662
 28 464 854
 79 813 809
 545 805 575
 490 417 859
 443 859 417
 676 801 891
 892 878 573
 426 524 522
 295 883 190
 187 190 883
 377 815 792
 191 705 577
 594 577 705
 657 296 606
 832 646 831
 742 831 646
 692 805 900
 506 894 888
 835 879 242
 621 740 620
 475 620 740
 459 308 611
 887 904 877
 176 401 901
 505 573 878
 303 840 839
 255 564 463
 383 470 765
 532 387 792
 253 754 600
 456 471 886
 98 886 471
 892 794 890
 173 850 204
 281 412 761
 286 761 412
 820 691 816
 84 239 647
 532 406 387
 74 606 296
 98 387 406
 153 888 154
 454 764 896
 845 877 904
 141 667 853
 631 862 855
 789 855 862
 657 793 296
 327 774 817
 234 817 774
 863 880 843
 105 751 624
 781 647 239
 176 901 715
 657 606 656
 523 715 901
 172 296 793
 511 656 606
 107 839 882
 502 882 839
 0
 0
 29
 276 250 64 712 186 295 860 350 903 249 278 603 713 294 370 491 492 469 605 65 189 470 651 730 766 190 899 767 765
 20
 585 138 832 869 903 177 340 12 830 211 402 848 11 401 873 753 701 178 822 902
 0
 34
 588 887 353 313 836 806 851 226 845 206 44 483 727 80 595 93 415 808 681 45 494 482 687 837 895 904 721 802 791 649 812 609 796 264
 0
 7
 588 660 163 685 637 164 492
