948 1763
4.197526 1.870366 1
4.205878 1.765920 1
4.353964 1.802044 1
4.266956 1.957000 1
5.021739 1.179394 1
4.893626 1.277357 1
4.907285 1.106014 1
4.807293 1.166631 1
4.508610 1.716591 1
4.403931 1.670555 1
4.564542 1.598689 1
4.428215 1.553005 1
5.530592 1.588824 1
5.418162 1.689044 1
5.438151 1.531744 1
5.320665 1.604995 1
5.075511 3.255838 1
4.968703 3.179825 1
5.122739 3.104407 1
5.530718 0.481856 1
5.695170 0.474101 1
5.646289 0.628994 1
4.814559 2.925099 1
4.701535 3.049531 1
4.676769 2.899004 1
6.048975 2.539656 1
6.016453 2.402017 1
6.128496 2.422999 1
5.069196 0.635702 1
4.961960 0.559769 1
5.133544 0.478251 1
3.475663 0.888661 1
3.630861 0.810948 1
3.620797 0.962889 1
5.697073 2.217800 1
5.866033 2.207757 1
5.789660 2.318496 1
5.163724 1.126447 1
5.045081 1.009605 1
4.309810 1.458320 1
4.284656 1.344871 1
4.423867 1.436994 1
6.070206 3.682619 1
6.214737 3.731762 1
6.058446 3.837669 1
6.213589 3.874769 2
3.850509 0.260440 1
3.979503 0.179251 1
4.005759 0.298898 1
4.845317 3.097768 1
5.007074 3.044911 1
3.526508 0.747543 1
2.646301 0.922937 1
2.670109 0.789847 1
2.774578 0.915790 1
2.809502 0.795452 1
5.292080 1.380322 1
5.350010 1.474343 1
5.214271 1.518538 1
5.131914 0.869455 1
4.979466 0.893651 1
5.051641 0.767929 1
5.167317 1.389628 1
5.507239 3.685842 1
5.535018 3.555948 1
5.619704 3.700251 1
3.339667 0.912487 1
3.270177 0.973470 1
3.207373 0.855838 1
2.810024 0.456545 1
2.953604 0.456908 1
2.865226 0.576531 1
5.682586 3.599695 1
6.184692 2.536127 2
5.707364 1.638875 1
5.555358 1.705302 1
5.626503 1.565697 1
4.499614 3.585040 1
4.366788 3.584994 1
4.446567 3.471965 1
3.472222 0.000000 0
3.611111 0.000000 0
3.516792 0.145812 1
4.334121 3.451462 1
3.641623 0.107255 1
4.264837 0.506349 1
4.212965 0.369220 1
4.362883 0.430394 1
4.346334 0.298179 1
3.663119 3.911580 2
3.826711 3.869400 1
3.770090 3.992099 2
4.131754 0.207418 1
5.644777 1.756792 1
3.350452 0.817033 1
6.008340 2.139752 1
6.117687 2.149634 1
6.089433 2.274208 1
6.361014 1.300424 1
6.245265 1.175609 1
6.418029 1.163651 1
6.311475 1.063067 1
5.981593 2.283386 1
5.380229 0.370990 1
5.504284 0.305714 1
6.375421 0.217663 1
6.491006 0.285487 1
6.309723 0.352951 1
4.436863 1.321819 1
5.343924 2.289512 1
5.340167 2.452921 1
5.228862 2.401259 1
6.534350 1.620327 2
6.507941 1.506101 1
6.676695 1.483973 2
4.995296 0.236381 1
5.156919 0.196422 1
5.078186 0.341365 1
5.224209 0.344523 1
5.832567 1.649027 1
5.784334 1.788280 1
6.456118 0.426628 1
4.296433 1.636482 1
3.828493 1.142571 1
3.683397 1.093184 1
3.767156 0.999493 1
4.504739 0.855871 1
4.639683 0.942703 1
4.530584 1.020250 1
5.977030 3.962249 1
5.876711 3.891672 1
4.992430 0.434300 1
6.668028 0.549795 2
6.552711 0.526996 1
6.668671 0.402044 2
4.473174 3.256110 1
4.567456 3.148981 1
4.605954 3.329224 1
4.706223 3.210999 1
3.647573 3.329685 2
3.813725 3.367210 2
3.683997 3.444801 1
2.581689 0.570891 1
2.727676 0.657350 1
2.592718 0.699527 1
5.433549 2.599946 1
5.274381 2.564524 1
5.214097 3.331745 1
5.065293 3.368719 1
5.846843 3.183881 1
5.884804 3.080605 1
5.940642 3.220175 1
5.957494 3.764695 1
3.758397 3.758531 1
5.345166 4.081958 1
5.223313 4.165204 1
5.225334 4.010153 1
5.087319 4.059354 1
5.003970 3.950645 1
4.940084 4.025068 1
6.232086 0.489105 1
6.130297 0.402729 1
6.175150 0.288281 1
5.137704 2.516743 1
5.070802 2.638387 1
4.988203 2.540515 1
4.651967 1.116920 1
4.062547 2.751495 1
3.938292 2.741144 2
3.998096 2.637498 2
5.129714 1.775617 1
4.972393 1.838057 1
5.032820 1.697711 1
5.614038 0.973464 1
5.434222 0.993871 1
5.499931 0.878386 1
3.903397 1.006895 1
4.592384 2.319388 1
4.691078 2.196561 1
4.696296 2.345913 1
4.580345 2.206484 1
2.650289 0.424858 1
2.789191 0.325970 1
6.124938 2.025252 1
6.055794 1.888699 1
6.204272 1.876331 1
5.102249 1.883111 1
5.997469 3.137192 1
5.043925 1.413306 1
5.104763 1.279750 1
4.979978 4.129759 1
4.198955 1.500195 1
4.462722 2.564050 1
4.526483 2.659689 1
4.347877 2.679267 1
4.475300 2.761858 1
3.215673 0.712031 1
3.849503 1.421999 1
3.747811 1.581453 2
3.698988 1.429815 2
5.238379 2.222766 1
4.903107 0.343548 1
3.351627 0.668842 1
4.798086 2.091643 1
4.663584 2.037987 1
5.118882 3.475273 1
6.230560 1.344904 1
6.201416 1.471436 1
6.086552 1.410100 1
3.714597 0.708935 1
3.702993 0.565209 1
3.848248 0.685716 1
3.848161 0.545098 1
6.197185 1.710938 1
6.084925 1.777562 1
4.178657 1.655982 1
4.864355 0.634513 1
4.799226 0.536415 1
4.694458 3.842130 1
4.748693 3.756030 1
4.857194 3.886184 1
2.523767 0.807827 1
4.935095 3.324694 1
5.745697 3.173218 1
5.735101 3.058170 1
3.327806 1.347803 2
3.391597 1.254465 1
3.469650 1.397828 2
4.854363 3.730528 1
4.038846 3.000278 1
4.123266 2.867643 1
4.188133 2.985779 1
6.555438 0.366973 1
6.130081 1.262278 1
3.500594 1.253994 1
5.523998 1.106661 1
6.371160 3.918404 2
6.315060 3.798978 1
6.453152 3.767231 2
5.616538 0.374448 1
4.769942 2.280101 1
4.871974 2.324351 1
4.797622 2.415462 1
2.339659 0.578731 2
2.347324 0.430043 2
2.446260 0.545086 1
4.888039 0.454218 1
4.312762 2.854862 1
4.226376 2.765024 1
4.375290 2.773214 1
4.773951 1.017079 1
3.969128 1.361352 1
3.956628 1.481164 1
3.021576 1.079524 1
3.150005 1.136741 1
3.024085 1.210747 1
3.136336 1.263274 1
3.039363 0.550608 1
2.615546 1.082204 2
2.523352 0.955785 2
5.458736 2.481935 1
4.203020 2.518538 1
4.284287 2.418287 1
4.327531 2.549852 1
5.155808 4.309731 2
5.021509 4.346021 3
5.072066 4.195681 1
3.862222 0.115869 1
5.546039 4.041147 1
5.645875 3.954549 1
5.657291 4.098102 1
3.686920 3.654907 1
3.811975 3.609040 1
3.898018 3.736639 1
4.173781 2.409400 1
4.576276 2.986893 1
4.266639 1.208421 1
4.162879 1.264773 1
4.154629 1.098465 1
5.889647 2.035367 1
3.522048 1.072109 1
2.638889 0.000000 0
2.705536 0.097139 1
2.580803 0.155104 2
5.574383 0.760526 1
5.472854 0.651649 1
5.677823 2.356534 1
5.014447 3.851910 1
5.157799 2.308057 1
4.991894 2.301419 1
5.106811 2.203736 1
4.551707 2.098530 1
5.430822 2.384359 1
4.540506 1.857687 1
4.072998 1.832016 1
4.070199 1.692867 1
3.981842 1.107964 1
4.033360 0.990844 1
4.905974 2.997900 1
4.630215 0.814108 1
3.911410 0.404852 1
5.929688 2.502023 1
5.965956 2.652368 1
5.839457 2.581542 1
4.029822 3.147438 1
3.900661 3.036299 2
4.191768 0.738060 1
4.064754 0.862926 1
4.016786 0.705493 1
5.382433 3.262294 1
5.349648 3.407403 1
5.069596 2.414073 1
4.902018 0.986021 1
2.897116 0.362254 1
6.033929 2.753751 1
6.050534 2.866902 1
5.894266 2.803605 1
6.422426 1.621216 1
6.284449 1.579454 1
6.390977 1.521575 1
4.034224 1.931055 1
3.923554 1.853063 1
4.330723 0.835721 1
4.198482 0.880987 1
5.944719 2.927681 1
4.044223 2.059058 1
4.154537 2.170261 1
3.992948 2.189189 1
4.079422 2.316966 2
5.404654 3.643694 1
3.695457 1.200774 1
2.388637 0.301507 2
2.529763 0.315156 1
2.496198 0.441729 1
6.012587 0.979377 1
5.989002 1.095738 1
5.884440 1.047806 1
6.331472 1.699374 1
5.899824 0.937686 1
4.935510 0.798596 1
4.408943 1.208203 1
5.176482 3.200482 1
6.086993 0.833166 1
6.152033 0.968888 1
5.613404 0.247793 1
5.775684 0.178337 1
5.738230 0.320551 1
5.846208 1.398244 1
5.911312 1.262849 1
5.969497 1.377423 1
4.101400 3.641224 1
4.029352 3.743405 1
3.953509 3.619774 1
4.980274 3.545190 1
4.992145 3.435794 1
2.705582 0.204520 1
2.647284 0.296403 1
5.938301 3.649847 1
6.056940 3.532387 1
5.894660 3.516148 1
5.076163 3.588451 1
5.056581 2.785297 1
5.135196 2.938230 1
4.979111 2.910539 1
6.580320 1.413871 1
6.676661 1.313509 2
5.815335 0.449445 1
4.076138 0.103667 1
3.404548 0.268258 1
3.461062 0.404400 1
3.328546 0.382219 1
3.377062 0.515177 1
4.667202 3.462225 1
4.769167 3.354741 1
5.026401 1.985366 1
5.070536 2.087768 1
4.939309 2.094151 1
4.264057 0.989583 1
4.401928 0.975729 1
6.296707 3.204232 1
6.185885 3.204252 1
6.239849 3.085736 2
5.244003 3.003819 1
4.640522 2.762918 1
2.763805 1.037202 1
4.891725 1.989285 1
5.656200 0.116656 1
5.387218 3.530872 1
4.133937 2.644026 1
4.077076 2.488711 2
3.754119 0.403516 1
5.171740 0.594230 1
4.970611 2.699820 1
4.802077 2.705404 1
4.884775 2.618406 1
4.896239 2.810410 1
3.601026 0.455091 1
3.536094 0.303084 1
4.562850 2.864707 1
5.791094 1.253505 1
4.287328 0.156011 1
4.437894 0.163075 1
4.342330 0.685432 1
5.491504 3.133132 1
5.603273 3.042680 1
5.642973 3.185237 1
3.806587 1.955921 2
3.944605 1.966865 1
4.564247 1.248620 1
4.526571 1.138205 1
3.615175 1.304414 2
4.323374 1.097108 1
2.910152 0.242337 1
3.056968 0.169976 1
3.022608 0.329511 1
3.484943 0.629437 1
3.761477 1.293916 1
5.639409 1.351996 1
5.700864 1.196129 1
5.751071 1.354306 1
4.448486 0.731356 1
3.181105 0.357897 1
3.139652 0.247285 1
3.290539 0.264936 1
5.853254 2.683828 1
3.651117 0.340842 1
4.550630 1.464148 1
5.776108 0.965661 1
5.746908 1.073127 1
4.365158 2.329854 1
4.413340 2.452439 1
5.253133 3.592055 1
5.149763 3.675928 1
4.840199 3.236122 1
4.066500 1.192001 1
4.095340 3.866561 1
4.196617 3.755592 1
6.021003 1.303025 1
3.358270 0.132785 1
5.274645 0.556224 1
5.348751 0.647325 1
5.209572 0.706741 1
4.410639 1.931589 1
5.521235 3.272081 1
2.983404 0.661308 1
4.571433 0.430196 1
4.490055 0.339435 1
4.656291 0.343453 1
4.579339 0.224829 1
3.424379 0.747733 1
4.946111 4.241687 2
4.109686 1.573721 1
4.370944 3.065555 1
4.445385 2.912859 1
4.486003 3.063442 1
5.809717 3.636134 1
4.065104 0.412415 1
4.131865 0.522479 1
6.220135 3.313431 1
5.754136 3.997911 1
5.877999 4.044163 1
4.476840 2.359542 1
4.469009 2.230560 1
5.293349 0.250840 1
6.111645 3.123548 1
4.749104 1.959170 1
6.332080 3.337939 1
5.924449 1.697210 1
3.333333 0.000000 0
6.317006 1.807146 1
5.401428 0.214096 1
3.578319 1.177414 1
5.544936 3.387389 1
5.672415 3.443717 1
5.817223 2.939673 1
6.324122 0.610765 1
6.351065 0.492053 1
2.864636 0.691966 1
3.905096 3.170962 1
5.964937 0.861226 1
5.967681 0.740476 1
5.254696 3.469616 1
5.356595 3.148484 1
5.688493 2.933833 1
4.030450 3.517035 1
6.096727 0.612747 1
6.209965 0.725599 1
6.069672 0.717208 1
5.416667 0.000000 0
5.555555 0.000000 0
5.504745 0.142925 1
4.135249 0.629142 1
5.197884 0.982405 1
5.300575 1.056993 1
6.319388 0.847432 1
6.376384 0.726212 1
5.559829 2.921219 1
5.639620 2.821225 1
5.776990 0.694899 1
5.785912 0.573163 1
6.204954 0.596510 1
4.267220 3.534466 1
3.796619 1.824731 2
5.275603 3.211721 1
4.759320 3.939040 1
4.299214 2.967769 1
3.904215 2.075878 1
3.842246 2.212200 2
2.713194 0.536243 1
6.109220 1.114250 1
3.970571 1.752461 1
6.017458 1.194945 1
4.892799 3.621217 1
4.877970 3.460608 1
4.805853 3.550478 1
6.177104 2.218388 1
5.066491 0.106432 1
5.736123 0.856853 1
6.259442 2.007288 2
3.136050 0.991132 1
5.053280 1.586605 1
5.171651 1.655489 1
4.117604 0.318278 1
5.094077 1.486866 1
5.857598 0.815424 1
4.995025 2.181149 1
6.111111 0.000000 0
6.250000 0.000000 0
6.180937 0.137478 1
5.898433 2.361704 1
4.359907 3.812293 1
4.230332 3.864177 1
5.636862 1.106228 1
5.982413 1.512895 1
5.834264 1.546674 1
5.553351 2.008258 1
5.591503 2.147502 1
5.479326 2.095993 1
5.535244 3.911534 1
6.474845 0.818576 1
6.385768 0.954320 1
6.515819 0.965129 1
6.025159 1.666218 1
6.119349 1.567009 1
6.462369 1.397370 1
6.324215 1.436751 1
3.722780 0.273609 1
6.207385 3.602029 1
5.678832 0.759675 1
6.350657 3.114302 2
6.429959 3.207061 2
5.654665 4.222553 1
5.793844 4.270030 2
5.690715 4.356841 2
2.928959 1.278061 1
3.032295 1.365025 2
2.858719 1.367423 2
5.847640 0.347198 1
5.674036 2.063046 1
3.944857 3.279537 1
4.080956 3.284735 1
3.979446 3.402946 1
4.129733 3.082790 1
5.589827 1.204062 1
6.571663 1.316208 1
6.483446 1.273219 1
5.291018 1.165540 1
4.133654 1.954951 1
4.167809 2.050471 1
5.622250 0.846234 1
3.055556 0.000000 0
2.952795 0.107677 1
4.274614 2.090020 1
4.835374 3.996528 1
4.329508 3.709597 1
5.878862 0.239091 1
2.865752 0.975219 1
2.901945 1.074872 1
2.819974 1.143045 1
5.876892 0.663522 1
5.972222 0.000000 0
6.067082 0.109985 1
5.898426 0.116071 1
3.957970 0.911975 1
3.959849 2.875437 2
6.066569 3.266784 1
5.330670 3.718760 1
5.229077 3.752170 1
5.748894 3.857811 1
3.883708 1.567199 1
3.845217 1.716956 2
5.000618 3.700143 1
5.123907 3.795362 1
4.555039 3.463412 1
5.387472 0.522666 1
4.540211 2.455931 1
4.611162 2.568521 1
3.915571 0.802402 1
5.404268 1.122500 1
5.468201 1.238726 1
4.675114 2.456182 1
4.762679 2.571348 1
3.080878 0.732427 1
3.040666 0.853878 1
3.959123 0.513422 1
5.389453 0.105653 1
5.932649 1.802741 1
4.931655 3.792191 1
5.252491 3.116881 1
5.789452 2.447912 1
5.654687 2.474114 1
3.726347 0.895825 1
3.941152 0.610507 1
4.067390 1.302073 1
4.148262 1.378936 1
4.070376 1.461076 1
5.359257 0.759984 1
4.224841 2.889864 1
4.455444 0.607523 1
4.560836 0.542137 1
4.563451 0.696712 1
4.670970 0.591237 1
3.878421 1.282080 1
5.283319 0.442716 1
2.725824 1.139400 1
2.811653 1.245847 2
4.697741 1.235568 1
5.553119 2.562042 1
5.494925 2.694721 1
5.621850 2.687035 1
5.438052 1.373489 1
5.350778 1.260211 1
3.204315 1.379568 2
5.708072 1.483647 1
3.259067 1.085353 1
5.457215 1.809657 1
5.567788 1.866657 1
5.416706 1.952760 1
4.312671 2.198335 1
6.103865 3.968939 2
4.106912 3.411744 1
4.928566 2.422585 1
6.502028 0.681337 1
6.635121 0.669872 2
3.478721 3.539876 2
3.518182 3.389859 2
3.601517 3.546279 1
4.842820 0.875042 1
5.769532 3.529817 1
6.177589 3.490413 1
3.258112 1.230243 1
4.780706 1.288361 1
5.358227 2.687617 1
5.292158 4.288077 1
5.353764 4.366374 2
5.237947 4.414595 2
5.303451 2.895233 1
5.403417 2.797689 1
5.429600 2.915470 1
5.770917 4.139910 1
6.144776 3.030098 1
4.682758 1.491060 1
4.663811 1.351062 1
3.784562 3.477700 1
5.468232 0.781475 1
4.440127 1.087113 1
4.143056 0.964561 1
3.745319 0.148263 1
2.662411 1.226015 2
6.330319 3.680072 1
6.455020 3.605576 2
5.004983 1.311464 1
2.777778 0.000000 0
2.916667 0.000000 0
2.824630 0.126071 1
3.155647 0.105018 1
3.565874 3.649191 1
3.447007 3.652848 1
6.460124 3.478721 3
6.346057 3.572299 1
6.348061 3.445958 1
4.225101 2.304498 1
4.921088 1.717341 1
4.409590 2.128758 1
4.444445 0.000000 0
4.543991 0.104653 1
5.694445 0.000000 0
4.823249 1.882537 1
5.300817 2.774872 1
5.232052 1.265720 1
5.353297 4.189147 1
5.444251 4.126675 1
5.430542 4.274333 2
5.549659 4.177384 1
4.683551 2.651215 1
3.750000 0.000000 0
4.033442 0.602806 1
5.994103 0.213297 1
5.372931 2.074364 1
5.278401 2.024982 1
3.940217 2.293453 2
3.793797 2.080250 2
5.148560 2.706254 1
4.499074 3.366894 1
3.394670 1.027432 1
5.566142 1.451249 1
3.942056 1.661629 1
3.345389 1.153100 1
4.292946 3.352727 1
4.196562 3.299059 1
4.326914 3.215930 1
5.198067 2.804463 1
5.373013 3.032829 1
5.312334 0.951196 1
5.261732 0.838786 1
3.504400 0.508635 1
3.231197 0.473336 1
3.842282 0.902299 1
3.097116 0.451777 1
6.433274 0.580817 1
4.693324 1.835843 1
5.174839 2.619743 1
5.540326 1.323904 1
5.729296 3.741757 1
2.463426 0.213157 2
4.363525 2.028943 1
5.274411 1.744259 1
5.348793 1.834921 1
5.279668 1.913752 1
4.185935 3.189254 1
4.305555 0.000000 0
4.188107 0.103704 1
6.035318 3.017223 1
5.921306 1.142314 1
6.006395 1.997754 1
4.767579 2.825063 1
3.888889 0.000000 0
3.606921 0.671055 1
6.590637 1.189853 1
6.623026 1.060949 2
6.719118 1.165979 2
3.612837 0.214986 1
4.673587 0.710112 1
5.843804 3.761670 1
6.264836 0.224408 1
4.473945 0.484199 1
3.622774 3.758597 1
4.871843 2.202187 1
4.310056 3.929770 1
6.012780 4.101611 3
4.861111 0.000000 0
5.000000 0.000000 0
4.909756 0.121741 1
4.583333 0.000000 0
4.722222 0.000000 0
4.672441 0.119825 1
5.736414 2.540970 1
4.522327 3.976162 2
4.433736 3.897782 1
4.591756 3.867225 1
6.604926 0.235275 2
6.209862 1.066738 1
4.730761 0.885847 1
5.525003 2.804276 1
5.843597 1.911012 1
5.949358 1.913687 1
2.985061 0.969088 1
4.244239 2.651063 1
5.449541 3.355074 1
6.125888 3.393376 1
3.254211 0.592756 1
4.232365 3.643092 1
3.892028 3.497513 1
4.623531 1.736114 1
4.368527 0.081179 1
5.285372 0.138369 1
6.201790 0.855314 1
4.637472 1.933982 1
5.740881 3.308495 1
5.795193 3.431835 1
5.922396 1.609534 1
5.138889 0.000000 0
5.194705 0.085142 1
4.166667 0.000000 0
4.827893 1.769695 1
4.735635 1.704167 1
6.303110 0.114363 1
6.397256 1.985062 2
6.317778 1.914775 1
6.104757 2.647847 1
3.905245 3.963724 2
4.013083 3.953603 1
3.998106 4.081865 2
6.498920 0.145414 1
5.889726 4.184255 2
6.527778 0.000000 0
6.405153 0.101550 1
4.823543 1.530825 1
4.799692 1.398689 1
4.694332 1.602949 1
6.013796 3.411810 1
4.274329 4.054249 2
4.189739 3.956672 2
4.158294 3.530331 1
5.718493 1.931503 1
2.937374 0.769187 1
4.960206 1.506675 1
3.240989 0.167097 1
5.491444 3.009066 1
6.569833 0.765405 2
3.448032 1.143824 1
3.519101 3.834054 2
6.388889 0.000000 0
5.781999 2.106490 1
4.508618 3.793003 1
5.449452 3.446203 1
4.761513 0.665579 1
5.627527 3.318141 1
6.096117 0.210944 1
6.511671 1.081840 1
4.396381 3.339750 1
2.915656 1.182207 1
3.783251 0.797203 1
6.575046 0.857318 2
3.128230 0.636367 1
6.417073 1.053950 1
4.243562 0.616111 1
5.755952 2.834142 1
4.243294 0.265448 1
4.357610 0.555006 1
5.277778 0.000000 0
6.404159 1.871603 2
6.460699 1.758031 2
2.401212 0.886268 2
4.540840 1.979222 1
4.746282 4.023415 2
4.615785 4.052131 2
4.648560 3.952608 1
4.677654 0.468864 1
4.770158 3.460246 1
6.578643 0.084081 2
5.845794 3.290335 1
5.897887 3.398452 1
4.444899 3.150003 1
4.908827 1.410845 1
6.119900 2.949749 1
4.027778 0.000000 0
2.460347 0.671721 1
3.154818 0.542404 1
5.544065 2.402545 1
5.833333 0.000000 0
4.829906 1.649870 1
4.741789 0.782922 1
4.849654 0.738157 1
4.394097 4.005012 2
3.714086 3.543481 1
5.195613 2.110418 1
5.169352 1.977927 1
6.645611 0.936113 2
4.936807 1.614838 1
4.783470 0.397058 1
4.796529 0.282452 1
3.194444 0.000000 0
6.152049 2.750640 1
6.176887 2.866034 2
4.533991 1.348814 1
5.509090 2.200744 1
5.213384 1.838588 1
4.695080 0.236925 1
4.256149 3.096748 1
2.902155 0.879769 1
4.439803 3.695257 1
5.231665 3.874136 1
5.332923 3.944551 1
5.120804 3.930712 1
5.560513 4.315344 2
5.440802 3.996083 1
5.425378 3.879509 1
2.352547 0.687952 2
2.416507 0.770873 2
5.329196 3.825469 1
5.781554 2.009484 1
4.453945 2.031813 1
3.965398 3.853828 1
4.223198 3.429797 1
5.633647 3.820791 1
5.519513 3.798273 1
5.626534 1.947606 1
5.584702 2.271896 1
5.665025 1.848221 1
5.242271 2.693950 1
4.791667 0.183726 1
4.791667 0.078739 1
5.662192 2.588951 1
6.268794 3.508210 1
6.251194 2.425773 2
3.777970 3.146677 2
5.389285 0.867283 1
4.844534 4.120267 2
4.872369 2.513663 1
6.263386 0.959293 1
2.807389 0.224724 1
5.467221 2.294885 1
3.593017 0.564681 1
5.763889 0.075243 1
4.097208 3.997294 2
3.965343 1.219341 1
3.516917 3.732760 1
3.839779 3.241144 2
3.334796 3.669358 3
3.416794 3.773523 2
4.960452 0.689004 1
5.986506 0.632032 1
6.210627 2.120456 2
6.273861 2.219225 2
4.883244 0.236595 1
5.410939 2.180963 1
6.240714 3.415223 1
5.306698 2.150501 1
6.232348 2.645741 2
6.666667 0.000000 0
4.006957 1.578603 1
5.825987 1.162622 1
5.419442 3.758591 1
3.256537 0.080980 1
6.257380 2.762722 2
4.629376 3.767317 1
5.950565 3.323470 1
4.562174 3.680274 1
3.958333 0.073239 1
6.116432 0.504141 1
5.955906 0.325406 1
5.925706 0.435554 1
5.899045 0.541603 1
6.025506 0.407118 1
6.009024 0.516635 1
3.351694 3.548263 2
6.451737 3.351694 2
5.792207 2.744799 1
6.063309 0.305677 1
4.608068 3.572247 1
4.670556 3.665241 1
5.744256 2.653518 1
6.207363 2.318223 2
5.713305 2.748901 1
4.779534 3.649229 1
4.710295 3.562259 1
6.221040 2.971697 2
 0 1 2
 3 0 2
 4 5 6
 6 5 7
 8 9 10
 9 11 10
 12 13 14
 13 15 14
 16 17 18
 19 20 21
 22 23 24
 25 26 27
 28 29 30
 31 32 33
 34 35 36
 37 4 38
 39 40 41
 42 43 44
 45 44 43
 46 47 48
 22 49 23
 18 17 50
 51 32 31
 52 53 54
 54 53 55
 56 57 58
 59 60 61
 62 56 58
 63 64 65
 66 67 68
 69 70 71
 72 65 64
 25 27 73
 74 75 76
 77 78 79
 80 81 82
 79 78 83
 81 84 82
 85 86 87
 88 87 86
 89 90 91
 92 48 47
 93 75 74
 94 66 68
 95 96 97
 98 99 100
 101 100 99
 102 95 97
 19 103 104
 105 106 107
 41 40 108
 109 110 111
 112 113 114
 115 116 117
 118 117 116
 119 120 74
 121 107 106
 122 39 11
 123 124 125
 126 127 128
 129 130 44
 131 30 29
 132 133 134
 122 2 1
 135 136 137
 138 137 136
 139 140 141
 142 143 144
 145 146 110
 147 148 16
 149 150 151
 44 130 152
 89 153 90
 154 155 156
 157 156 155
 158 157 159
 160 161 107
 107 161 162
 163 164 165
 166 128 127
 167 168 169
 170 171 172
 173 174 175
 4 6 38
 123 125 176
 177 178 179
 180 178 177
 69 181 182
 183 184 185
 170 186 171
 151 150 187
 62 188 189
 159 157 190
 122 191 39
 192 193 194
 195 194 193
 196 94 68
 197 198 199
 109 111 200
 12 76 75
 131 201 117
 196 202 94
 203 178 204
 147 205 148
 206 207 208
 209 210 211
 212 211 210
 50 17 49
 213 185 214
 122 215 191
 216 217 29
 218 219 220
 221 53 52
 222 16 148
 223 224 150
 149 223 150
 55 53 143
 225 226 227
 228 220 219
 229 230 231
 134 133 232
 233 206 208
 227 226 234
 173 235 174
 236 237 238
 19 239 20
 240 241 242
 243 244 245
 29 217 246
 247 248 249
 166 127 250
 197 251 252
 253 254 255
 256 255 254
 70 257 71
 258 259 52
 19 104 239
 145 110 260
 261 262 263
 264 265 266
 46 267 47
 248 194 249
 268 269 270
 271 272 153
 273 153 272
 261 274 262
 275 24 23
 93 74 120
 276 277 278
 102 35 95
 279 95 35
 280 33 124
 281 282 283
 284 285 21
 19 21 285
 15 58 57
 240 242 179
 143 53 144
 34 36 286
 115 117 201
 287 158 220
 288 289 290
 204 178 291
 109 292 110
 293 2 8
 294 295 1
 123 176 296
 297 296 176
 22 298 49
 126 299 127
 46 48 300
 301 302 303
 138 23 49
 229 304 305
 306 307 308
 147 309 310
 163 165 311
 312 38 6
 69 313 70
 314 315 316
 317 318 319
 294 320 321
 306 322 323
 324 316 315
 325 326 327
 328 327 326
 63 329 64
 123 330 124
 331 332 333
 244 331 333
 334 335 336
 337 318 317
 338 334 336
 339 61 60
 108 40 340
 147 16 341
 342 343 334
 344 345 346
 347 348 349
 350 351 352
 159 220 158
 353 354 205
 306 323 307
 355 356 283
 332 283 356
 42 357 358
 359 358 357
 353 205 360
 361 362 363
 50 363 362
 364 365 114
 20 346 366
 92 47 367
 368 369 370
 371 370 369
 372 137 373
 138 373 137
 374 375 376
 37 189 4
 377 322 378
 126 378 322
 379 380 381
 362 382 18
 222 17 16
 383 195 193
 258 52 384
 374 376 385
 344 386 345
 185 184 214
 387 64 329
 388 169 389
 212 390 300
 28 30 391
 392 393 394
 395 393 392
 396 369 397
 264 266 155
 288 200 111
 25 302 301
 383 398 195
 399 348 347
 88 400 401
 306 402 322
 403 404 405
 224 405 404
 406 321 407
 261 388 389
 22 395 363
 408 340 409
 410 227 234
 276 278 411
 412 413 414
 46 300 390
 59 38 60
 371 415 202
 410 416 199
 197 199 416
 417 418 419
 126 322 420
 421 422 423
 424 303 302
 396 397 425
 50 49 298
 10 11 426
 173 427 428
 262 429 430
 205 431 360
 432 360 431
 138 49 433
 434 278 277
 435 351 436
 437 233 208
 167 248 230
 80 82 438
 439 440 441
 213 318 337
 293 442 2
 403 443 309
 444 71 257
 445 446 447
 448 447 446
 51 31 449
 94 449 31
 180 291 178
 450 266 265
 437 349 348
 451 191 215
 452 453 454
 359 357 455
 166 250 7
 456 86 457
 85 457 86
 421 423 370
 379 458 380
 459 130 460
 461 462 177
 180 177 462
 118 116 463
 380 464 381
 203 204 465
 379 466 458
 119 467 120
 468 80 438
 213 469 185
 181 356 182
 321 320 407
 118 463 103
 470 103 463
 280 124 471
 50 362 18
 472 473 64
 224 474 150
 221 52 259
 108 340 408
 244 333 245
 288 111 311
 163 311 111
 475 160 476
 55 143 477
 304 478 305
 342 479 480
 350 436 351
 147 481 205
 403 309 482
 224 483 474
 124 33 125
 350 352 484
 131 117 30
 485 486 487
 488 489 490
 355 283 282
 306 308 491
 37 492 493
 494 486 495
 475 495 486
 275 23 136
 138 136 23
 496 497 483
 498 21 499
 485 500 486
 501 83 78
 406 502 321
 1 295 215
 342 480 487
 399 419 418
 147 503 309
 392 394 165
 164 392 165
 218 220 504
 452 505 453
 325 327 506
 507 506 327
 88 401 446
 448 446 401
 142 508 143
 509 334 343
 294 321 510
 437 511 233
 509 233 511
 512 513 353
 514 513 512
 515 97 96
 115 516 116
 15 57 14
 173 517 427
 3 2 442
 183 185 518
 253 519 254
 520 58 521
 92 522 48
 62 523 188
 498 524 517
 525 290 289
 526 527 528
 122 9 2
 36 35 529
 25 301 26
 461 430 429
 436 530 531
 173 428 532
 533 534 347
 535 536 537
 439 441 391
 268 538 269
 494 539 540
 541 540 539
 213 542 543
 98 544 545
 46 390 546
 42 358 547
 332 181 333
 142 333 181
 498 548 21
 51 449 415
 379 549 550
 551 552 553
 554 555 556
 475 500 160
 557 366 346
 535 558 536
 559 560 561
 509 99 233
 229 231 562
 563 418 417
 564 544 565
 98 100 565
 322 402 420
 37 493 566
 567 3 568
 284 569 175
 570 413 571
 568 3 572
 159 573 220
 574 530 436
 345 575 346
 576 577 384
 578 384 577
 157 155 266
 496 483 404
 498 579 524
 580 581 582
 288 311 289
 102 529 35
 297 176 583
 229 584 230
 187 464 585
 297 278 296
 434 296 278
 364 544 564
 396 390 210
 212 210 390
 459 270 269
 126 128 378
 586 587 431
 459 588 130
 20 239 346
 470 490 104
 344 104 490
 198 589 590
 123 416 330
 377 411 278
 287 591 592
 233 99 206
 99 98 206
 72 64 473
 372 593 137
 19 594 103
 192 194 263
 520 521 172
 192 595 596
 314 316 302
 98 565 544
 597 211 308
 470 104 103
 361 363 395
 197 589 198
 598 235 599
 173 175 569
 557 346 575
 600 601 596
 196 68 602
 603 602 68
 456 457 604
 213 337 469
 480 524 579
 390 425 546
 488 490 605
 533 543 542
 606 120 467
 287 220 607
 608 18 382
 489 386 490
 563 599 235
 286 609 610
 611 125 33
 211 612 308
 613 614 615
 616 441 440
 15 521 58
 533 208 543
 276 340 40
 251 613 615
 247 617 248
 618 619 620
 621 620 619
 197 622 251
 118 103 623
 624 578 625
 415 449 202
 166 7 626
 145 627 628
 629 628 627
 630 56 631
 256 632 555
 633 419 347
 254 519 634
 635 636 637
 535 637 636
 638 326 572
 45 639 44
 129 44 639
 640 561 560
 533 347 349
 559 304 560
 641 242 241
 338 427 524
 517 524 427
 20 499 21
 205 354 148
 642 133 643
 132 643 133
 644 645 646
 141 646 645
 312 250 647
 359 455 648
 98 545 206
 432 431 587
 358 649 547
 399 347 419
 256 254 650
 5 651 7
 603 68 519
 67 634 519
 62 58 523
 439 30 623
 118 623 30
 606 542 214
 167 388 248
 145 652 146
 173 569 517
 498 517 548
 653 654 655
 69 71 508
 143 508 71
 656 657 658
 642 539 495
 630 57 56
 551 659 552
 660 381 464
 77 79 593
 379 550 466
 10 426 661
 662 661 426
 141 140 663
 284 175 664
 665 409 340
 413 422 414
 412 571 413
 377 323 322
 297 307 666
 374 171 186
 46 667 267
 668 624 625
 669 670 238
 5 4 671
 586 431 329
 672 673 674
 570 675 413
 240 179 178
 157 266 190
 618 620 420
 207 543 208
 167 230 584
 644 676 677
 678 679 680
 644 646 676
 678 670 679
 328 326 681
 432 592 591
 424 302 316
 118 30 117
 682 172 171
 600 596 595
 462 683 291
 284 21 548
 59 61 441
 28 441 61
 684 685 401
 489 686 386
 7 250 6
 633 347 534
 687 171 385
 374 385 171
 656 688 657
 380 585 464
 42 44 152
 37 689 189
 690 691 692
 213 543 318
 669 43 547
 614 40 191
 39 191 40
 406 407 506
 597 307 583
 297 583 307
 691 693 692
 598 631 566
 596 694 193
 695 267 667
 126 620 299
 312 6 250
 696 604 457
 193 694 383
 697 582 581
 698 699 637
 19 285 594
 328 700 327
 606 214 184
 507 701 506
 164 702 361
 137 593 703
 280 704 31
 392 164 361
 254 634 650
 633 705 417
 706 590 589
 707 650 634
 708 709 710
 275 453 398
 361 711 362
 656 362 711
 403 482 712
 197 252 589
 713 492 714
 59 714 492
 371 715 415
 88 446 87
 421 370 716
 611 33 32
 180 462 291
 611 717 125
 421 716 718
 166 409 128
 642 495 719
 222 513 373
 687 465 720
 163 721 164
 638 572 683
 163 111 146
 110 146 111
 722 705 630
 417 705 722
 188 671 189
 387 481 310
 72 455 723
 332 724 283
 669 547 679
 121 719 476
 387 329 431
 598 599 631
 251 615 252
 121 133 719
 597 308 307
 572 725 683
 726 13 727
 728 637 699
 15 726 521
 229 305 584
 160 107 476
 729 560 304
 410 234 471
 730 400 731
 187 150 732
 275 454 453
 187 585 151
 729 710 709
 377 378 411
 665 411 378
 733 336 335
 633 417 419
 279 734 95
 183 95 734
 630 631 599
 662 408 626
 166 626 408
 698 637 537
 342 334 479
 342 487 486
 22 735 395
 695 736 267
 51 415 737
 325 506 407
 738 739 740
 638 681 326
 741 82 84
 368 82 397
 741 397 82
 28 391 441
 364 114 113
 621 742 620
 325 568 326
 520 523 58
 36 609 286
 743 455 357
 361 395 392
 262 430 263
 105 107 744
 59 441 714
 616 714 441
 87 446 745
 271 153 746
 89 746 153
 197 416 622
 456 604 300
 203 747 178
 240 178 747
 387 431 481
 748 531 530
 616 285 664
 284 664 285
 129 639 749
 247 249 453
 195 453 249
 606 467 542
 394 393 601
 750 751 752
 228 607 220
 753 754 755
 121 232 133
 448 401 685
 756 610 609
 757 758 759
 760 134 232
 509 343 761
 126 420 620
 494 495 539
 67 519 68
 250 762 647
 22 363 298
 119 74 534
 633 534 74
 535 537 637
 635 75 636
 93 636 75
 256 555 255
 554 255 555
 456 300 48
 475 486 500
 287 607 591
 131 29 246
 183 734 184
 162 744 107
 142 181 508
 396 425 390
 37 38 492
 59 492 38
 657 763 658
 37 566 689
 279 764 765
 275 398 24
 15 13 726
 324 732 150
 279 765 734
 603 519 766
 170 172 521
 332 356 181
 264 155 653
 194 767 263
 309 443 768
 769 585 458
 380 458 585
 196 770 202
 608 382 712
 656 712 382
 743 152 130
 574 771 78
 551 693 270
 559 561 140
 772 140 561
 69 508 181
 10 773 8
 42 152 357
 368 438 82
 738 565 100
 273 352 351
 684 401 774
 116 775 463
 439 391 30
 563 417 722
 494 776 486
 342 486 776
 248 617 230
 720 465 777
 618 420 402
 268 270 693
 342 776 343
 72 723 65
 229 562 304
 729 304 562
 616 440 285
 293 8 773
 247 453 505
 280 31 33
 778 779 473
 533 542 780
 630 14 57
 781 782 516
 673 570 571
 783 730 731
 687 720 784
 785 784 720
 527 786 528
 787 518 788
 213 214 542
 314 302 789
 790 791 792
 760 106 793
 105 793 106
 794 460 749
 795 793 796
 475 719 495
 797 661 798
 662 798 661
 10 799 773
 359 800 358
 261 389 274
 207 318 543
 748 801 802
 350 484 803
 640 803 484
 804 120 764
 11 41 426
 72 473 648
 444 602 805
 603 805 602
 445 745 446
 203 465 385
 687 385 465
 520 806 523
 188 523 806
 807 423 422
 273 90 153
 4 189 671
 695 667 84
 192 596 193
 264 653 655
 496 658 763
 641 311 165
 207 545 318
 319 318 545
 403 712 808
 608 712 482
 642 809 539
 94 31 66
 687 784 171
 682 171 784
 234 810 471
 89 811 746
 656 382 362
 344 239 104
 559 478 304
 355 182 356
 656 658 712
 461 177 595
 600 595 177
 606 764 120
 501 78 771
 222 373 433
 138 433 373
 812 795 796
 34 813 35
 129 749 460
 121 476 107
 45 237 236
 790 91 90
 328 681 274
 209 737 210
 814 759 758
 472 64 815
 673 571 674
 154 690 155
 533 780 534
 122 1 215
 600 179 242
 621 217 816
 216 816 217
 212 300 604
 526 528 581
 293 773 720
 294 1 0
 635 727 13
 364 113 544
 319 544 113
 751 781 516
 472 817 473
 778 473 817
 162 528 744
 69 182 313
 162 818 528
 738 100 819
 708 710 820
 253 255 821
 611 822 717
 541 539 823
 444 257 824
 101 825 100
 253 821 577
 85 826 457
 525 289 747
 827 483 497
 176 125 717
 684 753 685
 195 249 194
 88 828 400
 248 767 194
 432 591 360
 353 360 591
 344 490 386
 209 822 32
 611 32 822
 745 618 829
 738 740 365
 170 521 726
 457 826 491
 444 824 602
 574 436 771
 772 272 663
 830 488 605
 831 469 832
 337 832 469
 830 605 775
 221 259 833
 371 202 770
 256 650 632
 225 632 650
 81 695 84
 371 369 715
 167 169 388
 293 834 442
 669 238 237
 324 315 732
 835 836 837
 39 41 11
 794 659 460
 122 11 9
 87 745 829
 445 838 619
 115 752 516
 372 373 839
 760 793 840
 480 479 524
 221 144 53
 195 398 453
 135 137 703
 527 812 786
 779 841 842
 135 843 136
 188 844 671
 732 315 845
 116 516 782
 209 211 822
 597 822 211
 228 591 607
 778 841 779
 135 820 710
 846 783 367
 319 545 544
 221 847 144
 142 847 245
 183 96 95
 129 460 130
 279 35 813
 147 310 481
 848 718 716
 606 184 765
 34 558 813
 383 24 398
 747 289 241
 368 423 438
 145 260 627
 849 627 260
 412 674 571
 850 580 582
 797 851 799
 852 853 647
 339 647 853
 253 766 519
 307 323 666
 580 526 581
 94 202 449
 748 854 801
 262 274 681
 112 832 317
 778 405 223
 338 479 334
 353 591 512
 228 512 591
 696 491 308
 123 622 416
 272 855 663
 410 330 416
 665 378 128
 459 460 659
 280 471 810
 856 375 857
 374 857 375
 507 327 700
 541 858 739
 751 516 752
 12 75 13
 794 552 659
 797 806 859
 778 817 405
 778 223 841
 224 223 405
 203 385 376
 312 60 38
 85 87 829
 403 405 443
 261 263 767
 860 447 861
 570 862 675
 49 17 433
 25 789 302
 368 397 369
 314 863 315
 864 315 863
 662 426 865
 866 537 536
 192 430 595
 275 136 454
 772 561 484
 640 484 561
 728 857 867
 447 868 861
 62 189 689
 371 716 370
 452 710 869
 729 869 710
 55 870 54
 621 619 838
 2 9 8
 814 530 871
 383 735 24
 127 762 250
 872 873 156
 142 245 333
 141 645 139
 769 358 800
 92 400 828
 662 865 408
 797 859 851
 657 652 628
 753 755 685
 224 404 483
 350 771 436
 872 156 874
 157 874 156
 769 649 358
 692 693 875
 857 186 867
 772 484 352
 324 150 474
 108 408 865
 142 144 847
 112 317 113
 319 113 317
 421 414 422
 145 628 652
 149 841 223
 368 370 423
 102 97 26
 27 26 97
 629 497 763
 301 609 529
 662 651 798
 243 245 847
 797 799 661
 268 876 538
 877 538 876
 92 731 400
 797 798 844
 285 440 594
 243 847 878
 221 879 847
 401 400 774
 730 774 400
 448 685 755
 551 875 693
 872 880 873
 804 881 558
 849 610 627
 395 735 393
 412 313 182
 509 761 99
 760 232 106
 551 553 875
 757 854 758
 618 402 829
 314 789 863
 439 623 594
 103 594 623
 222 148 354
 344 346 239
 882 291 683
 426 41 865
 273 883 90
 470 605 490
 306 826 402
 785 773 799
 807 438 423
 640 560 709
 501 803 884
 108 865 41
 885 886 65
 63 65 886
 258 624 668
 640 709 884
 672 674 282
 355 282 674
 804 558 887
 535 887 558
 34 286 888
 435 883 351
 472 768 443
 406 506 701
 456 522 86
 88 86 828
 51 737 32
 209 32 737
 42 547 43
 328 274 389
 797 844 806
 804 889 120
 93 120 889
 444 805 477
 170 726 867
 166 408 409
 439 594 440
 50 298 363
 743 723 455
 364 564 365
 387 310 815
 509 335 334
 738 365 564
 629 763 628
 890 146 652
 827 474 483
 891 892 752
 750 752 892
 435 436 531
 743 357 152
 629 627 893
 383 393 735
 45 43 237
 5 671 844
 312 647 60
 339 60 647
 551 270 659
 231 230 617
 713 493 492
 396 715 369
 576 54 870
 891 755 892
 754 892 755
 882 442 834
 849 888 286
 894 679 547
 387 815 64
 450 190 266
 638 462 429
 461 429 462
 631 56 689
 662 626 651
 741 425 397
 600 242 601
 27 895 73
 309 768 310
 473 779 648
 896 305 478
 713 897 174
 175 174 897
 501 771 803
 350 803 771
 34 536 558
 576 766 577
 253 577 766
 459 659 270
 741 84 667
 141 855 646
 271 646 855
 324 474 316
 827 316 474
 772 352 272
 601 393 694
 743 588 723
 359 842 800
 450 898 190
 525 376 375
 403 808 404
 598 174 235
 394 601 899
 101 761 900
 377 278 666
 501 884 83
 231 505 869
 452 869 505
 741 667 546
 46 546 667
 669 237 43
 155 690 653
 188 806 844
 641 289 311
 355 901 182
 359 648 779
 62 689 56
 109 902 292
 301 529 26
 222 433 17
 831 787 788
 210 737 903
 412 182 901
 630 705 14
 444 477 71
 785 720 773
 204 777 465
 885 723 588
 452 843 710
 790 883 791
 345 904 582
 850 582 904
 872 874 592
 287 592 874
 135 710 843
 159 190 898
 461 595 430
 421 718 414
 70 414 718
 343 900 761
 435 791 883
 173 532 235
 105 796 793
 435 802 905
 849 286 610
 785 799 851
 738 819 739
 696 308 612
 273 351 883
 203 376 747
 251 906 613
 445 447 838
 36 529 609
 877 886 538
 885 538 886
 271 746 676
 451 215 295
 907 676 746
 205 481 431
 325 407 320
 22 24 735
 795 840 793
 665 128 409
 907 746 811
 55 805 870
 559 140 908
 783 731 367
 373 513 839
 271 855 272
 273 272 352
 621 816 742
 413 675 422
 807 422 675
 258 384 624
 157 158 874
 909 677 910
 603 870 805
 147 341 503
 412 901 674
 55 477 805
 641 165 899
 448 755 868
 891 868 755
 496 404 808
 631 689 566
 743 130 588
 276 411 340
 665 340 411
 339 911 61
 28 61 911
 67 704 634
 707 634 704
 52 54 384
 576 384 54
 596 601 694
 485 487 912
 396 210 903
 355 674 901
 294 0 567
 325 320 567
 231 869 562
 729 562 869
 515 913 914
 154 156 873
 757 759 837
 72 648 455
 297 666 278
 614 277 40
 276 40 277
 115 915 752
 891 752 915
 294 510 295
 281 672 282
 541 823 858
 7 651 626
 196 824 770
 3 725 572
 109 916 902
 866 902 916
 633 76 705
 697 575 582
 345 582 575
 136 843 454
 338 524 479
 435 905 791
 707 704 810
 280 810 704
 860 217 838
 293 720 777
 812 796 786
 466 680 917
 574 871 530
 412 414 313
 70 313 414
 480 912 487
 109 918 916
 814 758 530
 600 177 179
 848 770 824
 919 789 73
 470 463 775
 79 703 593
 795 920 840
 885 588 269
 326 568 572
 621 838 217
 222 354 513
 849 902 888
 25 73 789
 252 615 921
 451 921 615
 730 684 774
 321 590 510
 706 510 590
 781 830 782
 428 922 418
 856 290 375
 525 375 290
 167 584 168
 127 299 762
 852 762 299
 804 764 881
 192 263 430
 830 775 782
 377 666 323
 109 200 918
 63 923 329
 862 468 924
 470 775 605
 435 531 802
 638 429 681
 262 681 429
 10 661 799
 885 269 538
 456 48 522
 459 269 588
 864 863 925
 410 471 330
 814 926 759
 728 727 637
 635 637 727
 927 151 585
 563 235 532
 860 838 447
 642 719 133
 251 622 906
 578 624 384
 541 825 540
 383 694 393
 707 226 650
 225 650 226
 31 704 66
 154 873 876
 361 702 711
 890 711 702
 754 750 892
 475 476 719
 835 573 898
 159 898 573
 34 888 536
 792 791 905
 706 921 295
 451 295 921
 814 928 926
 325 567 568
 692 653 690
 279 881 764
 3 442 725
 528 786 744
 105 744 786
 12 14 705
 686 850 904
 86 522 828
 92 828 522
 738 564 565
 116 782 775
 736 846 929
 866 888 902
 890 688 711
 656 711 688
 183 518 913
 769 800 585
 927 585 800
 533 349 208
 907 677 676
 894 680 679
 852 816 853
 216 853 816
 856 857 699
 160 500 930
 485 930 500
 852 647 762
 608 482 503
 907 910 677
 371 770 716
 640 884 803
 187 732 464
 660 464 732
 541 739 819
 598 566 493
 885 65 723
 5 798 651
 729 709 560
 67 66 704
 184 734 765
 271 676 646
 669 679 670
 557 931 932
 856 200 290
 288 290 200
 5 844 798
 790 90 883
 294 567 320
 20 366 499
 933 499 366
 3 567 0
 708 884 709
 728 867 727
 726 727 867
 706 295 510
 437 208 349
 934 930 935
 907 811 910
 207 206 545
 603 766 870
 601 242 899
 525 747 376
 894 547 649
 848 716 770
 437 348 511
 733 511 348
 93 889 636
 535 636 887
 468 438 924
 558 881 813
 860 861 201
 268 693 691
 882 725 442
 638 683 462
 706 589 921
 252 921 589
 909 936 677
 466 937 680
 212 612 211
 119 534 780
 63 886 923
 434 613 906
 448 868 447
 101 900 540
 12 705 76
 894 917 680
 520 859 806
 216 911 853
 339 853 911
 143 71 477
 728 699 857
 374 186 857
 394 899 165
 614 191 615
 451 615 191
 807 924 438
 846 367 929
 47 929 367
 934 161 930
 860 246 217
 466 550 937
 682 859 172
 520 172 859
 741 546 425
 686 904 386
 345 386 904
 101 99 761
 121 106 232
 598 493 174
 713 174 493
 466 917 458
 514 839 513
 428 418 532
 309 503 482
 102 26 529
 105 786 796
 890 721 146
 216 29 911
 28 911 29
 163 146 721
 641 899 242
 827 938 316
 848 824 257
 405 817 443
 424 316 938
 707 810 226
 234 226 810
 934 939 161
 162 161 939
 353 513 354
 748 758 854
 606 765 764
 748 802 531
 835 837 504
 218 504 837
 866 536 888
 633 74 76
 772 663 140
 196 602 824
 77 940 928
 941 928 940
 115 201 915
 644 677 936
 678 680 937
 472 443 817
 399 418 922
 337 317 832
 372 940 593
 92 367 731
 882 683 725
 697 931 575
 756 893 610
 627 610 893
 541 819 825
 860 201 246
 175 897 664
 616 664 897
 919 863 789
 708 83 884
 221 833 879
 642 643 809
 424 938 942
 692 654 653
 559 908 478
 185 788 518
 494 900 776
 343 776 900
 756 303 942
 424 942 303
 154 876 691
 268 691 876
 849 292 902
 131 246 201
 697 939 931
 712 658 808
 496 808 658
 494 540 900
 515 914 943
 629 944 497
 827 497 944
 154 691 690
 872 592 587
 432 587 592
 927 842 841
 563 722 599
 849 260 292
 620 742 299
 852 299 742
 496 763 497
 630 599 722
 218 837 759
 682 851 859
 359 779 842
 77 928 871
 240 747 241
 162 939 818
 872 587 880
 586 880 587
 554 821 255
 785 851 784
 682 784 851
 164 721 702
 934 932 931
 814 871 928
 452 454 843
 616 897 714
 713 714 897
 586 329 923
 927 800 842
 124 330 471
 576 870 766
 877 873 880
 101 540 825
 185 469 788
 831 788 469
 757 837 836
 597 717 822
 696 457 491
 284 548 569
 517 569 548
 708 820 83
 79 83 820
 629 942 944
 660 732 845
 856 699 918
 27 97 943
 515 943 97
 629 893 942
 77 871 78
 557 575 931
 231 617 505
 247 505 617
 557 932 366
 657 688 652
 123 296 906
 514 512 945
 228 945 512
 882 834 291
 204 291 834
 635 13 75
 756 942 893
 498 499 579
 933 579 499
 641 241 289
 877 876 873
 415 903 737
 614 613 277
 578 821 625
 554 625 821
 201 861 915
 212 604 612
 696 612 604
 287 874 158
 27 943 895
 399 922 348
 733 348 922
 608 503 341
 372 946 940
 141 663 855
 402 826 829
 934 931 939
 890 652 688
 306 491 826
 608 341 18
 542 467 780
 736 929 267
 47 267 929
 110 292 260
 919 925 863
 434 906 296
 485 912 935
 123 906 622
 769 458 917
 698 918 699
 514 946 839
 372 839 946
 77 593 940
 338 336 427
 428 427 336
 934 935 932
 933 932 935
 890 702 721
 748 530 758
 756 609 303
 301 303 609
 70 718 257
 848 257 718
 866 916 537
 698 537 916
 574 78 871
 660 947 381
 941 926 928
 554 556 625
 698 916 918
 933 935 912
 563 532 418
 852 742 816
 697 581 818
 218 759 926
 896 478 908
 578 577 821
 183 913 96
 807 675 924
 891 861 868
 657 628 763
 769 917 649
 864 947 845
 332 331 724
 85 829 826
 528 818 581
 862 924 675
 847 879 878
 856 918 200
 16 18 341
 933 912 579
 321 502 590
 877 923 886
 396 903 715
 415 715 903
 597 583 717
 176 717 583
 279 813 881
 894 649 917
 697 818 939
 941 946 945
 835 504 573
 220 573 504
 485 935 930
 942 938 944
 618 745 619
 445 619 745
 434 277 613
 379 381 549
 135 703 820
 79 820 703
 864 845 315
 480 579 912
 310 768 815
 472 815 768
 733 335 511
 509 511 335
 941 219 926
 733 922 336
 428 336 922
 170 867 186
 933 366 932
 100 825 819
 514 945 946
 248 388 767
 261 767 388
 149 151 841
 927 841 151
 515 96 913
 160 930 161
 941 945 219
 877 880 923
 586 923 880
 941 940 946
 804 887 889
 636 889 887
 218 926 219
 660 845 947
 293 777 834
 204 834 777
 119 780 467
 891 915 861
 228 219 945
 539 809 823
 827 944 938
 0
 17
 835 89 450 790 757 909 792 265 802 898 91 801 811 854 910 836 905
 10
 692 264 794 265 553 875 552 749 655 654
 0
 7
 678 45 236 639 670 238 749
 31
 678 864 831 132 760 919 134 112 365 787 73 739 858 740 518 550 643 832 114 914 913 381 943 895 937 809 549 925 947 823 840
 40
 258 644 243 406 328 896 225 507 410 244 198 909 283 227 668 389 645 199 169 584 140 632 305 833 259 555 590 625 908 331 139 878 936 879 701 556 700 168 502 724
 0
