898 1675
6.701519 1.785672 1
6.879232 1.891371 1
6.723532 1.909799 1
6.805418 1.728012 1
6.567963 2.290683 1
6.680757 2.396833 1
6.582386 2.496284 1
6.484631 2.419052 1
6.442039 2.093051 1
6.397256 1.985062 2
6.536678 1.996341 1
7.164596 2.778845 1
7.262382 2.722581 1
7.201928 2.902174 1
7.342909 2.799273 1
6.542043 2.143331 1
8.339095 1.891838 1
8.250751 1.812134 1
8.411804 1.768777 1
8.284565 1.715435 1
7.959190 1.754323 1
7.802344 1.756332 1
7.856203 1.616465 1
9.678115 2.511569 1
9.574879 2.350617 1
9.721053 2.365102 1
7.498225 2.583424 1
7.622765 2.702036 1
7.500171 2.698773 1
7.443472 1.942950 1
7.613626 1.986608 1
7.510754 2.063014 1
9.342519 2.234407 1
9.423470 2.119010 1
9.476007 2.231205 1
7.552849 0.916855 1
7.494326 1.025363 1
7.374181 0.926226 1
6.692447 1.608083 1
7.068633 3.034311 1
7.052530 2.925088 1
9.739560 3.850509 1
9.820748 3.979503 1
9.701102 4.005759 1
8.273797 1.127248 1
8.220457 1.287513 1
8.120080 1.172185 1
9.252457 3.526508 1
9.189052 3.630861 2
9.111339 3.475663 2
9.077063 2.646301 1
9.210153 2.670109 1
9.084210 2.774578 1
9.198662 1.198950 1
9.071326 1.130480 1
9.183449 1.047596 1
9.204548 2.809502 1
8.475585 2.287620 1
8.630102 2.254541 1
8.581976 2.361500 1
7.438138 0.557798 1
7.316076 0.631051 1
7.295281 0.481153 1
7.523554 1.866925 1
7.731541 1.104297 1
7.749978 1.235802 1
7.601613 1.214993 1
8.478637 0.790780 1
8.313864 0.866223 1
8.331158 0.720848 1
8.504636 2.169859 1
9.087513 3.339667 1
9.026529 3.270177 1
9.144161 3.207373 1
9.543455 2.810024 1
9.543092 2.953604 1
9.423470 2.865226 1
7.219480 2.344383 1
7.363740 2.410020 1
7.257778 2.463959 1
6.505392 2.912363 1
6.463891 3.083112 1
6.394594 2.906682 1
6.322877 2.991369 1
8.474099 1.616217 1
8.340574 1.625544 1
7.312423 2.260671 1
10.000000 3.472222 0
10.000000 3.611111 0
9.854188 3.516792 1
6.953347 1.488441 1
6.831847 1.586057 1
6.827979 1.453654 1
7.486001 0.809553 1
6.963366 1.048810 1
6.884698 0.923605 1
7.042629 0.903632 1
7.691458 1.625557 1
9.444846 1.334896 1
9.589488 1.426591 1
9.434002 1.466554 1
9.892745 3.641623 1
7.587032 1.102500 1
6.956197 1.599887 1
6.913921 1.734840 1
7.173300 3.083775 2
8.917900 1.739587 1
8.872846 1.871586 1
8.745080 1.755492 1
8.729655 1.919936 1
9.789246 2.448795 1
9.792582 4.131754 2
10.000000 1.527778 0
10.000000 1.666667 0
9.835932 1.589848 1
8.333333 0.000000 0
8.472222 0.000000 0
8.423933 0.166367 1
9.182967 3.350452 1
9.421269 2.339659 1
7.986232 1.946766 1
8.040218 1.849507 1
8.114106 1.990244 1
9.610342 1.305229 1
8.175214 0.985853 1
8.030745 1.035779 1
9.788682 0.868734 1
9.713545 0.964521 1
9.630043 0.812346 1
9.362967 1.582600 1
9.205578 1.586031 1
9.297521 1.444892 1
9.132903 1.455321 1
8.578965 1.700395 1
8.587470 1.848912 1
10.000000 1.805556 0
9.864987 1.903467 1
9.873762 1.734081 1
8.194445 0.000000 0
8.260237 0.127251 1
8.090914 0.133506 1
7.620184 2.556905 1
8.801836 1.218172 1
8.738236 1.350614 1
8.659156 1.181875 1
9.429109 2.581689 1
9.342649 2.727676 1
9.300473 2.592718 1
6.534350 1.620327 2
6.676695 1.483973 2
9.331212 0.311474 1
9.391139 0.467381 1
9.270160 0.442229 1
8.289977 3.084625 1
8.203995 3.214273 1
8.182261 3.044488 1
7.491823 1.669027 1
7.420715 1.784334 1
7.342836 1.639057 1
6.805555 0.000000 0
6.780949 0.168758 1
6.669086 0.122512 1
7.441488 1.573872 1
7.734658 2.641909 1
8.457720 1.950579 1
7.085173 2.293885 1
7.198239 2.211733 1
7.098757 2.157671 1
8.611111 0.000000 0
8.713051 0.149972 1
8.541667 0.099357 1
10.000000 1.388889 0
9.897661 1.451688 1
9.849624 1.291612 1
6.919063 1.345560 1
7.084176 1.397750 1
7.033436 1.283168 1
7.753994 1.900319 1
7.777062 2.059184 1
9.668290 1.618358 1
9.513515 1.559231 1
9.691791 1.495906 1
7.471699 0.439762 1
7.393651 0.354021 1
6.619639 1.893718 1
6.669048 2.050785 1
8.980727 1.969311 1
9.107937 2.061746 1
8.974391 2.102736 1
8.387761 0.339635 1
8.240078 0.418746 1
8.276791 0.268489 1
10.000000 0.833333 0
9.878537 0.952749 1
9.881005 0.771428 1
9.166667 0.000000 0
9.228572 0.118995 1
9.047251 0.121463 1
8.461967 0.900401 1
9.570928 2.643228 1
9.666690 2.753694 1
7.330197 1.864834 1
8.512171 3.029562 1
8.501996 2.902117 1
8.635534 3.000477 1
9.482075 0.375573 1
8.312034 2.436220 1
8.406985 2.544760 1
8.237949 2.582546 1
7.660341 0.578731 1
7.567696 0.509109 1
7.710315 0.439928 1
7.136683 0.529082 1
7.205846 0.625018 1
8.632577 2.858719 1
6.453895 2.610102 1
6.349832 2.687730 1
6.323233 2.547328 1
6.232348 2.645741 2
8.669917 0.579927 1
8.757948 0.693155 1
8.605878 0.699880 1
8.874151 2.322065 1
8.764855 2.203482 1
8.916048 2.203379 1
9.287970 3.215673 1
6.458221 2.769819 1
6.590697 2.811427 1
9.703095 1.224287 1
9.545672 1.202538 1
9.670074 1.086883 1
8.419788 1.204282 1
8.332795 1.276246 1
9.331159 3.351627 1
8.841307 1.604082 1
8.569086 0.210360 1
8.508806 0.309166 1
9.446910 0.269519 1
9.595981 0.268505 1
9.454902 3.848161 1
9.314283 3.848248 2
9.434791 3.702993 1
9.291065 3.714597 1
8.146174 1.859522 1
8.761953 0.916679 1
8.900838 0.965835 1
8.822564 1.031494 1
8.740061 2.530812 1
8.666847 2.437385 1
8.841598 2.440845 1
7.639262 1.456599 1
7.763267 1.366998 1
7.753578 1.515011 1
7.003982 0.388354 1
7.133464 0.392585 1
7.012825 0.504763 1
7.919614 2.303614 1
7.874130 2.467033 1
7.794896 2.314073 1
7.725644 2.414804 1
8.742489 2.344617 1
9.192173 2.523767 1
10.000000 2.500000 0
10.000000 2.638889 0
9.843488 2.564197 1
7.949999 0.693922 1
8.057818 0.785259 1
7.934078 0.862031 1
8.652964 3.332888 1
8.745855 3.392673 2
8.602221 3.469974 2
6.561868 2.666827 1
7.588399 0.399238 1
8.101618 0.647294 1
9.438756 2.449300 1
8.432035 1.083317 1
9.510171 0.191461 1
9.188523 1.345006 1
6.929450 0.775722 1
6.801984 0.823573 1
6.788272 0.705521 1
8.024765 1.279948 1
7.894146 1.289960 1
7.976189 1.160414 1
8.920476 3.021576 1
8.855284 3.136485 1
8.782388 3.023703 1
8.719112 3.129190 1
9.449391 3.039363 1
8.917796 2.615546 1
9.044215 2.523352 1
9.172133 0.340190 1
8.902877 0.859163 1
8.103052 1.556893 1
8.175099 1.426256 1
8.266163 1.530432 1
7.171700 0.247466 1
7.302215 0.190436 1
7.275958 0.316941 1
7.809556 0.964260 1
7.810327 0.850372 1
9.884130 3.862222 1
8.014078 0.559529 1
7.310883 3.038144 2
7.393803 2.920684 1
7.442627 3.070481 1
7.204134 0.124253 1
9.587537 0.409535 1
8.750000 0.000000 0
10.000000 1.250000 0
9.902959 2.703294 1
9.655199 0.142591 1
9.735977 0.293416 1
8.303676 3.298969 1
8.225669 3.402265 2
8.119693 3.335945 2
8.865435 0.507339 1
9.008142 0.563142 1
8.853737 0.619008 1
8.104742 3.126991 1
9.803100 0.196901 1
8.838311 2.114829 1
9.788435 1.428417 1
7.660153 1.319150 1
8.018033 1.414853 1
8.393827 2.992672 1
8.366385 2.871074 1
7.209929 1.679876 1
7.221816 1.512943 1
7.110541 1.619870 1
9.089385 0.963276 1
7.638889 0.000000 0
7.777778 0.000000 0
7.724136 0.155138 1
7.670127 1.770020 1
7.569445 0.094249 1
7.518536 2.990162 1
9.595148 3.911410 1
9.805383 0.494141 1
9.708761 0.426389 1
9.861273 0.354120 1
8.138584 2.715771 1
8.073783 2.616538 1
9.661263 2.881736 1
9.587098 0.955972 1
6.676661 1.313509 2
6.777507 1.361396 1
8.469637 0.651486 1
6.350657 3.114302 2
8.516606 0.998214 1
8.661506 1.034647 1
8.562360 1.096392 1
8.581209 0.914497 1
7.949980 0.968231 1
9.697988 2.218618 1
9.586776 2.199703 1
8.693430 1.612268 1
8.933568 0.705132 1
10.000000 2.083333 0
10.000000 2.222222 0
9.869110 2.155257 1
9.700066 0.677595 1
9.550171 0.644156 1
9.701771 0.555341 1
9.589083 0.519273 1
9.538357 2.507281 1
8.576491 2.513322 1
8.642417 2.630529 1
8.584172 1.311510 1
8.248993 0.587877 1
8.138595 0.527782 1
6.437969 2.501460 1
9.795480 2.705582 1
9.691846 2.643283 1
9.298770 1.322060 1
8.168266 0.324664 1
8.117494 1.321646 1
9.896333 4.076138 1
9.731742 3.404548 1
9.595600 3.461062 1
9.617782 3.328546 1
9.484823 3.377062 1
8.206525 0.729662 1
8.809734 0.800232 1
8.646532 0.810924 1
8.365952 2.673563 1
7.846552 0.756488 1
8.334949 3.194570 1
6.666667 0.000000 0
8.962798 2.763805 1
7.850990 1.168013 1
7.044038 0.280671 1
9.596484 3.754119 1
9.544909 3.601026 1
9.696916 3.536094 1
8.994673 1.019990 1
7.052512 3.196591 2
8.215405 1.627476 1
6.727134 2.194557 1
6.807657 2.096110 1
7.336075 1.231452 1
7.169745 1.239987 1
7.261079 1.146039 1
7.457663 0.674062 1
6.623591 1.689522 1
7.707490 2.529548 1
6.551127 3.130996 1
6.429959 3.207061 2
8.126678 2.518943 1
7.462380 1.464749 1
7.388029 1.351707 1
7.538618 1.349015 1
7.462672 1.262592 1
9.128722 1.940146 1
7.068888 2.818274 1
9.774709 2.930579 1
9.830764 3.057855 1
9.671414 3.023718 1
7.983636 2.709339 1
9.290168 1.126688 1
8.034971 2.803290 1
9.905188 2.023133 1
9.662862 0.349809 1
6.759270 1.021705 1
6.719118 1.165979 2
6.623026 1.060949 2
9.755339 1.802902 1
8.182172 0.226299 1
9.370563 3.484943 1
7.102610 1.031868 1
8.040907 2.404523 1
9.002016 1.284990 1
8.919353 1.130524 1
9.642103 3.181105 1
9.752715 3.139652 1
9.735064 3.290539 1
7.856003 1.453294 1
9.659159 3.651117 1
6.800164 1.985727 1
8.547351 2.765906 1
8.666471 2.749717 1
9.518946 2.138441 1
9.867215 3.358270 1
6.669121 0.801367 1
6.635121 0.669872 2
9.135469 0.213983 1
9.338692 2.983404 1
7.372607 1.087612 1
7.897685 1.866148 1
8.990734 1.636586 1
9.061483 1.732573 1
7.065910 1.528489 1
7.413507 2.305499 1
7.563960 2.329350 1
7.501750 2.447927 1
8.190020 2.426300 1
8.122610 2.331050 1
7.025963 1.672231 1
6.600846 2.932975 1
9.252267 3.424379 1
8.124784 1.717798 1
7.239058 1.351035 1
10.000000 0.555556 0
10.000000 0.694444 0
9.846493 0.624231 1
9.305555 0.000000 0
9.444445 0.000000 0
9.376101 0.152226 1
8.071854 0.420917 1
8.515110 2.065522 1
8.402747 2.097991 1
6.668028 0.549795 2
6.668671 0.402044 2
6.783769 0.483042 1
6.804168 0.361318 1
6.848816 2.968618 1
6.763456 3.051121 1
6.708418 2.887866 1
8.499480 2.649626 1
7.126564 2.429618 1
9.587584 4.065104 1
9.630780 4.212965 2
9.477521 4.131865 2
7.994965 1.638687 1
6.969264 3.105634 1
8.486609 3.217386 1
8.413008 3.308919 1
9.451973 1.710454 1
8.167719 0.849068 1
10.000000 3.333333 0
8.578949 3.131859 1
8.421050 3.111072 1
7.965651 1.536039 1
8.375373 0.580966 1
8.335576 1.998213 1
7.015406 2.209645 1
9.770711 0.759233 1
6.553434 3.253668 1
6.498818 1.877933 1
6.404159 1.871603 2
8.750494 1.494737 1
8.623773 1.464182 1
9.019844 1.846440 1
6.919560 2.163072 1
6.833597 2.217250 1
9.308034 2.864636 1
7.823123 2.586313 1
9.719865 1.341398 1
9.386144 1.831876 1
9.426682 1.973511 1
9.272293 1.925536 1
9.312862 2.071491 1
7.893880 1.056013 1
8.295401 1.002043 1
8.044533 2.262336 1
7.258426 1.044417 1
7.190665 0.931192 1
6.351488 2.797552 1
8.576487 1.580054 1
9.529906 1.061277 1
9.431851 0.943857 1
9.414834 1.117136 1
6.905020 0.667579 1
8.461940 3.408179 2
8.542651 3.328246 1
6.412480 2.222630 1
9.463327 2.712473 1
6.184692 2.536127 2
6.692377 3.259622 2
6.571198 3.370148 2
9.284926 1.728074 1
7.000378 1.790072 1
7.106781 1.745396 1
7.104016 1.896052 1
8.558815 0.590910 1
7.361111 0.000000 0
7.430360 0.115371 1
7.298603 0.081500 1
7.001577 1.985255 1
6.904934 2.032708 1
8.866799 1.345885 1
8.773729 0.568243 1
9.059108 1.544757 1
9.100688 1.645534 1
8.512167 1.507207 1
9.285225 0.878031 1
9.180266 0.778876 1
9.297025 0.717826 1
7.574777 0.208464 1
7.413603 0.246067 1
9.756651 1.691617 1
7.391330 2.057900 1
7.288234 2.111815 1
7.314125 1.977033 1
7.206226 2.005661 1
8.450005 2.413283 1
7.517454 0.318836 1
8.347806 0.472575 1
9.007729 3.134118 1
9.909224 0.487143 1
9.513889 0.086995 1
9.681722 4.117604 1
6.949171 2.859374 1
6.831521 2.857825 1
6.882554 2.715508 1
9.726391 3.722780 1
7.167843 0.736264 1
7.038102 0.646844 1
6.846932 1.120401 1
7.376606 0.756333 1
7.500000 0.000000 0
7.554602 1.571620 1
9.169523 0.630066 1
9.150927 0.492288 1
9.290156 0.592840 1
9.470921 0.786546 1
9.167747 1.818970 1
8.897501 1.244893 1
10.000000 0.277778 0
10.000000 0.416667 0
9.583333 0.000000 0
9.722222 0.000000 0
6.814268 1.252717 1
6.944895 1.193835 1
9.567870 1.672118 1
6.883154 0.113225 1
10.000000 3.055556 0
9.896259 2.958136 1
8.758950 1.115047 1
7.475721 1.154086 1
9.024781 2.865752 1
8.925119 2.901931 1
8.856956 2.819974 1
7.653986 2.107674 1
7.083333 0.000000 0
7.079720 0.141202 1
8.592486 0.390641 1
8.721608 0.441784 1
8.581511 0.496440 1
6.648148 3.030420 1
6.659159 2.606412 1
7.168542 1.126727 1
7.657166 0.302552 1
7.781382 0.302012 1
8.860346 1.458757 1
7.222222 0.000000 0
7.067441 0.778951 1
6.840494 2.576562 1
6.760593 2.649564 1
6.707620 2.517997 1
7.735209 2.199541 1
7.859236 2.189422 1
7.920929 2.087509 1
7.879289 3.139514 1
7.888206 3.296390 2
7.778308 3.199289 2
7.632497 1.874329 1
10.000000 1.944444 0
8.055555 0.000000 0
9.097796 2.162515 1
7.421768 2.171318 1
8.605382 1.994545 1
9.791840 2.029161 1
9.267573 3.080878 1
9.146122 3.040666 1
9.486578 3.959123 2
8.227109 1.928613 1
7.651947 2.850164 1
7.775370 2.930329 1
7.640660 2.984742 1
7.178379 2.105992 1
7.510874 2.241171 1
6.553916 3.018667 1
7.874085 0.115023 1
9.440208 1.223186 1
8.860596 2.725816 1
8.754113 2.811574 1
8.913311 3.256656 1
9.179708 0.910307 1
10.000000 0.972222 0
9.027778 0.000000 0
7.265856 0.824856 1
6.866995 1.028238 1
9.347087 1.226026 1
8.340025 2.314593 1
7.941402 2.601359 1
8.011380 2.521679 1
6.991859 2.737978 1
7.108499 2.672402 1
9.296770 1.003319 1
7.971704 3.223093 2
8.770854 3.259098 1
8.721547 2.928189 1
7.617286 0.798666 1
7.759981 2.779103 1
7.896862 2.826248 1
8.992749 2.420148 1
8.644530 3.228079 1
7.490658 2.861258 1
7.440787 2.773346 1
9.851737 3.745319 1
8.773985 2.662411 1
10.000000 2.777778 0
10.000000 2.916667 0
9.875825 2.830022 1
9.894982 3.155647 1
8.996217 1.414830 1
6.321735 2.117894 1
6.259442 2.007288 2
8.264857 2.953717 1
9.045720 0.407763 1
9.037647 0.280749 1
8.995839 0.799050 1
9.214856 2.026828 1
9.644619 2.075948 1
9.705174 1.928411 1
9.574646 1.942917 1
7.925094 0.350582 1
8.070436 0.288870 1
7.973966 0.206973 1
6.574481 1.762843 1
6.460699 1.758031 2
6.992469 1.889416 1
7.855732 0.225946 1
10.000000 3.750000 0
6.799769 2.448540 1
8.660844 0.299258 1
8.787876 0.304244 1
9.364137 0.804001 1
7.311299 1.434176 1
7.355800 1.524904 1
9.815688 1.058497 1
8.941504 0.184312 1
8.927892 3.522048 2
8.972569 3.394670 1
8.846900 3.345389 1
7.542164 1.765435 1
9.063309 0.711231 1
8.942284 0.437769 1
7.730455 3.088658 1
7.657597 3.226219 2
7.582279 3.102443 1
8.434777 2.774361 1
9.491364 3.504400 1
8.931909 2.507634 1
7.753076 0.535534 1
9.526664 3.231197 1
9.411857 0.588144 1
9.490500 0.513241 1
9.548377 3.097301 1
7.237609 2.614172 1
7.153166 2.542537 1
6.784701 3.180450 2
6.655578 3.156748 1
6.743394 0.907869 1
6.897636 3.204002 2
6.787325 2.759643 1
6.678010 2.730290 1
8.288482 1.412666 1
6.604926 0.235275 2
6.723753 0.280204 1
9.517835 2.037037 1
6.899308 0.555920 1
6.767800 0.593947 1
10.000000 3.888889 0
9.328944 3.606921 1
7.195971 1.807906 1
9.785014 3.612837 1
8.258897 2.715691 1
8.395570 0.967330 1
7.977349 2.168581 1
8.391410 1.494926 1
7.486845 3.218712 2
8.528203 1.201904 1
7.559259 0.720355 1
6.424726 2.335515 1
6.958165 2.625986 1
9.209607 2.173393 1
7.646367 0.999774 1
7.916667 0.000000 0
7.422709 2.508872 1
7.377967 2.654471 1
10.000000 0.000000 0
10.000000 0.138889 0
9.885746 0.114254 1
9.861111 0.000000 0
9.523350 0.877952 1
8.452407 1.297043 1
9.894957 1.152123 1
8.848654 0.104976 1
7.322326 2.547752 1
8.843869 1.998749 1
10.000000 2.361111 0
9.892401 2.436659 1
9.895423 2.288904 1
9.030814 2.984897 1
6.626881 2.198417 1
9.407244 3.254211 1
7.063766 1.154066 1
8.228585 2.822122 1
9.171988 1.708324 1
8.224897 2.317063 1
9.407576 0.694410 1
7.857933 2.691714 1
9.498965 1.854079 1
9.623045 1.834179 1
6.955204 0.201777 1
6.845220 0.241074 1
9.248697 0.227374 1
7.595392 1.680493 1
9.230813 2.937374 1
8.842537 2.537799 1
9.832903 3.240989 1
8.493809 1.396836 1
7.040461 2.535963 1
8.733887 2.060268 1
8.621247 2.130070 1
8.052592 0.914370 1
7.845520 3.024067 1
9.758629 2.819886 1
9.216706 2.307020 1
9.786070 1.153550 1
8.846450 0.213930 1
6.886305 2.395355 1
6.789903 2.320815 1
6.932283 2.288611 1
9.811171 2.366446 1
9.910024 0.216388 1
9.780123 0.091278 1
9.091424 0.829501 1
7.891593 2.942861 1
9.001876 2.310028 1
8.817172 2.915550 1
9.363633 3.128230 1
8.387638 1.378407 1
7.238861 1.890927 1
7.288260 1.771016 1
7.889970 1.982472 1
9.019978 2.214086 1
9.202797 3.783251 2
6.322611 2.328206 1
6.273861 2.219225 2
7.146887 0.834979 1
6.962265 2.992604 1
6.872154 3.083266 1
7.549607 2.157194 1
9.113731 2.401212 1
9.752971 2.126009 1
7.281088 0.725714 1
9.111723 2.262382 1
9.555644 1.759653 1
6.998342 2.405602 1
8.920775 0.319502 1
8.888889 0.000000 0
10.000000 1.111111 0
7.569988 2.907280 1
10.000000 4.027778 0
10.000000 4.166667 0
7.995681 2.910770 1
9.328279 2.460347 1
9.111744 1.268035 1
9.457596 3.154818 1
8.941441 1.532904 1
7.740407 0.769692 1
7.662305 0.690173 1
7.794248 0.634852 1
8.120616 2.909976 1
9.312048 2.352547 1
9.651586 1.719057 1
6.675809 2.285191 1
7.363416 3.152739 2
6.645611 0.936113 2
10.000000 3.194444 0
6.251194 2.425773 2
8.232973 2.033170 1
9.120214 2.902128 1
7.702896 0.885367 1
8.467130 0.526815 1
6.451737 3.351694 2
7.954675 0.465097 1
7.677302 2.321094 1
9.229127 2.416507 1
6.578643 0.084081 2
7.830323 0.394099 1
7.622062 2.226642 1
8.844203 0.402869 1
6.944445 0.000000 0
7.944530 3.022892 1
8.004569 3.123369 1
8.473415 0.416624 1
6.918958 2.495602 1
9.280375 1.826902 1
8.086451 2.148384 1
7.999796 2.044643 1
8.195121 2.129306 1
8.059409 3.021968 1
7.849445 0.496616 1
7.904535 0.585217 1
6.987447 0.093535 1
8.130690 2.812789 1
9.791131 2.269420 1
8.075289 3.231018 2
9.435319 3.593017 1
7.100437 2.043079 1
8.380368 2.200007 1
8.330919 2.771362 1
6.210627 2.120456 2
9.086759 1.357789 1
6.176887 2.866034 2
6.257380 2.762722 2
6.287323 2.882153 1
9.896297 4.188107 2
8.158250 2.233232 1
7.983811 0.092829 1
6.901521 0.436730 1
8.260521 2.217895 1
8.856175 3.448032 2
7.622042 2.442154 1
9.919020 3.256537 1
9.918360 1.047968 1
8.952032 0.081641 1
9.734552 4.243294 2
7.557285 0.622383 1
9.926762 3.958333 1
6.924089 0.321164 1
8.348223 3.406164 2
8.995237 0.904912 1
9.389493 3.941152 2
7.549659 2.792630 1
6.460124 3.478721 3
8.298698 2.112085 1
6.575046 0.857318 2
6.569833 0.765405 2
6.372652 2.421640 1
6.207363 2.318223 2
7.013205 2.100784 1
6.239849 3.085736 2
6.221040 2.971697 2
 0 1 2
 3 1 0
 4 5 6
 7 4 6
 8 9 10
 11 12 13
 12 14 13
 15 8 10
 16 17 18
 17 19 18
 20 21 22
 23 24 25
 26 27 28
 29 30 31
 32 33 34
 35 36 37
 38 3 0
 39 40 13
 41 42 43
 44 45 46
 47 48 49
 50 51 52
 53 54 55
 52 51 56
 57 58 59
 60 61 62
 63 30 29
 64 65 66
 67 68 69
 57 70 58
 71 72 73
 74 75 76
 77 78 79
 80 81 82
 83 82 81
 84 18 85
 77 86 78
 87 88 89
 90 91 92
 35 37 93
 94 95 96
 85 18 19
 97 22 21
 98 99 100
 88 101 89
 102 64 66
 103 104 91
 105 39 13
 106 107 108
 109 108 107
 23 25 110
 111 43 42
 112 113 114
 115 116 117
 118 71 73
 38 91 3
 119 32 34
 120 121 122
 98 123 99
 44 46 124
 125 124 46
 126 127 128
 129 130 131
 132 131 130
 133 134 18
 135 136 137
 138 139 140
 141 27 26
 142 143 144
 145 146 147
 38 148 149
 150 151 152
 153 154 155
 156 157 158
 159 160 161
 162 156 158
 163 27 141
 164 18 134
 109 134 108
 133 108 134
 77 165 166
 167 166 165
 168 169 170
 171 172 173
 90 174 175
 176 175 174
 177 178 30
 179 180 181
 99 181 180
 60 62 182
 183 182 62
 10 184 185
 186 187 188
 189 190 191
 192 193 194
 195 196 197
 67 198 68
 74 199 200
 184 2 185
 201 157 29
 202 203 204
 150 205 151
 206 207 208
 209 210 211
 212 62 213
 203 214 204
 215 216 217
 218 217 216
 219 220 221
 222 223 224
 225 118 73
 80 226 227
 228 229 230
 44 231 232
 44 232 45
 225 233 118
 106 108 234
 235 236 117
 205 237 238
 239 240 241
 242 241 240
 121 243 122
 244 245 246
 247 248 249
 250 251 252
 253 254 255
 189 117 236
 256 257 258
 259 258 257
 248 260 249
 261 51 50
 262 263 264
 56 51 146
 265 266 267
 268 269 270
 215 6 271
 272 211 210
 90 92 174
 265 273 266
 119 24 274
 44 275 231
 129 131 100
 276 238 237
 132 277 131
 278 279 280
 281 282 283
 284 285 286
 287 286 285
 75 288 76
 289 290 50
 150 152 291
 244 292 245
 293 294 295
 296 297 298
 267 299 300
 41 301 42
 265 302 273
 212 255 254
 303 304 305
 296 306 297
 205 238 307
 168 308 169
 309 171 173
 104 3 91
 133 18 84
 263 310 264
 311 312 238
 164 16 18
 313 314 154
 315 154 314
 316 317 318
 146 51 147
 319 155 154
 320 312 311
 321 224 223
 322 114 181
 323 251 250
 29 157 63
 293 324 294
 202 325 203
 326 203 325
 158 327 328
 329 328 327
 55 54 330
 179 181 114
 331 332 333
 260 223 222
 97 21 334
 331 333 335
 336 305 304
 62 61 213
 41 43 337
 338 339 340
 340 339 312
 341 342 208
 74 343 75
 344 128 127
 345 346 149
 67 347 221
 83 81 348
 98 229 123
 349 350 351
 352 350 349
 353 299 267
 354 24 355
 133 356 108
 357 318 317
 358 359 360
 361 362 363
 364 363 362
 23 365 24
 150 237 205
 366 247 367
 368 144 143
 369 273 370
 215 371 6
 372 373 264
 23 264 373
 278 96 95
 354 25 24
 374 98 131
 366 248 247
 190 375 191
 278 95 279
 324 376 294
 111 42 377
 378 379 380
 381 380 379
 90 103 91
 131 98 100
 369 382 273
 220 383 384
 385 208 207
 265 267 386
 153 387 154
 183 62 298
 388 159 161
 289 50 389
 390 283 282
 253 391 254
 239 392 337
 15 10 185
 393 379 394
 395 330 54
 105 396 39
 293 295 397
 398 185 399
 400 401 402
 80 82 226
 60 403 61
 38 0 404
 163 141 405
 81 406 407
 408 208 342
 409 410 411
 412 411 410
 186 413 187
 259 257 405
 40 414 13
 11 13 414
 415 416 417
 244 384 383
 41 337 392
 342 341 418
 53 55 419
 418 341 420
 358 360 421
 422 307 238
 423 424 425
 426 137 136
 427 140 139
 381 428 233
 94 96 429
 81 407 348
 256 430 257
 431 432 54
 433 434 435
 97 252 22
 436 22 252
 244 246 350
 393 394 437
 2 438 185
 439 367 440
 235 170 169
 322 173 172
 441 34 33
 99 180 100
 87 89 442
 443 444 280
 126 194 193
 445 197 196
 446 76 288
 235 117 170
 322 172 114
 447 37 36
 20 448 21
 357 383 220
 399 185 438
 106 449 450
 90 451 103
 452 453 454
 408 430 455
 456 455 430
 103 451 457
 80 227 458
 47 49 459
 118 459 49
 20 460 121
 461 401 400
 462 463 464
 465 466 467
 468 190 370
 369 370 190
 469 470 164
 112 114 172
 116 170 117
 471 472 473
 474 473 472
 475 476 477
 478 367 439
 77 479 165
 212 254 62
 480 481 482
 433 435 380
 113 137 114
 115 117 139
 20 22 483
 20 483 460
 484 39 396
 485 486 387
 129 180 487
 14 304 13
 488 68 124
 489 87 442
 202 490 491
 485 491 490
 199 373 200
 436 492 22
 45 376 46
 369 493 69
 470 494 164
 167 165 495
 126 128 496
 497 407 406
 10 9 498
 261 50 290
 303 105 13
 499 498 9
 24 365 274
 500 356 501
 106 450 502
 503 504 399
 398 399 504
 56 146 505
 357 220 318
 257 506 405
 99 507 181
 508 509 510
 511 510 509
 436 252 251
 282 251 65
 372 264 310
 390 64 512
 299 512 64
 44 513 275
 390 282 65
 256 514 430
 382 68 488
 69 68 382
 108 356 234
 447 515 37
 516 37 515
 517 226 82
 296 254 391
 356 518 501
 344 519 520
 521 520 519
 215 217 371
 323 66 65
 278 280 522
 523 524 270
 268 270 524
 15 4 525
 145 526 146
 218 527 217
 119 34 24
 497 528 529
 129 530 130
 531 532 533
 221 347 534
 338 464 363
 361 363 464
 535 536 537
 538 539 1
 142 540 143
 219 541 220
 132 130 542
 543 542 130
 133 84 518
 544 518 84
 545 546 547
 548 549 536
 179 114 550
 189 191 117
 551 552 553
 554 553 552
 77 79 479
 443 280 279
 57 59 555
 548 556 549
 189 557 190
 284 558 285
 462 464 559
 466 560 467
 281 46 376
 111 561 43
 548 335 333
 562 563 564
 41 392 565
 566 567 213
 423 568 424
 569 61 403
 23 199 365
 145 365 199
 535 570 536
 461 328 175
 97 571 250
 47 459 428
 186 107 502
 572 573 574
 152 574 573
 229 519 230
 361 128 362
 575 362 128
 576 510 413
 485 387 491
 177 334 21
 431 577 432
 369 190 557
 578 579 340
 580 581 311
 106 502 107
 582 583 174
 180 584 487
 69 493 347
 159 585 160
 586 416 587
 142 588 432
 246 432 588
 412 400 589
 447 589 400
 569 93 37
 366 555 59
 244 350 352
 24 34 355
 590 591 389
 592 389 591
 30 178 593
 220 384 221
 357 292 383
 351 350 144
 594 306 595
 468 375 190
 596 597 598
 393 392 241
 239 241 392
 599 477 476
 600 271 6
 601 402 401
 548 333 602
 603 602 333
 540 604 143
 604 500 143
 594 605 306
 566 606 567
 607 608 609
 610 178 611
 612 611 178
 613 614 615
 177 30 616
 1 539 438
 135 617 136
 618 138 140
 187 619 188
 551 620 552
 164 134 621
 109 621 134
 622 421 360
 225 73 623
 624 623 73
 480 482 625
 392 437 565
 322 181 507
 124 68 513
 243 626 122
 627 628 629
 554 552 630
 456 430 514
 452 631 453
 409 250 571
 176 174 583
 80 632 81
 67 384 352
 219 598 597
 260 222 249
 409 411 250
 323 250 411
 332 633 333
 98 634 229
 635 592 636
 428 459 233
 67 69 347
 285 558 637
 545 638 546
 452 454 78
 192 639 193
 640 195 197
 369 69 382
 516 641 37
 569 37 641
 94 642 95
 53 643 374
 488 266 382
 273 382 266
 57 555 644
 206 555 207
 645 257 646
 129 100 180
 53 374 277
 647 648 414
 243 121 460
 55 638 649
 545 649 638
 650 614 613
 287 285 651
 624 73 558
 72 637 558
 338 559 464
 276 467 560
 652 204 214
 35 93 653
 627 654 628
 655 628 654
 97 250 252
 656 249 222
 74 76 526
 146 526 76
 436 282 324
 281 324 282
 485 657 524
 658 304 659
 659 304 14
 63 616 30
 303 13 304
 297 537 536
 416 434 417
 281 283 46
 281 376 324
 415 587 416
 92 149 346
 41 660 301
 661 635 636
 662 663 664
 586 665 416
 647 562 564
 431 666 540
 244 383 292
 667 668 9
 206 644 555
 326 325 669
 670 671 291
 445 291 671
 11 414 648
 357 672 292
 510 673 413
 622 674 675
 676 675 674
 468 677 678
 679 678 677
 680 681 148
 164 494 16
 336 304 658
 67 221 384
 531 533 682
 461 175 401
 38 149 91
 92 91 149
 603 333 683
 684 301 660
 607 609 685
 23 110 264
 521 649 520
 545 520 649
 516 429 96
 235 169 686
 687 686 169
 293 460 483
 521 519 229
 575 520 688
 409 689 410
 409 690 689
 691 127 193
 692 197 671
 176 401 175
 531 1 104
 427 678 140
 679 140 678
 622 675 136
 426 136 675
 596 686 597
 693 694 49
 285 637 651
 395 54 432
 695 651 637
 63 157 696
 572 697 317
 357 317 697
 316 698 317
 366 367 478
 699 700 701
 545 688 520
 326 702 203
 381 703 428
 503 399 539
 7 6 371
 289 704 290
 209 211 705
 572 317 573
 670 573 317
 433 380 706
 228 123 229
 707 708 362
 433 706 709
 427 191 375
 710 711 79
 707 574 151
 152 151 574
 545 547 688
 395 432 245
 712 713 476
 463 194 464
 465 467 196
 601 429 515
 516 515 429
 260 59 58
 572 547 546
 423 714 95
 484 396 715
 329 451 328
 716 477 717
 227 717 477
 475 477 563
 45 232 718
 719 161 720
 160 720 161
 11 648 12
 710 12 648
 580 311 560
 579 559 340
 287 204 286
 509 721 33
 722 522 723
 3 104 1
 153 669 325
 684 724 301
 47 428 725
 726 533 532
 62 254 298
 727 89 101
 341 208 728
 729 275 513
 378 89 394
 727 394 89
 385 207 478
 366 478 207
 521 229 634
 256 611 730
 329 457 451
 544 84 731
 732 701 700
 652 286 204
 246 245 432
 366 59 248
 163 654 27
 480 625 337
 280 444 723
 351 733 275
 423 95 642
 126 193 127
 445 671 197
 734 653 93
 4 735 525
 572 574 547
 276 560 311
 338 340 559
 92 346 174
 158 328 690
 647 736 648
 508 530 487
 129 487 530
 256 730 514
 511 32 737
 144 350 588
 35 738 36
 511 509 33
 257 430 646
 231 275 733
 332 739 633
 740 26 741
 72 558 73
 299 353 512
 742 743 744
 742 744 745
 212 213 567
 150 467 237
 276 237 467
 243 460 17
 19 17 460
 177 21 448
 500 234 356
 480 337 43
 575 746 520
 361 496 128
 368 747 733
 186 502 413
 576 413 502
 309 173 748
 308 749 169
 531 682 1
 710 79 750
 99 123 507
 468 370 302
 273 302 370
 145 199 526
 393 437 392
 186 188 751
 321 751 188
 485 490 657
 752 753 754
 227 477 458
 645 506 257
 334 616 696
 186 751 107
 624 558 755
 67 352 198
 398 756 185
 23 373 199
 696 616 63
 225 757 233
 699 629 628
 206 208 455
 408 455 208
 293 492 324
 412 410 400
 461 400 410
 176 758 401
 74 526 199
 326 669 759
 378 442 89
 260 248 59
 130 530 760
 152 573 291
 670 291 573
 364 362 708
 687 597 686
 761 644 206
 262 264 753
 109 107 751
 670 317 698
 455 761 206
 707 362 762
 440 367 661
 247 661 367
 125 46 283
 474 472 720
 719 720 472
 293 397 460
 244 352 384
 328 451 175
 663 586 587
 163 763 654
 440 661 636
 344 520 746
 676 764 765
 766 767 585
 2 1 438
 582 345 424
 361 464 496
 150 768 467
 7 735 4
 102 36 738
 699 615 700
 729 68 198
 582 568 583
 280 723 522
 97 334 769
 716 564 563
 113 135 137
 138 115 139
 120 448 121
 20 121 448
 38 404 148
 680 148 404
 446 623 770
 624 770 623
 333 633 683
 551 31 620
 289 661 771
 247 771 661
 772 435 434
 684 660 101
 582 424 568
 368 501 773
 118 49 71
 774 648 736
 321 223 775
 776 775 223
 296 595 306
 55 649 419
 543 450 449
 599 476 713
 385 478 702
 372 200 373
 177 616 334
 488 124 777
 699 628 778
 779 415 343
 200 779 343
 313 387 486
 511 737 673
 242 725 241
 359 754 360
 663 587 664
 780 737 32
 109 775 621
 776 621 775
 297 549 298
 239 337 625
 740 741 750
 655 418 420
 228 781 173
 687 169 782
 431 540 577
 142 577 540
 783 784 785
 293 483 492
 278 567 606
 786 754 753
 452 78 86
 578 340 787
 320 787 340
 320 311 788
 581 788 311
 789 546 638
 655 790 628
 656 222 791
 74 200 343
 463 192 194
 195 465 196
 284 286 792
 446 288 793
 45 718 294
 794 718 232
 201 795 796
 368 773 747
 284 792 591
 160 585 767
 177 797 178
 798 188 619
 547 574 762
 707 762 574
 461 689 328
 422 238 312
 125 777 124
 242 799 48
 500 604 234
 296 298 254
 784 504 785
 183 298 549
 158 690 162
 446 793 623
 800 801 525
 667 525 801
 366 207 555
 544 773 501
 516 96 802
 475 803 804
 805 620 31
 627 27 654
 786 110 25
 261 290 806
 656 806 290
 381 233 757
 622 360 807
 543 130 760
 441 721 674
 88 684 101
 569 808 61
 381 379 703
 780 809 737
 538 1 682
 79 711 479
 810 765 764
 805 31 593
 30 593 31
 776 469 621
 783 785 811
 165 811 785
 344 230 519
 600 609 608
 691 230 127
 692 671 812
 726 796 795
 308 813 749
 814 309 748
 484 804 803
 212 567 255
 722 255 567
 575 762 362
 278 606 96
 627 629 815
 261 147 51
 320 340 312
 276 311 238
 242 240 799
 422 312 339
 816 817 377
 655 420 818
 261 819 147
 145 819 274
 267 266 777
 431 54 820
 53 820 54
 596 236 686
 235 686 236
 187 673 737
 821 709 706
 322 507 173
 228 173 507
 94 583 568
 156 696 157
 378 435 442
 415 664 587
 219 221 534
 544 501 518
 699 701 629
 676 674 721
 284 755 558
 540 666 604
 19 460 397
 118 233 459
 822 449 234
 299 64 738
 98 374 643
 610 593 178
 823 824 825
 209 825 824
 676 509 764
 508 764 509
 28 741 26
 272 602 211
 603 211 602
 106 234 449
 737 809 619
 296 391 595
 766 595 391
 655 763 418
 295 731 85
 441 674 355
 150 291 768
 601 401 758
 740 78 454
 822 234 604
 445 768 291
 826 759 669
 119 827 32
 780 32 827
 15 185 756
 734 93 403
 569 403 93
 426 828 550
 390 512 283
 125 283 512
 5 4 829
 15 756 4
 303 305 830
 423 425 831
 344 746 128
 575 128 746
 810 764 487
 508 487 764
 426 765 828
 655 654 763
 679 677 683
 603 683 677
 336 658 815
 268 524 657
 586 832 665
 295 718 731
 378 394 379
 826 818 420
 177 448 797
 497 713 528
 141 26 454
 740 454 26
 217 527 833
 834 122 626
 44 124 513
 381 706 380
 441 33 721
 488 777 266
 56 835 52
 776 58 70
 600 717 271
 783 685 784
 5 784 685
 145 274 365
 35 653 836
 576 502 450
 716 563 477
 354 355 674
 837 534 347
 722 723 473
 607 564 608
 179 584 180
 656 791 806
 351 144 733
 145 147 819
 176 583 758
 497 529 838
 433 417 434
 378 380 435
 468 839 677
 436 324 492
 447 400 402
 582 174 346
 119 274 819
 610 258 840
 471 723 444
 344 127 230
 670 812 671
 84 85 731
 464 194 496
 467 768 196
 119 819 827
 261 841 819
 102 738 64
 228 230 781
 691 781 230
 692 812 782
 687 782 812
 187 413 673
 719 842 161
 794 773 731
 544 731 773
 436 251 282
 423 642 568
 622 807 674
 354 674 807
 95 714 279
 599 713 406
 603 677 843
 97 769 571
 114 137 550
 426 550 137
 427 139 191
 117 191 139
 772 442 435
 205 307 708
 299 836 300
 823 300 836
 521 643 419
 610 840 844
 289 635 661
 164 621 469
 662 664 310
 372 310 664
 260 58 223
 368 733 144
 497 838 407
 278 522 567
 722 567 522
 776 70 469
 687 812 845
 35 836 738
 687 845 597
 159 846 585
 220 541 318
 368 143 501
 443 279 714
 847 848 613
 650 613 848
 385 728 208
 599 458 477
 774 811 479
 165 479 811
 480 561 481
 47 725 48
 242 48 725
 521 634 643
 548 536 335
 570 335 536
 321 775 751
 109 751 775
 676 765 675
 446 770 505
 299 738 836
 189 849 557
 806 791 809
 774 736 850
 265 386 825
 823 825 386
 359 752 754
 582 346 345
 508 510 851
 852 853 122
 256 258 611
 610 611 258
 163 405 506
 752 262 753
 484 715 804
 852 122 854
 834 854 122
 517 216 226
 215 226 216
 132 542 666
 822 666 542
 826 155 855
 393 703 379
 590 52 835
 856 857 825
 594 595 858
 316 541 597
 219 597 541
 443 714 831
 173 781 748
 169 749 782
 727 437 394
 313 154 387
 794 731 718
 852 730 853
 153 325 491
 576 851 510
 341 859 420
 53 419 643
 599 406 632
 826 420 859
 511 673 510
 90 175 451
 284 591 755
 590 755 591
 699 778 613
 676 721 509
 727 101 660
 511 33 32
 856 825 705
 846 594 858
 227 271 717
 360 860 807
 732 305 701
 272 182 556
 826 669 155
 15 525 8
 667 8 525
 40 562 414
 647 414 562
 468 678 375
 552 620 86
 452 86 620
 267 777 353
 41 565 660
 727 660 565
 399 438 539
 267 300 386
 354 807 860
 572 546 697
 319 861 848
 336 629 701
 800 525 735
 133 518 356
 612 178 797
 241 725 862
 116 168 170
 171 112 172
 372 779 200
 740 750 78
 79 78 750
 446 505 76
 710 741 12
 14 12 741
 94 568 642
 265 825 857
 837 557 849
 774 479 711
 822 604 666
 341 728 759
 433 709 417
 75 417 709
 319 154 861
 712 476 804
 670 698 812
 142 144 588
 53 277 820
 468 302 839
 316 597 845
 390 65 64
 131 277 374
 576 530 851
 227 226 271
 645 763 506
 163 506 763
 554 863 533
 538 533 863
 500 501 143
 470 70 864
 57 864 70
 475 562 803
 297 536 549
 98 643 634
 576 760 530
 272 556 602
 548 602 556
 323 411 66
 412 66 411
 710 750 741
 45 294 376
 810 487 584
 295 294 718
 826 859 759
 287 490 204
 201 796 157
 521 419 649
 326 759 865
 341 759 859
 183 556 182
 209 705 825
 265 857 302
 508 851 530
 215 271 226
 202 491 325
 667 801 866
 667 9 8
 789 697 546
 834 626 494
 16 494 626
 56 770 835
 132 867 277
 868 869 870
 677 839 843
 570 331 335
 408 646 430
 142 432 577
 817 871 377
 40 803 562
 456 514 872
 852 872 514
 120 797 448
 772 434 665
 416 665 434
 289 389 635
 679 633 873
 739 873 633
 624 835 770
 729 513 68
 205 708 151
 372 664 779
 56 505 770
 551 29 31
 607 850 736
 246 588 350
 617 358 421
 739 618 873
 203 702 439
 607 736 564
 474 874 473
 722 473 874
 743 578 787
 581 745 788
 72 694 637
 695 637 694
 590 389 52
 50 52 389
 94 429 758
 601 758 429
 393 241 862
 617 421 136
 618 140 873
 415 779 664
 28 659 741
 14 741 659
 798 791 224
 202 204 490
 856 843 839
 475 563 562
 538 682 533
 875 864 644
 57 644 864
 287 651 657
 120 853 797
 263 662 310
 554 533 795
 726 795 533
 783 850 685
 607 685 850
 287 657 490
 225 793 757
 679 873 140
 622 136 421
 656 704 249
 156 571 769
 222 224 791
 680 404 0
 710 648 711
 774 711 648
 847 613 778
 336 701 305
 693 876 694
 695 694 876
 766 858 595
 247 249 771
 716 608 564
 447 402 515
 409 162 690
 453 631 844
 805 844 631
 415 417 343
 75 343 417
 323 65 251
 645 342 418
 231 733 747
 821 757 793
 22 492 483
 579 462 559
 466 580 560
 650 848 861
 453 840 877
 153 491 387
 96 606 802
 364 339 363
 125 353 777
 364 307 339
 409 571 162
 699 613 615
 837 849 598
 832 489 878
 364 708 307
 253 255 874
 722 874 255
 566 213 808
 480 43 561
 426 675 765
 639 814 879
 813 640 880
 667 866 668
 61 808 213
 315 861 154
 856 211 843
 603 843 211
 592 635 389
 183 549 556
 695 269 651
 268 651 269
 605 535 537
 49 694 71
 94 758 583
 679 683 633
 102 589 36
 447 36 589
 856 705 211
 656 290 704
 774 850 811
 481 561 881
 111 881 561
 126 496 194
 445 196 768
 272 210 182
 60 210 882
 724 816 883
 60 882 403
 776 223 58
 645 418 763
 612 797 853
 837 347 493
 596 598 849
 253 874 884
 474 884 874
 381 757 706
 453 877 454
 789 672 697
 357 697 672
 72 71 694
 452 620 631
 805 631 620
 789 638 330
 624 755 835
 821 706 757
 158 157 796
 313 885 314
 431 867 666
 628 790 778
 489 442 878
 789 330 886
 201 29 553
 239 887 240
 328 689 690
 268 657 651
 471 473 723
 627 815 888
 461 410 689
 826 855 818
 847 818 855
 712 804 715
 692 749 880
 813 880 749
 691 879 748
 814 748 879
 658 888 815
 329 327 532
 146 76 505
 732 830 305
 772 878 442
 816 377 883
 42 883 377
 889 838 529
 470 890 494
 834 494 890
 727 565 437
 443 831 891
 228 507 123
 610 844 593
 805 593 844
 517 869 216
 218 216 869
 712 528 713
 336 815 629
 552 86 166
 77 166 86
 523 486 524
 485 524 486
 156 162 571
 780 806 809
 601 515 402
 821 793 288
 125 512 353
 612 730 611
 798 224 188
 475 804 476
 695 876 269
 470 469 70
 60 182 210
 2 184 0
 680 0 184
 209 824 882
 551 553 29
 780 841 806
 856 839 857
 302 857 839
 385 702 865
 259 877 840
 225 623 793
 423 831 714
 786 753 110
 264 110 753
 517 870 869
 766 884 767
 253 884 391
 766 391 884
 823 836 653
 369 557 493
 837 493 557
 743 787 744
 745 744 788
 566 641 802
 516 802 641
 5 829 784
 398 784 829
 319 848 855
 847 855 848
 111 377 871
 187 737 619
 321 188 224
 655 818 790
 734 882 824
 261 806 841
 443 892 444
 800 893 833
 120 122 853
 388 161 842
 427 375 678
 398 504 784
 319 855 155
 5 685 609
 600 608 717
 132 666 867
 566 808 641
 360 754 860
 800 894 801
 798 619 809
 217 833 893
 497 406 713
 478 439 702
 351 275 349
 729 349 275
 596 849 236
 5 609 6
 766 585 858
 569 641 808
 80 458 632
 440 214 439
 203 439 214
 153 155 669
 605 537 306
 395 245 886
 292 886 245
 786 860 754
 499 681 498
 680 498 681
 209 882 210
 652 792 286
 313 486 885
 523 885 486
 875 644 761
 338 363 339
 422 339 307
 441 355 34
 639 879 193
 640 197 880
 627 888 27
 783 811 850
 590 835 755
 179 550 828
 531 104 457
 600 6 609
 259 405 877
 141 877 405
 28 27 888
 612 853 730
 726 532 327
 102 66 589
 412 589 66
 503 539 895
 503 785 504
 189 236 849
 647 564 736
 474 720 767
 160 767 720
 297 306 537
 329 532 457
 734 403 882
 837 598 534
 691 748 781
 692 782 749
 431 820 867
 800 833 894
 852 514 730
 103 457 104
 259 840 258
 846 858 585
 823 386 300
 503 895 495
 575 688 762
 547 762 688
 326 865 702
 810 828 765
 428 862 725
 456 761 455
 707 151 708
 592 792 636
 652 636 792
 692 880 197
 691 193 879
 141 454 877
 320 788 744
 320 744 787
 239 625 887
 385 865 728
 158 796 327
 538 895 539
 724 883 301
 42 301 883
 847 790 818
 10 498 184
 316 318 541
 538 863 895
 566 802 606
 28 888 659
 658 659 888
 243 17 626
 16 626 17
 292 672 886
 75 709 288
 821 288 709
 83 896 897
 440 636 214
 652 214 636
 786 25 860
 794 747 773
 680 184 498
 798 809 791
 592 591 792
 354 860 25
 780 827 841
 772 665 878
 726 327 796
 822 542 449
 599 632 458
 503 495 785
 165 785 495
 201 553 795
 352 349 198
 7 893 735
 517 82 870
 83 870 82
 231 747 232
 794 232 747
 868 870 897
 7 371 893
 543 449 542
 531 457 532
 832 878 665
 819 841 827
 875 872 854
 852 854 872
 40 39 803
 484 803 39
 812 698 845
 393 862 703
 428 703 862
 167 895 863
 277 867 820
 734 824 653
 823 653 824
 453 844 840
 83 348 896
 789 886 672
 55 330 638
 219 534 598
 81 632 406
 167 495 895
 875 890 864
 759 728 865
 645 646 342
 408 342 646
 295 85 397
 19 397 85
 470 864 890
 334 696 769
 847 778 790
 552 166 630
 179 828 584
 316 845 698
 875 854 890
 395 886 330
 834 890 854
 810 584 828
 576 450 760
 474 767 884
 554 630 863
 167 863 630
 398 829 756
 4 756 829
 716 717 608
 875 761 872
 554 795 553
 443 891 892
 729 198 349
 543 760 450
 800 735 893
 83 897 870
 217 893 371
 156 769 696
 456 872 761
 249 704 771
 289 771 704
 167 630 166
 0
 0
 0
 0
 34
 889 650 732 693 712 303 111 523 315 270 49 105 700 481 240 529 314 799 830 48 482 396 625 614 885 861 871 715 615 528 881 887 876 269
 0
 0
 31
 889 868 499 471 719 218 472 148 345 9 527 425 831 424 668 407 444 681 149 801 866 896 894 833 838 892 348 869 897 891 842
