887 1666
2.317473 7.078120 1
2.417764 7.184912 1
2.250142 7.195615 1
2.313748 7.309247 1
2.457381 7.696479 1
2.330687 7.682017 1
2.433056 7.563674 1
4.518532 9.039821 1
4.623083 9.182564 2
4.474886 9.182805 1
4.643481 9.022559 3
0.804761 8.931736 1
0.883450 9.033758 1
0.731714 9.012262 1
2.215323 8.693197 1
2.352635 8.589117 1
2.338058 8.714190 1
3.044516 8.797724 1
2.927110 8.801484 1
2.978158 8.659540 1
0.813117 9.117463 1
3.125738 8.723030 1
1.305696 7.883720 1
1.208009 7.992225 1
1.205268 7.860732 1
2.534269 7.374473 1
2.443488 7.311311 1
2.579876 7.256678 1
2.255517 8.547160 1
2.511587 9.677944 1
2.365838 9.722083 1
2.355013 9.581230 1
3.642383 7.890832 1
3.511250 7.910295 1
3.556786 7.772664 1
3.421979 7.817657 1
0.586217 8.671837 1
0.717139 8.653090 1
0.688054 8.781419 1
2.282214 7.583952 1
2.203551 6.985586 1
2.338772 6.935942 1
2.464019 7.022563 1
2.389450 8.917956 1
2.507951 8.842249 1
2.535382 9.000408 1
1.556666 6.985476 1
1.596790 6.824622 1
1.680047 6.992041 1
1.753950 6.896599 1
3.948256 8.299196 1
3.843820 8.384261 1
3.843518 8.238039 1
3.734205 8.298347 1
0.600051 9.442334 1
0.625002 9.593052 1
0.495180 9.502041 1
2.305840 7.476904 1
2.232544 9.342650 1
2.231482 9.477139 1
2.118436 9.423791 1
2.107061 8.657786 1
2.156330 8.559928 1
0.302012 7.781382 1
0.448479 7.727332 1
0.365202 7.918355 1
0.518228 7.867599 1
1.786778 7.275660 1
1.840102 7.137749 1
1.913435 7.227174 1
0.441684 9.357429 1
0.279594 9.434204 1
0.296961 9.314909 1
2.988788 8.221578 1
2.848468 8.223381 1
2.938308 8.067600 1
3.081775 8.353309 1
2.937531 8.385432 1
2.634778 9.100739 1
2.751874 9.095387 1
2.661494 9.223904 1
3.611111 10.000000 0
3.472222 10.000000 0
3.516792 9.854188 1
2.809457 9.542949 1
2.863925 9.418609 1
2.953662 9.542715 1
2.807078 9.202169 1
0.376853 9.485054 1
0.858725 8.722531 1
1.021079 8.803075 1
0.926489 8.895859 1
1.353558 7.981986 1
0.722314 9.520363 1
3.641623 9.892745 1
2.456092 9.784729 1
1.666667 10.000000 0
1.527778 10.000000 0
1.576167 9.835144 1
0.000000 8.472222 0
0.000000 8.333333 0
0.166292 8.423943 1
0.206973 7.973966 1
0.290860 8.070413 1
2.601451 8.230957 1
2.705326 8.289047 1
2.563487 8.380516 1
3.099504 7.861408 1
3.087139 7.754130 1
3.246407 7.816896 1
3.455959 8.054653 1
3.603015 8.014289 1
3.522590 8.166489 1
2.826501 8.085840 1
3.357792 9.078940 1
3.207491 9.144413 1
3.270567 9.026120 1
2.580719 9.428445 1
2.584457 9.302958 1
2.726588 9.342508 1
2.418204 7.433827 1
2.583979 7.497101 1
2.759440 7.514537 1
2.666480 7.624243 1
4.134202 8.347101 1
3.981994 8.390379 1
4.054682 8.266901 2
3.600476 8.706468 1
3.692692 8.572439 1
3.757893 8.727348 1
1.499858 7.947772 1
1.398136 7.838314 1
1.805556 10.000000 0
1.737316 9.870559 1
1.903461 9.864985 1
0.000000 8.194445 0
0.133506 8.090914 1
0.127202 8.260216 1
1.674321 7.205916 1
1.508334 8.189949 1
1.644398 8.157336 1
1.585124 8.273692 1
1.707647 8.287313 1
3.167779 7.683233 1
1.970951 8.965046 1
1.824499 9.015575 1
1.870443 8.844454 1
1.761035 8.899155 1
2.824404 7.342330 1
2.669007 7.374741 1
1.085593 8.281207 1
1.211066 8.256941 1
1.196026 8.392241 1
0.577212 8.273679 1
0.521991 8.149955 1
0.693256 8.164474 1
2.339659 9.421269 1
0.812300 7.631135 1
0.853759 7.789952 1
0.733534 7.748320 1
3.350409 9.182704 1
2.908478 7.476202 1
2.610155 8.909194 1
3.841172 8.600904 1
3.907595 8.740753 1
3.835572 8.882611 1
2.684485 8.547401 1
2.845678 8.557736 1
2.742036 8.654783 1
1.388889 10.000000 0
1.286949 9.850028 1
1.458333 9.900642 1
0.000000 8.611111 0
0.099357 8.541667 1
0.149972 8.713051 1
2.753611 9.666281 1
2.642692 9.569966 1
0.354021 7.393651 1
0.435442 7.313666 1
0.446700 7.459182 1
2.685320 8.413293 1
0.000000 9.166667 0
0.123921 9.056075 1
0.118748 9.221499 1
0.833333 10.000000 0
0.771428 9.881005 1
0.952749 9.878537 1
3.426557 8.510435 1
3.487289 8.414026 1
3.542542 8.558068 1
3.612251 8.459483 1
0.738248 7.897949 1
0.613699 7.946341 1
0.604607 7.778429 1
0.511959 9.611855 1
2.952770 7.357646 1
3.067519 7.422348 1
2.796300 8.460410 1
2.210943 7.419106 1
0.803698 9.649410 1
0.678018 9.708518 1
4.255176 8.445662 1
4.310953 8.315970 2
3.030931 7.537596 1
3.045278 7.292064 1
3.091022 7.181091 2
3.155838 7.313945 2
0.624954 8.078673 1
3.215754 9.288006 1
3.364952 9.339704 1
3.637452 8.120075 1
0.210358 8.569089 1
0.309136 8.508445 1
0.578731 7.660341 1
0.515410 7.559653 1
2.523983 9.183787 1
1.616130 9.365771 1
1.769831 9.294094 1
1.730980 9.435247 1
0.261602 9.600441 1
3.714597 9.291065 1
3.848248 9.314283 1
3.702993 9.434791 1
3.857107 9.455001 1
0.400869 7.591715 1
4.050963 8.481641 1
1.551207 7.285677 1
1.564610 7.186412 1
2.799217 7.693826 1
2.923133 7.614957 1
1.590732 7.730081 1
1.716652 7.782197 1
1.610746 7.862753 1
0.339019 8.387820 1
1.189201 8.795759 1
1.113182 8.680849 1
0.758679 8.431259 1
0.733248 8.305851 1
0.866699 8.310026 1
0.267082 8.277399 1
0.413076 8.244780 1
1.696259 8.602985 1
1.803862 8.695800 1
1.657487 8.728475 1
2.638889 10.000000 0
2.500000 10.000000 0
2.564223 9.843437 1
1.494142 8.765318 1
1.645896 8.843415 1
1.564363 8.918695 1
2.808614 7.168708 1
2.942381 7.236932 1
1.904055 7.879086 1
1.837587 7.992599 1
1.796929 7.883687 1
1.317680 8.269543 1
1.451239 8.326179 1
1.309117 8.378160 1
3.441815 8.638124 1
1.066928 8.429412 1
2.449164 9.443862 1
1.630993 7.365955 1
3.928511 9.222762 1
4.074122 9.245570 1
4.003203 9.356768 1
1.716988 6.784972 2
4.344721 9.139347 1
4.397971 9.039911 1
3.484770 8.751163 1
1.961229 7.996693 1
0.191461 9.510171 1
1.398905 8.200853 1
1.103121 8.910573 1
3.326754 8.652893 1
3.258701 8.765776 1
3.199464 8.588102 1
1.767289 8.201658 1
2.149197 6.750058 1
2.038125 6.684228 2
2.178055 6.622899 2
1.500886 7.797293 1
0.950514 7.675474 1
3.039750 9.448254 1
3.510660 7.636990 1
3.447775 7.505364 2
3.627092 7.551364 2
2.654395 8.768534 1
2.535372 8.717549 1
2.466010 8.508545 1
2.438167 8.359035 1
1.592797 9.097786 1
1.669018 9.221201 1
1.548165 9.241406 1
3.667729 8.858192 1
0.616477 8.393044 1
0.473950 8.361743 1
0.795406 8.565123 1
0.908448 8.586155 1
0.411077 9.591169 1
3.031659 8.517939 1
1.250000 10.000000 0
0.000000 8.750000 0
0.883070 7.929007 1
0.997349 7.815324 1
1.146914 7.747867 1
1.091823 7.907299 1
1.258960 7.182138 1
1.125977 7.093374 1
1.247292 7.029595 1
0.546415 8.787341 1
0.990099 8.657994 1
2.703299 9.902945 1
1.687510 7.652841 1
0.142591 9.655199 1
0.283525 9.728330 1
3.131418 8.196046 1
1.464331 9.149743 1
2.318282 8.054093 1
2.336846 7.907362 1
2.449202 7.997257 1
1.402143 8.440618 1
0.196901 9.803100 1
1.965205 8.701877 1
1.431722 9.788975 1
1.492050 9.689928 1
1.728744 8.439555 1
1.596820 8.391994 1
1.118547 7.236432 1
1.287874 8.131318 1
2.307197 8.331261 1
2.310130 8.199123 1
2.416319 8.226562 1
0.864869 8.475965 1
4.180976 9.319201 1
4.115375 9.448175 2
3.063891 7.641549 1
1.561748 8.649764 1
2.198971 7.963866 1
1.608491 9.667698 1
0.000000 7.777778 0
0.000000 7.638889 0
0.155138 7.724136 1
0.553257 7.346814 1
0.094249 7.569445 1
2.881615 9.660957 1
2.809819 8.748355 1
2.774133 8.871576 1
2.906578 8.940297 1
0.526764 8.467170 1
1.730406 7.084311 1
0.293526 8.784400 1
0.441780 8.860373 1
0.333250 8.930343 1
1.181810 8.551363 1
1.220491 8.689522 1
2.207673 8.252357 1
2.991874 7.710558 1
1.596348 8.519858 1
2.507870 9.539163 1
1.463800 6.891809 1
3.474867 9.459817 1
3.348336 9.496619 1
3.496610 9.345310 1
2.705582 9.795480 1
2.643671 9.691219 1
4.341845 9.257669 1
4.325822 9.399570 2
1.544884 8.074590 1
2.218618 9.697988 1
2.203887 9.583989 1
1.334896 9.444846 1
1.348866 9.335640 1
1.469599 9.466022 1
2.222222 10.000000 0
2.083333 10.000000 0
2.155257 9.869110 1
0.506783 7.991428 1
1.497565 9.348309 1
1.071089 8.570249 1
3.463461 9.594523 1
3.323871 9.619709 1
3.404548 9.731742 1
2.944302 7.070577 2
4.083990 8.923274 1
3.944699 8.990733 1
3.989815 8.849579 1
2.388564 9.077755 1
1.684391 8.982583 1
0.311634 7.287780 2
2.793774 7.994339 1
2.686939 7.956045 1
2.792672 7.848142 1
1.346684 6.950495 1
1.439220 7.024059 1
1.345919 7.083216 1
3.910711 9.593875 2
3.754241 9.597116 1
3.162837 7.963872 1
2.688408 6.845854 1
2.552580 6.887485 1
2.618056 6.741405 2
3.595502 9.551279 1
3.532054 9.698666 1
1.361718 8.903855 1
1.337824 8.769677 1
1.458961 8.869428 1
3.990979 9.487936 1
2.930575 9.774561 1
3.023593 9.671023 1
3.057844 9.830734 1
2.740686 8.172968 1
0.414963 8.071552 1
3.850071 9.739372 2
2.023131 9.905187 1
0.356034 9.675016 1
1.802797 9.755301 1
0.225961 8.181989 1
0.211318 9.131266 1
0.294735 9.054495 1
0.369858 9.189230 1
2.416075 8.773869 1
2.439552 8.650907 1
4.226120 9.176881 1
3.181200 9.641978 1
3.292801 9.734212 1
3.139652 9.752715 1
1.266389 7.642892 1
1.177508 7.507638 1
1.326424 7.547935 1
2.344554 8.463660 1
1.908202 7.358087 1
2.138381 9.518966 1
2.699648 8.977465 1
3.649877 9.659216 1
0.529079 9.213453 1
0.322388 8.169227 1
0.983326 8.514839 1
2.929271 8.493922 1
3.358270 9.867215 1
3.282170 7.982706 1
0.864530 9.786017 1
4.193398 8.227467 2
1.283737 7.430814 1
1.204557 7.331199 1
0.435687 8.704444 1
2.035455 7.380548 1
2.150744 7.318586 1
2.112930 7.459446 1
2.586080 7.112348 1
2.626130 8.127058 1
0.235199 7.868153 1
2.983458 9.338620 1
1.051147 8.044083 1
1.144988 8.142914 1
0.981902 8.191603 1
2.891120 7.950875 1
2.079071 7.912491 1
2.120774 7.803924 1
2.261610 7.806186 1
2.006415 7.842937 1
0.997649 7.156612 1
0.906328 7.288684 1
0.844803 7.132699 1
3.537035 9.225267 1
3.434815 9.243501 1
3.455557 9.105533 1
3.018186 7.962210 1
3.026406 8.119363 1
1.390459 7.691524 1
1.501852 7.678027 1
0.694444 10.000000 0
0.555556 10.000000 0
0.632514 9.850994 1
0.000000 9.444445 0
0.000000 9.305555 0
0.147830 9.363488 1
0.739847 7.167933 1
0.668488 7.268610 1
0.630688 7.118028 2
0.714316 9.402905 1
1.090806 7.389845 1
0.795127 8.045098 1
2.177634 8.374730 1
3.333333 10.000000 0
0.229289 9.240767 1
1.247027 9.296149 1
1.236969 9.439577 1
2.020253 7.267929 1
2.363943 6.802744 1
2.245891 6.841384 1
1.445282 9.003757 1
3.532003 8.938999 1
3.589677 9.086582 1
4.105875 9.132679 1
0.191008 8.946526 1
2.897183 9.084881 1
3.007979 9.034867 1
3.109078 8.066141 1
1.838712 9.384990 1
1.918479 9.271042 1
1.973748 9.426676 1
2.070018 9.313602 1
2.437755 6.885254 1
0.712002 9.129732 1
0.756333 7.376606 1
0.669728 7.526626 1
0.642332 7.395194 1
0.695885 8.017605 1
0.832334 8.181274 1
4.056133 9.035362 1
1.894796 8.283788 1
1.796368 8.333261 1
0.532266 7.220194 2
0.563854 7.457312 1
1.944062 6.806640 2
2.054027 6.924795 1
1.886681 6.919601 1
1.946103 7.028942 1
2.860039 9.305372 1
2.709552 9.461353 1
2.574666 7.007318 1
0.636902 8.530614 1
0.817945 9.228610 1
0.705682 9.281222 1
0.208464 7.574777 1
0.115371 7.430360 2
0.250566 7.417533 1
1.687356 9.755663 1
2.126284 8.081773 1
2.057845 8.012397 1
2.556417 7.605742 1
0.323471 7.516419 1
0.487094 9.909638 1
0.086995 9.513889 1
4.257246 8.596165 1
4.145428 8.562978 1
0.814496 7.491768 1
1.818970 9.167747 1
1.952648 9.115278 1
1.212820 9.693766 1
1.355126 9.675912 1
4.443876 8.669430 2
4.314149 8.687351 1
4.352052 8.542392 2
4.001079 8.619575 1
0.830477 9.369934 1
0.838538 9.499920 1
2.440898 7.840679 1
2.551204 7.791159 1
2.592933 7.696841 1
0.493726 8.971506 1
0.404042 9.048648 1
3.815947 9.000827 1
3.019313 8.927312 1
3.172261 8.877253 1
3.142503 9.012094 1
2.651590 6.943803 1
2.794759 8.349617 1
2.493084 6.794065 2
2.417243 6.654553 2
0.000000 9.722222 0
0.000000 9.583333 0
0.416667 10.000000 0
0.277778 10.000000 0
0.347068 9.865978 1
4.449424 9.311433 1
3.055556 10.000000 0
2.958133 9.896220 1
3.209192 8.323812 1
3.142920 8.472559 1
3.251038 8.433955 1
3.384366 7.927693 1
3.338727 8.074183 1
3.722469 9.726491 1
0.804992 8.836111 1
0.390550 8.588207 1
0.499662 8.572626 1
1.364042 6.804653 2
1.751417 7.973350 1
2.660093 7.848749 1
0.790186 7.268943 1
2.213852 8.122400 1
0.303171 7.658401 1
3.640723 8.979976 1
1.154797 9.368364 1
3.764626 7.978360 2
2.811066 8.983169 1
1.944444 10.000000 0
0.000000 8.055555 0
2.084858 8.479953 1
2.011927 8.365358 1
2.078767 7.666364 1
2.034003 7.560336 1
2.176873 7.551620 1
1.490665 6.790922 1
0.598355 8.906145 1
3.081324 9.268017 1
3.041671 9.147126 1
1.860916 8.142054 1
2.010645 8.122132 1
2.029161 9.791840 1
1.497397 8.567036 1
2.864630 8.666462 1
4.106539 8.681413 1
3.269875 8.919956 1
1.155098 7.636156 1
2.142537 6.862159 1
0.984513 8.316355 1
2.076327 7.058541 1
1.030836 9.115532 1
1.126290 9.230981 1
1.010762 9.226134 1
0.987395 6.885596 2
0.929986 7.017158 1
0.862778 6.878037 2
0.804398 6.970953 2
0.115023 7.874085 1
3.349836 7.708594 1
2.190225 7.101747 1
2.578987 8.492351 1
1.126392 6.947610 2
0.972222 10.000000 0
0.000000 9.027778 0
2.055979 8.579137 1
4.549316 8.906294 2
3.715698 8.424626 1
2.559854 7.907807 1
2.580730 8.027303 1
2.019666 8.846539 1
3.263058 7.656786 1
0.996799 7.950277 1
2.508919 8.137167 1
0.492241 9.801861 1
2.074688 8.746455 1
0.930958 7.556477 1
2.018899 9.223706 1
1.004662 8.995338 1
1.463472 7.365602 1
1.532278 7.479693 1
1.878052 8.432953 1
1.824728 8.560706 1
3.711240 7.702978 2
3.758244 7.836802 2
3.668547 7.791031 1
1.973966 7.465500 1
1.747745 8.802259 1
0.736771 7.076329 1
0.664117 6.992033 2
3.995246 9.121576 1
1.155032 9.125547 1
1.040813 7.011794 1
3.862267 9.882134 2
3.745319 9.851737 1
2.916667 10.000000 0
2.777778 10.000000 0
2.830021 9.875804 1
3.155647 9.894982 1
2.060019 6.808969 1
1.623189 9.519094 1
0.964521 9.713545 1
0.954280 9.592237 1
1.942917 9.574646 1
2.075941 9.644622 1
1.928411 9.705174 1
2.359423 7.771815 1
2.956478 6.808999 3
2.884941 6.941597 2
2.811126 6.830569 2
1.263118 8.884799 1
3.345575 8.847124 1
1.675653 7.515348 1
1.761743 7.409687 1
1.793636 7.572269 1
1.862727 7.473275 1
2.197724 9.016069 1
2.107676 8.934102 1
2.247982 8.912095 1
2.158822 8.828609 1
2.209255 7.681920 1
3.750000 10.000000 0
3.312670 8.536125 1
4.250460 8.816812 1
4.368865 8.786231 1
4.325902 8.925805 1
0.299041 8.656504 1
1.334587 7.310613 1
2.269654 6.706133 2
3.555865 8.817285 1
2.503778 8.272970 1
3.713003 8.075606 1
3.734553 8.954844 1
1.058497 9.815688 1
3.394715 8.972930 1
2.106870 8.283138 1
0.920541 7.459746 1
2.412495 9.230323 1
2.304126 9.214216 1
0.930620 9.294585 1
0.973801 9.436555 1
1.054995 9.315080 1
3.096404 9.548437 1
3.224978 9.529265 1
1.396366 7.460019 1
1.976478 7.746914 1
1.205404 8.976017 1
4.213342 9.427270 2
2.709536 7.054564 1
2.821318 7.035058 1
0.633174 9.197259 1
0.592068 9.076138 1
1.021153 7.292825 1
2.228667 8.455847 1
4.127783 8.810086 1
4.209990 8.931535 1
0.564581 9.714310 1
4.148323 8.448848 1
2.911109 7.846158 1
0.683349 7.644981 1
1.288095 7.776429 1
3.608349 9.325408 1
0.213930 8.846450 1
3.505209 8.273164 1
3.356488 8.323774 1
0.395163 7.165545 2
3.612837 9.785014 1
2.686038 7.749208 1
1.429399 8.087277 1
2.037016 9.517852 1
0.953595 8.408203 1
1.236438 6.883706 2
3.651424 9.198225 1
4.030770 8.744462 1
0.000000 7.916667 0
1.713748 9.647942 1
1.746946 9.550308 1
0.000000 10.000000 0
0.000000 9.861111 0
0.107824 9.892176 1
0.138889 10.000000 0
2.723051 7.266156 1
2.940107 9.226430 1
1.151346 9.895024 1
0.106092 8.849491 1
2.171618 9.210989 1
2.361111 10.000000 0
2.288904 9.895423 1
2.436661 9.892396 1
4.565258 9.317526 2
3.087309 8.611466 1
3.625255 8.229438 1
3.361814 8.439623 1
1.358403 9.543875 1
1.443864 9.592309 1
4.212398 8.713079 1
3.249555 9.409588 1
3.618646 8.343740 1
4.068501 9.585863 2
0.911069 9.174496 1
1.887306 8.627846 1
2.162253 9.112062 1
2.058272 9.036160 1
1.062614 9.535784 1
1.717935 9.096978 1
2.015341 8.240054 1
1.451279 7.567094 1
2.684746 7.162374 1
1.542193 6.684094 2
1.311718 8.993432 1
3.823353 8.107009 1
3.919992 8.025494 2
3.963344 8.167383 2
3.801892 8.497043 1
2.263370 9.107443 1
1.831896 9.622097 1
1.853158 9.498068 1
0.759233 9.770711 1
1.644509 6.699808 2
3.182489 7.548820 1
3.205936 7.420095 1
1.943088 8.197810 1
2.301919 9.006825 1
1.456548 7.228272 1
1.516216 7.100515 1
3.240989 9.832903 1
1.258936 9.570167 1
4.433757 8.899753 1
2.288204 8.801998 1
1.955428 8.552999 1
0.480838 9.114609 1
2.819856 9.758503 1
1.977435 7.641033 1
0.389819 9.757821 1
3.580338 9.431469 1
3.721320 9.071493 1
3.862135 9.102349 1
3.279959 8.202665 1
3.221675 8.093870 1
0.190436 7.302215 2
3.125162 9.365748 1
1.153550 9.786070 1
1.346873 9.100210 1
2.366446 9.811171 1
3.785517 9.194808 1
0.091278 9.780123 1
0.213692 9.912251 1
4.174572 9.047209 1
1.420698 7.120935 1
1.301408 8.605935 1
1.426698 8.649664 1
0.599666 9.312307 1
4.290026 9.051939 1
1.076383 9.418751 1
3.603919 7.676636 1
4.451516 9.419845 2
3.377903 7.389180 2
3.305654 7.465668 1
2.126009 9.752971 1
1.974128 8.457271 1
2.698863 8.066895 1
2.110897 7.181079 1
0.923397 8.056890 1
1.996131 7.145063 1
1.079324 9.680214 1
0.000000 8.888889 0
1.111111 10.000000 0
3.155239 9.457389 1
2.460074 9.329252 1
2.400570 8.122841 1
1.575904 7.604143 1
1.642432 7.990613 1
3.408233 8.183514 1
1.049190 7.700259 1
3.320114 7.573364 1
2.064703 9.130988 1
1.534460 9.581480 1
1.345869 9.212654 1
1.750976 8.080727 1
1.444916 9.260551 1
3.194444 10.000000 0
0.719683 8.890155 1
2.761153 6.941907 1
2.347884 9.312045 1
1.142776 9.493199 1
3.916076 8.502984 1
1.444627 6.706367 2
1.149933 9.600081 1
0.000000 7.500000 0
2.633778 8.656528 1
1.404965 8.536551 1
1.305023 8.488237 1
4.472039 8.800057 2
2.269420 9.791131 1
3.733426 8.174810 1
1.703635 7.898520 1
1.824299 6.803420 2
3.451617 8.848603 1
1.031805 7.484908 1
1.056095 7.595831 1
1.363342 7.185035 1
3.451642 7.720843 1
0.418376 8.475342 1
0.981706 7.387838 1
0.857799 7.383876 1
3.008007 7.820422 1
2.898241 7.744026 1
0.092829 7.983811 1
1.842852 7.773014 1
1.878363 7.667325 1
1.811099 7.010266 1
4.368837 8.434118 2
1.117910 9.027727 1
0.455960 9.693076 1
1.782536 7.690072 1
1.497119 8.467815 1
1.229989 9.066641 1
3.256537 9.919020 1
2.552602 8.594373 1
0.084204 8.953752 1
1.047968 9.918360 1
1.242998 9.176913 1
3.408854 7.624741 1
2.733116 6.724302 2
2.113444 8.183642 1
3.375226 8.749762 1
3.278885 7.344421 2
1.623212 7.089769 1
1.919563 7.564223 1
 0 1 2
 2 1 3
 4 5 6
 7 8 9
 10 8 7
 11 12 13
 14 15 16
 17 18 19
 12 20 13
 21 17 19
 22 23 24
 25 26 27
 28 15 14
 29 30 31
 32 33 34
 35 34 33
 36 37 38
 5 39 6
 40 41 0
 42 0 41
 43 44 45
 46 47 48
 49 48 47
 50 51 52
 53 52 51
 54 55 56
 39 57 6
 58 59 60
 61 62 14
 63 64 65
 66 65 64
 67 68 69
 70 71 72
 73 74 75
 73 76 77
 78 79 80
 26 1 27
 81 82 83
 84 85 86
 79 87 80
 88 71 70
 89 90 91
 92 23 22
 54 93 55
 81 83 94
 29 95 30
 96 97 98
 99 100 101
 102 65 103
 104 105 106
 107 108 109
 110 111 112
 75 74 113
 114 115 116
 117 118 119
 3 120 57
 121 122 123
 124 125 126
 127 128 129
 130 92 131
 132 133 134
 135 136 137
 67 138 68
 139 140 141
 142 141 140
 120 6 57
 143 109 108
 144 145 146
 147 146 145
 148 122 149
 121 149 122
 150 151 152
 153 154 155
 156 59 58
 157 158 159
 160 115 114
 148 161 122
 42 1 0
 162 45 44
 163 164 129
 165 129 164
 166 167 168
 169 170 171
 172 173 174
 84 175 176
 177 178 179
 106 105 180
 181 182 183
 184 185 186
 187 188 189
 189 188 190
 163 129 128
 191 192 193
 194 56 55
 161 195 196
 166 197 167
 62 28 14
 3 57 198
 93 199 55
 55 199 200
 201 124 202
 203 161 196
 204 205 206
 207 155 154
 208 115 160
 208 160 209
 210 112 111
 211 101 212
 213 64 214
 215 78 80
 216 217 218
 88 219 71
 220 221 222
 223 222 221
 224 214 64
 225 125 124
 226 227 138
 228 122 229
 230 231 232
 233 212 101
 234 90 235
 50 126 125
 236 237 238
 233 239 240
 241 242 243
 244 245 246
 247 248 249
 148 250 251
 252 253 254
 255 256 257
 247 243 248
 87 119 80
 189 127 258
 150 152 259
 119 118 80
 156 260 31
 215 45 78
 261 226 138
 262 263 264
 49 47 265
 266 267 9
 258 127 268
 252 269 253
 262 264 221
 223 221 264
 270 71 219
 255 271 256
 234 272 90
 273 274 275
 21 275 274
 142 140 276
 277 278 279
 130 131 280
 157 281 158
 86 85 282
 283 284 285
 162 44 286
 287 286 44
 288 289 106
 290 291 292
 267 7 9
 127 129 293
 153 294 295
 89 296 297
 88 298 219
 299 77 76
 169 300 170
 301 172 174
 191 158 302
 303 304 305
 24 305 304
 306 307 308
 36 38 309
 216 291 217
 89 310 90
 244 246 311
 230 312 231
 313 219 314
 73 315 76
 290 292 316
 317 318 319
 320 257 256
 89 37 296
 321 313 314
 322 146 242
 323 324 98
 142 325 326
 306 327 307
 328 23 92
 329 330 331
 236 238 332
 333 334 264
 203 335 229
 191 193 159
 241 243 336
 317 337 318
 338 98 324
 339 340 341
 178 342 179
 340 343 341
 84 86 344
 345 18 346
 18 347 346
 348 295 294
 349 68 138
 350 351 352
 328 255 151
 235 353 354
 329 355 330
 356 229 335
 241 336 357
 67 261 138
 29 31 358
 165 293 129
 46 359 47
 360 361 209
 362 360 209
 363 246 364
 29 364 246
 333 365 366
 139 367 140
 368 369 31
 89 38 37
 121 120 25
 370 371 372
 373 374 375
 207 154 376
 372 371 377
 191 159 158
 368 31 30
 228 123 122
 378 353 235
 361 379 380
 381 380 379
 110 33 111
 204 251 205
 382 205 251
 383 384 385
 165 385 384
 43 45 386
 290 249 387
 177 388 178
 389 390 391
 392 393 394
 223 395 396
 392 394 308
 107 109 397
 398 399 400
 401 402 379
 403 404 405
 223 264 406
 407 408 409
 104 410 105
 411 103 65
 73 77 74
 412 396 395
 374 413 375
 414 219 298
 415 134 133
 416 137 136
 417 418 419
 287 420 421
 333 422 365
 423 424 425
 426 427 428
 288 429 289
 67 69 430
 431 60 59
 78 45 432
 162 432 45
 401 433 402
 434 70 419
 72 419 70
 333 264 263
 240 239 435
 378 310 436
 167 437 19
 299 19 437
 211 174 173
 323 171 170
 142 326 141
 82 438 83
 439 397 109
 148 251 195
 417 183 182
 440 186 185
 124 441 202
 442 427 443
 323 98 171
 211 173 101
 350 444 351
 297 436 310
 445 446 447
 42 448 1
 449 410 104
 102 450 65
 451 282 85
 452 453 454
 150 454 453
 389 391 455
 456 457 337
 458 337 457
 252 459 269
 456 269 459
 460 461 462
 463 464 465
 160 465 464
 75 466 467
 468 469 280
 176 175 364
 470 471 472
 473 474 475
 476 477 478
 99 101 173
 97 171 98
 54 479 93
 3 26 120
 423 380 424
 96 98 133
 100 137 101
 152 151 257
 121 6 120
 480 443 427
 247 405 404
 191 302 481
 329 482 355
 82 483 438
 31 260 358
 417 419 484
 333 263 422
 485 371 486
 247 249 405
 445 430 487
 27 1 448
 488 41 489
 290 490 249
 249 248 387
 491 492 465
 215 386 45
 203 229 161
 493 422 263
 494 418 182
 303 302 158
 495 347 496
 467 466 497
 498 499 500
 501 500 499
 42 502 399
 363 311 246
 503 13 20
 504 505 506
 481 155 507
 27 149 25
 121 25 149
 508 454 238
 383 509 384
 510 511 276
 477 512 478
 213 214 505
 513 505 214
 514 515 516
 517 516 515
 156 31 59
 87 518 119
 117 119 519
 42 399 520
 411 376 154
 131 468 280
 36 521 37
 503 522 523
 329 331 289
 524 525 526
 233 101 239
 338 527 98
 528 529 337
 121 123 530
 40 489 41
 524 526 531
 471 532 472
 473 475 533
 201 534 535
 504 536 505
 524 341 343
 537 538 499
 539 540 170
 323 170 540
 456 337 529
 541 542 543
 163 544 164
 534 543 542
 463 362 464
 147 387 248
 29 358 176
 117 176 358
 545 546 479
 93 479 546
 198 447 446
 547 4 548
 549 548 4
 153 240 154
 153 295 240
 550 551 352
 351 550 352
 165 384 552
 553 554 555
 398 556 399
 557 77 197
 558 488 559
 411 154 240
 9 365 266
 287 44 420
 560 561 313
 562 563 564
 223 396 222
 247 336 243
 233 240 295
 328 151 453
 9 565 365
 566 567 409
 76 568 569
 569 568 570
 439 109 571
 35 571 109
 3 198 446
 84 519 85
 31 369 59
 119 85 519
 549 4 530
 110 572 571
 412 573 396
 328 271 255
 89 91 574
 401 222 396
 575 576 444
 36 444 576
 392 577 359
 139 256 271
 578 254 253
 579 391 390
 461 580 462
 528 337 581
 63 341 582
 524 582 341
 491 583 492
 485 486 584
 32 585 111
 122 161 229
 317 581 337
 89 297 310
 586 347 495
 411 240 435
 66 193 192
 255 257 151
 587 132 134
 135 588 136
 589 590 482
 591 592 593
 359 577 594
 445 487 446
 595 351 309
 208 596 115
 597 115 596
 127 189 128
 190 128 189
 598 269 599
 600 375 413
 508 155 481
 21 274 554
 463 465 492
 601 357 336
 167 19 602
 603 544 535
 554 604 555
 417 182 418
 557 74 77
 116 555 604
 77 437 197
 426 605 427
 277 489 606
 454 607 238
 595 550 351
 40 608 515
 299 76 569
 306 443 327
 497 466 397
 50 125 51
 362 209 464
 236 296 521
 207 507 155
 609 610 611
 612 613 614
 615 614 613
 37 521 296
 162 286 346
 339 341 616
 35 109 617
 153 155 237
 40 0 618
 378 235 310
 513 179 342
 382 251 250
 288 106 619
 620 308 307
 595 309 38
 110 571 33
 621 184 186
 181 622 182
 322 623 61
 165 164 385
 10 7 624
 53 51 625
 547 626 319
 627 319 626
 322 628 146
 225 535 544
 213 193 64
 396 573 433
 143 629 109
 303 630 302
 627 631 319
 270 533 475
 632 472 532
 322 61 633
 157 536 634
 499 538 635
 636 91 272
 90 272 91
 460 307 327
 142 276 511
 230 280 469
 409 408 425
 637 261 638
 597 555 115
 639 640 325
 241 325 640
 66 64 193
 641 642 643
 345 602 18
 19 18 602
 445 644 430
 242 146 645
 615 646 647
 598 510 276
 442 428 427
 262 648 263
 649 610 609
 407 409 567
 504 477 580
 476 580 477
 620 650 612
 412 651 652
 653 654 655
 452 23 453
 566 409 656
 615 613 462
 277 606 657
 216 658 372
 440 199 659
 660 659 199
 554 274 604
 190 625 128
 639 510 590
 661 662 663
 600 663 662
 456 529 269
 547 664 4
 665 666 667
 403 668 404
 669 604 274
 153 237 294
 670 671 672
 673 672 671
 674 675 676
 677 676 675
 234 668 272
 591 593 678
 551 419 418
 491 293 583
 63 450 341
 679 652 651
 187 258 680
 63 582 64
 224 64 582
 29 246 95
 681 682 683
 107 397 466
 211 684 174
 350 174 684
 306 685 443
 488 489 686
 127 293 687
 104 106 688
 491 687 293
 585 689 111
 165 690 293
 691 186 659
 303 158 281
 370 486 371
 102 103 136
 416 136 103
 415 663 134
 600 134 663
 553 17 554
 21 554 17
 201 543 534
 670 261 671
 67 671 261
 491 465 692
 162 346 432
 482 590 693
 69 487 430
 694 634 536
 215 695 386
 696 386 695
 545 697 698
 699 698 697
 423 700 701
 423 701 380
 513 506 505
 442 685 702
 637 702 685
 545 698 546
 660 546 698
 591 457 703
 416 435 239
 704 272 668
 615 462 646
 333 366 705
 637 638 702
 706 707 250
 382 250 707
 503 708 709
 503 709 13
 73 75 467
 498 218 217
 223 406 395
 503 523 708
 703 457 459
 470 472 185
 474 183 475
 452 305 23
 545 523 522
 460 710 461
 589 711 62
 383 712 713
 681 713 712
 632 714 472
 200 472 714
 225 124 715
 201 715 124
 434 709 708
 716 455 391
 595 13 709
 561 533 313
 562 564 532
 399 558 400
 198 57 593
 39 593 57
 157 159 717
 42 41 502
 426 718 304
 24 304 718
 463 719 362
 589 482 711
 350 352 720
 721 188 722
 178 388 723
 724 94 83
 517 515 608
 724 83 402
 381 402 83
 124 126 441
 670 638 261
 508 238 237
 241 640 242
 579 548 725
 328 92 726
 383 385 712
 500 60 727
 728 332 238
 440 659 186
 545 479 523
 236 294 237
 270 313 533
 632 532 564
 32 642 585
 620 729 308
 392 308 729
 463 492 730
 603 731 544
 382 707 666
 130 726 92
 598 253 269
 328 453 23
 732 339 616
 338 658 733
 734 733 658
 735 736 737
 735 737 738
 148 739 250
 270 475 71
 72 71 475
 116 115 555
 84 176 519
 501 60 500
 597 740 495
 87 495 740
 72 484 419
 300 741 170
 301 174 742
 498 217 499
 537 499 217
 501 743 58
 29 176 364
 273 680 258
 744 745 746
 157 717 505
 9 8 747
 299 748 19
 21 19 748
 76 315 568
 721 112 749
 722 188 750
 370 372 751
 752 751 372
 534 753 535
 603 535 753
 117 519 176
 144 538 145
 537 145 538
 503 20 522
 557 105 74
 410 74 105
 385 731 712
 208 209 754
 721 749 755
 756 395 406
 636 609 12
 757 12 609
 381 83 438
 322 242 758
 152 353 259
 378 259 353
 401 396 433
 164 544 731
 147 645 146
 674 759 760
 674 760 675
 660 199 546
 93 546 199
 157 505 536
 40 515 606
 508 237 155
 245 746 246
 660 698 761
 537 762 145
 4 6 530
 39 678 593
 553 496 347
 451 740 596
 597 596 740
 763 590 510
 764 702 638
 277 686 489
 213 505 717
 460 327 710
 706 250 765
 47 594 766
 403 490 767
 566 653 567
 88 70 56
 768 769 770
 144 146 628
 488 686 559
 128 625 771
 696 772 386
 329 289 429
 661 773 774
 234 404 668
 768 585 769
 200 775 472
 72 475 484
 47 766 776
 768 689 585
 460 650 307
 203 196 777
 778 777 196
 598 599 779
 439 571 572
 43 386 780
 16 421 420
 132 96 133
 100 135 137
 637 226 261
 341 450 616
 273 275 680
 570 680 275
 227 781 782
 783 425 424
 24 23 305
 679 94 652
 204 195 251
 130 280 232
 109 629 617
 539 784 540
 785 683 682
 43 676 786
 160 114 465
 322 787 623
 434 788 709
 36 576 521
 764 468 428
 789 344 407
 175 344 789
 570 275 569
 595 709 550
 591 790 592
 514 657 515
 63 65 450
 3 1 26
 632 564 791
 480 327 443
 345 286 168
 363 364 175
 494 352 418
 290 762 291
 275 748 569
 401 360 792
 220 222 719
 373 375 745
 43 786 420
 653 655 567
 696 58 743
 793 552 794
 795 315 796
 497 796 315
 201 535 715
 127 687 268
 537 217 291
 797 388 526
 460 613 650
 549 725 548
 451 798 282
 539 170 799
 350 720 174
 40 618 608
 547 319 318
 216 292 291
 299 569 748
 488 502 41
 800 767 490
 801 746 745
 793 794 802
 321 803 313
 563 804 564
 321 564 804
 560 313 803
 147 145 387
 84 344 175
 383 713 805
 570 568 722
 795 722 568
 636 12 91
 11 91 12
 21 748 275
 184 470 185
 474 181 183
 204 196 195
 451 596 798
 806 782 781
 807 354 353
 243 242 645
 207 376 192
 247 808 336
 434 809 70
 54 70 809
 54 809 479
 523 479 809
 637 685 781
 795 568 315
 365 422 266
 810 266 422
 698 811 761
 54 56 70
 641 812 285
 426 428 468
 537 291 762
 414 314 219
 501 635 743
 66 376 65
 411 65 376
 220 730 802
 793 802 730
 383 805 509
 403 405 490
 177 526 388
 150 259 607
 756 406 334
 264 334 406
 699 811 698
 365 565 366
 813 366 565
 800 490 316
 504 506 477
 350 684 444
 575 444 684
 814 284 815
 801 30 95
 600 816 375
 431 662 727
 679 81 94
 361 754 209
 639 590 817
 215 80 118
 401 379 360
 493 805 422
 810 422 805
 148 149 739
 410 449 818
 819 446 487
 442 443 685
 734 774 773
 302 820 481
 9 747 565
 785 7 267
 178 723 512
 517 821 68
 597 496 555
 691 659 822
 823 301 742
 300 824 741
 247 404 808
 508 820 454
 458 318 337
 321 314 564
 270 219 313
 220 802 221
 262 221 802
 825 701 700
 215 118 826
 117 260 826
 752 324 540
 323 540 324
 319 631 827
 326 325 357
 241 357 325
 480 710 327
 211 212 684
 575 684 212
 508 481 820
 410 113 74
 670 312 828
 639 787 640
 130 232 829
 381 438 424
 476 462 580
 351 444 309
 728 607 259
 407 567 655
 661 727 662
 290 316 490
 36 309 444
 721 722 830
 795 830 722
 160 464 209
 303 305 630
 322 633 628
 661 774 500
 498 500 774
 167 602 168
 426 304 605
 187 189 258
 627 626 390
 696 743 772
 303 831 304
 832 777 815
 833 743 635
 601 336 808
 431 369 662
 415 527 733
 752 372 834
 200 199 775
 392 729 577
 681 683 713
 415 733 773
 236 521 294
 440 775 199
 784 751 540
 27 739 149
 299 437 77
 40 606 489
 317 319 827
 673 430 644
 61 14 633
 677 633 14
 362 792 360
 213 717 193
 159 193 717
 800 316 835
 497 315 467
 73 467 315
 458 678 5
 586 495 79
 87 79 495
 145 762 387
 578 836 829
 140 829 836
 734 218 774
 69 68 821
 837 316 292
 498 774 218
 249 490 405
 832 815 284
 345 346 286
 89 574 38
 838 566 656
 381 379 402
 148 195 161
 551 788 419
 434 419 788
 699 611 610
 595 38 839
 117 358 260
 778 815 777
 75 113 455
 670 672 312
 458 5 664
 706 448 520
 837 377 371
 90 310 235
 361 380 701
 452 454 820
 670 828 638
 120 26 25
 166 180 197
 190 755 625
 53 625 755
 368 662 369
 144 628 675
 677 675 628
 131 92 22
 398 667 840
 431 727 60
 833 635 538
 673 671 430
 67 430 671
 156 58 841
 696 841 58
 423 425 408
 837 835 316
 734 658 218
 216 372 377
 813 565 747
 807 808 404
 785 624 7
 302 630 820
 216 218 658
 150 453 151
 743 759 772
 381 424 380
 150 607 454
 117 826 118
 842 761 811
 156 826 260
 187 750 188
 493 263 648
 389 455 113
 225 544 843
 156 841 826
 660 822 659
 472 775 185
 475 183 484
 215 826 695
 539 799 822
 691 822 799
 439 796 397
 497 397 796
 368 816 662
 600 662 816
 579 390 626
 844 594 577
 819 2 446
 306 308 394
 101 137 239
 98 527 133
 416 239 137
 415 133 527
 783 424 438
 194 55 714
 654 311 655
 363 655 311
 131 718 468
 426 468 718
 539 822 845
 539 845 784
 586 346 347
 220 719 730
 463 730 719
 139 726 367
 706 520 556
 524 343 525
 846 525 343
 372 658 834
 661 663 773
 35 33 571
 744 373 745
 287 847 286
 458 457 678
 591 678 457
 451 518 740
 245 744 746
 553 18 17
 598 779 510
 763 510 779
 460 462 613
 612 650 613
 764 638 828
 592 644 447
 361 360 379
 234 354 404
 807 404 354
 190 188 755
 721 755 188
 807 848 808
 819 608 618
 170 741 799
 174 720 742
 807 849 848
 666 840 667
 230 828 312
 677 786 676
 557 180 105
 785 850 624
 639 511 510
 328 726 271
 501 499 635
 494 720 352
 32 111 33
 661 500 727
 724 652 94
 724 402 433
 752 540 751
 157 634 281
 551 550 788
 709 788 550
 452 820 630
 795 572 830
 348 294 521
 501 58 60
 375 816 851
 224 531 179
 806 394 393
 768 852 689
 793 690 552
 724 573 652
 412 652 573
 547 318 664
 411 435 103
 163 128 771
 842 486 784
 370 784 486
 639 817 787
 331 631 688
 104 688 631
 368 851 816
 50 52 770
 768 770 52
 589 787 817
 579 626 548
 545 522 697
 597 495 496
 230 232 280
 130 829 367
 589 623 787
 283 285 812
 389 113 818
 410 818 113
 345 168 602
 222 792 719
 97 169 171
 172 99 173
 322 758 787
 231 853 232
 363 175 789
 49 854 516
 514 516 854
 348 521 576
 669 855 692
 491 692 855
 458 664 318
 142 511 325
 370 751 784
 480 427 856
 857 856 427
 423 408 700
 86 700 408
 166 619 180
 106 180 619
 768 52 852
 53 852 52
 660 761 822
 451 85 518
 639 325 511
 553 555 496
 46 393 359
 167 197 437
 842 784 845
 819 618 2
 793 583 690
 797 526 525
 524 531 582
 224 582 531
 191 481 507
 140 367 829
 592 447 593
 234 235 354
 763 693 590
 306 858 685
 283 34 859
 35 859 34
 177 179 531
 785 267 683
 348 860 295
 233 295 860
 570 722 750
 832 629 777
 757 697 522
 586 432 346
 461 861 862
 356 863 864
 340 846 343
 87 740 518
 620 307 650
 409 425 656
 783 656 425
 732 616 865
 102 865 616
 143 335 777
 203 777 335
 338 834 658
 252 866 703
 867 703 866
 363 789 655
 333 705 334
 144 760 538
 833 538 760
 374 587 413
 588 732 865
 349 48 868
 476 646 462
 228 229 864
 356 864 229
 857 427 605
 563 738 804
 736 560 803
 290 387 762
 401 792 222
 587 134 413
 588 865 136
 407 655 789
 445 447 644
 200 714 55
 225 843 125
 32 34 643
 485 584 610
 699 610 584
 201 202 869
 553 347 18
 28 62 711
 677 14 786
 654 244 311
 165 552 690
 102 136 865
 600 413 134
 163 843 544
 669 692 604
 116 604 692
 208 754 798
 49 868 48
 110 830 572
 143 777 629
 11 574 91
 384 648 794
 283 812 34
 685 858 781
 407 344 408
 86 408 344
 130 367 726
 378 436 259
 728 259 436
 106 289 688
 326 256 141
 636 870 609
 649 609 870
 139 271 726
 75 455 466
 471 562 532
 561 473 533
 286 847 168
 27 448 765
 825 798 754
 194 714 871
 228 864 391
 716 391 864
 46 782 393
 53 755 749
 231 312 872
 716 863 466
 107 466 863
 69 821 487
 819 487 821
 326 873 256
 320 256 873
 517 608 821
 681 542 682
 704 874 870
 649 870 874
 228 725 123
 549 123 725
 452 630 305
 674 676 780
 43 780 676
 810 713 683
 483 838 875
 287 421 876
 288 876 421
 551 418 352
 549 530 123
 166 168 847
 139 141 256
 355 482 693
 415 773 663
 517 868 516
 795 796 572
 262 794 648
 622 823 877
 824 621 878
 3 446 2
 589 817 590
 514 278 657
 706 765 448
 50 770 126
 329 711 482
 177 531 526
 242 640 758
 465 114 692
 681 712 753
 603 753 712
 857 281 634
 800 835 879
 392 359 393
 277 279 686
 832 284 880
 283 880 284
 102 616 450
 398 840 556
 757 522 20
 541 850 682
 399 556 520
 49 265 854
 417 484 183
 440 185 775
 224 179 214
 728 238 607
 832 880 617
 35 617 859
 627 449 631
 716 864 863
 681 753 542
 53 749 852
 517 68 868
 832 617 629
 204 206 196
 778 196 206
 250 739 765
 384 794 552
 800 879 874
 164 731 385
 485 835 371
 837 371 835
 398 881 667
 627 390 818
 163 771 843
 793 492 583
 42 520 448
 116 692 114
 810 805 713
 277 657 278
 210 749 112
 361 701 754
 694 862 861
 49 516 868
 677 628 633
 303 281 831
 456 459 457
 810 267 266
 228 391 725
 579 725 391
 312 672 872
 51 843 771
 140 836 276
 43 420 44
 825 754 701
 575 860 576
 461 710 861
 88 56 298
 194 298 56
 483 875 438
 844 766 594
 349 868 68
 32 643 642
 47 776 265
 528 882 599
 763 599 882
 110 112 830
 721 830 112
 669 274 883
 273 883 274
 591 703 790
 716 466 455
 504 580 862
 461 862 580
 823 742 877
 494 877 742
 824 878 741
 691 741 878
 857 831 281
 793 730 492
 210 111 689
 273 258 883
 268 883 258
 814 815 884
 778 884 815
 636 272 870
 704 870 272
 119 518 85
 198 593 447
 783 438 875
 16 15 421
 331 827 631
 557 197 180
 764 469 468
 833 760 759
 819 821 608
 225 715 535
 724 433 573
 46 48 885
 349 885 48
 348 576 860
 66 192 376
 493 509 805
 297 332 436
 262 802 794
 764 428 702
 78 432 79
 586 79 432
 513 214 179
 144 675 760
 104 631 449
 595 839 13
 11 13 839
 778 206 884
 764 828 469
 152 849 353
 807 353 849
 825 282 798
 227 226 781
 637 781 226
 515 657 606
 627 818 449
 806 393 782
 47 359 594
 27 765 739
 673 886 672
 867 672 886
 246 746 95
 801 95 746
 210 852 749
 51 771 625
 201 869 543
 208 798 596
 669 883 855
 268 855 883
 641 643 812
 34 812 643
 833 759 743
 736 803 737
 738 737 804
 268 687 855
 491 855 687
 647 646 478
 414 871 791
 166 847 876
 504 862 536
 694 536 862
 439 572 796
 757 611 697
 699 697 611
 857 605 831
 304 831 605
 288 421 15
 416 103 435
 787 758 640
 375 851 745
 131 22 718
 24 718 22
 601 808 848
 699 584 811
 578 829 853
 232 853 829
 0 2 618
 867 872 672
 338 324 834
 752 834 324
 575 212 860
 757 20 12
 320 848 849
 121 530 6
 356 108 863
 601 873 357
 801 745 851
 867 790 703
 728 436 332
 632 871 714
 842 584 486
 386 772 780
 674 780 772
 442 702 428
 431 59 369
 621 186 878
 622 877 182
 389 818 390
 806 781 858
 414 791 314
 288 619 876
 757 609 611
 191 507 192
 338 733 527
 216 377 292
 252 703 459
 414 298 871
 194 871 298
 326 357 873
 706 556 840
 398 400 881
 39 5 678
 38 574 839
 317 827 330
 331 330 827
 233 860 212
 384 509 648
 547 548 626
 207 192 507
 356 335 108
 143 108 335
 51 125 843
 857 634 856
 288 15 429
 691 799 741
 494 742 720
 210 689 852
 674 772 759
 734 773 733
 842 811 584
 434 708 809
 523 809 708
 763 779 599
 331 688 289
 362 719 792
 152 257 849
 320 849 257
 349 138 885
 227 885 138
 494 182 877
 691 878 186
 321 737 803
 321 804 737
 293 690 583
 570 750 680
 187 680 750
 694 856 634
 227 782 885
 476 478 646
 269 529 599
 528 599 529
 541 682 542
 837 292 377
 603 712 731
 493 648 509
 598 836 253
 825 700 282
 86 282 700
 297 296 332
 826 841 695
 317 330 581
 355 581 330
 230 469 828
 785 682 850
 704 668 767
 147 248 645
 243 645 248
 801 851 30
 178 512 342
 477 342 512
 592 886 644
 673 644 886
 403 767 668
 368 30 851
 810 683 267
 28 429 15
 783 875 656
 485 610 879
 649 879 610
 16 786 14
 598 276 836
 485 879 835
 706 840 707
 632 791 871
 838 656 875
 252 254 866
 231 866 254
 287 876 847
 696 695 841
 329 429 711
 28 711 429
 822 761 845
 601 848 873
 16 420 786
 166 876 619
 4 664 5
 578 253 836
 666 707 840
 480 861 710
 534 542 753
 11 839 574
 842 845 761
 480 856 861
 694 861 856
 320 873 848
 649 874 879
 236 332 296
 704 767 874
 477 506 342
 513 342 506
 231 254 853
 399 502 558
 488 558 502
 231 872 866
 763 882 693
 355 693 882
 564 314 791
 800 874 767
 283 859 880
 617 880 859
 107 863 108
 46 885 782
 867 886 790
 867 866 872
 589 62 623
 355 882 581
 528 581 882
 578 853 254
 61 623 62
 806 858 394
 592 790 886
 306 394 858
 0
 28
 620 615 844 665 514 797 647 612 525 559 723 388 686 577 776 729 278 854 400 265 478 614 279 667 766 881 558 512
 23
 382 541 641 665 10 814 205 666 585 285 202 284 642 770 543 441 624 206 884 869 769 126 850
 11
 813 756 412 10 395 747 334 366 8 651 705
 0
 0
 0
 0
