928 1728
2.266543 4.837543 1
2.354569 4.780239 1
2.362011 4.940258 1
2.475768 4.831185 1
0.863356 3.491082 2
1.054199 3.509120 2
0.929897 3.592054 1
1.447017 5.148707 1
1.284539 5.081104 1
1.429996 5.052123 1
3.232097 6.046488 1
3.313665 6.154677 2
3.153175 6.102249 1
3.173663 6.202900 1
0.316807 3.985194 1
0.296819 4.080687 1
0.191424 3.991625 1
2.064463 5.800741 1
1.933685 5.698942 1
2.098961 5.691370 1
1.372061 5.212504 1
3.309231 5.982487 1
3.141533 5.941434 1
1.945885 5.835670 1
3.291459 5.875754 1
1.597471 5.537529 1
1.534143 5.440955 1
1.696365 5.417908 1
2.866452 6.026040 1
2.981438 5.978270 1
2.938483 6.124635 1
1.605105 5.323936 1
3.052152 6.061598 1
2.395749 6.336443 1
2.472568 6.425853 1
2.316118 6.431808 1
1.470755 6.498024 1
1.542161 6.396385 1
1.577821 6.558721 1
0.208946 4.153841 1
1.659293 6.444950 1
2.973837 5.854323 1
2.857029 5.780483 1
3.046258 5.754431 1
2.381827 6.524349 1
2.916168 5.671409 1
1.336604 3.931155 1
1.411892 4.023517 1
1.257768 4.007148 1
1.318588 4.106539 1
1.625208 4.773975 1
1.634479 4.644356 1
1.755826 4.672694 1
1.747181 4.815470 1
2.628444 4.929286 1
2.494393 5.003564 1
3.757726 4.591319 1
3.841367 4.732700 1
3.696275 4.709718 1
2.815677 6.244118 1
2.974875 6.266385 1
2.871979 6.348311 1
0.635702 5.069196 1
0.478251 5.133544 1
0.559542 4.962142 1
0.510559 7.108503 1
0.395163 7.165545 2
0.409375 7.016966 1
1.127223 5.153876 1
1.141149 5.001644 1
1.541535 4.288084 1
1.435274 4.418665 1
1.363267 4.263799 1
0.260440 3.850509 1
1.723917 5.896436 1
1.803463 6.010889 1
1.660720 6.017687 1
1.720692 6.157330 1
1.512895 5.982413 1
1.443898 6.091654 1
1.365815 5.952167 1
1.321293 6.079159 1
1.845991 4.317462 1
1.710832 4.271868 1
1.848897 4.146701 1
0.698432 5.772837 1
0.575890 5.792314 1
0.596135 5.650707 1
0.559112 6.615945 1
0.663739 6.708256 1
0.514937 6.747599 1
1.372741 5.314714 1
1.516472 5.222009 1
1.473827 5.352179 1
1.678203 3.965249 1
1.713768 3.849500 2
1.844278 3.966350 2
4.243496 4.933706 1
4.234445 4.810615 1
4.356071 4.907642 1
0.869467 5.131529 1
0.769390 5.051095 1
0.900624 4.981236 1
2.615458 6.362182 1
2.774981 6.409706 1
2.621361 6.497158 1
3.458855 4.122495 1
3.606796 4.177765 1
3.483129 4.255417 1
3.598774 4.337320 1
1.046198 4.122622 1
1.052132 4.303879 1
0.954772 4.204939 1
2.848079 5.061532 1
2.716476 5.031258 1
2.764699 4.932348 1
2.881194 4.935314 1
0.000000 3.611111 0
0.000000 3.472222 0
0.145812 3.516792 2
2.088911 6.516935 1
2.178055 6.622899 2
2.038125 6.684228 2
1.157460 4.226938 1
4.390341 4.809024 1
2.461796 4.161706 1
2.524874 4.329898 1
2.368239 4.274683 1
3.894337 4.620393 1
0.107255 3.641623 1
2.107111 6.010770 1
2.195521 6.087101 1
2.088281 6.169971 1
4.639359 4.733263 1
4.777213 4.665328 2
4.741090 4.800401 2
0.737325 5.669270 1
3.406950 5.209372 1
3.306184 5.104462 1
3.421729 5.051481 1
2.005201 5.571858 1
1.972178 4.097893 1
0.344523 5.224209 1
0.196422 5.156919 1
0.341365 5.078186 1
0.236381 4.995296 1
0.987016 3.751022 1
1.114635 3.829833 1
0.950544 3.894858 1
0.434300 4.992430 1
1.948714 4.534981 1
1.952836 4.392175 1
2.077769 4.478052 1
3.213394 5.191581 1
3.298322 5.287309 1
1.011520 5.057606 1
0.540023 7.005441 1
2.677975 4.403424 1
2.632258 4.578031 1
2.560628 4.436356 1
1.287651 4.420591 1
0.304373 6.188498 1
0.458075 6.124873 1
0.439970 6.285912 1
3.965637 4.859202 1
4.098414 4.774844 1
4.116724 4.919291 1
1.998426 6.103631 1
0.725570 4.565895 1
0.832983 4.618250 1
0.676561 4.652657 1
0.000000 6.805555 0
0.124206 6.674959 1
0.168758 6.780949 1
0.782922 4.741789 1
4.666161 4.606328 1
3.629506 5.674319 1
3.675593 5.526574 2
3.741936 5.683527 2
2.748864 4.504391 1
0.972894 5.614025 1
0.889425 5.497691 1
1.003072 5.424653 1
1.696916 6.314753 1
1.592284 6.279613 1
1.954613 6.582535 1
3.131414 6.406967 2
2.996739 6.405838 1
3.095015 6.292739 1
2.218435 4.216924 1
2.195001 4.360684 1
2.319805 4.424444 1
1.091373 3.977587 1
0.402159 6.651262 1
2.288267 3.928280 2
2.194062 4.086891 1
2.123543 3.972538 2
2.162099 4.878536 1
2.217421 4.707479 1
3.447616 5.752425 1
3.519192 5.612889 1
3.560547 5.764571 1
3.203882 5.822182 1
1.554171 5.074500 1
1.484426 4.911976 1
0.568905 4.559208 1
0.682309 4.460582 1
1.708725 4.146117 1
2.076948 4.795655 1
2.681637 4.256405 1
3.001331 5.595352 1
3.073294 5.462520 1
3.104973 5.640267 1
3.036210 5.285058 1
3.164217 5.324009 1
0.343548 4.903107 1
2.639488 5.494450 1
2.767023 5.534519 1
2.638286 5.646004 1
2.791103 5.659033 1
2.328976 4.094757 1
3.285072 4.974949 1
1.590164 6.121782 1
0.717624 3.718441 1
0.684755 3.851752 1
0.575425 3.706501 1
0.543499 3.861286 1
2.582572 4.189142 1
0.634513 4.864355 1
0.533296 4.801731 1
3.423122 6.009644 2
1.108239 5.522227 1
1.025232 4.906744 1
1.173181 4.840536 1
2.740520 6.528897 1
3.420814 4.912316 1
3.522639 5.143044 1
1.373677 4.553658 1
0.453549 4.888576 1
0.849315 6.312347 1
0.956951 6.196434 1
0.972829 6.363189 1
0.607504 6.824253 1
3.803937 5.090874 1
3.644509 5.074558 1
3.738236 4.948034 1
0.247466 7.171700 1
0.311634 7.287780 2
0.190436 7.302215 2
0.117865 3.862267 1
3.672231 4.470662 1
3.522887 4.489528 1
3.158106 4.022573 1
3.266143 3.958967 1
3.291701 4.098896 1
0.576647 4.440132 1
0.439510 4.421194 1
0.420596 4.557470 1
1.264026 5.770383 1
1.328080 5.670756 1
1.360249 5.814812 1
0.124253 7.204134 1
1.130480 3.678314 2
2.883681 5.235128 1
2.739348 5.145971 1
2.747687 5.279744 1
2.054163 4.363466 1
3.669930 4.054786 1
3.553286 4.052860 1
3.663119 3.911580 2
0.833166 6.086993 1
0.965494 6.052625 1
1.098112 6.129204 1
0.210583 5.397940 1
0.354821 5.390138 1
0.249973 5.502886 1
2.211415 4.472812 1
0.802402 3.915571 1
0.782489 4.064852 1
0.647741 3.997498 1
3.754881 5.387010 1
3.830001 5.262227 1
3.897923 5.397285 2
3.989424 5.286408 2
2.438004 4.007002 2
2.896825 4.090075 1
2.802897 4.053679 2
2.905543 3.942552 2
1.246724 4.592386 1
3.989231 4.708849 1
2.559604 4.702583 1
2.620094 4.801671 1
4.011201 4.580757 1
2.369568 5.111186 1
2.405827 5.246504 1
2.282167 5.236704 1
1.981885 4.254064 1
3.189224 4.781227 1
3.283570 4.849749 1
3.133970 4.921449 1
0.555792 6.480118 1
0.661663 6.433148 1
0.692328 6.567451 1
2.723489 4.742270 1
0.404852 3.911410 1
2.249674 5.133719 1
2.958092 5.380297 1
2.482970 5.945004 1
2.594559 5.844851 1
2.656853 5.952880 1
0.596528 6.329490 1
0.575201 6.206668 1
3.222589 6.303521 2
4.097756 4.656532 1
0.682058 4.177941 1
0.552354 4.113791 1
2.499365 5.572994 1
2.526701 5.421016 1
1.189196 5.700500 1
3.049341 4.632110 1
2.900057 4.632640 1
2.965014 4.544440 1
2.946177 4.744067 1
1.264962 3.777778 1
0.648033 3.496348 1
0.531076 3.469311 2
0.664800 3.365109 2
2.521891 6.696742 1
2.417243 6.654553 2
2.566158 6.600378 1
0.798703 4.935954 1
1.819209 5.788214 1
2.477557 6.542108 1
3.760977 4.141288 1
3.865321 4.286638 1
3.730860 4.287013 1
2.266217 6.002661 1
2.244823 5.896971 1
2.139534 5.880462 1
3.416707 5.654121 1
3.519774 5.432137 1
2.056813 4.649498 1
3.510444 3.945162 1
0.616793 5.524652 1
0.753121 5.474871 1
0.704196 5.575406 1
0.101495 4.079753 1
1.783377 6.277089 1
4.384297 4.111179 1
4.321894 4.212945 1
4.274329 4.054249 2
1.153041 4.501813 1
1.165372 4.363902 1
0.239582 5.637921 1
0.279358 5.768495 1
0.178162 5.768868 1
1.249943 5.883609 1
0.356925 5.562954 1
0.360935 5.703599 1
2.573590 6.040870 1
3.306064 4.596165 1
3.447032 4.666956 1
3.290806 4.717952 1
3.381533 4.790601 1
3.204232 3.703293 2
3.226218 3.840267 1
3.088363 3.763826 1
0.323862 6.067037 1
2.505281 5.722375 1
2.360957 5.697104 1
3.890006 4.160296 1
4.208792 4.172944 1
1.557101 4.441323 1
3.482398 4.827260 1
0.000000 6.666667 0
1.126392 6.947610 2
0.987395 6.885596 2
1.114545 6.819599 1
1.015840 6.738435 1
2.614580 5.068915 1
2.373101 5.553058 1
0.110544 5.656777 1
0.283384 7.047626 1
0.404601 3.755174 1
0.589610 5.172690 1
0.455974 3.598279 1
0.303318 3.536052 2
0.405477 3.463461 2
1.305190 4.892964 1
1.246485 4.971503 1
3.565191 4.752255 1
3.405697 4.008058 1
0.298179 4.346334 1
0.163075 4.437894 1
0.155146 4.289350 1
0.751689 6.471792 1
0.465655 6.555604 1
2.196571 6.194947 1
2.346585 6.143816 1
2.282090 6.289904 1
0.886363 6.750875 1
2.958561 5.491240 1
0.938187 4.303159 1
0.983424 4.420954 1
3.652773 5.830866 2
3.510746 5.861794 2
1.649491 5.183521 1
1.051319 6.259661 1
3.387095 5.854040 1
0.340842 3.651117 1
2.862174 6.578849 1
2.968595 6.656877 1
2.851676 6.706321 1
3.158952 4.149160 1
3.355225 4.213881 1
1.073092 5.746907 1
0.953502 5.786160 1
1.997262 3.961263 2
1.106335 4.660254 1
1.050924 4.792417 1
0.961264 4.723523 1
0.512555 3.990443 1
1.210548 6.020026 1
2.215323 5.675426 1
2.220497 5.793075 1
0.967973 4.616813 1
0.371069 6.795438 1
0.890913 4.840916 1
3.182012 5.557523 1
2.170873 4.567527 1
0.345145 4.655893 1
0.317155 4.493004 1
0.224829 4.579339 1
1.456560 4.158369 1
1.666563 4.399127 1
3.485222 4.369045 1
2.334530 5.834524 1
2.293629 4.533353 1
2.364146 4.641335 1
1.070193 6.356997 1
1.158510 6.252482 1
1.198241 6.407594 1
1.288719 6.310036 1
0.732483 6.352259 1
0.721417 6.205487 1
0.960186 5.918945 1
1.060478 5.867939 1
1.075357 5.997949 1
0.460374 5.629442 1
1.511669 4.565185 1
1.487731 4.716579 1
2.146028 5.581932 1
2.940133 4.188791 1
2.794811 4.175054 1
2.859029 4.264322 1
1.620126 4.919281 1
1.745081 4.939768 1
4.228453 5.249140 2
4.102524 5.218718 2
4.223283 5.113678 1
4.090350 5.075854 1
3.313319 3.773828 1
0.249671 5.295481 1
3.334796 3.669358 3
3.818583 5.480961 2
3.130578 3.901307 1
1.592145 4.171113 1
1.690180 5.050747 1
1.852256 4.457335 1
1.371875 6.417456 1
1.438828 6.301654 1
0.623057 5.404192 1
4.531424 4.616923 1
4.485788 4.489397 1
4.613379 4.491912 1
1.884973 6.114752 1
3.189896 5.445690 1
3.613718 4.608540 1
4.293717 4.469721 1
4.224833 4.577634 1
4.176639 4.432660 1
0.270356 6.722905 1
0.241087 6.594317 1
0.838054 3.780471 1
0.000000 5.555555 0
0.000000 5.416667 0
0.132429 5.509089 1
4.009738 4.968693 1
2.540742 4.074995 2
1.246031 5.221209 1
0.840212 6.200315 1
3.616906 5.228161 1
3.632662 5.360464 1
3.724198 5.187801 1
1.225959 3.886014 1
0.000000 7.361111 0
0.081500 7.298603 1
0.115371 7.430360 2
0.106432 5.066491 1
0.759355 5.356022 1
1.914454 5.282464 1
2.052919 5.351081 1
1.933411 5.425395 1
0.844892 5.723430 1
4.113810 4.543948 1
0.362887 6.551648 1
0.000000 6.250000 0
0.000000 6.111111 0
0.144028 6.180555 1
1.757389 4.056217 1
1.939620 5.144183 1
1.848137 5.192117 1
1.825933 5.051859 1
2.969521 4.300983 1
2.823711 4.393661 1
1.106314 5.636593 1
2.956564 4.427278 1
1.959572 5.977446 1
0.821548 5.858727 1
1.241030 6.163182 1
1.368997 6.188184 1
0.736492 3.530544 1
0.746491 3.433412 1
0.273826 3.722991 1
1.492842 5.722325 1
0.000000 7.500000 0
3.749798 4.799947 1
4.314122 4.746890 1
0.492459 5.721128 1
2.468989 4.628735 1
2.523161 4.529856 1
0.495417 5.508823 1
2.493084 6.794065 2
1.862262 6.226519 1
1.912050 6.310066 1
4.349597 5.130523 2
1.203689 5.589727 1
0.481959 6.387649 1
3.033436 3.865733 1
2.964751 3.791596 2
0.311214 6.299680 1
0.113225 6.883154 1
1.978818 6.434281 1
2.142704 5.215140 1
2.197273 5.369653 1
1.949055 4.990519 1
2.078709 4.956062 1
2.046958 5.102517 1
0.877540 4.413786 1
4.153842 4.086401 1
4.099603 4.201324 1
3.998106 4.081865 2
3.977496 4.237344 1
3.185332 5.716519 1
0.000000 5.972222 0
0.116808 5.897958 1
0.111832 6.061011 1
1.599322 5.826808 1
1.484004 5.872913 1
1.854272 5.900525 1
0.823822 5.596280 1
1.853078 6.394500 1
0.000000 7.083333 0
0.141202 7.079720 1
2.843946 5.346820 1
3.064560 6.175085 1
1.758602 5.662060 1
1.720629 5.535300 1
1.859047 5.557207 1
0.498943 5.377163 1
4.385042 4.553868 1
2.515239 6.158843 1
2.660096 6.213124 1
2.510188 6.287699 1
0.000000 7.222222 0
2.019053 5.225721 1
2.118942 4.284904 1
2.956478 6.808999 3
0.420228 6.023907 1
1.230318 4.716856 1
1.336670 4.690624 1
0.755263 5.973875 1
0.867131 5.978233 1
3.102245 5.190632 1
3.193439 5.063548 1
3.065319 4.494302 1
3.173604 4.555604 1
2.442650 4.721149 1
1.258429 3.661305 2
1.407226 3.692912 2
1.758916 5.154770 1
0.957793 6.520961 1
1.070850 6.471199 1
2.525452 5.281466 1
2.634807 5.354449 1
4.514215 4.754536 1
0.717251 6.064655 1
1.963672 4.855675 1
1.753081 6.410414 1
3.384558 3.882700 1
0.105653 5.389453 1
2.093771 4.187382 1
3.554677 4.894423 1
3.533933 5.005734 1
3.064626 6.488285 1
0.805133 4.493316 1
4.504116 4.885536 2
1.762708 6.517904 1
1.701525 6.607427 1
3.077426 5.065394 1
2.976465 4.996763 1
2.980428 4.866797 1
0.441826 5.283202 1
1.372863 5.437885 1
1.260954 5.351810 1
1.252662 4.198272 1
2.161426 5.086014 1
2.191758 4.977833 1
3.026547 4.078624 1
1.495888 6.199917 1
4.186042 5.012258 1
1.376183 4.959968 1
2.811126 6.830569 2
1.289464 4.793635 1
0.462606 5.832233 1
0.344942 5.846585 1
2.411268 6.239966 1
1.738686 4.527773 1
1.624204 4.521267 1
1.333971 6.646914 1
1.205009 6.635832 1
1.276242 6.520332 1
1.017475 3.636533 1
0.556224 5.274645 1
2.411756 5.449990 1
2.181320 6.395429 1
2.078305 6.379520 1
1.136453 5.394846 1
1.235183 5.467110 1
0.804398 6.970953 2
0.664117 6.992033 2
0.692460 6.894339 1
0.768840 6.814992 1
0.799684 6.671224 1
1.374240 3.826074 1
0.323504 6.922027 1
0.479855 6.892079 1
3.947360 5.059838 1
3.918432 5.171042 1
2.776603 4.618862 1
2.085275 4.074595 1
0.148263 3.745319 1
0.833898 4.203212 1
0.903448 4.091822 1
2.465141 6.063437 1
1.383168 6.525343 1
1.478751 6.592216 1
1.444627 6.706367 2
0.955230 5.303747 1
0.838786 5.261732 1
0.989375 5.185784 1
3.315720 5.737246 1
2.717383 6.311791 1
2.849089 4.819247 1
2.796990 6.126307 1
0.718892 5.204931 1
0.000000 4.444445 0
0.104653 4.543991 1
0.000000 5.694445 0
2.264250 4.935091 1
2.772497 6.631569 1
4.946111 4.241687 2
5.021509 4.346021 3
4.910671 4.378747 1
2.862094 4.510117 1
2.703638 6.067058 1
2.384405 6.022806 1
4.518124 4.381610 1
0.000000 3.750000 0
0.671950 5.881313 1
3.519101 3.834054 2
1.079771 4.434591 1
0.220288 5.997429 1
2.839083 4.711417 1
1.812431 5.456323 1
4.426431 4.309072 1
4.467340 4.192899 1
2.440646 4.411197 1
2.626641 5.202529 1
1.458034 5.570761 1
1.319570 5.547248 1
3.234506 4.368670 1
3.086691 4.360928 1
3.178654 4.262046 1
2.444946 5.828526 1
4.328856 4.652014 1
4.216404 4.703088 1
2.717163 4.844965 1
3.160703 4.445453 1
3.251264 5.385256 1
3.381427 5.371530 1
3.278691 5.499142 1
3.398920 4.532316 1
3.077367 4.789127 1
1.180613 4.103860 1
0.672693 3.611420 1
1.768899 4.404296 1
1.243384 4.290224 1
1.632814 5.711406 1
3.409681 5.515831 1
3.649375 4.834450 1
1.065321 5.294051 1
4.421032 4.682944 1
1.171018 5.288370 1
3.166606 4.677914 1
4.836103 4.272596 1
2.986669 5.144243 1
2.670653 4.094378 2
0.661354 5.299221 1
0.000000 4.305555 0
0.107323 4.186213 1
2.200501 5.493474 1
2.304739 5.460426 1
0.000000 3.888889 0
0.849335 6.431480 1
0.214986 3.612837 1
2.768164 4.308964 1
1.032397 4.539159 1
1.762124 5.277796 1
1.837731 5.358323 1
2.089673 5.470119 1
0.831033 6.551325 1
0.000000 5.000000 0
0.000000 4.861111 0
0.121741 4.909756 1
0.920518 4.531152 1
0.000000 4.722222 0
0.000000 4.583333 0
0.119825 4.672441 1
2.327956 5.344021 1
0.605128 6.093863 1
2.208205 6.496840 1
1.164663 6.531327 1
0.414330 4.068227 1
1.860227 6.496627 1
3.905245 3.963724 2
3.856679 4.061239 1
2.438673 5.348428 1
2.771141 5.990453 1
2.741679 5.866411 1
2.704592 5.756721 1
3.698494 4.373678 1
3.808077 4.401528 1
3.818960 4.513000 1
3.875270 4.965647 1
4.314944 5.007007 1
4.449084 4.999966 2
3.090335 6.712043 2
0.808822 3.631481 1
0.081024 4.368888 1
0.138369 5.285372 1
1.845996 4.885234 1
0.862778 6.878037 2
2.974607 6.528362 1
2.506077 5.152360 1
0.352246 6.389323 1
3.296501 4.470175 1
0.000000 5.138889 0
0.085142 5.194705 1
4.620383 4.846562 2
0.000000 4.166667 0
0.114363 6.303110 1
2.870167 6.466660 1
0.215323 6.379928 1
0.286639 6.485198 1
0.145565 6.498655 1
0.000000 6.527778 0
0.101550 6.405153 1
0.201777 6.955204 1
0.241448 6.843279 1
3.510435 5.292639 1
4.633486 4.354214 1
1.494057 3.828117 2
3.338020 5.587583 1
1.147493 5.921739 1
3.624146 4.951439 1
1.866666 4.740505 1
4.042265 4.458383 1
3.921630 4.489553 1
3.952791 4.375410 1
1.598852 5.928372 1
1.519705 4.078920 1
1.541506 3.965039 1
4.522327 3.976162 2
4.491944 4.086090 1
4.394097 4.005012 2
0.000000 6.388889 0
4.097208 3.997294 2
3.770090 3.992099 2
3.050842 3.962158 1
2.274977 5.033824 1
0.569405 4.688503 1
0.657364 4.762203 1
1.424073 4.634500 1
1.708726 5.785487 1
1.401960 4.827195 1
0.220797 6.099459 1
2.359648 5.921749 1
3.062189 4.222247 1
2.021545 6.303704 1
0.217860 6.270355 1
0.646802 4.323534 1
0.770799 4.381408 1
0.571542 3.574226 1
0.519351 6.007927 1
1.226046 6.755610 1
1.364042 6.804653 2
0.630688 7.118028 2
4.021440 5.155866 1
0.253715 4.248518 1
1.071071 6.610753 1
1.128930 6.714970 1
3.713630 5.288313 1
0.000000 5.277778 0
3.834062 4.861106 1
2.676126 6.621308 1
2.618056 6.741405 2
4.844534 4.120267 2
2.266949 5.578924 1
4.067450 4.328677 1
0.532266 7.220194 2
1.431660 3.914780 1
0.457483 4.687528 1
2.043949 5.901158 1
4.746282 4.023415 2
4.695701 4.120321 1
4.615785 4.052131 2
0.084081 6.578643 1
0.898227 3.693818 1
2.613141 6.119974 1
0.738157 4.849654 1
0.000000 4.027778 0
4.751874 4.209885 1
0.546788 5.903909 1
0.424369 5.926633 1
0.817296 3.350409 2
2.885120 5.567744 1
2.275002 6.571133 1
2.269654 6.706133 2
0.000000 5.833333 0
0.967439 4.006477 1
3.075473 6.590240 2
0.876311 3.995480 1
1.236438 6.883706 2
1.632625 4.071932 1
4.296638 4.351752 1
0.935367 6.645044 1
1.980952 4.739970 1
1.847712 4.590309 1
2.861234 5.904022 1
0.418895 6.471860 1
0.397058 4.783470 1
0.282452 4.796529 1
4.189581 4.291617 1
2.606400 5.743266 1
1.516116 4.814785 1
3.252874 4.200253 1
0.239060 4.693612 1
4.747875 4.543130 1
3.243331 5.637528 1
2.401201 4.527609 1
0.403314 4.311971 1
0.489652 4.263585 1
0.537349 4.347873 1
2.755666 5.402276 1
4.970822 4.493345 2
3.371267 4.340522 1
3.422117 4.438757 1
0.352589 4.204545 1
4.838349 4.462823 1
1.940171 4.651053 1
0.000000 6.944445 0
2.874966 5.450286 1
0.078739 4.791667 1
0.183726 4.791667 1
0.093535 6.987447 1
4.555874 4.268365 1
0.460118 4.163203 1
0.866498 5.386453 1
3.279840 4.277283 1
0.749340 4.281882 1
3.416794 3.773523 2
4.723359 4.428094 1
4.189739 3.956672 2
0.075243 5.763889 1
4.867213 4.558381 2
1.602232 3.849742 2
0.581823 4.228570 1
2.138969 6.287920 1
4.396034 4.419438 1
1.944062 6.806640 2
1.824299 6.803420 2
1.888285 6.699817 1
1.765391 6.700409 1
4.810153 4.375240 1
0.833953 4.316689 1
0.575413 6.917888 1
0.689004 4.960452 1
0.320373 5.961413 1
0.236595 4.883244 1
0.243322 5.873458 1
1.823849 6.603411 1
1.556930 5.627866 1
1.164038 5.815179 1
3.170548 6.517179 2
1.716988 6.784972 2
1.644509 6.699808 2
0.076489 3.962608 1
4.655750 4.229373 1
4.732930 4.312341 1
4.589895 4.154187 1
1.654394 5.613462 1
2.733116 6.724302 2
0.633783 5.986217 1
1.542193 6.684094 2
1.962033 6.206042 1
2.991431 3.677116 2
3.114750 3.650118 2
 0 1 2
 1 3 2
 4 5 6
 7 8 9
 10 11 12
 11 13 12
 14 15 16
 17 18 19
 20 8 7
 21 10 22
 23 18 17
 24 21 22
 25 26 27
 28 29 30
 26 31 27
 29 32 30
 33 34 35
 36 37 38
 16 15 39
 38 37 40
 41 42 43
 35 34 44
 42 45 43
 46 47 48
 48 47 49
 50 51 52
 50 52 53
 3 54 55
 56 57 58
 59 60 61
 59 30 60
 62 63 64
 65 66 67
 68 69 8
 70 71 72
 73 14 16
 74 75 76
 77 76 75
 78 79 80
 81 80 79
 82 83 84
 85 86 87
 88 89 90
 91 92 93
 94 95 96
 97 98 99
 100 101 102
 20 92 91
 103 104 105
 106 107 108
 109 108 107
 110 111 112
 3 55 2
 113 114 115
 113 115 116
 117 118 119
 120 121 122
 123 111 110
 99 98 124
 125 126 127
 128 57 56
 117 119 129
 130 131 132
 133 134 135
 85 87 136
 137 138 139
 140 19 18
 141 84 96
 142 143 144
 145 144 143
 146 147 148
 149 64 63
 41 43 22
 150 151 152
 153 138 154
 68 155 69
 65 67 156
 157 158 159
 160 72 71
 161 162 163
 164 165 166
 167 130 132
 154 138 137
 168 169 170
 171 172 173
 170 169 174
 32 22 12
 133 175 134
 176 177 178
 179 158 157
 22 10 12
 180 181 182
 77 183 184
 185 120 122
 186 187 188
 60 188 187
 189 127 190
 191 190 127
 192 148 147
 88 90 193
 194 195 196
 0 197 198
 199 200 201
 22 43 202
 203 9 204
 168 205 206
 207 84 83
 198 197 208
 209 157 126
 210 211 212
 213 214 211
 149 144 215
 216 217 218
 219 218 217
 189 220 127
 125 127 220
 221 139 138
 77 184 222
 223 224 225
 226 225 224
 125 227 126
 209 126 227
 228 64 229
 11 21 230
 180 182 231
 232 233 69
 104 234 105
 221 235 139
 137 139 236
 160 71 237
 229 64 238
 239 240 241
 176 201 200
 242 90 89
 243 244 245
 246 247 248
 73 16 249
 109 250 251
 252 253 254
 255 205 256
 257 256 205
 258 259 260
 246 248 261
 146 262 147
 113 263 264
 265 264 263
 266 190 152
 267 268 269
 270 271 240
 272 240 271
 11 10 21
 273 274 275
 190 276 152
 277 278 279
 280 281 282
 283 282 281
 125 220 284
 31 93 92
 285 286 287
 160 237 288
 164 289 165
 3 290 291
 128 292 289
 145 215 144
 293 294 295
 82 84 296
 297 298 299
 300 301 302
 303 290 158
 73 304 14
 3 291 54
 293 295 305
 213 211 306
 277 279 224
 226 224 279
 307 308 309
 310 163 311
 11 312 13
 232 69 155
 313 289 292
 314 315 279
 216 316 317
 258 318 259
 319 320 321
 319 322 320
 323 147 262
 324 325 326
 327 328 329
 330 102 101
 23 331 18
 329 328 332
 333 334 335
 336 130 337
 338 337 130
 199 339 200
 176 200 177
 340 177 200
 208 341 198
 268 342 269
 343 344 345
 39 346 16
 77 347 183
 348 349 350
 160 351 352
 353 354 355
 260 356 258
 80 356 260
 353 357 358
 168 170 205
 307 309 359
 360 361 362
 363 362 361
 364 365 366
 255 206 205
 161 367 162
 221 299 298
 368 369 316
 333 370 334
 349 371 350
 70 372 71
 363 361 373
 171 374 172
 375 376 377
 378 377 376
 379 54 114
 115 114 54
 380 316 369
 353 355 381
 67 66 382
 226 304 383
 160 288 351
 62 384 63
 385 386 387
 388 389 233
 361 390 373
 314 279 278
 106 254 391
 392 393 394
 395 302 301
 88 193 396
 397 398 399
 274 357 275
 378 376 400
 210 401 211
 402 111 403
 109 107 335
 333 335 107
 404 405 201
 203 406 92
 73 383 304
 100 102 155
 240 407 241
 230 21 408
 385 409 386
 410 411 412
 252 254 413
 106 414 254
 180 415 416
 141 96 417
 418 419 420
 194 220 195
 226 279 421
 81 422 80
 423 424 19
 418 420 425
 19 424 17
 426 193 90
 88 300 302
 174 420 427
 216 218 316
 211 428 212
 429 198 341
 257 430 431
 432 431 430
 70 72 433
 70 83 434
 109 251 435
 436 424 369
 429 437 198
 438 198 437
 439 440 441
 442 441 440
 239 443 444
 445 446 447
 358 357 448
 449 51 450
 50 450 51
 140 451 19
 452 453 285
 454 453 452
 50 53 455
 456 455 53
 423 369 424
 457 458 459
 460 459 458
 70 434 372
 385 225 383
 226 383 225
 364 461 365
 142 462 143
 364 463 461
 280 464 177
 365 465 366
 445 447 271
 70 466 83
 142 274 462
 273 462 274
 203 467 406
 230 408 405
 150 468 151
 37 469 470
 471 344 343
 266 152 151
 472 473 474
 77 75 475
 211 214 476
 174 169 420
 37 36 469
 477 361 251
 478 479 480
 426 481 193
 482 193 481
 149 63 144
 233 389 69
 223 483 224
 277 224 483
 484 485 486
 164 166 487
 125 284 488
 20 489 8
 68 8 489
 246 382 66
 239 444 490
 60 187 61
 213 306 263
 491 236 244
 432 393 431
 392 431 393
 280 177 492
 243 493 244
 491 244 493
 192 147 494
 78 222 79
 495 496 497
 336 398 131
 397 131 398
 145 143 498
 499 344 471
 31 26 93
 500 501 502
 180 416 503
 479 504 480
 70 433 466
 482 505 193
 397 132 131
 506 507 508
 94 96 509
 510 511 512
 454 513 514
 180 515 415
 418 233 419
 192 494 48
 516 514 513
 167 475 517
 85 503 518
 442 519 520
 75 517 475
 521 324 522
 73 523 383
 524 260 259
 525 495 497
 526 58 57
 20 7 92
 98 527 124
 528 87 86
 176 178 404
 529 530 158
 290 529 158
 531 357 274
 327 532 328
 533 534 347
 530 159 158
 442 440 519
 457 459 535
 536 259 318
 310 537 163
 538 287 539
 183 40 184
 184 40 37
 161 163 540
 171 173 541
 293 2 55
 272 407 240
 185 542 120
 543 544 501
 545 546 547
 402 403 548
 549 550 551
 552 551 550
 553 202 43
 554 555 556
 524 557 558
 74 559 75
 180 503 560
 534 561 347
 562 563 261
 263 306 564
 32 565 30
 566 567 568
 531 274 569
 203 204 455
 180 560 181
 472 570 473
 566 568 18
 41 22 29
 32 29 22
 571 572 573
 103 573 572
 574 562 261
 543 501 575
 500 575 501
 477 250 56
 266 296 576
 24 408 21
 577 412 411
 578 162 367
 418 288 579
 580 579 288
 179 157 514
 270 581 582
 153 583 584
 319 585 586
 3 587 290
 323 588 589
 590 512 511
 252 465 253
 580 288 237
 591 241 592
 593 594 317
 216 317 594
 472 133 595
 270 596 581
 23 559 331
 340 492 177
 78 76 222
 545 597 546
 232 419 233
 203 92 7
 477 390 361
 561 598 347
 383 523 409
 599 253 365
 485 600 486
 296 601 576
 379 55 54
 602 603 235
 208 546 597
 484 486 381
 186 604 187
 77 475 533
 168 605 169
 606 124 595
 607 608 40
 324 326 522
 609 610 299
 611 299 610
 606 99 124
 142 612 274
 608 38 40
 78 80 558
 96 84 509
 270 240 490
 239 490 240
 163 162 311
 613 614 91
 460 487 166
 49 72 615
 616 546 617
 547 546 616
 285 287 618
 203 7 9
 619 520 79
 460 166 620
 24 22 202
 418 579 233
 566 18 331
 8 621 9
 577 622 412
 388 233 623
 365 253 465
 528 624 358
 625 358 624
 167 517 130
 398 626 399
 627 628 434
 472 175 133
 629 630 631
 5 632 6
 303 291 290
 142 63 612
 633 612 63
 489 20 91
 614 489 91
 380 634 316
 317 316 634
 635 120 636
 232 427 419
 420 419 427
 98 166 165
 637 638 231
 536 231 638
 639 640 641
 98 97 166
 242 89 642
 643 642 89
 613 91 93
 46 494 644
 141 296 84
 67 645 646
 426 646 645
 243 647 648
 248 497 496
 243 648 281
 194 284 220
 303 158 649
 85 136 503
 141 417 650
 599 365 461
 141 601 296
 73 249 651
 314 278 652
 653 652 278
 571 398 654
 655 656 629
 657 629 656
 609 584 583
 402 112 111
 538 366 465
 658 659 660
 24 202 661
 662 59 61
 104 662 61
 310 444 443
 142 144 63
 611 663 322
 59 572 664
 524 558 260
 100 665 101
 62 101 665
 666 393 667
 668 484 381
 0 2 669
 410 412 670
 671 672 673
 146 148 483
 277 483 148
 323 644 494
 77 533 347
 320 649 674
 675 664 572
 336 676 398
 100 660 659
 473 677 474
 678 651 249
 8 389 621
 545 510 512
 196 650 417
 85 518 679
 269 342 680
 681 403 111
 571 626 398
 682 556 555
 31 92 406
 146 632 262
 663 683 322
 262 632 5
 323 262 588
 442 469 441
 449 237 71
 684 568 567
 685 349 686
 348 686 349
 126 687 127
 265 594 688
 593 688 594
 524 259 689
 689 690 613
 259 690 689
 691 692 693
 436 369 694
 531 569 471
 695 696 479
 115 54 697
 226 421 304
 698 692 691
 699 700 701
 361 702 251
 297 299 703
 192 48 704
 521 705 324
 627 434 706
 323 589 644
 160 707 72
 49 433 72
 524 708 557
 700 709 701
 543 575 547
 643 400 642
 478 570 479
 695 479 570
 429 341 152
 150 152 341
 526 245 710
 613 638 614
 545 547 510
 695 527 696
 637 182 711
 658 711 182
 472 712 570
 68 489 713
 360 362 714
 671 673 715
 477 251 250
 113 610 716
 609 716 610
 113 264 114
 209 717 453
 68 713 711
 192 704 110
 140 18 568
 665 718 384
 719 720 394
 721 544 722
 173 172 481
 482 481 172
 449 71 372
 637 614 638
 103 662 104
 332 44 34
 723 678 249
 239 724 443
 395 443 724
 183 347 598
 207 83 466
 368 316 218
 120 542 636
 441 469 631
 725 129 119
 725 119 386
 157 726 514
 62 665 384
 619 222 184
 210 43 45
 418 425 727
 728 729 27
 619 470 520
 499 665 659
 100 659 665
 721 730 544
 395 731 302
 24 661 408
 360 714 586
 602 235 373
 333 107 267
 109 435 108
 345 136 87
 445 518 416
 503 416 518
 732 733 734
 735 169 605
 736 737 738
 739 722 544
 499 471 718
 432 667 393
 552 370 551
 270 444 596
 740 596 444
 368 694 369
 635 741 120
 581 679 518
 655 629 631
 270 490 444
 213 263 716
 106 108 414
 501 544 730
 590 406 467
 561 534 542
 742 631 630
 743 14 304
 599 680 342
 561 542 744
 149 238 64
 740 444 311
 310 311 444
 501 730 502
 140 502 730
 745 551 746
 385 383 409
 593 317 747
 28 664 748
 33 35 399
 635 399 35
 639 641 642
 179 674 649
 426 90 646
 460 647 487
 749 308 750
 637 713 614
 109 751 250
 752 753 250
 243 754 647
 244 236 603
 124 527 712
 755 756 535
 577 411 757
 8 69 389
 223 758 483
 164 57 289
 536 690 259
 666 759 393
 684 27 729
 390 58 710
 633 384 718
 143 462 760
 633 63 384
 49 704 48
 743 304 421
 545 761 597
 477 58 390
 283 281 648
 606 756 99
 376 762 400
 410 763 411
 139 235 603
 272 440 407
 699 476 214
 633 718 471
 189 601 195
 681 352 351
 545 512 761
 293 55 764
 163 537 765
 360 586 766
 698 766 586
 599 342 391
 113 716 263
 698 586 585
 613 93 26
 767 498 768
 606 595 769
 243 245 754
 189 195 220
 719 770 720
 338 17 424
 619 184 470
 37 470 184
 506 508 771
 639 642 762
 499 718 665
 104 772 234
 773 774 775
 482 775 774
 776 777 775
 593 294 764
 778 541 779
 439 592 241
 531 471 343
 100 155 660
 68 660 155
 137 780 700
 340 700 780
 319 714 703
 781 474 677
 782 644 589
 410 234 772
 633 471 569
 353 358 354
 591 724 241
 709 339 783
 423 19 451
 204 9 621
 60 30 565
 200 339 709
 209 227 717
 784 447 446
 242 642 641
 678 129 651
 244 785 245
 786 597 761
 787 788 789
 74 790 557
 749 750 42
 219 42 750
 319 703 322
 320 322 683
 619 79 222
 246 261 563
 791 47 792
 31 406 728
 257 431 256
 392 256 431
 793 794 795
 340 200 709
 242 646 90
 776 796 777
 153 584 138
 549 551 797
 791 466 433
 333 267 798
 287 799 618
 293 800 2
 31 728 27
 611 703 299
 801 802 229
 228 229 802
 580 237 803
 74 557 804
 418 351 288
 580 450 805
 507 556 508
 547 575 510
 368 308 694
 307 694 308
 133 769 595
 33 399 626
 508 806 161
 307 807 694
 808 618 413
 252 413 618
 809 542 534
 810 508 161
 255 811 206
 812 206 811
 767 732 498
 319 321 585
 385 325 813
 578 814 162
 740 162 814
 815 629 816
 657 816 629
 140 730 451
 752 250 751
 640 817 156
 65 156 817
 609 299 584
 221 584 299
 460 818 647
 113 116 610
 392 394 819
 173 779 541
 72 707 615
 204 621 805
 81 79 520
 737 666 667
 250 753 56
 742 630 820
 353 381 486
 185 744 542
 820 630 821
 223 225 705
 246 66 247
 164 487 754
 647 754 487
 280 822 281
 208 197 546
 243 281 493
 675 748 664
 279 315 421
 743 421 315
 485 823 600
 526 824 245
 825 826 329
 327 329 826
 801 205 170
 823 760 600
 360 702 361
 80 422 356
 678 117 129
 808 413 693
 385 387 325
 752 335 334
 176 404 201
 439 241 407
 46 48 494
 671 715 827
 313 165 289
 423 828 369
 380 369 828
 103 105 34
 332 34 105
 137 236 780
 491 780 236
 787 829 480
 245 785 710
 65 830 66
 270 582 271
 445 271 582
 643 302 731
 792 47 831
 695 712 527
 627 52 51
 257 205 832
 338 130 833
 145 498 734
 124 712 595
 181 560 344
 834 835 836
 293 764 294
 336 131 130
 482 837 775
 483 758 838
 543 547 616
 796 506 771
 553 661 202
 675 572 839
 265 263 564
 388 805 621
 143 768 498
 266 151 296
 82 296 151
 74 76 790
 174 427 840
 38 656 36
 139 603 236
 770 841 346
 590 728 406
 842 827 715
 191 127 687
 611 116 663
 607 598 744
 843 814 844
 845 4 522
 219 217 846
 199 201 405
 749 309 308
 74 331 559
 209 726 157
 847 328 848
 554 849 555
 128 56 753
 219 750 218
 845 522 326
 192 110 850
 653 850 110
 507 554 556
 65 817 830
 75 559 517
 330 840 427
 254 253 391
 752 789 788
 851 757 411
 561 744 598
 778 382 563
 246 563 382
 277 852 278
 439 441 592
 742 592 441
 815 816 853
 94 854 792
 791 792 854
 59 662 572
 786 53 52
 685 855 349
 732 734 498
 456 761 512
 25 27 567
 272 271 447
 643 856 400
 436 694 807
 208 597 857
 106 268 107
 521 4 758
 6 758 4
 379 264 688
 265 688 264
 786 52 858
 41 29 859
 164 824 57
 28 30 664
 860 765 537
 211 476 428
 23 517 559
 834 827 835
 842 835 827
 323 494 147
 786 857 597
 232 155 102
 566 331 804
 861 862 430
 863 480 829
 67 646 156
 103 572 662
 368 218 864
 115 697 663
 303 663 697
 50 865 450
 413 866 693
 340 780 492
 491 492 780
 342 268 391
 106 391 268
 0 198 1
 438 1 198
 219 846 45
 571 839 572
 78 790 76
 434 628 372
 430 862 867
 140 568 502
 684 502 568
 472 474 175
 868 175 474
 566 804 708
 783 869 701
 428 701 869
 388 621 389
 801 832 205
 580 803 450
 320 674 321
 379 764 55
 28 859 29
 207 509 84
 449 628 51
 402 652 112
 653 112 652
 786 761 53
 531 448 357
 77 222 76
 438 870 529
 752 334 789
 752 751 335
 395 724 731
 737 667 738
 204 865 455
 449 450 803
 871 872 873
 256 871 873
 787 789 829
 345 344 560
 324 813 325
 310 300 537
 503 136 560
 340 709 700
 658 660 711
 216 874 217
 875 673 672
 825 105 234
 203 455 467
 456 467 455
 766 691 876
 593 764 688
 216 594 874
 123 110 704
 611 610 116
 877 435 251
 277 148 852
 50 455 865
 39 394 720
 368 864 308
 348 795 794
 283 818 458
 393 759 394
 719 394 759
 432 738 667
 482 172 837
 739 295 294
 398 676 654
 163 765 540
 39 819 394
 627 51 628
 482 774 505
 333 798 746
 209 453 726
 392 878 871
 860 300 396
 88 396 300
 392 819 878
 454 726 453
 875 879 673
 599 391 253
 273 486 600
 191 276 190
 269 798 267
 643 731 856
 137 700 154
 699 154 700
 255 256 873
 115 663 116
 786 858 880
 81 520 519
 49 615 704
 80 260 558
 881 171 541
 851 411 763
 128 753 788
 551 370 746
 882 217 874
 863 349 855
 877 251 702
 543 305 295
 128 289 57
 877 766 876
 265 874 594
 438 437 870
 784 422 447
 272 447 422
 392 871 256
 530 687 159
 552 334 370
 68 711 660
 590 511 728
 500 728 511
 549 350 371
 189 190 576
 733 883 734
 884 734 883
 360 766 702
 877 702 766
 189 576 601
 843 844 624
 153 154 214
 699 214 154
 736 738 883
 884 883 738
 562 885 563
 429 152 276
 725 386 409
 375 377 853
 815 853 377
 581 518 582
 283 648 818
 685 686 886
 552 789 334
 872 878 887
 743 887 878
 658 182 888
 181 888 182
 530 870 687
 787 292 788
 109 335 751
 872 871 878
 308 864 750
 478 480 855
 863 855 480
 39 878 819
 526 710 58
 477 56 58
 889 414 876
 108 876 414
 285 618 452
 808 452 618
 39 15 878
 743 878 15
 868 134 175
 725 651 129
 150 858 468
 627 468 858
 208 857 341
 740 311 162
 552 829 789
 500 729 728
 33 573 34
 755 459 620
 562 881 885
 637 231 182
 192 850 148
 314 890 811
 293 305 800
 327 826 532
 599 891 680
 272 519 440
 330 427 102
 232 102 427
 126 157 159
 725 523 651
 73 651 523
 385 813 225
 781 892 474
 868 474 892
 314 652 890
 442 470 469
 882 564 306
 103 34 573
 627 706 468
 107 268 267
 543 616 305
 252 618 799
 442 520 470
 549 893 350
 123 707 352
 591 592 820
 742 820 592
 303 683 663
 313 696 165
 128 788 292
 41 859 42
 199 408 661
 500 502 729
 613 26 689
 557 708 804
 602 390 710
 130 517 833
 521 758 705
 223 705 758
 543 295 544
 332 328 44
 146 838 632
 787 480 504
 355 555 894
 849 894 555
 179 649 158
 847 44 328
 552 550 829
 863 829 550
 150 341 880
 875 895 879
 180 231 515
 809 636 542
 685 886 677
 675 359 309
 773 775 777
 860 537 300
 94 792 896
 314 897 315
 310 301 300
 538 799 287
 397 399 898
 635 898 399
 812 811 890
 783 701 709
 516 674 514
 528 448 87
 531 87 448
 272 422 519
 81 519 422
 221 298 235
 363 235 298
 478 899 570
 602 373 390
 314 811 897
 255 873 811
 900 901 902
 903 902 901
 655 469 36
 257 832 430
 653 110 112
 528 358 448
 617 546 197
 82 151 468
 601 650 195
 141 650 601
 721 451 730
 904 715 673
 749 42 859
 315 897 887
 402 905 652
 266 576 190
 221 138 584
 900 902 122
 776 775 837
 213 716 583
 379 688 764
 78 558 790
 557 790 558
 863 371 349
 88 302 89
 643 89 302
 755 535 459
 770 346 720
 6 632 838
 174 802 170
 717 286 453
 439 407 440
 242 906 646
 743 315 887
 432 867 738
 884 738 867
 625 354 358
 473 570 899
 755 97 99
 59 664 30
 330 101 907
 62 907 101
 808 692 513
 500 510 575
 682 908 367
 755 620 97
 456 53 761
 23 833 517
 345 560 136
 428 869 212
 553 212 869
 739 544 295
 872 887 897
 145 734 909
 884 909 734
 123 352 111
 516 321 674
 784 356 422
 353 486 275
 185 122 902
 591 820 856
 378 856 820
 273 275 486
 642 400 762
 617 800 616
 305 616 800
 861 832 229
 778 563 885
 94 509 854
 207 854 509
 313 504 479
 796 771 777
 204 805 865
 499 888 344
 181 344 888
 530 529 870
 815 630 629
 521 522 4
 653 278 852
 721 722 828
 380 828 722
 682 555 910
 355 910 555
 185 902 911
 609 583 716
 647 818 648
 273 760 462
 682 367 806
 742 441 631
 313 479 696
 374 776 837
 297 703 714
 516 692 585
 698 585 692
 418 727 351
 524 689 912
 191 437 276
 378 400 856
 210 846 401
 801 229 832
 179 514 674
 94 896 95
 666 719 759
 808 693 692
 265 564 874
 823 767 768
 415 318 913
 363 373 235
 578 844 814
 239 241 724
 823 768 760
 297 362 298
 363 298 362
 219 45 42
 825 329 105
 332 105 329
 273 600 760
 307 676 807
 280 282 464
 307 359 654
 783 339 661
 199 661 339
 491 822 492
 847 848 121
 445 582 518
 571 573 626
 460 620 459
 721 828 451
 423 451 828
 536 515 231
 861 430 832
 882 846 217
 685 677 899
 473 899 677
 146 483 838
 333 746 370
 808 513 452
 379 114 264
 297 714 362
 210 212 43
 553 43 212
 495 574 496
 98 165 696
 199 405 408
 773 765 774
 733 736 883
 353 275 357
 449 372 628
 185 911 744
 782 896 792
 74 804 331
 186 914 604
 655 631 469
 735 605 548
 812 548 605
 695 570 712
 25 689 26
 849 668 894
 524 912 708
 903 915 916
 143 760 768
 637 711 713
 841 723 917
 125 488 227
 717 227 488
 191 870 437
 889 876 691
 516 585 321
 434 83 706
 82 706 83
 174 840 802
 228 802 840
 614 713 489
 120 741 121
 847 121 741
 684 729 502
 245 824 754
 516 513 692
 500 511 510
 98 696 527
 528 86 624
 843 624 86
 161 540 810
 781 918 919
 580 805 623
 460 458 818
 815 377 821
 378 821 377
 591 731 724
 611 322 703
 54 291 697
 781 886 918
 454 514 726
 153 214 583
 213 583 214
 160 352 707
 450 865 805
 920 886 686
 627 858 52
 903 901 915
 847 35 44
 82 468 706
 566 708 921
 233 579 623
 463 891 461
 685 899 855
 571 359 839
 861 215 862
 783 661 869
 681 351 727
 749 748 309
 811 873 897
 872 897 873
 633 569 612
 280 492 822
 432 430 867
 743 15 14
 847 741 35
 635 35 741
 739 634 722
 863 550 371
 791 433 47
 49 47 433
 225 813 705
 531 343 87
 166 97 620
 378 820 821
 602 710 785
 330 907 840
 228 840 907
 307 654 676
 33 626 573
 553 869 661
 148 850 852
 16 346 917
 841 917 346
 348 350 795
 861 229 238
 625 908 910
 591 856 731
 698 691 766
 196 195 650
 920 686 794
 725 409 523
 355 894 381
 668 381 894
 617 197 669
 274 612 569
 449 803 237
 860 774 765
 210 45 846
 755 99 756
 415 515 318
 675 309 748
 739 294 747
 593 747 294
 739 747 634
 773 777 771
 412 622 922
 62 64 907
 228 907 64
 549 371 550
 571 654 359
 682 910 908
 860 505 774
 749 859 748
 549 797 893
 613 690 638
 607 40 598
 675 839 359
 773 540 765
 410 670 234
 454 452 513
 809 132 898
 207 466 854
 782 792 831
 341 857 880
 145 909 215
 904 673 879
 28 748 859
 773 771 810
 25 912 689
 778 779 645
 258 913 318
 285 453 286
 752 788 753
 778 645 382
 67 382 645
 472 595 712
 625 910 354
 39 720 346
 388 623 805
 861 238 215
 319 586 714
 781 677 886
 681 727 403
 735 403 727
 491 493 822
 374 837 172
 104 61 772
 773 810 540
 46 831 47
 355 354 910
 882 874 564
 508 556 806
 682 806 556
 607 911 608
 149 215 238
 526 57 824
 580 623 579
 903 608 911
 108 435 876
 877 876 435
 348 794 686
 889 693 866
 791 854 466
 536 638 690
 508 810 771
 187 763 772
 410 772 763
 904 892 919
 781 919 892
 903 916 608
 38 608 916
 168 206 605
 812 605 206
 581 596 923
 740 923 596
 681 111 352
 254 866 413
 778 885 541
 345 87 343
 429 276 437
 735 727 425
 478 855 899
 903 911 902
 574 261 496
 745 746 798
 6 838 758
 324 705 813
 590 467 512
 456 512 467
 402 548 905
 868 895 134
 812 905 548
 655 36 656
 499 659 888
 658 888 659
 164 754 824
 825 234 670
 38 916 924
 46 644 831
 782 831 644
 397 898 132
 0 669 197
 183 598 40
 13 188 565
 60 565 188
 735 548 403
 920 794 836
 126 159 687
 889 691 693
 825 922 826
 173 481 779
 426 779 481
 248 496 261
 123 704 615
 809 898 636
 684 567 27
 187 772 61
 881 541 885
 786 880 857
 784 913 356
 258 356 913
 290 587 529
 889 866 414
 254 414 866
 438 587 1
 735 425 169
 578 367 908
 215 909 862
 842 918 835
 920 835 918
 281 822 493
 38 924 656
 186 188 312
 13 312 188
 123 615 707
 787 504 292
 313 292 504
 420 169 425
 657 656 924
 167 925 475
 533 475 925
 438 529 587
 607 744 911
 310 443 301
 395 301 443
 336 807 676
 920 836 835
 640 906 641
 242 641 906
 16 917 249
 723 249 917
 218 750 864
 882 401 846
 445 416 446
 415 446 416
 566 921 567
 25 567 921
 599 461 891
 882 306 401
 860 396 505
 193 505 396
 926 366 539
 538 539 366
 640 156 906
 646 906 156
 536 318 515
 320 683 649
 303 649 683
 904 919 715
 842 715 919
 793 836 794
 801 170 802
 436 337 424
 191 687 870
 150 880 858
 884 867 862
 625 844 908
 578 908 844
 851 604 914
 161 806 367
 635 636 898
 581 923 679
 843 679 923
 380 722 634
 815 821 630
 825 670 922
 625 624 844
 809 925 132
 167 132 925
 904 879 892
 868 892 879
 926 927 366
 868 879 895
 843 923 814
 740 814 923
 303 697 291
 364 366 927
 652 905 890
 812 890 905
 211 401 306
 428 476 701
 699 701 476
 920 918 886
 602 785 603
 244 603 785
 809 534 925
 533 925 534
 842 919 918
 708 912 921
 843 86 679
 85 679 86
 3 1 587
 784 446 913
 415 913 446
 426 645 779
 187 604 763
 851 763 604
 317 634 747
 653 852 850
 13 565 12
 32 12 565
 412 922 670
 2 800 669
 617 669 800
 133 135 769
 436 807 337
 336 337 807
 23 17 833
 338 833 17
 252 799 465
 538 465 799
 884 862 909
 338 424 337
 25 921 912
 28
 375 639 657 577 900 248 640 376 497 328 66 247 848 816 916 853 122 901 826 915 817 762 121 622 924 922 532 830
 0
 26
 875 606 186 11 577 283 851 457 230 404 177 672 282 405 458 757 756 535 914 895 178 312 134 464 769 135
 0
 0
 0
 28
 5 364 194 782 926 96 196 845 463 262 717 589 326 387 287 119 284 417 386 95 588 488 896 4 927 286 539 325
 17
 834 269 671 745 793 463 551 672 893 827 798 350 680 795 891 836 797
