0.009901 0.257426 0.002565
0.019802 0.257426 0.005091
0.029703 0.257426 0.007578
0.039604 0.257426 0.010025
0.049505 0.257426 0.012430
0.059406 0.257426 0.014793
0.069307 0.257426 0.017113
0.079208 0.257426 0.019389
0.089109 0.257426 0.021620
0.099010 0.257426 0.023806
0.108911 0.257426 0.025946
0.118812 0.257426 0.028038
0.128713 0.257426 0.030083
0.138614 0.257426 0.032080
0.148515 0.257426 0.034027
0.158416 0.257426 0.035926
0.168317 0.257426 0.037774
0.178218 0.257426 0.039572
0.188119 0.257426 0.041320
0.198020 0.257426 0.043016
0.207921 0.257426 0.044660
0.217822 0.257426 0.046253
0.227723 0.257426 0.047793
0.237624 0.257426 0.049281
0.247525 0.257426 0.050715
0.257426 0.257426 0.052097
0.267327 0.257426 0.053425
0.277228 0.257426 0.054699
0.287129 0.257426 0.055919
0.297030 0.257426 0.057085
0.306931 0.257426 0.058197
0.316832 0.257426 0.059254
0.326733 0.257426 0.060256
0.336634 0.257426 0.061204
0.346535 0.257426 0.062096
0.356436 0.257426 0.062934
0.366337 0.257426 0.063716
0.376238 0.257426 0.064442
0.386139 0.257426 0.065114
0.396040 0.257426 0.065729
0.405941 0.257426 0.066289
0.415842 0.257426 0.066793
0.425743 0.257426 0.067242
0.435644 0.257426 0.067634
0.445545 0.257426 0.067971
0.455446 0.257426 0.068251
0.465347 0.257426 0.068476
0.475248 0.257426 0.068644
0.485149 0.257426 0.068756
0.495050 0.257426 0.068812
0.504950 0.257426 0.068812
0.514851 0.257426 0.068756
0.524752 0.257426 0.068644
0.534653 0.257426 0.068476
0.544554 0.257426 0.068251
0.554455 0.257426 0.067971
0.564356 0.257426 0.067634
0.574257 0.257426 0.067242
0.584158 0.257426 0.066793
0.594059 0.257426 0.066289
0.603960 0.257426 0.065729
0.613861 0.257426 0.065114
0.623762 0.257426 0.064442
0.633663 0.257426 0.063716
0.643564 0.257426 0.062934
0.653465 0.257426 0.062096
0.663366 0.257426 0.061204
0.673267 0.257426 0.060256
0.683168 0.257426 0.059254
0.693069 0.257426 0.058197
0.702970 0.257426 0.057085
0.712871 0.257426 0.055919
0.722772 0.257426 0.054699
0.732673 0.257426 0.053425
0.742574 0.257426 0.052097
0.752475 0.257426 0.050715
0.762376 0.257426 0.049281
0.772277 0.257426 0.047793
0.782178 0.257426 0.046253
0.792079 0.257426 0.044660
0.801980 0.257426 0.043016
0.811881 0.257426 0.041320
0.821782 0.257426 0.039572
0.831683 0.257426 0.037774
0.841584 0.257426 0.035926
0.851485 0.257426 0.034027
0.861386 0.257426 0.032080
0.871287 0.257426 0.030083
0.881188 0.257426 0.028038
0.891089 0.257426 0.025946
0.900990 0.257426 0.023806
0.910891 0.257426 0.021620
0.920792 0.257426 0.019389
0.930693 0.257426 0.017113
0.940594 0.257426 0.014793
0.950495 0.257426 0.012430
0.960396 0.257426 0.010025
0.970297 0.257426 0.007578
0.980198 0.257426 0.005091
0.990099 0.257426 0.002565
0.009901 0.267327 0.002645
0.019802 0.267327 0.005251
0.029703 0.267327 0.007817
0.039604 0.267327 0.010340
0.049505 0.267327 0.012822
0.059406 0.267327 0.015259
0.069307 0.267327 0.017653
0.079208 0.267327 0.020001
0.089109 0.267327 0.022303
0.099010 0.267327 0.024558
0.108911 0.267327 0.026765
0.118812 0.267327 0.028923
0.128713 0.267327 0.031032
0.138614 0.267327 0.033092
0.148515 0.267327 0.035101
0.158416 0.267327 0.037059
0.168317 0.267327 0.038966
0.178218 0.267327 0.040820
0.188119 0.267327 0.042622
0.198020 0.267327 0.044371
0.207921 0.267327 0.046067
0.217822 0.267327 0.047709
0.227723 0.267327 0.049297
0.237624 0.267327 0.050831
0.247525 0.267327 0.052310
0.257426 0.267327 0.053734
0.267327 0.267327 0.055103
0.277228 0.267327 0.056417
0.287129 0.267327 0.057675
0.297030 0.267327 0.058877
0.306931 0.267327 0.060023
0.316832 0.267327 0.061112
0.326733 0.267327 0.062146
0.336634 0.267327 0.063122
0.346535 0.267327 0.064042
0.356436 0.267327 0.064906
0.366337 0.267327 0.065712
0.376238 0.267327 0.066461
0.386139 0.267327 0.067153
0.396040 0.267327 0.067787
0.405941 0.267327 0.068364
0.415842 0.267327 0.068884
0.425743 0.267327 0.069346
0.435644 0.267327 0.069751
0.445545 0.267327 0.070097
0.455446 0.267327 0.070386
0.465347 0.267327 0.070618
0.475248 0.267327 0.070791
0.485149 0.267327 0.070907
0.495050 0.267327 0.070965
0.504950 0.267327 0.070965
0.514851 0.267327 0.070907
0.524752 0.267327 0.070791
0.534653 0.267327 0.070618
0.544554 0.267327 0.070386
0.554455 0.267327 0.070097
0.564356 0.267327 0.069751
0.574257 0.267327 0.069346
0.584158 0.267327 0.068884
0.594059 0.267327 0.068364
0.603960 0.267327 0.067787
0.613861 0.267327 0.067153
0.623762 0.267327 0.066461
0.633663 0.267327 0.065712
0.643564 0.267327 0.064906
0.653465 0.267327 0.064042
0.663366 0.267327 0.063122
0.673267 0.267327 0.062146
0.683168 0.267327 0.061112
0.693069 0.267327 0.060023
0.702970 0.267327 0.058877
0.712871 0.267327 0.057675
0.722772 0.267327 0.056417
0.732673 0.267327 0.055103
0.742574 0.267327 0.053734
0.752475 0.267327 0.052310
0.762376 0.267327 0.050831
0.772277 0.267327 0.049297
0.782178 0.267327 0.047709
0.792079 0.267327 0.046067
0.801980 0.267327 0.044371
0.811881 0.267327 0.042622
0.821782 0.267327 0.040820
0.831683 0.267327 0.038966
0.841584 0.267327 0.037059
0.851485 0.267327 0.035101
0.861386 0.267327 0.033092
0.871287 0.267327 0.031032
0.881188 0.267327 0.028923
0.891089 0.267327 0.026765
0.900990 0.267327 0.024558
0.910891 0.267327 0.022303
0.920792 0.267327 0.020001
0.930693 0.267327 0.017653
0.940594 0.267327 0.015259
0.950495 0.267327 0.012822
0.960396 0.267327 0.010340
0.970297 0.267327 0.007817
0.980198 0.267327 0.005251
0.990099 0.267327 0.002645
0.009901 0.277228 0.002725
0.019802 0.277228 0.005409
0.029703 0.277228 0.008052
0.039604 0.277228 0.010653
0.049505 0.277228 0.013209
0.059406 0.277228 0.015721
0.069307 0.277228 0.018187
0.079208 0.277228 0.020606
0.089109 0.277228 0.022978
0.099010 0.277228 0.025301
0.108911 0.277228 0.027575
0.118812 0.277228 0.029798
0.128713 0.277228 0.031971
0.138614 0.277228 0.034093
0.148515 0.277228 0.036162
0.158416 0.277228 0.038179
0.168317 0.277228 0.040143
0.178218 0.277228 0.042053
0.188119 0.277228 0.043909
0.198020 0.277228 0.045710
0.207921 0.277228 0.047456
0.217822 0.277228 0.049147
0.227723 0.277228 0.050783
0.237624 0.277228 0.052362
0.247525 0.277228 0.053885
0.257426 0.277228 0.055351
0.267327 0.277228 0.056761
0.277228 0.277228 0.058113
0.287129 0.277228 0.059408
0.297030 0.277228 0.060645
0.306931 0.277228 0.061825
0.316832 0.277228 0.062947
0.326733 0.277228 0.064010
0.336634 0.277228 0.065016
0.346535 0.277228 0.065963
0.356436 0.277228 0.066851
0.366337 0.277228 0.067681
0.376238 0.277228 0.068452
0.386139 0.277228 0.069164
0.396040 0.277228 0.069817
0.405941 0.277228 0.070411
0.415842 0.277228 0.070946
0.425743 0.277228 0.071422
0.435644 0.277228 0.071838
0.445545 0.277228 0.072195
0.455446 0.277228 0.072492
0.465347 0.277228 0.072730
0.475248 0.277228 0.072909
0.485149 0.277228 0.073028
0.495050 0.277228 0.073088
0.504950 0.277228 0.073088
0.514851 0.277228 0.073028
0.524752 0.277228 0.072909
0.534653 0.277228 0.072730
0.544554 0.277228 0.072492
0.554455 0.277228 0.072195
0.564356 0.277228 0.071838
0.574257 0.277228 0.071422
0.584158 0.277228 0.070946
0.594059 0.277228 0.070411
0.603960 0.277228 0.069817
0.613861 0.277228 0.069164
0.623762 0.277228 0.068452
0.633663 0.277228 0.067681
0.643564 0.277228 0.066851
0.653465 0.277228 0.065963
0.663366 0.277228 0.065016
0.673267 0.277228 0.064010
0.683168 0.277228 0.062947
0.693069 0.277228 0.061825
0.702970 0.277228 0.060645
0.712871 0.277228 0.059408
0.722772 0.277228 0.058113
0.732673 0.277228 0.056761
0.742574 0.277228 0.055351
0.752475 0.277228 0.053885
0.762376 0.277228 0.052362
0.772277 0.277228 0.050783
0.782178 0.277228 0.049147
0.792079 0.277228 0.047456
0.801980 0.277228 0.045710
0.811881 0.277228 0.043909
0.821782 0.277228 0.042053
0.831683 0.277228 0.040143
0.841584 0.277228 0.038179
0.851485 0.277228 0.036162
0.861386 0.277228 0.034093
0.871287 0.277228 0.031971
0.881188 0.277228 0.029798
0.891089 0.277228 0.027575
0.900990 0.277228 0.025301
0.910891 0.277228 0.022978
0.920792 0.277228 0.020606
0.930693 0.277228 0.018187
0.940594 0.277228 0.015721
0.950495 0.277228 0.013209
0.960396 0.277228 0.010653
0.970297 0.277228 0.008052
0.980198 0.277228 0.005409
0.990099 0.277228 0.002725
0.009901 0.287129 0.002804
0.019802 0.287129 0.005566
0.029703 0.287129 0.008286
0.039604 0.287129 0.010962
0.049505 0.287129 0.013593
0.059406 0.287129 0.016178
0.069307 0.287129 0.018716
0.079208 0.287129 0.021205
0.089109 0.287129 0.023646
0.099010 0.287129 0.026037
0.108911 0.287129 0.028377
0.118812 0.287129 0.030665
0.128713 0.287129 0.032901
0.138614 0.287129 0.035083
0.148515 0.287129 0.037213
0.158416 0.287129 0.039287
0.168317 0.287129 0.041307
0.178218 0.287129 0.043272
0.188119 0.287129 0.045181
0.198020 0.287129 0.047034
0.207921 0.287129 0.048830
0.217822 0.287129 0.050569
0.227723 0.287129 0.052250
0.237624 0.287129 0.053874
0.247525 0.287129 0.055440
0.257426 0.287129 0.056948
0.267327 0.287129 0.058397
0.277228 0.287129 0.059788
0.287129 0.287129 0.061119
0.297030 0.287129 0.062391
0.306931 0.287129 0.063604
0.316832 0.287129 0.064757
0.326733 0.287129 0.065851
0.336634 0.287129 0.066884
0.346535 0.287129 0.067858
0.356436 0.287129 0.068771
0.366337 0.287129 0.069624
0.376238 0.287129 0.070417
0.386139 0.287129 0.071149
0.396040 0.287129 0.071820
0.405941 0.287129 0.072430
0.415842 0.287129 0.072980
0.425743 0.287129 0.073469
0.435644 0.287129 0.073897
0.445545 0.287129 0.074264
0.455446 0.287129 0.074570
0.465347 0.287129 0.074815
0.475248 0.287129 0.074998
0.485149 0.287129 0.075121
0.495050 0.287129 0.075182
0.504950 0.287129 0.075182
0.514851 0.287129 0.075121
0.524752 0.287129 0.074998
0.534653 0.287129 0.074815
0.544554 0.287129 0.074570
0.554455 0.287129 0.074264
0.564356 0.287129 0.073897
0.574257 0.287129 0.073469
0.584158 0.287129 0.072980
0.594059 0.287129 0.072430
0.603960 0.287129 0.071820
0.613861 0.287129 0.071149
0.623762 0.287129 0.070417
0.633663 0.287129 0.069624
0.643564 0.287129 0.068771
0.653465 0.287129 0.067858
0.663366 0.287129 0.066884
0.673267 0.287129 0.065851
0.683168 0.287129 0.064757
0.693069 0.287129 0.063604
0.702970 0.287129 0.062391
0.712871 0.287129 0.061119
0.722772 0.287129 0.059788
0.732673 0.287129 0.058397
0.742574 0.287129 0.056948
0.752475 0.287129 0.055440
0.762376 0.287129 0.053874
0.772277 0.287129 0.052250
0.782178 0.287129 0.050569
0.792079 0.287129 0.048830
0.801980 0.287129 0.047034
0.811881 0.287129 0.045181
0.821782 0.287129 0.043272
0.831683 0.287129 0.041307
0.841584 0.287129 0.039287
0.851485 0.287129 0.037213
0.861386 0.287129 0.035083
0.871287 0.287129 0.032901
0.881188 0.287129 0.030665
0.891089 0.287129 0.028377
0.900990 0.287129 0.026037
0.910891 0.287129 0.023646
0.920792 0.287129 0.021205
0.930693 0.287129 0.018716
0.940594 0.287129 0.016178
0.950495 0.287129 0.013593
0.960396 0.287129 0.010962
0.970297 0.287129 0.008286
0.980198 0.287129 0.005566
0.990099 0.287129 0.002804
0.009901 0.297030 0.002882
0.019802 0.297030 0.005721
0.029703 0.297030 0.008517
0.039604 0.297030 0.011268
0.049505 0.297030 0.013973
0.059406 0.297030 0.016631
0.069307 0.297030 0.019240
0.079208 0.297030 0.021799
0.089109 0.297030 0.024308
0.099010 0.297030 0.026766
0.108911 0.297030 0.029171
0.118812 0.297030 0.031523
0.128713 0.297030 0.033821
0.138614 0.297030 0.036064
0.148515 0.297030 0.038252
0.158416 0.297030 0.040384
0.168317 0.297030 0.042459
0.178218 0.297030 0.044478
0.188119 0.297030 0.046439
0.198020 0.297030 0.048343
0.207921 0.297030 0.050188
0.217822 0.297030 0.051974
0.227723 0.297030 0.053701
0.237624 0.297030 0.055369
0.247525 0.297030 0.056978
0.257426 0.297030 0.058526
0.267327 0.297030 0.060014
0.277228 0.297030 0.061442
0.287129 0.297030 0.062809
0.297030 0.297030 0.064116
0.306931 0.297030 0.065361
0.316832 0.297030 0.066545
0.326733 0.297030 0.067668
0.336634 0.297030 0.068729
0.346535 0.297030 0.069728
0.356436 0.297030 0.070666
0.366337 0.297030 0.071542
0.376238 0.297030 0.072356
0.386139 0.297030 0.073107
0.396040 0.297030 0.073796
0.405941 0.297030 0.074423
0.415842 0.297030 0.074988
0.425743 0.297030 0.075490
0.435644 0.297030 0.075929
0.445545 0.297030 0.076306
0.455446 0.297030 0.076620
0.465347 0.297030 0.076871
0.475248 0.297030 0.077059
0.485149 0.297030 0.077185
0.495050 0.297030 0.077248
0.504950 0.297030 0.077248
0.514851 0.297030 0.077185
0.524752 0.297030 0.077059
0.534653 0.297030 0.076871
0.544554 0.297030 0.076620
0.554455 0.297030 0.076306
0.564356 0.297030 0.075929
0.574257 0.297030 0.075490
0.584158 0.297030 0.074988
0.594059 0.297030 0.074423
0.603960 0.297030 0.073796
0.613861 0.297030 0.073107
0.623762 0.297030 0.072356
0.633663 0.297030 0.071542
0.643564 0.297030 0.070666
0.653465 0.297030 0.069728
0.663366 0.297030 0.068729
0.673267 0.297030 0.067668
0.683168 0.297030 0.066545
0.693069 0.297030 0.065361
0.702970 0.297030 0.064116
0.712871 0.297030 0.062809
0.722772 0.297030 0.061442
0.732673 0.297030 0.060014
0.742574 0.297030 0.058526
0.752475 0.297030 0.056978
0.762376 0.297030 0.055369
0.772277 0.297030 0.053701
0.782178 0.297030 0.051974
0.792079 0.297030 0.050188
0.801980 0.297030 0.048343
0.811881 0.297030 0.046439
0.821782 0.297030 0.044478
0.831683 0.297030 0.042459
0.841584 0.297030 0.040384
0.851485 0.297030 0.038252
0.861386 0.297030 0.036064
0.871287 0.297030 0.033821
0.881188 0.297030 0.031523
0.891089 0.297030 0.029171
0.900990 0.297030 0.026766
0.910891 0.297030 0.024308
0.920792 0.297030 0.021799
0.930693 0.297030 0.019240
0.940594 0.297030 0.016631
0.950495 0.297030 0.013973
0.960396 0.297030 0.011268
0.970297 0.297030 0.008517
0.980198 0.297030 0.005721
0.990099 0.297030 0.002882
0.009901 0.306931 0.002959
0.019802 0.306931 0.005875
0.029703 0.306931 0.008747
0.039604 0.306931 0.011572
0.049505 0.306931 0.014351
0.059406 0.306931 0.017080
0.069307 0.306931 0.019760
0.079208 0.306931 0.022389
0.089109 0.306931 0.024965
0.099010 0.306931 0.027489
0.108911 0.306931 0.029958
0.118812 0.306931 0.032373
0.128713 0.306931 0.034732
0.138614 0.306931 0.037035
0.148515 0.306931 0.039281
0.158416 0.306931 0.041470
0.168317 0.306931 0.043600
0.178218 0.306931 0.045672
0.188119 0.306931 0.047685
0.198020 0.306931 0.049638
0.207921 0.306931 0.051531
0.217822 0.306931 0.053364
0.227723 0.306931 0.055136
0.237624 0.306931 0.056847
0.247525 0.306931 0.058497
0.257426 0.306931 0.060086
0.267327 0.306931 0.061612
0.277228 0.306931 0.063077
0.287129 0.306931 0.064479
0.297030 0.306931 0.065819
0.306931 0.306931 0.067097
0.316832 0.306931 0.068311
0.326733 0.306931 0.069462
0.336634 0.306931 0.070551
0.346535 0.306931 0.071576
0.356436 0.306931 0.072537
0.366337 0.306931 0.073435
0.376238 0.306931 0.074270
0.386139 0.306931 0.075041
0.396040 0.306931 0.075747
0.405941 0.306931 0.076390
0.415842 0.306931 0.076969
0.425743 0.306931 0.077484
0.435644 0.306931 0.077934
0.445545 0.306931 0.078321
0.455446 0.306931 0.078643
0.465347 0.306931 0.078900
0.475248 0.306931 0.079094
0.485149 0.306931 0.079223
0.495050 0.306931 0.079287
0.504950 0.306931 0.079287
0.514851 0.306931 0.079223
0.524752 0.306931 0.079094
0.534653 0.306931 0.078900
0.544554 0.306931 0.078643
0.554455 0.306931 0.078321
0.564356 0.306931 0.077934
0.574257 0.306931 0.077484
0.584158 0.306931 0.076969
0.594059 0.306931 0.076390
0.603960 0.306931 0.075747
0.613861 0.306931 0.075041
0.623762 0.306931 0.074270
0.633663 0.306931 0.073435
0.643564 0.306931 0.072537
0.653465 0.306931 0.071576
0.663366 0.306931 0.070551
0.673267 0.306931 0.069462
0.683168 0.306931 0.068311
0.693069 0.306931 0.067097
0.702970 0.306931 0.065819
0.712871 0.306931 0.064479
0.722772 0.306931 0.063077
0.732673 0.306931 0.061612
0.742574 0.306931 0.060086
0.752475 0.306931 0.058497
0.762376 0.306931 0.056847
0.772277 0.306931 0.055136
0.782178 0.306931 0.053364
0.792079 0.306931 0.051531
0.801980 0.306931 0.049638
0.811881 0.306931 0.047685
0.821782 0.306931 0.045672
0.831683 0.306931 0.043600
0.841584 0.306931 0.041470
0.851485 0.306931 0.039281
0.861386 0.306931 0.037035
0.871287 0.306931 0.034732
0.881188 0.306931 0.032373
0.891089 0.306931 0.029958
0.900990 0.306931 0.027489
0.910891 0.306931 0.024965
0.920792 0.306931 0.022389
0.930693 0.306931 0.019760
0.940594 0.306931 0.017080
0.950495 0.306931 0.014351
0.960396 0.306931 0.011572
0.970297 0.306931 0.008747
0.980198 0.306931 0.005875
0.990099 0.306931 0.002959
0.009901 0.316832 0.003036
0.019802 0.316832 0.006029
0.029703 0.316832 0.008975
0.039604 0.316832 0.011875
0.049505 0.316832 0.014726
0.059406 0.316832 0.017527
0.069307 0.316832 0.020277
0.079208 0.316832 0.022974
0.089109 0.316832 0.025618
0.099010 0.316832 0.028207
0.108911 0.316832 0.030740
0.118812 0.316832 0.033217
0.128713 0.316832 0.035637
0.138614 0.316832 0.037999
0.148515 0.316832 0.040302
0.158416 0.316832 0.042546
0.168317 0.316832 0.044730
0.178218 0.316832 0.046854
0.188119 0.316832 0.048918
0.198020 0.316832 0.050920
0.207921 0.316832 0.052861
0.217822 0.316832 0.054739
0.227723 0.316832 0.056556
0.237624 0.316832 0.058309
0.247525 0.316832 0.060000
0.257426 0.316832 0.061628
0.267327 0.316832 0.063192
0.277228 0.316832 0.064693
0.287129 0.316832 0.066130
0.297030 0.316832 0.067503
0.306931 0.316832 0.068811
0.316832 0.316832 0.070056
0.326733 0.316832 0.071235
0.336634 0.316832 0.072350
0.346535 0.316832 0.073400
0.356436 0.316832 0.074385
0.366337 0.316832 0.075305
0.376238 0.316832 0.076160
0.386139 0.316832 0.076950
0.396040 0.316832 0.077674
0.405941 0.316832 0.078332
0.415842 0.316832 0.078925
0.425743 0.316832 0.079453
0.435644 0.316832 0.079914
0.445545 0.316832 0.080310
0.455446 0.316832 0.080640
0.465347 0.316832 0.080904
0.475248 0.316832 0.081102
0.485149 0.316832 0.081234
0.495050 0.316832 0.081300
0.504950 0.316832 0.081300
0.514851 0.316832 0.081234
0.524752 0.316832 0.081102
0.534653 0.316832 0.080904
0.544554 0.316832 0.080640
0.554455 0.316832 0.080310
0.564356 0.316832 0.079914
0.574257 0.316832 0.079453
0.584158 0.316832 0.078925
0.594059 0.316832 0.078332
0.603960 0.316832 0.077674
0.613861 0.316832 0.076950
0.623762 0.316832 0.076160
0.633663 0.316832 0.075305
0.643564 0.316832 0.074385
0.653465 0.316832 0.073400
0.663366 0.316832 0.072350
0.673267 0.316832 0.071235
0.683168 0.316832 0.070056
0.693069 0.316832 0.068811
0.702970 0.316832 0.067503
0.712871 0.316832 0.066130
0.722772 0.316832 0.064693
0.732673 0.316832 0.063192
0.742574 0.316832 0.061628
0.752475 0.316832 0.060000
0.762376 0.316832 0.058309
0.772277 0.316832 0.056556
0.782178 0.316832 0.054739
0.792079 0.316832 0.052861
0.801980 0.316832 0.050920
0.811881 0.316832 0.048918
0.821782 0.316832 0.046854
0.831683 0.316832 0.044730
0.841584 0.316832 0.042546
0.851485 0.316832 0.040302
0.861386 0.316832 0.037999
0.871287 0.316832 0.035637
0.881188 0.316832 0.033217
0.891089 0.316832 0.030740
0.900990 0.316832 0.028207
0.910891 0.316832 0.025618
0.920792 0.316832 0.022974
0.930693 0.316832 0.020277
0.940594 0.316832 0.017527
0.950495 0.316832 0.014726
0.960396 0.316832 0.011875
0.970297 0.316832 0.008975
0.980198 0.316832 0.006029
0.990099 0.316832 0.003036
0.009901 0.326733 0.003113
0.019802 0.326733 0.006181
0.029703 0.326733 0.009203
0.039604 0.326733 0.012176
0.049505 0.326733 0.015099
0.059406 0.326733 0.017971
0.069307 0.326733 0.020791
0.079208 0.326733 0.023556
0.089109 0.326733 0.026266
0.099010 0.326733 0.028920
0.108911 0.326733 0.031517
0.118812 0.326733 0.034055
0.128713 0.326733 0.036535
0.138614 0.326733 0.038955
0.148515 0.326733 0.041315
0.158416 0.326733 0.043613
0.168317 0.326733 0.045851
0.178218 0.326733 0.048026
0.188119 0.326733 0.050140
0.198020 0.326733 0.052190
0.207921 0.326733 0.054177
0.217822 0.326733 0.056101
0.227723 0.326733 0.057961
0.237624 0.326733 0.059756
0.247525 0.326733 0.061488
0.257426 0.326733 0.063154
0.267327 0.326733 0.064755
0.277228 0.326733 0.066291
0.287129 0.326733 0.067762
0.297030 0.326733 0.069167
0.306931 0.326733 0.070507
0.316832 0.326733 0.071780
0.326733 0.326733 0.072987
0.336634 0.326733 0.074128
0.346535 0.326733 0.075203
0.356436 0.326733 0.076211
0.366337 0.326733 0.077153
0.376238 0.326733 0.078027
0.386139 0.326733 0.078835
0.396040 0.326733 0.079576
0.405941 0.326733 0.080250
0.415842 0.326733 0.080857
0.425743 0.326733 0.081397
0.435644 0.326733 0.081869
0.445545 0.326733 0.082274
0.455446 0.326733 0.082612
0.465347 0.326733 0.082882
0.475248 0.326733 0.083084
0.485149 0.326733 0.083220
0.495050 0.326733 0.083287
0.504950 0.326733 0.083287
0.514851 0.326733 0.083220
0.524752 0.326733 0.083084
0.534653 0.326733 0.082882
0.544554 0.326733 0.082612
0.554455 0.326733 0.082274
0.564356 0.326733 0.081869
0.574257 0.326733 0.081397
0.584158 0.326733 0.080857
0.594059 0.326733 0.080250
0.603960 0.326733 0.079576
0.613861 0.326733 0.078835
0.623762 0.326733 0.078027
0.633663 0.326733 0.077153
0.643564 0.326733 0.076211
0.653465 0.326733 0.075203
0.663366 0.326733 0.074128
0.673267 0.326733 0.072987
0.683168 0.326733 0.071780
0.693069 0.326733 0.070507
0.702970 0.326733 0.069167
0.712871 0.326733 0.067762
0.722772 0.326733 0.066291
0.732673 0.326733 0.064755
0.742574 0.326733 0.063154
0.752475 0.326733 0.061488
0.762376 0.326733 0.059756
0.772277 0.326733 0.057961
0.782178 0.326733 0.056101
0.792079 0.326733 0.054177
0.801980 0.326733 0.052190
0.811881 0.326733 0.050140
0.821782 0.326733 0.048026
0.831683 0.326733 0.045851
0.841584 0.326733 0.043613
0.851485 0.326733 0.041315
0.861386 0.326733 0.038955
0.871287 0.326733 0.036535
0.881188 0.326733 0.034055
0.891089 0.326733 0.031517
0.900990 0.326733 0.028920
0.910891 0.326733 0.026266
0.920792 0.326733 0.023556
0.930693 0.326733 0.020791
0.940594 0.326733 0.017971
0.950495 0.326733 0.015099
0.960396 0.326733 0.012176
0.970297 0.326733 0.009203
0.980198 0.326733 0.006181
0.990099 0.326733 0.003113
0.009901 0.336634 0.003189
0.019802 0.336634 0.006333
0.029703 0.336634 0.009429
0.039604 0.336634 0.012476
0.049505 0.336634 0.015472
0.059406 0.336634 0.018415
0.069307 0.336634 0.021303
0.079208 0.336634 0.024136
0.089109 0.336634 0.026912
0.099010 0.336634 0.029630
0.108911 0.336634 0.032289
0.118812 0.336634 0.034889
0.128713 0.336634 0.037427
0.138614 0.336634 0.039905
0.148515 0.336634 0.042320
0.158416 0.336634 0.044673
0.168317 0.336634 0.046963
0.178218 0.336634 0.049189
0.188119 0.336634 0.051351
0.198020 0.336634 0.053449
0.207921 0.336634 0.055482
0.217822 0.336634 0.057450
0.227723 0.336634 0.059353
0.237624 0.336634 0.061189
0.247525 0.336634 0.062960
0.257426 0.336634 0.064664
0.267327 0.336634 0.066302
0.277228 0.336634 0.067873
0.287129 0.336634 0.069377
0.297030 0.336634 0.070813
0.306931 0.336634 0.072183
0.316832 0.336634 0.073485
0.326733 0.336634 0.074719
0.336634 0.336634 0.075886
0.346535 0.336634 0.076985
0.356436 0.336634 0.078015
0.366337 0.336634 0.078978
0.376238 0.336634 0.079872
0.386139 0.336634 0.080698
0.396040 0.336634 0.081456
0.405941 0.336634 0.082145
0.415842 0.336634 0.082766
0.425743 0.336634 0.083317
0.435644 0.336634 0.083800
0.445545 0.336634 0.084214
0.455446 0.336634 0.084559
0.465347 0.336634 0.084836
0.475248 0.336634 0.085043
0.485149 0.336634 0.085181
0.495050 0.336634 0.085250
0.504950 0.336634 0.085250
0.514851 0.336634 0.085181
0.524752 0.336634 0.085043
0.534653 0.336634 0.084836
0.544554 0.336634 0.084559
0.554455 0.336634 0.084214
0.564356 0.336634 0.083800
0.574257 0.336634 0.083317
0.584158 0.336634 0.082766
0.594059 0.336634 0.082145
0.603960 0.336634 0.081456
0.613861 0.336634 0.080698
0.623762 0.336634 0.079872
0.633663 0.336634 0.078978
0.643564 0.336634 0.078015
0.653465 0.336634 0.076985
0.663366 0.336634 0.075886
0.673267 0.336634 0.074719
0.683168 0.336634 0.073485
0.693069 0.336634 0.072183
0.702970 0.336634 0.070813
0.712871 0.336634 0.069377
0.722772 0.336634 0.067873
0.732673 0.336634 0.066302
0.742574 0.336634 0.064664
0.752475 0.336634 0.062960
0.762376 0.336634 0.061189
0.772277 0.336634 0.059353
0.782178 0.336634 0.057450
0.792079 0.336634 0.055482
0.801980 0.336634 0.053449
0.811881 0.336634 0.051351
0.821782 0.336634 0.049189
0.831683 0.336634 0.046963
0.841584 0.336634 0.044673
0.851485 0.336634 0.042320
0.861386 0.336634 0.039905
0.871287 0.336634 0.037427
0.881188 0.336634 0.034889
0.891089 0.336634 0.032289
0.900990 0.336634 0.029630
0.910891 0.336634 0.026912
0.920792 0.336634 0.024136
0.930693 0.336634 0.021303
0.940594 0.336634 0.018415
0.950495 0.336634 0.015472
0.960396 0.336634 0.012476
0.970297 0.336634 0.009429
0.980198 0.336634 0.006333
0.990099 0.336634 0.003189
0.009901 0.346535 0.003266
0.019802 0.346535 0.006485
0.029703 0.346535 0.009656
0.039604 0.346535 0.012776
0.049505 0.346535 0.015844
0.059406 0.346535 0.018857
0.069307 0.346535 0.021815
0.079208 0.346535 0.024715
0.089109 0.346535 0.027556
0.099010 0.346535 0.030338
0.108911 0.346535 0.033059
0.118812 0.346535 0.035718
0.128713 0.346535 0.038315
0.138614 0.346535 0.040849
0.148515 0.346535 0.043319
0.158416 0.346535 0.045726
0.168317 0.346535 0.048067
0.178218 0.346535 0.050343
0.188119 0.346535 0.052554
0.198020 0.346535 0.054698
0.207921 0.346535 0.056776
0.217822 0.346535 0.058788
0.227723 0.346535 0.060732
0.237624 0.346535 0.062609
0.247525 0.346535 0.064418
0.257426 0.346535 0.066160
0.267327 0.346535 0.067833
0.277228 0.346535 0.069438
0.287129 0.346535 0.070974
0.297030 0.346535 0.072442
0.306931 0.346535 0.073841
0.316832 0.346535 0.075171
0.326733 0.346535 0.076432
0.336634 0.346535 0.077624
0.346535 0.346535 0.078746
0.356436 0.346535 0.079799
0.366337 0.346535 0.080782
0.376238 0.346535 0.081696
0.386139 0.346535 0.082540
0.396040 0.346535 0.083313
0.405941 0.346535 0.084017
0.415842 0.346535 0.084651
0.425743 0.346535 0.085215
0.435644 0.346535 0.085708
0.445545 0.346535 0.086131
0.455446 0.346535 0.086484
0.465347 0.346535 0.086766
0.475248 0.346535 0.086977
0.485149 0.346535 0.087118
0.495050 0.346535 0.087189
0.504950 0.346535 0.087189
0.514851 0.346535 0.087118
0.524752 0.346535 0.086977
0.534653 0.346535 0.086766
0.544554 0.346535 0.086484
0.554455 0.346535 0.086131
0.564356 0.346535 0.085708
0.574257 0.346535 0.085215
0.584158 0.346535 0.084651
0.594059 0.346535 0.084017
0.603960 0.346535 0.083313
0.613861 0.346535 0.082540
0.623762 0.346535 0.081696
0.633663 0.346535 0.080782
0.643564 0.346535 0.079799
0.653465 0.346535 0.078746
0.663366 0.346535 0.077624
0.673267 0.346535 0.076432
0.683168 0.346535 0.075171
0.693069 0.346535 0.073841
0.702970 0.346535 0.072442
0.712871 0.346535 0.070974
0.722772 0.346535 0.069438
0.732673 0.346535 0.067833
0.742574 0.346535 0.066160
0.752475 0.346535 0.064418
0.762376 0.346535 0.062609
0.772277 0.346535 0.060732
0.782178 0.346535 0.058788
0.792079 0.346535 0.056776
0.801980 0.346535 0.054698
0.811881 0.346535 0.052554
0.821782 0.346535 0.050343
0.831683 0.346535 0.048067
0.841584 0.346535 0.045726
0.851485 0.346535 0.043319
0.861386 0.346535 0.040849
0.871287 0.346535 0.038315
0.881188 0.346535 0.035718
0.891089 0.346535 0.033059
0.900990 0.346535 0.030338
0.910891 0.346535 0.027556
0.920792 0.346535 0.024715
0.930693 0.346535 0.021815
0.940594 0.346535 0.018857
0.950495 0.346535 0.015844
0.960396 0.346535 0.012776
0.970297 0.346535 0.009656
0.980198 0.346535 0.006485
0.990099 0.346535 0.003266
0.009901 0.356436 0.003343
0.019802 0.356436 0.006638
0.029703 0.356436 0.009884
0.039604 0.356436 0.013077
0.049505 0.356436 0.016217
0.059406 0.356436 0.019301
0.069307 0.356436 0.022327
0.079208 0.356436 0.025293
0.089109 0.356436 0.028200
0.099010 0.356436 0.031044
0.108911 0.356436 0.033827
0.118812 0.356436 0.036545
0.128713 0.356436 0.039200
0.138614 0.356436 0.041790
0.148515 0.356436 0.044314
0.158416 0.356436 0.046772
0.168317 0.356436 0.049164
0.178218 0.356436 0.051490
0.188119 0.356436 0.053748
0.198020 0.356436 0.055938
0.207921 0.356436 0.058060
0.217822 0.356436 0.060114
0.227723 0.356436 0.062100
0.237624 0.356436 0.064016
0.247525 0.356436 0.065864
0.257426 0.356436 0.067641
0.267327 0.356436 0.069350
0.277228 0.356436 0.070988
0.287129 0.356436 0.072556
0.297030 0.356436 0.074054
0.306931 0.356436 0.075482
0.316832 0.356436 0.076840
0.326733 0.356436 0.078127
0.336634 0.356436 0.079343
0.346535 0.356436 0.080488
0.356436 0.356436 0.081563
0.366337 0.356436 0.082566
0.376238 0.356436 0.083499
0.386139 0.356436 0.084360
0.396040 0.356436 0.085150
0.405941 0.356436 0.085868
0.415842 0.356436 0.086515
0.425743 0.356436 0.087090
0.435644 0.356436 0.087594
0.445545 0.356436 0.088025
0.455446 0.356436 0.088385
0.465347 0.356436 0.088673
0.475248 0.356436 0.088889
0.485149 0.356436 0.089033
0.495050 0.356436 0.089105
0.504950 0.356436 0.089105
0.514851 0.356436 0.089033
0.524752 0.356436 0.088889
0.534653 0.356436 0.088673
0.544554 0.356436 0.088385
0.554455 0.356436 0.088025
0.564356 0.356436 0.087594
0.574257 0.356436 0.087090
0.584158 0.356436 0.086515
0.594059 0.356436 0.085868
0.603960 0.356436 0.085150
0.613861 0.356436 0.084360
0.623762 0.356436 0.083499
0.633663 0.356436 0.082566
0.643564 0.356436 0.081563
0.653465 0.356436 0.080488
0.663366 0.356436 0.079343
0.673267 0.356436 0.078127
0.683168 0.356436 0.076840
0.693069 0.356436 0.075482
0.702970 0.356436 0.074054
0.712871 0.356436 0.072556
0.722772 0.356436 0.070988
0.732673 0.356436 0.069350
0.742574 0.356436 0.067641
0.752475 0.356436 0.065864
0.762376 0.356436 0.064016
0.772277 0.356436 0.062100
0.782178 0.356436 0.060114
0.792079 0.356436 0.058060
0.801980 0.356436 0.055938
0.811881 0.356436 0.053748
0.821782 0.356436 0.051490
0.831683 0.356436 0.049164
0.841584 0.356436 0.046772
0.851485 0.356436 0.044314
0.861386 0.356436 0.041790
0.871287 0.356436 0.039200
0.881188 0.356436 0.036545
0.891089 0.356436 0.033827
0.900990 0.356436 0.031044
0.910891 0.356436 0.028200
0.920792 0.356436 0.025293
0.930693 0.356436 0.022327
0.940594 0.356436 0.019301
0.950495 0.356436 0.016217
0.960396 0.356436 0.013077
0.970297 0.356436 0.009884
0.980198 0.356436 0.006638
0.990099 0.356436 0.003343
0.009901 0.366337 0.003420
0.019802 0.366337 0.006792
0.029703 0.366337 0.010113
0.039604 0.366337 0.013380
0.049505 0.366337 0.016592
0.059406 0.366337 0.019746
0.069307 0.366337 0.022840
0.079208 0.366337 0.025873
0.089109 0.366337 0.028844
0.099010 0.366337 0.031751
0.108911 0.366337 0.034594
0.118812 0.366337 0.037371
0.128713 0.366337 0.040082
0.138614 0.366337 0.042727
0.148515 0.366337 0.045305
0.158416 0.366337 0.047815
0.168317 0.366337 0.050256
0.178218 0.366337 0.052630
0.188119 0.366337 0.054934
0.198020 0.366337 0.057170
0.207921 0.366337 0.059335
0.217822 0.366337 0.061431
0.227723 0.366337 0.063457
0.237624 0.366337 0.065412
0.247525 0.366337 0.067297
0.257426 0.366337 0.069110
0.267327 0.366337 0.070853
0.277228 0.366337 0.072524
0.287129 0.366337 0.074123
0.297030 0.366337 0.075651
0.306931 0.366337 0.077107
0.316832 0.366337 0.078491
0.326733 0.366337 0.079804
0.336634 0.366337 0.081044
0.346535 0.366337 0.082212
0.356436 0.366337 0.083308
0.366337 0.366337 0.084331
0.376238 0.366337 0.085282
0.386139 0.366337 0.086160
0.396040 0.366337 0.086965
0.405941 0.366337 0.087698
0.415842 0.366337 0.088358
0.425743 0.366337 0.088944
0.435644 0.366337 0.089458
0.445545 0.366337 0.089898
0.455446 0.366337 0.090265
0.465347 0.366337 0.090559
0.475248 0.366337 0.090779
0.485149 0.366337 0.090926
0.495050 0.366337 0.090999
0.504950 0.366337 0.090999
0.514851 0.366337 0.090926
0.524752 0.366337 0.090779
0.534653 0.366337 0.090559
0.544554 0.366337 0.090265
0.554455 0.366337 0.089898
0.564356 0.366337 0.089458
0.574257 0.366337 0.088944
0.584158 0.366337 0.088358
0.594059 0.366337 0.087698
0.603960 0.366337 0.086965
0.613861 0.366337 0.086160
0.623762 0.366337 0.085282
0.633663 0.366337 0.084331
0.643564 0.366337 0.083308
0.653465 0.366337 0.082212
0.663366 0.366337 0.081044
0.673267 0.366337 0.079804
0.683168 0.366337 0.078491
0.693069 0.366337 0.077107
0.702970 0.366337 0.075651
0.712871 0.366337 0.074123
0.722772 0.366337 0.072524
0.732673 0.366337 0.070853
0.742574 0.366337 0.069110
0.752475 0.366337 0.067297
0.762376 0.366337 0.065412
0.772277 0.366337 0.063457
0.782178 0.366337 0.061431
0.792079 0.366337 0.059335
0.801980 0.366337 0.057170
0.811881 0.366337 0.054934
0.821782 0.366337 0.052630
0.831683 0.366337 0.050256
0.841584 0.366337 0.047815
0.851485 0.366337 0.045305
0.861386 0.366337 0.042727
0.871287 0.366337 0.040082
0.881188 0.366337 0.037371
0.891089 0.366337 0.034594
0.900990 0.366337 0.031751
0.910891 0.366337 0.028844
0.920792 0.366337 0.025873
0.930693 0.366337 0.022840
0.940594 0.366337 0.019746
0.950495 0.366337 0.016592
0.960396 0.366337 0.013380
0.970297 0.366337 0.010113
0.980198 0.366337 0.006792
0.990099 0.366337 0.003420
0.009901 0.376238 0.003498
0.019802 0.376238 0.006947
0.029703 0.376238 0.010344
0.039604 0.376238 0.013685
0.049505 0.376238 0.016969
0.059406 0.376238 0.020194
0.069307 0.376238 0.023356
0.079208 0.376238 0.026456
0.089109 0.376238 0.029490
0.099010 0.376238 0.032459
0.108911 0.376238 0.035362
0.118812 0.376238 0.038197
0.128713 0.376238 0.040964
0.138614 0.376238 0.043663
0.148515 0.376238 0.046293
0.158416 0.376238 0.048853
0.168317 0.376238 0.051344
0.178218 0.376238 0.053764
0.188119 0.376238 0.056115
0.198020 0.376238 0.058394
0.207921 0.376238 0.060603
0.217822 0.376238 0.062740
0.227723 0.376238 0.064805
0.237624 0.376238 0.066798
0.247525 0.376238 0.068719
0.257426 0.376238 0.070568
0.267327 0.376238 0.072343
0.277228 0.376238 0.074046
0.287129 0.376238 0.075676
0.297030 0.376238 0.077233
0.306931 0.376238 0.078717
0.316832 0.376238 0.080127
0.326733 0.376238 0.081464
0.336634 0.376238 0.082728
0.346535 0.376238 0.083918
0.356436 0.376238 0.085034
0.366337 0.376238 0.086077
0.376238 0.376238 0.087046
0.386139 0.376238 0.087941
0.396040 0.376238 0.088762
0.405941 0.376238 0.089508
0.415842 0.376238 0.090180
0.425743 0.376238 0.090778
0.435644 0.376238 0.091301
0.445545 0.376238 0.091750
0.455446 0.376238 0.092124
0.465347 0.376238 0.092423
0.475248 0.376238 0.092648
0.485149 0.376238 0.092798
0.495050 0.376238 0.092872
0.504950 0.376238 0.092872
0.514851 0.376238 0.092798
0.524752 0.376238 0.092648
0.534653 0.376238 0.092423
0.544554 0.376238 0.092124
0.554455 0.376238 0.091750
0.564356 0.376238 0.091301
0.574257 0.376238 0.090778
0.584158 0.376238 0.090180
0.594059 0.376238 0.089508
0.603960 0.376238 0.088762
0.613861 0.376238 0.087941
0.623762 0.376238 0.087046
0.633663 0.376238 0.086077
0.643564 0.376238 0.085034
0.653465 0.376238 0.083918
0.663366 0.376238 0.082728
0.673267 0.376238 0.081464
0.683168 0.376238 0.080127
0.693069 0.376238 0.078717
0.702970 0.376238 0.077233
0.712871 0.376238 0.075676
0.722772 0.376238 0.074046
0.732673 0.376238 0.072343
0.742574 0.376238 0.070568
0.752475 0.376238 0.068719
0.762376 0.376238 0.066798
0.772277 0.376238 0.064805
0.782178 0.376238 0.062740
0.792079 0.376238 0.060603
0.801980 0.376238 0.058394
0.811881 0.376238 0.056115
0.821782 0.376238 0.053764
0.831683 0.376238 0.051344
0.841584 0.376238 0.048853
0.851485 0.376238 0.046293
0.861386 0.376238 0.043663
0.871287 0.376238 0.040964
0.881188 0.376238 0.038197
0.891089 0.376238 0.035362
0.900990 0.376238 0.032459
0.910891 0.376238 0.029490
0.920792 0.376238 0.026456
0.930693 0.376238 0.023356
0.940594 0.376238 0.020194
0.950495 0.376238 0.016969
0.960396 0.376238 0.013685
0.970297 0.376238 0.010344
0.980198 0.376238 0.006947
0.990099 0.376238 0.003498
0.009901 0.386139 0.003577
0.019802 0.386139 0.007105
0.029703 0.386139 0.010578
0.039604 0.386139 0.013995
0.049505 0.386139 0.017352
0.059406 0.386139 0.020647
0.069307 0.386139 0.023877
0.079208 0.386139 0.027042
0.089109 0.386139 0.030140
0.099010 0.386139 0.033170
0.108911 0.386139 0.036132
0.118812 0.386139 0.039024
0.128713 0.386139 0.041846
0.138614 0.386139 0.044598
0.148515 0.386139 0.047279
0.158416 0.386139 0.049889
0.168317 0.386139 0.052428
0.178218 0.386139 0.054895
0.188119 0.386139 0.057290
0.198020 0.386139 0.059613
0.207921 0.386139 0.061863
0.217822 0.386139 0.064040
0.227723 0.386139 0.066144
0.237624 0.386139 0.068175
0.247525 0.386139 0.070131
0.257426 0.386139 0.072014
0.267327 0.386139 0.073822
0.277228 0.386139 0.075556
0.287129 0.386139 0.077216
0.297030 0.386139 0.078801
0.306931 0.386139 0.080312
0.316832 0.386139 0.081748
0.326733 0.386139 0.083109
0.336634 0.386139 0.084395
0.346535 0.386139 0.085607
0.356436 0.386139 0.086744
0.366337 0.386139 0.087805
0.376238 0.386139 0.088792
0.386139 0.386139 0.089703
0.396040 0.386139 0.090539
0.405941 0.386139 0.091299
0.415842 0.386139 0.091984
0.425743 0.386139 0.092593
0.435644 0.386139 0.093126
0.445545 0.386139 0.093582
0.455446 0.386139 0.093963
0.465347 0.386139 0.094268
0.475248 0.386139 0.094497
0.485149 0.386139 0.094649
0.495050 0.386139 0.094725
0.504950 0.386139 0.094725
0.514851 0.386139 0.094649
0.524752 0.386139 0.094497
0.534653 0.386139 0.094268
0.544554 0.386139 0.093963
0.554455 0.386139 0.093582
0.564356 0.386139 0.093126
0.574257 0.386139 0.092593
0.584158 0.386139 0.091984
0.594059 0.386139 0.091299
0.603960 0.386139 0.090539
0.613861 0.386139 0.089703
0.623762 0.386139 0.088792
0.633663 0.386139 0.087805
0.643564 0.386139 0.086744
0.653465 0.386139 0.085607
0.663366 0.386139 0.084395
0.673267 0.386139 0.083109
0.683168 0.386139 0.081748
0.693069 0.386139 0.080312
0.702970 0.386139 0.078801
0.712871 0.386139 0.077216
0.722772 0.386139 0.075556
0.732673 0.386139 0.073822
0.742574 0.386139 0.072014
0.752475 0.386139 0.070131
0.762376 0.386139 0.068175
0.772277 0.386139 0.066144
0.782178 0.386139 0.064040
0.792079 0.386139 0.061863
0.801980 0.386139 0.059613
0.811881 0.386139 0.057290
0.821782 0.386139 0.054895
0.831683 0.386139 0.052428
0.841584 0.386139 0.049889
0.851485 0.386139 0.047279
0.861386 0.386139 0.044598
0.871287 0.386139 0.041846
0.881188 0.386139 0.039024
0.891089 0.386139 0.036132
0.900990 0.386139 0.033170
0.910891 0.386139 0.030140
0.920792 0.386139 0.027042
0.930693 0.386139 0.023877
0.940594 0.386139 0.020647
0.950495 0.386139 0.017352
0.960396 0.386139 0.013995
0.970297 0.386139 0.010578
0.980198 0.386139 0.007105
0.990099 0.386139 0.003577
0.009901 0.396040 0.003658
0.019802 0.396040 0.007265
0.029703 0.396040 0.010817
0.039604 0.396040 0.014310
0.049505 0.396040 0.017741
0.059406 0.396040 0.021106
0.069307 0.396040 0.024405
0.079208 0.396040 0.027635
0.089109 0.396040 0.030796
0.099010 0.396040 0.033886
0.108911 0.396040 0.036906
0.118812 0.396040 0.039854
0.128713 0.396040 0.042730
0.138614 0.396040 0.045534
0.148515 0.396040 0.048265
0.158416 0.396040 0.050924
0.168317 0.396040 0.053510
0.178218 0.396040 0.056022
0.188119 0.396040 0.058461
0.198020 0.396040 0.060826
0.207921 0.396040 0.063118
0.217822 0.396040 0.065334
0.227723 0.396040 0.067476
0.237624 0.396040 0.069543
0.247525 0.396040 0.071535
0.257426 0.396040 0.073451
0.267327 0.396040 0.075291
0.277228 0.396040 0.077055
0.287129 0.396040 0.078744
0.297030 0.396040 0.080356
0.306931 0.396040 0.081893
0.316832 0.396040 0.083354
0.326733 0.396040 0.084739
0.336634 0.396040 0.086048
0.346535 0.396040 0.087280
0.356436 0.396040 0.088437
0.366337 0.396040 0.089517
0.376238 0.396040 0.090521
0.386139 0.396040 0.091448
0.396040 0.396040 0.092299
0.405941 0.396040 0.093072
0.415842 0.396040 0.093769
0.425743 0.396040 0.094389
0.435644 0.396040 0.094931
0.445545 0.396040 0.095396
0.455446 0.396040 0.095784
0.465347 0.396040 0.096094
0.475248 0.396040 0.096326
0.485149 0.396040 0.096481
0.495050 0.396040 0.096559
0.504950 0.396040 0.096559
0.514851 0.396040 0.096481
0.524752 0.396040 0.096326
0.534653 0.396040 0.096094
0.544554 0.396040 0.095784
0.554455 0.396040 0.095396
0.564356 0.396040 0.094931
0.574257 0.396040 0.094389
0.584158 0.396040 0.093769
0.594059 0.396040 0.093072
0.603960 0.396040 0.092299
0.613861 0.396040 0.091448
0.623762 0.396040 0.090521
0.633663 0.396040 0.089517
0.643564 0.396040 0.088437
0.653465 0.396040 0.087280
0.663366 0.396040 0.086048
0.673267 0.396040 0.084739
0.683168 0.396040 0.083354
0.693069 0.396040 0.081893
0.702970 0.396040 0.080356
0.712871 0.396040 0.078744
0.722772 0.396040 0.077055
0.732673 0.396040 0.075291
0.742574 0.396040 0.073451
0.752475 0.396040 0.071535
0.762376 0.396040 0.069543
0.772277 0.396040 0.067476
0.782178 0.396040 0.065334
0.792079 0.396040 0.063118
0.801980 0.396040 0.060826
0.811881 0.396040 0.058461
0.821782 0.396040 0.056022
0.831683 0.396040 0.053510
0.841584 0.396040 0.050924
0.851485 0.396040 0.048265
0.861386 0.396040 0.045534
0.871287 0.396040 0.042730
0.881188 0.396040 0.039854
0.891089 0.396040 0.036906
0.900990 0.396040 0.033886
0.910891 0.396040 0.030796
0.920792 0.396040 0.027635
0.930693 0.396040 0.024405
0.940594 0.396040 0.021106
0.950495 0.396040 0.017741
0.960396 0.396040 0.014310
0.970297 0.396040 0.010817
0.980198 0.396040 0.007265
0.990099 0.396040 0.003658
0.009901 0.405941 0.003742
0.019802 0.405941 0.007431
0.029703 0.405941 0.011063
0.039604 0.405941 0.014633
0.049505 0.405941 0.018138
0.059406 0.405941 0.021575
0.069307 0.405941 0.024941
0.079208 0.405941 0.028236
0.089109 0.405941 0.031459
0.099010 0.405941 0.034609
0.108911 0.405941 0.037686
0.118812 0.405941 0.040688
0.128713 0.405941 0.043617
0.138614 0.405941 0.046472
0.148515 0.405941 0.049253
0.158416 0.405941 0.051959
0.168317 0.405941 0.054590
0.178218 0.405941 0.057147
0.188119 0.405941 0.059629
0.198020 0.405941 0.062036
0.207921 0.405941 0.064367
0.217822 0.405941 0.066623
0.227723 0.405941 0.068802
0.237624 0.405941 0.070905
0.247525 0.405941 0.072930
0.257426 0.405941 0.074879
0.267327 0.405941 0.076750
0.277228 0.405941 0.078544
0.287129 0.405941 0.080260
0.297030 0.405941 0.081900
0.306931 0.405941 0.083462
0.316832 0.405941 0.084947
0.326733 0.405941 0.086355
0.336634 0.405941 0.087685
0.346535 0.405941 0.088938
0.356436 0.405941 0.090114
0.366337 0.405941 0.091213
0.376238 0.405941 0.092234
0.386139 0.405941 0.093177
0.396040 0.405941 0.094042
0.405941 0.405941 0.094828
0.415842 0.405941 0.095537
0.425743 0.405941 0.096167
0.435644 0.405941 0.096719
0.445545 0.405941 0.097191
0.455446 0.405941 0.097586
0.465347 0.405941 0.097901
0.475248 0.405941 0.098138
0.485149 0.405941 0.098295
0.495050 0.405941 0.098374
0.504950 0.405941 0.098374
0.514851 0.405941 0.098295
0.524752 0.405941 0.098138
0.534653 0.405941 0.097901
0.544554 0.405941 0.097586
0.554455 0.405941 0.097191
0.564356 0.405941 0.096719
0.574257 0.405941 0.096167
0.584158 0.405941 0.095537
0.594059 0.405941 0.094828
0.603960 0.405941 0.094042
0.613861 0.405941 0.093177
0.623762 0.405941 0.092234
0.633663 0.405941 0.091213
0.643564 0.405941 0.090114
0.653465 0.405941 0.088938
0.663366 0.405941 0.087685
0.673267 0.405941 0.086355
0.683168 0.405941 0.084947
0.693069 0.405941 0.083462
0.702970 0.405941 0.081900
0.712871 0.405941 0.080260
0.722772 0.405941 0.078544
0.732673 0.405941 0.076750
0.742574 0.405941 0.074879
0.752475 0.405941 0.072930
0.762376 0.405941 0.070905
0.772277 0.405941 0.068802
0.782178 0.405941 0.066623
0.792079 0.405941 0.064367
0.801980 0.405941 0.062036
0.811881 0.405941 0.059629
0.821782 0.405941 0.057147
0.831683 0.405941 0.054590
0.841584 0.405941 0.051959
0.851485 0.405941 0.049253
0.861386 0.405941 0.046472
0.871287 0.405941 0.043617
0.881188 0.405941 0.040688
0.891089 0.405941 0.037686
0.900990 0.405941 0.034609
0.910891 0.405941 0.031459
0.920792 0.405941 0.028236
0.930693 0.405941 0.024941
0.940594 0.405941 0.021575
0.950495 0.405941 0.018138
0.960396 0.405941 0.014633
0.970297 0.405941 0.011063
0.980198 0.405941 0.007431
0.990099 0.405941 0.003742
0.009901 0.415842 0.003828
0.019802 0.415842 0.007603
0.029703 0.415842 0.011317
0.039604 0.415842 0.014967
0.049505 0.415842 0.018547
0.059406 0.415842 0.022055
0.069307 0.415842 0.025489
0.079208 0.415842 0.028848
0.089109 0.415842 0.032132
0.099010 0.415842 0.035340
0.108911 0.415842 0.038473
0.118812 0.415842 0.041529
0.128713 0.415842 0.044510
0.138614 0.415842 0.047414
0.148515 0.415842 0.050242
0.158416 0.415842 0.052995
0.168317 0.415842 0.055671
0.178218 0.415842 0.058271
0.188119 0.415842 0.060795
0.198020 0.415842 0.063243
0.207921 0.415842 0.065613
0.217822 0.415842 0.067907
0.227723 0.415842 0.070123
0.237624 0.415842 0.072260
0.247525 0.415842 0.074319
0.257426 0.415842 0.076299
0.267327 0.415842 0.078200
0.277228 0.415842 0.080023
0.287129 0.415842 0.081767
0.297030 0.415842 0.083432
0.306931 0.415842 0.085019
0.316832 0.415842 0.086527
0.326733 0.415842 0.087957
0.336634 0.415842 0.089309
0.346535 0.415842 0.090582
0.356436 0.415842 0.091777
0.366337 0.415842 0.092893
0.376238 0.415842 0.093931
0.386139 0.415842 0.094889
0.396040 0.415842 0.095768
0.405941 0.415842 0.096568
0.415842 0.415842 0.097288
0.425743 0.415842 0.097929
0.435644 0.415842 0.098489
0.445545 0.415842 0.098970
0.455446 0.415842 0.099371
0.465347 0.415842 0.099691
0.475248 0.415842 0.099932
0.485149 0.415842 0.100092
0.495050 0.415842 0.100172
0.504950 0.415842 0.100172
0.514851 0.415842 0.100092
0.524752 0.415842 0.099932
0.534653 0.415842 0.099691
0.544554 0.415842 0.099371
0.554455 0.415842 0.098970
0.564356 0.415842 0.098489
0.574257 0.415842 0.097929
0.584158 0.415842 0.097288
0.594059 0.415842 0.096568
0.603960 0.415842 0.095768
0.613861 0.415842 0.094889
0.623762 0.415842 0.093931
0.633663 0.415842 0.092893
0.643564 0.415842 0.091777
0.653465 0.415842 0.090582
0.663366 0.415842 0.089309
0.673267 0.415842 0.087957
0.683168 0.415842 0.086527
0.693069 0.415842 0.085019
0.702970 0.415842 0.083432
0.712871 0.415842 0.081767
0.722772 0.415842 0.080023
0.732673 0.415842 0.078200
0.742574 0.415842 0.076299
0.752475 0.415842 0.074319
0.762376 0.415842 0.072260
0.772277 0.415842 0.070123
0.782178 0.415842 0.067907
0.792079 0.415842 0.065613
0.801980 0.415842 0.063243
0.811881 0.415842 0.060795
0.821782 0.415842 0.058271
0.831683 0.415842 0.055671
0.841584 0.415842 0.052995
0.851485 0.415842 0.050242
0.861386 0.415842 0.047414
0.871287 0.415842 0.044510
0.881188 0.415842 0.041529
0.891089 0.415842 0.038473
0.900990 0.415842 0.035340
0.910891 0.415842 0.032132
0.920792 0.415842 0.028848
0.930693 0.415842 0.025489
0.940594 0.415842 0.022055
0.950495 0.415842 0.018547
0.960396 0.415842 0.014967
0.970297 0.415842 0.011317
0.980198 0.415842 0.007603
0.990099 0.415842 0.003828
0.009901 0.425743 0.003919
0.019802 0.425743 0.007783
0.029703 0.425743 0.011584
0.039604 0.425743 0.015315
0.049505 0.425743 0.018972
0.059406 0.425743 0.022551
0.069307 0.425743 0.026052
0.079208 0.425743 0.029473
0.089109 0.425743 0.032817
0.099010 0.425743 0.036082
0.108911 0.425743 0.039269
0.118812 0.425743 0.042378
0.128713 0.425743 0.045408
0.138614 0.425743 0.048361
0.148515 0.425743 0.051236
0.158416 0.425743 0.054033
0.168317 0.425743 0.056752
0.178218 0.425743 0.059395
0.188119 0.425743 0.061960
0.198020 0.425743 0.064447
0.207921 0.425743 0.066857
0.217822 0.425743 0.069188
0.227723 0.425743 0.071439
0.237624 0.425743 0.073611
0.247525 0.425743 0.075702
0.257426 0.425743 0.077713
0.267327 0.425743 0.079644
0.277228 0.425743 0.081494
0.287129 0.425743 0.083264
0.297030 0.425743 0.084955
0.306931 0.425743 0.086565
0.316832 0.425743 0.088096
0.326733 0.425743 0.089548
0.336634 0.425743 0.090920
0.346535 0.425743 0.092213
0.356436 0.425743 0.093426
0.366337 0.425743 0.094559
0.376238 0.425743 0.095613
0.386139 0.425743 0.096587
0.396040 0.425743 0.097480
0.405941 0.425743 0.098293
0.415842 0.425743 0.099024
0.425743 0.425743 0.099675
0.435644 0.425743 0.100244
0.445545 0.425743 0.100733
0.455446 0.425743 0.101139
0.465347 0.425743 0.101465
0.475248 0.425743 0.101709
0.485149 0.425743 0.101872
0.495050 0.425743 0.101954
0.504950 0.425743 0.101954
0.514851 0.425743 0.101872
0.524752 0.425743 0.101709
0.534653 0.425743 0.101465
0.544554 0.425743 0.101139
0.554455 0.425743 0.100733
0.564356 0.425743 0.100244
0.574257 0.425743 0.099675
0.584158 0.425743 0.099024
0.594059 0.425743 0.098293
0.603960 0.425743 0.097480
0.613861 0.425743 0.096587
0.623762 0.425743 0.095613
0.633663 0.425743 0.094559
0.643564 0.425743 0.093426
0.653465 0.425743 0.092213
0.663366 0.425743 0.090920
0.673267 0.425743 0.089548
0.683168 0.425743 0.088096
0.693069 0.425743 0.086565
0.702970 0.425743 0.084955
0.712871 0.425743 0.083264
0.722772 0.425743 0.081494
0.732673 0.425743 0.079644
0.742574 0.425743 0.077713
0.752475 0.425743 0.075702
0.762376 0.425743 0.073611
0.772277 0.425743 0.071439
0.782178 0.425743 0.069188
0.792079 0.425743 0.066857
0.801980 0.425743 0.064447
0.811881 0.425743 0.061960
0.821782 0.425743 0.059395
0.831683 0.425743 0.056752
0.841584 0.425743 0.054033
0.851485 0.425743 0.051236
0.861386 0.425743 0.048361
0.871287 0.425743 0.045408
0.881188 0.425743 0.042378
0.891089 0.425743 0.039269
0.900990 0.425743 0.036082
0.910891 0.425743 0.032817
0.920792 0.425743 0.029473
0.930693 0.425743 0.026052
0.940594 0.425743 0.022551
0.950495 0.425743 0.018972
0.960396 0.425743 0.015315
0.970297 0.425743 0.011584
0.980198 0.425743 0.007783
0.990099 0.425743 0.003919
0.009901 0.435644 0.004015
0.019802 0.435644 0.007974
0.029703 0.435644 0.011866
0.039604 0.435644 0.015683
0.049505 0.435644 0.019418
0.059406 0.435644 0.023067
0.069307 0.435644 0.026633
0.079208 0.435644 0.030115
0.089109 0.435644 0.033516
0.099010 0.435644 0.036836
0.108911 0.435644 0.040076
0.118812 0.435644 0.043236
0.128713 0.435644 0.046315
0.138614 0.435644 0.049314
0.148515 0.435644 0.052234
0.158416 0.435644 0.055074
0.168317 0.435644 0.057836
0.178218 0.435644 0.060519
0.188119 0.435644 0.063124
0.198020 0.435644 0.065651
0.207921 0.435644 0.068099
0.217822 0.435644 0.070466
0.227723 0.435644 0.072754
0.237624 0.435644 0.074959
0.247525 0.435644 0.077082
0.257426 0.435644 0.079123
0.267327 0.435644 0.081081
0.277228 0.435644 0.082958
0.287129 0.435644 0.084753
0.297030 0.435644 0.086468
0.306931 0.435644 0.088101
0.316832 0.435644 0.089654
0.326733 0.435644 0.091126
0.336634 0.435644 0.092518
0.346535 0.435644 0.093830
0.356436 0.435644 0.095061
0.366337 0.435644 0.096212
0.376238 0.435644 0.097282
0.386139 0.435644 0.098270
0.396040 0.435644 0.099178
0.405941 0.435644 0.100003
0.415842 0.435644 0.100746
0.425743 0.435644 0.101406
0.435644 0.435644 0.101984
0.445545 0.435644 0.102480
0.455446 0.435644 0.102893
0.465347 0.435644 0.103224
0.475248 0.435644 0.103471
0.485149 0.435644 0.103637
0.495050 0.435644 0.103719
0.504950 0.435644 0.103719
0.514851 0.435644 0.103637
0.524752 0.435644 0.103471
0.534653 0.435644 0.103224
0.544554 0.435644 0.102893
0.554455 0.435644 0.102480
0.564356 0.435644 0.101984
0.574257 0.435644 0.101406
0.584158 0.435644 0.100746
0.594059 0.435644 0.100003
0.603960 0.435644 0.099178
0.613861 0.435644 0.098270
0.623762 0.435644 0.097282
0.633663 0.435644 0.096212
0.643564 0.435644 0.095061
0.653465 0.435644 0.093830
0.663366 0.435644 0.092518
0.673267 0.435644 0.091126
0.683168 0.435644 0.089654
0.693069 0.435644 0.088101
0.702970 0.435644 0.086468
0.712871 0.435644 0.084753
0.722772 0.435644 0.082958
0.732673 0.435644 0.081081
0.742574 0.435644 0.079123
0.752475 0.435644 0.077082
0.762376 0.435644 0.074959
0.772277 0.435644 0.072754
0.782178 0.435644 0.070466
0.792079 0.435644 0.068099
0.801980 0.435644 0.065651
0.811881 0.435644 0.063124
0.821782 0.435644 0.060519
0.831683 0.435644 0.057836
0.841584 0.435644 0.055074
0.851485 0.435644 0.052234
0.861386 0.435644 0.049314
0.871287 0.435644 0.046315
0.881188 0.435644 0.043236
0.891089 0.435644 0.040076
0.900990 0.435644 0.036836
0.910891 0.435644 0.033516
0.920792 0.435644 0.030115
0.930693 0.435644 0.026633
0.940594 0.435644 0.023067
0.950495 0.435644 0.019418
0.960396 0.435644 0.015683
0.970297 0.435644 0.011866
0.980198 0.435644 0.007974
0.990099 0.435644 0.004015
0.009901 0.445545 0.004118
0.019802 0.445545 0.008179
0.029703 0.445545 0.012169
0.039604 0.445545 0.016076
0.049505 0.445545 0.019890
0.059406 0.445545 0.023609
0.069307 0.445545 0.027236
0.079208 0.445545 0.030775
0.089109 0.445545 0.034231
0.099010 0.445545 0.037605
0.108911 0.445545 0.040897
0.118812 0.445545 0.044106
0.128713 0.445545 0.047232
0.138614 0.445545 0.050276
0.148515 0.445545 0.053238
0.158416 0.445545 0.056120
0.168317 0.445545 0.058922
0.178218 0.445545 0.061645
0.188119 0.445545 0.064289
0.198020 0.445545 0.066854
0.207921 0.445545 0.069340
0.217822 0.445545 0.071745
0.227723 0.445545 0.074067
0.237624 0.445545 0.076305
0.247525 0.445545 0.078459
0.257426 0.445545 0.080528
0.267327 0.445545 0.082514
0.277228 0.445545 0.084416
0.287129 0.445545 0.086235
0.297030 0.445545 0.087972
0.306931 0.445545 0.089628
0.316832 0.445545 0.091202
0.326733 0.445545 0.092694
0.336634 0.445545 0.094105
0.346535 0.445545 0.095435
0.356436 0.445545 0.096684
0.366337 0.445545 0.097852
0.376238 0.445545 0.098938
0.386139 0.445545 0.099941
0.396040 0.445545 0.100862
0.405941 0.445545 0.101699
0.415842 0.445545 0.102453
0.425743 0.445545 0.103124
0.435644 0.445545 0.103710
0.445545 0.445545 0.104213
0.455446 0.445545 0.104632
0.465347 0.445545 0.104968
0.475248 0.445545 0.105219
0.485149 0.445545 0.105387
0.495050 0.445545 0.105471
0.504950 0.445545 0.105471
0.514851 0.445545 0.105387
0.524752 0.445545 0.105219
0.534653 0.445545 0.104968
0.544554 0.445545 0.104632
0.554455 0.445545 0.104213
0.564356 0.445545 0.103710
0.574257 0.445545 0.103124
0.584158 0.445545 0.102453
0.594059 0.445545 0.101699
0.603960 0.445545 0.100862
0.613861 0.445545 0.099941
0.623762 0.445545 0.098938
0.633663 0.445545 0.097852
0.643564 0.445545 0.096684
0.653465 0.445545 0.095435
0.663366 0.445545 0.094105
0.673267 0.445545 0.092694
0.683168 0.445545 0.091202
0.693069 0.445545 0.089628
0.702970 0.445545 0.087972
0.712871 0.445545 0.086235
0.722772 0.445545 0.084416
0.732673 0.445545 0.082514
0.742574 0.445545 0.080528
0.752475 0.445545 0.078459
0.762376 0.445545 0.076305
0.772277 0.445545 0.074067
0.782178 0.445545 0.071745
0.792079 0.445545 0.069340
0.801980 0.445545 0.066854
0.811881 0.445545 0.064289
0.821782 0.445545 0.061645
0.831683 0.445545 0.058922
0.841584 0.445545 0.056120
0.851485 0.445545 0.053238
0.861386 0.445545 0.050276
0.871287 0.445545 0.047232
0.881188 0.445545 0.044106
0.891089 0.445545 0.040897
0.900990 0.445545 0.037605
0.910891 0.445545 0.034231
0.920792 0.445545 0.030775
0.930693 0.445545 0.027236
0.940594 0.445545 0.023609
0.950495 0.445545 0.019890
0.960396 0.445545 0.016076
0.970297 0.445545 0.012169
0.980198 0.445545 0.008179
0.990099 0.445545 0.004118
0.009901 0.455446 0.004228
0.019802 0.455446 0.008402
0.029703 0.455446 0.012503
0.039604 0.455446 0.016507
0.049505 0.455446 0.020401
0.059406 0.455446 0.024183
0.069307 0.455446 0.027865
0.079208 0.455446 0.031456
0.089109 0.455446 0.034964
0.099010 0.455446 0.038391
0.108911 0.455446 0.041733
0.118812 0.455446 0.044990
0.128713 0.455446 0.048160
0.138614 0.455446 0.051247
0.148515 0.455446 0.054250
0.158416 0.455446 0.057172
0.168317 0.455446 0.060012
0.178218 0.455446 0.062772
0.188119 0.455446 0.065454
0.198020 0.455446 0.068057
0.207921 0.455446 0.070581
0.217822 0.455446 0.073023
0.227723 0.455446 0.075381
0.237624 0.455446 0.077652
0.247525 0.455446 0.079836
0.257426 0.455446 0.081932
0.267327 0.455446 0.083943
0.277228 0.455446 0.085868
0.287129 0.455446 0.087710
0.297030 0.455446 0.089470
0.306931 0.455446 0.091146
0.316832 0.455446 0.092740
0.326733 0.455446 0.094252
0.336634 0.455446 0.095681
0.346535 0.455446 0.097029
0.356436 0.455446 0.098295
0.366337 0.455446 0.099479
0.376238 0.455446 0.100581
0.386139 0.455446 0.101600
0.396040 0.455446 0.102534
0.405941 0.455446 0.103384
0.415842 0.455446 0.104149
0.425743 0.455446 0.104829
0.435644 0.455446 0.105424
0.445545 0.455446 0.105934
0.455446 0.455446 0.106359
0.465347 0.455446 0.106698
0.475248 0.455446 0.106953
0.485149 0.455446 0.107123
0.495050 0.455446 0.107208
0.504950 0.455446 0.107208
0.514851 0.455446 0.107123
0.524752 0.455446 0.106953
0.534653 0.455446 0.106698
0.544554 0.455446 0.106359
0.554455 0.455446 0.105934
0.564356 0.455446 0.105424
0.574257 0.455446 0.104829
0.584158 0.455446 0.104149
0.594059 0.455446 0.103384
0.603960 0.455446 0.102534
0.613861 0.455446 0.101600
0.623762 0.455446 0.100581
0.633663 0.455446 0.099479
0.643564 0.455446 0.098295
0.653465 0.455446 0.097029
0.663366 0.455446 0.095681
0.673267 0.455446 0.094252
0.683168 0.455446 0.092740
0.693069 0.455446 0.091146
0.702970 0.455446 0.089470
0.712871 0.455446 0.087710
0.722772 0.455446 0.085868
0.732673 0.455446 0.083943
0.742574 0.455446 0.081932
0.752475 0.455446 0.079836
0.762376 0.455446 0.077652
0.772277 0.455446 0.075381
0.782178 0.455446 0.073023
0.792079 0.455446 0.070581
0.801980 0.455446 0.068057
0.811881 0.455446 0.065454
0.821782 0.455446 0.062772
0.831683 0.455446 0.060012
0.841584 0.455446 0.057172
0.851485 0.455446 0.054250
0.861386 0.455446 0.051247
0.871287 0.455446 0.048160
0.881188 0.455446 0.044990
0.891089 0.455446 0.041733
0.900990 0.455446 0.038391
0.910891 0.455446 0.034964
0.920792 0.455446 0.031456
0.930693 0.455446 0.027865
0.940594 0.455446 0.024183
0.950495 0.455446 0.020401
0.960396 0.455446 0.016507
0.970297 0.455446 0.012503
0.980198 0.455446 0.008402
0.990099 0.455446 0.004228
0.009901 0.465347 0.004343
0.019802 0.465347 0.008645
0.029703 0.465347 0.012878
0.039604 0.465347 0.016992
0.049505 0.465347 0.020964
0.059406 0.465347 0.024800
0.069307 0.465347 0.028523
0.079208 0.465347 0.032157
0.089109 0.465347 0.035715
0.099010 0.465347 0.039194
0.108911 0.465347 0.042588
0.118812 0.465347 0.045890
0.128713 0.465347 0.049102
0.138614 0.465347 0.052229
0.148515 0.465347 0.055271
0.158416 0.465347 0.058230
0.168317 0.465347 0.061105
0.178218 0.465347 0.063900
0.188119 0.465347 0.066618
0.198020 0.465347 0.069260
0.207921 0.465347 0.071824
0.217822 0.465347 0.074304
0.227723 0.465347 0.076698
0.237624 0.465347 0.079002
0.247525 0.465347 0.081215
0.257426 0.465347 0.083336
0.267327 0.465347 0.085369
0.277228 0.465347 0.087316
0.287129 0.465347 0.089180
0.297030 0.465347 0.090960
0.306931 0.465347 0.092657
0.316832 0.465347 0.094270
0.326733 0.465347 0.095799
0.336634 0.465347 0.097246
0.346535 0.465347 0.098611
0.356436 0.465347 0.099894
0.366337 0.465347 0.101095
0.376238 0.465347 0.102213
0.386139 0.465347 0.103247
0.396040 0.465347 0.104195
0.405941 0.465347 0.105058
0.415842 0.465347 0.105833
0.425743 0.465347 0.106522
0.435644 0.465347 0.107125
0.445545 0.465347 0.107642
0.455446 0.465347 0.108072
0.465347 0.465347 0.108417
0.475248 0.465347 0.108675
0.485149 0.465347 0.108847
0.495050 0.465347 0.108933
0.504950 0.465347 0.108933
0.514851 0.465347 0.108847
0.524752 0.465347 0.108675
0.534653 0.465347 0.108417
0.544554 0.465347 0.108072
0.554455 0.465347 0.107642
0.564356 0.465347 0.107125
0.574257 0.465347 0.106522
0.584158 0.465347 0.105833
0.594059 0.465347 0.105058
0.603960 0.465347 0.104195
0.613861 0.465347 0.103247
0.623762 0.465347 0.102213
0.633663 0.465347 0.101095
0.643564 0.465347 0.099894
0.653465 0.465347 0.098611
0.663366 0.465347 0.097246
0.673267 0.465347 0.095799
0.683168 0.465347 0.094270
0.693069 0.465347 0.092657
0.702970 0.465347 0.090960
0.712871 0.465347 0.089180
0.722772 0.465347 0.087316
0.732673 0.465347 0.085369
0.742574 0.465347 0.083336
0.752475 0.465347 0.081215
0.762376 0.465347 0.079002
0.772277 0.465347 0.076698
0.782178 0.465347 0.074304
0.792079 0.465347 0.071824
0.801980 0.465347 0.069260
0.811881 0.465347 0.066618
0.821782 0.465347 0.063900
0.831683 0.465347 0.061105
0.841584 0.465347 0.058230
0.851485 0.465347 0.055271
0.861386 0.465347 0.052229
0.871287 0.465347 0.049102
0.881188 0.465347 0.045890
0.891089 0.465347 0.042588
0.900990 0.465347 0.039194
0.910891 0.465347 0.035715
0.920792 0.465347 0.032157
0.930693 0.465347 0.028523
0.940594 0.465347 0.024800
0.950495 0.465347 0.020964
0.960396 0.465347 0.016992
0.970297 0.465347 0.012878
0.980198 0.465347 0.008645
0.990099 0.465347 0.004343
0.009901 0.475248 0.004449
0.019802 0.475248 0.008904
0.029703 0.475248 0.013319
0.039604 0.475248 0.017564
0.049505 0.475248 0.021605
0.059406 0.475248 0.025469
0.069307 0.475248 0.029208
0.079208 0.475248 0.032869
0.089109 0.475248 0.036481
0.099010 0.475248 0.040016
0.108911 0.475248 0.043465
0.118812 0.475248 0.046810
0.128713 0.475248 0.050060
0.138614 0.475248 0.053223
0.148515 0.475248 0.056302
0.158416 0.475248 0.059297
0.168317 0.475248 0.062201
0.178218 0.475248 0.065026
0.188119 0.475248 0.067781
0.198020 0.475248 0.070462
0.207921 0.475248 0.073068
0.217822 0.475248 0.075590
0.227723 0.475248 0.078023
0.237624 0.475248 0.080360
0.247525 0.475248 0.082599
0.257426 0.475248 0.084743
0.267327 0.475248 0.086794
0.277228 0.475248 0.088760
0.287129 0.475248 0.090644
0.297030 0.475248 0.092445
0.306931 0.475248 0.094161
0.316832 0.475248 0.095791
0.326733 0.475248 0.097338
0.336634 0.475248 0.098801
0.346535 0.475248 0.100181
0.356436 0.475248 0.101481
0.366337 0.475248 0.102700
0.376238 0.475248 0.103835
0.386139 0.475248 0.104885
0.396040 0.475248 0.105847
0.405941 0.475248 0.106722
0.415842 0.475248 0.107507
0.425743 0.475248 0.108205
0.435644 0.475248 0.108816
0.445545 0.475248 0.109340
0.455446 0.475248 0.109775
0.465347 0.475248 0.110123
0.475248 0.475248 0.110385
0.485149 0.475248 0.110560
0.495050 0.475248 0.110647
0.504950 0.475248 0.110647
0.514851 0.475248 0.110560
0.524752 0.475248 0.110385
0.534653 0.475248 0.110123
0.544554 0.475248 0.109775
0.554455 0.475248 0.109340
0.564356 0.475248 0.108816
0.574257 0.475248 0.108205
0.584158 0.475248 0.107507
0.594059 0.475248 0.106722
0.603960 0.475248 0.105847
0.613861 0.475248 0.104885
0.623762 0.475248 0.103835
0.633663 0.475248 0.102700
0.643564 0.475248 0.101481
0.653465 0.475248 0.100181
0.663366 0.475248 0.098801
0.673267 0.475248 0.097338
0.683168 0.475248 0.095791
0.693069 0.475248 0.094161
0.702970 0.475248 0.092445
0.712871 0.475248 0.090644
0.722772 0.475248 0.088760
0.732673 0.475248 0.086794
0.742574 0.475248 0.084743
0.752475 0.475248 0.082599
0.762376 0.475248 0.080360
0.772277 0.475248 0.078023
0.782178 0.475248 0.075590
0.792079 0.475248 0.073068
0.801980 0.475248 0.070462
0.811881 0.475248 0.067781
0.821782 0.475248 0.065026
0.831683 0.475248 0.062201
0.841584 0.475248 0.059297
0.851485 0.475248 0.056302
0.861386 0.475248 0.053223
0.871287 0.475248 0.050060
0.881188 0.475248 0.046810
0.891089 0.475248 0.043465
0.900990 0.475248 0.040016
0.910891 0.475248 0.036481
0.920792 0.475248 0.032869
0.930693 0.475248 0.029208
0.940594 0.475248 0.025469
0.950495 0.475248 0.021605
0.960396 0.475248 0.017564
0.970297 0.475248 0.013319
0.980198 0.475248 0.008904
0.990099 0.475248 0.004449
0.009901 0.485149 0.004496
0.019802 0.485149 0.009151
0.029703 0.485149 0.013875
0.039604 0.485149 0.018284
0.049505 0.485149 0.022363
0.059406 0.485149 0.026203
0.069307 0.485149 0.029911
0.079208 0.485149 0.033568
0.089109 0.485149 0.037258
0.099010 0.485149 0.040858
0.108911 0.485149 0.044380
0.118812 0.485149 0.047757
0.128713 0.485149 0.051033
0.138614 0.485149 0.054228
0.148515 0.485149 0.057345
0.158416 0.485149 0.060379
0.168317 0.485149 0.063300
0.178218 0.485149 0.066147
0.188119 0.485149 0.068937
0.198020 0.485149 0.071659
0.207921 0.485149 0.074313
0.217822 0.485149 0.076884
0.227723 0.485149 0.079359
0.237624 0.485149 0.081730
0.247525 0.485149 0.083994
0.257426 0.485149 0.086155
0.267327 0.485149 0.088218
0.277228 0.485149 0.090197
0.287129 0.485149 0.092102
0.297030 0.485149 0.093925
0.306931 0.485149 0.095659
0.316832 0.485149 0.097306
0.326733 0.485149 0.098867
0.336634 0.485149 0.100345
0.346535 0.485149 0.101739
0.356436 0.485149 0.103055
0.366337 0.485149 0.104294
0.376238 0.485149 0.105448
0.386139 0.485149 0.106513
0.396040 0.485149 0.107492
0.405941 0.485149 0.108379
0.415842 0.485149 0.109172
0.425743 0.485149 0.109877
0.435644 0.485149 0.110496
0.445545 0.485149 0.111028
0.455446 0.485149 0.111468
0.465347 0.485149 0.111819
0.475248 0.485149 0.112084
0.485149 0.485149 0.112262
0.495050 0.485149 0.112349
0.504950 0.485149 0.112349
0.514851 0.485149 0.112262
0.524752 0.485149 0.112084
0.534653 0.485149 0.111819
0.544554 0.485149 0.111468
0.554455 0.485149 0.111028
0.564356 0.485149 0.110496
0.574257 0.485149 0.109877
0.584158 0.485149 0.109172
0.594059 0.485149 0.108379
0.603960 0.485149 0.107492
0.613861 0.485149 0.106513
0.623762 0.485149 0.105448
0.633663 0.485149 0.104294
0.643564 0.485149 0.103055
0.653465 0.485149 0.101739
0.663366 0.485149 0.100345
0.673267 0.485149 0.098867
0.683168 0.485149 0.097306
0.693069 0.485149 0.095659
0.702970 0.485149 0.093925
0.712871 0.485149 0.092102
0.722772 0.485149 0.090197
0.732673 0.485149 0.088218
0.742574 0.485149 0.086155
0.752475 0.485149 0.083994
0.762376 0.485149 0.081730
0.772277 0.485149 0.079359
0.782178 0.485149 0.076884
0.792079 0.485149 0.074313
0.801980 0.485149 0.071659
0.811881 0.485149 0.068937
0.821782 0.485149 0.066147
0.831683 0.485149 0.063300
0.841584 0.485149 0.060379
0.851485 0.485149 0.057345
0.861386 0.485149 0.054228
0.871287 0.485149 0.051033
0.881188 0.485149 0.047757
0.891089 0.485149 0.044380
0.900990 0.485149 0.040858
0.910891 0.485149 0.037258
0.920792 0.485149 0.033568
0.930693 0.485149 0.029911
0.940594 0.485149 0.026203
0.950495 0.485149 0.022363
0.960396 0.485149 0.018284
0.970297 0.485149 0.013875
0.980198 0.485149 0.009151
0.990099 0.485149 0.004496
0.009901 0.495050 0.004335
0.019802 0.495050 0.009276
0.029703 0.495050 0.014692
0.039604 0.495050 0.019276
0.049505 0.495050 0.023303
0.059406 0.495050 0.027009
0.069307 0.495050 0.030604
0.079208 0.495050 0.034171
0.089109 0.495050 0.038059
0.099010 0.495050 0.041712
0.108911 0.495050 0.045371
0.118812 0.495050 0.048734
0.128713 0.495050 0.052017
0.138614 0.495050 0.055239
0.148515 0.495050 0.058396
0.158416 0.495050 0.061500
0.168317 0.495050 0.064396
0.178218 0.495050 0.067247
0.188119 0.495050 0.070083
0.198020 0.495050 0.072845
0.207921 0.495050 0.075561
0.217822 0.495050 0.078192
0.227723 0.495050 0.080714
0.237624 0.495050 0.083124
0.247525 0.495050 0.085405
0.257426 0.495050 0.087579
0.267327 0.495050 0.089640
0.277228 0.495050 0.091619
0.287129 0.495050 0.093553
0.297030 0.495050 0.095403
0.306931 0.495050 0.097155
0.316832 0.495050 0.098815
0.326733 0.495050 0.100388
0.336634 0.495050 0.101880
0.346535 0.495050 0.103283
0.356436 0.495050 0.104612
0.366337 0.495050 0.105878
0.376238 0.495050 0.107053
0.386139 0.495050 0.108134
0.396040 0.495050 0.109133
0.405941 0.495050 0.110033
0.415842 0.495050 0.110829
0.425743 0.495050 0.111538
0.435644 0.495050 0.112168
0.445545 0.495050 0.112711
0.455446 0.495050 0.113152
0.465347 0.495050 0.113502
0.475248 0.495050 0.113774
0.485149 0.495050 0.113956
0.495050 0.495050 0.114041
0.504950 0.495050 0.114041
0.514851 0.495050 0.113956
0.524752 0.495050 0.113774
0.534653 0.495050 0.113502
0.544554 0.495050 0.113152
0.554455 0.495050 0.112711
0.564356 0.495050 0.112168
0.574257 0.495050 0.111538
0.584158 0.495050 0.110829
0.594059 0.495050 0.110033
0.603960 0.495050 0.109133
0.613861 0.495050 0.108134
0.623762 0.495050 0.107053
0.633663 0.495050 0.105878
0.643564 0.495050 0.104612
0.653465 0.495050 0.103283
0.663366 0.495050 0.101880
0.673267 0.495050 0.100388
0.683168 0.495050 0.098815
0.693069 0.495050 0.097155
0.702970 0.495050 0.095403
0.712871 0.495050 0.093553
0.722772 0.495050 0.091619
0.732673 0.495050 0.089640
0.742574 0.495050 0.087579
0.752475 0.495050 0.085405
0.762376 0.495050 0.083124
0.772277 0.495050 0.080714
0.782178 0.495050 0.078192
0.792079 0.495050 0.075561
0.801980 0.495050 0.072845
0.811881 0.495050 0.070083
0.821782 0.495050 0.067247
0.831683 0.495050 0.064396
0.841584 0.495050 0.061500
0.851485 0.495050 0.058396
0.861386 0.495050 0.055239
0.871287 0.495050 0.052017
0.881188 0.495050 0.048734
0.891089 0.495050 0.045371
0.900990 0.495050 0.041712
0.910891 0.495050 0.038059
0.920792 0.495050 0.034171
0.930693 0.495050 0.030604
0.940594 0.495050 0.027009
0.950495 0.495050 0.023303
0.960396 0.495050 0.019276
0.970297 0.495050 0.014692
0.980198 0.495050 0.009276
0.990099 0.495050 0.004335
