0.009901 0.752475 0.004030
0.019802 0.752475 0.008257
0.029703 0.752475 0.011914
0.039604 0.752475 0.015536
0.049505 0.752475 0.018974
0.059406 0.752475 0.022508
0.069307 0.752475 0.025682
0.079208 0.752475 0.028586
0.089109 0.752475 0.031504
0.099010 0.752475 0.034420
0.108911 0.752475 0.037296
0.118812 0.752475 0.040116
0.128713 0.752475 0.042879
0.138614 0.752475 0.045545
0.148515 0.752475 0.048144
0.158416 0.752475 0.050749
0.168317 0.752475 0.053262
0.178218 0.752475 0.055621
0.188119 0.752475 0.057912
0.198020 0.752475 0.060172
0.207921 0.752475 0.062368
0.217822 0.752475 0.064486
0.227723 0.752475 0.066543
0.237624 0.752475 0.068533
0.247525 0.752475 0.070434
0.257426 0.752475 0.072237
0.267327 0.752475 0.073955
0.277228 0.752475 0.075602
0.287129 0.752475 0.077175
0.297030 0.752475 0.078674
0.306931 0.752475 0.080110
0.316832 0.752475 0.081483
0.326733 0.752475 0.082790
0.336634 0.752475 0.084022
0.346535 0.752475 0.085185
0.356436 0.752475 0.086282
0.366337 0.752475 0.087306
0.376238 0.752475 0.088256
0.386139 0.752475 0.089131
0.396040 0.752475 0.089931
0.405941 0.752475 0.090660
0.415842 0.752475 0.091315
0.425743 0.752475 0.091897
0.435644 0.752475 0.092406
0.445545 0.752475 0.092842
0.455446 0.752475 0.093202
0.465347 0.752475 0.093487
0.475248 0.752475 0.093700
0.485149 0.752475 0.093843
0.495050 0.752475 0.093917
0.504950 0.752475 0.093917
0.514851 0.752475 0.093843
0.524752 0.752475 0.093700
0.534653 0.752475 0.093487
0.544554 0.752475 0.093202
0.554455 0.752475 0.092842
0.564356 0.752475 0.092406
0.574257 0.752475 0.091897
0.584158 0.752475 0.091315
0.594059 0.752475 0.090660
0.603960 0.752475 0.089931
0.613861 0.752475 0.089131
0.623762 0.752475 0.088256
0.633663 0.752475 0.087306
0.643564 0.752475 0.086282
0.653465 0.752475 0.085185
0.663366 0.752475 0.084022
0.673267 0.752475 0.082790
0.683168 0.752475 0.081483
0.693069 0.752475 0.080110
0.702970 0.752475 0.078674
0.712871 0.752475 0.077175
0.722772 0.752475 0.075602
0.732673 0.752475 0.073955
0.742574 0.752475 0.072237
0.752475 0.752475 0.070434
0.762376 0.752475 0.068533
0.772277 0.752475 0.066543
0.782178 0.752475 0.064486
0.792079 0.752475 0.062368
0.801980 0.752475 0.060172
0.811881 0.752475 0.057912
0.821782 0.752475 0.055621
0.831683 0.752475 0.053262
0.841584 0.752475 0.050749
0.851485 0.752475 0.048144
0.861386 0.752475 0.045545
0.871287 0.752475 0.042879
0.881188 0.752475 0.040116
0.891089 0.752475 0.037296
0.900990 0.752475 0.034420
0.910891 0.752475 0.031504
0.920792 0.752475 0.028586
0.930693 0.752475 0.025682
0.940594 0.752475 0.022508
0.950495 0.752475 0.018974
0.960396 0.752475 0.015536
0.970297 0.752475 0.011914
0.980198 0.752475 0.008257
0.990099 0.752475 0.004030
0.009901 0.762376 0.003814
0.019802 0.762376 0.007603
0.029703 0.762376 0.011186
0.039604 0.762376 0.014654
0.049505 0.762376 0.018003
0.059406 0.762376 0.021277
0.069307 0.762376 0.024374
0.079208 0.762376 0.027313
0.089109 0.762376 0.030186
0.099010 0.762376 0.033013
0.108911 0.762376 0.035789
0.118812 0.762376 0.038509
0.128713 0.762376 0.041166
0.138614 0.762376 0.043753
0.148515 0.762376 0.046278
0.158416 0.762376 0.048755
0.168317 0.762376 0.051155
0.178218 0.762376 0.053462
0.188119 0.762376 0.055697
0.198020 0.762376 0.057874
0.207921 0.762376 0.059987
0.217822 0.762376 0.062032
0.227723 0.762376 0.064011
0.237624 0.762376 0.065919
0.247525 0.762376 0.067749
0.257426 0.762376 0.069497
0.267327 0.762376 0.071167
0.277228 0.762376 0.072764
0.287129 0.762376 0.074290
0.297030 0.762376 0.075746
0.306931 0.762376 0.077137
0.316832 0.762376 0.078462
0.326733 0.762376 0.079722
0.336634 0.762376 0.080913
0.346535 0.762376 0.082037
0.356436 0.762376 0.083093
0.366337 0.762376 0.084079
0.376238 0.762376 0.084995
0.386139 0.762376 0.085840
0.396040 0.762376 0.086614
0.405941 0.762376 0.087317
0.415842 0.762376 0.087950
0.425743 0.762376 0.088512
0.435644 0.762376 0.089004
0.445545 0.762376 0.089424
0.455446 0.762376 0.089773
0.465347 0.762376 0.090051
0.475248 0.762376 0.090258
0.485149 0.762376 0.090397
0.495050 0.762376 0.090467
0.504950 0.762376 0.090467
0.514851 0.762376 0.090397
0.524752 0.762376 0.090258
0.534653 0.762376 0.090051
0.544554 0.762376 0.089773
0.554455 0.762376 0.089424
0.564356 0.762376 0.089004
0.574257 0.762376 0.088512
0.584158 0.762376 0.087950
0.594059 0.762376 0.087317
0.603960 0.762376 0.086614
0.613861 0.762376 0.085840
0.623762 0.762376 0.084995
0.633663 0.762376 0.084079
0.643564 0.762376 0.083093
0.653465 0.762376 0.082037
0.663366 0.762376 0.080913
0.673267 0.762376 0.079722
0.683168 0.762376 0.078462
0.693069 0.762376 0.077137
0.702970 0.762376 0.075746
0.712871 0.762376 0.074290
0.722772 0.762376 0.072764
0.732673 0.762376 0.071167
0.742574 0.762376 0.069497
0.752475 0.762376 0.067749
0.762376 0.762376 0.065919
0.772277 0.762376 0.064011
0.782178 0.762376 0.062032
0.792079 0.762376 0.059987
0.801980 0.762376 0.057874
0.811881 0.762376 0.055697
0.821782 0.762376 0.053462
0.831683 0.762376 0.051155
0.841584 0.762376 0.048755
0.851485 0.762376 0.046278
0.861386 0.762376 0.043753
0.871287 0.762376 0.041166
0.881188 0.762376 0.038509
0.891089 0.762376 0.035789
0.900990 0.762376 0.033013
0.910891 0.762376 0.030186
0.920792 0.762376 0.027313
0.930693 0.762376 0.024374
0.940594 0.762376 0.021277
0.950495 0.762376 0.018003
0.960396 0.762376 0.014654
0.970297 0.762376 0.011186
0.980198 0.762376 0.007603
0.990099 0.762376 0.003814
0.009901 0.772277 0.003585
0.019802 0.772277 0.007115
0.029703 0.772277 0.010534
0.039604 0.772277 0.013849
0.049505 0.772277 0.017062
0.059406 0.772277 0.020178
0.069307 0.772277 0.023174
0.079208 0.772277 0.026058
0.089109 0.772277 0.028862
0.099010 0.772277 0.031603
0.108911 0.772277 0.034285
0.118812 0.772277 0.036907
0.128713 0.772277 0.039468
0.138614 0.772277 0.041965
0.148515 0.772277 0.044399
0.158416 0.772277 0.046774
0.168317 0.772277 0.049080
0.178218 0.772277 0.051311
0.188119 0.772277 0.053474
0.198020 0.772277 0.055572
0.207921 0.772277 0.057607
0.217822 0.772277 0.059576
0.227723 0.772277 0.061479
0.237624 0.772277 0.063313
0.247525 0.772277 0.065074
0.257426 0.772277 0.066762
0.267327 0.772277 0.068377
0.277228 0.772277 0.069922
0.287129 0.772277 0.071398
0.297030 0.772277 0.072807
0.306931 0.772277 0.074151
0.316832 0.772277 0.075430
0.326733 0.772277 0.076644
0.336634 0.772277 0.077793
0.346535 0.772277 0.078875
0.356436 0.772277 0.079892
0.366337 0.772277 0.080842
0.376238 0.772277 0.081724
0.386139 0.772277 0.082538
0.396040 0.772277 0.083284
0.405941 0.772277 0.083962
0.415842 0.772277 0.084573
0.425743 0.772277 0.085115
0.435644 0.772277 0.085588
0.445545 0.772277 0.085994
0.455446 0.772277 0.086331
0.465347 0.772277 0.086600
0.475248 0.772277 0.086801
0.485149 0.772277 0.086936
0.495050 0.772277 0.087003
0.504950 0.772277 0.087003
0.514851 0.772277 0.086936
0.524752 0.772277 0.086801
0.534653 0.772277 0.086600
0.544554 0.772277 0.086331
0.554455 0.772277 0.085994
0.564356 0.772277 0.085588
0.574257 0.772277 0.085115
0.584158 0.772277 0.084573
0.594059 0.772277 0.083962
0.603960 0.772277 0.083284
0.613861 0.772277 0.082538
0.623762 0.772277 0.081724
0.633663 0.772277 0.080842
0.643564 0.772277 0.079892
0.653465 0.772277 0.078875
0.663366 0.772277 0.077793
0.673267 0.772277 0.076644
0.683168 0.772277 0.075430
0.693069 0.772277 0.074151
0.702970 0.772277 0.072807
0.712871 0.772277 0.071398
0.722772 0.772277 0.069922
0.732673 0.772277 0.068377
0.742574 0.772277 0.066762
0.752475 0.772277 0.065074
0.762376 0.772277 0.063313
0.772277 0.772277 0.061479
0.782178 0.772277 0.059576
0.792079 0.772277 0.057607
0.801980 0.772277 0.055572
0.811881 0.772277 0.053474
0.821782 0.772277 0.051311
0.831683 0.772277 0.049080
0.841584 0.772277 0.046774
0.851485 0.772277 0.044399
0.861386 0.772277 0.041965
0.871287 0.772277 0.039468
0.881188 0.772277 0.036907
0.891089 0.772277 0.034285
0.900990 0.772277 0.031603
0.910891 0.772277 0.028862
0.920792 0.772277 0.026058
0.930693 0.772277 0.023174
0.940594 0.772277 0.020178
0.950495 0.772277 0.017062
0.960396 0.772277 0.013849
0.970297 0.772277 0.010534
0.980198 0.772277 0.007115
0.990099 0.772277 0.003585
0.009901 0.782178 0.003377
0.019802 0.782178 0.006699
0.029703 0.782178 0.009944
0.039604 0.782178 0.013103
0.049505 0.782178 0.016174
0.059406 0.782178 0.019155
0.069307 0.782178 0.022040
0.079208 0.782178 0.024834
0.089109 0.782178 0.027551
0.099010 0.782178 0.030200
0.108911 0.782178 0.032786
0.118812 0.782178 0.035312
0.128713 0.782178 0.037777
0.138614 0.782178 0.040180
0.148515 0.782178 0.042522
0.158416 0.782178 0.044802
0.168317 0.782178 0.047018
0.178218 0.782178 0.049166
0.188119 0.782178 0.051250
0.198020 0.782178 0.053269
0.207921 0.782178 0.055226
0.217822 0.782178 0.057119
0.227723 0.782178 0.058947
0.237624 0.782178 0.060709
0.247525 0.782178 0.062403
0.257426 0.782178 0.064028
0.267327 0.782178 0.065585
0.277228 0.782178 0.067075
0.287129 0.782178 0.068499
0.297030 0.782178 0.069858
0.306931 0.782178 0.071153
0.316832 0.782178 0.072385
0.326733 0.782178 0.073554
0.336634 0.782178 0.074660
0.346535 0.782178 0.075701
0.356436 0.782178 0.076679
0.366337 0.782178 0.077592
0.376238 0.782178 0.078440
0.386139 0.782178 0.079224
0.396040 0.782178 0.079941
0.405941 0.782178 0.080594
0.415842 0.782178 0.081181
0.425743 0.782178 0.081703
0.435644 0.782178 0.082159
0.445545 0.782178 0.082549
0.455446 0.782178 0.082874
0.465347 0.782178 0.083134
0.475248 0.782178 0.083328
0.485149 0.782178 0.083458
0.495050 0.782178 0.083523
0.504950 0.782178 0.083523
0.514851 0.782178 0.083458
0.524752 0.782178 0.083328
0.534653 0.782178 0.083134
0.544554 0.782178 0.082874
0.554455 0.782178 0.082549
0.564356 0.782178 0.082159
0.574257 0.782178 0.081703
0.584158 0.782178 0.081181
0.594059 0.782178 0.080594
0.603960 0.782178 0.079941
0.613861 0.782178 0.079224
0.623762 0.782178 0.078440
0.633663 0.782178 0.077592
0.643564 0.782178 0.076679
0.653465 0.782178 0.075701
0.663366 0.782178 0.074660
0.673267 0.782178 0.073554
0.683168 0.782178 0.072385
0.693069 0.782178 0.071153
0.702970 0.782178 0.069858
0.712871 0.782178 0.068499
0.722772 0.782178 0.067075
0.732673 0.782178 0.065585
0.742574 0.782178 0.064028
0.752475 0.782178 0.062403
0.762376 0.782178 0.060709
0.772277 0.782178 0.058947
0.782178 0.782178 0.057119
0.792079 0.782178 0.055226
0.801980 0.782178 0.053269
0.811881 0.782178 0.051250
0.821782 0.782178 0.049166
0.831683 0.782178 0.047018
0.841584 0.782178 0.044802
0.851485 0.782178 0.042522
0.861386 0.782178 0.040180
0.871287 0.782178 0.037777
0.881188 0.782178 0.035312
0.891089 0.782178 0.032786
0.900990 0.782178 0.030200
0.910891 0.782178 0.027551
0.920792 0.782178 0.024834
0.930693 0.782178 0.022040
0.940594 0.782178 0.019155
0.950495 0.782178 0.016174
0.960396 0.782178 0.013103
0.970297 0.782178 0.009944
0.980198 0.782178 0.006699
0.990099 0.782178 0.003377
0.009901 0.792079 0.003186
0.019802 0.792079 0.006325
0.029703 0.792079 0.009401
0.039604 0.792079 0.012405
0.049505 0.792079 0.015333
0.059406 0.792079 0.018182
0.069307 0.792079 0.020950
0.079208 0.792079 0.023640
0.089109 0.792079 0.026257
0.099010 0.792079 0.028808
0.108911 0.792079 0.031297
0.118812 0.792079 0.033724
0.128713 0.792079 0.036092
0.138614 0.792079 0.038400
0.148515 0.792079 0.040648
0.158416 0.792079 0.042835
0.168317 0.792079 0.044961
0.178218 0.792079 0.047024
0.188119 0.792079 0.049026
0.198020 0.792079 0.050965
0.207921 0.792079 0.052843
0.217822 0.792079 0.054660
0.227723 0.792079 0.056413
0.237624 0.792079 0.058104
0.247525 0.792079 0.059730
0.257426 0.792079 0.061291
0.267327 0.792079 0.062788
0.277228 0.792079 0.064221
0.287129 0.792079 0.065591
0.297030 0.792079 0.066899
0.306931 0.792079 0.068144
0.316832 0.792079 0.069328
0.326733 0.792079 0.070451
0.336634 0.792079 0.071513
0.346535 0.792079 0.072513
0.356436 0.792079 0.073452
0.366337 0.792079 0.074328
0.376238 0.792079 0.075143
0.386139 0.792079 0.075894
0.396040 0.792079 0.076584
0.405941 0.792079 0.077210
0.415842 0.792079 0.077774
0.425743 0.792079 0.078275
0.435644 0.792079 0.078713
0.445545 0.792079 0.079088
0.455446 0.792079 0.079401
0.465347 0.792079 0.079650
0.475248 0.792079 0.079837
0.485149 0.792079 0.079962
0.495050 0.792079 0.080024
0.504950 0.792079 0.080024
0.514851 0.792079 0.079962
0.524752 0.792079 0.079837
0.534653 0.792079 0.079650
0.544554 0.792079 0.079401
0.554455 0.792079 0.079088
0.564356 0.792079 0.078713
0.574257 0.792079 0.078275
0.584158 0.792079 0.077774
0.594059 0.792079 0.077210
0.603960 0.792079 0.076584
0.613861 0.792079 0.075894
0.623762 0.792079 0.075143
0.633663 0.792079 0.074328
0.643564 0.792079 0.073452
0.653465 0.792079 0.072513
0.663366 0.792079 0.071513
0.673267 0.792079 0.070451
0.683168 0.792079 0.069328
0.693069 0.792079 0.068144
0.702970 0.792079 0.066899
0.712871 0.792079 0.065591
0.722772 0.792079 0.064221
0.732673 0.792079 0.062788
0.742574 0.792079 0.061291
0.752475 0.792079 0.059730
0.762376 0.792079 0.058104
0.772277 0.792079 0.056413
0.782178 0.792079 0.054660
0.792079 0.792079 0.052843
0.801980 0.792079 0.050965
0.811881 0.792079 0.049026
0.821782 0.792079 0.047024
0.831683 0.792079 0.044961
0.841584 0.792079 0.042835
0.851485 0.792079 0.040648
0.861386 0.792079 0.038400
0.871287 0.792079 0.036092
0.881188 0.792079 0.033724
0.891089 0.792079 0.031297
0.900990 0.792079 0.028808
0.910891 0.792079 0.026257
0.920792 0.792079 0.023640
0.930693 0.792079 0.020950
0.940594 0.792079 0.018182
0.950495 0.792079 0.015333
0.960396 0.792079 0.012405
0.970297 0.792079 0.009401
0.980198 0.792079 0.006325
0.990099 0.792079 0.003186
0.009901 0.801980 0.003010
0.019802 0.801980 0.005977
0.029703 0.801980 0.008891
0.039604 0.801980 0.011744
0.049505 0.801980 0.014530
0.059406 0.801980 0.017248
0.069307 0.801980 0.019894
0.079208 0.801980 0.022472
0.089109 0.801980 0.024982
0.099010 0.801980 0.027430
0.108911 0.801980 0.029816
0.118812 0.801980 0.032144
0.128713 0.801980 0.034413
0.138614 0.801980 0.036624
0.148515 0.801980 0.038777
0.158416 0.801980 0.040871
0.168317 0.801980 0.042907
0.178218 0.801980 0.044884
0.188119 0.801980 0.046801
0.198020 0.801980 0.048659
0.207921 0.801980 0.050458
0.217822 0.801980 0.052197
0.227723 0.801980 0.053876
0.237624 0.801980 0.055495
0.247525 0.801980 0.057053
0.257426 0.801980 0.058549
0.267327 0.801980 0.059985
0.277228 0.801980 0.061359
0.287129 0.801980 0.062673
0.297030 0.801980 0.063928
0.306931 0.801980 0.065122
0.316832 0.801980 0.066258
0.326733 0.801980 0.067334
0.336634 0.801980 0.068352
0.346535 0.801980 0.069310
0.356436 0.801980 0.070209
0.366337 0.801980 0.071049
0.376238 0.801980 0.071829
0.386139 0.801980 0.072549
0.396040 0.801980 0.073209
0.405941 0.801980 0.073810
0.415842 0.801980 0.074350
0.425743 0.801980 0.074830
0.435644 0.801980 0.075250
0.445545 0.801980 0.075609
0.455446 0.801980 0.075909
0.465347 0.801980 0.076148
0.475248 0.801980 0.076328
0.485149 0.801980 0.076448
0.495050 0.801980 0.076507
0.504950 0.801980 0.076507
0.514851 0.801980 0.076448
0.524752 0.801980 0.076328
0.534653 0.801980 0.076148
0.544554 0.801980 0.075909
0.554455 0.801980 0.075609
0.564356 0.801980 0.075250
0.574257 0.801980 0.074830
0.584158 0.801980 0.074350
0.594059 0.801980 0.073810
0.603960 0.801980 0.073209
0.613861 0.801980 0.072549
0.623762 0.801980 0.071829
0.633663 0.801980 0.071049
0.643564 0.801980 0.070209
0.653465 0.801980 0.069310
0.663366 0.801980 0.068352
0.673267 0.801980 0.067334
0.683168 0.801980 0.066258
0.693069 0.801980 0.065122
0.702970 0.801980 0.063928
0.712871 0.801980 0.062673
0.722772 0.801980 0.061359
0.732673 0.801980 0.059985
0.742574 0.801980 0.058549
0.752475 0.801980 0.057053
0.762376 0.801980 0.055495
0.772277 0.801980 0.053876
0.782178 0.801980 0.052197
0.792079 0.801980 0.050458
0.801980 0.801980 0.048659
0.811881 0.801980 0.046801
0.821782 0.801980 0.044884
0.831683 0.801980 0.042907
0.841584 0.801980 0.040871
0.851485 0.801980 0.038777
0.861386 0.801980 0.036624
0.871287 0.801980 0.034413
0.881188 0.801980 0.032144
0.891089 0.801980 0.029816
0.900990 0.801980 0.027430
0.910891 0.801980 0.024982
0.920792 0.801980 0.022472
0.930693 0.801980 0.019894
0.940594 0.801980 0.017248
0.950495 0.801980 0.014530
0.960396 0.801980 0.011744
0.970297 0.801980 0.008891
0.980198 0.801980 0.005977
0.990099 0.801980 0.003010
0.009901 0.811881 0.002843
0.019802 0.811881 0.005648
0.029703 0.811881 0.008405
0.039604 0.811881 0.011110
0.049505 0.811881 0.013756
0.059406 0.811881 0.016341
0.069307 0.811881 0.018864
0.079208 0.811881 0.021324
0.089109 0.811881 0.023724
0.099010 0.811881 0.026063
0.108911 0.811881 0.028345
0.118812 0.811881 0.030570
0.128713 0.811881 0.032738
0.138614 0.811881 0.034851
0.148515 0.811881 0.036908
0.158416 0.811881 0.038909
0.168317 0.811881 0.040854
0.178218 0.811881 0.042743
0.188119 0.811881 0.044575
0.198020 0.811881 0.046350
0.207921 0.811881 0.048068
0.217822 0.811881 0.049730
0.227723 0.811881 0.051334
0.237624 0.811881 0.052881
0.247525 0.811881 0.054369
0.257426 0.811881 0.055800
0.267327 0.811881 0.057173
0.277228 0.811881 0.058487
0.287129 0.811881 0.059744
0.297030 0.811881 0.060944
0.306931 0.811881 0.062087
0.316832 0.811881 0.063173
0.326733 0.811881 0.064202
0.336634 0.811881 0.065175
0.346535 0.811881 0.066091
0.356436 0.811881 0.066950
0.366337 0.811881 0.067753
0.376238 0.811881 0.068498
0.386139 0.811881 0.069186
0.396040 0.811881 0.069817
0.405941 0.811881 0.070391
0.415842 0.811881 0.070907
0.425743 0.811881 0.071366
0.435644 0.811881 0.071767
0.445545 0.811881 0.072111
0.455446 0.811881 0.072397
0.465347 0.811881 0.072627
0.475248 0.811881 0.072798
0.485149 0.811881 0.072913
0.495050 0.811881 0.072970
0.504950 0.811881 0.072970
0.514851 0.811881 0.072913
0.524752 0.811881 0.072798
0.534653 0.811881 0.072627
0.544554 0.811881 0.072397
0.554455 0.811881 0.072111
0.564356 0.811881 0.071767
0.574257 0.811881 0.071366
0.584158 0.811881 0.070907
0.594059 0.811881 0.070391
0.603960 0.811881 0.069817
0.613861 0.811881 0.069186
0.623762 0.811881 0.068498
0.633663 0.811881 0.067753
0.643564 0.811881 0.066950
0.653465 0.811881 0.066091
0.663366 0.811881 0.065175
0.673267 0.811881 0.064202
0.683168 0.811881 0.063173
0.693069 0.811881 0.062087
0.702970 0.811881 0.060944
0.712871 0.811881 0.059744
0.722772 0.811881 0.058487
0.732673 0.811881 0.057173
0.742574 0.811881 0.055800
0.752475 0.811881 0.054369
0.762376 0.811881 0.052881
0.772277 0.811881 0.051334
0.782178 0.811881 0.049730
0.792079 0.811881 0.048068
0.801980 0.811881 0.046350
0.811881 0.811881 0.044575
0.821782 0.811881 0.042743
0.831683 0.811881 0.040854
0.841584 0.811881 0.038909
0.851485 0.811881 0.036908
0.861386 0.811881 0.034851
0.871287 0.811881 0.032738
0.881188 0.811881 0.030570
0.891089 0.811881 0.028345
0.900990 0.811881 0.026063
0.910891 0.811881 0.023724
0.920792 0.811881 0.021324
0.930693 0.811881 0.018864
0.940594 0.811881 0.016341
0.950495 0.811881 0.013756
0.960396 0.811881 0.011110
0.970297 0.811881 0.008405
0.980198 0.811881 0.005648
0.990099 0.811881 0.002843
0.009901 0.821782 0.002684
0.019802 0.821782 0.005332
0.029703 0.821782 0.007938
0.039604 0.821782 0.010496
0.049505 0.821782 0.013004
0.059406 0.821782 0.015457
0.069307 0.821782 0.017854
0.079208 0.821782 0.020194
0.089109 0.821782 0.022479
0.099010 0.821782 0.024707
0.108911 0.821782 0.026881
0.118812 0.821782 0.029001
0.128713 0.821782 0.031068
0.138614 0.821782 0.033081
0.148515 0.821782 0.035041
0.158416 0.821782 0.036947
0.168317 0.821782 0.038800
0.178218 0.821782 0.040599
0.188119 0.821782 0.042345
0.198020 0.821782 0.044036
0.207921 0.821782 0.045674
0.217822 0.821782 0.047257
0.227723 0.821782 0.048785
0.237624 0.821782 0.050259
0.247525 0.821782 0.051678
0.257426 0.821782 0.053041
0.267327 0.821782 0.054350
0.277228 0.821782 0.055604
0.287129 0.821782 0.056802
0.297030 0.821782 0.057947
0.306931 0.821782 0.059037
0.316832 0.821782 0.060072
0.326733 0.821782 0.061054
0.336634 0.821782 0.061981
0.346535 0.821782 0.062854
0.356436 0.821782 0.063673
0.366337 0.821782 0.064438
0.376238 0.821782 0.065148
0.386139 0.821782 0.065804
0.396040 0.821782 0.066405
0.405941 0.821782 0.066952
0.415842 0.821782 0.067444
0.425743 0.821782 0.067881
0.435644 0.821782 0.068264
0.445545 0.821782 0.068592
0.455446 0.821782 0.068865
0.465347 0.821782 0.069083
0.475248 0.821782 0.069247
0.485149 0.821782 0.069356
0.495050 0.821782 0.069411
0.504950 0.821782 0.069411
0.514851 0.821782 0.069356
0.524752 0.821782 0.069247
0.534653 0.821782 0.069083
0.544554 0.821782 0.068865
0.554455 0.821782 0.068592
0.564356 0.821782 0.068264
0.574257 0.821782 0.067881
0.584158 0.821782 0.067444
0.594059 0.821782 0.066952
0.603960 0.821782 0.066405
0.613861 0.821782 0.065804
0.623762 0.821782 0.065148
0.633663 0.821782 0.064438
0.643564 0.821782 0.063673
0.653465 0.821782 0.062854
0.663366 0.821782 0.061981
0.673267 0.821782 0.061054
0.683168 0.821782 0.060072
0.693069 0.821782 0.059037
0.702970 0.821782 0.057947
0.712871 0.821782 0.056802
0.722772 0.821782 0.055604
0.732673 0.821782 0.054350
0.742574 0.821782 0.053041
0.752475 0.821782 0.051678
0.762376 0.821782 0.050259
0.772277 0.821782 0.048785
0.782178 0.821782 0.047257
0.792079 0.821782 0.045674
0.801980 0.821782 0.044036
0.811881 0.821782 0.042345
0.821782 0.821782 0.040599
0.831683 0.821782 0.038800
0.841584 0.821782 0.036947
0.851485 0.821782 0.035041
0.861386 0.821782 0.033081
0.871287 0.821782 0.031068
0.881188 0.821782 0.029001
0.891089 0.821782 0.026881
0.900990 0.821782 0.024707
0.910891 0.821782 0.022479
0.920792 0.821782 0.020194
0.930693 0.821782 0.017854
0.940594 0.821782 0.015457
0.950495 0.821782 0.013004
0.960396 0.821782 0.010496
0.970297 0.821782 0.007938
0.980198 0.821782 0.005332
0.990099 0.821782 0.002684
0.009901 0.831683 0.002529
0.019802 0.831683 0.005025
0.029703 0.831683 0.007483
0.039604 0.831683 0.009898
0.049505 0.831683 0.012268
0.059406 0.831683 0.014588
0.069307 0.831683 0.016858
0.079208 0.831683 0.019077
0.089109 0.831683 0.021244
0.099010 0.831683 0.023360
0.108911 0.831683 0.025424
0.118812 0.831683 0.027438
0.128713 0.831683 0.029400
0.138614 0.831683 0.031312
0.148515 0.831683 0.033173
0.158416 0.831683 0.034984
0.168317 0.831683 0.036744
0.178218 0.831683 0.038453
0.188119 0.831683 0.040110
0.198020 0.831683 0.041717
0.207921 0.831683 0.043272
0.217822 0.831683 0.044776
0.227723 0.831683 0.046228
0.237624 0.831683 0.047628
0.247525 0.831683 0.048975
0.257426 0.831683 0.050271
0.267327 0.831683 0.051515
0.277228 0.831683 0.052707
0.287129 0.831683 0.053846
0.297030 0.831683 0.054934
0.306931 0.831683 0.055970
0.316832 0.831683 0.056954
0.326733 0.831683 0.057887
0.336634 0.831683 0.058769
0.346535 0.831683 0.059598
0.356436 0.831683 0.060377
0.366337 0.831683 0.061103
0.376238 0.831683 0.061778
0.386139 0.831683 0.062401
0.396040 0.831683 0.062972
0.405941 0.831683 0.063492
0.415842 0.831683 0.063959
0.425743 0.831683 0.064375
0.435644 0.831683 0.064738
0.445545 0.831683 0.065050
0.455446 0.831683 0.065310
0.465347 0.831683 0.065517
0.475248 0.831683 0.065673
0.485149 0.831683 0.065777
0.495050 0.831683 0.065829
0.504950 0.831683 0.065829
0.514851 0.831683 0.065777
0.524752 0.831683 0.065673
0.534653 0.831683 0.065517
0.544554 0.831683 0.065310
0.554455 0.831683 0.065050
0.564356 0.831683 0.064738
0.574257 0.831683 0.064375
0.584158 0.831683 0.063959
0.594059 0.831683 0.063492
0.603960 0.831683 0.062972
0.613861 0.831683 0.062401
0.623762 0.831683 0.061778
0.633663 0.831683 0.061103
0.643564 0.831683 0.060377
0.653465 0.831683 0.059598
0.663366 0.831683 0.058769
0.673267 0.831683 0.057887
0.683168 0.831683 0.056954
0.693069 0.831683 0.055970
0.702970 0.831683 0.054934
0.712871 0.831683 0.053846
0.722772 0.831683 0.052707
0.732673 0.831683 0.051515
0.742574 0.831683 0.050271
0.752475 0.831683 0.048975
0.762376 0.831683 0.047628
0.772277 0.831683 0.046228
0.782178 0.831683 0.044776
0.792079 0.831683 0.043272
0.801980 0.831683 0.041717
0.811881 0.831683 0.040110
0.821782 0.831683 0.038453
0.831683 0.831683 0.036744
0.841584 0.831683 0.034984
0.851485 0.831683 0.033173
0.861386 0.831683 0.031312
0.871287 0.831683 0.029400
0.881188 0.831683 0.027438
0.891089 0.831683 0.025424
0.900990 0.831683 0.023360
0.910891 0.831683 0.021244
0.920792 0.831683 0.019077
0.930693 0.831683 0.016858
0.940594 0.831683 0.014588
0.950495 0.831683 0.012268
0.960396 0.831683 0.009898
0.970297 0.831683 0.007483
0.980198 0.831683 0.005025
0.990099 0.831683 0.002529
0.009901 0.841584 0.002378
0.019802 0.841584 0.004725
0.029703 0.841584 0.007037
0.039604 0.841584 0.009311
0.049505 0.841584 0.011544
0.059406 0.841584 0.013732
0.069307 0.841584 0.015874
0.079208 0.841584 0.017970
0.089109 0.841584 0.020018
0.099010 0.841584 0.022019
0.108911 0.841584 0.023972
0.118812 0.841584 0.025876
0.128713 0.841584 0.027734
0.138614 0.841584 0.029543
0.148515 0.841584 0.031304
0.158416 0.841584 0.033018
0.168317 0.841584 0.034683
0.178218 0.841584 0.036301
0.188119 0.841584 0.037870
0.198020 0.841584 0.039390
0.207921 0.841584 0.040862
0.217822 0.841584 0.042286
0.227723 0.841584 0.043660
0.237624 0.841584 0.044985
0.247525 0.841584 0.046262
0.257426 0.841584 0.047489
0.267327 0.841584 0.048666
0.277228 0.841584 0.049795
0.287129 0.841584 0.050874
0.297030 0.841584 0.051905
0.306931 0.841584 0.052886
0.316832 0.841584 0.053818
0.326733 0.841584 0.054702
0.336634 0.841584 0.055537
0.346535 0.841584 0.056322
0.356436 0.841584 0.057059
0.366337 0.841584 0.057747
0.376238 0.841584 0.058386
0.386139 0.841584 0.058976
0.396040 0.841584 0.059517
0.405941 0.841584 0.060009
0.415842 0.841584 0.060452
0.425743 0.841584 0.060845
0.435644 0.841584 0.061189
0.445545 0.841584 0.061484
0.455446 0.841584 0.061730
0.465347 0.841584 0.061927
0.475248 0.841584 0.062074
0.485149 0.841584 0.062173
0.495050 0.841584 0.062222
0.504950 0.841584 0.062222
0.514851 0.841584 0.062173
0.524752 0.841584 0.062074
0.534653 0.841584 0.061927
0.544554 0.841584 0.061730
0.554455 0.841584 0.061484
0.564356 0.841584 0.061189
0.574257 0.841584 0.060845
0.584158 0.841584 0.060452
0.594059 0.841584 0.060009
0.603960 0.841584 0.059517
0.613861 0.841584 0.058976
0.623762 0.841584 0.058386
0.633663 0.841584 0.057747
0.643564 0.841584 0.057059
0.653465 0.841584 0.056322
0.663366 0.841584 0.055537
0.673267 0.841584 0.054702
0.683168 0.841584 0.053818
0.693069 0.841584 0.052886
0.702970 0.841584 0.051905
0.712871 0.841584 0.050874
0.722772 0.841584 0.049795
0.732673 0.841584 0.048666
0.742574 0.841584 0.047489
0.752475 0.841584 0.046262
0.762376 0.841584 0.044985
0.772277 0.841584 0.043660
0.782178 0.841584 0.042286
0.792079 0.841584 0.040862
0.801980 0.841584 0.039390
0.811881 0.841584 0.037870
0.821782 0.841584 0.036301
0.831683 0.841584 0.034683
0.841584 0.841584 0.033018
0.851485 0.841584 0.031304
0.861386 0.841584 0.029543
0.871287 0.841584 0.027734
0.881188 0.841584 0.025876
0.891089 0.841584 0.023972
0.900990 0.841584 0.022019
0.910891 0.841584 0.020018
0.920792 0.841584 0.017970
0.930693 0.841584 0.015874
0.940594 0.841584 0.013732
0.950495 0.841584 0.011544
0.960396 0.841584 0.009311
0.970297 0.841584 0.007037
0.980198 0.841584 0.004725
0.990099 0.841584 0.002378
0.009901 0.851485 0.002229
0.019802 0.851485 0.004430
0.029703 0.851485 0.006598
0.039604 0.851485 0.008732
0.049505 0.851485 0.010828
0.059406 0.851485 0.012884
0.069307 0.851485 0.014899
0.079208 0.851485 0.016870
0.089109 0.851485 0.018798
0.099010 0.851485 0.020682
0.108911 0.851485 0.022522
0.118812 0.851485 0.024316
0.128713 0.851485 0.026067
0.138614 0.851485 0.027772
0.148515 0.851485 0.029432
0.158416 0.851485 0.031047
0.168317 0.851485 0.032618
0.178218 0.851485 0.034142
0.188119 0.851485 0.035622
0.198020 0.851485 0.037055
0.207921 0.851485 0.038443
0.217822 0.851485 0.039785
0.227723 0.851485 0.041081
0.237624 0.851485 0.042331
0.247525 0.851485 0.043534
0.257426 0.851485 0.044692
0.267327 0.851485 0.045802
0.277228 0.851485 0.046867
0.287129 0.851485 0.047885
0.297030 0.851485 0.048857
0.306931 0.851485 0.049783
0.316832 0.851485 0.050663
0.326733 0.851485 0.051496
0.336634 0.851485 0.052284
0.346535 0.851485 0.053025
0.356436 0.851485 0.053720
0.366337 0.851485 0.054369
0.376238 0.851485 0.054971
0.386139 0.851485 0.055528
0.396040 0.851485 0.056038
0.405941 0.851485 0.056502
0.415842 0.851485 0.056919
0.425743 0.851485 0.057290
0.435644 0.851485 0.057615
0.445545 0.851485 0.057893
0.455446 0.851485 0.058125
0.465347 0.851485 0.058311
0.475248 0.851485 0.058450
0.485149 0.851485 0.058543
0.495050 0.851485 0.058589
0.504950 0.851485 0.058589
0.514851 0.851485 0.058543
0.524752 0.851485 0.058450
0.534653 0.851485 0.058311
0.544554 0.851485 0.058125
0.554455 0.851485 0.057893
0.564356 0.851485 0.057615
0.574257 0.851485 0.057290
0.584158 0.851485 0.056919
0.594059 0.851485 0.056502
0.603960 0.851485 0.056038
0.613861 0.851485 0.055528
0.623762 0.851485 0.054971
0.633663 0.851485 0.054369
0.643564 0.851485 0.053720
0.653465 0.851485 0.053025
0.663366 0.851485 0.052284
0.673267 0.851485 0.051496
0.683168 0.851485 0.050663
0.693069 0.851485 0.049783
0.702970 0.851485 0.048857
0.712871 0.851485 0.047885
0.722772 0.851485 0.046867
0.732673 0.851485 0.045802
0.742574 0.851485 0.044692
0.752475 0.851485 0.043534
0.762376 0.851485 0.042331
0.772277 0.851485 0.041081
0.782178 0.851485 0.039785
0.792079 0.851485 0.038443
0.801980 0.851485 0.037055
0.811881 0.851485 0.035622
0.821782 0.851485 0.034142
0.831683 0.851485 0.032618
0.841584 0.851485 0.031047
0.851485 0.851485 0.029432
0.861386 0.851485 0.027772
0.871287 0.851485 0.026067
0.881188 0.851485 0.024316
0.891089 0.851485 0.022522
0.900990 0.851485 0.020682
0.910891 0.851485 0.018798
0.920792 0.851485 0.016870
0.930693 0.851485 0.014899
0.940594 0.851485 0.012884
0.950495 0.851485 0.010828
0.960396 0.851485 0.008732
0.970297 0.851485 0.006598
0.980198 0.851485 0.004430
0.990099 0.851485 0.002229
0.009901 0.861386 0.002082
0.019802 0.861386 0.004138
0.029703 0.861386 0.006164
0.039604 0.861386 0.008159
0.049505 0.861386 0.010119
0.059406 0.861386 0.012042
0.069307 0.861386 0.013928
0.079208 0.861386 0.015775
0.089109 0.861386 0.017581
0.099010 0.861386 0.019347
0.108911 0.861386 0.021072
0.118812 0.861386 0.022756
0.128713 0.861386 0.024398
0.138614 0.861386 0.025998
0.148515 0.861386 0.027556
0.158416 0.861386 0.029071
0.168317 0.861386 0.030545
0.178218 0.861386 0.031976
0.188119 0.861386 0.033364
0.198020 0.861386 0.034710
0.207921 0.861386 0.036013
0.217822 0.861386 0.037272
0.227723 0.861386 0.038489
0.237624 0.861386 0.039662
0.247525 0.861386 0.040792
0.257426 0.861386 0.041879
0.267327 0.861386 0.042922
0.277228 0.861386 0.043921
0.287129 0.861386 0.044878
0.297030 0.861386 0.045790
0.306931 0.861386 0.046660
0.316832 0.861386 0.047486
0.326733 0.861386 0.048269
0.336634 0.861386 0.049008
0.346535 0.861386 0.049704
0.356436 0.861386 0.050357
0.366337 0.861386 0.050966
0.376238 0.861386 0.051532
0.386139 0.861386 0.052054
0.396040 0.861386 0.052533
0.405941 0.861386 0.052969
0.415842 0.861386 0.053361
0.425743 0.861386 0.053709
0.435644 0.861386 0.054014
0.445545 0.861386 0.054276
0.455446 0.861386 0.054493
0.465347 0.861386 0.054668
0.475248 0.861386 0.054798
0.485149 0.861386 0.054885
0.495050 0.861386 0.054929
0.504950 0.861386 0.054929
0.514851 0.861386 0.054885
0.524752 0.861386 0.054798
0.534653 0.861386 0.054668
0.544554 0.861386 0.054493
0.554455 0.861386 0.054276
0.564356 0.861386 0.054014
0.574257 0.861386 0.053709
0.584158 0.861386 0.053361
0.594059 0.861386 0.052969
0.603960 0.861386 0.052533
0.613861 0.861386 0.052054
0.623762 0.861386 0.051532
0.633663 0.861386 0.050966
0.643564 0.861386 0.050357
0.653465 0.861386 0.049704
0.663366 0.861386 0.049008
0.673267 0.861386 0.048269
0.683168 0.861386 0.047486
0.693069 0.861386 0.046660
0.702970 0.861386 0.045790
0.712871 0.861386 0.044878
0.722772 0.861386 0.043921
0.732673 0.861386 0.042922
0.742574 0.861386 0.041879
0.752475 0.861386 0.040792
0.762376 0.861386 0.039662
0.772277 0.861386 0.038489
0.782178 0.861386 0.037272
0.792079 0.861386 0.036013
0.801980 0.861386 0.034710
0.811881 0.861386 0.033364
0.821782 0.861386 0.031976
0.831683 0.861386 0.030545
0.841584 0.861386 0.029071
0.851485 0.861386 0.027556
0.861386 0.861386 0.025998
0.871287 0.861386 0.024398
0.881188 0.861386 0.022756
0.891089 0.861386 0.021072
0.900990 0.861386 0.019347
0.910891 0.861386 0.017581
0.920792 0.861386 0.015775
0.930693 0.861386 0.013928
0.940594 0.861386 0.012042
0.950495 0.861386 0.010119
0.960396 0.861386 0.008159
0.970297 0.861386 0.006164
0.980198 0.861386 0.004138
0.990099 0.861386 0.002082
0.009901 0.871287 0.001936
0.019802 0.871287 0.003848
0.029703 0.871287 0.005733
0.039604 0.871287 0.007589
0.049505 0.871287 0.009413
0.059406 0.871287 0.011204
0.069307 0.871287 0.012961
0.079208 0.871287 0.014682
0.089109 0.871287 0.016366
0.099010 0.871287 0.018013
0.108911 0.871287 0.019622
0.118812 0.871287 0.021193
0.128713 0.871287 0.022725
0.138614 0.871287 0.024219
0.148515 0.871287 0.025673
0.158416 0.871287 0.027088
0.168317 0.871287 0.028464
0.178218 0.871287 0.029800
0.188119 0.871287 0.031096
0.198020 0.871287 0.032353
0.207921 0.871287 0.033569
0.217822 0.871287 0.034746
0.227723 0.871287 0.035882
0.237624 0.871287 0.036978
0.247525 0.871287 0.038033
0.257426 0.871287 0.039048
0.267327 0.871287 0.040023
0.277228 0.871287 0.040956
0.287129 0.871287 0.041850
0.297030 0.871287 0.042703
0.306931 0.871287 0.043515
0.316832 0.871287 0.044287
0.326733 0.871287 0.045018
0.336634 0.871287 0.045709
0.346535 0.871287 0.046359
0.356436 0.871287 0.046969
0.366337 0.871287 0.047538
0.376238 0.871287 0.048066
0.386139 0.871287 0.048555
0.396040 0.871287 0.049002
0.405941 0.871287 0.049409
0.415842 0.871287 0.049775
0.425743 0.871287 0.050101
0.435644 0.871287 0.050385
0.445545 0.871287 0.050629
0.455446 0.871287 0.050833
0.465347 0.871287 0.050996
0.475248 0.871287 0.051118
0.485149 0.871287 0.051199
0.495050 0.871287 0.051240
0.504950 0.871287 0.051240
0.514851 0.871287 0.051199
0.524752 0.871287 0.051118
0.534653 0.871287 0.050996
0.544554 0.871287 0.050833
0.554455 0.871287 0.050629
0.564356 0.871287 0.050385
0.574257 0.871287 0.050101
0.584158 0.871287 0.049775
0.594059 0.871287 0.049409
0.603960 0.871287 0.049002
0.613861 0.871287 0.048555
0.623762 0.871287 0.048066
0.633663 0.871287 0.047538
0.643564 0.871287 0.046969
0.653465 0.871287 0.046359
0.663366 0.871287 0.045709
0.673267 0.871287 0.045018
0.683168 0.871287 0.044287
0.693069 0.871287 0.043515
0.702970 0.871287 0.042703
0.712871 0.871287 0.041850
0.722772 0.871287 0.040956
0.732673 0.871287 0.040023
0.742574 0.871287 0.039048
0.752475 0.871287 0.038033
0.762376 0.871287 0.036978
0.772277 0.871287 0.035882
0.782178 0.871287 0.034746
0.792079 0.871287 0.033569
0.801980 0.871287 0.032353
0.811881 0.871287 0.031096
0.821782 0.871287 0.029800
0.831683 0.871287 0.028464
0.841584 0.871287 0.027088
0.851485 0.871287 0.025673
0.861386 0.871287 0.024219
0.871287 0.871287 0.022725
0.881188 0.871287 0.021193
0.891089 0.871287 0.019622
0.900990 0.871287 0.018013
0.910891 0.871287 0.016366
0.920792 0.871287 0.014682
0.930693 0.871287 0.012961
0.940594 0.871287 0.011204
0.950495 0.871287 0.009413
0.960396 0.871287 0.007589
0.970297 0.871287 0.005733
0.980198 0.871287 0.003848
0.990099 0.871287 0.001936
0.009901 0.881188 0.001791
0.019802 0.881188 0.003560
0.029703 0.881188 0.005303
0.039604 0.881188 0.007020
0.049505 0.881188 0.008709
0.059406 0.881188 0.010367
0.069307 0.881188 0.011994
0.079208 0.881188 0.013589
0.089109 0.881188 0.015150
0.099010 0.881188 0.016677
0.108911 0.881188 0.018169
0.118812 0.881188 0.019626
0.128713 0.881188 0.021048
0.138614 0.881188 0.022433
0.148515 0.881188 0.023783
0.158416 0.881188 0.025096
0.168317 0.881188 0.026373
0.178218 0.881188 0.027613
0.188119 0.881188 0.028816
0.198020 0.881188 0.029983
0.207921 0.881188 0.031112
0.217822 0.881188 0.032204
0.227723 0.881188 0.033259
0.237624 0.881188 0.034276
0.247525 0.881188 0.035256
0.257426 0.881188 0.036199
0.267327 0.881188 0.037104
0.277228 0.881188 0.037971
0.287129 0.881188 0.038800
0.297030 0.881188 0.039592
0.306931 0.881188 0.040347
0.316832 0.881188 0.041063
0.326733 0.881188 0.041743
0.336634 0.881188 0.042384
0.346535 0.881188 0.042988
0.356436 0.881188 0.043554
0.366337 0.881188 0.044083
0.376238 0.881188 0.044574
0.386139 0.881188 0.045027
0.396040 0.881188 0.045442
0.405941 0.881188 0.045820
0.415842 0.881188 0.046160
0.425743 0.881188 0.046462
0.435644 0.881188 0.046727
0.445545 0.881188 0.046954
0.455446 0.881188 0.047143
0.465347 0.881188 0.047294
0.475248 0.881188 0.047407
0.485149 0.881188 0.047483
0.495050 0.881188 0.047521
0.504950 0.881188 0.047521
0.514851 0.881188 0.047483
0.524752 0.881188 0.047407
0.534653 0.881188 0.047294
0.544554 0.881188 0.047143
0.554455 0.881188 0.046954
0.564356 0.881188 0.046727
0.574257 0.881188 0.046462
0.584158 0.881188 0.046160
0.594059 0.881188 0.045820
0.603960 0.881188 0.045442
0.613861 0.881188 0.045027
0.623762 0.881188 0.044574
0.633663 0.881188 0.044083
0.643564 0.881188 0.043554
0.653465 0.881188 0.042988
0.663366 0.881188 0.042384
0.673267 0.881188 0.041743
0.683168 0.881188 0.041063
0.693069 0.881188 0.040347
0.702970 0.881188 0.039592
0.712871 0.881188 0.038800
0.722772 0.881188 0.037971
0.732673 0.881188 0.037104
0.742574 0.881188 0.036199
0.752475 0.881188 0.035256
0.762376 0.881188 0.034276
0.772277 0.881188 0.033259
0.782178 0.881188 0.032204
0.792079 0.881188 0.031112
0.801980 0.881188 0.029983
0.811881 0.881188 0.028816
0.821782 0.881188 0.027613
0.831683 0.881188 0.026373
0.841584 0.881188 0.025096
0.851485 0.881188 0.023783
0.861386 0.881188 0.022433
0.871287 0.881188 0.021048
0.881188 0.881188 0.019626
0.891089 0.881188 0.018169
0.900990 0.881188 0.016677
0.910891 0.881188 0.015150
0.920792 0.881188 0.013589
0.930693 0.881188 0.011994
0.940594 0.881188 0.010367
0.950495 0.881188 0.008709
0.960396 0.881188 0.007020
0.970297 0.881188 0.005303
0.980198 0.881188 0.003560
0.990099 0.881188 0.001791
0.009901 0.891089 0.001646
0.019802 0.891089 0.003272
0.029703 0.891089 0.004874
0.039604 0.891089 0.006453
0.049505 0.891089 0.008005
0.059406 0.891089 0.009531
0.069307 0.891089 0.011027
0.079208 0.891089 0.012495
0.089109 0.891089 0.013932
0.099010 0.891089 0.015337
0.108911 0.891089 0.016712
0.118812 0.891089 0.018054
0.128713 0.891089 0.019363
0.138614 0.891089 0.020640
0.148515 0.891089 0.021884
0.158416 0.891089 0.023094
0.168317 0.891089 0.024271
0.178218 0.891089 0.025414
0.188119 0.891089 0.026523
0.198020 0.891089 0.027598
0.207921 0.891089 0.028639
0.217822 0.891089 0.029646
0.227723 0.891089 0.030618
0.237624 0.891089 0.031556
0.247525 0.891089 0.032460
0.257426 0.891089 0.033329
0.267327 0.891089 0.034163
0.277228 0.891089 0.034963
0.287129 0.891089 0.035728
0.297030 0.891089 0.036458
0.306931 0.891089 0.037154
0.316832 0.891089 0.037815
0.326733 0.891089 0.038441
0.336634 0.891089 0.039033
0.346535 0.891089 0.039590
0.356436 0.891089 0.040112
0.366337 0.891089 0.040599
0.376238 0.891089 0.041052
0.386139 0.891089 0.041470
0.396040 0.891089 0.041853
0.405941 0.891089 0.042201
0.415842 0.891089 0.042515
0.425743 0.891089 0.042794
0.435644 0.891089 0.043038
0.445545 0.891089 0.043247
0.455446 0.891089 0.043421
0.465347 0.891089 0.043560
0.475248 0.891089 0.043665
0.485149 0.891089 0.043735
0.495050 0.891089 0.043769
0.504950 0.891089 0.043769
0.514851 0.891089 0.043735
0.524752 0.891089 0.043665
0.534653 0.891089 0.043560
0.544554 0.891089 0.043421
0.554455 0.891089 0.043247
0.564356 0.891089 0.043038
0.574257 0.891089 0.042794
0.584158 0.891089 0.042515
0.594059 0.891089 0.042201
0.603960 0.891089 0.041853
0.613861 0.891089 0.041470
0.623762 0.891089 0.041052
0.633663 0.891089 0.040599
0.643564 0.891089 0.040112
0.653465 0.891089 0.039590
0.663366 0.891089 0.039033
0.673267 0.891089 0.038441
0.683168 0.891089 0.037815
0.693069 0.891089 0.037154
0.702970 0.891089 0.036458
0.712871 0.891089 0.035728
0.722772 0.891089 0.034963
0.732673 0.891089 0.034163
0.742574 0.891089 0.033329
0.752475 0.891089 0.032460
0.762376 0.891089 0.031556
0.772277 0.891089 0.030618
0.782178 0.891089 0.029646
0.792079 0.891089 0.028639
0.801980 0.891089 0.027598
0.811881 0.891089 0.026523
0.821782 0.891089 0.025414
0.831683 0.891089 0.024271
0.841584 0.891089 0.023094
0.851485 0.891089 0.021884
0.861386 0.891089 0.020640
0.871287 0.891089 0.019363
0.881188 0.891089 0.018054
0.891089 0.891089 0.016712
0.900990 0.891089 0.015337
0.910891 0.891089 0.013932
0.920792 0.891089 0.012495
0.930693 0.891089 0.011027
0.940594 0.891089 0.009531
0.950495 0.891089 0.008005
0.960396 0.891089 0.006453
0.970297 0.891089 0.004874
0.980198 0.891089 0.003272
0.990099 0.891089 0.001646
0.009901 0.900990 0.001501
0.019802 0.900990 0.002983
0.029703 0.900990 0.004445
0.039604 0.900990 0.005884
0.049505 0.900990 0.007301
0.059406 0.900990 0.008692
0.069307 0.900990 0.010058
0.079208 0.900990 0.011397
0.089109 0.900990 0.012709
0.099010 0.900990 0.013993
0.108911 0.900990 0.015248
0.118812 0.900990 0.016474
0.128713 0.900990 0.017671
0.138614 0.900990 0.018837
0.148515 0.900990 0.019974
0.158416 0.900990 0.021080
0.168317 0.900990 0.022156
0.178218 0.900990 0.023201
0.188119 0.900990 0.024215
0.198020 0.900990 0.025197
0.207921 0.900990 0.026149
0.217822 0.900990 0.027070
0.227723 0.900990 0.027959
0.237624 0.900990 0.028816
0.247525 0.900990 0.029643
0.257426 0.900990 0.030437
0.267327 0.900990 0.031200
0.277228 0.900990 0.031931
0.287129 0.900990 0.032631
0.297030 0.900990 0.033299
0.306931 0.900990 0.033935
0.316832 0.900990 0.034540
0.326733 0.900990 0.035112
0.336634 0.900990 0.035653
0.346535 0.900990 0.036163
0.356436 0.900990 0.036640
0.366337 0.900990 0.037086
0.376238 0.900990 0.037500
0.386139 0.900990 0.037882
0.396040 0.900990 0.038233
0.405941 0.900990 0.038551
0.415842 0.900990 0.038838
0.425743 0.900990 0.039093
0.435644 0.900990 0.039316
0.445545 0.900990 0.039507
0.455446 0.900990 0.039666
0.465347 0.900990 0.039794
0.475248 0.900990 0.039889
0.485149 0.900990 0.039953
0.495050 0.900990 0.039985
0.504950 0.900990 0.039985
0.514851 0.900990 0.039953
0.524752 0.900990 0.039889
0.534653 0.900990 0.039794
0.544554 0.900990 0.039666
0.554455 0.900990 0.039507
0.564356 0.900990 0.039316
0.574257 0.900990 0.039093
0.584158 0.900990 0.038838
0.594059 0.900990 0.038551
0.603960 0.900990 0.038233
0.613861 0.900990 0.037882
0.623762 0.900990 0.037500
0.633663 0.900990 0.037086
0.643564 0.900990 0.036640
0.653465 0.900990 0.036163
0.663366 0.900990 0.035653
0.673267 0.900990 0.035112
0.683168 0.900990 0.034540
0.693069 0.900990 0.033935
0.702970 0.900990 0.033299
0.712871 0.900990 0.032631
0.722772 0.900990 0.031931
0.732673 0.900990 0.031200
0.742574 0.900990 0.030437
0.752475 0.900990 0.029643
0.762376 0.900990 0.028816
0.772277 0.900990 0.027959
0.782178 0.900990 0.027070
0.792079 0.900990 0.026149
0.801980 0.900990 0.025197
0.811881 0.900990 0.024215
0.821782 0.900990 0.023201
0.831683 0.900990 0.022156
0.841584 0.900990 0.021080
0.851485 0.900990 0.019974
0.861386 0.900990 0.018837
0.871287 0.900990 0.017671
0.881188 0.900990 0.016474
0.891089 0.900990 0.015248
0.900990 0.900990 0.013993
0.910891 0.900990 0.012709
0.920792 0.900990 0.011397
0.930693 0.900990 0.010058
0.940594 0.900990 0.008692
0.950495 0.900990 0.007301
0.960396 0.900990 0.005884
0.970297 0.900990 0.004445
0.980198 0.900990 0.002983
0.990099 0.900990 0.001501
0.009901 0.910891 0.001356
0.019802 0.910891 0.002694
0.029703 0.910891 0.004014
0.039604 0.910891 0.005315
0.049505 0.910891 0.006594
0.059406 0.910891 0.007851
0.069307 0.910891 0.009085
0.079208 0.910891 0.010296
0.089109 0.910891 0.011482
0.099010 0.910891 0.012643
0.108911 0.910891 0.013778
0.118812 0.910891 0.014886
0.128713 0.910891 0.015969
0.138614 0.910891 0.017024
0.148515 0.910891 0.018052
0.158416 0.910891 0.019053
0.168317 0.910891 0.020027
0.178218 0.910891 0.020972
0.188119 0.910891 0.021890
0.198020 0.910891 0.022779
0.207921 0.910891 0.023641
0.217822 0.910891 0.024474
0.227723 0.910891 0.025279
0.237624 0.910891 0.026055
0.247525 0.910891 0.026803
0.257426 0.910891 0.027522
0.267327 0.910891 0.028213
0.277228 0.910891 0.028875
0.287129 0.910891 0.029508
0.297030 0.910891 0.030113
0.306931 0.910891 0.030689
0.316832 0.910891 0.031236
0.326733 0.910891 0.031755
0.336634 0.910891 0.032244
0.346535 0.910891 0.032706
0.356436 0.910891 0.033138
0.366337 0.910891 0.033541
0.376238 0.910891 0.033916
0.386139 0.910891 0.034262
0.396040 0.910891 0.034580
0.405941 0.910891 0.034868
0.415842 0.910891 0.035128
0.425743 0.910891 0.035358
0.435644 0.910891 0.035560
0.445545 0.910891 0.035733
0.455446 0.910891 0.035878
0.465347 0.910891 0.035993
0.475248 0.910891 0.036080
0.485149 0.910891 0.036137
0.495050 0.910891 0.036166
0.504950 0.910891 0.036166
0.514851 0.910891 0.036137
0.524752 0.910891 0.036080
0.534653 0.910891 0.035993
0.544554 0.910891 0.035878
0.554455 0.910891 0.035733
0.564356 0.910891 0.035560
0.574257 0.910891 0.035358
0.584158 0.910891 0.035128
0.594059 0.910891 0.034868
0.603960 0.910891 0.034580
0.613861 0.910891 0.034262
0.623762 0.910891 0.033916
0.633663 0.910891 0.033541
0.643564 0.910891 0.033138
0.653465 0.910891 0.032706
0.663366 0.910891 0.032244
0.673267 0.910891 0.031755
0.683168 0.910891 0.031236
0.693069 0.910891 0.030689
0.702970 0.910891 0.030113
0.712871 0.910891 0.029508
0.722772 0.910891 0.028875
0.732673 0.910891 0.028213
0.742574 0.910891 0.027522
0.752475 0.910891 0.026803
0.762376 0.910891 0.026055
0.772277 0.910891 0.025279
0.782178 0.910891 0.024474
0.792079 0.910891 0.023641
0.801980 0.910891 0.022779
0.811881 0.910891 0.021890
0.821782 0.910891 0.020972
0.831683 0.910891 0.020027
0.841584 0.910891 0.019053
0.851485 0.910891 0.018052
0.861386 0.910891 0.017024
0.871287 0.910891 0.015969
0.881188 0.910891 0.014886
0.891089 0.910891 0.013778
0.900990 0.910891 0.012643
0.910891 0.910891 0.011482
0.920792 0.910891 0.010296
0.930693 0.910891 0.009085
0.940594 0.910891 0.007851
0.950495 0.910891 0.006594
0.960396 0.910891 0.005315
0.970297 0.910891 0.004014
0.980198 0.910891 0.002694
0.990099 0.910891 0.001356
0.009901 0.920792 0.001210
0.019802 0.920792 0.002404
0.029703 0.920792 0.003582
0.039604 0.920792 0.004742
0.049505 0.920792 0.005884
0.059406 0.920792 0.007006
0.069307 0.920792 0.008108
0.079208 0.920792 0.009189
0.089109 0.920792 0.010248
0.099010 0.920792 0.011284
0.108911 0.920792 0.012298
0.118812 0.920792 0.013289
0.128713 0.920792 0.014256
0.138614 0.920792 0.015199
0.148515 0.920792 0.016117
0.158416 0.920792 0.017012
0.168317 0.920792 0.017882
0.178218 0.920792 0.018727
0.188119 0.920792 0.019547
0.198020 0.920792 0.020342
0.207921 0.920792 0.021112
0.217822 0.920792 0.021857
0.227723 0.920792 0.022576
0.237624 0.920792 0.023270
0.247525 0.920792 0.023939
0.257426 0.920792 0.024582
0.267327 0.920792 0.025200
0.277228 0.920792 0.025792
0.287129 0.920792 0.026358
0.297030 0.920792 0.026899
0.306931 0.920792 0.027414
0.316832 0.920792 0.027903
0.326733 0.920792 0.028367
0.336634 0.920792 0.028805
0.346535 0.920792 0.029217
0.356436 0.920792 0.029603
0.366337 0.920792 0.029964
0.376238 0.920792 0.030299
0.386139 0.920792 0.030609
0.396040 0.920792 0.030892
0.405941 0.920792 0.031150
0.415842 0.920792 0.031382
0.425743 0.920792 0.031589
0.435644 0.920792 0.031769
0.445545 0.920792 0.031924
0.455446 0.920792 0.032053
0.465347 0.920792 0.032156
0.475248 0.920792 0.032234
0.485149 0.920792 0.032285
0.495050 0.920792 0.032311
0.504950 0.920792 0.032311
0.514851 0.920792 0.032285
0.524752 0.920792 0.032234
0.534653 0.920792 0.032156
0.544554 0.920792 0.032053
0.554455 0.920792 0.031924
0.564356 0.920792 0.031769
0.574257 0.920792 0.031589
0.584158 0.920792 0.031382
0.594059 0.920792 0.031150
0.603960 0.920792 0.030892
0.613861 0.920792 0.030609
0.623762 0.920792 0.030299
0.633663 0.920792 0.029964
0.643564 0.920792 0.029603
0.653465 0.920792 0.029217
0.663366 0.920792 0.028805
0.673267 0.920792 0.028367
0.683168 0.920792 0.027903
0.693069 0.920792 0.027414
0.702970 0.920792 0.026899
0.712871 0.920792 0.026358
0.722772 0.920792 0.025792
0.732673 0.920792 0.025200
0.742574 0.920792 0.024582
0.752475 0.920792 0.023939
0.762376 0.920792 0.023270
0.772277 0.920792 0.022576
0.782178 0.920792 0.021857
0.792079 0.920792 0.021112
0.801980 0.920792 0.020342
0.811881 0.920792 0.019547
0.821782 0.920792 0.018727
0.831683 0.920792 0.017882
0.841584 0.920792 0.017012
0.851485 0.920792 0.016117
0.861386 0.920792 0.015199
0.871287 0.920792 0.014256
0.881188 0.920792 0.013289
0.891089 0.920792 0.012298
0.900990 0.920792 0.011284
0.910891 0.920792 0.010248
0.920792 0.920792 0.009189
0.930693 0.920792 0.008108
0.940594 0.920792 0.007006
0.950495 0.920792 0.005884
0.960396 0.920792 0.004742
0.970297 0.920792 0.003582
0.980198 0.920792 0.002404
0.990099 0.920792 0.001210
0.009901 0.930693 0.001063
0.019802 0.930693 0.002112
0.029703 0.930693 0.003147
0.039604 0.930693 0.004167
0.049505 0.930693 0.005170
0.059406 0.930693 0.006156
0.069307 0.930693 0.007125
0.079208 0.930693 0.008075
0.089109 0.930693 0.009006
0.099010 0.930693 0.009917
0.108911 0.930693 0.010808
0.118812 0.930693 0.011680
0.128713 0.930693 0.012530
0.138614 0.930693 0.013360
0.148515 0.930693 0.014168
0.158416 0.930693 0.014955
0.168317 0.930693 0.015720
0.178218 0.930693 0.016464
0.188119 0.930693 0.017185
0.198020 0.930693 0.017885
0.207921 0.930693 0.018562
0.217822 0.930693 0.019218
0.227723 0.930693 0.019851
0.237624 0.930693 0.020462
0.247525 0.930693 0.021050
0.257426 0.930693 0.021616
0.267327 0.930693 0.022159
0.277228 0.930693 0.022680
0.287129 0.930693 0.023179
0.297030 0.930693 0.023655
0.306931 0.930693 0.024108
0.316832 0.930693 0.024539
0.326733 0.930693 0.024947
0.336634 0.930693 0.025332
0.346535 0.930693 0.025695
0.356436 0.930693 0.026035
0.366337 0.930693 0.026353
0.376238 0.930693 0.026648
0.386139 0.930693 0.026920
0.396040 0.930693 0.027170
0.405941 0.930693 0.027397
0.415842 0.930693 0.027601
0.425743 0.930693 0.027783
0.435644 0.930693 0.027942
0.445545 0.930693 0.028078
0.455446 0.930693 0.028192
0.465347 0.930693 0.028282
0.475248 0.930693 0.028351
0.485149 0.930693 0.028396
0.495050 0.930693 0.028419
0.504950 0.930693 0.028419
0.514851 0.930693 0.028396
0.524752 0.930693 0.028351
0.534653 0.930693 0.028282
0.544554 0.930693 0.028192
0.554455 0.930693 0.028078
0.564356 0.930693 0.027942
0.574257 0.930693 0.027783
0.584158 0.930693 0.027601
0.594059 0.930693 0.027397
0.603960 0.930693 0.027170
0.613861 0.930693 0.026920
0.623762 0.930693 0.026648
0.633663 0.930693 0.026353
0.643564 0.930693 0.026035
0.653465 0.930693 0.025695
0.663366 0.930693 0.025332
0.673267 0.930693 0.024947
0.683168 0.930693 0.024539
0.693069 0.930693 0.024108
0.702970 0.930693 0.023655
0.712871 0.930693 0.023179
0.722772 0.930693 0.022680
0.732673 0.930693 0.022159
0.742574 0.930693 0.021616
0.752475 0.930693 0.021050
0.762376 0.930693 0.020462
0.772277 0.930693 0.019851
0.782178 0.930693 0.019218
0.792079 0.930693 0.018562
0.801980 0.930693 0.017885
0.811881 0.930693 0.017185
0.821782 0.930693 0.016464
0.831683 0.930693 0.015720
0.841584 0.930693 0.014955
0.851485 0.930693 0.014168
0.861386 0.930693 0.013360
0.871287 0.930693 0.012530
0.881188 0.930693 0.011680
0.891089 0.930693 0.010808
0.900990 0.930693 0.009917
0.910891 0.930693 0.009006
0.920792 0.930693 0.008075
0.930693 0.930693 0.007125
0.940594 0.930693 0.006156
0.950495 0.930693 0.005170
0.960396 0.930693 0.004167
0.970297 0.930693 0.003147
0.980198 0.930693 0.002112
0.990099 0.930693 0.001063
0.009901 0.940594 0.000915
0.019802 0.940594 0.001819
0.029703 0.940594 0.002710
0.039604 0.940594 0.003588
0.049505 0.940594 0.004451
0.059406 0.940594 0.005301
0.069307 0.940594 0.006135
0.079208 0.940594 0.006953
0.089109 0.940594 0.007754
0.099010 0.940594 0.008540
0.108911 0.940594 0.009308
0.118812 0.940594 0.010058
0.128713 0.940594 0.010791
0.138614 0.940594 0.011506
0.148515 0.940594 0.012202
0.158416 0.940594 0.012880
0.168317 0.940594 0.013540
0.178218 0.940594 0.014181
0.188119 0.940594 0.014803
0.198020 0.940594 0.015406
0.207921 0.940594 0.015990
0.217822 0.940594 0.016555
0.227723 0.940594 0.017101
0.237624 0.940594 0.017627
0.247525 0.940594 0.018134
0.257426 0.940594 0.018622
0.267327 0.940594 0.019091
0.277228 0.940594 0.019540
0.287129 0.940594 0.019970
0.297030 0.940594 0.020380
0.306931 0.940594 0.020771
0.316832 0.940594 0.021142
0.326733 0.940594 0.021494
0.336634 0.940594 0.021826
0.346535 0.940594 0.022139
0.356436 0.940594 0.022432
0.366337 0.940594 0.022706
0.376238 0.940594 0.022961
0.386139 0.940594 0.023195
0.396040 0.940594 0.023411
0.405941 0.940594 0.023606
0.415842 0.940594 0.023782
0.425743 0.940594 0.023939
0.435644 0.940594 0.024076
0.445545 0.940594 0.024194
0.455446 0.940594 0.024291
0.465347 0.940594 0.024370
0.475248 0.940594 0.024428
0.485149 0.940594 0.024468
0.495050 0.940594 0.024487
0.504950 0.940594 0.024487
0.514851 0.940594 0.024468
0.524752 0.940594 0.024428
0.534653 0.940594 0.024370
0.544554 0.940594 0.024291
0.554455 0.940594 0.024194
0.564356 0.940594 0.024076
0.574257 0.940594 0.023939
0.584158 0.940594 0.023782
0.594059 0.940594 0.023606
0.603960 0.940594 0.023411
0.613861 0.940594 0.023195
0.623762 0.940594 0.022961
0.633663 0.940594 0.022706
0.643564 0.940594 0.022432
0.653465 0.940594 0.022139
0.663366 0.940594 0.021826
0.673267 0.940594 0.021494
0.683168 0.940594 0.021142
0.693069 0.940594 0.020771
0.702970 0.940594 0.020380
0.712871 0.940594 0.019970
0.722772 0.940594 0.019540
0.732673 0.940594 0.019091
0.742574 0.940594 0.018622
0.752475 0.940594 0.018134
0.762376 0.940594 0.017627
0.772277 0.940594 0.017101
0.782178 0.940594 0.016555
0.792079 0.940594 0.015990
0.801980 0.940594 0.015406
0.811881 0.940594 0.014803
0.821782 0.940594 0.014181
0.831683 0.940594 0.013540
0.841584 0.940594 0.012880
0.851485 0.940594 0.012202
0.861386 0.940594 0.011506
0.871287 0.940594 0.010791
0.881188 0.940594 0.010058
0.891089 0.940594 0.009308
0.900990 0.940594 0.008540
0.910891 0.940594 0.007754
0.920792 0.940594 0.006953
0.930693 0.940594 0.006135
0.940594 0.940594 0.005301
0.950495 0.940594 0.004451
0.960396 0.940594 0.003588
0.970297 0.940594 0.002710
0.980198 0.940594 0.001819
0.990099 0.940594 0.000915
0.009901 0.950495 0.000766
0.019802 0.950495 0.001523
0.029703 0.950495 0.002269
0.039604 0.950495 0.003004
0.049505 0.950495 0.003727
0.059406 0.950495 0.004438
0.069307 0.950495 0.005137
0.079208 0.950495 0.005822
0.089109 0.950495 0.006493
0.099010 0.950495 0.007151
0.108911 0.950495 0.007794
0.118812 0.950495 0.008423
0.128713 0.950495 0.009037
0.138614 0.950495 0.009636
0.148515 0.950495 0.010219
0.158416 0.950495 0.010787
0.168317 0.950495 0.011340
0.178218 0.950495 0.011877
0.188119 0.950495 0.012398
0.198020 0.950495 0.012904
0.207921 0.950495 0.013393
0.217822 0.950495 0.013867
0.227723 0.950495 0.014324
0.237624 0.950495 0.014765
0.247525 0.950495 0.015190
0.257426 0.950495 0.015599
0.267327 0.950495 0.015992
0.277228 0.950495 0.016369
0.287129 0.950495 0.016729
0.297030 0.950495 0.017073
0.306931 0.950495 0.017400
0.316832 0.950495 0.017711
0.326733 0.950495 0.018006
0.336634 0.950495 0.018285
0.346535 0.950495 0.018547
0.356436 0.950495 0.018793
0.366337 0.950495 0.019023
0.376238 0.950495 0.019236
0.386139 0.950495 0.019433
0.396040 0.950495 0.019613
0.405941 0.950495 0.019777
0.415842 0.950495 0.019925
0.425743 0.950495 0.020056
0.435644 0.950495 0.020171
0.445545 0.950495 0.020269
0.455446 0.950495 0.020351
0.465347 0.950495 0.020417
0.475248 0.950495 0.020466
0.485149 0.950495 0.020499
0.495050 0.950495 0.020515
0.504950 0.950495 0.020515
0.514851 0.950495 0.020499
0.524752 0.950495 0.020466
0.534653 0.950495 0.020417
0.544554 0.950495 0.020351
0.554455 0.950495 0.020269
0.564356 0.950495 0.020171
0.574257 0.950495 0.020056
0.584158 0.950495 0.019925
0.594059 0.950495 0.019777
0.603960 0.950495 0.019613
0.613861 0.950495 0.019433
0.623762 0.950495 0.019236
0.633663 0.950495 0.019023
0.643564 0.950495 0.018793
0.653465 0.950495 0.018547
0.663366 0.950495 0.018285
0.673267 0.950495 0.018006
0.683168 0.950495 0.017711
0.693069 0.950495 0.017400
0.702970 0.950495 0.017073
0.712871 0.950495 0.016729
0.722772 0.950495 0.016369
0.732673 0.950495 0.015992
0.742574 0.950495 0.015599
0.752475 0.950495 0.015190
0.762376 0.950495 0.014765
0.772277 0.950495 0.014324
0.782178 0.950495 0.013867
0.792079 0.950495 0.013393
0.801980 0.950495 0.012904
0.811881 0.950495 0.012398
0.821782 0.950495 0.011877
0.831683 0.950495 0.011340
0.841584 0.950495 0.010787
0.851485 0.950495 0.010219
0.861386 0.950495 0.009636
0.871287 0.950495 0.009037
0.881188 0.950495 0.008423
0.891089 0.950495 0.007794
0.900990 0.950495 0.007151
0.910891 0.950495 0.006493
0.920792 0.950495 0.005822
0.930693 0.950495 0.005137
0.940594 0.950495 0.004438
0.950495 0.950495 0.003727
0.960396 0.950495 0.003004
0.970297 0.950495 0.002269
0.980198 0.950495 0.001523
0.990099 0.950495 0.000766
0.009901 0.960396 0.000616
0.019802 0.960396 0.001224
0.029703 0.960396 0.001824
0.039604 0.960396 0.002415
0.049505 0.960396 0.002997
0.059406 0.960396 0.003568
0.069307 0.960396 0.004130
0.079208 0.960396 0.004681
0.089109 0.960396 0.005221
0.099010 0.960396 0.005750
0.108911 0.960396 0.006267
0.118812 0.960396 0.006773
0.128713 0.960396 0.007266
0.138614 0.960396 0.007748
0.148515 0.960396 0.008218
0.158416 0.960396 0.008675
0.168317 0.960396 0.009119
0.178218 0.960396 0.009551
0.188119 0.960396 0.009971
0.198020 0.960396 0.010377
0.207921 0.960396 0.010771
0.217822 0.960396 0.011152
0.227723 0.960396 0.011520
0.237624 0.960396 0.011875
0.247525 0.960396 0.012217
0.257426 0.960396 0.012546
0.267327 0.960396 0.012862
0.277228 0.960396 0.013165
0.287129 0.960396 0.013455
0.297030 0.960396 0.013731
0.306931 0.960396 0.013995
0.316832 0.960396 0.014245
0.326733 0.960396 0.014483
0.336634 0.960396 0.014707
0.346535 0.960396 0.014918
0.356436 0.960396 0.015116
0.366337 0.960396 0.015301
0.376238 0.960396 0.015472
0.386139 0.960396 0.015630
0.396040 0.960396 0.015776
0.405941 0.960396 0.015908
0.415842 0.960396 0.016026
0.425743 0.960396 0.016132
0.435644 0.960396 0.016224
0.445545 0.960396 0.016304
0.455446 0.960396 0.016370
0.465347 0.960396 0.016422
0.475248 0.960396 0.016462
0.485149 0.960396 0.016488
0.495050 0.960396 0.016502
0.504950 0.960396 0.016502
0.514851 0.960396 0.016488
0.524752 0.960396 0.016462
0.534653 0.960396 0.016422
0.544554 0.960396 0.016370
0.554455 0.960396 0.016304
0.564356 0.960396 0.016224
0.574257 0.960396 0.016132
0.584158 0.960396 0.016026
0.594059 0.960396 0.015908
0.603960 0.960396 0.015776
0.613861 0.960396 0.015630
0.623762 0.960396 0.015472
0.633663 0.960396 0.015301
0.643564 0.960396 0.015116
0.653465 0.960396 0.014918
0.663366 0.960396 0.014707
0.673267 0.960396 0.014483
0.683168 0.960396 0.014245
0.693069 0.960396 0.013995
0.702970 0.960396 0.013731
0.712871 0.960396 0.013455
0.722772 0.960396 0.013165
0.732673 0.960396 0.012862
0.742574 0.960396 0.012546
0.752475 0.960396 0.012217
0.762376 0.960396 0.011875
0.772277 0.960396 0.011520
0.782178 0.960396 0.011152
0.792079 0.960396 0.010771
0.801980 0.960396 0.010377
0.811881 0.960396 0.009971
0.821782 0.960396 0.009551
0.831683 0.960396 0.009119
0.841584 0.960396 0.008675
0.851485 0.960396 0.008218
0.861386 0.960396 0.007748
0.871287 0.960396 0.007266
0.881188 0.960396 0.006773
0.891089 0.960396 0.006267
0.900990 0.960396 0.005750
0.910891 0.960396 0.005221
0.920792 0.960396 0.004681
0.930693 0.960396 0.004130
0.940594 0.960396 0.003568
0.950495 0.960396 0.002997
0.960396 0.960396 0.002415
0.970297 0.960396 0.001824
0.980198 0.960396 0.001224
0.990099 0.960396 0.000616
0.009901 0.970297 0.000465
0.019802 0.970297 0.000923
0.029703 0.970297 0.001375
0.039604 0.970297 0.001821
0.049505 0.970297 0.002259
0.059406 0.970297 0.002690
0.069307 0.970297 0.003114
0.079208 0.970297 0.003529
0.089109 0.970297 0.003936
0.099010 0.970297 0.004335
0.108911 0.970297 0.004725
0.118812 0.970297 0.005106
0.128713 0.970297 0.005479
0.138614 0.970297 0.005842
0.148515 0.970297 0.006196
0.158416 0.970297 0.006541
0.168317 0.970297 0.006876
0.178218 0.970297 0.007202
0.188119 0.970297 0.007518
0.198020 0.970297 0.007825
0.207921 0.970297 0.008122
0.217822 0.970297 0.008409
0.227723 0.970297 0.008687
0.237624 0.970297 0.008955
0.247525 0.970297 0.009213
0.257426 0.970297 0.009461
0.267327 0.970297 0.009699
0.277228 0.970297 0.009928
0.287129 0.970297 0.010146
0.297030 0.970297 0.010355
0.306931 0.970297 0.010554
0.316832 0.970297 0.010743
0.326733 0.970297 0.010922
0.336634 0.970297 0.011091
0.346535 0.970297 0.011250
0.356436 0.970297 0.011399
0.366337 0.970297 0.011539
0.376238 0.970297 0.011668
0.386139 0.970297 0.011788
0.396040 0.970297 0.011897
0.405941 0.970297 0.011997
0.415842 0.970297 0.012086
0.425743 0.970297 0.012166
0.435644 0.970297 0.012236
0.445545 0.970297 0.012295
0.455446 0.970297 0.012345
0.465347 0.970297 0.012385
0.475248 0.970297 0.012415
0.485149 0.970297 0.012435
0.495050 0.970297 0.012445
0.504950 0.970297 0.012445
0.514851 0.970297 0.012435
0.524752 0.970297 0.012415
0.534653 0.970297 0.012385
0.544554 0.970297 0.012345
0.554455 0.970297 0.012295
0.564356 0.970297 0.012236
0.574257 0.970297 0.012166
0.584158 0.970297 0.012086
0.594059 0.970297 0.011997
0.603960 0.970297 0.011897
0.613861 0.970297 0.011788
0.623762 0.970297 0.011668
0.633663 0.970297 0.011539
0.643564 0.970297 0.011399
0.653465 0.970297 0.011250
0.663366 0.970297 0.011091
0.673267 0.970297 0.010922
0.683168 0.970297 0.010743
0.693069 0.970297 0.010554
0.702970 0.970297 0.010355
0.712871 0.970297 0.010146
0.722772 0.970297 0.009928
0.732673 0.970297 0.009699
0.742574 0.970297 0.009461
0.752475 0.970297 0.009213
0.762376 0.970297 0.008955
0.772277 0.970297 0.008687
0.782178 0.970297 0.008409
0.792079 0.970297 0.008122
0.801980 0.970297 0.007825
0.811881 0.970297 0.007518
0.821782 0.970297 0.007202
0.831683 0.970297 0.006876
0.841584 0.970297 0.006541
0.851485 0.970297 0.006196
0.861386 0.970297 0.005842
0.871287 0.970297 0.005479
0.881188 0.970297 0.005106
0.891089 0.970297 0.004725
0.900990 0.970297 0.004335
0.910891 0.970297 0.003936
0.920792 0.970297 0.003529
0.930693 0.970297 0.003114
0.940594 0.970297 0.002690
0.950495 0.970297 0.002259
0.960396 0.970297 0.001821
0.970297 0.970297 0.001375
0.980198 0.970297 0.000923
0.990099 0.970297 0.000465
0.009901 0.980198 0.000311
0.019802 0.980198 0.000619
0.029703 0.980198 0.000922
0.039604 0.980198 0.001221
0.049505 0.980198 0.001514
0.059406 0.980198 0.001803
0.069307 0.980198 0.002087
0.079208 0.980198 0.002366
0.089109 0.980198 0.002639
0.099010 0.980198 0.002906
0.108911 0.980198 0.003167
0.118812 0.980198 0.003423
0.128713 0.980198 0.003673
0.138614 0.980198 0.003916
0.148515 0.980198 0.004154
0.158416 0.980198 0.004385
0.168317 0.980198 0.004609
0.178218 0.980198 0.004828
0.188119 0.980198 0.005040
0.198020 0.980198 0.005246
0.207921 0.980198 0.005445
0.217822 0.980198 0.005637
0.227723 0.980198 0.005823
0.237624 0.980198 0.006003
0.247525 0.980198 0.006176
0.257426 0.980198 0.006342
0.267327 0.980198 0.006502
0.277228 0.980198 0.006655
0.287129 0.980198 0.006802
0.297030 0.980198 0.006942
0.306931 0.980198 0.007075
0.316832 0.980198 0.007202
0.326733 0.980198 0.007322
0.336634 0.980198 0.007435
0.346535 0.980198 0.007542
0.356436 0.980198 0.007642
0.366337 0.980198 0.007736
0.376238 0.980198 0.007822
0.386139 0.980198 0.007902
0.396040 0.980198 0.007976
0.405941 0.980198 0.008043
0.415842 0.980198 0.008103
0.425743 0.980198 0.008156
0.435644 0.980198 0.008203
0.445545 0.980198 0.008243
0.455446 0.980198 0.008276
0.465347 0.980198 0.008303
0.475248 0.980198 0.008323
0.485149 0.980198 0.008336
0.495050 0.980198 0.008343
0.504950 0.980198 0.008343
0.514851 0.980198 0.008336
0.524752 0.980198 0.008323
0.534653 0.980198 0.008303
0.544554 0.980198 0.008276
0.554455 0.980198 0.008243
0.564356 0.980198 0.008203
0.574257 0.980198 0.008156
0.584158 0.980198 0.008103
0.594059 0.980198 0.008043
0.603960 0.980198 0.007976
0.613861 0.980198 0.007902
0.623762 0.980198 0.007822
0.633663 0.980198 0.007736
0.643564 0.980198 0.007642
0.653465 0.980198 0.007542
0.663366 0.980198 0.007435
0.673267 0.980198 0.007322
0.683168 0.980198 0.007202
0.693069 0.980198 0.007075
0.702970 0.980198 0.006942
0.712871 0.980198 0.006802
0.722772 0.980198 0.006655
0.732673 0.980198 0.006502
0.742574 0.980198 0.006342
0.752475 0.980198 0.006176
0.762376 0.980198 0.006003
0.772277 0.980198 0.005823
0.782178 0.980198 0.005637
0.792079 0.980198 0.005445
0.801980 0.980198 0.005246
0.811881 0.980198 0.005040
0.821782 0.980198 0.004828
0.831683 0.980198 0.004609
0.841584 0.980198 0.004385
0.851485 0.980198 0.004154
0.861386 0.980198 0.003916
0.871287 0.980198 0.003673
0.881188 0.980198 0.003423
0.891089 0.980198 0.003167
0.900990 0.980198 0.002906
0.910891 0.980198 0.002639
0.920792 0.980198 0.002366
0.930693 0.980198 0.002087
0.940594 0.980198 0.001803
0.950495 0.980198 0.001514
0.960396 0.980198 0.001221
0.970297 0.980198 0.000922
0.980198 0.980198 0.000619
0.990099 0.980198 0.000311
0.009901 0.990099 0.000157
0.019802 0.990099 0.000311
0.029703 0.990099 0.000464
0.039604 0.990099 0.000614
0.049505 0.990099 0.000762
0.059406 0.990099 0.000907
0.069307 0.990099 0.001050
0.079208 0.990099 0.001190
0.089109 0.990099 0.001327
0.099010 0.990099 0.001461
0.108911 0.990099 0.001593
0.118812 0.990099 0.001721
0.128713 0.990099 0.001847
0.138614 0.990099 0.001969
0.148515 0.990099 0.002089
0.158416 0.990099 0.002205
0.168317 0.990099 0.002318
0.178218 0.990099 0.002428
0.188119 0.990099 0.002534
0.198020 0.990099 0.002638
0.207921 0.990099 0.002738
0.217822 0.990099 0.002835
0.227723 0.990099 0.002928
0.237624 0.990099 0.003019
0.247525 0.990099 0.003106
0.257426 0.990099 0.003189
0.267327 0.990099 0.003270
0.277228 0.990099 0.003347
0.287129 0.990099 0.003420
0.297030 0.990099 0.003491
0.306931 0.990099 0.003558
0.316832 0.990099 0.003621
0.326733 0.990099 0.003682
0.336634 0.990099 0.003739
0.346535 0.990099 0.003793
0.356436 0.990099 0.003843
0.366337 0.990099 0.003890
0.376238 0.990099 0.003933
0.386139 0.990099 0.003974
0.396040 0.990099 0.004011
0.405941 0.990099 0.004044
0.415842 0.990099 0.004074
0.425743 0.990099 0.004101
0.435644 0.990099 0.004125
0.445545 0.990099 0.004145
0.455446 0.990099 0.004162
0.465347 0.990099 0.004175
0.475248 0.990099 0.004185
0.485149 0.990099 0.004192
0.495050 0.990099 0.004195
0.504950 0.990099 0.004195
0.514851 0.990099 0.004192
0.524752 0.990099 0.004185
0.534653 0.990099 0.004175
0.544554 0.990099 0.004162
0.554455 0.990099 0.004145
0.564356 0.990099 0.004125
0.574257 0.990099 0.004101
0.584158 0.990099 0.004074
0.594059 0.990099 0.004044
0.603960 0.990099 0.004011
0.613861 0.990099 0.003974
0.623762 0.990099 0.003933
0.633663 0.990099 0.003890
0.643564 0.990099 0.003843
0.653465 0.990099 0.003793
0.663366 0.990099 0.003739
0.673267 0.990099 0.003682
0.683168 0.990099 0.003621
0.693069 0.990099 0.003558
0.702970 0.990099 0.003491
0.712871 0.990099 0.003420
0.722772 0.990099 0.003347
0.732673 0.990099 0.003270
0.742574 0.990099 0.003189
0.752475 0.990099 0.003106
0.762376 0.990099 0.003019
0.772277 0.990099 0.002928
0.782178 0.990099 0.002835
0.792079 0.990099 0.002738
0.801980 0.990099 0.002638
0.811881 0.990099 0.002534
0.821782 0.990099 0.002428
0.831683 0.990099 0.002318
0.841584 0.990099 0.002205
0.851485 0.990099 0.002089
0.861386 0.990099 0.001969
0.871287 0.990099 0.001847
0.881188 0.990099 0.001721
0.891089 0.990099 0.001593
0.900990 0.990099 0.001461
0.910891 0.990099 0.001327
0.920792 0.990099 0.001190
0.930693 0.990099 0.001050
0.940594 0.990099 0.000907
0.950495 0.990099 0.000762
0.960396 0.990099 0.000614
0.970297 0.990099 0.000464
0.980198 0.990099 0.000311
0.990099 0.990099 0.000157
