232 403
8.136876 4.213919 1
8.233779 4.208621 1
8.197956 4.353964 1
8.043000 4.266956 1
8.820605 5.021739 1
8.722643 4.893626 2
8.893986 4.907285 2
8.283409 4.508610 1
8.329446 4.403931 1
8.401311 4.564542 2
8.446996 4.428215 2
8.564707 5.134566 1
8.709617 5.112521 1
8.627939 5.212504 1
8.199057 5.447165 1
8.251304 5.295807 1
8.331640 5.457134 1
8.873552 5.163724 1
8.990396 5.045081 2
8.583735 5.031181 1
8.627259 5.314714 1
8.528218 5.353157 1
8.491294 5.224998 1
8.397983 5.325667 1
8.889911 6.068428 1
8.876207 5.943291 1
9.011252 6.006241 1
8.370704 5.826476 1
8.212707 5.784408 1
8.353352 5.703722 1
8.363518 4.296433 2
8.508942 5.730789 1
8.491449 5.882424 1
8.224382 5.129714 1
8.161983 4.972324 1
8.308622 5.038104 1
9.026536 5.614038 1
9.006129 5.434222 1
9.121614 5.499931 2
7.680612 4.592384 1
7.803439 4.691078 1
7.654087 4.696296 1
7.793516 4.580345 1
7.779768 5.695951 1
7.880129 5.779633 2
7.702898 5.823640 3
8.116965 5.102116 1
7.695964 5.158335 1
7.704840 4.993128 1
7.798072 5.105775 1
7.488338 5.133633 1
7.391780 5.076591 1
7.464369 4.987767 1
7.435950 4.462722 1
7.340311 4.526483 1
7.320731 4.347878 1
7.238105 4.475309 1
7.908357 4.798086 1
7.962013 4.663584 1
7.733526 5.338585 1
7.612352 5.241457 1
7.774418 5.233129 1
8.348732 4.179103 1
8.499805 4.198955 2
8.893339 5.523998 1
7.719899 4.769942 1
7.677336 4.871897 1
7.584693 4.797374 1
7.234975 4.226376 2
7.226786 4.375290 2
8.480675 5.451016 1
8.248270 5.643020 1
7.901470 4.551707 1
8.142313 4.540506 1
9.166834 6.086993 2
9.019207 6.168121 2
8.164438 4.105258 1
8.303850 4.077287 1
8.157369 5.343278 1
7.589087 5.067315 1
8.014758 5.026240 1
7.912322 5.070052 1
7.905993 4.939065 1
8.799455 6.008124 1
7.236230 4.640737 1
8.010725 4.891712 1
8.608825 5.841091 1
8.750695 5.904475 1
8.598965 5.957848 2
7.819833 4.993639 1
7.136845 4.570757 2
8.746495 5.791094 1
7.184811 4.897837 2
7.293615 4.802448 1
7.301553 4.971611 1
7.381545 4.884879 1
8.648005 5.639409 1
8.803871 5.700864 1
8.645694 5.751071 1
9.038133 5.778345 1
8.926873 5.746908 1
7.581713 4.284287 2
7.670146 4.365158 1
7.547561 4.413340 1
8.068411 4.410639 1
8.960310 5.866012 1
7.627986 5.690001 2
8.868824 6.204435 2
8.426278 4.109686 1
7.640458 4.476840 1
7.769440 4.469009 1
8.040832 4.749102 1
8.410294 5.534955 1
9.136582 5.963425 1
9.259523 5.967681 2
9.017595 5.197884 1
8.943007 5.300575 1
9.305101 5.776990 1
9.396482 5.642149 2
9.427407 5.788477 3
7.628674 5.388248 1
8.699404 6.020217 2
9.143147 5.736123 1
8.444735 5.075212 1
8.351130 5.181495 1
9.184378 5.857446 1
9.060925 5.898763 1
8.893772 5.636862 1
7.991162 5.553521 1
7.851661 5.591433 1
7.907560 5.478063 1
9.238060 5.686774 1
8.077665 4.032224 2
8.224384 3.983773 2
7.937647 5.676692 1
8.795938 5.589827 1
8.834460 5.291018 1
8.045205 4.134794 1
7.949552 4.167972 1
9.239473 5.574383 2
9.153767 5.622250 1
7.909980 4.274614 1
9.336540 5.877294 2
8.494654 4.948745 1
7.450148 4.327531 2
7.544069 4.540211 1
7.431479 4.611162 1
8.877501 5.404268 1
8.761273 5.468201 1
7.543818 4.675114 1
7.428025 4.762900 1
8.297964 5.907558 2
8.626511 5.438052 1
8.739789 5.350778 1
8.053024 5.415451 1
8.133616 5.564425 1
7.801664 4.312671 1
7.829739 4.154537 2
7.579435 4.927200 1
7.387219 5.170876 1
8.688021 5.006658 1
8.282659 4.921088 1
7.871242 4.409590 1
8.117463 4.823249 1
8.737043 5.234947 1
7.348605 4.683610 1
7.076392 4.822713 2
7.175807 4.768098 1
7.925807 5.372638 1
7.976167 5.274621 1
8.547714 5.569932 1
8.336599 3.943409 1
8.281182 3.844628 3
8.432581 3.883755 2
7.190773 5.054635 2
9.130545 5.131914 2
9.161214 5.261732 2
9.048803 5.312334 1
8.164157 4.693324 1
8.675888 5.541084 1
8.086248 5.279668 1
7.971057 4.363525 1
7.291842 5.136604 2
7.695502 4.225101 2
7.940942 4.044223 2
7.797813 4.871843 1
7.087327 4.451959 3
7.348937 4.244239 2
8.263885 4.623531 1
8.066018 4.637471 1
8.230309 4.827884 1
8.295834 4.735635 1
8.469175 4.823543 1
8.508940 4.682758 2
8.601311 4.799692 2
8.397052 4.694332 1
8.068089 5.721681 1
8.087477 5.855208 2
7.443591 5.267010 2
7.530152 5.345335 2
8.781055 6.104211 2
8.196648 5.955211 2
7.597425 5.533714 2
7.521933 5.446952 2
8.020779 4.540840 1
7.723514 5.584177 1
8.589025 4.907459 1
7.718904 5.458847 1
7.112457 4.685982 2
8.350130 4.829906 1
8.022291 5.169083 1
7.890661 5.195217 1
8.388100 4.946356 1
8.339474 5.584421 1
8.255172 5.537175 1
7.797246 5.508894 1
8.470879 5.998748 2
8.154737 5.215671 1
8.052216 5.626583 1
7.968187 4.453945 1
7.987830 5.785263 2
8.151960 5.664776 1
9.132717 5.389285 2
7.487613 4.872024 1
7.825233 5.408347 1
7.858644 5.299185 1
8.438113 5.630522 1
8.420769 4.007967 2
8.538924 4.070376 2
8.845331 5.824608 1
7.320543 5.240543 2
8.391885 5.929610 2
 0 1 2
 3 0 2
 4 5 6
 7 8 9
 8 10 9
 11 12 13
 14 15 16
 17 4 18
 19 12 11
 20 21 22
 13 20 22
 23 16 15
 24 25 26
 27 28 29
 30 2 1
 31 32 27
 33 34 35
 36 37 38
 4 6 18
 31 27 29
 39 40 41
 42 40 39
 43 44 45
 33 46 34
 47 48 49
 50 51 52
 53 54 55
 56 55 54
 57 40 58
 59 60 61
 30 62 63
 36 64 37
 65 66 67
 68 55 69
 23 70 16
 71 29 28
 23 22 21
 65 67 41
 58 40 72
 73 2 7
 74 75 26
 76 77 1
 14 78 15
 50 52 79
 80 81 82
 17 12 4
 24 83 25
 84 56 54
 80 82 85
 86 87 88
 89 49 48
 84 90 56
 91 87 86
 47 61 60
 92 93 94
 94 93 95
 96 97 98
 36 99 100
 101 102 103
 73 104 2
 25 105 26
 42 72 40
 43 45 106
 24 75 107
 47 79 48
 108 63 62
 109 110 39
 42 39 110
 57 58 111
 112 16 70
 51 94 52
 94 95 52
 74 113 114
 17 115 116
 117 118 119
 59 120 60
 1 77 62
 91 98 97
 50 79 60
 47 60 79
 23 21 70
 121 88 87
 36 122 99
 3 2 104
 123 22 124
 123 19 11
 117 125 122
 30 8 2
 109 103 102
 126 26 105
 31 86 32
 36 100 127
 128 129 130
 117 131 118
 76 132 133
 128 134 129
 135 97 96
 17 116 136
 137 3 138
 139 140 38
 138 3 141
 117 142 125
 123 143 19
 53 55 144
 123 124 35
 53 145 146
 147 64 148
 36 38 140
 149 150 146
 74 26 113
 114 125 142
 24 26 75
 135 148 64
 23 124 22
 27 151 28
 152 20 153
 31 98 86
 128 154 155
 14 155 154
 156 157 141
 158 67 66
 122 125 99
 126 99 125
 91 86 98
 123 11 22
 117 122 131
 36 140 122
 152 21 20
 50 159 51
 5 4 160
 65 41 40
 80 34 46
 161 35 34
 149 146 145
 110 162 72
 139 118 131
 80 85 34
 163 34 85
 17 164 12
 147 153 136
 146 165 54
 165 84 54
 166 167 92
 168 169 154
 31 170 96
 171 172 173
 174 92 94
 175 176 115
 177 115 176
 42 110 72
 95 93 150
 163 111 178
 156 141 162
 96 170 179
 179 170 152
 19 160 12
 147 148 153
 180 154 169
 141 181 162
 174 94 182
 23 15 124
 31 96 98
 152 153 148
 51 182 94
 156 183 157
 168 154 130
 184 138 157
 13 22 11
 101 103 144
 57 185 40
 65 40 185
 56 186 69
 128 130 154
 17 18 115
 175 115 18
 17 136 164
 33 35 124
 55 187 144
 9 188 7
 135 96 179
 178 111 189
 73 7 188
 152 70 21
 163 178 190
 191 190 178
 192 193 194
 9 195 188
 196 28 197
 50 60 198
 199 198 60
 24 107 200
 158 79 52
 163 85 111
 57 111 85
 4 12 160
 201 28 151
 53 146 54
 163 190 34
 161 34 190
 109 39 145
 149 145 39
 201 197 28
 202 203 120
 30 1 62
 149 41 67
 73 188 178
 76 1 0
 56 69 55
 68 187 55
 33 124 15
 199 60 120
 73 204 104
 43 106 205
 30 10 8
 171 133 172
 114 113 125
 56 90 186
 19 206 160
 202 120 207
 202 205 106
 84 208 90
 43 134 44
 192 209 195
 126 113 26
 80 210 81
 211 81 210
 89 48 185
 92 167 93
 192 143 212
 112 213 16
 16 213 214
 215 130 129
 57 85 82
 53 103 145
 13 12 164
 216 32 88
 2 8 7
 180 210 217
 84 167 208
 192 212 209
 150 93 165
 86 88 32
 192 195 193
 192 194 206
 210 46 217
 128 218 134
 196 134 218
 219 72 162
 191 188 195
 185 48 66
 196 220 134
 192 206 143
 84 93 167
 33 15 217
 71 28 221
 196 221 28
 5 160 206
 43 129 134
 177 116 115
 219 104 204
 156 110 102
 109 102 110
 153 20 164
 149 67 150
 177 222 37
 38 37 222
 147 37 64
 89 82 81
 95 150 223
 19 143 206
 13 164 20
 152 170 70
 191 178 188
 58 189 111
 109 145 103
 36 127 64
 158 48 79
 191 195 209
 57 82 185
 196 197 220
 108 62 77
 166 208 167
 215 207 224
 153 164 136
 71 155 214
 14 214 155
 146 150 165
 215 205 207
 76 0 137
 184 132 137
 59 225 224
 59 224 207
 171 77 133
 158 52 223
 3 181 141
 126 125 113
 73 178 189
 31 226 170
 202 207 205
 24 200 83
 149 39 41
 84 165 93
 157 138 141
 59 61 225
 43 205 129
 108 227 228
 100 229 97
 53 144 103
 101 183 102
 156 102 183
 9 193 195
 180 78 154
 14 154 78
 135 64 127
 215 129 205
 89 81 49
 211 49 81
 108 77 227
 171 227 77
 184 137 138
 3 104 181
 112 70 170
 199 120 203
 211 210 169
 147 136 116
 47 49 61
 211 61 49
 180 217 78
 15 78 217
 5 206 194
 76 137 132
 3 137 0
 76 133 77
 89 185 82
 128 155 218
 71 221 155
 95 223 52
 150 67 223
 219 181 104
 156 162 110
 171 173 227
 123 212 143
 108 228 63
 180 169 210
 112 170 226
 80 46 210
 161 212 35
 123 35 212
 177 37 116
 147 116 37
 100 97 127
 158 223 67
 50 198 159
 230 159 198
 31 29 226
 71 213 29
 91 97 229
 134 220 44
 219 162 181
 135 179 148
 152 148 179
 161 209 212
 65 185 66
 161 190 209
 191 209 190
 177 176 222
 139 131 140
 122 140 131
 216 231 32
 27 32 231
 58 72 204
 219 204 72
 14 16 214
 117 119 142
 211 169 225
 91 229 87
 25 87 229
 59 207 120
 126 105 99
 100 99 105
 168 224 225
 168 130 224
 215 224 130
 158 66 48
 135 127 97
 51 159 182
 168 225 169
 230 182 159
 211 225 61
 71 214 213
 121 83 200
 100 105 229
 25 229 105
 33 217 46
 121 87 83
 25 83 87
 155 221 218
 196 218 221
 73 189 204
 58 204 189
 27 231 151
 29 213 226
 112 226 213
 0
 14
 174 166 202 230 199 92 45 186 106 208 198 90 203 182
 17
 216 201 74 121 114 75 45 197 44 119 107 200 142 88 231 220 151
 0
 0
 0
 0
 0
 0
 0
 0
 0
 12
 184 101 68 157 186 144 183 172 133 132 187 69
 0
 0
 20
 9 5 30 175 139 38 10 118 18 193 194 176 63 172 119 228 173 222 227 6
 0
 0
 0
 0
 0
 0
 0
 0
 0
 0
 0
 0
 0
 0
 0
 0
 0
