241 425
0.396185 2.183249 1
0.485793 2.257014 1
0.408222 2.362005 1
1.124692 2.502292 1
1.228799 2.671952 3
1.078740 2.622919 2
1.260920 2.524205 1
0.307372 2.242768 1
0.322056 2.511587 2
0.277052 2.371028 1
1.127248 1.726203 1
1.287513 1.779542 1
1.172185 1.879920 1
0.790780 1.521364 1
0.866223 1.686136 1
0.720848 1.668843 1
0.215148 2.456833 1
0.000000 1.666667 0
0.000000 1.527778 0
0.166367 1.576067 1
0.571555 2.580719 2
0.703462 2.592797 1
0.657172 2.726656 2
0.985853 1.824786 1
1.035779 1.969255 1
0.868734 0.211318 1
0.964521 0.286455 2
0.812346 0.369957 1
0.000000 1.805556 0
0.127251 1.739763 1
0.133506 1.909086 1
1.218172 1.198164 2
1.350614 1.261764 2
1.181875 1.340844 1
0.311474 0.668788 1
0.467381 0.608861 1
0.442229 0.729840 1
0.000000 1.388889 0
0.149972 1.286949 1
0.099357 1.458333 1
0.339635 1.612239 1
0.418746 1.759923 1
0.268489 1.723210 1
0.833333 0.000000 0
0.952749 0.121463 2
0.771428 0.118995 1
0.000000 0.833333 0
0.118995 0.771428 1
0.121463 0.952749 1
0.900401 1.538032 1
0.375573 0.517925 1
0.579927 1.330083 1
0.693155 1.242052 1
0.699880 1.394122 1
1.204282 1.580212 1
1.276246 1.667205 1
0.210360 1.430914 1
0.309166 1.491194 1
0.816208 2.523963 1
0.929934 2.639890 2
0.801785 2.672930 2
0.269519 0.553090 1
0.268505 0.404020 1
0.916679 1.238047 1
0.965835 1.099162 1
1.031494 1.177436 1
0.691302 2.067234 1
0.783778 1.939588 1
0.854382 2.058358 1
0.575569 2.333369 1
0.555307 2.449255 1
0.990665 2.513189 1
0.651550 1.897666 1
1.083317 1.567965 1
0.191461 0.489829 1
1.279948 1.975235 1
1.295532 2.101532 1
1.163028 2.022084 1
0.340190 0.827867 1
0.859163 1.097124 1
0.562077 1.993732 1
0.409535 0.412463 1
0.000000 1.250000 0
0.142591 0.344801 1
0.293416 0.264023 1
0.507339 1.134566 1
0.563142 0.991858 1
0.619008 1.146263 1
0.196901 0.196901 1
1.287793 2.335515 1
1.366972 2.232490 2
1.454482 2.360494 2
1.047596 0.816552 2
1.130480 0.928674 2
0.963276 0.910615 1
0.494141 0.194617 1
0.426389 0.291239 1
0.354120 0.138728 1
0.796502 2.183070 1
0.955972 0.412901 2
0.651486 1.530363 1
0.458728 2.509269 2
0.998214 1.483394 1
1.034647 1.338494 1
1.096392 1.437640 1
0.914497 1.418791 1
0.705132 1.066432 1
0.000000 2.222222 0
0.000000 2.083333 0
0.130890 2.155257 1
0.677595 0.299934 1
0.644156 0.449829 1
0.555341 0.298229 1
0.519273 0.410918 1
1.311510 1.415828 1
0.587877 1.751007 1
0.528754 1.862419 1
0.325855 1.831504 1
1.414853 1.981967 2
1.321646 1.882507 1
1.426256 1.824901 2
1.352674 2.447920 2
1.353049 2.614886 2
0.729831 1.793274 1
0.800232 1.190266 1
0.810924 1.353468 1
1.072271 2.401469 1
0.922144 2.388603 1
1.179332 2.145504 1
1.019990 1.005327 1
0.092829 2.016189 1
0.349809 0.337138 1
0.226299 1.817828 1
0.213983 0.864530 1
0.555556 0.000000 0
0.694444 0.000000 0
0.624231 0.153507 1
0.000000 0.694444 0
0.000000 0.555556 0
0.152226 0.623898 1
0.420917 1.928146 1
0.849068 1.832281 1
0.580966 1.624627 1
0.759233 0.229289 1
1.002043 1.704599 1
0.590910 1.441185 1
0.568243 1.226271 1
0.878031 0.714775 1
0.778876 0.819733 1
0.717826 0.702975 1
0.472575 1.652194 1
0.487143 0.090776 1
0.086995 0.486111 1
0.630066 0.830477 1
0.492288 0.849073 1
0.592840 0.709844 1
0.786546 0.529079 1
0.277778 0.000000 0
0.416667 0.000000 0
0.000000 0.416667 0
0.000000 0.277778 0
1.115047 1.241050 1
1.130524 1.080647 2
0.390641 1.407513 1
0.441784 1.278391 1
0.496440 1.418488 1
0.000000 1.944444 0
0.208161 2.029161 1
0.910307 0.820293 1
0.000000 0.972222 0
1.003319 0.703230 2
1.453294 2.143997 2
1.021242 2.290112 1
0.897737 2.261121 1
0.407763 0.954280 1
0.280749 0.962352 1
0.799050 1.004161 1
0.338355 2.037788 1
0.294825 1.928411 1
0.156563 2.564223 2
0.943857 0.568149 2
0.304244 1.212124 1
0.299258 1.339156 1
0.804001 0.635863 1
0.184312 1.058497 1
0.711231 0.936692 1
0.437769 1.057717 1
0.785964 2.303798 1
0.769742 2.412311 1
0.588144 0.588144 1
0.513241 0.509499 1
1.412666 1.711518 2
0.967330 1.604430 1
1.201904 1.471797 1
0.990084 2.182014 1
0.891994 2.156935 1
0.961750 2.062615 1
1.069861 2.093642 1
0.000000 0.000000 0
0.138889 0.000000 0
0.114254 0.114254 1
0.000000 0.138889 0
0.877952 0.476651 1
1.297043 1.547593 1
0.104976 1.151346 1
0.668522 2.223001 1
0.594302 2.129804 1
0.468229 2.064114 1
0.000000 2.361111 0
0.104577 2.288904 1
0.107604 2.436661 1
0.000000 2.500000 0
0.694410 0.592424 1
0.227374 0.751302 1
0.500699 2.168376 1
1.464182 1.376227 3
1.396836 1.506192 2
0.912848 1.945715 1
1.201700 2.419512 1
0.213930 1.153550 1
0.188829 2.366446 1
0.216388 0.089976 1
0.091278 0.219877 1
0.829501 0.908576 1
1.378407 1.612362 1
0.264624 2.150678 1
0.319502 1.079225 1
0.000000 1.111111 0
0.670592 2.459717 1
1.160633 2.284393 1
0.526815 1.532871 1
0.688612 2.346434 1
1.494926 1.608590 2
1.253819 2.221075 1
0.402869 1.155797 1
0.416624 1.526584 1
0.565144 2.223985 1
0.208869 2.269420 1
0.081641 1.047968 1
1.084230 2.199133 1
0.904912 1.004763 1
 0 1 2
 3 4 5
 6 4 3
 7 0 2
 8 9 2
 10 11 12
 13 14 15
 8 16 9
 17 18 19
 20 21 22
 10 12 23
 24 23 12
 25 26 27
 28 29 30
 31 32 33
 34 35 36
 37 38 39
 40 41 42
 43 44 45
 46 47 48
 13 49 14
 34 50 35
 51 52 53
 10 54 55
 10 55 11
 56 57 19
 58 59 60
 50 61 62
 63 64 65
 40 19 57
 66 67 68
 22 21 60
 69 70 2
 58 71 59
 66 72 67
 10 73 54
 74 62 61
 75 76 77
 34 36 78
 63 79 64
 66 80 72
 50 62 81
 37 82 38
 83 84 62
 85 86 87
 88 84 83
 89 90 91
 92 93 94
 95 96 97
 97 96 84
 66 68 98
 99 27 26
 13 100 53
 8 2 101
 102 103 104
 105 103 102
 5 59 71
 106 87 86
 107 108 109
 110 111 112
 113 112 111
 34 61 50
 114 33 32
 115 72 116
 7 2 9
 41 117 42
 118 119 120
 6 121 122
 115 123 72
 52 124 125
 126 71 127
 128 77 76
 129 94 93
 63 125 124
 108 130 109
 131 81 62
 132 30 29
 63 65 103
 56 39 38
 25 45 44
 133 48 47
 56 19 39
 106 124 52
 134 135 136
 137 138 139
 115 116 41
 140 41 116
 18 39 19
 17 19 29
 141 14 23
 2 70 101
 11 119 12
 115 142 15
 25 27 143
 58 127 71
 106 52 87
 10 144 73
 123 14 141
 15 14 123
 69 2 1
 53 100 145
 95 136 112
 110 112 136
 51 146 52
 147 148 149
 40 42 19
 40 150 41
 134 136 151
 138 152 139
 75 12 119
 153 154 155
 36 155 154
 156 111 27
 110 27 111
 115 41 150
 157 158 97
 159 160 83
 15 142 100
 31 161 162
 65 162 161
 63 103 105
 52 125 53
 106 79 124
 104 103 33
 140 117 41
 163 164 165
 166 28 30
 167 109 130
 23 14 144
 13 125 105
 51 165 164
 13 15 100
 89 91 121
 147 168 148
 169 46 48
 115 15 123
 126 3 71
 141 67 123
 72 123 67
 92 168 170
 147 170 168
 95 151 136
 74 139 152
 171 76 118
 75 118 76
 126 127 172
 75 77 12
 75 119 118
 63 124 79
 127 173 172
 174 175 78
 133 78 175
 106 176 79
 140 177 178
 167 178 177
 13 53 125
 8 179 16
 147 180 170
 181 182 38
 56 38 182
 156 180 183
 184 48 175
 132 178 30
 167 30 178
 163 182 164
 129 93 162
 153 185 86
 106 86 185
 85 186 86
 187 127 188
 58 188 127
 147 183 180
 153 86 154
 174 154 86
 189 190 111
 132 42 117
 189 155 35
 36 35 155
 147 149 183
 129 162 64
 135 45 136
 137 139 47
 153 149 148
 11 55 191
 159 83 152
 158 151 97
 192 73 144
 65 64 162
 104 193 73
 25 44 26
 133 175 48
 153 155 149
 74 152 83
 95 97 151
 33 103 161
 54 73 193
 194 195 196
 194 196 197
 198 199 200
 198 200 201
 34 139 61
 74 61 139
 156 202 180
 110 143 27
 114 203 193
 82 204 38
 66 98 205
 80 206 207
 72 80 116
 140 116 80
 208 209 210
 13 105 49
 6 122 4
 36 154 78
 174 78 154
 113 111 190
 181 164 182
 211 210 179
 174 86 186
 189 111 212
 24 12 77
 63 105 125
 99 180 202
 187 173 127
 110 136 143
 34 213 139
 192 14 49
 28 17 29
 214 207 206
 114 215 216
 187 205 98
 194 172 173
 141 23 217
 5 71 3
 107 109 209
 89 121 218
 6 218 121
 181 38 219
 220 210 209
 157 97 221
 88 221 97
 88 83 222
 160 222 83
 223 148 168
 135 43 45
 46 137 47
 11 191 120
 224 191 55
 114 216 203
 149 155 212
 189 212 155
 131 62 84
 24 217 23
 220 9 16
 167 225 109
 58 60 21
 184 175 226
 82 227 204
 156 212 111
 88 97 84
 74 83 62
 131 84 96
 58 21 228
 20 70 228
 68 67 217
 163 57 182
 56 182 57
 51 53 145
 187 98 173
 34 78 213
 89 218 229
 126 229 218
 133 213 78
 66 206 80
 128 197 77
 24 77 197
 99 202 27
 156 27 202
 20 101 70
 10 23 144
 141 217 67
 0 7 225
 98 195 173
 177 0 225
 230 145 100
 187 231 205
 69 205 231
 104 33 193
 140 207 177
 20 228 21
 69 228 70
 69 231 228
 174 226 175
 136 45 143
 139 213 47
 58 228 188
 181 219 226
 184 226 219
 224 216 232
 171 90 76
 167 177 225
 128 76 233
 132 29 42
 19 42 29
 50 81 190
 114 193 33
 181 226 234
 181 234 164
 52 146 87
 114 32 215
 40 235 150
 208 107 209
 211 208 210
 85 146 164
 51 164 146
 38 204 219
 224 232 191
 69 236 205
 109 225 237
 66 205 206
 140 178 117
 68 217 196
 7 237 225
 153 148 185
 18 37 39
 230 150 235
 174 186 226
 31 33 161
 140 80 207
 85 164 234
 11 120 119
 223 185 148
 76 90 233
 177 207 0
 192 144 14
 50 190 35
 65 161 103
 108 166 130
 6 3 218
 199 157 221
 160 201 222
 166 30 130
 214 0 207
 167 130 30
 54 193 203
 158 134 151
 138 159 152
 113 96 112
 89 229 233
 24 196 217
 113 81 96
 230 235 165
 126 172 229
 113 190 81
 227 169 238
 194 197 239
 214 1 0
 128 229 239
 25 143 45
 133 47 213
 230 100 142
 163 165 235
 128 233 229
 223 176 185
 106 185 176
 223 168 94
 223 94 240
 184 204 238
 227 238 204
 68 196 195
 128 239 197
 24 197 196
 68 195 98
 89 233 90
 179 210 16
 220 16 210
 115 150 142
 230 142 150
 199 221 200
 201 200 222
 126 218 3
 132 117 178
 109 237 209
 104 73 102
 192 102 73
 163 235 57
 129 64 240
 79 240 64
 220 209 237
 95 112 96
 131 96 81
 169 48 238
 69 1 236
 194 173 195
 40 57 235
 230 165 145
 194 239 172
 184 219 204
 156 183 212
 149 212 183
 189 35 190
 184 238 48
 88 222 200
 88 200 221
 85 87 146
 228 231 188
 79 176 240
 220 237 9
 224 203 216
 214 236 1
 7 9 237
 105 102 49
 224 55 203
 54 203 55
 187 188 231
 226 186 234
 223 240 176
 92 94 168
 229 172 239
 51 145 165
 85 234 186
 129 240 94
 192 49 102
 214 206 236
 205 236 206
 0
 0
 0
 0
 0
 0
 0
 0
 0
 0
 0
 0
 0
 0
 0
 0
 0
 0
 0
 0
 11
 99 31 92 180 93 162 170 32 215 44 26
 12
 171 91 4 118 120 122 121 90 215 232 216 191
 0
 9
 5 8 20 59 22 179 60 4 101
 0
 0
 0
 0
 0
 0
 0
 0
 0
