231 406
5.069196 0.635702 1
4.961960 0.559769 1
5.133544 0.478251 2
3.475663 0.888661 1
3.630861 0.810948 1
3.620797 0.962889 1
3.850509 0.260440 1
3.979503 0.179251 1
4.005759 0.298898 1
3.526508 0.747543 1
2.774578 0.915790 2
2.670109 0.789847 2
2.809502 0.795452 1
5.131914 0.869455 1
4.979466 0.893651 1
5.051641 0.767929 1
3.339667 0.912487 1
3.270177 0.973470 1
3.207373 0.855838 1
2.810024 0.456545 1
2.953604 0.456908 1
2.865226 0.576531 1
3.472222 0.000000 0
3.611111 0.000000 0
3.516792 0.145812 1
3.641623 0.107255 1
4.264837 0.506349 1
4.212965 0.369220 1
4.362883 0.430394 1
4.346334 0.298179 1
4.131754 0.207418 1
3.350452 0.817033 1
4.995296 0.236381 1
5.156919 0.196422 2
5.078186 0.341365 2
3.828493 1.142571 1
3.683397 1.093184 1
3.767156 0.999493 1
4.504739 0.855871 1
4.639683 0.942703 1
4.530584 1.020250 1
4.992430 0.434300 1
4.651967 1.116920 1
3.903397 1.006895 1
2.650289 0.424858 2
2.789191 0.325970 1
3.215673 0.712031 1
4.903107 0.343548 1
3.351627 0.668842 1
3.714597 0.708935 1
3.702993 0.565209 1
3.848248 0.685716 1
3.848161 0.545098 1
4.864355 0.634513 1
4.799226 0.536415 1
2.727676 0.657350 2
3.327806 1.347803 2
3.391597 1.254465 1
3.469650 1.397828 2
3.500594 1.253994 1
4.888039 0.454218 1
4.773951 1.017079 1
3.039363 0.550608 1
3.862222 0.115869 1
4.266639 1.208421 1
4.162879 1.264773 2
4.154629 1.098465 1
3.522048 1.072109 1
2.638889 0.000000 0
2.705536 0.097139 1
2.580803 0.155104 2
3.981842 1.107964 1
4.033360 0.990844 1
4.630215 0.814108 1
3.911410 0.404852 1
4.191768 0.738060 1
4.064754 0.862926 1
4.016786 0.705493 1
4.902018 0.986021 1
5.045081 1.009605 2
4.907285 1.106014 2
2.897116 0.362254 1
4.330723 0.835721 1
4.198482 0.880987 1
3.695457 1.200774 1
4.935510 0.798596 1
2.705582 0.204520 1
2.647284 0.296403 2
4.076138 0.103667 1
3.404548 0.268258 1
3.461062 0.404400 1
3.328546 0.382219 1
3.377062 0.515177 1
4.264057 0.989583 1
4.401928 0.975729 1
3.754119 0.403516 1
5.171740 0.594230 1
3.601026 0.455091 1
3.536094 0.303084 1
4.287328 0.156011 1
4.437894 0.163075 1
4.342330 0.685432 1
4.564247 1.248620 2
4.408943 1.208203 2
4.526571 1.138205 1
3.615175 1.304414 2
4.323374 1.097108 1
2.910152 0.242337 1
3.056968 0.169976 1
3.022608 0.329511 1
3.484943 0.629437 1
3.761477 1.293916 1
3.698988 1.429815 2
3.849503 1.421999 2
4.448486 0.731356 1
3.181105 0.357897 1
3.139652 0.247285 1
3.290539 0.264936 1
3.651117 0.340842 1
4.066500 1.192001 1
3.358270 0.132785 1
2.983404 0.661308 1
4.571433 0.430196 1
4.490055 0.339435 1
4.656291 0.343453 1
4.579339 0.224829 1
3.424379 0.747733 1
4.807293 1.166631 2
4.065104 0.412415 1
4.131865 0.522479 1
3.333333 0.000000 0
3.578319 1.177414 1
2.864636 0.691966 1
4.135249 0.629142 1
3.322062 1.462646 3
2.581689 0.570891 2
2.713194 0.536243 1
5.066491 0.106432 2
3.021576 1.079524 2
3.136050 0.991132 1
3.150005 1.136741 2
4.117604 0.318278 1
5.274645 0.556224 2
5.209572 0.706741 2
3.722780 0.273609 1
3.055556 0.000000 0
2.952795 0.107677 1
3.957970 0.911975 1
3.915571 0.802402 1
3.080878 0.732427 1
3.040666 0.853878 1
3.959123 0.513422 1
3.726347 0.895825 1
3.941152 0.610507 1
4.284656 1.344871 2
4.455444 0.607523 1
4.560836 0.542137 1
4.563451 0.696712 1
4.670970 0.591237 1
3.878421 1.282080 1
3.969128 1.361352 2
4.697741 1.235568 2
3.259067 1.085353 1
4.842820 0.875042 1
4.440127 1.087113 1
4.143056 0.964561 1
3.745319 0.148263 1
2.777778 0.000000 0
2.916667 0.000000 0
2.824630 0.126071 1
3.155647 0.105018 1
4.444445 0.000000 0
4.543991 0.104653 1
3.750000 0.000000 0
4.033442 0.602806 1
3.394670 1.027432 1
3.258112 1.230243 2
3.345389 1.153100 1
5.261732 0.838786 3
5.197884 0.982405 2
3.504400 0.508635 1
3.231197 0.473336 1
3.842282 0.902299 1
3.097116 0.451777 1
4.305555 0.000000 0
4.188107 0.103704 1
3.888889 0.000000 0
3.606921 0.671055 1
3.612837 0.214986 1
4.673587 0.710112 1
4.473945 0.484199 1
4.861111 0.000000 0
5.000000 0.000000 0
4.909756 0.121741 1
4.583333 0.000000 0
4.722222 0.000000 0
4.672441 0.119825 1
4.730761 0.885847 1
2.985061 0.969088 2
3.254211 0.592756 1
4.368527 0.081179 1
4.166667 0.000000 0
2.937374 0.769187 1
3.240989 0.167097 1
3.448032 1.143824 1
4.761513 0.665579 1
3.783251 0.797203 1
3.128230 0.636367 1
4.243562 0.616111 1
4.243294 0.265448 1
4.357610 0.555006 1
4.677654 0.468864 1
4.027778 0.000000 0
3.154818 0.542404 1
4.741789 0.782922 1
4.849654 0.738157 1
4.783470 0.397058 1
4.796529 0.282452 1
3.194444 0.000000 0
4.695080 0.236925 1
2.902155 0.879769 2
4.791667 0.183726 1
4.791667 0.078739 1
2.807389 0.224724 1
3.593017 0.564681 1
3.965343 1.219341 1
4.067390 1.302073 2
4.960452 0.689004 1
4.883244 0.236595 1
3.256537 0.080980 1
3.958333 0.073239 1
 0 1 2
 3 4 5
 6 7 8
 9 4 3
 10 11 12
 13 14 15
 16 17 18
 19 20 21
 22 23 24
 23 25 24
 26 27 28
 29 28 27
 30 8 7
 31 16 18
 32 33 34
 35 36 37
 38 39 40
 41 2 1
 42 40 39
 35 37 43
 19 44 45
 46 31 18
 41 47 34
 46 48 31
 49 50 51
 52 51 50
 53 54 1
 12 11 55
 56 57 58
 58 57 59
 1 54 60
 42 39 61
 20 62 21
 6 63 7
 64 65 66
 67 5 36
 68 69 70
 32 34 47
 35 43 71
 72 71 43
 38 73 39
 6 8 74
 75 76 77
 78 79 80
 19 81 20
 75 82 83
 35 84 36
 85 15 14
 75 83 76
 86 87 70
 30 7 88
 89 90 91
 92 91 90
 93 82 94
 38 94 82
 52 95 74
 0 2 96
 97 90 98
 29 99 100
 75 101 82
 102 103 104
 105 58 59
 64 66 106
 107 108 109
 6 74 95
 13 79 14
 92 110 48
 105 111 112
 113 112 111
 38 82 114
 115 116 117
 97 98 118
 119 66 65
 22 24 120
 121 21 62
 122 123 124
 125 124 123
 9 3 126
 31 126 3
 42 61 127
 128 27 129
 26 129 27
 115 117 91
 130 22 120
 44 87 45
 67 36 131
 12 55 132
 36 5 37
 41 34 2
 86 70 69
 75 77 133
 29 100 123
 125 123 100
 56 58 134
 135 136 55
 32 137 33
 138 139 140
 30 141 8
 142 143 96
 6 95 144
 9 126 110
 82 101 114
 145 108 146
 72 43 147
 72 66 71
 119 71 66
 97 95 50
 52 50 95
 38 40 94
 35 111 84
 93 106 66
 148 51 77
 46 18 149
 150 149 18
 128 129 151
 95 118 144
 152 37 5
 51 153 77
 64 103 154
 155 156 157
 158 157 156
 113 159 160
 110 126 48
 42 127 161
 140 139 162
 78 61 163
 150 18 139
 17 162 139
 19 21 136
 55 136 21
 164 104 103
 108 116 109
 107 146 108
 93 83 82
 72 76 165
 6 166 63
 167 168 169
 145 170 108
 155 157 114
 13 15 143
 0 143 15
 171 172 100
 127 61 80
 148 76 147
 72 147 76
 173 63 166
 38 157 73
 78 80 61
 174 151 129
 67 175 3
 140 162 176
 177 176 162
 13 178 179
 92 180 110
 29 123 28
 115 91 181
 152 5 4
 152 182 37
 115 181 183
 42 104 40
 148 77 76
 105 59 131
 184 99 185
 93 94 106
 164 106 94
 42 161 102
 173 186 63
 9 110 187
 188 24 25
 89 24 98
 188 98 24
 0 96 143
 158 189 157
 13 143 178
 28 123 190
 113 111 159
 128 151 74
 191 192 193
 194 195 196
 125 100 172
 38 114 157
 17 139 18
 61 197 163
 128 74 8
 41 1 60
 135 44 136
 97 118 95
 13 179 79
 150 139 198
 46 199 48
 19 136 44
 89 120 24
 171 100 200
 142 96 2
 155 114 101
 67 3 5
 168 145 146
 201 184 185
 121 149 202
 150 202 149
 122 190 123
 203 117 116
 173 166 25
 31 3 16
 59 204 131
 86 45 87
 49 187 50
 168 146 169
 158 54 205
 53 205 54
 52 74 151
 19 45 81
 152 206 182
 121 62 207
 26 208 129
 43 37 182
 171 194 172
 29 209 99
 49 206 4
 152 4 206
 190 155 210
 129 208 133
 121 207 149
 92 48 199
 23 173 25
 92 90 180
 28 190 210
 122 211 156
 32 193 137
 49 51 206
 148 206 51
 212 201 88
 213 183 181
 89 117 120
 107 169 146
 214 215 163
 85 163 215
 138 198 139
 76 83 165
 31 48 126
 174 133 77
 35 159 111
 105 84 111
 164 94 40
 67 131 204
 192 137 193
 78 14 79
 26 28 210
 216 124 217
 145 218 170
 89 98 90
 124 219 217
 92 181 91
 12 220 10
 158 156 211
 39 197 61
 30 99 209
 194 196 172
 115 109 116
 89 91 117
 30 185 99
 100 99 200
 184 200 99
 125 172 196
 107 81 45
 155 101 210
 75 208 101
 203 120 117
 167 169 69
 86 69 169
 128 141 27
 29 27 209
 9 187 4
 49 4 187
 121 202 132
 42 102 104
 221 222 193
 191 193 222
 78 163 14
 85 14 163
 97 180 90
 221 196 222
 195 222 196
 188 118 98
 188 25 166
 93 66 165
 188 166 144
 6 144 166
 86 223 45
 50 187 224
 107 45 223
 121 132 21
 115 183 109
 20 109 183
 174 77 153
 160 225 226
 122 124 211
 164 40 104
 12 202 220
 201 185 88
 158 205 189
 108 170 116
 203 116 170
 150 220 202
 107 223 169
 12 132 202
 125 196 219
 221 219 196
 64 106 103
 164 103 106
 85 227 15
 0 15 227
 17 175 162
 177 162 175
 97 50 224
 86 169 223
 72 165 66
 64 154 65
 32 228 193
 221 193 228
 68 167 69
 46 207 199
 177 175 204
 67 204 175
 216 54 211
 107 109 81
 20 81 109
 213 199 207
 158 211 54
 184 171 200
 39 73 197
 214 197 73
 93 165 83
 218 130 229
 128 8 141
 105 131 84
 216 211 124
 160 159 225
 177 57 176
 56 176 57
 3 175 16
 195 191 222
 27 141 209
 30 209 141
 186 212 230
 214 205 215
 53 215 205
 214 163 197
 92 199 181
 17 16 175
 150 198 220
 213 181 199
 130 120 229
 216 217 47
 52 153 51
 119 226 225
 125 219 124
 53 227 215
 85 215 227
 55 21 132
 203 229 120
 212 88 230
 7 230 88
 216 60 54
 188 144 118
 53 1 227
 0 227 1
 213 207 62
 177 204 57
 59 57 204
 46 149 207
 32 47 228
 30 88 185
 216 47 60
 41 60 47
 157 189 73
 214 73 189
 36 84 131
 148 182 206
 174 129 133
 35 71 225
 110 224 187
 47 217 228
 52 151 153
 174 153 151
 101 208 210
 75 133 208
 186 230 63
 7 63 230
 119 225 71
 35 225 159
 20 183 62
 213 62 183
 214 189 205
 203 170 229
 221 217 219
 26 210 208
 218 229 170
 97 224 180
 110 180 224
 148 147 182
 43 182 147
 155 190 156
 122 156 190
 119 65 226
 221 228 217
 0
 0
 0
 0
 0
 0
 0
 0
 0
 0
 7
 142 33 2 143 34 178 137
 0
 0
 0
 0
 0
 0
 0
 17
 113 105 127 160 58 79 102 112 179 161 154 178 103 65 134 80 226
 0
 14
 138 56 135 55 140 44 70 11 176 87 198 134 10 220
 0
 0
 0
 0
 0
 0
 0
 0
 0
 0
 0
 0
