237 412
2.778845 2.835404 1
2.722581 2.737618 1
2.902174 2.798072 2
2.799273 2.657090 1
2.045098 3.303173 1
2.145648 3.373467 1
1.976770 3.446197 1
2.119670 3.493098 1
1.768777 1.588196 2
1.812134 1.749249 2
1.715435 1.715435 1
1.754323 2.040810 1
1.758451 2.202305 1
1.616540 2.144050 1
2.583424 2.501775 1
2.701661 2.377132 1
2.695099 2.498819 1
1.941770 2.558034 1
1.986268 2.386796 1
2.062971 2.489299 1
1.512000 3.028704 2
1.638329 2.981352 1
1.652687 3.096948 1
2.571431 3.205691 2
2.535318 3.365102 2
2.434222 3.215888 1
2.399718 3.322978 1
1.860394 2.484539 1
2.344383 2.780520 1
2.410020 2.636260 1
2.463959 2.742223 1
1.616217 1.525900 1
1.625544 1.659426 1
2.260671 2.687577 1
1.626288 2.311020 1
1.774427 3.040984 1
1.793190 3.163004 1
2.529397 2.962426 1
2.667062 2.893990 2
2.625647 3.073562 2
1.946766 2.013768 1
1.849528 1.959829 1
1.990244 1.885894 2
1.857689 3.579554 2
2.015769 3.551778 1
2.186648 3.695920 1
2.264641 3.792607 2
2.162940 3.843647 2
2.556905 2.379816 1
2.081096 3.728491 2
1.529652 2.930318 1
3.084625 1.710023 2
3.214273 1.796005 3
3.044488 1.817739 1
1.669384 2.508442 1
1.783510 2.581631 1
1.639057 2.657163 1
1.573964 2.558412 1
2.641909 2.265342 1
2.293576 2.914561 1
2.211674 2.801809 1
2.157629 2.901798 1
1.900319 2.246005 1
2.059149 2.222981 1
2.000322 3.658331 1
1.864834 2.669803 1
1.907914 3.243223 1
1.757735 3.323189 2
1.859522 1.853826 2
1.454482 2.360494 2
1.366972 2.232490 2
1.514913 2.246294 1
2.303614 2.080386 1
2.467033 2.125870 1
2.314073 2.205104 1
2.414804 2.274356 1
1.556893 1.896948 1
1.426256 1.824901 2
1.530432 1.733837 1
3.038144 2.689117 2
2.920684 2.606197 1
3.070481 2.557373 1
2.029438 3.159523 1
1.700395 1.421035 2
3.126991 1.895258 1
1.414853 1.981967 2
1.679207 2.789721 1
1.508932 2.776086 1
1.619870 2.889459 1
1.781925 2.355033 1
2.990162 2.481465 1
2.715771 1.861416 2
2.616538 1.926217 1
2.582546 1.762051 2
1.552569 3.145017 2
1.904876 3.102249 1
1.464859 2.537365 1
1.353049 2.614886 2
1.352674 2.447920 2
2.174151 3.085896 1
2.100081 2.995924 1
1.980043 3.005756 1
1.605948 3.264765 2
1.687407 3.196637 1
1.627476 1.784595 1
2.529548 2.292510 1
2.518943 1.873322 1
2.818202 2.930408 2
2.709339 2.016364 1
2.803290 1.965028 1
2.404523 1.959093 1
1.453294 2.143997 2
1.866400 2.102868 1
2.305499 2.586493 1
2.329350 2.436040 1
2.447927 2.498250 1
2.426300 1.809981 1
2.331050 1.877390 1
1.717798 1.875217 1
2.429618 2.873436 1
1.638687 2.005035 1
1.536053 2.034399 1
2.212756 2.982619 1
2.586313 2.176878 1
2.262336 1.955468 1
1.612268 1.306570 2
1.580054 1.423513 1
1.464182 1.376227 3
2.276365 3.172421 1
2.319116 3.273398 1
2.385357 3.105984 1
1.507207 1.487833 1
2.057900 2.608670 1
2.111815 2.711766 1
1.976511 2.685504 1
2.005661 2.793774 1
1.355590 2.757757 2
1.427904 2.896766 2
1.572444 2.445432 1
1.824021 3.453087 2
2.313524 3.484680 1
2.376864 3.565907 1
2.233952 3.561823 1
2.107658 2.346035 1
1.910382 2.878036 1
1.864057 2.985655 1
1.750556 2.901249 1
2.141032 3.189655 1
2.398672 3.432443 1
2.087509 2.079071 1
2.189418 2.140769 1
2.199541 2.264792 1
3.139514 2.120711 1
3.296390 2.111793 2
3.199289 2.221692 2
1.882226 2.368093 1
2.171318 2.578232 1
2.267133 3.651647 1
2.850164 2.348053 1
2.930329 2.224630 1
2.984742 2.359340 1
2.105972 2.821742 1
2.241171 2.489126 1
2.601359 2.058598 1
2.521679 1.988620 1
3.223093 2.028296 1
2.826248 2.103138 1
2.779103 2.240019 1
2.861258 2.509342 1
2.772994 2.559116 1
2.486100 3.502004 2
2.523007 3.648184 3
3.218712 2.513155 2
3.277953 2.669799 3
3.152739 2.636584 2
1.899794 3.359475 1
1.885537 3.695536 1
2.200313 3.282825 1
1.434055 2.688274 1
1.524075 2.643659 1
3.088658 2.269545 1
3.226219 2.342403 2
3.102443 2.417721 1
2.614172 2.762391 1
2.540833 2.848108 1
2.364691 3.674391 2
1.807906 2.804029 1
2.168581 2.022651 1
1.494926 1.608590 2
1.755678 2.469362 1
2.547752 2.677674 1
2.436220 1.687967 2
1.683176 2.417166 1
2.317063 1.775103 2
2.654012 2.621906 1
1.228799 2.671952 3
2.691714 2.142068 1
3.024067 2.154481 1
2.942861 2.108407 1
1.887796 2.758913 1
1.770466 2.711713 1
1.982508 2.110129 1
2.291043 3.043742 1
2.404053 3.000973 1
1.396836 1.506192 2
2.157194 2.450393 1
2.111428 3.605422 1
2.907280 2.430012 1
2.910770 2.004319 1
2.508872 2.577290 1
2.909976 1.879384 1
2.822122 1.771414 2
2.953717 1.735142 2
1.412666 1.711518 2
1.823967 3.799310 3
1.961541 3.763787 2
2.321094 2.322698 1
2.499911 3.088206 1
2.226640 2.377940 1
3.123369 1.995431 1
3.022892 2.055470 1
2.148384 1.913549 1
2.044647 2.000212 1
2.129306 1.804879 2
3.021968 1.940591 1
2.812789 1.869311 1
3.231018 1.924711 1
1.774530 3.699827 2
2.043079 2.899563 1
2.233232 1.841750 1
2.284962 3.372878 1
2.442154 2.377958 1
2.219551 3.457190 1
3.335945 1.880307 2
3.320478 1.980983 2
2.792107 2.450197 1
2.217895 1.739479 2
 0 1 2
 1 3 2
 4 5 6
 6 5 7
 8 9 10
 11 12 13
 14 15 16
 17 18 19
 20 21 22
 23 24 25
 26 25 24
 27 18 17
 28 29 30
 31 8 32
 28 33 29
 8 10 32
 34 13 12
 35 36 22
 37 38 39
 40 41 42
 43 6 44
 45 46 47
 48 15 14
 45 47 49
 20 50 21
 51 52 53
 54 55 56
 57 54 56
 58 15 48
 28 59 60
 61 60 59
 62 63 18
 43 44 64
 65 55 17
 66 67 36
 41 68 42
 69 70 71
 72 73 74
 75 74 73
 76 77 78
 79 80 81
 66 82 4
 83 8 31
 84 53 52
 17 55 27
 76 85 77
 56 86 87
 88 87 86
 34 12 89
 90 81 80
 91 92 93
 20 22 94
 66 95 82
 96 97 98
 99 82 100
 101 100 82
 102 94 103
 76 78 104
 58 48 105
 66 36 95
 106 93 92
 75 73 105
 0 2 107
 92 91 108
 108 91 109
 72 110 73
 111 13 71
 34 71 13
 11 112 12
 113 114 115
 106 110 116
 117 116 110
 11 118 41
 28 119 59
 11 13 120
 11 120 118
 3 80 2
 111 121 13
 61 59 122
 22 103 94
 73 123 105
 111 71 70
 72 124 110
 125 126 127
 128 25 129
 35 95 36
 130 25 128
 83 31 126
 131 126 31
 35 22 21
 132 133 134
 135 134 133
 28 30 119
 36 67 103
 136 87 137
 34 138 69
 43 139 6
 62 89 12
 7 44 6
 140 141 142
 18 63 143
 144 145 146
 82 147 4
 26 24 148
 149 150 63
 151 63 150
 152 153 154
 62 18 155
 132 156 133
 141 157 142
 158 159 160
 135 133 161
 117 110 124
 113 162 114
 96 69 138
 96 98 69
 113 115 29
 163 73 164
 68 41 118
 165 153 152
 35 146 145
 166 159 167
 158 167 159
 34 69 71
 168 80 169
 169 80 3
 27 155 18
 79 2 80
 0 107 38
 24 170 148
 171 141 170
 101 82 95
 90 80 168
 172 173 174
 76 118 120
 66 4 175
 6 175 4
 88 50 87
 43 64 176
 177 4 147
 96 178 97
 96 179 178
 180 181 182
 99 147 82
 183 184 30
 183 1 38
 0 38 1
 185 141 171
 186 144 146
 72 150 187
 102 103 67
 131 31 188
 172 182 181
 58 167 15
 56 87 179
 72 187 124
 27 55 189
 73 110 164
 22 36 103
 10 9 118
 68 118 9
 62 12 112
 183 30 190
 163 123 73
 180 160 159
 191 93 116
 106 116 93
 76 121 85
 87 50 137
 27 89 155
 34 89 192
 35 145 95
 116 193 191
 76 104 118
 3 1 194
 136 195 97
 58 196 167
 180 154 181
 27 189 89
 40 112 41
 11 41 112
 132 19 156
 62 155 89
 180 159 197
 3 194 169
 166 108 109
 76 120 121
 113 29 33
 166 198 159
 65 199 200
 62 201 63
 136 178 87
 130 202 203
 56 179 57
 131 204 127
 59 203 202
 205 156 19
 158 15 167
 45 157 46
 185 46 157
 30 184 119
 18 143 19
 205 19 143
 186 200 199
 64 206 49
 158 160 207
 166 109 208
 131 127 126
 180 182 160
 10 118 104
 151 143 63
 166 196 108
 78 188 32
 209 29 115
 210 211 212
 34 192 138
 66 175 67
 79 81 174
 88 21 50
 166 167 196
 90 168 207
 78 213 188
 210 208 109
 62 112 201
 48 14 115
 209 115 14
 214 176 215
 183 194 1
 111 85 121
 151 74 216
 31 32 188
 131 188 204
 185 157 141
 23 25 217
 23 217 39
 151 216 218
 54 189 55
 165 152 219
 220 219 152
 37 203 119
 59 119 203
 177 5 4
 221 222 42
 72 74 150
 151 150 74
 58 105 123
 221 42 223
 210 53 224
 37 39 217
 16 194 14
 209 14 194
 45 49 206
 221 187 222
 91 225 109
 210 109 225
 180 197 152
 172 81 182
 210 212 53
 113 33 156
 133 156 33
 54 138 192
 16 169 194
 84 226 219
 90 160 182
 83 126 125
 149 63 201
 26 129 25
 209 190 29
 30 29 190
 37 119 184
 64 44 206
 84 52 226
 130 217 25
 43 176 227
 163 196 123
 58 123 196
 135 228 144
 101 144 228
 170 141 148
 140 148 141
 78 77 213
 210 225 211
 65 200 55
 91 211 225
 99 128 147
 177 147 128
 20 137 50
 106 164 110
 117 124 229
 221 229 124
 40 201 112
 177 230 5
 132 17 19
 40 222 201
 135 144 199
 186 199 144
 183 38 184
 37 184 38
 220 152 197
 90 182 81
 96 57 179
 209 194 190
 183 190 194
 114 162 218
 205 218 162
 163 92 108
 13 121 120
 165 219 226
 114 216 231
 37 217 203
 96 138 57
 180 152 154
 67 175 139
 230 232 5
 233 226 52
 165 234 153
 88 146 21
 163 108 196
 149 201 222
 130 128 202
 114 231 115
 205 162 156
 113 156 162
 101 95 145
 56 55 200
 159 198 197
 65 17 134
 99 202 128
 130 203 217
 87 178 179
 136 97 178
 158 207 235
 177 128 129
 210 224 208
 220 208 224
 168 235 207
 88 86 146
 172 174 81
 26 148 230
 140 230 148
 151 218 143
 205 143 218
 90 207 160
 28 60 33
 133 33 60
 54 57 138
 149 187 150
 101 145 144
 132 134 17
 75 231 216
 35 21 146
 84 219 224
 220 224 219
 166 208 198
 40 42 222
 84 224 53
 177 129 230
 214 227 176
 6 139 175
 51 53 212
 26 230 129
 158 235 15
 75 105 231
 48 231 105
 16 15 235
 149 222 187
 186 146 86
 61 100 228
 101 228 100
 221 124 187
 75 216 74
 117 193 116
 48 115 231
 56 200 86
 7 232 142
 140 142 232
 140 232 230
 220 198 208
 168 169 235
 16 235 169
 61 122 100
 7 142 206
 99 100 122
 7 206 44
 64 215 176
 45 142 157
 45 206 142
 186 86 200
 65 134 199
 7 5 232
 236 229 223
 221 223 229
 114 218 216
 64 49 215
 165 226 234
 59 202 122
 99 122 202
 106 92 164
 163 164 92
 10 104 32
 78 32 104
 89 189 192
 220 197 198
 133 60 161
 61 228 161
 135 161 228
 236 193 229
 135 199 134
 233 234 226
 54 192 189
 117 229 193
 61 161 60
 0
 0
 0
 0
 0
 0
 0
 0
 0
 0
 0
 0
 0
 0
 0
 0
 11
 79 23 173 24 171 170 2 39 38 174 107
 0
 8
 172 233 173 181 52 153 154 234
 0
 17
 83 51 191 91 68 236 8 125 211 93 52 42 212 127 223 9 193
 0
 12
 111 69 195 85 77 97 98 70 127 188 204 213
 11
 20 43 136 102 214 67 195 137 139 227 94
 0
 0
 0
 0
 0
 7
 185 214 171 46 47 49 215
 0
 0
 0
