231 403
8.893986 4.907285 2
8.722643 4.893626 2
8.833369 4.807293 1
9.364298 5.069196 1
9.440231 4.961960 1
9.521749 5.133544 1
9.111339 3.475663 2
9.189052 3.630861 1
9.037111 3.620797 1
8.541680 4.309810 1
8.655129 4.284656 1
8.563005 4.423867 1
9.739560 3.850509 1
9.820748 3.979503 1
9.701102 4.005759 1
9.252457 3.526508 1
9.130545 5.131914 2
9.106349 4.979466 1
9.232071 5.051641 1
10.000000 3.472222 0
10.000000 3.611111 0
9.854188 3.516792 1
9.892745 3.641623 1
9.493650 4.264837 1
9.630780 4.212965 1
9.569606 4.362883 1
9.701820 4.346334 1
9.792582 4.131754 1
8.678182 4.436863 1
9.655478 5.224209 1
9.658634 5.078186 1
9.803578 5.156919 1
9.763619 4.995296 1
9.516789 5.717927 2
9.396482 5.642149 2
9.580210 5.622232 1
9.512300 5.505040 1
8.363518 4.296433 2
8.446996 4.428215 2
8.857430 3.828493 1
8.906816 3.683397 1
9.000507 3.767156 1
9.144129 4.504739 1
9.057297 4.639683 1
8.979750 4.530584 1
9.565700 4.992430 1
8.883080 4.651967 1
8.993105 3.903397 1
8.499805 4.198955 2
8.602221 3.469974 2
8.556871 3.586126 1
8.437001 3.520203 2
8.462506 3.635818 1
8.570185 3.698988 1
8.418548 3.747811 2
8.578001 3.849503 1
9.656452 4.903107 1
9.454902 3.848161 1
9.314283 3.848248 1
9.434791 3.702993 1
9.291065 3.714597 1
9.365487 4.864355 1
9.463585 4.799226 1
8.745855 3.392673 2
8.746016 3.500659 1
9.545782 4.888039 1
8.982921 4.773951 1
8.638648 3.969128 1
8.518836 3.956628 1
9.884130 3.862222 1
8.791578 4.266639 1
8.735228 4.162879 1
8.901535 4.154629 1
9.789417 5.397940 1
9.743815 5.500126 1
9.629246 5.391258 1
8.927892 3.522048 2
9.239473 5.574383 2
9.357913 5.466718 1
8.892035 3.981842 1
9.009155 4.033360 1
9.185892 4.630215 1
9.595148 3.911410 1
9.261940 4.191768 1
9.137074 4.064754 1
9.294507 4.016786 1
9.013980 4.902018 1
8.990396 5.045081 2
9.164279 4.330723 1
9.119013 4.198482 1
8.799227 3.695459 1
9.201405 4.935510 1
8.791797 4.408943 1
9.896333 4.076138 1
9.731742 3.404548 1
9.595600 3.461062 1
9.617782 3.328546 1
9.484823 3.377062 1
9.010417 4.264057 1
9.024271 4.401928 1
9.596484 3.754119 1
9.405770 5.171740 1
9.544909 3.601026 1
9.696916 3.536094 1
9.843989 4.287328 1
9.836925 4.437894 1
9.314569 4.342330 1
9.643438 5.532288 1
8.751380 4.564247 1
8.861794 4.526571 1
8.695585 3.615175 1
8.902892 4.323374 1
9.370563 3.484943 1
9.331159 3.351627 2
8.706083 3.761477 1
9.268643 4.448486 1
9.659159 3.651117 1
8.401311 4.564542 2
8.535851 4.550630 1
8.808000 4.066500 1
8.343011 3.622439 2
9.867215 3.358270 2
9.443776 5.274645 1
9.352675 5.348751 1
9.293259 5.209572 1
9.569804 4.571433 1
9.660564 4.490055 1
9.656548 4.656291 1
9.775171 4.579339 1
9.252267 3.424379 2
9.587584 4.065104 1
9.477521 4.131865 1
9.642103 3.181105 2
9.735064 3.290539 2
9.749074 5.293266 1
10.000000 3.333333 0
8.822588 3.578330 1
10.000000 5.416667 0
10.000000 5.555555 0
9.862366 5.518735 1
9.370858 4.135249 1
9.893568 5.066491 1
9.681722 4.117604 1
9.726391 3.722780 1
9.088025 3.957970 1
8.432581 3.883755 2
8.281182 3.844628 3
9.476225 5.378482 1
9.197598 3.915571 1
9.486578 3.959123 1
9.894346 5.389453 1
9.878208 5.660171 2
9.104176 3.726347 1
9.389493 3.941152 1
8.697927 4.067390 1
8.621064 4.148262 1
8.538924 4.070376 2
9.240016 5.359257 1
9.740313 5.638144 2
9.408763 4.670970 1
9.303288 4.563451 1
9.457863 4.560836 1
9.392477 4.455444 1
8.717920 3.878421 1
9.557239 5.283425 1
8.764432 4.697741 1
9.647109 5.717340 2
9.427407 5.788477 3
9.124958 4.842820 1
8.711639 4.780706 1
8.508940 4.682758 2
8.648938 4.663811 1
9.121614 5.499931 2
9.218525 5.468232 1
8.912887 4.440127 1
9.035439 4.143056 1
9.851737 3.745319 1
10.000000 4.444445 0
9.895347 4.543991 1
10.000000 3.750000 0
9.397194 4.033442 1
9.491364 3.504400 1
9.526664 3.231197 2
9.097701 3.842282 1
10.000000 4.305555 0
9.896297 4.188107 1
10.000000 3.888889 0
9.328944 3.606921 1
9.785014 3.612837 1
9.289888 4.673587 1
9.161214 5.261732 2
9.515800 4.473945 1
10.000000 4.861111 0
10.000000 5.000000 0
9.878259 4.909756 1
10.000000 4.583333 0
10.000000 4.722222 0
9.880175 4.672441 1
9.114153 4.730761 1
9.918821 4.368527 1
9.861631 5.285372 1
10.000000 5.138889 0
9.914859 5.194705 1
10.000000 4.166667 0
8.601311 4.799692 2
8.856175 3.448032 2
9.334420 4.761513 1
9.202797 3.783251 1
9.383889 4.243562 1
9.734552 4.243294 1
9.444994 4.357610 1
10.000000 5.277778 0
9.407244 3.254211 2
9.531137 4.677654 1
10.000000 4.027778 0
9.217078 4.741789 1
9.261843 4.849654 1
9.602942 4.783470 1
9.717548 4.796529 1
8.651186 4.533991 1
9.763075 4.695080 1
9.816274 4.791667 1
9.921261 4.791667 1
9.435319 3.593017 1
8.780659 3.965343 1
9.310996 4.960452 1
9.763405 4.883244 1
8.280723 3.514709 3
8.420769 4.007967 2
9.926762 3.958333 1
9.132717 5.389285 2
 0 1 2
 3 4 5
 6 7 8
 9 10 11
 12 13 14
 15 7 6
 16 17 18
 19 20 21
 20 22 21
 23 24 25
 26 25 24
 27 14 13
 11 10 28
 29 30 31
 32 31 30
 33 34 35
 36 35 34
 37 9 38
 39 40 41
 42 43 44
 45 5 4
 46 44 43
 39 41 47
 37 48 9
 49 50 51
 52 53 54
 55 54 53
 45 56 30
 57 58 59
 60 59 58
 61 62 4
 49 63 64
 62 65 4
 46 43 66
 55 67 68
 12 69 13
 70 71 72
 73 74 75
 76 8 40
 77 78 34
 36 34 78
 32 30 56
 39 47 79
 80 79 47
 42 81 43
 12 14 82
 83 84 85
 86 87 0
 83 88 89
 39 90 40
 91 18 17
 28 10 92
 83 89 84
 27 13 93
 94 95 96
 97 96 95
 98 88 99
 42 99 88
 57 100 82
 3 5 101
 102 95 103
 26 104 105
 83 106 88
 75 74 107
 108 92 109
 110 49 64
 70 72 111
 12 82 100
 16 87 17
 97 112 113
 110 114 53
 55 53 114
 42 88 115
 102 103 116
 117 38 118
 119 72 71
 52 54 120
 19 21 121
 122 123 124
 125 126 127
 128 127 126
 15 6 129
 46 66 2
 130 24 131
 23 131 24
 132 133 96
 29 31 134
 135 19 121
 73 75 134
 29 134 75
 76 40 136
 28 92 108
 40 8 41
 45 30 5
 137 138 139
 83 85 140
 26 105 126
 128 126 105
 32 141 31
 27 142 14
 122 124 101
 12 100 143
 15 129 112
 36 75 107
 88 106 115
 80 47 144
 80 72 79
 119 79 72
 102 100 59
 57 59 100
 42 44 99
 54 145 146
 39 114 90
 98 111 72
 36 147 75
 148 58 85
 55 145 54
 130 131 149
 100 116 143
 137 139 150
 138 151 139
 152 41 8
 58 153 85
 154 155 156
 157 124 123
 70 92 10
 158 35 107
 67 154 156
 159 160 161
 162 161 160
 55 163 67
 29 75 164
 112 129 113
 46 2 165
 158 166 35
 33 167 34
 86 66 168
 1 169 2
 122 5 164
 29 164 5
 117 118 170
 171 170 118
 77 172 173
 174 109 92
 52 51 50
 98 89 88
 80 84 175
 12 176 69
 162 160 115
 29 5 30
 16 18 124
 3 124 18
 177 178 105
 2 66 0
 155 10 48
 9 48 10
 148 84 144
 80 144 84
 179 69 176
 42 160 81
 86 0 66
 180 149 131
 36 78 147
 55 68 145
 97 181 112
 26 126 25
 132 96 182
 152 8 7
 152 183 41
 46 109 44
 67 156 68
 148 85 84
 110 64 136
 184 104 185
 98 99 111
 174 111 99
 171 108 165
 46 165 108
 179 186 69
 15 112 187
 188 21 22
 94 21 103
 188 103 21
 3 101 124
 159 189 160
 16 124 190
 157 190 124
 25 126 191
 110 50 49
 55 114 163
 130 149 82
 77 173 78
 157 78 173
 192 193 194
 195 196 197
 128 105 178
 42 115 160
 66 198 168
 130 82 14
 45 4 65
 102 116 100
 94 121 21
 177 105 199
 31 200 134
 122 101 5
 162 115 106
 157 123 78
 76 6 8
 201 202 141
 203 184 185
 171 204 170
 38 11 118
 125 191 126
 179 176 22
 64 205 136
 60 187 59
 159 62 206
 61 206 62
 57 82 149
 193 201 141
 152 207 183
 23 208 131
 47 41 183
 177 195 178
 26 209 104
 158 139 151
 60 207 7
 152 7 207
 191 162 210
 131 208 140
 211 137 150
 211 150 200
 97 113 212
 20 179 22
 97 95 181
 9 11 38
 25 191 210
 125 213 161
 32 194 141
 31 141 202
 60 58 207
 148 207 58
 214 203 93
 94 133 121
 215 216 168
 91 168 216
 84 89 175
 180 140 85
 39 163 114
 110 90 114
 174 99 44
 76 136 205
 193 141 194
 110 53 50
 86 17 87
 23 25 210
 217 127 218
 94 103 95
 171 118 219
 127 220 218
 97 182 96
 159 161 213
 43 198 66
 27 104 209
 171 219 108
 195 197 178
 28 108 219
 94 96 133
 171 169 204
 27 185 104
 78 123 147
 105 104 199
 184 199 104
 128 178 197
 162 106 210
 122 164 147
 75 147 164
 118 11 219
 73 150 139
 83 208 106
 28 219 11
 130 142 24
 26 24 209
 15 187 7
 60 7 187
 46 108 109
 122 147 123
 221 222 194
 192 194 222
 91 17 168
 86 168 17
 102 181 95
 196 222 197
 221 197 222
 171 165 169
 188 116 103
 188 22 176
 98 72 175
 12 143 176
 188 176 143
 59 187 223
 180 85 153
 67 224 154
 125 127 213
 174 44 109
 203 185 93
 159 206 189
 36 107 35
 221 220 197
 128 197 220
 52 50 53
 70 111 92
 174 92 111
 91 225 18
 3 18 225
 102 59 223
 80 175 72
 70 10 71
 155 71 10
 221 194 226
 32 226 194
 158 74 139
 52 120 51
 227 51 120
 2 169 165
 73 139 74
 33 35 166
 217 62 213
 73 134 200
 159 213 62
 68 156 228
 184 177 199
 201 211 202
 43 81 198
 215 198 81
 211 200 202
 98 175 89
 73 200 150
 130 14 142
 110 136 90
 217 213 127
 67 163 224
 196 192 222
 158 107 74
 24 142 209
 27 209 142
 31 202 200
 186 214 229
 215 206 216
 61 216 206
 215 168 198
 97 212 182
 1 204 169
 217 218 56
 68 228 145
 57 153 58
 119 154 224
 128 220 127
 61 225 216
 91 216 225
 155 48 156
 214 93 229
 13 229 93
 217 65 62
 188 143 116
 61 4 225
 3 225 4
 64 63 205
 32 56 226
 27 93 185
 217 56 65
 172 230 173
 157 173 230
 45 65 56
 215 81 189
 160 189 81
 157 230 190
 40 90 136
 148 183 207
 180 131 140
 39 79 224
 112 223 187
 155 154 71
 56 218 226
 57 149 153
 180 153 149
 106 208 210
 83 140 208
 186 229 69
 13 69 229
 119 224 79
 39 224 163
 215 189 206
 221 218 220
 23 210 208
 102 223 181
 112 181 223
 47 183 144
 148 144 183
 162 191 161
 125 161 191
 119 71 154
 221 226 218
 0
 0
 5
 158 33 166 151 167
 0
 0
 0
 0
 0
 14
 76 132 227 49 6 113 121 212 182 133 51 205 63 129
 0
 0
 0
 4
 227 54 120 146
 0
 20
 117 1 37 16 77 172 38 34 87 170 204 190 48 146 167 156 145 230 228 0
 0
 0
 0
 0
 0
 0
 0
 0
 0
 0
 0
 0
 0
 0
 0
 0
 0
 0
