235 408
8.339095 1.891838 1
8.250751 1.812134 1
8.411804 1.768777 1
8.284565 1.715435 1
9.678115 2.511569 1
9.574879 2.350617 1
9.721053 2.365102 1
9.077063 2.646301 1
9.210153 2.670109 1
9.084210 2.774578 1
9.204548 2.809502 1
8.475585 2.287620 1
8.630102 2.254541 1
8.581976 2.361500 1
8.504636 2.169859 1
9.087513 3.339667 1
9.026529 3.270177 1
9.144161 3.207373 1
9.543455 2.810024 1
9.543092 2.953604 1
9.423470 2.865226 1
8.474099 1.616217 1
8.340574 1.625544 1
8.729655 1.919936 1
8.745080 1.755492 2
8.872846 1.871586 2
9.789246 2.448795 1
9.182967 3.350452 1
9.421269 2.339659 1
9.342519 2.234407 2
9.476007 2.231205 2
8.578965 1.700395 1
8.587470 1.848912 1
9.429109 2.581689 1
9.342649 2.727676 1
9.300473 2.592718 1
8.289977 3.084625 1
8.203995 3.214273 2
8.182261 3.044488 2
8.457720 1.950579 1
9.570928 2.643228 1
9.666690 2.753694 1
8.512171 3.029562 1
8.501996 2.902117 1
8.635534 3.000477 1
8.312034 2.436220 1
8.406985 2.544760 1
8.237949 2.582546 1
8.632577 2.858719 1
8.874151 2.322065 1
8.764855 2.203482 1
8.916048 2.203379 1
9.287970 3.215673 1
8.461940 3.408179 1
8.602221 3.469974 2
8.437001 3.520203 2
9.331159 3.351627 2
8.040218 1.849507 2
8.146174 1.859522 1
8.114106 1.990244 2
8.740061 2.530812 1
8.666847 2.437385 1
8.841598 2.440845 1
8.742489 2.344617 1
9.192173 2.523767 1
10.000000 2.500000 0
10.000000 2.638889 0
9.843488 2.564197 1
8.652964 3.332888 1
8.745855 3.392673 2
9.438756 2.449300 1
8.920476 3.021576 1
8.855284 3.136485 1
8.782388 3.023703 1
8.719112 3.129190 1
9.449391 3.039363 1
8.917796 2.615546 1
9.044215 2.523352 1
8.103052 1.556893 2
8.175099 1.426256 2
8.266163 1.530432 1
9.902959 2.703294 1
8.303676 3.298969 1
8.225669 3.402265 2
8.838311 2.114829 1
8.393827 2.992672 1
8.366385 2.871074 1
8.138584 2.715771 1
8.073783 2.616538 1
9.661263 2.881736 1
9.697988 2.218618 1
9.586776 2.199703 2
8.693430 1.612268 2
10.000000 2.083333 0
10.000000 2.222222 0
9.869110 2.155257 1
9.538357 2.507281 1
8.576491 2.513322 1
8.642417 2.630529 1
9.795480 2.705582 1
9.691846 2.643283 1
8.365952 2.673563 1
8.334949 3.194570 1
8.962798 2.763805 1
8.215405 1.627476 1
8.126678 2.518943 1
9.774709 2.930579 1
9.830764 3.057855 1
9.671414 3.023718 1
7.983636 2.709339 2
8.034971 2.803290 2
9.905188 2.023133 1
7.919614 2.303614 2
8.040907 2.404523 1
7.874130 2.467033 2
9.642103 3.181105 2
9.752715 3.139652 1
9.735064 3.290539 2
8.547351 2.765906 1
8.666471 2.749717 1
9.338692 2.983404 1
8.190020 2.426300 1
8.122610 2.331050 1
9.252267 3.424379 2
9.111339 3.475663 2
8.515110 2.065522 1
8.402747 2.097991 1
8.499480 2.649626 1
8.486609 3.217386 1
8.413008 3.308919 1
8.578949 3.131859 1
8.421050 3.111072 1
8.335576 1.998213 1
9.308034 2.864636 1
8.044533 2.262336 2
8.576487 1.580054 1
8.623773 1.464182 2
8.542651 3.328246 1
9.463327 2.712473 1
8.512167 1.507207 2
8.450005 2.413283 1
9.007729 3.134118 1
10.000000 3.055556 0
9.896259 2.958136 1
9.024781 2.865752 1
8.925119 2.901931 1
8.856956 2.819974 1
10.000000 1.805556 0
10.000000 1.944444 0
9.864987 1.903467 2
9.107937 2.061746 2
9.097796 2.162515 1
8.974391 2.102736 2
8.605382 1.994545 1
9.791840 2.029161 1
9.267573 3.080878 1
9.146122 3.040666 1
8.227109 1.928613 1
8.860596 2.725816 1
8.754113 2.811574 1
8.913311 3.256656 1
8.340025 2.314593 1
7.941402 2.601359 2
8.011380 2.521679 1
8.124784 1.717798 2
8.770854 3.259098 1
8.721547 2.928189 1
8.992749 2.420148 1
8.644530 3.228079 1
8.773985 2.662411 1
10.000000 2.777778 0
10.000000 2.916667 0
9.875825 2.830022 1
9.894982 3.155647 1
8.264857 2.953717 1
9.644619 2.075948 2
9.705174 1.928411 2
8.927892 3.522048 2
8.972569 3.394670 1
8.846900 3.345389 1
8.434777 2.774361 1
8.931909 2.507634 1
9.526664 3.231197 2
9.548377 3.097301 1
8.258897 2.715691 1
8.391410 1.494926 2
8.843869 1.998749 2
10.000000 2.361111 0
9.892401 2.436659 1
9.895423 2.288904 1
9.030814 2.984897 1
9.407244 3.254211 2
8.228585 2.822122 1
8.224897 2.317063 1
9.230813 2.937374 1
8.842537 2.537799 1
9.832903 3.240989 1
8.733887 2.060268 1
8.621247 2.130070 1
9.758629 2.819886 1
9.216706 2.307020 1
9.209607 2.173393 2
9.811171 2.366446 1
9.001876 2.310028 1
8.817172 2.915550 1
9.363633 3.128230 1
9.019978 2.214086 1
9.113731 2.401212 1
9.752971 2.126009 1
9.111723 2.262382 1
9.328279 2.460347 1
9.457596 3.154818 1
8.120616 2.909976 2
9.312048 2.352547 1
10.000000 3.194444 0
8.288482 1.412666 3
8.232973 2.033170 1
9.120214 2.902128 1
9.229127 2.416507 1
9.867215 3.358270 2
8.086451 2.148384 2
8.195121 2.129306 1
8.130690 2.812789 1
9.791131 2.269420 1
8.380368 2.200007 1
8.330919 2.771362 1
8.158250 2.233232 1
8.260521 2.217895 1
8.856175 3.448032 2
10.000000 3.333333 0
9.919020 3.256537 1
7.857933 2.691714 3
8.348223 3.406164 1
8.280723 3.514709 3
8.298698 2.112085 1
 0 1 2
 1 3 2
 4 5 6
 7 8 9
 9 8 10
 11 12 13
 11 14 12
 15 16 17
 18 19 20
 21 2 22
 22 2 3
 23 24 25
 4 6 26
 27 15 17
 28 29 30
 31 32 2
 33 34 35
 36 37 38
 39 2 32
 23 32 24
 31 24 32
 18 40 41
 42 43 44
 45 46 47
 43 48 44
 49 50 51
 52 27 17
 53 54 55
 52 56 27
 57 58 59
 60 61 62
 61 63 62
 64 8 7
 65 66 67
 10 8 34
 68 69 54
 28 5 70
 71 72 73
 74 73 72
 19 75 20
 76 77 7
 78 79 80
 31 2 21
 66 81 67
 39 0 2
 82 83 37
 34 8 35
 84 51 50
 42 85 43
 86 43 85
 63 50 49
 87 88 47
 18 89 19
 90 5 91
 31 92 24
 93 94 95
 4 96 5
 97 60 98
 99 100 67
 4 67 100
 90 6 5
 97 61 60
 101 47 46
 36 102 37
 76 7 103
 78 80 104
 105 47 88
 106 107 108
 88 87 109
 109 87 110
 93 95 111
 112 113 114
 115 116 117
 118 98 119
 120 20 75
 105 113 121
 122 121 113
 27 123 124
 125 126 39
 127 98 118
 128 129 102
 42 130 131
 128 131 130
 40 100 41
 126 132 39
 64 7 77
 5 96 70
 10 34 133
 99 67 81
 112 134 113
 92 135 136
 53 137 54
 68 54 137
 33 138 34
 28 30 5
 31 21 135
 139 135 21
 11 13 140
 71 141 72
 4 40 96
 33 96 40
 128 102 131
 142 107 143
 97 140 13
 5 30 91
 144 145 103
 146 103 145
 147 148 149
 150 151 152
 39 32 153
 23 153 32
 154 111 95
 52 17 155
 156 155 17
 58 157 59
 122 113 134
 63 49 62
 158 146 159
 72 141 160
 11 140 161
 45 140 46
 162 114 163
 58 57 164
 74 72 165
 156 17 141
 16 160 141
 166 44 48
 167 62 49
 18 20 138
 34 138 20
 128 168 137
 107 116 108
 106 143 107
 169 158 159
 170 171 172
 142 173 107
 45 161 140
 86 85 174
 154 175 176
 39 132 0
 4 26 67
 154 176 149
 177 178 124
 72 160 165
 179 165 160
 97 98 127
 86 180 43
 76 181 77
 115 182 183
 63 13 12
 74 44 73
 36 174 85
 87 47 184
 101 46 127
 97 127 46
 139 21 185
 166 73 44
 97 13 61
 114 113 163
 16 141 17
 58 164 1
 3 1 164
 33 40 138
 84 186 152
 128 130 168
 187 188 189
 156 141 190
 4 100 40
 52 191 56
 45 47 121
 105 121 47
 18 138 40
 86 174 192
 63 61 13
 193 161 45
 65 67 188
 23 25 186
 121 193 45
 119 98 169
 60 169 98
 78 104 164
 171 142 143
 119 169 159
 120 155 194
 156 194 155
 76 169 195
 60 195 169
 196 117 116
 27 124 15
 84 50 197
 198 197 50
 101 127 180
 99 41 100
 199 106 89
 41 199 89
 82 102 129
 94 189 95
 171 143 172
 200 201 29
 23 197 153
 198 153 197
 202 189 188
 167 49 203
 18 41 89
 71 73 204
 120 75 205
 71 204 145
 206 152 151
 120 205 155
 97 46 140
 202 26 6
 64 77 207
 167 207 77
 154 95 208
 200 209 201
 198 125 153
 64 35 8
 64 210 35
 33 210 70
 211 183 182
 106 172 143
 139 136 135
 71 190 141
 3 164 104
 27 56 123
 201 209 151
 80 185 22
 212 192 174
 28 213 29
 200 29 213
 68 137 168
 142 214 173
 80 215 185
 216 59 157
 10 217 9
 198 12 14
 33 70 96
 90 91 175
 167 203 207
 33 35 210
 115 108 116
 28 70 210
 21 22 185
 28 210 213
 64 218 210
 154 208 175
 90 175 208
 196 219 117
 76 158 169
 39 153 125
 170 172 81
 99 81 172
 63 12 50
 198 14 125
 101 184 47
 84 197 186
 23 186 197
 120 194 133
 207 203 209
 94 187 189
 187 65 188
 220 59 221
 216 221 59
 144 9 217
 82 37 102
 36 85 131
 87 222 110
 212 110 222
 71 145 190
 144 190 145
 95 223 208
 212 174 38
 90 208 223
 31 135 92
 99 199 41
 120 133 20
 87 184 192
 115 183 108
 19 108 183
 126 14 224
 11 224 14
 80 79 215
 212 222 192
 74 130 44
 86 192 225
 87 192 222
 42 131 85
 216 157 132
 0 132 157
 10 194 217
 105 163 113
 122 134 226
 220 226 134
 196 116 173
 107 173 116
 76 103 158
 156 217 194
 99 172 199
 10 133 194
 148 93 111
 43 180 118
 16 178 160
 179 160 178
 144 103 9
 7 9 103
 148 111 149
 106 199 172
 206 203 51
 42 44 130
 227 224 161
 11 161 224
 74 165 168
 66 170 81
 74 168 130
 52 205 191
 154 149 111
 167 181 62
 49 51 203
 177 228 178
 179 178 228
 60 62 195
 106 108 89
 19 89 108
 162 88 109
 211 191 205
 36 131 102
 214 229 230
 146 158 103
 179 69 165
 68 165 69
 124 178 15
 167 77 181
 198 50 12
 162 109 231
 16 15 178
 156 190 217
 211 182 191
 82 232 83
 233 83 232
 229 219 230
 68 168 165
 34 20 133
 196 230 219
 126 234 132
 216 132 234
 53 129 137
 128 137 129
 200 207 209
 211 205 75
 206 51 152
 179 228 69
 126 125 14
 200 218 207
 101 180 225
 52 155 205
 202 188 26
 67 26 188
 150 201 151
 84 152 51
 64 207 218
 233 232 55
 53 55 232
 95 189 223
 206 151 209
 127 118 180
 119 48 118
 43 118 48
 36 38 174
 202 223 189
 166 204 73
 82 129 232
 53 232 129
 227 161 193
 144 217 190
 86 225 180
 122 193 121
 146 204 159
 166 159 204
 101 225 184
 58 1 157
 0 157 1
 19 183 75
 211 75 183
 119 159 48
 166 48 159
 202 6 223
 206 209 203
 146 145 204
 90 223 6
 200 213 218
 196 173 230
 214 230 173
 210 218 213
 227 226 221
 220 221 226
 227 234 224
 192 184 225
 162 163 88
 105 88 163
 80 22 104
 3 104 22
 126 224 234
 227 221 234
 216 234 221
 227 193 226
 122 226 193
 62 181 195
 76 195 181
 0
 0
 0
 0
 0
 0
 0
 0
 0
 17
 139 150 24 25 175 29 92 149 201 186 176 152 30 136 185 215 91
 0
 12
 162 78 112 220 114 164 79 231 59 134 215 57
 8
 212 233 110 231 37 83 38 109
 0
 0
 14
 177 115 233 54 124 56 219 191 182 117 55 228 69 123
 0
 0
 0
 0
 0
 0
 0
 0
 0
 0
 0
 0
 0
 0
 0
 0
 0
