241 425
5.530592 1.588824 1
5.418162 1.689044 2
5.438151 1.531744 2
5.530718 0.481856 1
5.695170 0.474101 1
5.646289 0.628994 1
5.707364 1.638875 1
5.555358 1.705302 2
5.626503 1.565697 1
6.963366 1.048810 2
6.884698 0.923605 1
7.042629 0.903632 1
5.644777 1.756792 1
6.361014 1.300424 1
6.245265 1.175609 1
6.418029 1.163651 1
6.311475 1.063067 1
5.380229 0.370990 1
5.504284 0.305714 1
6.375421 0.217663 1
6.491006 0.285487 1
6.309723 0.352951 1
6.534350 1.620327 2
6.507941 1.506101 1
6.676695 1.483973 3
5.224209 0.344523 1
5.078186 0.341365 2
5.156919 0.196422 2
5.832567 1.649027 1
5.784334 1.788280 2
6.456118 0.426628 1
6.668028 0.549795 1
6.552711 0.526996 1
6.668671 0.402044 1
6.805555 0.000000 0
6.780949 0.168758 1
6.669086 0.122512 1
6.232086 0.489105 1
6.130297 0.402729 1
6.175150 0.288281 1
5.614038 0.973464 1
5.434222 0.993871 2
5.499931 0.878386 1
7.136683 0.529082 1
7.295281 0.481153 2
7.205846 0.625018 1
6.230560 1.344904 1
6.201416 1.471436 1
6.086552 1.410100 1
7.003982 0.388354 1
7.133464 0.392585 1
7.012825 0.504763 1
6.555438 0.366973 1
6.130081 1.262278 1
5.523998 1.106661 2
5.616538 0.374448 1
6.929450 0.775722 1
6.801984 0.823573 1
6.788272 0.705521 1
7.171700 0.247466 1
7.302215 0.190436 2
7.275958 0.316941 2
7.204134 0.124253 2
5.574383 0.760526 1
5.472854 0.651649 1
7.316076 0.631051 2
6.422426 1.621216 1
6.284449 1.579454 1
6.390977 1.521575 1
6.676661 1.313509 1
6.777507 1.361396 2
6.012587 0.979377 1
5.989002 1.095738 1
5.884440 1.047806 1
6.331472 1.699374 1
5.899824 0.937686 1
6.086993 0.833166 1
6.152033 0.968888 1
5.613404 0.247793 1
5.775684 0.178337 1
5.738230 0.320551 1
5.846208 1.398244 1
5.911312 1.262849 1
5.969497 1.377423 1
6.580320 1.413871 1
5.815335 0.449445 1
6.666667 0.000000 0
5.656200 0.116656 1
7.044038 0.280671 1
5.791094 1.253505 1
6.759270 1.021705 1
6.719118 1.165979 1
6.623026 1.060949 1
7.102610 1.031868 2
5.639409 1.351996 1
5.700864 1.196129 1
5.751071 1.354306 1
5.776108 0.965661 1
5.746908 1.073127 1
6.021003 1.303025 1
5.274645 0.556224 2
5.348751 0.647325 1
5.209572 0.706741 2
6.197185 1.710938 2
6.669121 0.801367 1
6.635121 0.669872 1
6.783769 0.483042 1
6.804168 0.361318 1
5.293349 0.250840 1
5.924449 1.697210 1
5.401428 0.214096 1
6.324122 0.610765 1
6.351065 0.492053 1
5.964937 0.861226 1
5.967681 0.740476 1
6.096727 0.612747 1
6.209965 0.725599 1
6.069672 0.717208 1
5.416667 0.000000 0
5.555555 0.000000 0
5.504745 0.142925 1
6.319388 0.847432 1
6.376384 0.726212 1
5.776990 0.694899 1
5.785912 0.573163 1
6.204954 0.596510 1
6.905020 0.667579 1
6.109220 1.114250 1
6.017458 1.194945 1
5.736123 0.856853 1
5.857598 0.815424 1
6.111111 0.000000 0
6.250000 0.000000 0
6.180937 0.137478 1
5.636862 1.106228 1
5.982413 1.512895 1
5.834264 1.546674 1
6.474845 0.818576 1
6.385768 0.954320 1
6.515819 0.965129 1
6.025159 1.666218 1
6.119349 1.567009 1
6.462369 1.397370 1
6.324215 1.436751 1
7.167843 0.736264 1
7.038102 0.646844 1
6.846932 1.120401 1
5.678832 0.759675 1
5.847640 0.347198 1
5.589827 1.204062 1
6.571663 1.316208 1
6.483446 1.273219 1
6.883154 0.113225 1
5.622250 0.846234 1
5.878862 0.239091 1
5.876892 0.663522 1
5.972222 0.000000 0
6.067082 0.109985 1
5.898426 0.116071 1
7.083333 0.000000 0
7.079720 0.141202 1
7.222222 0.000000 0
7.067441 0.778951 1
5.387472 0.522666 1
6.317006 1.807146 2
5.389453 0.105653 1
5.932649 1.802741 2
5.468201 1.238726 2
5.359257 0.759984 1
5.283319 0.442716 1
5.708072 1.483647 1
6.502028 0.681337 1
6.866995 1.028238 1
5.133544 0.478251 2
6.084925 1.777562 2
5.468232 0.781475 1
5.694445 0.000000 0
7.190665 0.931192 2
5.994103 0.213297 1
5.566142 1.451249 1
6.433274 0.580817 1
5.540326 1.323904 1
5.438052 1.373489 2
6.743394 0.907869 1
6.604926 0.235275 1
6.723753 0.280204 1
5.921306 1.142314 1
6.899308 0.555920 1
6.767800 0.593947 1
6.590637 1.189853 1
6.264836 0.224408 1
5.261732 0.838786 3
6.209862 1.066738 1
5.567788 1.866657 3
5.285372 0.138369 1
6.201790 0.855314 1
5.922396 1.609534 1
5.138889 0.000000 0
5.194705 0.085142 1
5.066491 0.106432 2
6.303110 0.114363 1
6.498920 0.145414 1
6.527778 0.000000 0
6.405153 0.101550 1
6.955204 0.201777 1
6.845220 0.241074 1
6.814268 1.252717 2
6.944895 1.193835 2
6.569833 0.765405 1
6.388889 0.000000 0
5.000000 0.000000 0
6.096117 0.210944 1
6.511671 1.081840 1
6.575046 0.857318 1
6.417073 1.053950 1
5.277778 0.000000 0
7.146887 0.834979 1
6.460699 1.758031 2
6.578643 0.084081 1
5.833333 0.000000 0
6.645611 0.936113 1
6.944445 0.000000 0
5.665025 1.848221 2
6.987447 0.093535 1
5.312334 0.951196 2
5.389285 0.867283 1
6.263386 0.959293 1
5.763889 0.075243 1
6.901521 0.436730 1
5.986506 0.632032 1
5.825987 1.162622 1
7.281088 0.725714 2
6.116432 0.504141 1
6.924089 0.321164 1
5.955906 0.325406 1
5.925706 0.435554 1
5.899045 0.541603 1
6.025506 0.407118 1
6.009024 0.516635 1
6.063309 0.305677 1
7.265856 0.824856 2
 0 1 2
 3 4 5
 6 7 8
 9 10 11
 12 7 6
 13 14 15
 16 15 14
 3 17 18
 19 20 21
 22 23 24
 25 26 27
 28 29 6
 30 21 20
 31 32 33
 34 35 36
 37 38 21
 21 38 39
 40 41 42
 43 44 45
 0 8 7
 46 47 48
 49 50 51
 33 32 52
 53 46 48
 40 54 41
 3 55 4
 56 57 58
 3 18 55
 59 60 61
 12 6 29
 43 51 50
 59 62 60
 63 64 5
 3 5 64
 44 65 45
 66 67 68
 69 70 24
 71 72 73
 74 67 66
 75 71 73
 76 77 71
 78 79 80
 81 82 83
 56 11 10
 84 69 24
 4 80 85
 56 10 57
 86 34 36
 78 87 79
 49 88 50
 89 82 81
 90 91 92
 9 11 93
 94 95 96
 40 97 98
 99 53 48
 100 101 102
 103 67 74
 104 105 58
 99 83 82
 31 33 106
 107 106 33
 43 50 44
 25 27 108
 28 109 29
 25 108 17
 110 17 108
 111 37 112
 76 113 114
 115 116 117
 118 119 120
 121 116 122
 111 122 116
 59 50 88
 123 5 124
 115 125 116
 76 114 117
 89 96 95
 56 58 126
 127 71 77
 99 128 53
 127 53 128
 40 129 97
 104 58 57
 123 130 129
 131 132 133
 40 98 134
 135 136 81
 121 137 138
 139 138 137
 103 140 141
 13 142 143
 144 145 45
 90 146 91
 123 147 5
 111 125 37
 148 85 80
 127 14 53
 149 95 94
 150 142 151
 13 15 151
 34 152 35
 63 153 42
 79 154 80
 123 155 130
 156 157 158
 159 62 160
 84 142 150
 159 161 62
 4 55 80
 144 162 145
 110 120 18
 78 18 120
 53 14 46
 14 13 46
 3 163 17
 13 151 142
 110 18 17
 40 42 153
 148 80 154
 103 74 164
 114 130 155
 118 120 165
 135 141 140
 166 29 109
 119 87 120
 149 167 54
 168 102 101
 135 48 141
 25 17 169
 170 96 81
 135 81 83
 75 97 130
 129 130 97
 4 124 5
 171 32 105
 31 105 32
 9 172 10
 13 143 46
 89 81 96
 100 173 169
 25 169 173
 166 140 174
 40 153 129
 123 129 147
 171 137 122
 63 42 175
 47 141 48
 25 173 26
 63 5 147
 119 176 87
 170 81 136
 103 141 67
 177 93 11
 178 158 157
 3 64 163
 170 179 94
 171 122 180
 181 179 182
 94 179 181
 30 180 112
 30 32 180
 90 183 10
 37 21 112
 184 36 185
 35 185 36
 186 73 72
 170 94 96
 187 126 188
 76 71 113
 76 117 116
 189 92 91
 44 50 61
 84 24 23
 19 21 190
 168 191 102
 58 105 188
 90 10 172
 168 64 175
 63 175 64
 166 109 140
 30 52 32
 184 33 52
 127 77 192
 121 122 137
 43 45 145
 28 6 136
 170 136 6
 12 193 7
 111 116 125
 39 190 21
 189 151 15
 27 194 108
 149 94 181
 121 195 116
 76 116 195
 107 33 185
 184 185 33
 76 195 77
 168 101 64
 135 140 196
 197 198 199
 132 200 133
 103 174 140
 184 20 201
 19 201 20
 202 201 203
 111 180 122
 204 205 152
 206 69 91
 206 146 207
 58 188 126
 47 67 141
 47 143 67
 68 67 143
 206 91 146
 171 208 137
 59 160 62
 78 55 18
 209 202 203
 30 112 21
 135 196 136
 131 133 157
 84 23 142
 68 142 23
 56 145 162
 210 197 199
 39 133 190
 39 211 133
 189 15 212
 139 137 213
 16 214 15
 35 152 205
 78 120 87
 59 61 50
 189 91 69
 215 118 165
 177 11 216
 74 217 164
 215 165 194
 43 145 51
 187 51 145
 56 162 11
 184 201 218
 114 113 130
 132 209 200
 27 199 198
 68 143 142
 9 207 146
 219 156 158
 156 131 157
 22 217 66
 75 113 71
 59 88 160
 204 160 88
 139 220 92
 0 7 1
 90 92 220
 187 188 106
 22 66 23
 68 23 66
 31 188 105
 64 101 163
 184 218 36
 127 192 14
 184 52 20
 90 172 146
 10 183 57
 100 169 163
 17 163 169
 78 80 55
 110 165 120
 56 126 145
 187 145 126
 34 221 152
 104 57 183
 12 29 222
 100 163 101
 84 150 69
 206 70 69
 127 72 71
 189 69 150
 159 160 223
 104 183 220
 224 225 41
 42 41 225
 221 159 223
 16 192 226
 182 179 2
 9 146 172
 79 227 158
 219 158 227
 77 226 192
 40 134 54
 19 203 201
 189 212 92
 202 218 201
 107 228 106
 187 106 228
 115 117 229
 139 213 220
 170 8 179
 178 154 158
 79 158 154
 75 130 113
 204 223 160
 209 203 200
 114 229 117
 110 108 194
 202 86 218
 11 162 216
 197 215 198
 98 230 95
 215 194 198
 49 51 228
 187 228 51
 110 194 165
 144 45 231
 149 54 134
 171 180 32
 65 231 45
 139 214 138
 111 112 180
 133 200 190
 19 190 200
 0 2 179
 176 219 227
 189 150 151
 27 198 194
 135 83 48
 37 125 232
 115 232 125
 49 228 233
 107 233 228
 139 92 212
 148 234 235
 4 85 124
 236 124 85
 99 48 83
 237 232 238
 47 46 143
 99 82 128
 186 128 82
 12 222 193
 28 136 196
 31 106 188
 16 226 138
 0 179 8
 237 38 232
 176 227 87
 79 87 227
 104 220 213
 16 14 192
 30 20 52
 98 95 134
 19 200 203
 237 239 38
 39 38 239
 170 6 8
 90 220 183
 204 233 205
 89 95 230
 49 233 88
 204 88 233
 74 66 217
 144 240 216
 177 216 240
 178 234 154
 139 212 214
 42 225 175
 168 175 225
 171 105 208
 104 208 105
 86 36 218
 121 226 195
 77 195 226
 178 239 234
 144 231 240
 121 138 226
 149 181 167
 182 167 181
 204 152 223
 39 239 211
 237 235 234
 168 225 191
 224 191 225
 16 138 214
 63 147 153
 129 153 147
 107 185 205
 35 205 185
 148 154 234
 148 235 85
 123 124 155
 221 223 152
 236 155 124
 89 230 82
 186 82 230
 237 234 239
 140 109 196
 115 229 238
 144 216 162
 75 73 97
 98 97 73
 237 238 235
 236 235 238
 236 238 229
 149 134 95
 178 157 211
 133 211 157
 236 229 155
 178 211 239
 115 238 232
 114 155 229
 186 72 128
 127 128 72
 186 230 73
 98 73 230
 236 85 235
 107 205 233
 15 214 212
 37 232 38
 104 213 208
 28 196 109
 137 208 213
 0
 0
 0
 0
 0
 0
 0
 0
 0
 0
 0
 14
 9 177 206 60 44 65 61 93 240 207 62 24 231 70
 0
 10
 166 103 22 29 193 217 24 174 164 222
 0
 0
 0
 0
 10
 182 224 193 54 167 191 7 41 2 1
 7
 100 27 173 102 26 191 199
 0
 0
 0
 0
 0
 0
 0
 0
 0
 0
 0
 0
 0
