237 419
2.317473 7.078120 2
2.417764 7.184912 3
2.250142 7.195615 1
2.313748 7.309247 2
1.470755 6.498024 1
1.542161 6.396385 3
1.577821 6.558721 2
1.305696 7.883720 1
1.208009 7.992225 1
1.205268 7.860732 1
1.556666 6.985476 1
1.596790 6.824622 1
1.680047 6.992041 1
1.753950 6.896599 1
0.302012 7.781382 1
0.448479 7.727332 1
0.365202 7.918355 2
0.518228 7.867599 1
1.786778 7.275660 1
1.840102 7.137749 1
1.913435 7.227174 1
1.353558 7.981986 1
1.499858 7.947772 1
1.398136 7.838314 1
1.674321 7.205916 1
1.508334 8.189949 1
1.644398 8.157336 1
1.585124 8.273692 1
1.707647 8.287313 1
1.085593 8.281207 1
1.211066 8.256941 1
1.196026 8.392241 1
0.812300 7.631135 1
0.853759 7.789952 1
0.733534 7.748320 1
0.354021 7.393651 2
0.435442 7.313666 2
0.446700 7.459182 1
0.738248 7.897949 1
0.613699 7.946341 1
0.604607 7.778429 1
2.305840 7.476904 2
2.210943 7.419106 1
0.624954 8.078673 1
0.693256 8.164474 2
0.521991 8.149955 2
0.578731 7.660341 1
0.515410 7.559653 1
0.400869 7.591715 1
1.551207 7.285677 1
1.564610 7.186412 1
1.590732 7.730081 1
1.716652 7.782197 1
1.610746 7.862753 1
1.904055 7.879086 1
1.837587 7.992599 1
1.796929 7.883687 1
1.317680 8.269543 1
1.451239 8.326179 1
1.309117 8.378160 1
1.066928 8.429412 2
1.630993 7.365955 1
1.716988 6.784972 2
1.961229 7.996693 1
1.398905 8.200853 1
1.767289 8.201658 1
1.500886 7.797293 1
0.950514 7.675474 1
0.883070 7.929007 1
0.997349 7.815324 1
1.146914 7.747867 1
1.091823 7.907299 1
1.258960 7.182138 1
1.125977 7.093374 1
1.247292 7.029595 1
1.687510 7.652841 1
1.402143 8.440618 2
1.728744 8.439555 2
1.596820 8.391994 1
1.118547 7.236432 1
1.287874 8.131318 1
0.553257 7.346814 1
1.730406 7.084311 1
1.463800 6.891809 1
1.544884 8.074590 1
0.506783 7.991428 1
1.126392 6.947610 1
0.987395 6.885596 1
1.114545 6.819599 1
1.015840 6.738435 1
1.346684 6.950495 1
1.439220 7.024059 1
1.345919 7.083216 1
0.886363 6.750875 1
1.266389 7.642892 1
1.177508 7.507638 1
1.326424 7.547935 1
1.908202 7.358087 1
1.283737 7.430814 1
1.204557 7.331199 1
2.035455 7.380548 1
2.150744 7.318586 1
2.112930 7.459446 1
1.051147 8.044083 1
1.144988 8.142914 1
0.981902 8.191603 1
2.079071 7.912491 1
2.120774 7.803924 1
2.198971 7.963866 2
2.261610 7.806186 2
2.006415 7.842937 1
0.997649 7.156612 1
0.906328 7.288684 1
0.844803 7.132699 1
1.390459 7.691524 1
1.501852 7.678027 1
0.739847 7.167933 1
0.668488 7.268610 1
0.630688 7.118028 2
1.090806 7.389845 1
0.795127 8.045098 1
2.020253 7.267929 1
1.371875 6.417456 2
0.756333 7.376606 1
0.669728 7.526626 1
0.642332 7.395194 1
0.695885 8.017605 1
0.832334 8.181274 1
0.866699 8.310026 2
1.894796 8.283788 2
1.796368 8.333261 1
0.532266 7.220194 2
0.563854 7.457312 1
1.946103 7.028942 1
1.886681 6.919601 2
2.054027 6.924795 2
0.414963 8.071552 2
2.126284 8.081773 1
2.057845 8.012397 1
0.814496 7.491768 1
1.364042 6.804653 1
1.751417 7.973350 1
0.790186 7.268943 1
2.213852 8.122400 2
0.155138 7.724136 3
0.303171 7.658401 1
0.208464 7.574777 2
2.078767 7.666364 1
2.034003 7.560336 1
2.176873 7.551620 2
1.490665 6.790922 1
1.860916 8.142054 1
2.010645 8.122132 1
1.155098 7.636156 1
0.984513 8.316355 1
0.929986 7.017158 1
0.862778 6.878037 1
0.804398 6.970953 1
0.996799 7.950277 1
1.333971 6.646914 1
1.205009 6.635832 1
1.276242 6.520332 1
0.930958 7.556477 1
1.463472 7.365602 1
1.532278 7.479693 1
0.664117 6.992033 2
0.692460 6.894339 2
1.973966 7.465500 1
0.736771 7.076329 1
1.040813 7.011794 1
1.383168 6.525343 1
1.478751 6.592216 1
1.444627 6.706367 1
1.675653 7.515348 1
1.761743 7.409687 1
1.793636 7.572269 1
1.862727 7.473275 1
2.209255 7.681920 2
0.235199 7.868153 2
1.334587 7.310613 1
0.920541 7.459746 1
1.396366 7.460019 1
1.976478 7.746914 1
0.799684 6.671224 2
0.768840 6.814992 2
1.021153 7.292825 1
0.683349 7.644981 1
1.288095 7.776429 1
1.198241 6.407594 2
2.076327 7.058541 2
0.733248 8.305851 2
1.429399 8.087277 1
1.236438 6.883706 1
1.164663 6.531327 1
1.181810 8.551363 2
1.451279 7.567094 1
1.542193 6.684094 1
1.644509 6.699808 2
1.943088 8.197810 1
1.456548 7.228272 1
1.516216 7.100515 1
1.977435 7.641033 1
1.226046 6.755610 1
1.420698 7.120935 1
1.071071 6.610753 2
1.128930 6.714970 1
2.110897 7.181079 1
0.923397 8.056890 1
1.996131 7.145063 1
1.596348 8.519858 2
1.575904 7.604143 1
1.642432 7.990613 1
0.953595 8.408203 2
1.049190 7.700259 1
1.070850 6.471199 2
0.935367 6.645044 2
1.750976 8.080727 1
2.015341 8.240054 2
2.190225 7.101747 2
1.878052 8.432953 3
0.323471 7.516419 2
1.703635 7.898520 1
1.824299 6.803420 2
1.031805 7.484908 1
1.056095 7.595831 1
1.363342 7.185035 1
0.981706 7.387838 1
0.857799 7.383876 1
1.842852 7.773014 1
1.878363 7.667325 1
1.811099 7.010266 1
1.782536 7.690072 1
1.497119 8.467815 2
2.113444 8.183642 2
1.623212 7.089769 1
1.305023 8.488237 2
1.919563 7.564223 1
 0 1 2
 2 1 3
 4 5 6
 7 8 9
 10 11 12
 13 12 11
 14 15 16
 17 16 15
 18 19 20
 21 8 7
 22 21 23
 18 24 19
 25 26 27
 28 27 26
 29 30 31
 32 33 34
 35 36 37
 38 39 40
 3 41 42
 43 44 45
 46 15 47
 48 47 15
 49 50 24
 51 52 53
 54 55 56
 57 58 59
 29 31 60
 61 49 24
 13 11 62
 54 63 55
 57 64 58
 28 26 65
 22 23 66
 32 67 33
 38 33 68
 69 70 71
 9 71 70
 72 73 74
 51 75 52
 76 59 58
 28 77 78
 72 79 73
 80 8 21
 38 40 34
 36 81 37
 82 19 24
 80 57 30
 18 61 24
 10 83 11
 25 84 26
 43 45 85
 38 34 33
 86 87 88
 89 88 87
 90 91 92
 90 92 74
 89 87 93
 94 95 96
 18 20 97
 28 78 27
 98 95 99
 100 101 102
 103 104 105
 29 105 104
 106 107 108
 109 108 107
 54 110 63
 106 63 110
 111 112 113
 114 115 66
 116 117 118
 31 30 59
 119 99 95
 38 68 120
 100 97 121
 69 68 33
 5 4 122
 123 124 125
 120 44 126
 127 105 128
 129 130 65
 117 131 118
 46 47 124
 132 124 47
 133 134 135
 136 85 45
 23 114 66
 137 138 108
 123 139 124
 106 108 138
 42 102 101
 80 30 104
 3 42 101
 80 64 57
 90 140 83
 25 58 64
 141 56 55
 112 142 113
 137 108 143
 14 144 145
 146 145 144
 17 40 39
 57 59 30
 147 148 149
 83 140 150
 100 121 101
 151 63 152
 127 44 120
 94 153 95
 105 154 128
 72 99 79
 43 126 44
 87 155 156
 157 156 155
 132 37 81
 86 74 73
 46 40 15
 69 158 68
 159 160 161
 32 139 162
 111 73 79
 28 65 130
 51 66 115
 163 61 164
 157 165 166
 17 15 40
 100 167 97
 157 168 165
 151 129 65
 98 96 95
 123 117 142
 116 142 117
 86 169 87
 170 171 159
 172 159 171
 103 8 104
 157 155 113
 106 138 63
 173 174 175
 176 175 174
 147 149 177
 14 178 144
 14 145 15
 48 15 145
 72 179 99
 69 33 67
 173 61 174
 18 174 61
 20 121 97
 180 162 139
 132 125 124
 98 179 181
 163 181 179
 147 107 182
 157 113 168
 163 164 181
 183 93 184
 182 107 110
 103 71 8
 111 185 112
 42 41 149
 32 34 186
 94 187 70
 9 70 187
 188 122 161
 133 135 189
 173 164 61
 127 128 190
 80 21 191
 86 192 74
 90 74 192
 22 191 21
 151 55 63
 80 104 8
 170 159 161
 193 161 160
 32 186 124
 157 166 184
 31 194 60
 32 124 139
 127 190 44
 87 156 93
 195 181 164
 46 124 186
 111 79 185
 11 150 196
 157 184 156
 11 196 197
 111 169 73
 151 152 198
 163 49 61
 50 199 200
 9 8 71
 22 66 53
 195 114 96
 147 201 148
 14 16 178
 119 79 99
 111 155 169
 202 159 140
 172 140 159
 203 200 199
 43 85 39
 163 179 199
 193 160 204
 94 96 114
 17 85 16
 136 16 85
 204 160 205
 29 60 154
 123 125 117
 206 101 121
 98 99 179
 68 207 120
 133 208 19
 127 207 105
 6 171 4
 78 77 209
 119 185 79
 127 120 207
 173 75 210
 22 53 211
 116 113 142
 212 154 60
 69 71 158
 94 70 153
 69 213 70
 193 214 188
 202 140 192
 90 192 140
 176 97 167
 183 215 93
 46 186 40
 34 40 186
 141 216 211
 26 211 216
 20 19 208
 173 175 75
 103 105 207
 173 210 164
 23 21 7
 176 174 97
 18 97 174
 68 158 207
 29 104 30
 29 154 105
 172 150 140
 206 2 101
 72 74 92
 23 187 114
 94 114 187
 25 191 84
 109 107 177
 147 177 107
 151 198 129
 217 129 198
 111 113 155
 87 169 155
 195 164 210
 148 167 102
 206 189 218
 86 88 192
 202 192 88
 51 210 75
 219 130 129
 80 191 64
 32 162 67
 103 207 158
 48 220 37
 203 92 91
 193 204 214
 51 53 66
 22 211 84
 52 221 53
 13 222 134
 28 130 77
 119 95 223
 224 223 95
 219 77 130
 10 91 83
 206 218 2
 170 122 4
 146 220 145
 48 145 220
 38 120 126
 26 84 211
 148 102 149
 72 225 179
 35 37 220
 112 226 227
 86 73 169
 54 228 182
 229 182 228
 82 12 230
 116 168 113
 224 95 153
 100 102 167
 89 215 204
 13 230 12
 184 93 156
 179 225 199
 202 160 159
 22 84 191
 78 58 27
 25 64 191
 193 188 161
 89 93 215
 10 200 91
 52 75 231
 20 208 121
 206 121 208
 78 232 58
 76 58 232
 133 189 208
 103 158 71
 25 27 58
 133 230 134
 3 101 2
 224 67 162
 90 83 91
 170 161 122
 13 62 222
 48 37 47
 212 128 154
 133 19 230
 180 227 226
 202 88 205
 89 205 88
 13 134 230
 69 67 213
 106 110 107
 75 175 231
 26 216 65
 112 185 226
 172 196 150
 82 230 19
 11 197 62
 137 233 152
 217 152 233
 147 182 201
 123 142 227
 112 227 142
 224 213 67
 89 204 205
 42 149 102
 195 115 114
 206 208 189
 10 12 234
 82 234 12
 17 39 85
 195 96 181
 132 47 37
 195 210 115
 31 235 194
 50 49 199
 163 199 49
 203 91 200
 11 83 150
 176 236 175
 229 175 236
 165 168 118
 123 227 139
 180 139 227
 224 153 213
 70 213 153
 23 7 187
 9 187 7
 141 211 221
 53 221 211
 0 2 218
 229 231 175
 229 201 182
 170 4 171
 98 181 96
 203 199 225
 6 197 196
 38 126 39
 54 182 110
 78 209 232
 43 39 126
 224 162 223
 217 198 152
 31 59 235
 76 235 59
 82 24 234
 50 234 24
 6 196 171
 180 223 162
 50 200 234
 172 171 196
 116 118 168
 63 138 152
 137 152 138
 151 216 55
 51 115 210
 36 131 81
 117 81 131
 148 236 167
 176 167 236
 151 65 216
 202 205 160
 54 56 228
 52 228 56
 141 55 216
 119 226 185
 119 223 226
 180 226 223
 117 125 81
 132 81 125
 52 56 221
 52 231 228
 10 234 200
 229 236 201
 229 228 231
 137 143 233
 141 221 56
 203 225 92
 148 201 236
 72 92 225
 0
 0
 0
 0
 0
 0
 0
 0
 0
 0
 0
 0
 0
 0
 0
 0
 0
 0
 0
 0
 0
 0
 0
 0
 0
 0
 12
 217 3 219 109 1 108 129 149 177 41 143 233
 0
 11
 5 6 0 135 1 189 197 134 222 218 62
 0
 17
 136 76 219 212 190 144 16 77 128 45 60 44 235 194 209 178 232
 17
 5 183 35 146 36 165 184 144 188 204 214 122 215 220 118 166 131
 0
