238 424
3.777970 3.146677 1
3.652420 3.199282 1
3.661256 3.088212 1
3.743002 3.263467 1
3.813725 3.367210 1
3.647573 3.329685 1
2.746652 3.966335 1
2.786584 3.867271 1
2.905543 3.942552 1
3.035245 2.932065 1
2.925088 2.947470 1
2.902174 2.798072 2
2.578471 3.951762 2
2.670653 4.094378 1
3.458855 4.122495 1
3.606796 4.177765 1
3.483129 4.255417 1
3.598774 4.337320 1
2.741634 3.009562 1
2.625647 3.073562 2
2.667062 2.893990 2
3.445907 2.659313 2
3.518409 2.790100 1
3.368222 2.742452 1
2.802897 4.053679 1
2.972581 3.152143 1
3.051320 3.237915 1
2.891829 3.294670 1
2.913982 3.504823 1
3.083112 3.536109 1
2.906021 3.610849 1
2.991431 3.677116 1
3.083775 2.826700 1
2.770490 3.248269 1
2.759542 3.399570 1
3.663119 3.911580 1
3.826711 3.869400 1
3.770090 3.992099 1
3.368343 3.309905 1
3.518182 3.389859 1
3.370279 3.428877 1
3.451608 3.228068 1
2.857611 3.172049 1
3.683997 3.444801 1
3.390509 2.852428 1
3.758397 3.758531 1
3.486349 2.979638 1
3.405792 3.076089 1
3.373044 2.967898 1
3.287072 3.032096 1
2.868498 3.815696 1
3.560399 3.252693 1
3.544816 3.119268 1
4.038846 3.000278 1
4.123266 2.867643 3
4.188133 2.985779 2
3.739409 2.992201 1
3.549135 2.892482 1
3.672231 4.470662 2
3.522887 4.489528 2
3.686920 3.654907 1
3.811975 3.609040 1
3.898018 3.736639 1
3.158106 4.022573 1
3.266143 3.958967 1
3.291701 4.098896 1
2.658534 3.302438 1
3.669930 4.054786 1
3.553286 4.052860 1
2.896825 4.090075 1
3.189224 4.781227 1
3.283570 4.849749 3
3.133970 4.921449 2
3.026370 3.348619 1
4.029822 3.147438 1
3.900661 3.036299 1
3.114750 3.650118 1
3.049341 4.632110 1
2.900057 4.632640 2
2.965014 4.544440 1
2.946177 4.744067 2
3.760977 4.141288 1
3.865321 4.286638 1
3.730860 4.287013 1
4.101400 3.641224 1
4.029352 3.743405 1
3.953509 3.619774 1
2.609238 3.517793 1
2.523007 3.648184 3
2.486100 3.502004 2
3.510444 3.945162 1
3.204232 3.703293 1
3.226218 3.840267 1
3.088363 3.763826 1
3.890006 4.160296 1
3.196591 2.947488 1
3.405697 4.008058 1
3.134465 3.448697 1
3.206612 3.570246 1
2.818202 2.930408 2
3.158952 4.149160 1
3.355225 4.213881 1
4.095340 3.866561 1
4.196617 3.755592 1
3.590630 2.684185 2
3.485222 4.369045 1
2.675906 3.858227 1
3.233610 2.820423 1
2.940133 4.188791 1
2.794811 4.175054 1
2.859029 4.264322 1
3.313319 3.773828 1
3.105634 3.030736 1
3.277953 2.669799 3
3.334796 3.669358 1
3.130578 3.901307 1
3.253668 3.446566 1
3.038144 2.689117 2
3.004563 3.449836 1
2.875806 3.413953 1
3.905096 3.170962 1
2.653286 3.746954 1
2.556775 3.810593 2
4.030450 3.517035 1
2.535318 3.365102 2
2.772818 3.517823 1
4.267220 3.534466 1
4.334121 3.451462 2
4.366788 3.584994 2
3.259622 3.307623 1
3.308843 3.184427 1
3.145880 2.740204 1
4.359907 3.812293 2
4.230332 3.864177 1
2.969521 4.300983 1
2.823711 4.393661 1
2.964751 3.791596 1
2.956564 4.427278 1
3.944857 3.279537 1
4.080956 3.284735 1
3.979446 3.402946 1
4.129733 3.082790 1
3.033436 3.865733 1
3.839779 3.241144 1
4.329508 3.709597 1
4.153842 4.086401 1
4.099603 4.201324 1
3.998106 4.081865 1
3.977496 4.237344 1
3.959849 2.875437 2
3.478721 3.539876 1
2.748864 4.504391 2
2.677975 4.403424 2
3.065319 4.494302 1
3.173604 4.555604 1
3.384558 3.882700 1
2.798532 3.650784 1
3.717463 2.749289 2
3.631456 2.815304 1
4.106912 3.411744 1
3.026547 4.078624 1
3.601517 3.546279 1
3.295975 2.916973 1
2.571431 3.205691 2
3.837439 2.919240 1
3.739827 2.848954 1
3.784562 3.477700 1
3.659046 2.917655 1
2.677222 3.628210 1
3.565874 3.649191 1
3.447007 3.652848 1
3.519101 3.834054 1
3.234506 4.368670 1
3.086691 4.360928 1
3.178654 4.262046 1
4.292946 3.352727 1
4.196562 3.299059 1
4.326914 3.215930 2
3.160703 4.445453 1
3.077367 4.789127 1
3.180450 3.215299 1
3.155227 3.341714 1
3.306064 4.596165 2
3.290806 4.717952 2
3.166606 4.677914 1
2.681637 4.256405 2
3.204031 3.102371 1
4.185935 3.189254 1
3.827495 2.795848 2
2.768164 4.308964 1
3.152739 2.636584 2
3.622774 3.758597 1
4.310056 3.929770 2
2.667090 3.420545 1
3.905245 3.963724 1
3.856679 4.061239 1
3.698494 4.373678 1
4.232365 3.643092 1
3.892028 3.497513 1
2.765425 3.758421 1
2.754933 3.122748 1
2.676207 3.190542 1
3.296501 4.470175 1
4.013083 3.953603 1
4.274329 4.054249 2
4.189739 3.956672 1
4.158294 3.530331 1
2.540742 4.074995 2
2.582572 4.189142 2
3.609040 2.999769 1
4.097208 3.997294 1
3.050842 3.962158 1
2.980428 4.866797 2
3.062189 4.222247 1
3.808077 4.401528 2
4.396381 3.339750 2
2.998208 3.041924 1
3.083927 3.128006 1
3.714086 3.543481 1
3.252874 4.200253 1
4.256149 3.096748 2
2.862094 4.510117 2
3.952791 4.375410 2
3.351694 3.548263 1
3.371267 4.340522 1
3.422117 4.438757 1
3.965398 3.853828 1
4.223198 3.429797 1
2.872922 3.056670 1
3.398920 4.532316 2
4.208792 4.172944 2
3.279840 4.277283 1
4.067450 4.328677 2
3.416794 3.773523 1
4.189581 4.291617 2
3.516917 3.732760 1
4.439803 3.695257 2
2.883663 3.715283 1
 0 1 2
 3 4 5
 6 7 8
 9 10 11
 12 6 13
 14 15 16
 17 16 15
 18 19 20
 21 22 23
 6 8 24
 25 26 27
 28 29 30
 31 30 29
 32 9 11
 33 27 34
 35 36 37
 38 39 40
 38 41 39
 25 27 42
 5 4 43
 22 44 23
 35 45 36
 46 47 48
 49 48 47
 50 8 7
 0 3 1
 51 41 52
 47 52 41
 53 54 55
 0 2 56
 51 52 1
 22 57 44
 46 44 57
 17 58 59
 60 61 45
 62 45 61
 63 64 65
 33 34 66
 67 68 35
 69 24 8
 70 71 72
 73 27 26
 53 74 75
 31 29 76
 77 78 79
 77 80 78
 81 82 83
 84 85 86
 87 88 89
 68 90 35
 91 92 93
 81 94 82
 32 95 9
 14 65 96
 29 97 98
 17 15 83
 81 83 15
 10 99 11
 46 52 47
 29 98 76
 63 65 100
 14 101 65
 102 85 103
 21 104 22
 17 59 105
 12 106 6
 107 95 32
 108 109 69
 110 109 108
 91 111 92
 112 9 95
 107 113 23
 91 114 111
 51 39 41
 92 115 93
 116 98 97
 117 32 11
 73 118 119
 74 120 75
 84 103 85
 121 122 88
 73 119 27
 84 86 123
 87 89 124
 107 23 44
 28 30 125
 126 127 128
 116 129 40
 49 47 130
 107 131 113
 103 132 133
 110 134 135
 38 130 41
 50 136 8
 137 135 134
 91 76 98
 138 139 140
 53 55 141
 142 8 136
 2 1 52
 0 143 3
 144 132 103
 145 146 147
 148 147 146
 28 118 29
 53 149 54
 150 40 39
 28 125 119
 151 152 135
 77 153 154
 63 115 64
 155 64 92
 156 125 30
 157 158 104
 159 140 139
 138 74 139
 69 8 160
 150 39 161
 43 161 39
 107 44 162
 92 64 115
 18 20 99
 163 66 124
 38 40 129
 47 41 130
 91 98 114
 164 56 165
 43 4 166
 167 165 56
 87 168 88
 121 88 168
 155 92 111
 142 93 115
 150 169 170
 150 161 169
 21 23 113
 35 90 171
 38 129 130
 172 173 174
 175 176 177
 178 173 172
 70 72 179
 180 181 26
 182 183 184
 185 13 109
 112 95 186
 164 149 75
 53 75 149
 187 139 74
 164 188 149
 187 177 176
 152 189 135
 34 119 125
 113 131 190
 60 45 191
 35 191 45
 192 133 132
 182 184 154
 81 15 67
 17 105 16
 46 48 44
 87 124 193
 148 94 147
 14 16 101
 155 171 90
 194 147 195
 17 196 58
 144 197 128
 138 140 4
 198 4 140
 156 199 168
 18 200 19
 62 86 85
 53 141 74
 187 74 141
 19 200 201
 182 154 202
 178 202 154
 155 90 96
 178 154 153
 194 203 147
 77 184 179
 192 204 205
 84 123 206
 159 206 123
 121 168 199
 6 24 13
 12 13 207
 185 208 13
 62 36 45
 2 209 56
 77 179 80
 167 56 209
 35 171 191
 73 26 181
 138 120 74
 126 128 197
 145 147 210
 81 67 37
 8 211 160
 194 37 36
 212 179 72
 49 186 95
 213 160 100
 63 100 160
 164 75 56
 0 56 75
 77 79 153
 22 104 158
 214 58 196
 117 131 32
 175 177 215
 107 32 131
 144 103 197
 198 61 166
 25 216 217
 213 100 174
 214 83 82
 112 217 216
 185 189 152
 65 64 96
 61 218 166
 180 130 129
 121 199 106
 14 68 15
 100 219 174
 90 68 96
 14 96 68
 116 181 129
 198 140 123
 159 123 140
 187 220 177
 34 125 193
 87 193 125
 78 221 79
 33 42 27
 51 5 39
 43 39 5
 214 82 222
 214 196 83
 34 27 119
 84 197 103
 198 123 86
 116 40 223
 202 172 224
 225 105 59
 73 97 118
 73 181 97
 81 37 195
 185 109 189
 28 119 118
 110 189 109
 155 96 64
 62 226 36
 35 37 67
 159 139 176
 126 206 227
 106 199 7
 159 176 227
 116 223 98
 102 226 85
 25 42 228
 163 201 66
 147 94 195
 225 59 229
 225 202 224
 148 82 94
 145 204 230
 102 103 133
 112 186 217
 182 202 229
 225 229 202
 12 122 106
 0 75 120
 148 222 82
 17 83 196
 126 197 206
 84 206 197
 231 101 224
 16 224 101
 69 160 108
 213 108 160
 156 168 125
 43 218 161
 60 161 218
 198 86 61
 148 232 222
 155 233 171
 10 228 99
 18 99 228
 126 227 127
 15 68 67
 63 160 211
 145 205 204
 194 226 203
 148 146 232
 234 232 146
 102 203 226
 180 26 217
 102 205 210
 142 211 8
 137 221 135
 62 85 226
 25 228 216
 60 191 169
 235 169 191
 235 191 171
 3 143 4
 138 4 143
 10 216 228
 60 218 61
 62 61 86
 13 24 109
 114 170 233
 87 125 168
 213 173 134
 55 220 141
 187 141 220
 137 79 221
 228 42 200
 102 210 203
 144 236 132
 70 179 184
 137 173 153
 178 153 173
 33 66 201
 151 135 221
 213 174 173
 121 106 122
 70 183 71
 102 133 205
 163 19 201
 18 228 200
 117 190 131
 51 1 5
 3 5 1
 81 195 94
 213 134 108
 70 184 183
 147 203 210
 49 95 162
 13 208 207
 231 224 172
 137 153 79
 235 170 169
 33 201 200
 137 134 173
 235 233 170
 159 227 206
 180 186 130
 187 176 139
 60 169 161
 49 162 48
 194 36 226
 212 80 179
 175 227 176
 110 135 189
 235 171 233
 114 233 111
 124 66 193
 34 193 66
 114 223 170
 180 217 186
 234 146 230
 150 223 40
 114 98 223
 156 237 199
 50 199 237
 178 172 202
 180 129 181
 145 230 146
 49 130 186
 25 217 26
 145 210 205
 192 205 133
 110 108 134
 198 166 4
 164 165 188
 150 170 223
 69 109 24
 77 154 184
 175 127 227
 33 200 42
 138 143 120
 16 105 224
 225 224 105
 231 174 219
 116 97 181
 65 219 100
 6 106 7
 194 195 37
 29 118 97
 175 215 127
 231 172 174
 231 219 101
 65 101 219
 157 188 165
 43 166 218
 107 162 95
 155 111 233
 144 128 236
 31 93 136
 142 136 93
 0 120 143
 46 209 52
 2 52 209
 50 7 199
 44 48 162
 31 237 30
 156 30 237
 50 237 136
 112 216 9
 10 9 216
 167 57 158
 31 76 93
 91 93 76
 22 158 57
 167 209 57
 31 136 237
 63 211 115
 142 115 211
 167 158 165
 46 57 209
 157 165 158
 0
 0
 0
 0
 0
 0
 0
 0
 0
 0
 0
 0
 0
 0
 0
 0
 0
 22
 182 214 192 234 55 58 54 177 222 59 204 232 183 220 71 229 128 230 236 127 215 132
 7
 157 21 113 54 149 188 104
 0
 0
 11
 117 163 113 124 88 89 11 19 20 190 99
 0
 0
 0
 0
 0
 0
 0
 14
 12 212 185 151 78 88 72 152 80 122 207 208 71 221
 0
 0
 0
