239 419
4.197526 1.870366 1
4.205878 1.765920 1
4.353964 1.802044 1
4.266956 1.957000 1
5.021739 1.179394 1
4.893626 1.277357 1
4.907285 1.106014 2
4.807293 1.166631 2
4.508610 1.716591 1
4.403931 1.670555 1
4.564542 1.598689 1
4.428215 1.553005 1
5.418162 1.689044 2
5.320665 1.604995 1
5.438151 1.531744 2
5.163724 1.126447 1
5.045081 1.009605 2
4.309810 1.458320 1
4.284656 1.344871 2
4.423867 1.436994 1
5.292080 1.380322 1
5.350010 1.474343 1
5.214271 1.518538 1
5.167317 1.389628 1
4.436863 1.321819 1
4.296433 1.636482 1
3.948735 2.525645 1
3.998096 2.637498 1
3.843473 2.645442 1
3.842246 2.212200 1
3.712051 2.282257 1
3.704172 2.146105 1
3.938292 2.741144 1
3.833107 2.492996 1
4.062547 2.751495 1
5.129714 1.775617 1
4.972393 1.838057 1
5.032820 1.697711 1
3.754267 2.567093 1
4.592384 2.319388 1
4.691078 2.196561 1
4.696296 2.345913 1
4.580345 2.206484 1
5.102249 1.883111 1
5.043925 1.413306 1
5.104763 1.279750 1
4.198955 1.500195 1
3.469650 1.397828 2
3.586089 1.443134 1
3.520157 1.563006 1
3.635818 1.537494 1
3.698988 1.429815 2
3.747811 1.581453 1
3.849503 1.421999 2
3.408179 1.538060 1
5.343924 2.289512 2
5.228862 2.401259 2
5.238379 2.222766 1
4.798086 2.091643 1
4.663584 2.037987 1
4.178657 1.655982 1
4.769942 2.280101 1
4.871974 2.324351 1
4.797622 2.415462 1
3.969128 1.361352 2
3.956628 1.481164 1
4.203020 2.518538 1
4.284287 2.418287 1
4.327531 2.549852 2
3.698022 2.449470 1
3.621327 2.565028 1
4.173781 2.409400 1
3.534906 1.865153 1
3.688168 1.858842 1
3.667001 2.000325 1
3.298969 1.696324 1
3.402265 1.774331 1
3.214273 1.796005 3
3.335945 1.880307 2
5.157799 2.308057 1
4.991894 2.301419 1
5.106811 2.203736 1
4.551707 2.098530 1
4.540506 1.857687 1
4.072998 1.832016 1
4.070199 1.692867 1
3.218712 2.513155 2
3.355587 2.533348 1
3.277953 2.669799 3
3.445907 2.659313 2
4.034224 1.931055 1
3.923554 1.853063 1
4.044223 2.059058 1
4.154537 2.170261 1
3.992948 2.189189 1
4.079422 2.316966 1
4.408943 1.208203 2
5.026401 1.985366 1
5.070536 2.087768 1
4.939309 2.094151 1
3.793797 2.080250 1
4.891725 1.989285 1
3.834103 2.353311 1
3.951665 2.410690 1
4.133937 2.644026 1
4.077076 2.488711 1
3.514709 1.719278 1
4.970611 2.699820 3
4.802077 2.705404 2
4.884775 2.618406 1
3.433949 2.407681 1
3.570265 2.320343 1
3.555036 2.463536 1
3.806587 1.955921 1
3.944605 1.966865 1
4.550630 1.464148 1
4.365158 2.329854 1
4.413340 2.452439 1
3.622439 1.656989 1
3.719571 1.738871 1
4.226376 2.765024 2
4.123266 2.867643 3
4.410639 1.931589 1
3.518463 2.154564 1
3.409978 2.049430 1
3.524222 2.006972 1
3.609948 1.775104 1
4.109686 1.573721 1
4.476840 2.359542 1
4.469009 2.230560 1
3.212515 1.527108 2
3.306975 1.590395 1
3.193962 1.666452 2
4.749104 1.959170 1
4.564247 1.248620 2
5.069596 2.414073 2
3.717463 2.749289 2
3.705432 2.642207 1
5.197884 0.982405 2
5.300575 1.056993 1
3.845217 1.716956 1
3.796619 1.824731 1
4.988203 2.540515 2
3.904215 2.075878 1
3.322062 1.462646 3
3.970571 1.752461 1
5.053280 1.586605 1
5.171651 1.655489 1
5.094077 1.486866 1
4.995025 2.181149 1
5.291018 1.165540 1
4.133654 1.954951 1
4.167809 2.050471 1
3.436522 2.260481 1
4.274614 2.090020 1
3.883708 1.567199 1
4.462722 2.564050 2
4.540211 2.455931 1
4.611162 2.568521 2
5.404268 1.122500 1
5.523998 1.106661 2
5.468201 1.238726 2
4.675114 2.456182 1
4.762679 2.571348 1
4.067390 1.302073 2
4.148262 1.378936 1
4.070376 1.461076 1
3.590630 2.684185 2
3.485706 2.552667 1
5.438052 1.373489 2
5.350778 1.260211 1
5.457215 1.809657 1
5.567788 1.866657 3
5.416706 1.952760 2
4.312671 2.198335 1
4.928566 2.422585 1
3.393071 2.160466 1
3.827495 2.795848 2
4.780706 1.288361 1
4.682758 1.491060 1
4.663811 1.351062 1
5.004983 1.311464 1
3.959849 2.875437 2
4.225101 2.304498 1
4.921088 1.717341 1
4.409590 2.128758 1
4.823249 1.882537 1
5.232052 1.265720 1
5.372931 2.074364 2
5.278401 2.024982 1
3.940217 2.293453 1
3.942056 1.661629 1
5.312334 0.951196 2
5.261732 0.838786 3
4.693324 1.835843 1
4.363525 2.028943 1
5.274411 1.744259 1
5.348793 1.834921 1
5.279668 1.913752 1
3.623500 2.212112 1
3.226219 2.342403 2
3.319385 2.425381 1
4.697741 1.235568 2
3.615175 1.304414 2
4.871843 2.202187 1
3.432795 1.920420 1
5.555358 1.705302 2
4.623531 1.736114 1
3.607256 2.092462 1
4.637472 1.933982 1
4.827893 1.769695 1
4.735635 1.704167 1
4.823543 1.530825 1
4.799692 1.398689 1
4.694332 1.602949 1
3.304002 2.226061 1
3.199289 2.221692 2
4.960206 1.506675 1
3.346754 2.327696 1
4.540840 1.979222 1
4.908827 1.410845 1
4.829906 1.649870 1
5.195613 2.110418 1
5.169352 1.977927 1
3.296390 2.111793 2
4.936807 1.614838 1
4.244239 2.651063 2
4.533991 1.348814 1
5.213384 1.838588 1
4.453945 2.031813 1
4.683551 2.651215 2
5.434222 0.993871 2
4.872369 2.513663 1
3.320478 1.980983 2
4.162879 1.264773 2
5.306698 2.150501 1
5.410939 2.180963 2
4.006957 1.578603 1
3.406164 1.651777 1
 0 1 2
 3 0 2
 4 5 6
 6 5 7
 8 9 10
 9 11 10
 12 13 14
 15 4 16
 17 18 19
 20 21 22
 23 20 22
 19 18 24
 25 17 11
 25 2 1
 26 27 28
 29 30 31
 28 27 32
 26 28 33
 34 32 27
 35 36 37
 4 6 16
 28 38 33
 39 40 41
 42 40 39
 35 43 36
 23 44 45
 25 46 17
 47 48 49
 50 51 52
 53 52 51
 54 47 49
 55 56 57
 58 40 59
 25 60 46
 61 62 63
 53 64 65
 66 67 68
 69 38 70
 66 71 67
 72 73 74
 13 22 21
 75 76 77
 78 77 76
 61 63 41
 79 80 81
 59 40 82
 83 2 8
 84 85 1
 86 87 88
 89 88 87
 84 90 91
 92 93 94
 95 94 93
 24 18 96
 97 98 99
 15 45 4
 29 31 100
 97 99 101
 102 103 33
 104 27 105
 72 76 106
 107 108 109
 110 111 112
 69 112 111
 79 57 56
 113 91 114
 66 104 105
 113 100 74
 31 74 100
 33 103 26
 69 70 112
 10 11 115
 67 116 117
 50 52 118
 119 118 52
 34 120 121
 83 122 2
 123 124 125
 42 82 40
 72 126 73
 127 46 60
 128 129 39
 42 39 129
 130 131 132
 58 59 133
 91 90 114
 24 96 134
 79 56 135
 136 137 28
 15 138 139
 119 52 140
 113 141 91
 1 85 60
 107 109 142
 92 94 143
 29 143 94
 54 144 47
 69 111 30
 84 91 145
 13 21 14
 3 2 122
 146 22 147
 23 148 44
 149 81 80
 25 9 2
 128 117 116
 72 106 126
 15 139 150
 151 3 152
 123 111 153
 110 153 111
 152 3 154
 79 135 80
 52 155 140
 146 147 37
 156 157 158
 29 102 30
 69 30 102
 53 155 52
 159 160 161
 162 163 158
 164 165 166
 13 147 22
 136 167 137
 70 167 168
 64 164 166
 169 20 170
 171 172 173
 174 93 154
 175 63 62
 123 176 124
 136 28 177
 5 178 7
 23 22 148
 34 104 120
 28 137 38
 169 21 20
 10 115 179
 180 179 115
 50 49 48
 97 36 43
 5 4 181
 61 41 40
 34 121 182
 95 93 183
 184 37 36
 162 158 157
 129 185 82
 186 36 101
 97 101 36
 15 187 45
 165 18 46
 17 46 18
 113 114 143
 159 170 150
 188 189 173
 95 190 94
 29 100 143
 89 168 167
 191 140 155
 53 65 155
 192 138 193
 42 129 82
 186 133 194
 26 105 27
 174 154 185
 44 181 45
 159 161 170
 64 166 65
 154 195 185
 196 12 197
 198 173 189
 13 196 147
 113 74 73
 123 199 111
 169 170 161
 86 200 201
 180 134 202
 110 168 87
 92 143 114
 174 183 93
 26 103 105
 92 152 93
 146 148 22
 31 30 199
 67 117 68
 203 48 47
 58 204 40
 61 40 204
 95 103 190
 109 108 163
 72 205 76
 171 206 172
 86 201 87
 69 102 33
 95 105 103
 15 16 138
 15 150 187
 13 12 196
 35 37 147
 10 207 8
 123 125 208
 194 133 209
 72 74 125
 182 177 32
 83 8 207
 169 14 21
 186 194 210
 211 210 194
 212 179 213
 180 213 179
 10 214 207
 29 190 102
 70 168 112
 215 200 216
 66 105 71
 11 19 115
 69 33 38
 113 73 141
 58 133 101
 186 101 133
 110 112 168
 146 217 148
 44 148 217
 4 45 181
 175 135 142
 186 210 36
 184 36 210
 128 39 157
 162 157 39
 31 208 74
 75 132 131
 95 183 71
 25 1 60
 162 41 63
 83 207 194
 84 1 0
 171 197 12
 215 218 200
 149 80 204
 35 147 196
 34 27 104
 83 219 122
 17 19 11
 25 11 9
 70 137 167
 44 220 181
 204 80 62
 212 221 214
 67 71 183
 222 98 223
 97 223 98
 29 94 190
 215 216 224
 203 51 48
 110 87 201
 212 217 225
 89 87 168
 58 101 99
 66 68 226
 180 115 227
 156 117 157
 78 76 205
 198 223 228
 23 45 187
 102 190 103
 70 38 137
 2 9 8
 180 227 134
 212 225 221
 223 43 228
 24 134 227
 119 73 126
 180 178 213
 212 214 179
 212 213 220
 111 199 30
 229 82 185
 115 19 227
 211 207 214
 24 227 19
 113 143 100
 95 71 105
 212 220 217
 35 196 228
 5 181 220
 192 139 138
 229 122 219
 174 129 116
 128 116 129
 170 20 187
 180 202 178
 75 77 132
 162 63 163
 163 108 230
 149 99 98
 159 231 160
 109 163 232
 44 217 220
 175 80 135
 23 187 20
 211 194 207
 59 209 133
 128 157 117
 211 214 221
 58 99 204
 127 60 85
 92 114 90
 175 142 232
 50 48 51
 170 187 150
 215 176 153
 124 233 205
 158 163 230
 84 0 151
 92 90 151
 165 234 18
 84 145 85
 74 208 125
 50 118 49
 106 49 118
 7 178 202
 3 195 154
 123 153 176
 83 194 209
 124 205 125
 55 235 236
 162 39 41
 106 118 126
 93 152 154
 65 166 237
 127 237 166
 91 140 145
 191 145 140
 222 81 98
 149 98 81
 34 182 32
 156 68 117
 55 57 235
 174 116 183
 67 183 116
 10 179 214
 198 197 173
 171 173 197
 110 218 153
 191 237 85
 127 85 237
 92 151 152
 3 122 195
 215 153 218
 222 223 189
 159 150 139
 5 213 178
 222 57 81
 79 81 57
 5 220 213
 84 151 90
 3 151 0
 198 228 197
 196 197 228
 124 224 233
 191 85 145
 163 63 232
 149 204 99
 200 218 201
 119 126 118
 106 76 238
 75 238 76
 229 195 122
 174 185 129
 191 155 237
 65 237 155
 146 225 217
 198 189 223
 97 43 223
 109 232 142
 165 46 166
 127 166 46
 119 141 73
 184 225 37
 146 37 225
 159 139 231
 192 231 139
 130 144 131
 54 131 144
 175 232 63
 78 205 233
 215 224 176
 229 185 195
 123 208 199
 31 199 208
 54 49 238
 106 238 49
 184 221 225
 61 204 62
 72 125 205
 211 221 210
 184 210 221
 54 238 131
 75 131 238
 222 189 235
 229 219 82
 59 82 219
 171 12 206
 124 176 224
 175 62 80
 165 164 234
 28 32 177
 110 201 218
 188 235 189
 188 236 235
 119 140 141
 222 235 57
 91 141 140
 35 228 43
 120 104 226
 66 226 104
 83 209 219
 59 219 209
 0
 0
 0
 0
 0
 0
 0
 0
 0
 0
 10
 169 192 172 160 161 193 206 231 14 12
 0
 0
 9
 55 188 135 173 172 142 56 107 236
 0
 0
 7
 136 89 88 121 182 177 167
 9
 156 120 158 121 108 68 107 230 226
 0
 17
 53 203 7 64 47 16 134 51 138 202 18 193 96 234 144 6 164
 4
 130 77 132 144
 8
 86 78 88 200 77 224 216 233
 0
 0
 0
 0
 0
 0
 0
 0
 0
 0
 0
