237 417
4.623034 6.302894 1
4.483908 6.449684 1
4.452465 6.301439 1
4.410115 6.599568 1
4.332772 6.515707 1
4.330570 6.401648 1
3.828752 6.011590 1
3.775733 5.907977 1
3.940711 5.922763 1
3.720820 6.912322 1
3.724187 6.781441 1
3.827966 6.839842 1
3.906242 5.805687 1
4.550435 6.184982 1
4.682370 6.145089 1
4.738197 6.044947 2
4.770121 6.206210 2
3.623137 6.846333 1
3.481136 6.425205 1
3.351527 6.339208 2
3.475854 6.270106 1
3.313665 6.154677 2
4.543251 6.941085 1
4.651010 6.849020 1
4.676975 7.006541 1
4.209164 6.676344 1
4.083702 6.608777 1
4.210244 6.520789 1
4.047033 6.461767 1
4.176283 7.510770 1
4.021476 7.534031 2
4.107207 7.367772 1
3.968200 7.421478 1
3.598216 6.522669 1
3.456605 6.579809 1
3.615132 6.728545 1
3.629506 5.674319 1
3.675593 5.526574 2
3.741936 5.683527 1
3.789196 5.580353 1
3.301613 6.552069 2
3.350997 6.695115 2
3.589037 5.975732 1
3.508303 6.124942 1
3.423122 6.009644 2
3.945071 5.537083 1
3.889776 5.689489 1
4.519849 5.664965 2
4.478020 5.792209 1
4.405655 5.647001 1
3.621964 6.380307 1
3.617217 6.218404 1
4.358768 5.740221 1
3.880420 7.593835 2
3.892871 7.484823 1
4.374683 7.131568 1
4.237511 7.038578 1
4.349758 7.017886 1
4.218152 7.147321 1
3.777973 6.416477 1
3.922608 6.355734 1
3.912579 6.474751 1
4.566793 6.573065 1
4.145229 7.234875 1
4.059261 7.122772 1
3.510746 5.861794 2
3.652773 5.830866 1
4.059628 6.004992 1
3.938392 6.086611 1
3.369663 6.458298 1
3.927176 6.221677 1
3.770183 6.156655 1
3.560547 5.764571 2
3.519192 5.612889 2
5.205322 6.783471 3
5.204967 6.904642 2
5.076235 6.911542 1
3.559541 7.424548 1
3.627092 7.551364 3
3.447775 7.505364 3
5.054564 6.800837 2
5.087629 7.126500 1
5.238856 7.112688 2
5.122115 7.262406 2
4.534422 7.490746 1
4.536436 7.376394 1
4.672927 7.475581 2
4.652640 7.350923 1
4.834458 7.281233 2
4.974308 7.230979 1
4.991446 7.348893 3
3.714106 6.028776 1
3.818583 5.480961 2
4.576108 7.607667 2
4.974689 6.722596 2
4.848577 6.738701 1
4.914988 6.591507 2
4.793907 6.642322 1
4.633508 5.739126 2
4.121198 7.040025 1
4.598866 7.059680 1
3.519774 5.432137 3
3.819483 6.289340 1
3.572550 6.630432 1
3.721129 6.618779 1
4.613519 6.446199 1
4.168963 6.230496 1
4.053305 6.149411 1
4.156271 6.085233 1
4.261810 6.154975 1
3.720242 7.024384 1
3.818640 6.978978 1
3.808242 7.139900 1
4.050350 6.303873 1
3.710642 6.294157 1
3.635663 6.101223 1
4.774349 6.316844 2
4.771996 6.822196 1
4.921848 6.875056 1
4.776976 6.939325 1
3.481774 7.339940 1
3.377903 7.389180 2
4.581967 7.159510 1
4.698600 7.260993 1
4.564543 7.276639 1
4.417337 6.191537 1
4.420889 5.943147 1
4.356926 6.065837 1
4.294610 5.933435 1
4.715678 7.142967 1
4.607901 5.981206 1
4.605456 6.088699 1
4.770649 7.392766 2
3.919438 7.045442 1
4.045402 7.234003 1
3.798507 5.780425 1
3.897923 5.397285 2
4.049580 5.430021 2
4.303561 6.275100 1
3.838081 6.567790 1
4.856603 7.145395 1
4.872307 7.020385 1
4.252996 7.294376 1
4.354853 7.244166 1
3.538919 6.806466 1
3.826000 6.707777 1
5.001524 7.020991 1
3.969505 6.572711 1
4.187191 6.370886 1
4.246490 6.045128 1
4.963239 7.116050 1
3.755050 7.484173 2
3.678781 7.358489 1
3.839210 7.390600 1
3.572624 7.136677 1
3.620426 6.995499 1
3.674249 7.116525 1
3.512885 7.022688 1
3.924407 6.778689 1
3.918741 6.904608 1
3.706648 6.508783 1
4.498084 6.058089 1
4.231218 7.410373 1
4.380692 6.783002 1
4.327588 6.682076 1
4.485376 6.682701 1
4.282556 6.957081 1
4.143545 6.940578 1
4.203537 6.832942 1
4.446509 7.322335 1
4.440694 7.457618 1
4.701678 5.877624 2
4.701714 6.395284 1
4.347909 7.403681 1
4.102388 6.731255 1
4.042965 6.835967 1
5.154410 7.012564 2
3.914390 6.657681 1
4.350440 5.843766 1
3.578867 7.278636 1
4.291726 6.598414 1
4.476462 7.048297 1
4.404589 6.915154 1
4.689008 6.623161 1
4.802021 6.536401 1
4.692145 6.510069 1
3.770442 7.300319 1
4.203794 5.453638 2
4.104136 5.545857 1
3.704860 7.213806 1
3.874635 7.269837 1
3.971478 7.312364 1
4.141549 7.641022 2
4.212558 5.854231 1
4.248597 5.748077 1
4.038553 5.658641 1
3.440204 7.103339 2
3.397062 6.972573 2
3.409681 5.515831 3
4.504460 6.802976 1
3.943378 7.179153 1
4.598559 5.847157 1
4.526024 5.917530 1
4.337113 5.571017 1
4.314150 5.465457 2
4.460289 5.534797 2
4.309435 6.850822 1
4.008707 5.781964 1
4.001836 6.698579 1
4.286083 6.765038 1
4.595124 6.705735 1
4.712487 6.733693 1
4.022027 6.978586 1
4.169448 5.653909 1
4.776282 7.054303 1
4.150170 5.339636 3
3.467101 7.227109 1
4.464261 7.193318 1
3.481405 6.723879 1
3.414002 6.824035 2
4.258708 7.599420 2
4.085330 5.881739 1
4.123805 5.761951 1
3.652785 7.454267 1
4.901669 6.452595 2
4.228028 5.563161 1
4.357193 7.543555 2
4.274262 7.493560 1
4.799413 6.423173 1
4.168519 5.965186 1
3.519023 6.909560 1
3.350084 7.183947 2
4.284595 5.652598 1
4.454059 7.580986 2
3.256470 6.430376 2
3.366880 7.285813 2
4.880465 6.349662 2
 0 1 2
 3 4 1
 5 1 4
 6 7 8
 9 10 11
 8 7 12
 0 2 13
 14 15 16
 17 10 9
 18 19 20
 21 20 19
 22 23 24
 25 26 27
 28 27 26
 29 30 31
 32 31 30
 18 33 34
 35 10 17
 36 37 38
 39 38 37
 40 34 41
 42 43 44
 45 46 39
 21 44 43
 47 48 49
 18 20 50
 51 50 20
 48 52 49
 53 54 30
 55 56 57
 55 58 56
 59 60 61
 3 1 62
 58 63 64
 42 65 66
 67 68 8
 40 69 34
 18 34 69
 70 71 68
 6 68 71
 36 72 73
 74 75 76
 42 66 7
 77 78 79
 80 74 76
 81 82 83
 84 85 86
 87 86 85
 28 61 60
 6 8 68
 88 89 90
 42 7 91
 45 39 92
 84 86 93
 94 95 96
 97 96 95
 98 48 47
 99 58 64
 22 24 100
 36 73 37
 101 37 73
 59 102 60
 35 103 104
 0 105 1
 70 102 71
 21 43 20
 106 107 108
 106 108 109
 5 2 1
 110 111 112
 70 107 113
 106 113 107
 81 83 89
 51 71 114
 66 65 72
 51 115 71
 0 16 116
 0 14 16
 117 118 119
 120 77 79
 121 120 79
 122 123 124
 125 13 2
 126 127 128
 122 129 123
 89 83 90
 130 15 131
 14 131 15
 24 23 119
 18 69 19
 87 132 86
 6 71 91
 28 60 113
 42 44 65
 133 112 111
 18 50 33
 134 64 63
 87 123 132
 135 12 7
 39 37 92
 35 104 10
 45 136 137
 104 103 33
 36 38 66
 135 66 38
 125 109 127
 125 138 109
 59 61 139
 88 140 89
 122 100 129
 24 129 100
 141 119 118
 142 58 143
 55 143 58
 35 17 144
 104 139 145
 32 30 54
 117 95 118
 141 118 146
 76 146 118
 51 20 43
 67 107 68
 42 115 43
 0 13 14
 28 147 61
 5 148 138
 71 102 114
 135 38 46
 88 129 140
 149 128 127
 141 150 140
 151 152 153
 154 155 156
 157 155 154
 106 138 148
 39 46 38
 11 158 159
 142 31 63
 141 146 150
 33 50 160
 28 113 148
 106 148 113
 117 119 23
 126 161 127
 142 162 31
 81 89 150
 59 139 160
 163 164 165
 166 167 168
 169 85 170
 5 27 148
 130 171 15
 0 116 172
 59 160 50
 28 26 147
 169 170 173
 25 168 174
 175 174 168
 81 146 176
 76 176 146
 28 148 27
 177 145 139
 166 57 56
 110 112 156
 70 68 107
 52 48 178
 77 179 152
 25 27 180
 169 173 143
 142 143 173
 11 145 158
 71 115 91
 104 33 160
 126 178 48
 88 132 123
 22 181 182
 97 183 184
 185 184 183
 152 186 153
 104 145 10
 25 174 26
 187 188 137
 3 62 165
 189 112 186
 190 186 112
 125 161 13
 81 176 82
 134 63 31
 45 137 188
 134 31 191
 32 191 31
 94 118 95
 29 192 30
 5 138 2
 125 2 138
 193 194 178
 45 195 46
 34 33 103
 181 57 182
 45 92 136
 29 31 162
 32 153 191
 190 191 153
 157 196 197
 101 73 198
 189 152 179
 135 7 66
 163 199 182
 22 182 199
 190 200 191
 130 201 171
 5 4 27
 166 56 167
 130 161 202
 126 202 161
 203 204 205
 166 168 206
 134 191 200
 163 165 199
 207 46 195
 70 60 102
 189 179 154
 175 158 208
 36 66 72
 175 208 174
 25 209 168
 210 23 199
 22 199 23
 3 165 164
 54 53 151
 97 95 211
 59 50 114
 175 168 167
 135 46 12
 98 201 48
 59 114 102
 99 56 58
 45 188 195
 133 212 64
 142 63 58
 130 202 201
 67 108 107
 88 123 129
 87 124 123
 126 48 202
 213 195 188
 70 113 60
 207 12 46
 24 214 129
 187 137 215
 193 178 128
 77 120 179
 189 156 112
 216 154 179
 175 167 212
 175 159 158
 122 217 181
 55 181 217
 129 214 140
 175 212 159
 6 91 7
 76 118 80
 94 80 118
 216 196 154
 157 154 196
 117 211 95
 210 165 62
 104 160 139
 34 218 41
 219 41 218
 210 62 183
 185 183 62
 29 220 192
 207 221 8
 67 8 221
 213 222 195
 51 43 115
 42 91 115
 125 127 161
 51 114 50
 141 140 214
 133 64 200
 11 159 111
 190 112 200
 1 105 62
 185 62 105
 161 131 13
 142 173 162
 22 100 181
 189 186 152
 77 152 223
 210 211 23
 117 23 211
 207 195 222
 151 223 152
 97 184 96
 52 178 194
 133 111 159
 224 96 184
 99 212 167
 133 200 112
 130 131 161
 187 225 188
 89 140 150
 151 78 223
 133 159 212
 84 170 85
 77 223 78
 106 109 138
 149 127 109
 213 188 225
 226 227 173
 0 172 105
 98 171 201
 97 211 183
 47 49 205
 149 109 108
 226 173 170
 76 75 176
 110 156 155
 81 150 146
 185 228 184
 193 128 229
 149 229 128
 99 64 212
 185 172 228
 189 154 156
 203 205 49
 193 222 194
 34 103 218
 35 218 103
 157 230 155
 17 155 230
 157 197 230
 99 167 56
 11 10 145
 219 230 197
 216 231 196
 219 218 144
 67 221 229
 193 229 221
 52 232 49
 213 194 222
 3 164 180
 84 93 233
 216 179 120
 3 180 4
 210 199 165
 193 221 222
 151 153 54
 26 208 147
 219 144 230
 187 204 225
 203 225 204
 141 214 119
 24 119 214
 207 8 12
 67 229 108
 177 158 145
 55 57 181
 190 153 186
 122 181 100
 14 13 131
 177 147 208
 207 222 221
 29 227 220
 166 182 57
 40 234 69
 19 69 234
 52 194 232
 32 54 153
 26 174 208
 61 147 139
 177 139 147
 226 220 227
 11 111 9
 203 49 232
 177 208 158
 210 183 211
 169 124 85
 35 144 218
 126 128 178
 169 143 217
 55 217 143
 173 227 162
 116 228 172
 110 9 111
 134 200 64
 216 120 235
 121 235 120
 87 85 124
 185 105 172
 166 206 182
 163 182 206
 116 236 228
 149 108 229
 169 217 124
 25 164 209
 224 184 228
 17 230 144
 110 155 9
 17 9 155
 48 201 202
 213 232 194
 216 235 231
 25 180 164
 122 124 217
 224 228 236
 29 162 227
 163 209 164
 226 170 233
 84 233 170
 27 4 180
 213 225 232
 203 232 225
 168 209 206
 163 206 209
 16
 224 187 94 98 74 47 116 15 171 96 205 215 80 204 16 236
 0
 0
 6
 74 82 83 176 75 90
 0
 0
 0
 0
 0
 0
 0
 0
 0
 0
 0
 0
 0
 6
 101 37 137 136 215 92
 0
 0
 0
 0
 0
 0
 0
 13
 88 151 226 86 53 78 30 192 93 220 132 233 90
 2
 78 79
 0
 17
 21 219 40 19 121 44 73 41 65 79 197 198 196 231 234 72 235
 2
 101 198
 0
 0
 0
