234 410
6.515219 5.280851 1
6.635678 5.241629 1
6.685428 5.362820 1
6.546347 5.390184 1
7.223019 5.959930 1
7.327240 5.856607 1
7.330631 6.014463 2
5.782885 4.915845 1
5.654538 5.009116 2
5.613523 4.876764 2
6.296477 6.291746 2
6.178900 6.299035 2
6.199009 6.150740 1
6.577372 6.121279 1
6.721230 6.140491 2
6.586689 6.236336 2
7.445928 5.925075 2
6.850639 5.821062 1
6.764899 5.732218 1
6.949240 5.690904 1
6.124452 5.399304 1
6.250869 5.309196 1
6.212828 5.480120 1
6.765488 4.794387 1
6.921344 4.852563 1
6.792965 4.944991 1
6.197004 5.609816 1
6.292776 5.740302 1
6.176824 5.767386 1
7.484683 5.762489 1
6.807890 5.608046 1
7.411201 5.419500 1
7.443591 5.267010 2
7.530152 5.345335 2
6.324090 5.449898 1
6.206203 4.558007 1
6.139965 4.456416 1
6.238244 4.398286 1
6.365672 4.825902 1
6.262121 4.844088 1
6.236480 4.716629 1
6.318694 4.601766 1
6.332431 4.471969 1
6.436944 4.559677 1
7.331261 5.717915 1
5.711236 4.758887 1
6.458292 4.860746 1
6.561650 4.911911 1
6.449646 4.988196 1
6.348578 6.008866 1
6.448305 6.119336 1
6.317267 6.096814 1
7.198951 5.742980 1
7.176685 5.859831 1
6.420067 5.386676 1
6.411714 5.261772 1
6.086353 6.241210 2
6.764845 5.204879 1
6.863762 5.336168 1
6.824794 5.472210 1
7.124092 5.526034 1
7.204670 5.405964 1
7.296735 5.500678 1
6.946815 5.205117 1
6.403944 4.719996 1
7.569298 5.891051 2
5.944004 4.749156 1
5.838029 4.800569 1
5.821872 4.670084 1
6.529588 5.553187 1
6.684817 5.529173 1
6.574519 5.663994 1
6.690910 5.668113 1
5.892580 6.036529 2
5.829604 5.902960 2
5.930879 5.901834 1
6.348769 6.192240 1
5.915690 4.628152 1
6.740088 4.479023 1
6.844259 4.575675 1
6.694670 4.607204 1
6.541129 5.048256 1
6.970466 5.038136 1
7.072138 5.117852 1
7.226384 5.625953 1
7.521933 5.446952 2
6.933664 4.371037 2
7.087327 4.451959 3
6.923322 4.490115 1
6.438160 5.975036 1
6.687865 4.905247 1
6.726094 5.043987 1
6.631585 5.002763 1
6.978658 5.457349 1
6.311346 5.599753 1
6.330822 5.175495 1
6.223165 5.123343 1
6.127608 5.195673 1
6.631111 6.026497 1
7.596216 5.791795 1
7.076392 4.822713 2
7.184811 4.897837 2
7.085773 4.974476 1
6.631879 4.698171 1
6.770990 4.672834 1
6.635351 4.809585 1
6.848817 5.063982 1
6.011650 5.978821 1
6.076811 4.962896 1
6.038838 5.092997 1
5.911179 5.023998 1
6.638291 5.119759 1
6.908397 4.961698 1
5.930738 4.904496 1
6.462371 6.286243 2
7.060996 6.145112 2
6.950093 6.061373 2
7.052244 6.037927 1
6.506563 4.665459 1
7.176009 6.071414 2
6.734489 6.014736 1
6.339557 4.936695 1
6.110510 5.681526 1
7.190773 5.054635 2
5.788845 5.072317 2
6.001570 5.691066 1
5.888014 5.768173 2
5.925596 5.599349 2
6.202116 5.874313 1
6.049241 5.823913 1
6.425797 5.666373 1
6.107842 5.934070 1
6.642293 4.299617 2
6.771570 4.326343 2
6.644121 4.409723 1
7.010106 4.599801 1
6.408441 5.539903 1
6.062716 5.543975 1
6.045297 6.091761 1
7.316336 5.349784 1
7.112624 5.953517 1
6.900465 4.703477 1
6.015033 4.338188 1
6.133647 4.350860 1
6.042073 4.442723 1
5.957688 6.180433 2
6.618520 5.443135 1
6.091345 5.299238 1
7.019033 5.579883 1
6.922052 5.560655 1
5.721786 4.621486 1
5.838165 4.542286 1
5.711939 4.496269 2
7.428337 5.656695 1
6.236439 5.984707 1
7.008394 4.908817 1
7.447411 5.545475 1
7.343417 5.616569 1
6.177315 4.920896 1
6.246135 5.013011 1
7.009689 4.730780 1
6.552555 5.914373 1
6.448441 5.864358 1
6.516156 5.774285 1
6.634635 4.507141 1
6.643902 5.788945 1
7.180489 5.198416 1
7.136845 4.570757 2
7.102363 5.654710 1
7.083399 5.771421 1
6.441395 4.412462 1
6.839843 4.438451 1
6.972481 5.823722 1
6.122160 4.639272 1
7.089032 5.409372 1
7.118725 5.312184 1
6.110779 4.221756 3
6.332316 5.886735 1
7.224258 5.305674 1
6.130311 4.813898 1
6.886796 5.934924 1
7.112457 4.685982 2
6.530414 5.177039 1
6.432092 5.129369 1
7.006169 5.945679 1
6.403038 5.775277 1
7.702898 5.823640 3
7.627986 5.690001 2
5.812953 4.400337 2
6.527028 6.032881 1
7.001209 5.322127 1
5.911627 5.479372 2
6.746459 5.836737 1
6.783448 5.935107 1
6.681101 5.925217 1
5.611839 4.572730 2
5.923215 5.140003 1
5.802876 5.196856 2
6.134613 6.033668 1
7.059162 5.227658 1
6.010065 5.411418 1
6.568055 4.580277 1
5.627614 4.668246 2
6.036800 4.862010 1
6.542387 4.470530 1
6.143450 5.044470 1
6.075419 4.729247 1
6.504592 5.462617 1
7.320543 5.240543 2
5.566566 4.755843 2
6.080802 4.545942 1
7.597425 5.533714 2
7.526029 5.635945 1
6.244764 4.271516 2
6.527680 4.768586 1
6.336903 5.061018 1
6.867051 6.143633 2
6.839781 6.036135 1
5.986840 4.235795 2
5.987270 5.305165 1
5.907853 5.249306 2
6.079998 6.386104 3
7.210431 6.242014 3
7.291842 5.136604 2
5.962838 4.537652 1
6.011571 4.641583 1
6.453289 4.285913 2
6.345994 4.337882 2
5.904289 4.310095 2
5.927338 4.431966 1
6.015219 5.208495 1
6.546760 4.352573 2
7.062775 5.862608 1
5.906826 5.361221 2
 0 1 2
 3 0 2
 4 5 6
 7 8 9
 10 11 12
 13 14 15
 5 16 6
 17 18 19
 20 21 22
 23 24 25
 26 27 28
 29 16 5
 18 30 19
 31 32 33
 34 22 21
 35 36 37
 38 39 40
 41 42 43
 42 35 37
 29 5 44
 41 35 42
 7 9 45
 46 47 48
 49 50 51
 52 5 53
 4 53 5
 34 21 54
 21 55 54
 56 12 11
 57 58 2
 59 2 58
 60 61 62
 57 63 58
 64 38 40
 29 65 16
 66 67 68
 69 70 71
 70 72 71
 52 44 5
 73 74 75
 10 12 76
 66 68 77
 78 79 80
 59 70 2
 48 47 81
 82 83 63
 60 62 84
 31 33 85
 86 87 88
 89 50 49
 90 91 92
 25 91 90
 59 58 93
 26 94 27
 95 21 96
 97 96 21
 13 98 14
 23 25 90
 29 99 65
 100 101 102
 23 103 104
 7 45 67
 95 55 21
 23 105 103
 80 104 103
 57 106 63
 73 75 107
 108 109 110
 82 63 106
 51 76 12
 57 1 111
 25 112 106
 108 110 113
 114 10 76
 115 116 117
 118 64 43
 41 43 64
 25 106 91
 57 111 91
 72 70 30
 59 30 70
 115 117 119
 120 14 98
 46 48 121
 41 64 40
 26 28 122
 123 102 101
 7 124 8
 125 126 127
 28 128 129
 130 69 71
 131 129 128
 23 90 105
 132 133 134
 135 88 87
 130 136 69
 7 113 110
 78 134 133
 20 22 137
 26 137 22
 56 138 12
 31 139 32
 117 140 119
 135 141 79
 23 141 24
 142 143 144
 56 145 138
 114 50 15
 13 15 50
 66 113 67
 3 2 146
 20 147 21
 7 110 124
 60 148 93
 59 93 149
 68 150 151
 34 94 22
 152 151 150
 57 2 1
 125 137 122
 73 107 138
 29 44 153
 51 12 154
 100 102 155
 31 156 62
 157 62 156
 97 21 147
 158 39 121
 159 158 121
 100 24 160
 161 162 163
 78 80 164
 130 71 163
 161 163 165
 7 67 113
 123 166 83
 135 87 167
 123 83 102
 19 30 149
 59 149 30
 82 106 112
 125 129 126
 75 126 129
 19 168 169
 42 170 43
 78 171 79
 19 169 172
 125 127 137
 161 89 162
 41 40 35
 173 35 40
 26 122 137
 28 129 122
 73 138 145
 131 107 129
 75 129 107
 60 93 174
 2 70 146
 60 174 61
 175 61 174
 142 176 143
 36 144 143
 24 141 160
 177 128 27
 175 178 61
 28 27 128
 25 24 112
 39 179 40
 180 17 172
 135 167 181
 182 55 183
 82 102 83
 92 81 47
 52 84 44
 157 44 84
 95 183 55
 180 172 184
 80 79 104
 34 136 94
 130 163 185
 186 99 187
 125 122 129
 188 151 152
 93 148 149
 89 189 50
 93 58 190
 191 137 127
 192 17 193
 161 165 194
 180 193 17
 177 162 89
 152 150 195
 196 197 124
 135 79 88
 12 198 154
 182 0 55
 196 110 109
 83 166 199
 68 151 77
 100 155 24
 191 200 137
 20 137 200
 80 103 201
 202 195 150
 69 146 70
 108 113 203
 204 43 170
 179 158 203
 66 203 113
 161 189 89
 57 91 106
 203 158 108
 61 139 62
 31 62 139
 177 89 49
 175 174 190
 93 190 174
 4 119 140
 26 22 94
 79 171 88
 72 30 18
 39 158 179
 34 54 136
 65 99 186
 97 109 205
 52 168 84
 60 84 168
 135 160 141
 97 205 96
 130 27 94
 23 104 141
 79 141 104
 179 206 40
 136 54 207
 208 32 139
 135 181 160
 46 121 38
 4 6 119
 196 124 110
 202 45 209
 36 35 210
 211 187 212
 9 209 45
 114 76 50
 173 40 206
 63 190 58
 29 187 99
 68 67 45
 75 74 126
 80 201 164
 182 111 1
 213 143 176
 29 212 187
 118 214 64
 46 64 214
 159 215 96
 180 184 116
 192 194 165
 216 14 217
 120 217 14
 69 207 146
 82 155 102
 95 96 215
 66 206 203
 142 218 176
 175 199 166
 157 84 62
 219 147 200
 20 200 147
 31 85 156
 196 220 197
 179 203 206
 56 11 221
 86 171 133
 72 165 71
 163 71 165
 182 183 81
 118 201 103
 13 50 189
 92 91 111
 173 210 35
 78 133 171
 138 107 198
 131 198 107
 192 18 17
 63 83 199
 46 38 64
 117 116 184
 19 149 148
 19 148 168
 100 160 181
 211 212 156
 82 112 155
 115 119 222
 208 166 223
 123 223 166
 211 156 85
 177 154 128
 118 43 201
 204 201 43
 55 0 54
 3 54 0
 224 77 151
 138 198 12
 177 49 154
 108 158 205
 72 18 165
 192 165 18
 175 166 178
 182 1 0
 177 27 185
 159 205 158
 131 128 154
 157 153 44
 177 185 162
 131 154 198
 19 172 17
 66 77 225
 48 81 183
 208 178 166
 226 170 227
 42 227 170
 180 116 217
 157 156 153
 3 146 207
 130 94 136
 142 228 218
 68 45 150
 51 154 49
 51 50 76
 163 162 185
 52 169 168
 36 210 144
 60 168 148
 224 151 229
 36 143 37
 196 109 230
 97 230 109
 132 134 231
 202 150 45
 224 229 144
 232 184 172
 39 38 121
 182 81 111
 105 47 214
 46 214 47
 219 233 220
 188 229 151
 78 164 134
 204 134 164
 159 121 215
 232 172 169
 24 155 112
 86 88 171
 4 140 53
 232 53 140
 108 205 109
 52 53 169
 232 169 53
 142 144 229
 69 136 207
 219 220 230
 196 230 220
 130 185 27
 48 215 121
 92 47 90
 105 90 47
 161 98 189
 191 233 200
 219 200 233
 48 183 215
 95 215 183
 219 230 147
 97 147 230
 63 199 190
 175 190 199
 208 139 178
 204 231 134
 204 170 231
 226 231 170
 180 217 193
 120 193 217
 117 184 140
 232 140 184
 224 144 210
 156 212 153
 188 228 229
 213 37 143
 159 96 205
 224 210 225
 173 225 210
 118 103 214
 105 214 103
 213 227 37
 42 37 227
 161 194 98
 120 98 194
 142 229 228
 173 206 225
 66 225 206
 92 111 81
 61 178 139
 3 207 54
 204 164 201
 224 225 77
 192 193 194
 216 217 116
 13 189 98
 120 194 193
 29 153 212
 22
 73 188 202 56 191 9 152 8 176 124 221 126 145 127 197 195 233 218 209 220 228 74
 0
 6
 65 186 119 6 222 16
 10
 115 114 216 10 221 14 15 222 11 116
 0
 0
 0
 0
 0
 0
 0
 0
 9
 226 86 213 132 87 176 133 227 231
 0
 14
 123 100 211 208 33 101 186 87 187 181 32 167 85 223
 0
 0
 0
 0
 0
 0
 0
 0
 0
 0
 0
 0
 0
 0
 0
 0
 0
 0
