241 417
7.959190 1.754323 1
7.802344 1.756332 1
7.856203 1.616465 1
7.498225 2.583424 1
7.622765 2.702036 2
7.500171 2.698773 2
7.443472 1.942950 1
7.613626 1.986608 1
7.510754 2.063014 1
7.552849 0.916855 1
7.494326 1.025363 1
7.374181 0.926226 1
8.273797 1.127248 2
8.220457 1.287513 2
8.120080 1.172185 1
7.438138 0.557798 1
7.316076 0.631051 2
7.295281 0.481153 2
7.523554 1.866925 1
7.731541 1.104297 1
7.749978 1.235802 1
7.601613 1.214993 1
8.478637 0.790780 2
8.313864 0.866223 1
8.331158 0.720848 1
7.219480 2.344383 1
7.363740 2.410020 1
7.257778 2.463959 1
7.312423 2.260671 1
6.953347 1.488441 1
6.831847 1.586057 2
6.827979 1.453654 1
7.486001 0.809553 1
7.691458 1.625557 1
7.587032 1.102500 1
6.956197 1.599887 1
6.913921 1.734840 1
8.333333 0.000000 0
8.472222 0.000000 0
8.423933 0.166367 2
7.986232 1.946766 1
8.040218 1.849507 2
8.114106 1.990244 2
8.175214 0.985853 1
8.030745 1.035779 1
8.194445 0.000000 0
8.260237 0.127251 1
8.090914 0.133506 1
7.620184 2.556905 1
7.491823 1.669027 1
7.420715 1.784334 1
7.342836 1.639057 1
7.441488 1.573872 1
7.734658 2.641909 1
7.085173 2.293885 2
7.198239 2.211733 1
7.098757 2.157671 2
6.919063 1.345560 1
7.084176 1.397750 1
7.033436 1.283168 1
7.753994 1.900319 1
7.777062 2.059184 1
7.471699 0.439762 1
7.393651 0.354021 1
8.387761 0.339635 2
8.240078 0.418746 1
8.276791 0.268489 1
8.461967 0.900401 2
7.330197 1.864834 1
7.660341 0.578731 1
7.567696 0.509109 1
7.710315 0.439928 1
7.639262 1.456599 1
7.763267 1.366998 1
7.753578 1.515011 1
7.919614 2.303614 2
7.874130 2.467033 2
7.794896 2.314073 1
7.725644 2.414804 1
7.949999 0.693922 1
8.057818 0.785259 1
7.934078 0.862031 1
7.588399 0.399238 1
8.101618 0.647294 1
8.024765 1.279948 1
7.894146 1.289960 1
7.976189 1.160414 1
7.809556 0.964260 1
7.810327 0.850372 1
8.014078 0.559529 1
6.805418 1.728012 2
7.660153 1.319150 1
8.103052 1.556893 2
8.018033 1.414853 1
8.175099 1.426256 2
7.209929 1.679876 1
7.221816 1.512943 1
7.110541 1.619870 1
7.638889 0.000000 0
7.777778 0.000000 0
7.724136 0.155138 1
7.670127 1.770020 1
7.569445 0.094249 1
7.949980 0.968231 1
8.248993 0.587877 1
8.138595 0.527782 1
8.168266 0.324664 1
8.117494 1.321646 1
8.206525 0.729662 1
7.846552 0.756488 1
7.275958 0.316941 2
7.850990 1.168013 1
7.336075 1.231452 1
7.169745 1.239987 1
7.261079 1.146039 1
7.457663 0.674062 1
7.707490 2.529548 1
7.462380 1.464749 1
7.388029 1.351707 1
7.538618 1.349015 1
7.462672 1.262592 1
8.182172 0.226299 1
7.856003 1.453294 1
7.372607 1.087612 1
7.897685 1.866148 1
7.065910 1.528489 1
7.413507 2.305499 1
7.563960 2.329350 1
7.501750 2.447927 1
7.025963 1.672231 1
8.124784 1.717798 2
7.239058 1.351035 1
8.071854 0.420917 1
7.126564 2.429618 2
7.994965 1.638687 1
8.167719 0.849068 1
7.965651 1.536039 1
8.375373 0.580966 2
7.823123 2.586313 1
7.893880 1.056013 1
7.258426 1.044417 1
7.190665 0.931192 2
7.000378 1.790072 1
7.106781 1.745396 1
7.104016 1.896052 1
7.361111 0.000000 0
7.430360 0.115371 1
7.298603 0.081500 1
7.574777 0.208464 1
7.413603 0.246067 1
7.391330 2.057900 1
7.288234 2.111815 1
7.314125 1.977033 1
7.206226 2.005661 1
7.517454 0.318836 1
8.347806 0.472575 2
7.376606 0.756333 1
7.500000 0.000000 0
7.554602 1.571620 1
6.814268 1.252717 2
6.944895 1.193835 2
8.469637 0.651486 2
7.475721 1.154086 1
7.653986 2.107674 1
7.168542 1.126727 1
7.657166 0.302552 1
7.781382 0.302012 1
7.735209 2.199541 1
7.859236 2.189422 1
7.920929 2.087509 1
7.632497 1.874329 1
8.055555 0.000000 0
7.421768 2.171318 1
8.295401 1.002043 2
7.178379 2.105992 1
7.510874 2.241171 1
7.874085 0.115023 1
7.265856 0.824856 2
7.617286 0.798666 1
7.302215 0.190436 2
6.676695 1.483973 3
6.777507 1.361396 2
7.925094 0.350582 1
8.070436 0.288870 1
7.973966 0.206973 1
6.992469 1.889416 1
7.855732 0.225946 1
7.311299 1.434176 1
7.355800 1.524904 1
6.879232 1.891371 2
7.542164 1.765435 1
7.753076 0.535534 1
7.237609 2.614172 2
7.153166 2.542537 1
7.102610 1.031868 2
7.195971 1.807906 1
7.977349 2.168581 1
7.759981 2.779103 2
7.559259 0.720355 1
8.044533 2.262336 2
7.646367 0.999774 1
7.916667 0.000000 0
7.422709 2.508872 1
7.377967 2.654471 2
7.322326 2.547752 1
7.941402 2.601359 2
7.063766 1.154066 1
7.857933 2.691714 3
8.395570 0.967330 2
7.595392 1.680493 1
7.040461 2.535963 2
7.108499 2.672402 2
6.958165 2.625986 3
8.052592 0.914370 1
8.288482 1.412666 3
7.238861 1.890927 1
7.288260 1.771016 1
7.889970 1.982472 1
7.549607 2.157194 1
7.281088 0.725714 2
7.001577 1.985255 2
7.740407 0.769692 1
7.662305 0.690173 1
7.794248 0.634852 1
7.702896 0.885367 1
7.954675 0.465097 1
7.677302 2.321094 1
7.830323 0.394099 1
7.622062 2.226642 1
8.086451 2.148384 2
7.999796 2.044643 1
7.849445 0.496616 1
7.904535 0.585217 1
7.100437 2.043079 1
7.983811 0.092829 1
6.963366 1.048810 2
7.622042 2.442154 1
7.222222 0.000000 0
7.557285 0.622383 1
7.204134 0.124253 2
7.013205 2.100784 2
 0 1 2
 3 4 5
 6 7 8
 9 10 11
 12 13 14
 15 16 17
 18 7 6
 19 20 21
 22 23 24
 25 26 27
 25 28 26
 29 30 31
 9 11 32
 33 2 1
 34 19 21
 35 36 30
 37 38 39
 40 41 42
 12 14 43
 44 43 14
 45 46 47
 48 4 3
 49 50 51
 52 49 51
 53 4 48
 25 54 55
 56 55 54
 29 57 58
 59 58 57
 60 61 7
 15 17 62
 63 62 17
 64 65 66
 22 67 23
 68 50 6
 69 70 71
 72 73 74
 75 76 77
 78 77 76
 79 80 81
 82 71 70
 29 31 57
 79 83 80
 84 85 86
 81 87 88
 79 89 83
 36 90 30
 91 73 72
 6 50 18
 92 93 94
 51 95 96
 97 96 95
 98 99 100
 33 1 101
 98 100 102
 103 87 81
 104 83 105
 65 106 66
 93 107 94
 29 35 30
 104 108 83
 79 81 109
 63 17 110
 111 86 85
 112 113 114
 15 115 16
 53 48 116
 117 118 119
 120 119 118
 78 76 116
 121 47 46
 33 74 2
 122 2 74
 123 11 10
 0 124 1
 29 125 35
 126 127 128
 35 125 129
 0 130 41
 131 113 112
 132 65 105
 104 105 65
 25 133 54
 37 39 46
 0 2 134
 0 134 130
 135 23 43
 122 136 2
 13 107 14
 104 137 24
 76 138 116
 122 74 73
 85 73 20
 111 19 139
 87 139 19
 111 85 20
 108 23 135
 24 23 108
 123 140 11
 141 11 140
 91 21 20
 142 143 144
 145 146 147
 148 149 146
 64 66 39
 150 151 152
 153 152 151
 25 27 133
 148 154 149
 64 155 65
 84 14 107
 148 102 100
 156 16 115
 145 157 146
 131 96 58
 33 158 72
 60 101 1
 104 65 155
 159 160 57
 24 137 161
 120 112 162
 123 162 112
 156 32 11
 7 61 163
 132 106 65
 164 114 113
 148 100 165
 166 165 100
 167 61 168
 169 168 61
 60 7 170
 171 45 47
 150 172 151
 43 23 173
 153 151 174
 126 175 127
 117 72 158
 59 57 160
 117 119 72
 91 72 119
 99 176 100
 22 24 161
 126 128 26
 104 24 108
 141 177 11
 156 11 177
 135 80 108
 83 108 80
 9 32 178
 33 72 74
 122 85 93
 84 93 85
 18 170 7
 179 147 146
 84 86 14
 84 107 93
 31 180 181
 132 182 183
 184 183 182
 142 144 185
 131 58 113
 31 30 180
 166 100 186
 92 130 134
 117 187 118
 117 188 187
 59 113 58
 142 189 36
 121 183 47
 184 47 183
 18 50 190
 69 71 191
 121 66 106
 192 193 27
 164 194 140
 141 140 194
 97 125 96
 90 36 189
 195 144 143
 75 168 196
 97 129 125
 53 197 4
 198 178 32
 31 181 57
 51 96 188
 75 196 199
 9 200 10
 99 201 176
 202 3 203
 87 103 139
 60 1 124
 142 185 189
 192 27 204
 132 105 89
 83 89 105
 205 138 76
 101 170 190
 190 170 18
 92 136 93
 120 118 112
 131 112 118
 59 206 113
 44 14 86
 96 125 58
 53 207 197
 34 10 200
 208 23 67
 33 101 209
 45 37 46
 40 124 41
 0 41 124
 100 176 186
 150 8 172
 210 211 212
 60 170 101
 135 43 213
 179 149 110
 202 203 204
 92 134 136
 126 26 28
 13 214 94
 68 215 216
 60 217 61
 131 187 96
 44 213 43
 63 110 149
 51 188 52
 218 172 8
 156 219 16
 220 189 185
 27 193 133
 218 8 163
 7 163 8
 195 216 215
 81 80 213
 49 190 50
 87 19 200
 167 163 61
 221 222 223
 69 223 222
 5 203 3
 82 165 71
 166 71 165
 164 113 206
 202 26 128
 198 32 115
 156 115 32
 111 139 86
 44 86 139
 184 182 186
 166 186 182
 60 124 217
 48 3 128
 202 128 3
 12 43 173
 135 213 80
 9 178 224
 59 160 206
 132 225 182
 122 93 136
 123 112 114
 159 57 181
 167 77 226
 34 200 19
 122 73 85
 166 182 227
 33 209 158
 121 46 66
 39 66 46
 87 224 88
 221 88 224
 167 226 228
 9 224 200
 148 146 102
 157 102 146
 87 200 224
 79 109 223
 221 223 109
 229 230 42
 75 77 168
 167 168 77
 53 116 138
 231 232 223
 229 196 230
 29 58 125
 231 223 191
 82 62 154
 132 183 106
 151 172 28
 126 28 172
 81 213 103
 81 88 109
 169 61 217
 202 204 26
 27 26 204
 79 223 232
 210 133 193
 132 89 225
 111 20 19
 205 207 138
 53 138 207
 153 233 144
 220 144 233
 179 146 149
 82 154 165
 148 165 154
 91 119 21
 120 21 119
 192 204 203
 13 94 107
 68 216 50
 63 154 62
 69 191 223
 79 232 89
 182 225 227
 157 98 102
 40 217 124
 184 176 234
 201 234 176
 208 173 23
 150 6 8
 201 171 234
 235 194 206
 164 206 194
 171 47 234
 231 227 225
 220 185 144
 40 230 217
 153 144 215
 195 215 144
 184 234 47
 49 158 209
 192 211 193
 210 193 211
 123 114 140
 117 52 188
 127 175 228
 218 228 175
 91 20 73
 2 136 134
 127 226 236
 44 103 213
 117 158 52
 231 71 227
 166 227 71
 63 149 154
 237 145 147
 235 206 160
 184 186 176
 34 162 10
 123 10 162
 231 191 71
 82 70 62
 15 70 238
 15 238 115
 169 217 230
 127 236 128
 126 172 175
 218 175 172
 51 50 216
 68 6 152
 96 187 188
 131 118 187
 97 95 143
 167 228 163
 218 163 228
 151 28 55
 25 55 28
 49 52 158
 164 140 114
 44 139 103
 169 196 168
 15 62 70
 69 222 238
 150 152 6
 231 225 232
 89 232 225
 78 236 226
 221 224 178
 104 155 137
 198 238 222
 40 42 230
 121 106 183
 156 177 219
 237 147 239
 69 238 70
 142 36 129
 78 116 236
 48 236 116
 169 230 196
 195 143 95
 34 21 162
 120 162 21
 179 239 147
 97 143 129
 198 115 238
 229 199 196
 35 129 36
 78 226 77
 221 109 88
 48 128 236
 51 216 95
 220 233 240
 195 95 216
 68 152 215
 142 129 143
 56 240 233
 198 222 178
 221 178 222
 127 228 226
 101 190 209
 151 55 174
 153 174 233
 56 233 174
 153 215 152
 49 209 190
 56 174 55
 0
 0
 0
 0
 0
 0
 0
 0
 12
 205 92 75 229 76 130 94 207 42 199 214 41
 12
 64 22 12 208 13 39 161 155 173 214 67 137
 14
 235 141 159 179 17 16 110 194 177 160 239 180 219 181
 0
 8
 192 5 203 207 211 197 4 212
 11
 210 220 90 56 54 189 133 30 180 212 240
 0
 0
 0
 0
 0
 0
 0
 0
 0
 0
 0
 0
 0
 0
 0
 0
 0
 0
 0
