237 416
0.804761 8.931736 1
0.883450 9.033758 1
0.731714 9.012262 1
0.813117 9.117463 1
0.586217 8.671837 1
0.717139 8.653090 1
0.688054 8.781419 1
0.600051 9.442334 1
0.625002 9.593052 1
0.495180 9.502041 1
0.441684 9.357429 1
0.279594 9.434204 1
0.296961 9.314909 1
0.376853 9.485054 1
0.858725 8.722531 1
1.021079 8.803075 1
0.926489 8.895859 1
0.722314 9.520363 1
0.000000 8.472222 0
0.000000 8.333333 0
0.166292 8.423943 1
0.206973 7.973966 1
0.365202 7.918355 2
0.290860 8.070413 1
0.000000 8.194445 0
0.133506 8.090914 1
0.127202 8.260216 1
1.761035 8.899155 1
1.870443 8.844454 2
1.824499 9.015575 2
0.577212 8.273679 1
0.521991 8.149955 2
0.693256 8.164474 2
1.388889 10.000000 0
1.286949 9.850028 1
1.458333 9.900642 1
0.000000 8.611111 0
0.099357 8.541667 1
0.149972 8.713051 1
0.000000 9.166667 0
0.123921 9.056075 1
0.118748 9.221499 1
0.833333 10.000000 0
0.771428 9.881005 1
0.952749 9.878537 1
0.511959 9.611855 1
0.803698 9.649410 1
0.678018 9.708518 1
0.210358 8.569089 1
0.309136 8.508445 1
1.616130 9.365771 1
1.769831 9.294094 2
1.730980 9.435247 2
0.261602 9.600441 1
0.339019 8.387820 1
1.189201 8.795759 1
1.113182 8.680849 1
0.758679 8.431259 1
0.733248 8.305851 2
0.866699 8.310026 2
0.267082 8.277399 1
0.413076 8.244780 1
1.696259 8.602985 1
1.803862 8.695800 2
1.657487 8.728475 1
1.494142 8.765318 1
1.645896 8.843415 1
1.564363 8.918695 1
0.191461 9.510171 1
1.103121 8.910573 1
1.592797 9.097786 1
1.669018 9.221201 1
1.548165 9.241406 1
0.616477 8.393044 1
0.473950 8.361743 1
0.795406 8.565123 1
0.908448 8.586155 1
0.411077 9.591169 1
1.250000 10.000000 0
0.000000 8.750000 0
0.546415 8.787341 1
0.990099 8.657994 1
0.142591 9.655199 1
0.283525 9.728330 1
1.464331 9.149743 1
0.196901 9.803100 1
1.431722 9.788975 1
1.492050 9.689928 1
1.576167 9.835144 2
0.864869 8.475965 1
1.561748 8.649764 1
1.608491 9.667698 2
0.526764 8.467170 1
0.293526 8.784400 1
0.441780 8.860373 1
0.333250 8.930343 1
1.181810 8.551363 2
1.220491 8.689522 1
1.596348 8.519858 2
1.334896 9.444846 1
1.348866 9.335640 1
1.469599 9.466022 1
1.497565 9.348309 1
1.071089 8.570249 1
1.684391 8.982583 1
1.361718 8.903855 1
1.337824 8.769677 1
1.458961 8.869428 1
0.414963 8.071552 2
0.356034 9.675016 1
0.225961 8.181989 1
0.211318 9.131266 1
0.294735 9.054495 1
0.369858 9.189230 1
0.529079 9.213453 1
0.322388 8.169227 1
0.983326 8.514839 1
0.864530 9.786017 1
0.435687 8.704444 1
0.235199 7.868153 2
0.694444 10.000000 0
0.555556 10.000000 0
0.632514 9.850994 1
0.000000 9.444445 0
0.000000 9.305555 0
0.147830 9.363488 1
1.527778 10.000000 0
0.714316 9.402905 1
0.229289 9.240767 1
1.247027 9.296149 1
1.236969 9.439577 1
1.445282 9.003757 1
0.191008 8.946526 1
0.712002 9.129732 1
0.636902 8.530614 1
0.817945 9.228610 1
0.705682 9.281222 1
0.487094 9.909638 1
0.086995 9.513889 1
1.818970 9.167747 1
1.952648 9.115278 2
1.918479 9.271042 3
1.212820 9.693766 1
1.355126 9.675912 1
0.830477 9.369934 1
0.838538 9.499920 1
0.493726 8.971506 1
0.404042 9.048648 1
0.000000 9.722222 0
0.000000 9.583333 0
0.416667 10.000000 0
0.277778 10.000000 0
0.347068 9.865978 1
0.804992 8.836111 1
0.390550 8.588207 1
0.499662 8.572626 1
1.154797 9.368364 1
0.000000 8.055555 0
0.598355 8.906145 1
1.497397 8.567036 1
1.030836 9.115532 1
1.126290 9.230981 1
1.010762 9.226134 1
0.000000 7.777778 0
0.155138 7.724136 3
0.115023 7.874085 1
0.972222 10.000000 0
0.000000 9.027778 0
0.492241 9.801861 1
1.004662 8.995338 1
1.878052 8.432953 3
1.824728 8.560706 2
1.728744 8.439555 2
1.747745 8.802259 1
1.155032 9.125547 1
1.623189 9.519094 2
0.964521 9.713545 1
0.954280 9.592237 1
1.263118 8.884799 1
0.299041 8.656504 1
1.058497 9.815688 1
0.930620 9.294585 1
0.973801 9.436555 1
1.054995 9.315080 1
1.205404 8.976017 1
0.633174 9.197259 1
0.592068 9.076138 1
0.564581 9.714310 1
0.213930 8.846450 1
0.953595 8.408203 2
0.000000 7.916667 0
0.000000 10.000000 0
0.000000 9.861111 0
0.107824 9.892176 1
0.138889 10.000000 0
1.151346 9.895024 1
0.106092 8.849491 1
1.358403 9.543875 1
1.443864 9.592309 1
0.911069 9.174496 1
1.066928 8.429412 2
1.062614 9.535784 1
1.717935 9.096978 1
1.311718 8.993432 1
0.759233 9.770711 1
1.258936 9.570167 1
0.480838 9.114609 1
0.389819 9.757821 1
1.153550 9.786070 1
1.346873 9.100210 1
0.091278 9.780123 1
0.213692 9.912251 1
1.301408 8.605935 1
1.426698 8.649664 1
0.599666 9.312307 1
1.076383 9.418751 1
1.079324 9.680214 1
0.000000 8.888889 0
1.111111 10.000000 0
1.534460 9.581480 1
1.345869 9.212654 1
1.444916 9.260551 1
0.719683 8.890155 1
1.142776 9.493199 1
1.149933 9.600081 1
1.404965 8.536551 1
1.305023 8.488237 2
0.418376 8.475342 1
0.092829 7.983811 1
1.117910 9.027727 1
0.455960 9.693076 1
1.229989 9.066641 1
0.084204 8.953752 1
1.047968 9.918360 1
1.242998 9.176913 1
1.402143 8.440618 2
1.497119 8.467815 2
 0 1 2
 1 3 2
 4 5 6
 7 8 9
 10 11 12
 13 11 10
 14 15 16
 7 17 8
 18 19 20
 21 22 23
 24 25 26
 27 28 29
 30 31 32
 33 34 35
 36 37 38
 39 40 41
 42 43 44
 45 9 8
 17 46 8
 8 46 47
 48 20 49
 50 51 52
 13 53 11
 54 49 20
 55 15 56
 57 58 59
 54 60 61
 62 63 64
 65 66 67
 65 64 66
 68 11 53
 55 69 15
 70 71 72
 30 73 74
 14 75 76
 13 77 53
 33 78 34
 79 36 38
 4 6 80
 50 71 51
 14 81 15
 82 53 83
 70 72 84
 14 5 75
 85 82 83
 86 87 88
 57 59 89
 62 64 90
 91 88 87
 92 74 73
 93 94 95
 56 96 97
 62 90 98
 14 6 5
 99 100 101
 101 100 102
 103 96 56
 70 67 104
 105 106 107
 108 23 22
 109 53 77
 110 26 25
 111 112 113
 114 10 113
 12 113 10
 61 60 115
 103 81 116
 48 38 37
 86 35 34
 111 41 40
 117 44 43
 86 88 35
 48 37 20
 93 118 94
 76 116 81
 21 119 22
 120 121 122
 123 124 125
 18 20 37
 126 35 88
 7 127 17
 19 26 20
 65 107 106
 111 113 128
 129 100 130
 65 67 107
 70 131 67
 67 66 104
 132 112 40
 133 2 3
 4 134 5
 133 135 136
 54 20 60
 121 137 122
 123 125 138
 139 140 141
 142 143 34
 86 34 143
 27 104 66
 144 145 127
 17 127 145
 30 61 31
 30 74 61
 146 147 95
 94 146 95
 108 31 61
 148 149 82
 150 151 152
 65 90 64
 54 61 74
 14 16 153
 154 155 118
 4 118 155
 129 130 156
 14 76 81
 108 61 115
 24 157 25
 158 94 80
 159 98 90
 111 40 112
 158 146 94
 57 75 134
 160 161 162
 5 134 75
 163 164 165
 30 32 58
 103 56 81
 158 80 6
 166 42 44
 39 167 40
 68 138 125
 168 122 137
 169 16 69
 15 69 16
 170 171 172
 62 172 171
 63 28 173
 174 161 160
 50 175 101
 117 46 176
 177 176 46
 105 178 106
 30 58 73
 55 178 69
 147 113 112
 48 179 38
 93 38 179
 180 44 176
 99 130 100
 21 23 25
 110 25 23
 144 181 182
 183 182 181
 144 182 145
 177 145 182
 110 115 60
 184 69 178
 133 185 186
 133 186 2
 133 136 185
 120 122 43
 124 41 125
 144 136 135
 168 187 122
 47 122 187
 114 186 185
 158 2 186
 149 138 82
 150 152 137
 93 95 188
 62 171 63
 189 89 59
 117 176 44
 144 127 136
 57 73 58
 68 82 138
 168 137 152
 190 163 165
 191 192 193
 191 193 194
 68 125 11
 12 11 125
 12 128 113
 78 195 34
 79 38 196
 139 141 51
 99 101 197
 198 197 101
 139 29 140
 133 3 135
 169 160 1
 199 1 160
 103 200 96
 27 173 28
 177 46 145
 17 145 46
 177 182 201
 139 202 29
 105 131 203
 13 10 9
 55 106 178
 47 204 122
 12 125 128
 19 24 26
 164 119 165
 142 205 143
 114 206 186
 4 155 134
 158 186 146
 168 152 207
 132 95 112
 70 202 71
 139 51 71
 142 34 208
 93 188 38
 50 72 71
 209 203 131
 85 210 82
 151 211 152
 85 152 211
 148 82 210
 27 29 104
 169 1 16
 0 16 1
 42 120 43
 124 39 41
 212 97 96
 64 63 173
 65 213 90
 114 214 10
 7 10 214
 7 214 127
 136 127 214
 182 215 201
 7 9 10
 139 71 202
 109 83 53
 105 107 131
 183 215 182
 209 131 84
 93 179 118
 154 118 179
 180 176 216
 217 79 196
 78 218 195
 65 106 213
 85 83 152
 68 53 82
 198 87 143
 86 143 87
 62 98 172
 48 49 179
 154 179 49
 94 118 80
 70 84 131
 4 80 118
 159 90 213
 198 101 219
 47 46 204
 57 134 73
 117 204 46
 205 197 143
 209 84 220
 29 202 104
 221 84 72
 67 131 107
 14 153 6
 147 206 113
 114 113 206
 183 162 161
 158 6 222
 221 102 100
 15 81 56
 221 220 84
 50 101 102
 212 213 106
 50 52 175
 223 201 215
 177 216 176
 122 204 43
 125 41 128
 142 208 216
 180 216 208
 20 26 60
 110 60 26
 45 8 187
 142 216 224
 142 224 205
 101 175 219
 55 97 106
 212 106 97
 212 225 213
 34 195 208
 38 188 196
 212 226 225
 132 188 95
 198 143 197
 147 146 206
 186 206 146
 92 73 134
 108 115 23
 223 130 205
 99 205 130
 144 135 181
 126 33 35
 36 18 37
 92 134 155
 99 197 205
 177 201 216
 223 205 224
 55 56 97
 92 227 74
 54 74 227
 199 181 135
 190 165 228
 21 228 165
 91 219 175
 157 190 228
 151 194 211
 192 148 210
 70 104 202
 157 228 25
 47 187 8
 129 156 161
 183 161 156
 21 25 228
 0 153 16
 103 116 200
 189 200 116
 169 229 160
 174 160 229
 121 150 137
 149 123 138
 45 187 230
 184 231 229
 174 229 231
 147 112 95
 167 217 232
 218 166 233
 209 220 234
 21 165 119
 199 135 3
 111 128 41
 117 43 204
 209 234 231
 129 220 100
 221 100 220
 154 227 155
 13 9 77
 45 77 9
 217 196 232
 132 232 196
 218 233 195
 180 195 233
 169 69 229
 184 229 69
 92 155 227
 76 89 116
 158 222 2
 0 2 222
 212 96 226
 192 210 193
 194 193 211
 109 230 207
 199 162 181
 183 181 162
 110 23 115
 159 213 225
 183 156 215
 91 87 219
 198 219 87
 154 49 227
 199 3 1
 235 225 226
 159 236 98
 189 116 89
 168 230 187
 223 156 130
 166 44 233
 167 232 40
 109 207 83
 199 160 162
 50 102 72
 109 77 230
 45 230 77
 6 153 222
 54 227 49
 180 208 195
 132 196 188
 223 215 156
 114 185 214
 136 214 185
 132 40 232
 180 233 44
 85 193 210
 85 211 193
 221 72 102
 76 75 89
 184 178 203
 27 66 173
 64 173 66
 105 203 178
 129 161 234
 174 234 161
 129 234 220
 168 207 230
 216 201 224
 159 225 236
 0 222 153
 223 224 201
 235 236 225
 174 231 234
 57 89 75
 184 203 231
 152 83 207
 209 231 203
 0
 0
 0
 0
 0
 0
 0
 0
 0
 0
 0
 0
 0
 0
 0
 0
 0
 0
 0
 0
 0
 0
 0
 0
 0
 0
 7
 170 63 28 29 141 140 171
 6
 91 88 141 175 52 51
 0
 0
 0
 1
 164
 17
 108 235 170 189 58 164 22 172 59 31 200 32 226 96 98 119 236
