239 415
4.518532 9.039821 1
4.623083 9.182564 2
4.474886 9.182805 1
4.643481 9.022559 2
3.984750 9.683025 1
4.081141 9.703469 1
3.991364 9.808573 1
4.154042 9.791286 1
2.511587 9.677944 1
2.365838 9.722083 1
2.355013 9.581230 1
2.232544 9.342650 2
2.231482 9.477139 1
2.118436 9.423791 1
3.850071 9.739372 1
3.611111 10.000000 0
3.472222 10.000000 0
3.516792 9.854188 1
2.809457 9.542949 1
2.863925 9.418609 1
2.953662 9.542715 1
3.641623 9.892745 1
2.456092 9.784729 1
1.666667 10.000000 0
1.527778 10.000000 0
1.576167 9.835144 2
3.357792 9.078940 1
3.207491 9.144413 1
3.270567 9.026120 1
3.600476 8.706468 2
3.692692 8.572439 2
3.757893 8.727348 1
1.805556 10.000000 0
1.737316 9.870559 1
1.903461 9.864985 1
2.339659 9.421269 1
3.350409 9.182704 1
3.841172 8.600904 1
3.907595 8.740753 1
3.835572 8.882611 1
2.753611 9.666281 1
2.642692 9.569966 1
3.215754 9.288006 1
3.364952 9.339704 1
3.714597 9.291065 1
3.848248 9.314283 1
3.702993 9.434791 1
3.857107 9.455001 1
4.050963 8.481641 1
3.981994 8.390379 2
4.134202 8.347101 2
2.638889 10.000000 0
2.500000 10.000000 0
2.564223 9.843437 1
2.449164 9.443862 1
3.928511 9.222762 1
4.074122 9.245570 1
4.003203 9.356768 1
4.344721 9.139347 1
4.397971 9.039911 1
3.441815 8.638124 2
3.484770 8.751163 1
3.862267 9.882134 1
3.039750 9.448254 1
4.451516 9.419845 1
4.558940 9.462377 2
4.409207 9.553614 2
3.667729 8.858192 1
2.703299 9.902945 1
4.180976 9.319201 1
4.115375 9.448175 1
2.881615 9.660957 1
4.263486 9.510584 1
4.325822 9.399570 1
3.910711 9.593875 1
2.507870 9.539163 1
3.474867 9.459817 1
3.348336 9.496619 1
3.496610 9.345310 1
2.705582 9.795480 1
2.643671 9.691219 1
4.341845 9.257669 1
2.218618 9.697988 1
2.203887 9.583989 1
2.222222 10.000000 0
2.083333 10.000000 0
2.155257 9.869110 1
4.079746 9.898533 1
3.463461 9.594523 1
3.323871 9.619709 1
3.404548 9.731742 1
4.083990 8.923274 1
3.944699 8.990733 1
3.989815 8.849579 1
3.754241 9.597116 1
3.595502 9.551279 1
3.532054 9.698666 1
3.990979 9.487936 1
4.346334 9.701820 2
4.437894 9.836925 2
4.289364 9.844871 1
2.930575 9.774561 1
3.023593 9.671023 1
3.057844 9.830734 1
2.023131 9.905187 1
1.802797 9.755301 1
4.226120 9.176881 1
3.181200 9.641978 1
3.292801 9.734212 1
3.139652 9.752715 1
2.138381 9.518966 1
3.649877 9.659216 1
3.358270 9.867215 1
2.983458 9.338620 1
3.537035 9.225267 1
3.434815 9.243501 1
3.455557 9.105533 1
4.443876 8.669430 1
4.478090 8.516355 2
4.588533 8.601883 2
3.333333 10.000000 0
3.532003 8.938999 1
3.589677 9.086582 1
4.105875 9.132679 1
1.838712 9.384990 1
1.918479 9.271042 3
1.973748 9.426676 1
2.070018 9.313602 2
4.056133 9.035362 1
4.352052 8.542392 1
2.580719 9.428445 2
2.726588 9.342508 2
2.709552 9.461353 1
1.608491 9.667698 2
1.687356 9.755663 1
4.255176 8.445662 2
4.257246 8.596165 1
4.145428 8.562978 1
4.314149 8.687351 1
4.001079 8.619575 1
4.581558 8.759679 2
4.549316 8.906294 2
4.472039 8.800057 1
3.815947 9.000827 1
4.449424 9.311433 1
3.055556 10.000000 0
2.958133 9.896220 1
3.722469 9.726491 1
3.640723 8.979976 1
1.944444 10.000000 0
3.081324 9.268017 1
3.041671 9.147126 2
2.029161 9.791840 1
4.106539 8.681413 1
3.172261 8.877253 2
3.269875 8.919956 1
3.142503 9.012094 2
3.995246 9.121576 1
3.745319 9.851737 1
2.916667 10.000000 0
2.777778 10.000000 0
2.830021 9.875804 1
3.155647 9.894982 1
3.258701 8.765776 2
1.942917 9.574646 1
2.075941 9.644622 1
1.928411 9.705174 1
3.345575 8.847124 1
3.750000 10.000000 0
4.250460 8.816812 1
4.368865 8.786231 1
4.325902 8.925805 1
3.555865 8.817285 1
3.734553 8.954844 1
3.394715 8.972930 1
3.096404 9.548437 1
3.224978 9.529265 1
4.213342 9.427270 1
1.730980 9.435247 2
1.769831 9.294094 2
4.127783 8.810086 1
4.209990 8.931535 1
4.148323 8.448848 1
4.305555 10.000000 0
4.186213 9.892676 1
3.888889 10.000000 0
3.608349 9.325408 1
3.612837 9.785014 1
2.037016 9.517852 1
3.651424 9.198225 1
4.030770 8.744462 1
4.068501 9.585863 1
1.623189 9.519094 2
1.713748 9.647942 1
1.746946 9.550308 1
2.361111 10.000000 0
2.288904 9.895423 1
2.436661 9.892396 1
4.565258 9.317526 2
4.212398 8.713079 1
3.249555 9.409588 1
4.444445 10.000000 0
4.368891 9.918979 1
2.940107 9.226430 2
4.166667 10.000000 0
3.715698 8.424626 2
3.801892 8.497043 1
1.831896 9.622097 1
1.853158 9.498068 1
3.240989 9.832903 1
4.433757 8.899753 1
2.819856 9.758503 1
3.580338 9.431469 1
3.721320 9.071493 1
3.862135 9.102349 1
3.125162 9.365748 1
2.366446 9.811171 1
3.785517 9.194808 1
4.174572 9.047209 1
4.249196 9.746644 1
4.290026 9.051939 1
2.126009 9.752971 1
3.155239 9.457389 1
2.460074 9.329252 2
4.027778 10.000000 0
4.368837 8.434118 2
3.194444 10.000000 0
4.306518 9.603655 1
2.347884 9.312045 2
3.916076 8.502984 1
4.163507 9.540902 1
4.207045 9.648600 1
2.860039 9.305372 2
2.269420 9.791131 1
3.451617 8.848603 1
3.256537 9.919020 1
3.962588 9.923513 1
3.843820 8.384261 3
3.375226 8.749762 2
 0 1 2
 3 1 0
 4 5 6
 6 5 7
 8 9 10
 11 12 13
 14 4 6
 15 16 17
 18 19 20
 15 17 21
 8 22 9
 23 24 25
 26 27 28
 29 30 31
 32 33 34
 35 12 11
 36 27 26
 37 38 31
 39 31 38
 18 40 41
 37 31 30
 42 27 36
 42 36 43
 44 45 46
 47 46 45
 48 49 50
 51 52 53
 35 54 10
 55 56 57
 58 59 2
 60 29 61
 55 57 45
 47 45 57
 14 6 62
 20 19 63
 64 65 66
 59 0 2
 29 31 67
 51 53 68
 69 70 57
 18 20 71
 72 73 66
 14 74 4
 64 66 73
 8 10 75
 39 67 31
 76 77 43
 78 76 43
 79 53 80
 8 80 53
 69 81 73
 82 83 10
 84 85 86
 82 10 9
 7 87 6
 77 88 89
 90 89 88
 91 92 93
 39 93 92
 47 74 94
 95 96 88
 47 57 97
 98 99 100
 101 102 103
 14 94 74
 85 104 86
 105 34 33
 69 106 81
 107 108 109
 110 13 12
 95 111 96
 69 57 56
 16 112 17
 113 63 19
 114 115 116
 36 116 115
 41 40 80
 117 118 119
 107 89 108
 23 25 33
 16 120 112
 10 54 75
 69 56 106
 121 122 116
 123 106 56
 124 125 126
 127 126 125
 79 68 53
 91 128 92
 117 129 118
 35 10 12
 130 131 132
 133 134 25
 135 136 137
 117 138 129
 37 139 38
 136 129 138
 114 78 115
 8 75 41
 130 41 75
 140 141 142
 39 92 143
 2 81 58
 47 94 46
 2 144 81
 117 119 140
 145 146 103
 18 132 19
 10 83 12
 131 19 132
 14 147 94
 95 46 94
 121 148 122
 149 32 34
 42 150 27
 151 27 150
 152 86 104
 114 116 122
 153 139 137
 154 155 156
 28 156 155
 78 43 115
 39 38 93
 3 0 141
 48 137 139
 94 147 111
 103 102 109
 151 156 27
 55 157 56
 101 103 146
 14 62 158
 159 160 161
 145 103 162
 154 163 155
 164 165 166
 152 166 165
 167 155 163
 121 67 148
 168 158 62
 8 53 22
 169 170 171
 29 67 172
 121 172 67
 39 173 67
 105 166 34
 152 34 166
 135 129 136
 121 116 174
 107 175 176
 107 176 89
 69 73 177
 124 178 179
 47 97 74
 91 180 181
 169 181 180
 48 50 182
 135 182 50
 183 184 100
 185 168 62
 114 186 78
 187 21 17
 187 17 96
 90 96 17
 91 93 180
 126 13 188
 114 122 189
 153 190 139
 191 4 74
 133 192 193
 194 193 192
 28 27 156
 18 41 132
 127 13 126
 124 179 125
 8 41 80
 195 196 197
 2 1 198
 136 199 137
 153 137 199
 130 132 41
 93 190 180
 42 43 200
 191 74 97
 90 17 112
 95 94 111
 38 139 190
 201 202 99
 52 197 53
 113 203 150
 151 150 203
 145 159 146
 183 204 184
 30 205 206
 164 207 208
 32 23 33
 209 109 108
 168 21 158
 210 171 170
 36 26 116
 211 71 101
 40 71 211
 79 80 40
 95 76 212
 44 46 186
 84 86 196
 159 161 146
 213 143 214
 135 137 182
 29 172 61
 113 215 63
 64 198 65
 216 197 196
 213 214 217
 18 71 40
 91 181 218
 113 150 215
 98 100 219
 117 140 142
 81 106 58
 220 58 106
 44 189 217
 213 217 189
 91 218 128
 191 97 70
 57 70 97
 81 144 73
 64 73 144
 216 9 22
 152 221 86
 110 165 188
 168 15 21
 77 200 43
 95 88 76
 123 218 106
 220 106 218
 194 208 207
 2 198 144
 210 0 59
 44 217 45
 55 45 217
 222 176 175
 130 54 223
 204 224 87
 90 112 108
 101 146 161
 164 188 165
 36 115 43
 164 208 126
 124 126 208
 110 83 165
 105 134 193
 169 171 181
 105 193 207
 78 212 76
 118 129 225
 194 178 208
 124 208 178
 226 145 162
 90 88 96
 130 75 54
 77 89 176
 82 165 83
 110 188 13
 72 66 227
 35 11 228
 107 109 102
 194 192 178
 64 144 198
 210 141 0
 90 108 89
 35 223 54
 123 56 157
 48 139 229
 35 228 223
 7 100 184
 99 202 100
 183 100 202
 191 230 231
 7 219 100
 82 221 165
 152 165 221
 191 231 5
 25 134 33
 105 33 134
 209 108 112
 160 68 161
 79 161 68
 44 186 189
 114 189 186
 164 166 207
 98 227 66
 195 84 196
 113 232 203
 52 195 197
 77 76 88
 72 231 230
 210 142 141
 7 5 231
 98 231 227
 72 227 231
 164 126 188
 187 158 21
 187 96 111
 7 231 219
 98 219 231
 127 11 13
 86 221 233
 213 173 143
 187 147 158
 14 158 147
 37 30 206
 82 233 221
 46 212 186
 79 40 211
 167 234 174
 121 174 234
 107 102 175
 20 175 102
 113 19 232
 213 148 173
 210 59 171
 204 87 184
 103 109 162
 209 162 109
 79 211 161
 191 70 230
 69 177 70
 85 149 104
 95 212 46
 149 34 104
 101 161 211
 48 229 49
 160 51 68
 39 143 173
 152 104 34
 37 229 139
 167 174 155
 28 155 174
 42 200 215
 92 157 214
 101 71 102
 20 102 71
 222 215 200
 201 183 202
 169 138 170
 220 181 171
 120 226 235
 105 207 166
 55 214 157
 116 26 174
 169 180 199
 153 199 180
 117 142 170
 224 185 236
 169 199 138
 92 214 143
 38 190 93
 37 206 229
 213 122 148
 28 174 26
 220 218 181
 77 176 200
 220 59 58
 237 229 206
 222 200 176
 120 235 112
 191 5 4
 167 163 238
 213 189 122
 61 238 60
 131 232 19
 209 112 235
 6 87 236
 224 236 87
 48 182 137
 72 230 177
 70 177 230
 187 111 147
 123 128 218
 55 217 214
 222 63 215
 53 197 22
 216 22 197
 237 206 205
 135 225 129
 42 215 150
 167 238 234
 61 234 238
 61 172 234
 121 234 172
 7 184 87
 72 177 73
 86 233 196
 216 196 233
 110 12 83
 133 193 134
 92 128 157
 237 49 229
 194 207 193
 78 186 212
 67 173 148
 117 170 138
 153 180 190
 123 157 128
 6 236 62
 185 62 236
 222 175 63
 20 63 175
 210 170 142
 216 233 9
 82 9 233
 220 171 59
 209 235 162
 226 162 235
 136 138 199
 0
 0
 0
 0
 0
 0
 0
 0
 0
 0
 0
 0
 0
 0
 0
 0
 0
 0
 0
 0
 0
 0
 0
 0
 0
 16
 98 135 3 237 118 50 99 140 198 66 119 1 141 65 49 225
 19
 127 29 130 151 131 237 154 223 125 11 30 156 203 163 205 232 60 228 238
 0
 0
 0
 6
 133 25 125 192 178 179
 0
 0
