239 420
6.801157 9.515192 1
6.687997 9.444273 1
6.839583 9.404687 1
6.547130 9.231997 1
6.642835 9.095756 1
6.670410 9.223898 1
6.759707 9.315547 1
6.485560 9.116166 1
5.725996 8.491804 1
5.840215 8.416333 1
5.846289 8.591111 1
5.982413 8.487105 1
6.329707 9.377750 1
6.492596 9.347685 1
6.401016 9.473169 1
6.144520 8.261088 1
6.017505 8.310702 1
6.014330 8.187575 1
5.899400 8.271502 1
6.023907 9.579772 1
5.876548 9.535896 1
6.006768 9.473273 1
6.783435 9.018176 1
6.778850 9.177019 1
6.686429 8.234365 1
6.638235 8.363351 1
6.535256 8.299313 1
6.567698 8.175380 1
6.406180 9.252308 1
6.646036 8.522911 1
6.661362 8.674201 1
6.551526 8.651682 1
5.571858 7.994799 3
5.702821 7.933967 2
5.684880 8.078018 1
5.942748 9.666035 1
6.522646 8.522436 1
6.673309 9.597209 1
6.560266 9.486866 1
5.786549 8.751596 1
5.831116 8.859455 1
5.704263 8.908795 1
5.667077 8.750273 1
6.344052 9.144920 1
6.398485 9.020336 1
6.805555 10.000000 0
6.669086 9.877488 1
6.780723 9.831198 1
5.339095 9.054036 2
5.474401 8.974982 1
5.467297 9.110331 2
6.572844 8.041079 1
6.515550 7.910473 2
6.686428 7.967595 3
6.551444 8.971073 1
5.316194 8.940395 2
5.840853 8.968827 1
6.024354 9.014854 1
5.875474 9.096663 1
5.951161 8.879012 1
6.555438 9.633027 1
6.713991 8.770042 1
6.679886 8.911281 1
6.559259 8.790221 1
5.777870 9.287535 1
5.914904 9.298908 1
5.802255 9.410053 1
5.912392 9.415397 1
5.534955 8.410294 1
5.448535 8.493784 2
5.455002 8.323562 2
7.135184 9.459273 2
7.014851 9.497261 1
7.063276 9.350357 2
6.952539 9.398787 1
5.914955 8.744390 1
5.830169 8.029728 1
6.186282 9.712640 1
6.141191 9.618241 1
6.285971 9.581976 1
6.098043 7.995399 1
5.970793 8.053564 1
5.958368 7.915096 2
5.663185 8.228879 1
5.791213 8.162083 1
6.811966 9.642995 1
5.956855 8.621002 1
6.899935 9.120657 1
5.617157 9.754135 2
5.728519 9.697784 1
5.782080 9.823995 1
6.666667 10.000000 0
5.658605 9.881393 1
6.155670 9.054038 1
6.189645 8.950685 1
6.099037 8.875254 1
6.415514 8.787515 1
6.440328 8.675400 1
6.111039 8.111499 1
6.153409 9.522855 1
6.396385 8.457839 1
6.343915 8.611896 1
6.266117 8.525078 1
5.601561 9.025578 1
5.607803 9.159656 2
5.813758 7.908040 2
6.265505 9.053463 1
6.090784 7.860630 2
6.464293 9.583187 1
5.676312 9.257267 2
5.751612 9.154735 1
6.387387 8.152041 1
6.332718 8.297338 1
6.266655 8.219926 1
6.453265 8.234514 1
6.475371 8.127416 1
5.720436 8.623577 1
5.606541 8.533944 1
5.626382 8.655936 1
6.250000 10.000000 0
6.111111 10.000000 0
6.181142 9.858657 1
6.808378 8.875128 1
6.901810 8.967202 1
6.388434 9.671264 1
5.401987 8.855069 2
6.225852 8.136789 1
6.304467 8.089989 1
6.302894 9.706076 1
6.443992 8.575473 1
6.882627 9.886447 1
6.430508 8.018143 1
5.860522 9.198224 1
7.004992 9.053137 1
7.022418 9.191932 1
6.303124 8.424181 1
5.982752 9.153278 1
5.972222 10.000000 0
5.898700 9.885500 1
6.060734 9.888889 1
6.232851 8.354238 1
6.092814 8.423142 1
5.554943 8.137086 2
5.906887 8.149755 1
6.916779 9.288080 1
6.297576 8.948071 1
6.219924 8.820246 1
6.754989 8.622025 2
5.555555 10.000000 0
5.510119 9.866122 2
5.836073 9.651634 1
5.519876 8.638554 2
6.138964 8.533108 1
6.067565 8.626242 1
5.720968 9.035899 1
6.099948 9.147806 1
6.624095 9.338402 1
6.244683 9.457056 1
6.100932 9.407632 1
6.199639 9.344516 1
7.154130 9.733686 2
7.041790 9.729144 1
7.124003 9.594628 2
5.774346 8.272356 1
6.054611 9.284513 1
6.336432 8.839258 1
7.004952 9.625604 1
6.780162 8.311740 2
5.694445 10.000000 0
5.870399 9.754210 1
5.993177 9.780726 1
6.730762 8.424308 2
6.008992 8.708517 1
6.106747 8.749391 1
6.201482 8.650692 1
6.324863 8.732353 1
5.576140 8.729132 1
5.713191 8.365657 1
6.441116 8.889874 1
6.723753 9.719796 1
6.604926 9.764725 1
7.158516 9.235254 2
5.590402 8.831272 1
7.130146 9.110865 2
6.379520 7.921695 2
5.958299 8.386499 1
6.953569 9.795262 1
6.845856 9.760732 1
6.842145 8.742575 2
6.164565 9.233966 1
6.303110 9.885636 1
6.929001 8.841491 2
6.205282 8.463008 1
6.498373 9.849589 1
6.485882 9.713652 1
6.379928 9.784677 1
6.527778 10.000000 0
6.405153 9.898450 1
6.532987 8.414411 1
6.388889 10.000000 0
5.997921 9.375944 1
6.303704 7.978455 1
6.264444 9.787251 1
6.019511 8.795521 1
6.096767 9.787628 1
5.544349 8.245235 2
6.578643 9.915918 1
6.910433 9.478945 1
5.833333 10.000000 0
6.690825 8.109853 1
5.640282 9.603033 2
6.276409 9.249656 1
6.789530 8.518266 2
6.944445 10.000000 0
6.422322 8.355339 1
7.083333 10.000000 0
6.987856 9.906951 1
7.079720 9.858798 2
5.591185 8.333581 1
6.907895 9.580243 1
5.763889 9.924757 1
5.727032 9.496281 1
5.626346 9.486788 2
6.800545 8.175446 2
6.806640 8.055938 2
5.761691 9.596926 1
5.480383 8.766965 2
5.676509 9.380824 2
6.056384 9.693966 1
5.581451 8.925284 1
5.636427 8.427858 1
7.020594 8.927916 2
7.108465 9.000947 2
6.217739 9.146187 1
5.508369 8.877736 1
6.922500 9.688689 1
6.198315 7.931916 2
6.289138 7.868203 2
6.212695 8.034580 1
 0 1 2
 3 4 5
 1 6 2
 7 4 3
 8 9 10
 11 10 9
 12 13 14
 15 16 17
 18 17 16
 19 20 21
 22 23 4
 24 25 26
 24 26 27
 12 28 13
 29 30 31
 32 33 34
 19 35 20
 29 31 36
 1 37 38
 39 40 41
 42 39 41
 43 44 7
 45 46 47
 48 49 50
 51 52 53
 54 4 7
 48 55 49
 56 57 58
 56 59 57
 37 60 38
 43 7 28
 61 62 63
 64 65 66
 67 66 65
 68 69 70
 71 72 73
 67 21 20
 72 74 73
 39 10 75
 76 34 33
 61 63 30
 77 78 79
 80 81 82
 83 34 84
 1 0 37
 85 37 0
 10 86 75
 22 87 23
 88 89 90
 45 91 46
 88 90 92
 93 57 94
 95 94 57
 31 30 63
 54 63 62
 96 97 63
 31 63 97
 80 98 81
 54 7 44
 79 78 99
 100 101 102
 103 104 50
 17 81 98
 5 4 23
 76 105 82
 76 82 81
 43 106 44
 80 82 107
 108 79 14
 15 17 98
 64 109 110
 111 112 113
 27 114 115
 116 117 8
 118 117 116
 111 114 112
 119 120 121
 22 122 123
 108 124 79
 125 49 55
 126 127 113
 77 79 128
 100 129 101
 45 47 130
 51 131 52
 64 110 132
 133 134 87
 100 102 135
 136 65 132
 137 138 139
 127 111 113
 15 140 141
 136 58 57
 7 3 28
 83 142 34
 18 143 17
 111 115 114
 144 6 23
 15 141 16
 145 94 146
 144 23 87
 8 10 116
 29 147 30
 148 149 92
 15 98 126
 150 20 35
 151 117 118
 152 153 11
 141 152 11
 39 116 10
 54 62 4
 22 4 62
 110 104 154
 103 154 104
 95 146 94
 93 155 57
 1 38 156
 13 156 38
 79 157 14
 95 57 59
 76 84 34
 133 87 123
 22 123 87
 158 157 99
 56 58 154
 158 159 157
 160 161 162
 83 84 163
 110 154 58
 136 57 155
 136 164 65
 145 146 165
 166 162 161
 24 167 25
 168 148 92
 11 86 10
 15 126 113
 12 14 157
 90 89 169
 18 9 163
 39 42 116
 170 139 138
 13 38 14
 25 167 171
 172 153 173
 174 173 153
 136 132 58
 103 50 49
 172 75 86
 22 62 122
 174 101 175
 151 118 176
 150 169 89
 8 177 9
 26 114 27
 174 102 101
 118 116 42
 145 178 44
 32 34 142
 31 129 36
 47 46 179
 180 179 46
 144 134 73
 181 73 134
 182 42 41
 133 183 134
 31 97 129
 52 131 184
 95 173 146
 174 146 173
 145 44 106
 144 87 134
 136 155 164
 108 38 60
 174 175 146
 180 60 37
 11 9 185
 186 130 187
 111 127 131
 61 147 188
 189 159 164
 158 164 159
 54 178 63
 180 37 179
 85 179 37
 13 28 3
 119 121 190
 191 123 122
 192 141 140
 180 193 194
 195 194 193
 196 197 193
 110 109 104
 5 23 6
 47 187 130
 1 156 6
 5 6 156
 18 185 9
 9 177 163
 29 36 198
 29 198 25
 196 199 197
 145 165 178
 67 65 200
 120 139 121
 201 131 127
 77 202 121
 19 21 99
 158 99 21
 95 59 203
 77 121 204
 96 63 178
 76 33 105
 88 92 149
 64 132 65
 56 40 59
 144 2 6
 83 205 142
 111 131 115
 141 11 185
 16 141 185
 180 206 193
 199 119 190
 18 16 185
 100 198 36
 207 74 72
 54 44 178
 137 208 138
 24 27 209
 51 209 27
 120 137 139
 76 143 84
 56 41 40
 88 210 89
 76 81 143
 181 134 183
 189 164 155
 12 211 28
 29 212 147
 180 46 206
 79 124 128
 180 194 60
 213 45 130
 100 214 198
 61 30 147
 207 0 2
 215 216 217
 68 70 218
 12 159 211
 215 213 216
 70 205 218
 170 169 35
 207 219 0
 85 0 219
 83 163 177
 151 69 117
 51 115 131
 61 122 62
 160 217 161
 186 161 217
 208 220 138
 90 138 220
 56 154 41
 201 184 131
 195 193 197
 221 210 222
 24 209 223
 224 223 209
 221 225 210
 108 14 38
 224 209 53
 196 193 206
 151 176 226
 166 219 72
 144 73 74
 18 84 143
 64 66 227
 221 227 66
 43 28 211
 68 117 69
 170 35 228
 26 25 198
 11 153 86
 192 135 102
 17 143 81
 112 214 135
 51 53 209
 170 138 169
 90 169 138
 79 99 157
 186 217 216
 207 72 219
 199 190 197
 96 175 97
 101 97 175
 18 163 84
 5 156 3
 13 3 156
 91 196 206
 189 211 159
 103 41 154
 100 36 129
 51 27 115
 19 99 78
 182 41 229
 103 229 41
 68 230 117
 8 117 230
 29 25 171
 110 58 132
 195 124 194
 133 231 232
 208 168 220
 59 75 203
 172 203 75
 83 177 218
 12 157 159
 189 233 211
 125 226 234
 182 234 226
 186 235 161
 166 161 235
 61 188 122
 191 122 188
 221 66 20
 67 20 66
 77 128 202
 103 49 229
 133 123 231
 191 231 123
 96 178 165
 80 107 236
 64 227 109
 8 230 177
 100 135 214
 96 165 175
 146 175 165
 174 153 152
 186 187 235
 221 222 227
 24 223 167
 168 92 220
 90 220 92
 172 86 153
 108 60 194
 108 194 124
 43 211 233
 210 225 89
 195 197 190
 150 35 169
 182 226 176
 166 72 162
 71 162 72
 195 128 124
 125 234 49
 201 236 237
 26 198 214
 93 94 106
 145 106 94
 192 152 141
 195 190 202
 95 203 173
 91 206 46
 195 202 128
 150 89 225
 77 204 228
 121 202 190
 172 173 203
 186 216 130
 59 40 75
 39 75 40
 133 232 183
 201 237 184
 166 235 219
 213 130 216
 19 228 35
 112 135 140
 15 113 140
 112 140 113
 150 225 20
 80 238 98
 126 98 238
 47 179 187
 85 187 179
 101 129 97
 121 139 204
 170 204 139
 65 164 200
 158 200 164
 170 228 204
 144 74 2
 221 20 225
 93 233 155
 49 234 229
 207 2 74
 93 106 233
 189 155 233
 29 171 212
 192 102 152
 174 152 102
 19 78 228
 85 219 235
 77 228 78
 80 236 238
 201 238 236
 112 114 214
 43 233 106
 126 238 127
 201 127 238
 177 230 218
 118 42 176
 182 176 42
 26 214 114
 67 200 21
 158 21 200
 85 235 187
 83 218 205
 182 229 234
 192 140 135
 68 218 230
 0
 0
 0
 10
 32 82 52 33 53 107 236 237 105 184
 18
 71 160 181 224 191 147 73 217 183 188 162 53 223 231 167 212 232 171
 0
 0
 0
 0
 0
 0
 0
 0
 0
 0
 0
 0
 0
 0
 0
 0
 0
 0
 0
 0
 18
 151 32 125 88 48 50 210 149 104 226 227 142 70 69 109 55 205 222
 0
 0
 0
 0
 0
 0
 0
