244 420
2.266543 4.837543 1
2.354569 4.780239 1
2.362011 4.940258 1
2.475768 4.831185 1
1.447017 5.148707 1
1.284539 5.081104 1
1.429996 5.052123 1
1.372061 5.212504 1
1.534143 5.440955 3
1.605105 5.323936 1
1.696365 5.417908 2
1.625208 4.773975 1
1.634479 4.644356 1
1.755826 4.672694 1
1.747181 4.815470 1
2.628444 4.929286 1
2.494393 5.003564 1
0.635702 5.069196 1
0.478251 5.133544 2
0.559542 4.962142 2
1.127223 5.153876 2
1.141149 5.001644 1
1.845991 4.317462 1
1.710832 4.271868 1
1.848897 4.146701 1
1.372741 5.314714 2
1.516472 5.222009 1
1.473827 5.352179 2
0.869467 5.131529 1
0.769390 5.051095 1
0.900624 4.981236 1
2.848079 5.061532 1
2.716476 5.031258 1
2.764699 4.932348 1
2.881194 4.935314 1
2.461796 4.161706 1
2.524874 4.329898 1
2.368239 4.274683 1
3.406950 5.209372 2
3.306184 5.104462 1
3.421729 5.051481 2
1.972178 4.097893 1
1.844278 3.966350 2
1.948714 4.534981 1
1.952836 4.392175 1
2.077769 4.478052 1
3.213394 5.191581 1
3.298322 5.287309 1
1.011520 5.057606 1
2.677975 4.403424 2
2.632258 4.578031 1
2.560628 4.436356 1
0.676561 4.652657 2
0.832983 4.618250 2
0.782922 4.741789 1
2.748864 4.504391 2
2.218435 4.216924 1
2.195001 4.360684 1
2.319805 4.424444 1
2.288267 3.928280 1
2.194062 4.086891 1
2.123543 3.972538 1
2.162099 4.878536 1
2.217421 4.707479 1
1.554171 5.074500 1
1.484426 4.911976 1
1.708725 4.146117 1
2.076948 4.795655 1
2.681637 4.256405 2
3.001331 5.595352 1
3.073294 5.462520 1
3.104973 5.640267 2
3.036210 5.285058 1
3.164217 5.324009 1
2.639488 5.494450 1
2.767023 5.534519 1
2.638286 5.646004 2
2.791103 5.659033 2
2.328976 4.094757 1
3.285072 4.974949 2
2.362937 3.794144 1
2.445605 3.866630 1
2.582572 4.189142 2
0.634513 4.864355 1
0.533296 4.801731 3
1.025232 4.906744 1
1.173181 4.840536 1
1.287651 4.420591 2
1.435274 4.418665 2
1.373677 4.553658 1
2.438004 4.007002 1
2.578471 3.951762 2
2.883681 5.235128 1
2.739348 5.145971 1
2.747687 5.279744 1
2.054163 4.363466 1
2.211415 4.472812 1
1.246724 4.592386 1
2.559604 4.702583 1
2.620094 4.801671 1
2.369568 5.111186 1
2.405827 5.246504 1
2.282167 5.236704 1
1.981885 4.254064 1
2.723489 4.742270 1
2.249674 5.133719 1
2.958092 5.380297 1
2.499365 5.572994 2
2.526701 5.421016 1
0.798703 4.935954 1
2.056813 4.649498 1
2.264641 3.792607 2
3.133970 4.921449 2
3.283570 4.849749 3
1.541535 4.288084 2
1.557101 4.441323 1
2.614580 5.068915 1
1.153041 4.501813 2
0.589610 5.172690 2
1.305190 4.892964 1
1.246485 4.971503 1
2.958561 5.491240 1
1.649491 5.183521 1
1.997262 3.961263 1
1.106335 4.660254 1
1.050924 4.792417 1
0.961264 4.723523 1
0.967973 4.616813 2
0.890913 4.840916 1
2.162940 3.843647 2
3.182012 5.557523 1
2.170873 4.567527 1
1.666563 4.399127 1
2.293629 4.533353 1
2.364146 4.641335 1
1.511669 4.565185 1
1.487731 4.716579 1
1.620126 4.919281 1
1.745081 4.939768 1
2.556775 3.810593 2
1.592145 4.171113 2
1.690180 5.050747 1
1.852256 4.457335 1
3.189896 5.445690 1
2.042769 3.837402 1
2.540742 4.074995 2
1.246031 5.221209 2
1.823967 3.799310 3
1.935556 3.863652 1
1.914454 5.282464 1
2.052919 5.351081 2
1.933411 5.425395 2
1.678203 3.965249 2
1.757389 4.056217 1
1.939620 5.144183 1
1.848137 5.192117 1
1.825933 5.051859 1
2.468989 4.628735 1
2.523161 4.529856 1
2.142704 5.215140 1
2.197273 5.369653 2
1.949055 4.990519 1
2.078709 4.956062 1
2.046958 5.102517 1
2.843946 5.346820 1
2.019053 5.225721 1
2.118942 4.284904 1
1.230318 4.716856 1
1.336670 4.690624 1
3.102245 5.190632 1
3.193439 5.063548 1
2.442650 4.721149 1
1.758916 5.154770 1
2.525452 5.281466 1
2.634807 5.354449 1
1.963672 4.855675 1
2.093771 4.187382 1
3.077426 5.065394 1
2.976465 4.996763 1
2.980428 4.866797 2
2.161426 5.086014 1
2.191758 4.977833 1
2.523007 3.648184 3
2.451574 3.748473 1
1.376183 4.959968 1
1.289464 4.793635 1
1.738686 4.527773 1
1.624204 4.521267 1
2.373101 5.553058 2
2.411756 5.449990 1
2.776603 4.618862 1
2.085275 4.074595 1
2.849089 4.819247 1
2.946177 4.744067 2
0.718892 5.204931 2
2.264250 4.935091 1
2.900057 4.632640 2
2.862094 4.510117 2
0.989375 5.185784 2
0.838786 5.261732 2
2.839083 4.711417 1
2.440646 4.411197 1
2.626641 5.202529 1
2.717163 4.844965 1
3.251264 5.385256 1
3.381427 5.371530 1
3.278691 5.499142 1
1.768899 4.404296 1
3.409681 5.515831 3
2.986669 5.144243 1
3.046258 5.754431 2
2.916168 5.671409 2
1.032397 4.539159 2
1.762124 5.277796 1
1.837731 5.358323 1
2.327956 5.344021 1
2.304739 5.460426 2
2.438673 5.348428 1
1.812431 5.456323 2
1.845996 4.885234 1
2.506077 5.152360 1
3.510435 5.292639 2
3.519774 5.432137 3
2.364691 3.674391 2
1.866666 4.740505 1
2.274977 5.033824 1
0.657364 4.762203 2
1.424073 4.634500 1
1.401960 4.827195 1
2.081096 3.728491 2
0.738157 4.849654 1
2.885120 5.567744 1
1.980952 4.739970 1
1.847712 4.590309 1
1.516116 4.814785 1
3.338020 5.587583 2
3.243331 5.637528 2
2.401201 4.527609 1
2.755666 5.402276 1
1.961541 3.763787 2
1.940171 4.651053 1
2.874966 5.450286 1
0.689004 4.960452 1
1.632625 4.071932 2
 0 1 2
 1 3 2
 4 5 6
 7 5 4
 8 9 10
 11 12 13
 11 13 14
 3 15 16
 17 18 19
 20 21 5
 22 23 24
 25 26 27
 28 29 30
 7 26 25
 3 16 2
 31 32 33
 31 33 34
 35 36 37
 38 39 40
 41 24 42
 43 44 45
 46 39 47
 20 48 21
 49 50 51
 47 39 38
 52 53 54
 55 50 49
 56 37 57
 58 57 37
 59 60 61
 0 62 63
 64 6 65
 66 24 23
 63 62 67
 68 49 36
 69 70 71
 72 73 70
 74 75 76
 77 76 75
 56 78 37
 35 37 78
 79 40 39
 59 80 81
 35 82 36
 68 36 82
 83 19 84
 85 86 21
 87 88 89
 59 81 90
 91 90 81
 31 92 93
 94 93 92
 95 57 45
 57 96 45
 35 78 90
 9 27 26
 87 89 97
 3 98 99
 100 101 102
 22 24 103
 104 98 50
 3 99 15
 100 102 105
 72 70 106
 85 21 48
 74 107 108
 109 30 29
 67 110 63
 59 111 80
 79 112 113
 114 115 88
 116 15 32
 33 32 15
 87 97 117
 17 118 18
 119 120 86
 69 121 70
 64 122 26
 28 30 48
 41 42 123
 124 125 126
 59 78 60
 124 126 127
 54 126 128
 59 61 129
 74 76 107
 70 130 71
 131 63 110
 114 23 132
 131 133 63
 134 63 133
 135 12 136
 11 136 12
 11 14 137
 138 137 14
 114 132 115
 91 81 139
 114 140 23
 64 141 122
 43 142 44
 95 45 44
 70 73 143
 54 53 126
 144 61 123
 86 120 21
 35 90 145
 7 146 5
 20 5 146
 72 106 92
 147 148 42
 9 8 27
 149 150 151
 152 42 153
 154 155 156
 124 86 125
 144 129 61
 7 4 26
 157 158 50
 98 157 50
 158 51 50
 100 2 16
 159 160 150
 161 162 163
 92 106 164
 64 65 137
 159 150 165
 149 165 150
 95 103 166
 124 97 167
 168 167 97
 46 169 170
 3 171 98
 172 156 155
 168 97 89
 173 174 108
 74 108 174
 161 175 162
 85 125 86
 64 26 4
 103 176 166
 116 16 15
 67 162 175
 177 178 112
 179 112 178
 42 24 153
 180 162 181
 163 162 180
 64 4 6
 182 139 183
 124 167 86
 5 184 6
 119 86 185
 186 187 132
 104 99 98
 146 7 25
 188 189 107
 108 107 189
 85 128 125
 126 125 128
 41 103 24
 59 90 78
 104 50 190
 41 123 191
 41 176 103
 177 170 169
 179 192 193
 28 194 29
 17 29 194
 0 2 195
 196 190 197
 28 198 199
 59 129 111
 5 120 184
 161 154 156
 61 191 123
 9 26 122
 192 200 193
 135 89 88
 36 201 37
 94 174 202
 173 202 174
 33 15 203
 204 205 206
 186 132 207
 205 208 206
 159 165 163
 131 110 45
 43 45 110
 161 163 154
 31 178 209
 177 209 178
 31 93 32
 135 88 115
 66 23 140
 17 194 118
 69 210 211
 124 127 212
 213 214 10
 28 199 194
 215 216 160
 72 92 209
 172 122 141
 173 108 217
 55 197 190
 5 21 120
 218 10 214
 161 219 175
 204 143 73
 56 176 60
 161 156 219
 100 16 220
 31 209 92
 56 60 78
 173 101 220
 28 48 198
 20 198 48
 38 221 205
 222 205 221
 65 6 184
 223 182 183
 224 175 219
 196 193 200
 9 122 213
 46 170 39
 100 225 2
 9 213 10
 83 84 226
 168 89 227
 124 117 97
 168 136 228
 144 229 129
 163 165 154
 177 112 170
 79 170 112
 31 34 178
 65 184 228
 67 62 162
 223 80 111
 186 13 12
 100 220 101
 159 163 180
 94 92 164
 119 228 184
 95 44 103
 22 103 44
 54 128 230
 172 213 122
 58 37 201
 179 34 192
 77 75 231
 109 230 128
 42 148 123
 91 145 90
 224 14 13
 138 219 156
 67 175 232
 116 93 202
 94 202 93
 224 13 233
 70 143 130
 224 232 175
 85 48 30
 33 203 192
 104 192 203
 11 234 136
 0 63 1
 134 1 63
 77 231 211
 132 187 115
 235 236 206
 130 206 236
 119 184 120
 168 227 136
 116 220 16
 66 153 24
 135 187 12
 224 219 14
 134 237 157
 65 234 137
 135 136 227
 222 208 205
 74 238 75
 64 137 141
 138 141 137
 173 220 202
 74 174 238
 179 178 34
 11 137 234
 147 239 148
 215 102 101
 186 12 187
 58 96 57
 38 205 47
 204 47 205
 33 192 34
 224 233 240
 241 75 238
 159 105 102
 94 238 174
 134 133 237
 158 201 51
 172 155 213
 149 213 155
 56 57 166
 56 166 176
 46 47 73
 204 73 47
 131 45 96
 158 237 201
 43 233 142
 186 142 233
 67 232 110
 149 214 213
 100 105 225
 109 128 30
 85 30 128
 36 49 51
 241 164 106
 186 207 142
 159 180 105
 104 200 192
 149 151 214
 159 102 160
 55 190 50
 43 110 240
 235 206 208
 181 162 62
 22 44 142
 176 191 60
 41 191 176
 95 166 57
 79 39 170
 72 209 169
 116 202 220
 54 226 52
 109 29 242
 17 242 29
 149 154 165
 138 14 219
 130 236 71
 215 160 102
 144 123 148
 181 225 180
 105 180 225
 152 153 243
 66 243 153
 65 228 234
 158 157 237
 177 169 209
 81 183 139
 124 212 117
 58 133 96
 69 231 121
 94 164 238
 241 231 75
 116 32 93
 69 71 210
 135 115 187
 35 145 82
 58 237 133
 132 23 207
 22 207 23
 54 230 226
 83 226 230
 218 214 151
 149 155 154
 168 228 185
 15 99 203
 46 73 169
 72 169 73
 136 234 228
 186 233 13
 22 142 207
 86 167 185
 215 189 216
 109 242 230
 83 230 242
 61 60 191
 181 62 195
 135 227 89
 69 211 231
 215 101 217
 173 217 101
 215 217 189
 17 19 242
 83 242 19
 66 140 243
 110 232 240
 119 185 228
 241 238 164
 168 185 167
 131 96 133
 172 141 156
 138 156 141
 0 195 62
 36 51 201
 224 240 232
 98 171 157
 134 171 1
 126 53 127
 134 157 171
 241 121 231
 241 106 121
 196 200 190
 104 190 200
 58 201 237
 43 240 233
 188 216 189
 144 239 229
 144 148 239
 104 203 99
 70 121 106
 130 143 206
 204 206 143
 3 1 171
 108 189 217
 2 225 195
 181 195 225
 81 80 183
 223 183 80
 0
 0
 0
 0
 0
 0
 0
 0
 0
 0
 0
 0
 0
 0
 0
 0
 14
 91 179 68 55 196 182 112 49 193 139 145 82 113 197
 6
 38 79 222 40 221 113
 0
 0
 0
 7
 223 147 182 111 129 229 239
 0
 15
 152 87 114 147 42 88 84 212 53 226 243 140 117 52 127
 2
 222 208
 0
 0
 0
 17
 235 188 77 218 150 76 107 160 151 210 208 216 8 211 71 10 236
 0
 0
 12
 20 18 194 27 146 84 198 199 19 8 118 25
 0
