275 488
9.189115 7.268899 1
9.026397 7.154194 1
9.203280 7.127573 1
9.066470 7.300193 1
9.238634 6.557529 1
9.209997 6.687902 1
9.073569 6.634866 1
9.437507 7.231271 1
9.319554 7.073822 1
9.461488 7.110020 1
9.295344 7.235176 1
8.860770 7.173469 1
8.949093 7.276841 1
8.787069 7.324305 2
9.128688 6.469355 1
8.627259 5.314714 1
8.528218 5.353157 1
8.491294 5.224998 3
9.130545 5.131914 1
9.106349 4.979466 2
9.232071 5.051641 2
8.627939 5.212504 2
9.218946 7.016593 1
9.114326 7.037601 1
9.116414 6.888556 1
8.599419 6.770926 1
8.634856 6.903939 2
8.467883 6.821981 2
9.782336 6.375421 1
9.714513 6.491006 1
9.647049 6.309723 1
8.889911 6.068428 1
8.876207 5.943291 1
9.011252 6.006241 1
9.449766 6.670732 1
9.491693 6.805404 1
9.328373 6.770059 1
9.516789 5.717927 1
9.396482 5.642149 1
9.580210 5.622232 1
9.512300 5.505040 1
9.573372 6.456118 1
9.475797 6.554090 1
9.598319 6.671058 1
10.000000 6.805555 0
9.831214 6.780807 1
9.877488 6.669086 1
8.998612 6.515900 1
9.510895 6.232086 1
9.597271 6.130297 1
9.711719 6.175150 1
9.758457 7.177536 1
9.807975 7.302424 1
9.676048 7.282984 1
9.026536 5.614038 1
9.006129 5.434222 1
9.121614 5.499931 1
9.441229 7.448674 1
9.530840 7.331017 1
9.560238 7.471699 1
9.642888 7.392735 1
9.421269 7.660341 1
9.493247 7.573498 1
9.560072 7.710315 2
8.909194 7.389845 2
9.389372 6.885819 1
9.276552 6.921955 1
9.633027 6.555438 1
9.600762 7.588399 1
8.893339 5.523998 1
9.389235 6.324122 1
9.279037 6.403996 1
9.273932 6.211929 1
9.151763 6.320628 1
9.381773 7.344525 1
9.875747 7.204134 1
9.239473 5.574383 1
9.357913 5.466718 1
8.397983 5.325667 2
8.747341 7.151793 1
8.993132 6.994118 1
9.166834 6.086993 1
9.019207 6.168121 1
10.000000 7.638889 0
10.000000 7.777778 0
9.844862 7.724136 2
9.905751 7.569445 1
9.740313 5.638144 1
9.818915 5.770711 1
9.723989 5.769244 1
8.735496 6.378618 1
8.753009 6.218511 1
8.849186 6.340629 1
8.799455 6.008124 1
9.042658 7.419219 1
9.039663 7.817400 2
9.148010 7.811317 1
9.130144 7.937394 3
10.000000 6.666667 0
8.608825 5.841091 1
8.750695 5.904475 1
8.598965 5.957848 2
9.878208 5.660171 1
8.868824 6.204435 1
9.364298 5.069196 2
9.521749 5.133544 2
9.405770 5.171740 1
8.746495 5.791094 1
8.929633 6.639293 1
8.847431 6.494970 1
8.786765 6.643507 1
9.629246 5.391258 2
9.743815 5.500126 2
9.643438 5.532288 1
8.990396 5.045081 2
8.641073 7.230170 3
8.660903 7.060245 2
8.648005 5.639409 1
8.803871 5.700864 1
8.645694 5.751071 1
9.643176 6.816199 1
9.038133 5.778345 1
8.926873 5.746908 1
9.407954 6.992599 1
9.443776 5.274645 1
9.352675 5.348751 1
9.293259 5.209572 1
8.960310 5.866012 1
9.599318 7.152754 1
8.948379 6.302454 1
8.703649 6.529664 1
9.035880 6.385995 1
9.507947 6.351065 1
9.136582 5.963425 1
9.259523 5.967681 1
9.387253 6.096727 1
9.282792 6.069672 1
8.873552 5.163724 2
9.017595 5.197884 1
8.943007 5.300575 1
9.305101 5.776990 1
9.427407 5.788477 1
9.403490 6.204954 1
9.206174 6.801451 1
10.000000 7.361111 0
9.884402 7.430390 1
9.916790 7.300453 1
8.480675 5.451016 2
8.699404 6.020217 1
9.143147 5.736123 1
9.791536 7.574777 1
9.752471 7.414346 1
9.680796 7.517345 1
9.184378 5.857446 1
10.000000 6.111111 0
10.000000 6.250000 0
9.862522 6.180937 1
9.060925 5.898763 1
8.508942 5.730789 2
8.491449 5.882424 2
8.893772 5.636862 1
8.600173 6.425545 2
10.000000 7.500000 0
9.238060 5.686774 1
8.851854 7.031663 1
8.795938 5.589827 1
8.834460 5.291018 1
9.886647 6.882835 1
9.153767 5.622250 1
8.747673 7.001902 1
8.875700 6.782248 1
9.000566 6.760541 1
8.784682 6.896964 1
8.725403 6.775643 1
9.336540 5.877294 1
10.000000 5.972222 0
9.890016 6.067082 1
9.884097 5.897996 1
10.000000 7.083333 0
9.858798 7.079720 1
9.697448 7.657166 2
10.000000 7.222222 0
9.476225 5.378482 1
8.877501 5.404268 1
8.761273 5.468201 1
8.984689 6.868281 1
9.255507 7.360882 1
10.000000 5.555555 0
9.862366 5.518735 2
9.240016 5.359257 1
8.901613 6.914772 1
9.624385 7.011266 1
9.720688 7.050440 1
8.626511 5.438052 1
8.739789 5.350778 1
9.647109 5.717340 1
9.346112 6.510459 1
9.334600 6.631521 1
9.084099 7.575365 1
9.182749 7.480721 1
9.200134 7.619064 1
9.557239 5.283425 2
9.218525 5.468232 1
10.000000 5.694445 0
8.737043 5.234947 1
8.709617 5.112521 2
9.786703 5.994103 1
8.547714 5.569932 2
8.971289 7.542330 2
9.161214 5.261732 1
9.048803 5.312334 1
9.461425 7.753967 1
8.648626 6.277834 2
8.675888 5.541084 1
9.428583 6.433308 1
9.476728 6.925831 1
9.764725 6.604926 1
9.719796 6.723753 1
8.516747 6.686068 1
8.661390 6.660290 1
9.230308 7.740407 1
9.360974 7.795764 2
9.225966 7.866392 2
9.775592 6.264836 1
9.279855 7.560593 1
9.121345 6.754663 1
8.581032 6.579071 2
9.139549 6.204449 1
9.797285 6.954320 1
9.755142 6.843324 1
9.885636 6.303110 1
8.936102 6.409224 1
9.854586 6.498920 1
10.000000 6.527778 0
9.898450 6.405153 1
8.390642 6.695442 2
8.781055 6.104211 1
9.544719 5.824807 1
9.655012 5.846220 1
10.000000 6.388889 0
9.789057 6.096117 1
8.896052 7.641379 2
9.003117 7.679253 1
8.920702 7.770984 2
9.058955 6.276330 1
8.933039 7.088361 1
8.554075 6.198953 2
8.668210 6.148387 1
9.915918 6.578643 1
10.000000 5.833333 0
9.309827 7.662305 1
9.319504 7.459493 1
9.113971 7.694994 1
9.524220 7.030573 1
10.000000 6.944445 0
9.147300 7.365983 1
9.906357 6.987324 1
9.132717 5.389285 1
9.577426 6.911754 1
9.503384 7.849445 2
9.924757 5.763889 1
9.367978 5.986574 1
9.758597 5.873807 1
8.573090 6.070598 2
9.377488 7.560817 1
8.845331 5.824608 1
9.495859 6.116432 1
9.674578 5.954826 1
9.565812 5.926412 1
8.450120 6.602623 2
9.458397 5.899045 1
9.592882 6.025506 1
9.483365 6.009024 1
9.685886 6.927042 1
9.694324 6.063309 1
 0 1 2
 3 1 0
 4 5 6
 7 8 9
 10 8 7
 11 12 13
 14 4 6
 15 16 17
 18 19 20
 21 15 17
 22 23 24
 25 26 27
 28 29 30
 31 32 33
 34 35 36
 37 38 39
 40 39 38
 41 30 29
 34 42 43
 44 45 46
 47 14 6
 48 49 30
 49 50 30
 51 52 53
 54 55 56
 57 58 59
 60 59 58
 61 62 63
 64 13 12
 36 35 65
 66 22 24
 43 42 67
 68 63 62
 54 69 55
 70 71 72
 73 72 71
 2 8 10
 57 74 58
 51 75 52
 76 77 38
 40 38 77
 78 17 16
 11 13 79
 2 1 23
 80 23 1
 81 82 33
 83 84 85
 83 85 86
 87 88 89
 90 91 92
 31 93 32
 64 12 94
 3 94 12
 95 96 97
 98 44 46
 99 100 101
 87 102 88
 91 103 92
 104 105 106
 107 100 99
 47 108 109
 110 109 108
 111 112 113
 18 114 19
 115 116 79
 117 118 119
 34 43 35
 120 35 43
 54 121 122
 66 65 123
 124 125 126
 66 123 8
 32 127 33
 58 7 128
 31 82 103
 129 103 82
 90 109 130
 60 58 53
 47 131 14
 73 14 131
 9 128 7
 70 48 132
 81 133 134
 135 72 136
 137 138 139
 140 38 141
 135 142 72
 81 134 136
 107 119 118
 66 143 36
 144 145 146
 78 16 147
 148 101 100
 54 149 121
 150 151 145
 150 152 151
 140 153 149
 150 86 85
 154 155 156
 66 24 143
 157 33 127
 158 99 159
 54 122 160
 124 126 106
 90 130 161
 144 162 145
 140 163 38
 70 142 48
 40 111 113
 11 79 164
 165 118 117
 137 139 166
 44 167 45
 76 168 56
 164 79 169
 73 71 14
 110 108 170
 171 170 108
 172 26 173
 140 174 153
 175 176 177
 178 75 179
 150 85 180
 178 181 75
 115 79 13
 110 130 109
 40 182 111
 183 69 184
 54 56 168
 81 33 133
 171 185 170
 134 153 174
 31 33 82
 2 10 0
 186 0 10
 187 102 188
 165 184 69
 189 126 125
 170 185 190
 52 151 53
 87 39 113
 191 192 128
 193 15 194
 158 119 99
 25 173 26
 87 195 39
 149 153 121
 157 121 153
 37 141 38
 196 42 197
 34 197 42
 58 74 7
 107 99 119
 51 128 192
 80 24 23
 198 199 200
 124 105 201
 140 149 163
 54 168 149
 186 10 74
 193 16 15
 52 146 145
 76 56 202
 76 38 163
 18 20 126
 104 126 20
 187 203 102
 137 204 205
 183 194 166
 14 71 4
 196 4 71
 206 177 176
 34 36 197
 5 197 36
 40 77 182
 60 53 151
 158 207 117
 64 94 208
 87 89 195
 18 209 138
 210 138 209
 61 63 211
 90 161 212
 5 36 143
 117 207 213
 213 207 193
 41 214 132
 183 184 194
 41 42 214
 215 65 35
 48 30 132
 216 46 217
 45 217 46
 158 117 119
 193 194 184
 81 136 72
 58 128 53
 104 106 126
 25 218 219
 90 92 109
 220 221 222
 28 30 223
 18 126 209
 189 209 126
 224 200 199
 76 202 77
 189 77 202
 66 36 65
 171 24 185
 41 67 42
 216 43 67
 225 24 171
 90 212 91
 70 72 142
 226 161 130
 50 223 30
 3 12 1
 137 114 138
 18 138 114
 137 166 204
 11 1 12
 116 26 169
 81 72 227
 73 227 72
 228 229 167
 124 106 105
 165 117 213
 80 185 24
 216 217 43
 120 43 217
 189 125 77
 193 147 16
 155 230 156
 47 109 231
 216 29 232
 28 232 29
 233 232 234
 235 218 27
 25 27 218
 172 190 164
 172 173 170
 171 108 6
 31 103 236
 91 236 103
 2 22 8
 116 169 79
 37 195 237
 238 237 195
 172 170 190
 51 179 75
 70 214 71
 196 71 214
 47 6 108
 239 233 234
 41 132 30
 45 167 229
 154 156 176
 50 156 223
 50 240 156
 110 219 130
 81 227 82
 80 164 190
 241 242 243
 129 82 244
 11 245 1
 226 219 218
 87 188 102
 51 53 128
 80 1 245
 246 247 212
 198 242 208
 216 232 248
 134 133 153
 155 239 230
 91 212 247
 198 94 199
 110 170 173
 66 8 22
 249 175 177
 175 154 176
 61 221 250
 220 250 221
 186 251 199
 68 180 63
 157 133 33
 224 199 251
 215 123 65
 9 8 123
 21 205 204
 198 252 242
 198 200 252
 172 169 26
 99 101 159
 25 219 173
 191 128 253
 77 125 182
 216 248 46
 216 67 29
 124 201 182
 111 182 201
 172 164 169
 226 130 219
 44 254 167
 150 145 86
 162 86 145
 94 255 199
 124 182 125
 80 245 164
 109 92 231
 51 192 179
 228 179 192
 210 139 138
 178 179 256
 194 15 204
 11 164 245
 210 257 55
 56 55 257
 215 258 253
 5 225 6
 259 221 211
 254 178 256
 183 55 69
 68 59 152
 120 258 35
 215 35 258
 97 96 222
 9 253 128
 21 204 15
 2 23 22
 193 207 147
 24 225 143
 88 260 177
 249 177 260
 54 160 69
 28 234 232
 52 145 151
 68 152 180
 150 180 152
 60 152 59
 61 211 221
 233 248 232
 162 83 86
 10 7 74
 198 208 94
 40 113 39
 194 204 166
 5 143 225
 135 136 261
 191 253 258
 47 231 131
 87 112 188
 37 39 195
 206 262 177
 88 177 262
 157 153 133
 241 208 242
 228 256 179
 239 234 230
 148 247 263
 134 261 136
 31 236 93
 171 6 225
 80 190 185
 233 98 248
 95 243 242
 129 131 231
 57 264 251
 122 265 118
 57 62 264
 110 173 219
 165 69 160
 196 214 42
 186 74 251
 60 151 152
 181 144 146
 87 113 112
 70 132 214
 259 211 63
 57 251 74
 156 230 223
 28 223 230
 203 249 260
 129 244 131
 73 131 244
 68 62 59
 48 142 266
 135 266 142
 246 263 247
 183 166 139
 238 267 268
 226 218 269
 37 237 141
 270 141 237
 271 266 272
 238 195 89
 3 255 94
 95 252 96
 220 96 252
 95 242 252
 148 236 247
 148 263 101
 191 273 192
 228 192 273
 271 49 266
 88 102 260
 203 260 102
 41 29 67
 210 55 139
 183 139 55
 122 118 160
 28 230 234
 228 273 229
 129 92 103
 57 59 62
 271 274 49
 50 49 274
 215 253 123
 3 0 255
 186 255 0
 107 118 265
 220 252 200
 206 267 262
 56 257 202
 189 202 257
 98 46 248
 5 4 197
 196 197 4
 206 274 267
 82 227 244
 73 244 227
 165 213 184
 193 184 213
 228 167 256
 50 274 240
 181 146 75
 61 250 264
 224 264 250
 235 269 218
 271 268 267
 210 209 257
 189 257 209
 76 163 168
 149 168 163
 224 251 264
 61 264 62
 238 262 267
 52 75 146
 238 268 237
 140 141 174
 191 258 273
 254 256 167
 270 174 141
 220 222 96
 120 217 229
 45 229 217
 120 273 258
 107 265 100
 32 100 265
 271 267 274
 186 199 255
 135 261 272
 157 127 121
 122 121 127
 270 268 272
 271 272 268
 238 89 262
 88 262 89
 270 272 261
 129 231 92
 165 160 118
 206 176 240
 9 123 253
 156 240 176
 270 261 174
 91 247 236
 220 200 250
 224 250 200
 206 240 274
 135 272 266
 134 174 261
 148 93 236
 122 127 265
 32 265 127
 270 237 268
 148 100 93
 32 93 100
 48 266 49
 120 229 273
 7
 259 97 85 221 63 180 222
 0
 8
 64 95 115 241 97 13 208 243
 0
 0
 18
 235 115 78 158 246 226 116 17 161 27 263 207 26 159 212 147 101 269
 0
 0
 0
 0
 0
 0
 0
 0
 13
 104 137 21 111 105 17 114 205 188 20 201 19 112
 0
 0
 0
 0
 0
 0
 0
 0
 0
 0
 0
 0
 0
