270 477
1.305696 7.883720 1
1.208009 7.992225 1
1.205268 7.860732 1
0.586217 8.671837 1
0.717139 8.653090 1
0.688054 8.781419 2
0.510559 7.108503 1
0.395163 7.165545 1
0.409375 7.016966 1
0.559112 6.615945 1
0.663739 6.708256 1
0.514937 6.747599 1
0.302012 7.781382 1
0.448479 7.727332 1
0.365202 7.918355 1
0.518228 7.867599 1
1.353558 7.981986 1
0.000000 8.472222 0
0.000000 8.333333 0
0.166292 8.423943 1
0.206973 7.973966 1
0.290860 8.070413 1
1.499858 7.947772 2
1.398136 7.838314 1
0.000000 8.194445 0
0.133506 8.090914 1
0.127202 8.260216 1
1.085593 8.281207 1
1.211066 8.256941 1
1.196026 8.392241 1
0.577212 8.273679 1
0.521991 8.149955 1
0.693256 8.164474 1
0.812300 7.631135 1
0.853759 7.789952 1
0.733534 7.748320 1
0.540023 7.005441 1
0.304373 6.188498 1
0.458075 6.124873 2
0.439970 6.285912 1
0.000000 6.805555 0
0.124206 6.674959 1
0.168758 6.780949 1
0.000000 8.611111 0
0.099357 8.541667 1
0.149972 8.713051 1
0.354021 7.393651 1
0.435442 7.313666 1
0.446700 7.459182 1
0.000000 9.166667 0
0.123921 9.056075 1
0.118748 9.221499 2
0.738248 7.897949 1
0.613699 7.946341 1
0.604607 7.778429 1
0.402159 6.651262 1
0.624954 8.078673 1
0.210358 8.569089 1
0.309136 8.508445 1
0.578731 7.660341 1
0.515410 7.559653 1
0.400869 7.591715 1
0.339019 8.387820 1
0.758679 8.431259 1
0.733248 8.305851 1
0.866699 8.310026 1
0.267082 8.277399 1
0.413076 8.244780 1
1.317680 8.269543 1
1.451239 8.326179 2
1.309117 8.378160 1
1.066928 8.429412 1
0.849315 6.312347 1
0.956951 6.196434 3
0.972829 6.363189 2
1.398905 8.200853 2
0.607504 6.824253 1
0.247466 7.171700 1
0.311634 7.287780 1
0.190436 7.302215 1
1.500886 7.797293 2
0.950514 7.675474 1
0.124253 7.204134 1
0.616477 8.393044 1
0.473950 8.361743 1
0.858725 8.722531 2
0.795406 8.565123 1
0.908448 8.586155 1
0.000000 8.750000 0
0.883070 7.929007 1
0.997349 7.815324 1
1.146914 7.747867 1
1.091823 7.907299 1
1.258960 7.182138 2
1.125977 7.093374 1
1.247292 7.029595 2
0.546415 8.787341 1
1.402143 8.440618 3
1.118547 7.236432 1
1.287874 8.131318 1
0.864869 8.475965 1
0.555792 6.480118 1
0.661663 6.433148 1
0.692328 6.567451 1
0.000000 7.777778 0
0.000000 7.638889 0
0.155138 7.724136 1
0.553257 7.346814 1
0.094249 7.569445 1
0.526764 8.467170 1
0.596528 6.329490 1
0.575201 6.206668 1
0.293526 8.784400 1
0.441780 8.860373 1
0.333250 8.930343 1
0.506783 7.991428 1
0.323862 6.067037 2
0.000000 6.666667 0
1.126392 6.947610 1
0.987395 6.885596 1
1.114545 6.819599 1
1.015840 6.738435 1
0.283384 7.047626 1
0.751689 6.471792 1
0.465655 6.555604 1
0.886363 6.750875 1
0.414963 8.071552 1
0.225961 8.181989 1
0.211318 9.131266 1
0.294735 9.054495 1
0.369858 9.189230 2
1.266389 7.642892 1
1.177508 7.507638 1
1.326424 7.547935 1
0.322388 8.169227 1
1.071089 8.570249 2
0.990099 8.657994 2
0.983326 8.514839 1
0.371069 6.795438 1
1.283737 7.430814 1
1.204557 7.331199 1
0.435687 8.704444 1
0.235199 7.868153 1
1.051147 8.044083 1
1.144988 8.142914 1
0.981902 8.191603 1
0.732483 6.352259 1
0.721417 6.205487 1
0.997649 7.156612 1
0.906328 7.288684 1
0.844803 7.132699 1
0.739847 7.167933 1
0.668488 7.268610 1
0.630688 7.118028 1
1.090806 7.389845 1
0.795127 8.045098 1
0.229289 9.240767 2
0.191008 8.946526 1
0.270356 6.722905 1
0.241087 6.594317 1
0.756333 7.376606 1
0.669728 7.526626 1
0.642332 7.395194 1
0.695885 8.017605 1
0.840212 6.200315 1
0.832334 8.181274 1
0.532266 7.220194 1
0.563854 7.457312 1
0.000000 7.361111 0
0.081500 7.298603 1
0.115371 7.430360 1
1.390459 7.691524 2
0.636902 8.530614 1
0.208464 7.574777 1
0.250566 7.417533 1
0.323471 7.516419 1
0.362887 6.551648 1
0.814496 7.491768 1
0.000000 7.500000 0
0.493726 8.971506 2
0.404042 9.048648 1
0.481959 6.387649 1
0.311214 6.299680 1
0.113225 6.883154 1
0.000000 7.083333 0
0.141202 7.079720 1
0.390550 8.588207 1
0.499662 8.572626 1
0.790186 7.268943 1
0.303171 7.658401 1
0.000000 7.222222 0
0.000000 8.055555 0
0.598355 8.906145 2
0.957793 6.520961 1
1.070850 6.471199 2
1.155098 7.636156 1
0.984513 8.316355 1
0.929986 7.017158 1
0.862778 6.878037 1
0.804398 6.970953 1
0.115023 7.874085 1
0.833166 6.086993 2
0.000000 9.027778 0
0.996799 7.950277 1
0.930958 7.556477 1
0.664117 6.992033 1
0.692460 6.894339 1
0.768840 6.814992 1
0.799684 6.671224 1
0.323504 6.922027 1
0.479855 6.892079 1
0.736771 7.076329 1
1.040813 7.011794 1
0.299041 8.656504 1
1.334587 7.310613 2
0.920541 7.459746 1
1.396366 7.460019 3
1.021153 7.292825 1
0.683349 7.644981 1
1.288095 7.776429 1
0.849335 6.431480 1
0.213930 8.846450 1
1.429399 8.087277 2
0.831033 6.551325 1
0.953595 8.408203 1
1.236438 6.883706 2
0.717251 6.064655 2
0.605128 6.093863 2
0.000000 7.916667 0
0.106092 8.849491 1
1.181810 8.551363 2
0.352246 6.389323 1
0.000000 6.250000 0
0.144028 6.180555 2
0.114363 6.303110 1
0.215323 6.379928 1
0.286639 6.485198 1
0.145565 6.498655 1
0.000000 6.527778 0
0.101550 6.405153 1
0.201777 6.955204 1
0.241448 6.843279 1
1.451279 7.567094 2
0.000000 6.388889 0
0.220797 6.099459 2
0.217860 6.270355 1
0.000000 9.305555 0
1.164663 6.531327 2
1.205009 6.635832 2
1.071071 6.610753 1
1.128930 6.714970 1
0.923397 8.056890 1
0.000000 8.888889 0
0.084081 6.578643 1
1.049190 7.700259 1
0.935367 6.645044 1
0.418895 6.471860 1
0.480838 9.114609 2
0.000000 6.944445 0
0.093535 6.987447 1
1.226046 6.755610 2
1.031805 7.484908 1
1.056095 7.595831 1
0.418376 8.475342 1
0.981706 7.387838 1
0.857799 7.383876 1
0.092829 7.983811 1
0.575413 6.917888 1
0.084204 8.953752 1
1.305023 8.488237 2
 0 1 2
 3 4 5
 6 7 8
 9 10 11
 12 13 14
 15 14 13
 16 1 0
 17 18 19
 20 14 21
 22 16 23
 24 25 26
 27 28 29
 30 31 32
 33 34 35
 6 8 36
 37 38 39
 40 41 42
 43 44 45
 46 47 48
 49 50 51
 52 53 54
 9 11 55
 56 32 31
 57 19 58
 59 13 60
 61 60 13
 62 58 19
 63 64 65
 62 66 67
 68 69 70
 27 29 71
 72 73 74
 68 75 69
 76 11 10
 77 78 79
 22 23 80
 33 81 34
 77 79 82
 30 83 84
 85 86 87
 88 43 45
 52 34 89
 90 91 92
 2 92 91
 93 94 95
 3 5 96
 97 70 69
 85 4 86
 93 98 94
 99 1 16
 63 65 100
 101 102 103
 52 54 35
 104 105 106
 47 107 48
 105 108 106
 109 84 83
 110 39 111
 112 113 114
 99 68 28
 85 5 4
 56 31 115
 52 35 34
 37 116 38
 46 78 47
 40 117 41
 118 119 120
 121 120 119
 8 7 122
 123 103 102
 9 55 124
 121 119 125
 126 21 14
 127 26 25
 128 129 130
 131 132 133
 67 66 134
 135 136 137
 138 55 11
 9 101 103
 57 45 44
 128 51 50
 139 132 140
 57 44 19
 112 141 113
 87 137 136
 20 142 14
 143 144 145
 27 145 144
 72 146 147
 148 149 150
 151 152 153
 17 19 44
 18 26 19
 29 28 70
 154 140 132
 52 89 155
 128 130 156
 157 129 50
 90 89 34
 138 158 55
 159 55 158
 160 161 162
 155 32 163
 77 122 7
 72 147 164
 165 145 65
 152 166 153
 59 60 161
 167 161 60
 168 169 170
 126 115 31
 23 171 80
 3 172 4
 173 170 174
 62 19 66
 173 174 175
 159 176 55
 160 177 161
 173 106 108
 178 168 170
 30 67 31
 30 84 67
 179 180 114
 113 179 114
 126 31 67
 110 181 39
 62 67 84
 37 39 182
 99 28 144
 40 42 183
 184 185 82
 99 75 68
 186 187 141
 3 141 187
 149 188 150
 12 106 189
 173 189 106
 190 184 82
 85 87 136
 126 67 134
 15 54 53
 68 70 28
 24 191 25
 192 113 96
 193 74 194
 165 32 155
 128 50 129
 131 195 132
 145 196 65
 192 179 113
 93 140 98
 63 86 172
 56 163 32
 119 197 198
 199 198 197
 4 172 86
 104 106 200
 30 32 64
 201 73 164
 72 164 73
 39 38 111
 167 48 107
 118 95 94
 192 96 5
 49 202 50
 59 54 13
 90 203 89
 33 177 204
 148 94 98
 199 205 206
 76 10 207
 208 207 10
 8 209 210
 138 210 209
 15 13 54
 199 211 205
 139 133 132
 79 170 169
 160 152 188
 151 188 152
 118 212 119
 143 1 144
 199 197 150
 110 147 146
 30 64 83
 180 130 129
 12 142 106
 12 189 13
 61 13 189
 57 213 45
 112 45 213
 93 214 140
 90 34 81
 20 21 25
 127 25 21
 215 204 177
 167 162 161
 139 214 216
 127 134 66
 199 150 211
 208 125 207
 143 92 1
 148 217 149
 42 41 158
 159 158 41
 33 35 218
 131 219 91
 2 91 219
 72 220 146
 123 146 220
 112 114 221
 47 78 7
 165 65 64
 99 16 222
 123 223 103
 224 100 65
 63 83 64
 118 225 95
 22 222 16
 201 147 226
 227 226 147
 99 144 1
 228 104 200
 201 164 147
 88 45 229
 227 147 111
 110 111 147
 33 218 161
 199 206 207
 138 11 210
 29 230 71
 135 71 230
 33 161 177
 165 64 32
 119 198 125
 39 181 231
 59 161 218
 148 98 217
 232 233 234
 199 207 198
 235 236 237
 159 237 236
 238 239 237
 240 183 241
 148 212 94
 18 24 26
 106 142 200
 193 220 74
 76 207 206
 2 1 92
 3 187 172
 242 171 133
 77 82 185
 12 14 142
 154 98 140
 76 210 11
 238 243 239
 157 114 129
 79 78 174
 148 197 212
 112 221 45
 233 244 37
 245 233 37
 205 153 36
 6 36 153
 246 49 51
 42 241 183
 56 115 53
 247 248 249
 131 133 171
 15 115 14
 126 14 115
 249 248 250
 77 7 78
 46 174 78
 27 71 196
 160 162 152
 112 213 141
 186 141 213
 139 140 214
 89 251 155
 47 7 166
 6 166 7
 208 103 223
 252 88 229
 165 251 145
 159 253 237
 243 232 234
 154 217 98
 57 58 213
 186 213 58
 165 155 251
 151 150 188
 113 141 96
 224 196 71
 3 96 141
 90 92 203
 6 153 166
 131 91 195
 240 122 185
 77 185 122
 90 254 91
 63 172 83
 208 255 125
 59 218 54
 35 54 218
 256 231 181
 8 210 36
 180 257 130
 143 145 251
 23 16 0
 123 220 223
 110 101 181
 89 203 251
 27 144 28
 27 196 145
 159 41 253
 39 231 182
 159 236 176
 256 101 124
 9 124 101
 19 26 66
 127 66 26
 208 223 255
 23 219 171
 131 171 219
 258 40 183
 173 108 170
 178 170 108
 148 150 197
 119 212 197
 184 259 185
 45 221 229
 118 120 225
 260 225 120
 99 222 75
 157 221 114
 227 111 38
 33 204 81
 180 179 257
 143 251 203
 109 83 172
 184 258 259
 61 175 48
 126 134 21
 193 194 249
 247 249 194
 43 17 44
 109 172 187
 154 132 261
 262 261 132
 235 237 239
 256 181 101
 110 102 101
 79 174 170
 173 175 189
 61 189 175
 52 155 163
 46 48 175
 109 263 84
 62 84 263
 238 237 253
 149 264 265
 9 103 10
 208 10 103
 105 178 108
 118 94 212
 228 200 266
 20 266 200
 76 267 210
 191 228 266
 151 211 150
 262 132 195
 191 266 25
 193 249 255
 121 255 249
 20 25 266
 207 125 198
 240 185 259
 243 234 239
 135 137 71
 224 71 137
 117 238 253
 121 125 255
 72 74 220
 143 203 92
 180 129 114
 202 252 268
 46 175 174
 168 190 169
 235 231 236
 262 81 204
 20 200 142
 128 156 51
 61 48 60
 224 65 196
 37 182 245
 215 265 264
 260 120 250
 121 250 120
 193 223 220
 90 81 254
 186 263 187
 149 217 264
 160 188 265
 149 265 188
 252 229 268
 157 268 229
 262 254 81
 121 249 250
 193 255 223
 256 236 231
 109 187 263
 15 53 115
 235 239 234
 87 100 137
 242 133 216
 256 176 236
 167 60 48
 29 269 230
 235 182 231
 235 234 245
 240 241 209
 240 209 122
 8 122 209
 205 211 153
 160 265 177
 215 177 265
 117 253 41
 235 245 182
 262 195 254
 91 254 195
 127 21 134
 233 245 234
 23 0 219
 2 219 0
 186 58 263
 240 259 183
 190 82 169
 224 137 100
 139 216 133
 202 268 50
 52 163 53
 62 263 58
 56 53 163
 42 158 241
 138 241 158
 79 169 82
 262 204 261
 157 229 221
 258 183 259
 29 70 269
 97 269 70
 157 50 268
 215 261 204
 151 153 211
 110 146 102
 123 102 146
 205 267 206
 76 206 267
 87 86 100
 256 124 176
 55 176 124
 47 166 107
 152 107 166
 205 36 267
 210 267 36
 37 244 116
 260 250 248
 154 264 217
 154 261 264
 215 264 261
 138 209 241
 63 100 86
 152 162 107
 167 107 162
 0
 0
 0
 0
 0
 0
 0
 0
 8
 227 201 73 233 38 226 244 116
 11
 247 93 260 73 95 214 225 194 74 216 248
 0
 13
 135 97 85 192 5 130 51 136 269 230 179 156 257
 0
 9
 97 22 242 222 171 69 216 75 80
 0
 0
 0
 0
 0
 0
 0
 0
 0
 0
 0
 0
 0
 0
