283 501
3.232097 6.046488 1
3.313665 6.154677 1
3.153175 6.102249 1
3.173663 6.202900 1
3.309231 5.982487 1
3.141533 5.941434 2
3.291459 5.875754 1
4.623034 6.302894 2
4.483908 6.449684 2
4.452465 6.301439 1
3.642383 7.890832 1
3.511250 7.910295 2
3.556786 7.772664 1
3.421979 7.817657 1
4.410115 6.599568 1
4.332772 6.515707 1
4.330570 6.401648 1
3.828752 6.011590 1
3.775733 5.907977 1
3.940711 5.922763 1
3.720820 6.912322 1
3.724187 6.781441 1
3.827966 6.839842 1
3.906242 5.805687 1
4.550435 6.184982 1
4.682370 6.145089 1
4.738197 6.044947 2
4.770121 6.206210 2
3.623137 6.846333 1
3.481136 6.425205 1
3.351527 6.339208 1
3.475854 6.270106 1
3.711240 7.702978 1
3.753700 7.593210 1
3.852340 7.744352 1
3.880420 7.593835 1
4.209164 6.676344 1
4.083702 6.608777 1
4.210244 6.520789 1
4.047033 6.461767 1
4.176283 7.510770 1
4.021476 7.534031 1
4.107207 7.367772 1
3.968200 7.421478 1
3.598216 6.522669 1
3.456605 6.579809 1
3.615132 6.728545 1
4.007149 7.706590 1
3.052152 6.061598 2
3.629506 5.674319 1
3.675593 5.526574 2
3.741936 5.683527 1
3.789196 5.580353 1
3.301613 6.552069 1
3.350997 6.695115 1
3.245531 7.230278 1
3.155838 7.313945 2
3.091022 7.181091 2
3.131414 6.406967 1
2.996739 6.405838 3
3.095015 6.292739 1
2.974875 6.266385 2
3.589037 5.975732 1
3.508303 6.124942 1
3.423122 6.009644 1
3.945071 5.537083 2
3.889776 5.689489 1
3.447616 5.752425 1
3.519192 5.612889 1
3.560547 5.764571 1
3.046258 5.754431 2
3.203882 5.822182 1
3.621964 6.380307 1
3.617217 6.218404 1
3.892871 7.484823 1
4.374683 7.131568 1
4.237511 7.038578 1
4.349758 7.017886 1
4.218152 7.147321 1
3.199978 6.629252 1
3.777973 6.416477 1
3.922608 6.355734 1
3.912579 6.474751 1
4.566793 6.573065 2
4.145229 7.234875 1
4.059261 7.122772 1
4.595613 8.187726 3
4.448827 8.208036 2
4.511151 8.049745 2
3.510746 5.861794 1
3.652773 5.830866 1
4.059628 6.004992 1
3.938392 6.086611 1
3.369663 6.458298 1
3.927176 6.221677 1
3.770183 6.156655 1
3.510660 7.636990 1
3.447775 7.505364 1
3.627092 7.551364 1
3.559541 7.424548 1
4.534422 7.490746 1
4.536436 7.376394 1
4.672927 7.475581 2
4.652640 7.350923 2
3.222589 6.303521 1
3.714106 6.028776 1
3.818583 5.480961 3
4.576108 7.607667 2
4.386937 7.957093 1
4.280149 8.028477 1
4.251044 7.871155 1
4.121198 7.040025 1
3.416707 5.654121 1
3.519774 5.432137 2
3.819483 6.289340 1
3.572550 6.630432 1
3.721129 6.618779 1
4.168963 6.230496 1
4.053305 6.149411 1
4.156271 6.085233 1
4.261810 6.154975 1
3.720242 7.024384 1
3.818640 6.978978 1
3.808242 7.139900 1
4.050350 6.303873 1
3.224849 6.748847 1
3.710642 6.294157 1
4.468042 7.715165 1
4.502781 7.876628 2
4.367325 7.805503 1
4.584562 7.758676 2
4.387048 8.081140 1
3.387095 5.854040 1
3.635663 6.101223 1
3.758244 7.836802 1
4.153456 7.978736 1
4.177986 8.088549 1
4.026791 8.054142 1
3.481774 7.339940 1
3.377903 7.389180 1
4.581967 7.159510 2
4.698600 7.260993 2
4.564543 7.276639 1
4.417337 6.191537 1
4.420889 5.943147 1
4.356926 6.065837 1
4.294610 5.933435 1
3.910329 7.913257 1
4.106899 8.169879 2
4.607901 5.981206 1
4.605456 6.088699 1
3.277380 6.882189 2
3.118363 6.849500 2
3.919438 7.045442 1
4.308178 8.162348 2
4.193398 8.227467 2
3.219912 7.099728 2
4.045402 7.234003 1
3.764626 7.978360 2
3.798507 5.780425 1
4.303561 6.275100 1
3.838081 6.567790 1
3.384366 7.927693 2
3.246407 7.816896 2
4.142662 7.770654 1
4.062350 7.835704 1
3.185332 5.716519 1
3.064560 6.175085 1
2.938483 6.124635 2
3.603015 8.014289 2
3.963344 8.167383 2
4.252996 7.294376 1
4.354853 7.244166 1
3.538919 6.806466 1
3.826000 6.707777 1
3.064626 6.488285 2
3.349836 7.708594 1
3.969505 6.572711 1
4.031507 7.932813 1
4.187191 6.370886 1
3.953669 7.810437 1
4.246490 6.045128 1
3.668547 7.791031 1
3.755050 7.484173 1
3.678781 7.358489 1
3.839210 7.390600 1
3.572624 7.136677 1
3.620426 6.995499 1
3.674249 7.116525 1
3.315720 5.737246 1
3.512885 7.022688 1
3.924407 6.778689 1
3.918741 6.904608 1
3.706648 6.508783 1
4.498084 6.058089 1
4.231218 7.410373 1
4.380692 6.783002 1
4.327588 6.682076 1
4.485376 6.682701 1
4.282556 6.957081 1
4.143545 6.940578 1
4.203537 6.832942 1
4.446509 7.322335 1
4.440694 7.457618 1
4.701678 5.877624 3
4.347909 7.403681 1
4.102388 6.731255 1
4.042965 6.835967 1
3.919992 8.025494 1
3.914390 6.657681 1
3.414002 6.824035 1
3.397062 6.972573 1
3.578867 7.278636 1
4.291726 6.598414 1
4.350440 5.843766 2
4.478020 5.792209 2
4.543251 6.941085 2
4.476462 7.048297 1
4.404589 6.915154 1
3.770442 7.300319 1
4.251238 7.728322 1
3.704860 7.213806 1
3.874635 7.269837 1
3.823353 8.107009 3
4.141549 7.641022 1
3.971478 7.312364 1
4.361379 7.659491 1
4.454059 7.580986 1
3.205936 7.420095 1
3.182489 7.548820 2
3.067519 7.422348 2
4.212558 5.854231 1
4.248597 5.748077 2
4.038553 5.658641 2
3.409681 5.515831 2
3.338020 5.587583 1
4.357193 7.543555 1
3.263058 7.656786 2
3.090335 6.712043 2
3.440204 7.103339 1
3.340920 7.072015 1
4.140000 7.877362 1
4.504460 6.802976 1
3.943378 7.179153 1
4.598559 5.847157 2
4.526024 5.917530 1
4.309435 6.850822 1
3.603919 7.676636 1
4.008707 5.781964 1
3.305654 7.465668 1
4.001836 6.698579 1
4.286083 6.765038 1
4.595124 6.705735 1
4.651010 6.849020 3
3.350084 7.183947 1
3.075473 6.590240 2
4.022027 6.978586 1
3.320114 7.573364 1
3.277499 6.994697 2
3.243331 5.637528 1
3.278691 5.499142 2
3.182012 5.557523 3
3.467101 7.227109 1
3.316807 6.787547 1
4.464261 7.193318 1
3.170548 6.517179 1
3.481405 6.723879 1
4.689008 6.623161 2
4.258708 7.599420 1
4.085330 5.881739 1
4.598866 7.059680 2
3.652785 7.454267 1
4.712487 6.733693 2
4.123805 5.761951 2
3.256470 6.430376 1
3.366880 7.285813 1
3.278885 7.344421 1
3.451642 7.720843 1
3.104973 5.640267 2
4.274262 7.493560 1
4.168519 5.965186 1
3.519023 6.909560 1
3.408854 7.624741 1
 0 1 2
 1 3 2
 4 0 5
 6 4 5
 7 8 9
 10 11 12
 13 12 11
 14 15 8
 16 8 15
 17 18 19
 20 21 22
 19 18 23
 7 9 24
 25 26 27
 28 21 20
 29 30 31
 1 31 30
 32 33 34
 34 33 35
 36 37 38
 39 38 37
 40 41 42
 43 42 41
 29 44 45
 46 21 28
 47 35 41
 48 5 2
 49 50 51
 52 51 50
 53 45 54
 5 0 2
 55 56 57
 58 59 60
 61 60 59
 62 63 64
 65 66 52
 67 68 69
 5 70 71
 1 64 63
 29 31 72
 73 72 31
 35 74 41
 75 76 77
 75 78 76
 53 54 79
 80 81 82
 14 8 83
 78 84 85
 86 87 88
 62 89 90
 91 92 19
 1 4 64
 53 93 45
 29 45 93
 94 95 92
 17 92 95
 49 69 68
 62 90 18
 96 97 98
 99 98 97
 1 0 4
 100 101 102
 103 102 101
 39 82 81
 17 19 92
 1 30 104
 62 18 105
 65 52 106
 1 104 3
 47 34 35
 100 102 107
 108 109 110
 111 78 85
 67 112 68
 49 68 50
 113 50 68
 80 114 81
 46 115 116
 94 114 95
 1 63 31
 117 118 119
 117 119 120
 16 9 8
 121 122 123
 94 118 124
 117 124 118
 125 79 54
 73 95 126
 90 89 69
 127 128 129
 127 130 128
 88 87 131
 64 4 132
 73 133 95
 7 25 27
 32 34 134
 108 128 88
 135 136 137
 138 99 97
 139 138 97
 140 141 142
 143 24 9
 144 145 146
 147 134 34
 148 137 136
 149 26 150
 25 150 26
 125 151 152
 64 132 89
 29 93 30
 17 95 105
 39 81 124
 135 110 109
 62 64 89
 153 123 122
 154 155 136
 55 57 156
 29 72 44
 157 85 84
 147 158 134
 159 23 18
 52 50 106
 46 116 21
 116 115 44
 49 51 90
 159 90 51
 143 120 145
 143 160 120
 80 82 161
 13 162 163
 47 164 165
 166 71 70
 48 167 168
 6 132 4
 10 158 169
 148 170 137
 171 78 172
 75 172 78
 46 28 173
 116 161 174
 58 175 59
 43 41 74
 108 110 129
 13 163 176
 73 31 63
 91 118 92
 6 5 71
 62 133 63
 7 24 25
 39 177 82
 154 136 109
 135 137 178
 16 179 160
 95 114 126
 159 51 66
 47 165 180
 181 146 145
 32 134 182
 183 184 185
 186 187 188
 6 71 189
 190 187 186
 147 180 178
 117 160 179
 52 66 51
 22 191 192
 171 42 84
 44 72 193
 39 124 179
 117 179 124
 165 178 180
 144 194 145
 171 195 42
 80 161 193
 196 197 198
 199 200 201
 202 101 203
 16 38 179
 149 204 26
 80 193 72
 39 37 177
 202 203 205
 36 201 206
 207 206 201
 47 180 34
 147 178 208
 39 179 38
 209 174 161
 210 211 151
 199 77 76
 121 123 188
 137 208 178
 94 92 118
 147 34 180
 99 212 184
 6 189 132
 10 134 158
 36 38 213
 202 205 172
 171 172 205
 22 174 191
 95 133 105
 116 44 193
 144 214 215
 216 217 218
 184 219 185
 220 129 110
 116 174 21
 36 206 37
 220 110 164
 14 83 198
 108 88 131
 221 123 219
 222 219 123
 143 194 24
 157 84 42
 223 208 170
 137 170 208
 47 224 164
 157 42 225
 43 225 42
 223 158 208
 147 208 158
 127 226 227
 228 229 230
 40 224 41
 47 41 224
 16 160 9
 143 9 160
 231 232 214
 65 233 66
 234 112 235
 61 168 167
 68 112 234
 45 44 115
 236 227 226
 163 237 176
 217 77 218
 125 152 238
 40 42 195
 43 185 225
 222 225 185
 190 239 211
 240 211 239
 113 68 234
 110 241 164
 221 184 212
 159 18 90
 32 98 33
 196 242 218
 216 218 242
 127 107 130
 222 243 225
 149 244 204
 16 15 38
 148 136 155
 199 76 200
 149 194 245
 144 245 194
 199 201 246
 32 247 98
 157 225 243
 196 198 242
 248 66 233
 94 81 114
 221 212 186
 139 97 249
 207 191 250
 49 90 69
 207 250 206
 36 251 201
 252 253 242
 216 242 253
 125 238 79
 55 156 254
 240 254 156
 14 198 197
 35 33 183
 74 35 183
 255 79 238
 166 189 71
 80 72 126
 207 201 200
 67 69 89
 159 66 23
 80 126 114
 111 76 78
 154 131 87
 153 256 85
 127 129 226
 220 226 129
 171 84 78
 257 229 249
 149 245 244
 91 119 118
 103 142 141
 144 215 245
 94 124 81
 257 249 97
 151 211 258
 248 23 66
 228 249 229
 108 129 128
 235 259 260
 261 260 259
 231 214 146
 99 138 212
 221 188 123
 262 186 212
 125 263 151
 207 200 256
 207 192 191
 140 264 217
 75 217 264
 207 256 192
 17 105 18
 210 151 263
 262 239 186
 190 186 239
 53 79 265
 252 198 83
 183 33 98
 116 193 161
 45 266 54
 210 54 266
 108 131 109
 154 109 131
 252 83 267
 40 268 224
 13 11 162
 248 269 19
 91 19 269
 73 63 133
 62 105 133
 143 145 194
 220 224 268
 10 169 11
 73 126 72
 153 85 243
 22 192 122
 96 98 247
 222 123 243
 194 150 24
 67 132 189
 171 205 195
 216 270 217
 221 219 184
 99 184 271
 252 272 253
 248 233 273
 183 271 184
 53 265 274
 235 260 234
 153 122 192
 55 275 276
 96 12 277
 13 277 12
 55 254 275
 111 256 200
 257 237 229
 153 243 123
 149 150 194
 240 258 211
 183 98 271
 210 263 54
 153 192 256
 100 203 101
 99 271 98
 117 120 160
 58 104 274
 30 274 104
 181 145 120
 236 226 268
 127 227 107
 10 12 182
 261 259 278
 166 278 259
 236 279 205
 125 54 263
 181 120 119
 220 164 224
 96 247 12
 236 205 203
 121 188 187
 231 146 280
 181 280 146
 240 156 258
 111 85 256
 221 186 188
 231 273 232
 45 115 266
 46 266 115
 235 112 189
 67 189 112
 255 265 79
 135 109 136
 190 281 187
 166 70 278
 28 187 281
 67 89 132
 190 211 281
 111 200 76
 22 21 174
 257 97 282
 96 282 97
 58 265 175
 210 281 211
 262 254 239
 240 239 254
 257 282 176
 13 176 277
 210 266 173
 257 176 237
 228 230 56
 91 269 280
 231 280 269
 135 241 110
 220 268 226
 14 197 213
 100 107 227
 262 212 138
 14 213 15
 252 242 198
 10 182 134
 231 269 273
 235 189 259
 183 185 74
 139 249 276
 228 276 249
 166 259 189
 37 250 177
 210 173 281
 248 19 23
 91 280 119
 228 56 276
 55 276 56
 209 191 174
 75 77 217
 222 185 219
 140 217 270
 32 182 247
 12 247 182
 25 24 150
 58 274 265
 209 177 250
 248 273 269
 40 279 268
 199 218 77
 53 274 93
 30 93 274
 43 74 185
 37 206 250
 82 177 161
 209 161 177
 236 268 279
 22 122 20
 209 250 191
 252 267 272
 202 142 101
 46 173 266
 3 60 167
 61 167 60
 135 178 241
 165 241 178
 144 146 214
 202 172 264
 75 264 172
 205 279 195
 121 20 122
 165 164 241
 157 243 85
 58 60 104
 3 104 60
 262 138 275
 139 275 138
 103 101 142
 199 246 218
 196 218 246
 181 119 280
 202 264 142
 36 197 251
 28 281 173
 121 187 20
 28 20 187
 215 244 245
 255 175 265
 139 276 275
 262 275 254
 36 213 197
 140 142 264
 40 195 279
 196 251 197
 236 203 227
 100 227 203
 38 15 213
 3 167 2
 48 2 167
 96 277 282
 176 282 277
 201 251 246
 196 246 251
 0
 0
 0
 9
 7 8 26 204 253 83 267 272 27
 12
 140 86 216 103 88 102 253 107 128 130 270 141
 0
 0
 0
 0
 8
 48 61 59 5 261 168 70 278
 7
 154 86 223 148 87 170 155
 0
 0
 19
 255 223 57 59 163 158 151 152 11 238 229 156 230 56 162 169 258 237 175
 0
 0
 0
 0
 0
 9
 65 215 204 233 232 273 214 106 244
 0
 0
 0
 0
 6
 113 50 261 234 260 106
 0
 0
 0
