280 494
4.197526 1.870366 1
4.205878 1.765920 1
4.353964 1.802044 1
4.266956 1.957000 2
4.508610 1.716591 1
4.403931 1.670555 1
4.564542 1.598689 1
4.428215 1.553005 1
3.475663 0.888661 1
3.630861 0.810948 1
3.620797 0.962889 1
4.309810 1.458320 1
4.284656 1.344871 1
4.423867 1.436994 1
3.850509 0.260440 1
3.979503 0.179251 1
4.005759 0.298898 1
3.526508 0.747543 1
2.646301 0.922937 2
2.670109 0.789847 1
2.774578 0.915790 1
2.809502 0.795452 1
3.339667 0.912487 1
3.270177 0.973470 1
3.207373 0.855838 1
2.810024 0.456545 1
2.953604 0.456908 1
2.865226 0.576531 1
3.472222 0.000000 0
3.611111 0.000000 0
3.516792 0.145812 1
3.641623 0.107255 1
4.264837 0.506349 1
4.212965 0.369220 1
4.362883 0.430394 1
4.346334 0.298179 1
4.131754 0.207418 1
3.350452 0.817033 1
4.436863 1.321819 1
4.995296 0.236381 1
5.156919 0.196422 2
5.078186 0.341365 2
4.296433 1.636482 1
3.828493 1.142571 1
3.683397 1.093184 1
3.767156 0.999493 1
4.504739 0.855871 1
4.639683 0.942703 1
4.530584 1.020250 1
4.992430 0.434300 1
5.133544 0.478251 2
4.961960 0.559769 2
2.581689 0.570891 2
2.727676 0.657350 1
2.592718 0.699527 1
4.651967 1.116920 1
3.903397 1.006895 1
2.650289 0.424858 2
2.789191 0.325970 1
4.198955 1.500195 1
3.215673 0.712031 1
3.849503 1.421999 1
3.747811 1.581453 2
3.698988 1.429815 2
4.903107 0.343548 1
3.351627 0.668842 1
3.714597 0.708935 1
3.702993 0.565209 1
3.848248 0.685716 1
3.848161 0.545098 1
4.178657 1.655982 1
4.864355 0.634513 1
4.799226 0.536415 1
2.523767 0.807827 1
3.327806 1.347803 1
3.391597 1.254465 1
3.469650 1.397828 2
3.500594 1.253994 1
4.888039 0.454218 1
4.773951 1.017079 2
3.969128 1.361352 1
3.956628 1.481164 1
3.021576 1.079524 1
3.150005 1.136741 1
3.024085 1.210747 2
3.136336 1.263274 1
3.039363 0.550608 1
3.862222 0.115869 1
4.266639 1.208421 1
4.162879 1.264773 1
4.154629 1.098465 1
3.522048 1.072109 1
2.638889 0.000000 0
2.705536 0.097139 1
2.580803 0.155104 2
4.540506 1.857687 3
4.072998 1.832016 1
4.070199 1.692867 1
3.981842 1.107964 1
4.033360 0.990844 1
4.630215 0.814108 1
3.911410 0.404852 1
4.191768 0.738060 1
4.064754 0.862926 1
4.016786 0.705493 1
2.897116 0.362254 1
4.034224 1.931055 1
3.923554 1.853063 2
4.330723 0.835721 1
4.198482 0.880987 1
3.695457 1.200774 1
4.408943 1.208203 1
2.705582 0.204520 1
2.647284 0.296403 1
2.529763 0.315156 2
4.076138 0.103667 1
3.404548 0.268258 1
3.461062 0.404400 1
3.328546 0.382219 1
3.377062 0.515177 1
4.264057 0.989583 1
4.401928 0.975729 1
3.754119 0.403516 1
3.601026 0.455091 1
3.536094 0.303084 1
4.287328 0.156011 1
4.437894 0.163075 1
4.342330 0.685432 1
4.564247 1.248620 1
4.526571 1.138205 1
3.615175 1.304414 2
4.323374 1.097108 1
2.910152 0.242337 1
3.056968 0.169976 1
3.022608 0.329511 1
3.484943 0.629437 1
3.761477 1.293916 1
4.448486 0.731356 1
3.181105 0.357897 1
3.139652 0.247285 1
3.290539 0.264936 1
3.651117 0.340842 1
4.550630 1.464148 1
4.066500 1.192001 1
3.358270 0.132785 1
4.410639 1.931589 2
2.983404 0.661308 1
4.571433 0.430196 1
4.490055 0.339435 1
4.656291 0.343453 1
4.579339 0.224829 1
3.424379 0.747733 1
4.109686 1.573721 1
4.807293 1.166631 2
4.065104 0.412415 1
4.131865 0.522479 1
3.333333 0.000000 0
3.944605 1.966865 2
3.578319 1.177414 1
2.523352 0.955785 2
2.864636 0.691966 1
4.135249 0.629142 1
3.322062 1.462646 3
2.713194 0.536243 1
3.970571 1.752461 1
5.066491 0.106432 1
3.136050 0.991132 1
4.117604 0.318278 1
3.722780 0.273609 1
4.133654 1.954951 1
4.167809 2.050471 2
3.055556 0.000000 0
2.952795 0.107677 1
2.865752 0.975219 1
2.901945 1.074872 2
2.763805 1.037202 2
3.957970 0.911975 1
3.883708 1.567199 1
3.845217 1.716956 2
3.915571 0.802402 1
3.080878 0.732427 1
3.040666 0.853878 1
3.959123 0.513422 1
3.726347 0.895825 1
3.941152 0.610507 1
4.067390 1.302073 1
4.148262 1.378936 1
4.070376 1.461076 1
4.455444 0.607523 1
4.560836 0.542137 1
4.563451 0.696712 1
4.670970 0.591237 1
3.878421 1.282080 1
4.697741 1.235568 1
3.204315 1.379568 2
3.032295 1.365025 2
3.259067 1.085353 1
3.258112 1.230243 1
4.682758 1.491060 2
4.663811 1.351062 1
4.440127 1.087113 1
4.143056 0.964561 1
3.745319 0.148263 1
2.777778 0.000000 0
2.916667 0.000000 0
2.824630 0.126071 1
3.155647 0.105018 1
4.444445 0.000000 0
4.543991 0.104653 1
3.750000 0.000000 0
4.033442 0.602806 1
3.394670 1.027432 1
3.942056 1.661629 1
3.345389 1.153100 1
3.504400 0.508635 1
3.231197 0.473336 1
3.842282 0.902299 1
3.097116 0.451777 1
4.305555 0.000000 0
4.188107 0.103704 1
3.888889 0.000000 0
3.606921 0.671055 1
3.612837 0.214986 1
4.673587 0.710112 1
4.473945 0.484199 1
4.861111 0.000000 0
5.000000 0.000000 0
4.909756 0.121741 1
4.583333 0.000000 0
4.722222 0.000000 0
4.672441 0.119825 1
4.730761 0.885847 1
4.842820 0.875042 2
2.985061 0.969088 1
3.254211 0.592756 1
4.623531 1.736114 2
4.368527 0.081179 1
5.138889 0.000000 0
5.194705 0.085142 2
4.166667 0.000000 0
4.799692 1.398689 2
4.694332 1.602949 2
2.937374 0.769187 1
3.240989 0.167097 1
3.448032 1.143824 1
4.761513 0.665579 1
2.915656 1.182207 2
3.783251 0.797203 1
3.128230 0.636367 1
4.243562 0.616111 1
4.243294 0.265448 1
4.357610 0.555006 1
2.401212 0.886268 2
2.420148 1.007251 3
4.677654 0.468864 1
4.027778 0.000000 0
2.460347 0.671721 2
3.154818 0.542404 1
4.741789 0.782922 1
4.849654 0.738157 2
4.783470 0.397058 1
4.796529 0.282452 1
3.194444 0.000000 0
4.533991 1.348814 1
4.695080 0.236925 1
2.902155 0.879769 1
4.780706 1.288361 2
2.416507 0.770873 2
4.791667 0.183726 1
4.791667 0.078739 1
2.807389 0.224724 1
3.593017 0.564681 1
3.965343 1.219341 1
4.044223 2.059058 2
4.883244 0.236595 1
4.006957 1.578603 1
5.277778 0.000000 0
3.256537 0.080980 1
3.958333 0.073239 1
4.960452 0.689004 2
 0 1 2
 3 0 2
 4 5 6
 5 7 6
 8 9 10
 11 12 13
 14 15 16
 17 9 8
 18 19 20
 20 19 21
 22 23 24
 25 26 27
 28 29 30
 29 31 30
 32 33 34
 35 34 33
 36 16 15
 37 22 24
 13 12 38
 39 40 41
 42 11 7
 43 44 45
 46 47 48
 49 50 51
 42 2 1
 52 53 54
 55 48 47
 43 45 56
 25 57 58
 42 59 11
 60 37 24
 61 62 63
 49 64 41
 60 65 37
 66 67 68
 69 68 67
 42 70 59
 71 72 51
 73 19 18
 21 19 53
 74 75 76
 76 75 77
 51 72 78
 55 47 79
 61 80 81
 82 83 84
 85 84 83
 26 86 27
 14 87 15
 88 89 90
 91 10 44
 92 93 94
 53 19 54
 39 41 64
 95 2 4
 96 97 1
 43 56 98
 99 98 56
 46 100 47
 14 16 101
 102 103 104
 25 105 26
 96 106 107
 102 108 109
 43 110 44
 38 12 111
 102 109 103
 112 113 94
 114 94 113
 36 15 115
 116 117 118
 119 118 117
 120 108 121
 46 121 108
 69 122 101
 123 117 124
 35 125 126
 102 127 108
 128 111 129
 130 76 77
 88 90 131
 132 133 134
 14 101 122
 119 135 65
 130 136 63
 61 63 136
 46 108 137
 138 139 140
 123 124 141
 6 7 142
 143 90 89
 28 30 144
 95 145 2
 146 27 86
 147 148 149
 150 149 148
 17 8 151
 37 151 8
 152 59 70
 55 79 153
 154 33 155
 32 155 33
 138 140 118
 156 28 144
 57 113 58
 107 106 157
 91 44 158
 73 18 159
 38 111 128
 21 53 160
 44 10 45
 49 41 50
 112 94 93
 102 104 161
 1 97 70
 35 126 148
 150 148 126
 74 76 162
 52 163 53
 96 107 164
 39 165 40
 3 2 145
 82 166 83
 36 167 16
 42 5 2
 14 122 168
 17 151 135
 108 127 137
 169 3 170
 171 133 172
 173 174 175
 99 56 176
 99 90 98
 143 98 90
 123 122 67
 69 67 122
 46 48 121
 62 177 178
 43 136 110
 120 131 90
 179 68 104
 61 177 62
 60 24 180
 181 180 24
 154 155 182
 122 141 168
 183 45 10
 68 184 104
 185 186 187
 88 111 12
 80 185 187
 188 189 190
 191 190 189
 61 192 80
 135 151 65
 55 153 193
 85 194 195
 83 166 196
 85 83 197
 181 24 166
 23 196 166
 25 27 163
 53 163 27
 6 142 198
 199 198 142
 200 129 111
 133 139 134
 132 172 133
 120 109 108
 99 103 201
 14 202 87
 203 204 205
 171 206 133
 188 190 137
 207 208 126
 186 12 59
 11 59 12
 179 103 176
 99 176 103
 209 87 202
 46 190 100
 210 182 155
 91 211 8
 83 196 197
 212 178 177
 213 197 196
 61 81 177
 119 214 135
 35 148 34
 138 118 215
 183 10 9
 183 216 45
 138 215 217
 55 129 48
 80 187 81
 179 104 103
 130 77 158
 218 125 219
 120 121 131
 200 131 121
 199 128 193
 55 193 128
 209 220 87
 17 135 221
 222 30 31
 116 30 124
 222 124 30
 191 223 190
 34 148 224
 61 136 192
 154 182 101
 225 226 227
 228 229 230
 150 126 208
 46 137 190
 23 166 24
 79 231 232
 85 195 84
 154 101 16
 49 51 78
 52 57 163
 123 141 122
 181 166 233
 114 113 57
 60 234 65
 25 163 57
 6 235 4
 116 144 30
 207 126 236
 188 137 127
 95 4 235
 91 8 10
 237 238 165
 204 171 172
 239 218 219
 199 240 198
 6 241 235
 7 13 142
 146 180 242
 181 242 180
 147 224 148
 243 140 139
 209 202 31
 37 8 22
 77 244 158
 112 58 113
 66 221 67
 204 172 205
 42 1 70
 191 72 245
 71 245 72
 69 101 182
 96 1 0
 226 237 165
 25 58 105
 82 84 246
 183 247 216
 146 86 248
 82 246 174
 32 249 155
 56 45 216
 207 228 208
 35 250 125
 66 247 9
 183 9 247
 224 188 251
 155 249 161
 146 248 180
 73 159 252
 253 252 159
 119 65 234
 85 197 194
 74 194 197
 29 209 31
 119 117 214
 11 13 7
 42 7 5
 34 224 251
 147 254 189
 39 227 165
 73 54 19
 40 165 238
 66 68 247
 179 247 68
 255 239 115
 73 256 54
 257 217 215
 116 140 144
 74 162 194
 132 205 172
 258 259 232
 82 233 166
 103 109 201
 37 65 151
 210 161 104
 43 192 136
 130 110 136
 200 121 48
 91 158 244
 226 165 227
 32 34 251
 260 149 261
 171 262 206
 116 124 117
 199 142 263
 149 264 261
 119 215 118
 21 265 20
 191 189 254
 2 5 4
 47 231 79
 36 125 250
 199 263 128
 228 230 208
 38 128 263
 52 54 256
 138 134 139
 116 118 140
 199 266 240
 36 219 125
 73 267 256
 126 125 236
 218 236 125
 150 208 230
 132 105 58
 188 127 251
 142 13 263
 102 249 127
 243 144 140
 38 263 13
 203 205 93
 112 93 205
 154 167 33
 35 33 250
 17 221 9
 66 9 221
 146 242 160
 55 128 129
 268 269 227
 225 227 269
 123 214 117
 173 20 265
 268 230 269
 229 269 230
 199 193 266
 222 141 124
 173 233 174
 82 174 233
 222 31 202
 120 90 201
 222 202 168
 14 168 202
 112 270 58
 67 221 271
 132 58 270
 146 160 27
 138 217 134
 26 134 217
 210 104 184
 80 272 185
 147 149 254
 152 70 97
 273 157 106
 200 48 129
 21 242 265
 239 219 115
 191 245 223
 133 206 139
 243 139 206
 181 265 242
 132 270 205
 21 160 242
 150 230 264
 268 264 230
 88 131 111
 200 111 131
 23 211 196
 213 196 211
 18 20 175
 173 175 20
 123 67 271
 112 205 270
 96 0 169
 273 106 169
 99 201 90
 186 89 12
 88 12 89
 39 274 227
 268 227 274
 96 164 97
 92 203 93
 153 266 193
 60 248 234
 213 211 244
 91 244 211
 260 72 254
 132 134 105
 26 105 134
 257 234 248
 191 254 72
 81 187 275
 152 275 187
 218 207 236
 107 178 164
 212 164 178
 237 276 238
 47 100 231
 258 231 100
 120 201 109
 262 156 277
 6 198 241
 154 16 167
 130 158 110
 260 254 149
 80 192 272
 213 75 197
 74 197 75
 8 211 22
 229 225 269
 212 275 97
 152 97 275
 273 169 170
 33 167 250
 36 250 167
 220 255 278
 258 245 259
 71 259 245
 258 232 231
 119 234 215
 23 22 211
 96 169 106
 3 169 0
 212 97 164
 181 233 265
 257 215 234
 156 144 277
 260 261 64
 212 177 275
 81 275 177
 69 184 68
 143 185 272
 150 264 149
 71 279 259
 53 27 160
 186 59 187
 152 187 59
 243 277 144
 255 115 278
 15 278 115
 260 78 72
 222 168 141
 71 51 279
 257 248 86
 213 244 75
 77 75 244
 60 180 248
 39 64 274
 36 115 219
 260 64 78
 73 252 267
 49 78 64
 190 223 100
 258 100 223
 44 110 158
 173 265 233
 179 216 247
 210 155 161
 43 98 272
 135 271 221
 186 185 89
 64 261 274
 69 182 184
 210 184 182
 127 249 251
 102 161 249
 220 278 87
 15 87 278
 143 272 98
 43 272 192
 26 217 86
 257 86 217
 258 223 245
 243 206 277
 268 261 264
 32 251 249
 262 277 206
 123 271 214
 135 214 271
 179 176 216
 56 216 176
 188 224 189
 147 189 224
 143 89 185
 268 274 261
 0
 0
 0
 0
 0
 0
 0
 0
 0
 0
 0
 0
 0
 0
 0
 0
 0
 0
 0
 0
 0
 0
 10
 253 18 175 194 159 84 195 162 174 246
 8
 114 52 253 57 94 256 252 267
 0
 13
 3 95 273 130 107 62 76 63 157 145 178 162 170
 16
 95 40 153 50 79 198 232 240 41 259 235 51 279 241 266 238
 0
