277 493
8.136876 4.213919 1
8.233779 4.208621 1
8.197956 4.353964 1
8.043000 4.266956 1
8.283409 4.508610 1
8.329446 4.403931 1
8.401311 4.564542 2
6.515219 5.280851 2
6.635678 5.241629 1
6.685428 5.362820 2
8.446996 4.428215 2
6.810746 4.185935 1
6.771570 4.326343 1
6.666837 4.183290 1
6.642293 4.299617 1
5.782885 4.915845 1
5.654538 5.009116 2
5.613523 4.876764 3
8.363518 4.296433 2
7.474355 3.948735 1
7.362502 3.998096 1
7.354558 3.843473 2
6.765488 4.794387 1
6.921344 4.852563 1
6.792965 4.944991 1
7.258852 3.938286 1
7.507003 3.833107 2
6.506629 3.889209 1
6.371160 3.918404 1
6.453152 3.767231 3
7.248505 4.062547 1
6.206203 4.558007 1
6.139965 4.456416 1
6.238244 4.398286 1
6.365672 4.825902 1
6.262121 4.844088 1
6.236480 4.716629 1
6.318694 4.601766 1
6.332431 4.471969 1
6.436944 4.559677 1
7.680612 4.592384 1
7.803439 4.691078 1
7.654087 4.696296 1
7.793516 4.580345 1
8.224382 5.129714 3
8.116965 5.102116 1
8.161983 4.972324 2
5.711236 4.758887 2
7.695964 5.158335 1
7.704840 4.993128 1
7.798072 5.105775 1
7.488338 5.133633 1
7.391780 5.076591 1
7.464369 4.987767 1
7.435950 4.462722 1
7.340311 4.526483 1
7.320731 4.347878 1
7.238105 4.475309 1
6.458292 4.860746 1
6.561650 4.911911 1
6.449646 4.988196 1
7.908357 4.798086 1
7.962013 4.663584 1
6.250869 5.309196 2
6.411714 5.261772 1
6.420067 5.386676 2
7.733526 5.338585 3
7.612352 5.241457 2
7.774418 5.233129 1
8.348732 4.179103 1
8.499805 4.198955 2
6.764845 5.204879 1
6.863762 5.336168 2
6.712580 3.932482 1
6.708884 4.073019 1
6.595653 3.964163 1
6.999556 4.038641 1
7.132358 4.123266 1
7.014201 4.188108 1
6.315060 3.798978 2
7.719899 4.769942 1
7.677336 4.871897 1
7.584693 4.797374 1
6.946815 5.205117 2
6.403944 4.719996 1
7.145138 4.312762 1
7.234975 4.226376 1
7.226786 4.375290 1
5.944004 4.749156 1
5.838029 4.800569 1
5.821872 4.670084 2
7.481462 4.203020 1
7.581713 4.284287 1
7.450148 4.327531 1
6.136762 4.092844 1
6.245292 4.146565 1
6.110779 4.221756 1
6.244764 4.271516 1
7.590600 4.173781 1
5.915690 4.628152 1
6.740088 4.479023 1
6.844259 4.575675 1
6.694670 4.607204 1
6.541129 5.048256 1
6.840518 4.024195 1
6.958953 3.898711 1
6.970466 5.038136 1
7.072138 5.117852 1
6.584668 4.109902 1
7.901470 4.551707 1
8.142313 4.540506 1
8.164438 4.105258 1
8.303850 4.077287 1
6.933664 4.371037 1
7.087327 4.451959 1
6.923322 4.490115 1
7.940942 4.044223 1
7.829739 4.154537 1
7.810811 3.992948 1
7.683034 4.079422 1
7.589087 5.067315 1
6.687865 4.905247 1
6.726094 5.043987 1
6.631585 5.002763 1
8.014758 5.026240 1
7.912322 5.070052 1
7.905993 4.939065 1
6.330822 5.175495 1
6.223165 5.123343 1
6.127608 5.195673 1
7.236230 4.640737 1
8.010725 4.891712 1
7.646689 3.834103 2
7.589310 3.951665 1
7.076392 4.822713 1
7.184811 4.897837 1
7.085773 4.974476 1
7.355974 4.133937 1
7.511289 4.077076 1
6.631879 4.698171 1
6.770990 4.672834 1
7.819833 4.993639 1
7.136845 4.570757 1
8.140535 3.900856 2
8.224384 3.983773 1
8.077665 4.032224 1
6.635351 4.809585 1
7.293615 4.802448 1
7.301553 4.971611 1
7.381545 4.884879 1
6.848817 5.063982 1
6.076811 4.962896 1
6.038838 5.092997 1
5.911179 5.023998 1
7.670146 4.365158 1
7.547561 4.413340 1
6.822093 3.892826 1
8.068411 4.410639 1
6.638291 5.119759 1
6.908397 4.961698 1
5.930738 4.904496 1
6.506563 4.665459 1
6.012780 4.101611 2
8.426278 4.109686 2
7.640458 4.476840 1
7.769440 4.469009 1
8.040832 4.749102 1
8.028935 3.941008 2
6.485501 4.018254 1
6.366496 4.075804 1
7.032129 4.300321 1
7.787800 3.842246 2
7.924122 3.904215 2
6.339557 4.936695 1
6.621573 3.804765 2
5.986840 4.235795 1
7.190773 5.054635 1
5.788845 5.072317 2
6.917846 4.123974 1
8.045205 4.134794 1
7.949552 4.167972 1
6.849532 3.776139 2
6.748885 3.832602 1
6.733642 3.740400 2
7.909980 4.274614 1
6.644121 4.409723 1
7.124539 3.959820 1
7.010106 4.599801 1
7.544069 4.540211 1
7.431479 4.611162 1
7.543818 4.675114 1
7.428025 4.762900 1
6.900465 4.703477 1
6.015033 4.338188 1
6.133647 4.350860 1
6.042073 4.442723 1
7.110127 4.224920 1
7.801664 4.312671 1
7.579435 4.927200 1
7.250711 3.717463 2
7.204153 3.827495 1
7.080760 3.837439 1
7.007150 3.739095 2
7.151046 3.739827 2
6.213589 3.874769 3
6.248830 4.009155 1
7.387219 5.170876 1
7.695502 4.225101 1
7.871242 4.409590 1
8.117463 4.823249 1
7.008394 4.908817 1
6.091345 5.299238 2
6.177315 4.920896 1
6.246135 5.013011 1
7.009689 4.730780 1
7.348605 4.683610 1
6.103865 3.968939 2
7.175807 4.768098 1
6.634635 4.507141 1
7.706547 3.940217 1
8.336599 3.943409 1
8.281182 3.844628 3
8.432581 3.883755 2
7.180489 5.198416 2
8.164157 4.693324 1
7.971057 4.363525 1
7.291842 5.136604 1
6.441395 4.412462 1
6.839843 4.438451 1
6.122160 4.639272 1
7.797813 4.871843 1
6.130311 4.813898 1
7.112457 4.685982 1
7.348937 4.244239 1
6.530414 5.177039 1
6.432092 5.129369 1
8.263885 4.623531 1
6.557072 4.237191 1
6.475811 4.160089 1
8.066018 4.637471 1
8.230309 4.827884 2
8.295834 4.735635 1
8.397052 4.694332 2
7.443591 5.267010 2
5.889726 4.184255 2
5.904289 4.310095 2
5.923215 5.140003 2
7.059162 5.227658 2
5.838165 4.542286 2
6.568055 4.580277 1
8.020779 4.540840 1
6.036800 4.862010 1
6.542387 4.470530 1
8.022291 5.169083 2
7.890661 5.195217 1
6.143450 5.044470 1
6.075419 4.729247 1
6.903252 4.256149 1
6.354817 4.210866 1
6.080802 4.545942 1
8.154737 5.215671 2
7.968187 4.453945 1
6.527680 4.768586 1
6.336903 5.061018 1
6.453289 4.285913 1
7.487613 4.872024 1
8.350130 4.829906 2
7.320543 5.240543 2
5.962838 4.537652 1
6.345994 4.337882 1
7.858644 5.299185 2
6.011571 4.641583 1
8.420769 4.007967 2
7.976167 5.274621 2
5.927338 4.431966 2
6.015219 5.208495 2
6.546760 4.352573 1
 0 1 2
 3 0 2
 4 5 6
 7 8 9
 5 10 6
 11 12 13
 14 13 12
 15 16 17
 18 2 1
 19 20 21
 22 23 24
 21 20 25
 19 21 26
 27 28 29
 30 25 20
 31 32 33
 34 35 36
 37 38 39
 38 31 33
 40 41 42
 43 41 40
 37 31 38
 44 45 46
 15 17 47
 48 49 50
 51 52 53
 54 55 56
 57 56 55
 58 59 60
 61 41 62
 63 64 65
 66 67 68
 18 69 70
 71 72 9
 73 74 75
 76 77 78
 28 79 29
 80 81 82
 71 83 72
 84 34 36
 85 86 87
 88 89 90
 91 92 93
 94 95 96
 97 96 95
 86 56 87
 91 98 92
 88 90 99
 100 101 102
 60 59 103
 76 104 105
 80 82 42
 106 107 83
 108 75 74
 62 41 109
 110 2 4
 111 112 1
 113 114 115
 116 117 118
 119 118 117
 51 53 120
 121 122 123
 24 122 121
 124 125 126
 127 63 128
 129 128 63
 22 24 121
 130 57 55
 124 126 131
 132 133 26
 134 135 136
 137 20 138
 22 139 140
 141 50 49
 130 142 57
 143 144 145
 91 137 138
 15 47 89
 127 64 63
 48 68 67
 22 146 139
 102 140 139
 26 133 19
 135 147 148
 148 147 149
 71 150 83
 151 152 153
 92 154 155
 106 83 150
 104 156 105
 30 86 77
 110 157 2
 71 8 158
 24 159 150
 151 153 160
 43 109 41
 161 84 39
 37 39 84
 94 96 162
 48 120 49
 163 70 69
 164 165 40
 43 40 165
 61 62 166
 73 104 74
 143 145 167
 24 150 122
 71 158 122
 52 148 53
 148 149 53
 27 168 28
 169 28 168
 1 112 69
 113 170 114
 171 172 118
 116 118 172
 58 60 173
 37 84 36
 51 120 67
 48 67 120
 3 2 157
 27 29 174
 18 5 2
 164 155 154
 96 175 162
 176 136 135
 15 177 16
 111 145 144
 76 78 178
 179 3 180
 181 182 183
 180 3 184
 22 121 146
 14 12 185
 76 186 77
 187 115 114
 15 160 153
 54 56 93
 54 188 189
 100 185 12
 190 191 189
 187 192 101
 22 192 23
 193 194 195
 85 196 86
 197 117 184
 198 82 81
 88 160 89
 199 21 200
 15 153 177
 30 137 86
 201 202 203
 204 28 205
 51 206 52
 80 42 41
 71 9 8
 30 77 186
 124 46 45
 119 117 207
 190 189 188
 165 208 109
 124 131 46
 209 46 131
 134 136 210
 129 63 211
 212 35 173
 213 212 173
 134 23 214
 189 215 55
 204 205 216
 215 130 55
 169 205 28
 134 217 135
 100 102 218
 119 219 118
 220 221 222
 15 89 160
 176 223 107
 187 114 142
 176 135 148
 43 165 109
 149 147 191
 209 166 224
 19 138 20
 197 184 208
 176 107 136
 106 150 159
 94 216 205
 184 225 208
 176 148 226
 76 178 104
 11 104 178
 11 74 104
 201 186 105
 76 105 186
 201 200 186
 73 156 104
 38 227 39
 100 228 101
 116 172 167
 52 226 148
 197 207 117
 19 133 138
 37 36 31
 229 31 36
 116 180 117
 92 155 93
 61 230 41
 80 41 230
 94 162 216
 119 133 219
 57 114 87
 85 87 114
 193 96 194
 32 195 194
 23 192 214
 24 23 159
 119 138 133
 35 231 36
 187 142 232
 56 233 93
 234 64 235
 106 136 107
 123 103 59
 6 236 4
 108 237 238
 86 196 77
 224 166 239
 186 200 25
 108 13 237
 110 4 236
 85 114 170
 127 235 64
 209 224 240
 241 240 224
 102 101 140
 6 242 236
 171 219 132
 91 138 98
 51 67 243
 198 120 53
 209 131 166
 61 166 131
 54 189 55
 209 240 46
 181 105 156
 169 168 238
 108 238 168
 164 40 188
 190 188 40
 204 79 28
 119 207 98
 18 1 69
 244 175 245
 190 42 82
 187 101 115
 110 236 224
 111 1 0
 181 202 105
 201 105 202
 234 7 64
 246 153 152
 107 223 247
 90 248 99
 57 87 56
 86 233 56
 134 210 23
 102 139 249
 30 20 137
 110 250 157
 151 160 251
 252 39 227
 18 10 5
 220 144 221
 231 212 251
 88 251 160
 71 122 150
 251 212 151
 57 142 114
 130 232 142
 92 98 207
 101 228 115
 124 253 125
 254 125 253
 171 118 219
 35 212 231
 129 152 255
 141 49 230
 94 205 95
 169 95 205
 135 217 147
 61 131 126
 91 93 233
 143 221 144
 187 214 192
 54 155 188
 129 255 128
 22 140 192
 101 192 140
 231 256 36
 113 12 257
 11 257 12
 132 219 133
 27 174 75
 73 75 174
 2 5 4
 130 217 232
 187 232 214
 244 162 175
 58 173 34
 191 147 215
 246 177 153
 169 238 258
 32 31 259
 229 36 256
 90 89 47
 253 45 260
 102 249 218
 261 109 208
 241 236 242
 234 158 8
 97 194 96
 230 49 81
 161 262 84
 58 84 262
 213 263 128
 119 98 138
 130 147 217
 97 95 258
 78 77 196
 261 157 250
 264 258 238
 197 165 154
 164 154 165
 169 258 95
 190 82 191
 106 210 136
 11 13 74
 127 128 263
 88 256 251
 193 175 96
 141 126 125
 149 191 265
 78 170 257
 113 257 170
 231 251 256
 241 224 236
 62 239 166
 108 168 75
 113 228 12
 234 235 103
 164 188 155
 198 49 120
 161 249 139
 241 242 266
 123 122 158
 229 259 31
 61 126 230
 100 12 228
 163 69 112
 116 167 145
 134 232 217
 83 107 247
 58 34 84
 189 191 215
 111 0 179
 116 145 179
 78 257 178
 11 178 257
 134 214 232
 220 112 144
 106 159 210
 198 53 265
 3 225 184
 267 223 226
 176 226 223
 161 39 249
 252 249 39
 110 224 239
 64 7 65
 268 99 248
 190 40 42
 151 212 255
 97 258 269
 130 215 147
 117 180 184
 66 68 270
 234 8 7
 30 186 25
 54 93 155
 27 75 168
 213 255 212
 92 207 154
 197 154 207
 264 238 237
 183 182 174
 73 174 182
 88 99 271
 141 125 50
 254 50 125
 60 103 235
 264 227 269
 38 269 227
 163 112 272
 220 272 112
 116 179 180
 3 157 225
 14 237 13
 254 253 273
 193 245 175
 48 50 68
 254 68 50
 111 179 145
 3 179 0
 111 144 112
 141 230 126
 264 269 258
 32 259 195
 149 265 53
 191 82 265
 261 225 157
 197 208 165
 220 222 272
 268 248 274
 32 194 33
 124 45 253
 246 152 275
 129 275 152
 14 185 276
 14 276 237
 198 265 82
 108 74 13
 268 274 195
 51 243 206
 267 206 243
 35 34 173
 234 103 158
 146 59 262
 58 262 59
 201 203 200
 261 208 225
 100 218 185
 252 185 218
 213 173 263
 23 210 159
 113 115 228
 151 255 152
 193 195 274
 80 230 81
 241 266 240
 60 263 173
 123 59 121
 146 121 59
 181 156 182
 78 196 170
 85 170 196
 62 109 250
 261 250 109
 60 235 263
 127 263 235
 254 273 270
 129 211 275
 199 200 203
 252 276 185
 252 227 276
 264 237 276
 264 276 227
 21 25 200
 198 81 49
 268 195 259
 52 206 226
 267 226 206
 97 33 194
 213 128 255
 268 259 271
 229 271 259
 161 139 262
 146 262 139
 97 269 33
 38 33 269
 254 270 68
 193 274 245
 229 256 271
 88 271 256
 73 182 156
 123 158 103
 44 260 45
 86 137 233
 91 233 137
 252 218 249
 268 271 99
 110 239 250
 62 250 239
 0
 0
 0
 18
 246 66 267 83 17 9 63 16 72 177 223 243 67 65 275 211 7 247
 0
 6
 66 44 253 273 260 270
 0
 0
 0
 0
 0
 0
 0
 0
 13
 6 18 44 163 10 46 70 221 266 242 222 240 272
 0
 0
 15
 181 199 171 143 183 21 132 172 167 29 174 202 221 203 26
 3
 204 29 79
 10
 244 204 90 17 216 162 47 248 274 245
 0
 0
 0
 0
 0
 0
 0
 0
