270 479
2.266543 4.837543 1
2.354569 4.780239 2
2.362011 4.940258 2
2.064463 5.800741 1
1.933685 5.698942 1
2.098961 5.691370 1
1.945885 5.835670 1
1.597471 5.537529 1
1.534143 5.440955 2
1.696365 5.417908 1
2.866452 6.026040 1
2.981438 5.978270 1
2.938483 6.124635 2
1.605105 5.323936 1
3.052152 6.061598 2
2.395749 6.336443 1
2.472568 6.425853 1
2.316118 6.431808 1
1.470755 6.498024 1
1.542161 6.396385 1
1.577821 6.558721 1
1.659293 6.444950 1
2.973837 5.854323 1
2.857029 5.780483 1
3.046258 5.754431 2
2.381827 6.524349 1
2.916168 5.671409 1
2.815677 6.244118 1
2.974875 6.266385 2
2.871979 6.348311 1
1.556666 6.985476 1
1.596790 6.824622 1
1.680047 6.992041 1
1.753950 6.896599 1
1.723917 5.896436 1
1.803463 6.010889 1
1.660720 6.017687 1
1.720692 6.157330 1
1.512895 5.982413 1
1.443898 6.091654 1
1.365815 5.952167 2
1.321293 6.079159 1
2.615458 6.362182 1
2.774981 6.409706 2
2.621361 6.497158 2
2.088911 6.516935 1
2.178055 6.622899 1
2.038125 6.684228 1
2.107111 6.010770 1
2.195521 6.087101 1
2.088281 6.169971 1
2.005201 5.571858 1
3.141533 5.941434 2
1.998426 6.103631 1
1.696916 6.314753 1
1.592284 6.279613 1
1.954613 6.582535 1
2.162099 4.878536 1
2.217421 4.707479 2
2.076948 4.795655 1
3.001331 5.595352 1
3.073294 5.462520 2
3.104973 5.640267 2
2.639488 5.494450 1
2.767023 5.534519 1
2.638286 5.646004 1
2.791103 5.659033 1
1.590164 6.121782 1
1.551207 7.285677 1
1.564610 7.186412 1
1.674321 7.205916 2
1.630993 7.365955 2
1.716988 6.784972 1
2.149197 6.750058 1
2.747687 5.279744 1
2.739348 5.145971 2
2.883681 5.235128 2
1.098112 6.129204 1
0.956951 6.196434 3
0.965494 6.052625 2
1.473827 5.352179 2
1.516472 5.222009 2
2.369568 5.111186 1
2.405827 5.246504 1
2.282167 5.236704 1
2.249674 5.133719 1
3.036210 5.285058 2
2.958092 5.380297 1
1.730406 7.084311 1
1.840102 7.137749 2
2.482970 5.945004 1
2.594559 5.844851 1
2.656853 5.952880 1
2.499365 5.572994 1
2.526701 5.421016 1
1.463800 6.891809 1
1.819209 5.788214 1
2.266217 6.002661 1
2.244823 5.896971 1
2.139534 5.880462 1
2.056813 4.649498 3
1.783377 6.277089 1
2.573590 6.040870 1
2.505281 5.722375 1
2.360957 5.697104 1
2.373101 5.553058 1
1.346684 6.950495 1
1.439220 7.024059 1
1.345919 7.083216 1
1.247292 7.029595 2
2.196571 6.194947 1
2.346585 6.143816 1
2.282090 6.289904 1
2.958561 5.491240 1
1.554171 5.074500 2
1.649491 5.183521 1
1.051319 6.259661 1
0.972829 6.363189 2
1.210548 6.020026 2
2.215323 5.675426 1
2.220497 5.793075 1
3.182012 5.557523 3
2.334530 5.834524 1
1.070193 6.356997 1
1.158510 6.252482 1
1.198241 6.407594 1
1.288719 6.310036 1
2.146028 5.581932 1
1.745081 4.939768 1
1.620126 4.919281 2
1.747181 4.815470 2
1.690180 5.050747 1
1.371875 6.417456 1
1.438828 6.301654 1
1.884973 6.114752 1
2.996739 6.405838 3
1.944062 6.806640 1
2.054027 6.924795 2
1.886681 6.919601 1
1.946103 7.028942 2
1.914454 5.282464 1
2.052919 5.351081 1
1.933411 5.425395 1
1.939620 5.144183 1
1.848137 5.192117 1
1.825933 5.051859 1
1.959572 5.977446 1
1.241030 6.163182 1
1.368997 6.188184 1
1.862262 6.226519 1
1.912050 6.310066 1
2.494393 5.003564 2
1.978818 6.434281 1
2.142704 5.215140 1
2.197273 5.369653 1
1.949055 4.990519 1
2.078709 4.956062 1
2.046958 5.102517 1
1.492842 5.722325 2
1.599322 5.826808 1
1.484004 5.872913 2
1.854272 5.900525 1
1.853078 6.394500 1
2.843946 5.346820 1
1.758602 5.662060 1
1.720629 5.535300 1
1.859047 5.557207 1
1.364042 6.804653 1
2.515239 6.158843 1
2.660096 6.213124 1
2.510188 6.287699 1
2.019053 5.225721 1
1.758916 5.154770 1
1.490665 6.790922 1
2.525452 5.281466 1
2.634807 5.354449 1
1.963672 4.855675 1
1.753081 6.410414 1
2.245891 6.841384 2
2.142537 6.862159 2
1.762708 6.517904 1
1.701525 6.607427 1
2.161426 5.086014 1
2.191758 4.977833 1
1.495888 6.199917 1
2.411268 6.239966 1
1.333971 6.646914 1
1.205009 6.635832 2
1.276242 6.520332 1
2.411756 5.449990 1
2.181320 6.395429 1
2.078305 6.379520 1
2.465141 6.063437 1
1.383168 6.525343 1
1.478751 6.592216 1
1.444627 6.706367 1
2.060019 6.808969 1
2.717383 6.311791 1
2.796990 6.126307 1
2.264250 4.935091 1
2.703638 6.067058 1
2.384405 6.022806 1
1.812431 5.456323 1
2.626641 5.202529 1
2.444946 5.828526 1
1.463472 7.365602 2
1.396366 7.460019 3
1.334587 7.310613 2
1.632814 5.711406 1
2.200501 5.493474 1
2.304739 5.460426 1
2.477557 6.542108 2
1.762124 5.277796 1
1.837731 5.358323 1
2.089673 5.470119 1
1.236438 6.883706 2
2.327956 5.344021 1
2.208205 6.496840 1
1.164663 6.531327 2
1.860227 6.496627 1
2.438673 5.348428 1
2.771141 5.990453 1
2.741679 5.866411 1
2.704592 5.756721 1
1.845996 4.885234 1
2.506077 5.152360 1
2.269654 6.706133 2
1.542193 6.684094 1
1.070850 6.471199 2
1.644509 6.699808 1
1.456548 7.228272 1
1.516216 7.100515 1
1.866666 4.740505 1
1.598852 5.928372 1
2.274977 5.033824 1
1.708726 5.785487 1
2.359648 5.921749 1
2.021545 6.303704 1
1.226046 6.755610 2
1.420698 7.120935 1
2.266949 5.578924 1
2.043949 5.901158 1
2.613141 6.119974 1
2.885120 5.567744 1
2.275002 6.571133 1
2.417243 6.654553 2
1.755826 4.672694 2
1.075357 5.997949 2
1.980952 4.739970 1
2.614580 5.068915 2
1.847712 4.590309 2
2.861234 5.904022 1
2.606400 5.743266 1
2.755666 5.402276 1
1.258960 7.182138 2
1.940171 4.651053 2
2.874966 5.450286 1
1.824299 6.803420 1
2.138969 6.287920 1
1.888285 6.699817 1
1.765391 6.700409 1
1.363342 7.185035 1
1.811099 7.010266 1
1.823849 6.603411 1
1.458034 5.570761 2
1.556930 5.627866 1
1.654394 5.613462 1
1.623212 7.089769 1
2.870167 6.466660 2
1.962033 6.206042 1
 0 1 2
 3 4 5
 6 4 3
 7 8 9
 10 11 12
 8 13 9
 11 14 12
 15 16 17
 18 19 20
 20 19 21
 22 23 24
 17 16 25
 23 26 24
 27 28 29
 27 12 28
 30 31 32
 33 32 31
 34 35 36
 37 36 35
 38 39 40
 41 40 39
 42 43 44
 45 46 47
 48 49 50
 51 5 4
 22 24 52
 53 48 50
 37 54 55
 56 45 47
 0 57 58
 58 57 59
 60 61 62
 63 64 65
 66 65 64
 37 55 67
 68 69 70
 71 68 70
 33 31 72
 73 47 46
 74 75 76
 77 78 79
 13 80 81
 82 83 84
 82 84 85
 86 61 87
 88 89 70
 90 91 92
 63 93 94
 30 95 31
 6 96 4
 97 48 98
 99 98 48
 59 100 58
 37 101 54
 90 92 102
 103 104 93
 105 93 104
 106 107 108
 106 108 109
 110 111 112
 60 113 61
 114 115 81
 78 116 117
 41 118 40
 119 120 5
 5 120 3
 63 65 93
 61 121 62
 122 120 104
 123 124 125
 126 125 124
 51 127 5
 128 129 130
 119 104 120
 114 131 115
 19 132 133
 37 35 134
 19 18 132
 28 135 29
 86 87 76
 38 67 39
 136 137 138
 139 138 137
 97 111 49
 110 49 111
 13 8 80
 140 141 142
 110 50 49
 143 144 145
 53 134 146
 126 147 148
 35 146 134
 149 150 101
 126 124 147
 54 21 55
 55 21 19
 82 2 151
 77 116 78
 56 152 45
 153 154 141
 155 156 157
 158 159 160
 34 161 35
 150 162 101
 76 87 163
 164 165 166
 106 167 95
 164 166 4
 22 52 11
 14 11 52
 168 169 170
 42 170 169
 153 141 171
 140 171 141
 172 145 144
 95 167 173
 174 175 94
 63 94 175
 6 161 96
 38 36 67
 155 176 156
 162 177 101
 59 156 176
 73 178 179
 37 134 149
 180 181 21
 181 20 21
 38 40 160
 182 156 183
 157 156 182
 184 148 39
 164 4 96
 53 146 48
 111 185 112
 186 187 188
 105 189 93
 94 93 189
 190 45 191
 168 111 192
 193 194 186
 195 186 194
 73 179 196
 197 27 29
 43 197 29
 27 169 198
 0 2 199
 37 149 101
 200 198 169
 97 201 111
 155 143 145
 168 185 111
 13 81 115
 126 132 125
 202 166 165
 74 175 203
 174 203 175
 122 104 204
 205 206 207
 158 208 159
 153 171 157
 155 157 143
 51 4 166
 209 154 210
 42 197 43
 211 25 16
 54 101 177
 103 93 65
 45 152 191
 125 132 188
 184 67 55
 60 24 26
 212 213 9
 184 133 148
 209 214 154
 106 109 215
 216 210 154
 103 204 104
 190 217 45
 193 186 188
 141 154 214
 172 115 131
 162 150 152
 218 188 187
 162 152 219
 141 214 142
 51 142 214
 174 94 220
 10 198 221
 15 17 112
 190 112 17
 222 91 223
 202 9 213
 155 224 176
 77 124 116
 155 145 224
 82 151 225
 73 226 178
 31 173 227
 99 3 120
 184 55 133
 19 133 55
 174 83 225
 123 228 117
 31 227 229
 205 68 71
 69 230 231
 119 5 127
 232 176 224
 34 233 159
 222 223 23
 66 23 223
 184 39 67
 136 196 137
 13 115 212
 82 234 2
 13 212 9
 34 159 235
 157 171 143
 103 91 204
 90 204 91
 15 112 185
 90 236 204
 237 152 150
 238 186 167
 195 167 186
 51 214 127
 239 231 230
 41 39 148
 205 207 230
 56 219 152
 59 57 156
 200 221 198
 123 117 116
 119 240 104
 105 104 240
 42 44 16
 211 16 44
 99 48 241
 82 225 83
 97 49 48
 153 157 182
 200 169 242
 74 76 163
 34 36 233
 20 194 18
 172 212 115
 180 177 219
 66 64 243
 222 92 91
 34 96 161
 244 245 226
 66 223 65
 35 161 146
 162 219 177
 123 125 228
 218 228 125
 238 167 215
 106 215 167
 27 197 169
 232 130 246
 128 224 145
 7 9 165
 77 79 247
 122 204 236
 59 176 248
 249 75 203
 74 203 75
 232 246 250
 22 11 251
 10 12 198
 6 146 161
 232 248 176
 164 96 235
 42 169 197
 103 65 252
 0 58 1
 66 243 26
 168 242 169
 38 233 36
 51 166 142
 202 142 166
 164 235 208
 249 225 151
 10 251 11
 232 224 130
 37 67 36
 63 253 64
 114 129 131
 128 131 129
 174 225 203
 63 175 253
 103 252 91
 216 84 83
 111 201 192
 195 173 167
 254 109 108
 232 250 255
 41 148 147
 256 64 253
 153 85 84
 74 253 175
 77 247 118
 172 144 212
 140 212 144
 91 252 223
 59 248 100
 140 213 212
 15 170 16
 82 85 234
 239 108 107
 77 147 124
 126 133 132
 256 163 87
 42 16 170
 153 182 85
 126 148 133
 22 251 23
 33 257 138
 136 138 257
 140 142 213
 159 208 235
 48 146 241
 153 84 154
 211 245 25
 244 25 245
 237 191 152
 200 102 92
 30 107 95
 110 112 258
 190 258 112
 77 118 147
 41 147 118
 136 257 259
 260 259 257
 193 132 18
 183 156 57
 209 127 214
 254 261 207
 222 23 251
 136 259 47
 249 203 225
 38 160 233
 159 233 160
 123 116 124
 88 32 262
 27 198 12
 140 143 171
 128 130 224
 6 241 146
 216 154 84
 56 47 259
 33 262 32
 183 234 182
 85 182 234
 207 261 230
 238 187 186
 209 210 240
 105 240 210
 56 259 263
 218 125 188
 158 264 265
 60 243 113
 30 231 107
 74 163 253
 66 26 23
 90 201 236
 90 102 192
 244 226 46
 168 170 185
 139 262 138
 209 240 127
 119 127 240
 256 243 64
 136 47 196
 60 62 24
 56 263 219
 106 95 107
 73 46 226
 34 235 96
 193 188 132
 7 264 8
 33 72 257
 158 265 208
 260 72 229
 139 89 262
 45 217 46
 244 46 217
 202 213 142
 140 144 143
 73 196 47
 33 138 262
 260 257 72
 244 17 25
 164 208 266
 195 227 173
 88 262 89
 168 102 242
 31 229 72
 222 221 92
 244 217 17
 190 17 217
 216 189 210
 90 192 201
 15 185 170
 183 57 199
 60 26 243
 200 92 221
 30 32 267
 88 267 32
 216 83 220
 174 220 83
 216 220 189
 168 192 102
 222 251 221
 180 21 177
 200 242 102
 69 68 230
 205 230 68
 137 196 179
 237 50 258
 239 107 231
 31 95 173
 100 248 255
 10 221 251
 7 265 264
 43 29 268
 256 253 163
 180 263 181
 260 181 263
 260 229 181
 20 181 229
 260 263 259
 172 131 145
 128 145 131
 193 18 194
 239 230 261
 20 229 227
 110 258 50
 0 199 57
 54 177 21
 237 258 191
 202 165 9
 135 268 29
 232 255 248
 88 70 267
 69 267 70
 20 227 194
 69 231 267
 195 194 227
 53 269 134
 149 134 269
 180 219 263
 97 236 201
 65 223 252
 256 113 243
 164 266 165
 7 165 266
 256 87 113
 122 98 120
 190 191 258
 105 210 189
 237 269 50
 53 50 269
 61 113 87
 237 150 269
 149 269 150
 208 265 266
 94 189 220
 30 267 231
 2 234 199
 183 199 234
 122 236 98
 97 98 236
 6 3 241
 99 241 3
 239 261 108
 99 120 98
 7 266 265
 254 108 261
 0
 0
 0
 0
 0
 0
 0
 11
 218 254 238 78 109 207 215 228 117 206 187
 18
 114 158 40 78 81 80 79 100 118 130 264 129 246 160 250 8 255 247
 0
 0
 0
 8
 14 28 135 52 121 12 24 62
 16
 211 205 139 135 43 137 71 178 245 44 226 89 206 70 179 268
 0
 0
 0
 0
 0
 0
 0
 0
 0
 0
 11
 249 86 61 2 76 121 58 100 75 151 1
 0
 0
 0
