284 500
0.949779 3.404397 1
1.054199 3.509120 1
0.863356 3.491082 1
0.929897 3.592054 1
1.124692 2.502292 2
1.228799 2.671952 2
1.078740 2.622919 1
2.045098 3.303173 1
2.145648 3.373467 1
1.976770 3.446197 1
2.119670 3.493098 1
0.322056 2.511587 1
0.277052 2.371028 1
0.408222 2.362005 2
0.454521 2.808389 1
0.571388 2.861906 1
0.452134 2.950124 1
0.260440 3.850509 1
0.316807 3.985194 2
0.191424 3.991625 2
1.845991 4.317462 2
1.710832 4.271868 2
1.848897 4.146701 1
1.512000 3.028704 1
1.638329 2.981352 1
1.652687 3.096948 1
1.042573 3.357720 1
1.152876 3.345575 1
1.823967 3.799310 1
1.844278 3.966350 1
1.713768 3.849500 1
1.678203 3.965249 1
2.571431 3.205691 2
2.535318 3.365102 2
2.434222 3.215888 1
2.399718 3.322978 1
1.205574 3.476413 1
0.000000 3.611111 0
0.000000 3.472222 0
0.145812 3.516792 1
0.107255 3.641623 1
0.215148 2.456833 1
0.929934 2.639890 1
0.910989 2.774923 1
0.801785 2.672930 1
1.774427 3.040984 1
1.793190 3.163004 1
2.529397 2.962426 1
2.667062 2.893990 3
2.625647 3.073562 2
0.794699 2.807750 1
0.959141 3.272808 1
1.114740 3.190928 1
1.972178 4.097893 1
0.571555 2.580719 1
0.703462 2.592797 1
0.657172 2.726656 1
1.857689 3.579554 1
2.015769 3.551778 1
2.186648 3.695920 1
2.264641 3.792607 2
2.162940 3.843647 1
0.987016 3.751022 1
1.114635 3.829833 1
0.950544 3.894858 2
2.081096 3.728491 1
1.529652 2.930318 1
2.344383 2.780520 2
2.293576 2.914561 1
2.211674 2.801809 2
2.157629 2.901798 1
1.545395 3.612684 1
1.708498 3.610493 1
1.647203 3.724900 1
0.325970 2.789191 1
0.430034 2.642692 1
2.218435 4.216924 1
2.368239 4.274683 2
2.195001 4.360684 2
1.091373 3.977587 2
2.288267 3.928280 2
2.194062 4.086891 1
2.123543 3.972538 1
2.000322 3.658331 1
1.708725 4.146117 1
1.907914 3.243223 1
1.757735 3.323189 1
2.328976 4.094757 2
0.711800 3.215925 1
0.817296 3.350409 1
0.664800 3.365109 1
0.816208 2.523963 1
0.717624 3.718441 1
0.684755 3.851752 1
0.575425 3.706501 1
0.543499 3.861286 1
0.000000 2.638889 0
0.000000 2.500000 0
0.156563 2.564223 1
0.575569 2.333369 2
0.555307 2.449255 1
0.990665 2.513189 2
1.388970 3.318665 1
1.514504 3.315554 1
1.492873 3.422162 1
0.117865 3.862267 2
1.130480 3.678314 1
2.054163 4.363466 1
2.077769 4.478052 3
2.029438 3.159523 1
0.802402 3.915571 1
0.782489 4.064852 2
0.647741 3.997498 2
0.097560 2.702323 1
0.547388 3.025512 1
1.981885 4.254064 1
1.282266 3.134658 1
1.200760 3.029277 1
1.066132 3.019356 1
1.619870 2.889459 1
1.508932 2.776086 2
1.679207 2.789721 2
0.404852 3.911410 2
1.355590 2.757757 2
1.427904 2.896766 1
1.250350 2.823003 1
1.605948 3.264765 1
1.468642 3.218100 1
1.552569 3.145017 1
0.458728 2.509269 1
1.264962 3.777778 1
0.531076 3.469311 1
0.501801 3.344194 1
0.648033 3.496348 1
0.303327 2.643407 1
0.204520 2.705582 1
1.904876 3.102249 1
0.000000 2.222222 0
0.000000 2.083333 0
0.130890 2.155257 2
0.848638 3.194028 1
1.105655 2.816049 1
1.152034 2.918720 1
1.013140 2.883109 1
1.348485 3.453827 1
1.276167 2.941524 1
0.307372 2.242768 2
0.405477 3.463461 1
0.378596 3.319889 1
0.268258 3.404548 1
1.029407 2.740659 1
2.174151 3.085896 1
2.100081 2.995924 1
1.980043 3.005756 1
0.404601 3.755174 1
1.687407 3.196637 1
0.455974 3.598279 1
0.303318 3.536052 1
0.360182 2.896423 1
1.538939 3.726226 1
1.316966 3.563776 1
0.969066 3.120357 1
0.355013 3.178329 1
0.264285 3.290146 1
0.243069 3.144606 1
0.340842 3.651117 1
1.256852 3.379022 1
1.997262 3.961263 1
0.512555 3.990443 2
0.856220 3.040886 1
0.748270 3.084017 1
0.132785 3.358270 1
2.429618 2.873436 2
0.000000 3.333333 0
2.212756 2.982619 1
1.952836 4.392175 2
0.922144 2.388603 2
2.042769 3.837402 1
0.838054 3.780471 1
0.957942 2.990262 1
1.935556 3.863652 1
1.225959 3.886014 1
0.690698 2.862676 1
2.276365 3.172421 1
2.319116 3.273398 1
0.537335 2.709244 1
2.385357 3.105984 1
0.246848 2.913737 1
0.321435 3.020672 1
0.169776 3.057310 1
1.757389 4.056217 1
1.257768 4.007148 2
0.736492 3.530544 1
0.746491 3.433412 1
0.273826 3.722991 1
1.824021 3.453087 1
0.000000 3.055556 0
0.108668 2.953682 1
1.583376 3.502321 1
2.313524 3.484680 1
2.376864 3.565907 2
2.233952 3.561823 1
1.910382 2.878036 2
1.864057 2.985655 1
1.750556 2.901249 2
1.129870 2.711843 1
1.363881 3.209672 1
2.141032 3.189655 1
2.118942 4.284904 1
2.398672 3.432443 1
1.258429 3.661305 1
1.407226 3.692912 1
2.267133 3.651647 1
1.256936 3.262984 1
2.093771 4.187382 1
1.017475 3.636533 1
1.336604 3.931155 2
1.374240 3.826074 1
2.085275 4.074595 1
0.148263 3.745319 1
0.000000 2.916667 0
0.000000 2.777778 0
0.126715 2.825142 1
0.105018 3.155647 1
2.486100 3.502004 2
1.609873 3.384493 1
1.693205 3.467392 1
0.000000 3.750000 0
1.899794 3.359475 1
1.190860 3.579062 1
1.885537 3.695536 1
2.200313 3.282825 1
0.785964 2.303798 2
0.769742 2.412311 1
1.438288 3.555330 1
0.672693 3.611420 1
1.592145 4.171113 2
0.588716 3.246781 1
0.214986 3.612837 1
0.660197 2.980864 1
0.635436 3.122160 1
0.000000 2.361111 0
0.104577 2.288904 1
0.107604 2.436661 1
1.355461 3.026949 1
0.808822 3.631481 1
1.774530 3.699827 1
0.770035 2.936203 1
1.494057 3.828117 1
0.468288 3.220364 1
0.167097 3.240989 1
1.519705 4.078920 1
1.411892 4.023517 2
1.541506 3.965039 1
1.456560 4.158369 2
0.188829 2.366446 1
0.571542 3.574226 1
2.291043 3.043742 1
2.404053 3.000973 1
2.364691 3.674391 2
1.431660 3.914780 1
2.111428 3.605422 1
0.898227 3.693818 1
0.670592 2.459717 1
0.883838 2.905522 1
0.447165 3.090198 1
0.876311 3.995480 2
1.632625 4.071932 1
0.000000 3.194444 0
1.602232 3.849742 1
1.961541 3.763787 1
0.688612 2.346434 2
2.499911 3.088206 1
1.422505 3.123403 1
0.538731 3.146183 1
0.226583 2.806432 1
2.540833 2.848108 2
2.043079 2.899563 2
1.769243 3.527869 1
2.284962 3.372878 1
2.219551 3.457190 1
0.080980 3.256537 1
0.208869 2.269420 2
2.105972 2.821742 2
 0 1 2
 2 1 3
 4 5 6
 7 8 9
 9 8 10
 11 12 13
 14 15 16
 17 18 19
 20 21 22
 23 24 25
 1 26 27
 28 29 30
 31 30 29
 32 33 34
 35 34 33
 1 27 36
 37 38 39
 37 39 40
 11 41 12
 42 43 44
 45 46 25
 47 48 49
 43 50 44
 51 52 26
 27 26 52
 53 22 29
 54 55 56
 57 9 58
 59 60 61
 62 63 64
 59 61 65
 23 66 24
 67 68 69
 70 69 68
 71 72 73
 14 74 75
 76 77 78
 79 64 63
 80 81 82
 57 58 83
 84 22 21
 85 86 46
 76 87 77
 88 89 90
 91 42 44
 92 93 94
 95 94 93
 96 97 98
 50 56 44
 56 55 44
 99 100 13
 91 101 42
 102 103 104
 51 0 89
 17 19 105
 62 106 63
 107 78 108
 85 109 7
 110 111 112
 96 98 113
 16 15 114
 20 22 115
 116 52 117
 118 117 52
 119 120 121
 17 122 18
 110 112 93
 95 93 112
 123 124 125
 126 127 128
 11 13 129
 130 63 106
 23 25 128
 131 132 90
 133 131 90
 11 134 98
 135 98 134
 6 42 101
 85 136 109
 137 138 139
 51 89 140
 88 140 89
 141 142 143
 118 143 142
 102 104 144
 145 125 124
 146 13 12
 132 147 148
 149 148 147
 6 150 42
 102 127 103
 151 109 152
 153 152 109
 95 122 154
 126 128 155
 156 157 147
 85 46 136
 14 16 158
 71 73 159
 160 36 144
 17 154 122
 51 161 52
 162 163 164
 156 165 157
 36 166 144
 53 29 167
 80 87 81
 95 112 168
 118 52 161
 169 140 170
 38 171 39
 80 82 61
 75 74 134
 67 172 68
 162 148 163
 156 94 154
 95 154 94
 141 143 150
 38 173 171
 13 100 129
 70 68 174
 25 155 128
 107 108 175
 91 176 101
 177 82 167
 92 178 93
 110 93 178
 135 113 98
 118 179 143
 28 180 29
 79 63 181
 50 182 56
 183 34 184
 45 136 46
 54 56 185
 186 34 183
 187 188 189
 126 103 127
 45 25 24
 31 29 190
 46 86 155
 123 120 124
 79 181 191
 88 170 140
 192 133 193
 17 194 154
 11 129 75
 54 75 129
 177 61 82
 57 195 9
 10 58 9
 196 197 189
 14 185 15
 56 15 185
 71 198 72
 199 200 201
 202 203 204
 205 125 141
 102 206 127
 109 207 7
 107 115 208
 35 33 209
 5 125 205
 130 210 211
 200 212 201
 116 213 52
 27 52 213
 154 194 165
 115 214 208
 133 90 193
 29 22 190
 1 0 26
 45 204 203
 1 215 3
 169 161 140
 216 181 217
 53 115 22
 187 189 197
 53 167 218
 53 214 115
 17 105 219
 220 221 222
 160 211 210
 196 189 223
 33 224 209
 153 109 136
 62 64 178
 110 178 64
 130 217 181
 126 86 225
 226 225 86
 80 61 60
 227 219 105
 82 218 167
 11 98 41
 85 7 228
 9 228 7
 62 215 106
 119 66 120
 229 106 1
 106 215 1
 130 106 210
 57 83 230
 231 7 207
 232 176 233
 91 233 176
 95 168 122
 104 198 234
 192 235 133
 226 72 198
 130 211 217
 151 207 109
 226 86 195
 84 21 236
 88 90 237
 238 40 39
 149 157 39
 238 39 157
 145 142 125
 126 155 86
 239 240 114
 123 125 5
 239 114 15
 25 46 155
 51 140 161
 14 75 185
 11 75 134
 156 154 165
 241 242 243
 54 185 75
 120 66 124
 145 244 117
 116 117 244
 149 39 171
 92 245 178
 89 0 2
 73 246 30
 45 203 136
 97 243 98
 23 244 124
 145 124 244
 76 214 81
 169 170 247
 239 247 170
 196 220 197
 76 81 87
 71 211 234
 160 234 211
 71 159 211
 248 211 159
 162 249 148
 248 217 211
 189 188 164
 132 237 90
 250 164 163
 227 40 219
 28 30 246
 251 252 253
 135 134 74
 251 236 254
 6 101 4
 137 139 242
 220 222 197
 177 65 61
 255 243 242
 156 131 256
 239 170 240
 71 234 198
 14 158 74
 186 257 258
 92 94 235
 132 148 249
 68 258 257
 255 12 41
 227 37 40
 91 44 55
 156 147 131
 59 212 60
 259 60 212
 104 234 144
 216 191 181
 141 125 142
 253 252 260
 83 261 65
 178 245 262
 107 175 115
 20 115 175
 91 55 263
 54 100 263
 89 2 193
 149 171 163
 187 197 222
 89 193 90
 50 43 264
 29 180 167
 118 161 179
 169 179 161
 162 265 249
 110 266 111
 57 246 72
 31 267 253
 251 253 267
 85 228 86
 192 2 245
 3 245 2
 119 24 66
 130 181 63
 268 196 223
 149 147 157
 51 26 0
 102 144 166
 54 129 100
 73 269 159
 84 190 22
 145 117 142
 133 256 131
 28 230 270
 149 163 148
 143 264 43
 54 263 55
 99 263 100
 99 271 263
 110 64 266
 28 270 180
 91 263 233
 259 212 200
 32 34 272
 32 272 49
 250 163 171
 248 159 269
 135 222 113
 221 113 222
 73 72 246
 6 5 205
 47 258 172
 68 172 258
 231 8 7
 116 273 206
 241 137 242
 76 78 208
 239 182 247
 97 241 243
 274 114 240
 76 208 214
 132 131 147
 47 49 272
 160 229 36
 59 65 261
 238 157 165
 187 74 158
 116 244 273
 238 219 40
 238 194 219
 17 219 194
 156 256 94
 135 74 275
 132 249 237
 35 184 34
 187 275 74
 1 36 229
 192 245 235
 92 235 245
 47 172 276
 62 262 215
 274 249 265
 6 205 150
 16 265 188
 162 188 265
 83 58 261
 162 164 188
 239 15 182
 31 253 269
 186 272 34
 57 230 246
 153 202 277
 50 264 247
 224 200 209
 199 209 200
 214 218 81
 53 218 214
 151 183 207
 231 207 183
 107 208 78
 226 195 278
 226 278 72
 57 72 278
 23 124 66
 50 247 182
 102 213 206
 3 215 262
 189 164 223
 250 223 164
 231 279 8
 187 222 275
 169 247 264
 135 275 222
 102 166 213
 27 213 166
 221 96 113
 16 188 158
 187 158 188
 143 43 150
 177 167 180
 47 276 48
 31 190 267
 84 267 190
 192 193 2
 42 150 43
 47 272 258
 27 166 36
 31 269 30
 160 210 229
 86 228 195
 279 280 8
 274 237 249
 173 268 281
 88 237 240
 274 240 237
 62 178 262
 116 206 213
 141 150 205
 119 204 24
 248 269 253
 186 183 257
 160 144 234
 153 136 203
 173 281 171
 73 30 269
 151 257 183
 186 258 272
 169 264 179
 231 183 184
 251 254 252
 94 256 235
 119 121 204
 56 182 15
 250 171 281
 35 209 279
 199 279 209
 82 81 218
 238 165 194
 153 203 202
 84 236 267
 118 142 117
 248 253 260
 126 225 103
 104 103 225
 98 243 41
 255 41 243
 45 24 204
 88 240 170
 216 260 252
 57 278 195
 139 282 242
 231 184 279
 251 267 236
 28 246 230
 9 195 228
 255 242 282
 3 262 245
 133 235 256
 35 279 184
 226 198 225
 104 225 198
 216 217 260
 248 260 217
 106 229 210
 70 152 277
 153 277 152
 143 179 264
 127 206 273
 10 280 201
 199 201 280
 199 280 279
 274 265 114
 16 114 265
 263 271 233
 23 273 244
 70 174 152
 10 201 261
 151 152 174
 10 261 58
 255 282 12
 83 270 230
 59 201 212
 59 261 201
 146 12 282
 250 281 223
 127 273 128
 23 128 273
 10 8 280
 268 223 281
 232 233 271
 83 65 270
 177 270 65
 177 180 270
 68 257 174
 151 174 257
 70 277 283
 70 283 69
 0
 0
 0
 0
 0
 0
 0
 0
 19
 20 79 19 112 216 122 64 191 111 18 168 108 105 175 254 21 252 236 266
 0
 0
 0
 0
 0
 0
 0
 0
 0
 0
 0
 0
 0
 23
 99 146 123 67 232 13 176 120 139 5 101 172 48 202 121 276 4 277 204 271 282 69 283
 0
 13
 259 80 32 33 60 87 224 78 77 49 48 108 200
 0
 0
 0
