276 485
2.317473 7.078120 1
2.417764 7.184912 1
2.250142 7.195615 1
2.313748 7.309247 1
2.457381 7.696479 1
2.330687 7.682017 1
2.433056 7.563674 1
2.534269 7.374473 1
2.443488 7.311311 1
2.579876 7.256678 1
2.282214 7.583952 1
2.203551 6.985586 1
2.338772 6.935942 1
2.464019 7.022563 1
2.305840 7.476904 1
2.107061 8.657786 1
2.156330 8.559928 1
2.215323 8.693197 2
1.786778 7.275660 1
1.840102 7.137749 2
1.913435 7.227174 1
2.988788 8.221578 1
2.848468 8.223381 1
2.938308 8.067600 1
3.081775 8.353309 1
2.937531 8.385432 1
2.601451 8.230957 1
2.705326 8.289047 1
2.563487 8.380516 1
3.099504 7.861408 1
3.087139 7.754130 1
3.246407 7.816896 2
3.455959 8.054653 1
3.603015 8.014289 2
3.522590 8.166489 1
2.826501 8.085840 1
2.418204 7.433827 1
2.583979 7.497101 1
2.759440 7.514537 1
2.666480 7.624243 1
1.674321 7.205916 2
1.508334 8.189949 1
1.644398 8.157336 1
1.585124 8.273692 1
1.707647 8.287313 1
3.167779 7.683233 1
2.824404 7.342330 1
2.669007 7.374741 1
2.908478 7.476202 1
2.685320 8.413293 1
2.952770 7.357646 1
3.067519 7.422348 2
2.684485 8.547401 2
2.796300 8.460410 1
2.845678 8.557736 2
2.255517 8.547160 2
2.210943 7.419106 1
3.030931 7.537596 1
3.045278 7.292064 1
3.091022 7.181091 2
3.155838 7.313945 2
3.637452 8.120075 1
2.799217 7.693826 1
2.923133 7.614957 1
1.590732 7.730081 1
1.716652 7.782197 1
1.610746 7.862753 1
1.696259 8.602985 1
1.803862 8.695800 1
1.657487 8.728475 1
2.808614 7.168708 1
2.942381 7.236932 1
1.904055 7.879086 1
1.837587 7.992599 1
1.796929 7.883687 1
1.494142 8.765318 2
1.645896 8.843415 2
2.774981 6.409706 2
2.740520 6.528897 1
2.621361 6.497158 2
1.961229 7.996693 1
1.767289 8.201658 1
2.466010 8.508545 2
2.438167 8.359035 1
3.031659 8.517939 1
1.687510 7.652841 1
3.131418 8.196046 1
2.318282 8.054093 1
2.336846 7.907362 1
2.449202 7.997257 1
1.965205 8.701877 1
1.870443 8.844454 2
1.728744 8.439555 1
1.596820 8.391994 1
2.307197 8.331261 1
2.310130 8.199123 1
2.416319 8.226562 1
3.063891 7.641549 1
1.561748 8.649764 1
2.198971 7.963866 1
2.944302 7.070577 1
2.884941 6.941597 1
3.017774 6.951748 1
2.956478 6.808999 1
2.207673 8.252357 1
2.991874 7.710558 1
1.596348 8.519858 1
1.630993 7.365955 2
2.521891 6.696742 1
2.417243 6.654553 2
2.566158 6.600378 1
1.544884 8.074590 1
2.477557 6.542108 2
3.511250 7.910295 2
2.793774 7.994339 1
2.686939 7.956045 1
2.792672 7.848142 1
3.162837 7.963872 1
2.688408 6.845854 1
2.552580 6.887485 1
2.618056 6.741405 1
2.740686 8.172968 1
2.344554 8.463660 2
1.908202 7.358087 1
2.862174 6.578849 1
2.968595 6.656877 1
2.851676 6.706321 1
2.929271 8.493922 1
2.978158 8.659540 3
3.282170 7.982706 1
2.035455 7.380548 1
2.150744 7.318586 1
2.112930 7.459446 1
2.586080 7.112348 1
2.626130 8.127058 1
2.891120 7.950875 1
2.079071 7.912491 1
2.120774 7.803924 1
2.261610 7.806186 1
2.006415 7.842937 1
3.018186 7.962210 1
3.026406 8.119363 1
1.390459 7.691524 2
1.501852 7.678027 1
1.500886 7.797293 2
2.177634 8.374730 1
3.163727 6.971000 1
3.118363 6.849500 2
3.277380 6.882189 2
2.020253 7.267929 1
2.363943 6.802744 1
2.245891 6.841384 2
3.109078 8.066141 1
2.437755 6.885254 1
1.894796 8.283788 1
1.796368 8.333261 1
2.574666 7.007318 1
2.126284 8.081773 1
2.057845 8.012397 1
2.556417 7.605742 1
2.440898 7.840679 1
2.551204 7.791159 1
2.592933 7.696841 1
2.651590 6.943803 1
2.794759 8.349617 1
3.081839 7.047856 1
2.493084 6.794065 1
3.209192 8.323812 2
3.142920 8.472559 2
3.384366 7.927693 2
3.338727 8.074183 1
1.451239 8.326179 2
1.398905 8.200853 2
1.751417 7.973350 1
2.660093 7.848749 1
2.213852 8.122400 1
2.084858 8.479953 1
2.011927 8.365358 1
2.078767 7.666364 1
2.034003 7.560336 1
2.176873 7.551620 1
1.860916 8.142054 1
2.010645 8.122132 1
1.497397 8.567036 1
2.076327 7.058541 1
2.054027 6.924795 2
2.190225 7.101747 1
2.578987 8.492351 2
2.055979 8.579137 1
2.811126 6.830569 1
2.559854 7.907807 1
2.580730 8.027303 1
2.019666 8.846539 2
3.263058 7.656786 2
2.508919 8.137167 1
2.074688 8.746455 1
1.463472 7.365602 2
1.532278 7.479693 1
1.878052 8.432953 1
1.824728 8.560706 1
1.973966 7.465500 1
1.747745 8.802259 1
2.359423 7.771815 1
2.772497 6.631569 1
1.675653 7.515348 1
1.761743 7.409687 1
1.793636 7.572269 1
1.862727 7.473275 1
2.209255 7.681920 1
2.269654 6.706133 2
2.503778 8.272970 1
3.764626 7.978360 2
3.713003 8.075606 1
2.106870 8.283138 1
3.090335 6.712043 2
1.976478 7.746914 1
1.396366 7.460019 3
2.709536 7.054564 1
2.821318 7.035058 1
2.228667 8.455847 1
2.911109 7.846158 1
1.946103 7.028942 2
2.686038 7.749208 1
2.723051 7.266156 1
3.087309 8.611466 2
3.505209 8.273164 2
3.625255 8.229438 2
1.887306 8.627846 1
1.761035 8.899155 2
2.142537 6.862159 2
2.974607 6.528362 1
2.015341 8.240054 1
1.451279 7.567094 2
2.684746 7.162374 1
2.870167 6.466660 2
3.823353 8.107009 3
3.182489 7.548820 2
1.943088 8.197810 1
1.499858 7.947772 2
1.955428 8.552999 1
1.977435 7.641033 1
3.279959 8.202665 1
3.221675 8.093870 1
3.219912 7.099728 2
3.356488 8.323774 2
1.426698 8.649664 2
2.676126 6.621308 1
1.974128 8.457271 1
2.698863 8.066895 1
2.110897 7.181079 1
1.996131 7.145063 1
2.400570 8.122841 1
1.575904 7.604143 1
1.642432 7.990613 1
3.408233 8.183514 1
3.075473 6.590240 2
2.158822 8.828609 2
1.750976 8.080727 1
2.761153 6.941907 1
3.277499 6.994697 2
1.429399 8.087277 2
3.733426 8.174810 2
1.703635 7.898520 1
3.008007 7.820422 1
2.898241 7.744026 1
1.842852 7.773014 1
1.878363 7.667325 1
1.782536 7.690072 1
1.497119 8.467815 1
1.402143 8.440618 3
2.733116 6.724302 1
2.113444 8.183642 1
1.919563 7.564223 1
2.996739 6.405838 3
1.404965 8.536551 2
3.064626 6.488285 2
 0 1 2
 2 1 3
 4 5 6
 7 8 9
 5 10 6
 11 12 0
 13 0 12
 10 14 6
 15 16 17
 18 19 20
 21 22 23
 21 24 25
 8 1 9
 26 27 28
 29 30 31
 32 33 34
 23 22 35
 3 36 14
 37 38 39
 18 40 19
 41 42 43
 44 43 42
 36 6 14
 45 31 30
 46 38 47
 37 47 38
 46 48 38
 13 1 0
 28 27 49
 48 50 51
 52 53 54
 16 55 17
 3 14 56
 57 48 51
 58 59 60
 61 34 33
 62 38 63
 64 65 66
 67 68 69
 46 70 71
 72 73 74
 75 69 76
 77 78 79
 72 80 73
 44 42 81
 82 83 28
 84 25 24
 64 85 65
 21 86 24
 87 88 89
 90 91 68
 44 92 93
 94 95 96
 57 97 63
 67 69 98
 87 99 88
 100 101 102
 103 102 101
 94 104 95
 105 63 97
 67 98 106
 18 107 40
 108 109 110
 41 111 42
 110 109 112
 37 36 7
 62 39 38
 32 113 33
 58 71 59
 100 59 71
 114 115 116
 29 31 117
 118 119 120
 26 121 27
 21 25 22
 82 122 83
 18 20 123
 124 125 126
 54 127 128
 84 128 127
 44 93 43
 129 117 31
 46 71 50
 130 131 132
 13 133 1
 134 121 26
 114 116 135
 136 137 99
 138 99 137
 72 139 80
 136 80 139
 23 140 141
 142 143 144
 3 8 36
 37 6 36
 94 145 104
 146 147 148
 130 123 149
 9 1 133
 150 12 151
 57 63 48
 141 140 152
 13 153 119
 9 47 7
 37 7 47
 154 155 81
 13 119 156
 94 96 83
 157 158 99
 37 39 159
 11 151 12
 136 99 158
 56 132 131
 160 4 161
 162 161 4
 118 163 119
 164 25 53
 100 165 59
 108 166 109
 166 150 109
 75 98 69
 24 167 168
 129 31 169
 3 56 131
 162 4 159
 32 170 169
 41 171 172
 146 102 147
 173 74 73
 174 116 115
 157 99 175
 103 126 125
 38 48 63
 87 175 99
 176 177 145
 178 179 180
 130 149 131
 181 80 182
 183 106 98
 164 22 25
 25 127 53
 11 184 185
 84 24 168
 152 140 117
 11 0 186
 100 71 70
 82 28 187
 32 169 113
 90 188 15
 103 189 126
 160 190 89
 191 89 190
 90 192 91
 45 193 31
 191 194 89
 90 15 195
 44 81 155
 64 144 143
 196 107 197
 198 199 92
 67 92 199
 130 200 123
 68 91 201
 181 154 81
 198 154 177
 136 158 80
 103 147 102
 160 202 4
 103 101 189
 124 126 203
 204 205 206
 207 206 205
 178 180 208
 29 117 140
 150 151 209
 26 28 210
 211 212 33
 204 107 205
 18 205 107
 145 177 213
 20 149 123
 103 214 147
 178 137 215
 196 197 216
 217 218 70
 100 70 218
 21 23 141
 215 137 139
 176 219 16
 220 135 116
 119 166 120
 56 14 180
 10 180 14
 13 12 153
 176 145 219
 221 185 184
 204 197 107
 67 199 68
 174 161 222
 100 218 101
 181 73 80
 46 223 70
 84 224 128
 24 86 167
 225 34 226
 164 27 22
 121 22 27
 103 125 214
 90 68 227
 228 201 91
 11 185 229
 124 230 125
 4 6 159
 10 208 180
 231 177 154
 232 216 197
 217 70 233
 150 209 109
 94 83 122
 77 234 78
 235 212 211
 57 51 236
 181 182 237
 129 169 170
 124 78 234
 58 50 71
 238 144 66
 90 239 188
 178 240 179
 3 1 8
 241 86 242
 152 242 86
 162 222 161
 11 186 184
 160 89 88
 84 168 224
 150 153 12
 59 165 243
 241 244 167
 58 51 50
 146 165 102
 69 68 201
 75 245 98
 241 167 86
 100 102 165
 246 120 110
 108 110 120
 146 243 165
 198 177 247
 46 47 223
 121 134 248
 249 131 149
 221 250 19
 138 88 99
 89 194 251
 93 92 106
 67 106 92
 121 35 22
 204 85 252
 198 239 199
 238 66 253
 225 244 254
 241 254 244
 90 195 192
 255 214 125
 191 190 115
 183 98 245
 9 223 47
 84 127 25
 11 229 151
 87 89 251
 207 123 200
 15 17 195
 256 195 17
 152 86 141
 21 141 86
 138 208 5
 173 257 253
 42 253 257
 20 19 250
 46 50 48
 23 35 135
 204 206 85
 138 5 202
 217 133 156
 204 252 197
 36 8 7
 52 49 53
 118 189 258
 207 205 123
 18 123 205
 246 79 78
 114 135 35
 146 148 259
 129 242 117
 152 117 242
 174 115 190
 249 2 131
 255 125 230
 41 260 111
 217 156 163
 138 137 208
 178 208 137
 181 237 154
 231 154 237
 232 197 252
 179 200 132
 249 184 186
 101 258 189
 64 252 85
 164 49 27
 198 155 154
 241 170 254
 108 120 166
 235 261 212
 160 88 202
 198 247 239
 96 194 210
 26 210 194
 176 239 247
 174 190 161
 64 66 144
 238 253 111
 176 188 239
 114 35 248
 121 248 35
 90 227 239
 65 262 66
 138 202 88
 44 155 92
 52 187 49
 28 49 187
 198 92 155
 54 53 127
 249 186 2
 42 111 253
 179 132 180
 231 213 177
 105 263 264
 45 97 236
 57 236 97
 72 265 215
 266 215 265
 62 63 264
 105 264 63
 130 132 200
 55 16 219
 32 254 170
 45 236 193
 238 111 260
 28 83 210
 93 171 43
 41 172 260
 23 135 140
 9 133 233
 62 264 116
 220 116 264
 146 259 243
 65 85 267
 220 263 140
 29 140 263
 20 250 149
 249 149 250
 93 268 171
 269 171 268
 221 184 250
 62 222 39
 162 39 222
 246 110 79
 112 79 110
 162 159 39
 41 43 171
 104 145 213
 241 242 170
 3 131 2
 176 247 177
 217 233 133
 94 219 145
 68 199 227
 118 258 163
 119 163 156
 191 134 194
 220 264 263
 58 60 51
 70 223 233
 118 270 189
 191 115 248
 13 156 133
 61 226 34
 256 192 195
 136 139 137
 62 116 222
 174 222 116
 85 206 267
 42 257 81
 157 271 182
 231 182 271
 32 34 254
 225 254 34
 178 215 240
 220 140 135
 61 33 212
 56 180 132
 96 251 194
 164 53 49
 232 143 142
 249 250 184
 126 189 270
 26 194 134
 232 252 143
 124 203 78
 191 248 134
 9 233 223
 207 272 206
 266 206 272
 61 261 226
 129 170 242
 239 227 199
 273 230 234
 124 234 230
 183 245 274
 173 253 262
 66 262 253
 0 2 186
 266 267 206
 37 159 6
 105 30 263
 183 268 106
 266 240 215
 114 248 115
 246 78 203
 72 215 139
 93 106 268
 217 163 258
 118 120 270
 10 5 208
 87 251 95
 96 95 251
 246 270 120
 160 161 190
 105 97 30
 45 30 97
 61 212 261
 231 237 182
 96 210 83
 80 158 182
 157 182 158
 181 257 73
 87 95 175
 104 175 95
 64 143 252
 228 76 201
 69 201 76
 179 272 200
 207 200 272
 181 81 257
 217 258 218
 72 74 265
 65 265 74
 94 122 219
 55 219 122
 246 203 270
 183 274 268
 4 202 5
 173 73 257
 101 218 258
 269 268 274
 273 275 230
 255 230 275
 65 74 262
 119 153 166
 150 166 153
 65 267 265
 231 271 213
 104 213 271
 126 270 203
 29 263 30
 266 272 240
 266 265 267
 176 16 188
 104 271 175
 157 175 271
 173 262 74
 15 188 16
 179 240 272
 0
 0
 0
 0
 0
 0
 0
 9
 269 238 232 260 142 171 216 172 144
 0
 16
 112 196 221 273 77 185 107 151 109 79 209 19 216 40 229 234
 9
 225 235 128 244 167 261 168 224 226
 17
 75 52 269 228 256 82 54 55 128 91 192 245 17 122 274 76 187
 19
 255 235 59 273 31 211 148 147 113 214 236 243 51 60 169 33 259 193 275
 0
 0
 0
 0
 0
 0
 0
 0
 0
 0
 0
 0
 0
 0
 0
