280 496
5.075511 3.255838 3
4.968703 3.179825 1
5.122739 3.104407 2
4.814559 2.925099 1
4.701535 3.049531 1
4.676769 2.899004 1
3.777970 3.146677 1
3.652420 3.199282 1
3.661256 3.088212 1
3.743002 3.263467 1
3.813725 3.367210 1
3.647573 3.329685 1
4.845317 3.097768 1
5.007074 3.044911 1
4.499614 3.585040 2
4.366788 3.584994 1
4.446567 3.471965 1
3.445907 2.659313 1
3.518409 2.790100 1
3.368222 2.742452 1
4.334121 3.451462 1
3.948735 2.525645 1
3.998096 2.637498 1
3.843473 2.645442 1
3.842246 2.212200 1
3.712051 2.282257 1
3.704172 2.146105 1
4.473174 3.256110 1
4.567456 3.148981 1
4.605954 3.329224 2
4.706223 3.210999 1
3.683997 3.444801 1
3.390509 2.852428 1
3.084625 1.710023 2
3.214273 1.796005 1
3.044488 1.817739 1
3.938292 2.741144 1
3.833107 2.492996 1
4.062547 2.751495 1
3.486349 2.979638 1
3.405792 3.076089 1
3.373044 2.967898 1
3.287072 3.032096 1
3.754267 2.567093 1
4.592384 2.319388 1
4.691078 2.196561 1
4.696296 2.345913 1
4.580345 2.206484 1
3.469650 1.397828 2
3.586089 1.443134 1
3.520157 1.563006 1
4.462722 2.564050 1
4.526483 2.659689 1
4.347877 2.679267 1
4.475300 2.761858 1
3.635818 1.537494 1
3.698988 1.429815 2
3.747811 1.581453 2
3.408179 1.538060 1
4.798086 2.091643 2
4.663584 2.037987 2
3.560399 3.252693 1
3.451608 3.228068 2
3.544816 3.119268 1
4.038846 3.000278 1
4.123266 2.867643 1
4.188133 2.985779 1
3.739409 2.992201 1
4.769942 2.280101 1
4.871974 2.324351 1
4.797622 2.415462 1
4.312762 2.854862 1
4.226376 2.765024 1
4.375290 2.773214 1
4.203020 2.518538 1
4.284287 2.418287 1
4.327531 2.549852 1
3.698022 2.449470 1
3.621327 2.565028 1
3.549135 2.892482 1
3.686920 3.654907 2
3.811975 3.609040 1
3.758397 3.758531 2
3.898018 3.736639 1
4.173781 2.409400 1
4.576276 2.986893 1
3.038144 2.689117 1
2.920684 2.606197 2
3.070481 2.557373 1
3.534906 1.865153 1
3.688168 1.858842 1
3.667001 2.000325 1
3.298969 1.696324 1
3.402265 1.774331 1
3.335945 1.880307 1
3.126991 1.895258 1
4.551707 2.098530 1
4.905974 2.997900 1
2.990162 2.481465 1
4.029822 3.147438 1
3.900661 3.036299 1
3.218712 2.513155 1
3.355587 2.533348 1
3.277953 2.669799 1
4.044223 2.059058 2
4.154537 2.170261 1
3.992948 2.189189 1
4.079422 2.316966 1
4.101400 3.641224 1
4.029352 3.743405 1
3.953509 3.619774 1
5.056581 2.785297 2
5.135196 2.938230 2
4.979111 2.910539 1
4.769167 3.354741 2
3.193962 1.666452 2
4.935095 3.324694 2
4.640522 2.762918 1
3.793797 2.080250 1
3.834103 2.353311 1
3.951665 2.410690 1
4.133937 2.644026 1
4.077076 2.488711 1
3.514709 1.719278 1
4.970611 2.699820 2
4.802077 2.705404 1
4.884775 2.618406 1
4.896239 2.810410 1
3.433949 2.407681 1
3.570265 2.320343 1
3.555036 2.463536 1
4.562850 2.864707 1
3.806587 1.955921 1
3.923554 1.853063 2
3.944605 1.966865 2
4.365158 2.329854 1
4.413340 2.452439 1
4.840199 3.236122 1
3.622439 1.656989 1
3.719571 1.738871 1
4.095340 3.866561 1
4.196617 3.755592 1
3.590630 2.684185 1
3.518463 2.154564 1
3.409978 2.049430 1
3.524222 2.006972 1
3.233610 2.820423 1
3.196591 2.947488 2
3.083775 2.826700 2
3.609948 1.775104 1
4.370944 3.065555 1
4.445385 2.912859 1
4.486003 3.063442 1
4.476840 2.359542 1
4.469009 2.230560 1
3.518182 3.389859 2
2.902174 2.798072 3
3.905096 3.170962 1
4.030450 3.517035 1
3.717463 2.749289 1
3.705432 2.642207 1
3.845217 1.716956 2
4.267220 3.534466 1
3.796619 1.824731 1
4.988203 2.540515 2
4.299214 2.967769 1
3.904215 2.075878 1
3.322062 1.462646 3
3.308843 3.184427 2
3.145880 2.740204 1
4.359907 3.812293 1
4.230332 3.864177 1
3.944857 3.279537 1
4.080956 3.284735 1
3.979446 3.402946 1
4.129733 3.082790 1
3.839779 3.241144 1
3.436522 2.260481 1
4.167809 2.050471 2
4.266956 1.957000 2
4.274614 2.090020 1
4.329508 3.709597 1
3.959849 2.875437 1
3.139514 2.120711 1
3.296390 2.111793 1
3.199289 2.221692 1
4.540211 2.455931 1
4.611162 2.568521 1
4.675114 2.456182 1
4.762679 2.571348 1
3.631456 2.815304 1
2.850164 2.348053 2
2.930329 2.224630 2
2.984742 2.359340 1
3.485706 2.552667 1
4.224841 2.889864 1
4.312671 2.198335 1
4.106912 3.411744 1
4.928566 2.422585 1
3.601517 3.546279 2
3.393071 2.160466 1
3.827495 2.795848 1
3.295975 2.916973 1
3.223093 2.028296 1
2.861258 2.509342 1
2.772994 2.559116 2
4.555039 3.463412 2
3.837439 2.919240 1
3.739827 2.848954 1
3.784562 3.477700 1
3.659046 2.917655 1
4.225101 2.304498 1
4.409590 2.128758 1
3.152739 2.636584 1
4.683551 2.651215 1
3.940217 2.293453 1
4.499074 3.366894 1
4.292946 3.352727 1
4.196562 3.299059 1
4.326914 3.215930 1
3.088658 2.269545 1
3.226219 2.342403 1
3.102443 2.417721 1
4.363525 2.028943 1
3.623500 2.212112 1
4.185935 3.189254 1
3.319385 2.425381 1
4.767579 2.825063 1
3.615175 1.304414 2
4.871843 2.202187 2
4.310056 3.929770 2
3.432795 1.920420 1
4.244239 2.651063 1
4.232365 3.643092 1
3.892028 3.497513 1
3.607256 2.092462 1
3.304002 2.226061 1
4.158294 3.530331 1
3.826711 3.869400 2
3.609040 2.999769 1
5.069596 2.414073 3
3.024067 2.154481 1
3.306975 1.590395 2
3.204031 3.102371 2
2.826248 2.103138 2
2.942861 2.108407 1
3.346754 2.327696 1
4.396381 3.339750 1
4.540506 1.857687 3
4.540840 1.979222 2
4.410639 1.931589 2
2.907280 2.430012 1
4.444899 3.150003 1
2.803290 1.965028 2
2.910770 2.004319 1
4.991894 2.301419 2
3.714086 3.543481 1
2.909976 1.879384 1
2.822122 1.771414 2
2.953717 1.735142 2
4.256149 3.096748 1
4.508618 3.793003 2
4.439803 3.695257 1
4.453945 2.031813 1
3.965398 3.853828 2
4.223198 3.429797 1
3.123369 1.995431 1
3.022892 2.055470 1
3.021968 1.940591 1
2.812789 1.869311 2
4.872369 2.513663 1
3.231018 1.924711 1
4.013083 3.953603 2
4.189739 3.956672 3
4.097208 3.997294 2
3.320478 1.980983 1
4.433736 3.897782 2
3.406164 1.651777 1
2.792107 2.450197 2
4.562174 3.680274 2
 0 1 2
 3 4 5
 6 7 8
 9 10 11
 3 12 4
 2 1 13
 14 15 16
 17 18 19
 16 15 20
 21 22 23
 24 25 26
 27 28 29
 30 29 28
 11 10 31
 18 32 19
 33 34 35
 23 22 36
 21 23 37
 38 36 22
 39 40 41
 42 41 40
 23 43 37
 44 45 46
 47 45 44
 48 49 50
 51 52 53
 54 53 52
 55 56 57
 58 48 50
 6 9 7
 59 45 60
 61 62 63
 13 1 12
 40 63 62
 64 65 66
 6 8 67
 68 69 70
 71 72 73
 61 63 7
 74 75 76
 77 43 78
 72 53 73
 18 79 32
 39 32 79
 80 81 82
 83 82 81
 74 84 75
 85 5 4
 86 87 88
 89 90 91
 92 93 34
 94 34 93
 68 70 46
 95 35 34
 60 45 96
 3 97 12
 98 88 87
 30 4 12
 64 99 100
 101 102 103
 17 103 102
 104 105 106
 107 106 105
 108 109 110
 111 112 113
 13 113 112
 30 114 29
 33 115 34
 116 1 0
 117 54 52
 24 26 118
 119 120 37
 121 22 122
 89 93 123
 124 125 126
 127 125 124
 128 129 130
 77 130 129
 117 131 54
 132 133 134
 74 121 122
 132 118 91
 26 91 118
 3 127 113
 39 63 40
 37 120 21
 77 78 130
 13 12 97
 75 135 136
 30 12 137
 55 57 138
 139 138 57
 140 109 141
 17 142 18
 38 72 65
 143 144 145
 47 96 45
 146 147 148
 89 149 90
 150 151 152
 153 154 44
 47 44 154
 146 103 19
 61 155 62
 13 112 2
 86 148 156
 99 157 100
 108 141 109
 108 110 158
 146 19 32
 159 160 23
 85 4 28
 30 28 4
 139 57 161
 162 20 15
 132 163 133
 124 126 164
 150 165 151
 104 106 166
 24 166 106
 58 167 48
 77 129 25
 42 40 168
 146 169 103
 153 136 135
 141 170 171
 89 123 149
 172 173 174
 64 66 175
 8 7 63
 6 176 9
 143 129 177
 128 177 129
 178 179 180
 181 170 141
 64 182 65
 183 184 185
 51 53 76
 51 186 187
 24 119 25
 77 25 119
 111 113 127
 188 189 187
 159 190 142
 191 192 193
 159 142 160
 78 142 194
 71 195 72
 196 105 180
 197 174 173
 172 99 173
 198 70 69
 31 199 155
 143 200 144
 159 23 201
 146 32 202
 203 184 183
 38 121 72
 40 62 168
 23 160 43
 204 87 205
 14 16 206
 86 156 87
 207 67 208
 31 10 209
 210 208 67
 55 50 49
 68 46 45
 38 65 182
 107 105 211
 188 187 186
 154 212 96
 17 19 103
 98 87 204
 101 103 213
 132 134 166
 187 214 52
 52 214 117
 107 215 106
 24 118 166
 29 206 216
 17 194 142
 217 218 219
 85 151 131
 220 221 222
 47 154 96
 21 122 22
 196 180 212
 180 223 212
 132 91 90
 207 182 100
 64 100 182
 143 224 129
 225 173 99
 207 201 182
 85 152 151
 225 219 218
 101 221 226
 128 194 102
 3 227 127
 104 166 134
 196 211 105
 21 120 122
 104 178 105
 103 169 213
 26 25 224
 111 127 124
 75 136 76
 101 222 221
 228 49 48
 59 229 45
 68 45 229
 230 171 170
 107 120 215
 71 73 151
 54 151 73
 39 41 32
 126 125 189
 89 231 93
 3 113 97
 101 226 102
 77 119 37
 107 122 120
 85 131 5
 53 232 76
 220 193 192
 181 233 15
 172 174 10
 234 10 174
 143 145 235
 83 110 109
 72 195 65
 89 91 145
 182 201 36
 64 175 99
 225 99 175
 71 151 165
 24 215 119
 78 194 130
 220 185 221
 236 221 185
 74 122 84
 108 158 237
 197 237 158
 77 37 43
 132 90 163
 128 130 194
 83 238 82
 51 187 52
 8 239 67
 198 240 164
 210 67 239
 172 157 99
 153 44 186
 188 186 44
 26 235 91
 162 15 233
 116 114 137
 30 137 114
 220 192 241
 92 115 242
 107 211 84
 188 46 70
 42 243 147
 207 100 67
 6 67 100
 244 245 192
 236 246 221
 18 142 190
 86 169 148
 217 219 247
 54 73 53
 146 148 169
 72 232 53
 181 141 233
 234 81 209
 38 22 121
 248 249 250
 191 193 251
 54 131 151
 27 29 216
 78 160 142
 27 252 28
 27 247 219
 244 253 254
 117 5 131
 229 255 69
 220 222 193
 75 84 211
 81 256 209
 24 106 215
 236 185 184
 257 258 259
 228 56 49
 128 102 226
 17 102 194
 86 88 213
 74 76 232
 98 204 251
 12 1 137
 257 254 253
 51 136 186
 94 93 231
 85 28 152
 234 174 158
 197 158 174
 150 219 260
 225 260 219
 119 215 120
 78 43 160
 261 170 262
 117 227 5
 61 11 155
 31 155 11
 108 233 141
 234 158 110
 139 90 149
 129 224 25
 127 227 125
 263 96 212
 83 264 238
 197 173 218
 162 237 265
 197 218 265
 140 264 109
 132 166 118
 203 183 266
 267 266 183
 107 84 122
 13 97 113
 140 141 171
 117 125 227
 257 35 268
 66 65 195
 263 250 249
 196 154 135
 153 135 154
 92 34 115
 188 70 189
 6 100 157
 257 253 269
 162 233 237
 108 237 233
 220 241 183
 31 256 199
 80 199 256
 234 110 81
 189 125 214
 101 88 222
 126 189 270
 257 259 35
 162 265 20
 66 165 260
 150 260 165
 198 255 240
 95 271 266
 98 193 222
 116 137 1
 150 252 219
 27 219 252
 153 186 136
 140 272 264
 95 34 271
 140 273 274
 83 109 264
 257 269 258
 3 5 227
 9 176 10
 172 10 176
 80 256 81
 83 81 110
 198 164 270
 55 49 56
 236 200 177
 144 275 231
 187 189 214
 66 260 175
 225 175 260
 91 235 145
 55 138 50
 123 50 138
 179 223 180
 267 183 241
 143 177 200
 98 222 88
 28 252 152
 140 274 272
 181 262 170
 144 231 145
 261 276 170
 188 44 46
 123 138 149
 16 216 206
 203 266 271
 105 178 180
 220 183 185
 38 182 36
 51 76 136
 140 171 273
 196 135 211
 75 211 135
 86 213 169
 61 7 11
 9 11 7
 94 271 34
 117 214 125
 203 275 184
 128 246 177
 179 250 223
 42 147 202
 236 177 246
 197 265 237
 225 218 173
 42 202 41
 217 265 218
 144 184 275
 189 70 270
 221 246 226
 139 149 138
 123 93 277
 92 277 93
 192 245 241
 263 223 250
 196 212 154
 191 251 278
 257 268 254
 267 254 268
 204 278 251
 126 270 164
 101 213 88
 139 163 90
 98 251 193
 58 242 167
 198 270 70
 94 231 275
 42 168 243
 230 273 171
 236 184 200
 234 209 10
 207 208 201
 95 266 268
 267 268 266
 263 212 223
 244 254 245
 143 235 224
 26 224 235
 217 20 265
 172 176 157
 58 50 277
 123 277 50
 95 268 35
 14 279 262
 68 229 69
 33 35 259
 89 145 231
 58 277 242
 92 242 277
 261 262 279
 150 152 252
 217 247 20
 16 20 247
 14 262 15
 66 195 165
 71 165 195
 263 249 96
 60 96 249
 144 200 184
 198 69 255
 159 201 208
 31 209 256
 23 36 201
 267 245 254
 128 226 246
 204 205 278
 146 202 147
 230 170 276
 181 15 262
 139 161 163
 6 157 176
 39 239 63
 8 63 239
 32 41 202
 133 163 161
 210 79 190
 203 271 275
 27 216 247
 16 247 216
 267 241 245
 72 121 232
 74 232 121
 18 190 79
 94 275 271
 210 239 79
 210 190 208
 39 79 239
 159 208 190
 0
 0
 0
 0
 0
 0
 0
 0
 0
 0
 0
 0
 0
 0
 0
 0
 0
 0
 7
 111 0 112 240 164 2 124
 11
 261 116 230 14 0 114 29 273 276 279 206
 0
 0
 15
 191 244 33 192 156 253 258 87 259 115 167 242 269 205 278
 0
 15
 80 148 82 156 155 199 273 264 168 272 147 243 238 62 274
 0
 7
 248 59 60 240 229 255 249
 13
 179 248 104 228 133 57 48 56 134 250 161 167 178
