278 496
5.021739 1.179394 1
4.893626 1.277357 1
4.907285 1.106014 1
4.807293 1.166631 2
5.530592 1.588824 1
5.418162 1.689044 1
5.438151 1.531744 1
5.320665 1.604995 1
5.530718 0.481856 1
5.695170 0.474101 1
5.646289 0.628994 1
5.069196 0.635702 1
4.961960 0.559769 2
5.133544 0.478251 2
5.163724 1.126447 1
5.045081 1.009605 1
5.292080 1.380322 1
5.350010 1.474343 1
5.214271 1.518538 1
5.131914 0.869455 1
4.979466 0.893651 1
5.051641 0.767929 1
5.167317 1.389628 1
5.707364 1.638875 1
5.555358 1.705302 1
5.626503 1.565697 1
5.644777 1.756792 1
6.361014 1.300424 1
6.245265 1.175609 1
6.418029 1.163651 1
6.311475 1.063067 1
5.380229 0.370990 1
5.504284 0.305714 1
6.534350 1.620327 2
6.507941 1.506101 1
6.676695 1.483973 3
5.224209 0.344523 1
5.078186 0.341365 2
5.156919 0.196422 2
5.832567 1.649027 1
5.784334 1.788280 1
6.232086 0.489105 1
6.130297 0.402729 1
6.309723 0.352951 2
6.175150 0.288281 1
5.129714 1.775617 1
4.972393 1.838057 1
5.032820 1.697711 1
5.614038 0.973464 1
5.434222 0.993871 1
5.499931 0.878386 1
6.124938 2.025252 2
6.055794 1.888699 1
6.204272 1.876331 2
5.102249 1.883111 1
5.043925 1.413306 1
5.104763 1.279750 1
6.230560 1.344904 1
6.201416 1.471436 1
6.086552 1.410100 1
6.197185 1.710938 1
6.084925 1.777562 1
6.130081 1.262278 1
5.523998 1.106661 1
5.616538 0.374448 1
5.889647 2.035367 1
6.008340 2.139752 2
5.866033 2.207757 2
5.574383 0.760526 1
5.472854 0.651649 1
5.157799 2.308057 2
4.991894 2.301419 2
5.106811 2.203736 1
4.902018 0.986021 1
6.422426 1.621216 1
6.284449 1.579454 1
6.390977 1.521575 1
6.012587 0.979377 1
5.989002 1.095738 1
5.884440 1.047806 1
6.331472 1.699374 1
5.899824 0.937686 1
4.935510 0.798596 1
6.086993 0.833166 1
6.152033 0.968888 1
5.613404 0.247793 1
5.775684 0.178337 1
5.738230 0.320551 1
5.846208 1.398244 1
5.911312 1.262849 1
5.969497 1.377423 1
6.580320 1.413871 1
6.676661 1.313509 2
5.815335 0.449445 1
5.026401 1.985366 1
5.070536 2.087768 1
4.939309 2.094151 1
4.891725 1.989285 1
5.656200 0.116656 1
5.171740 0.594230 1
5.791094 1.253505 1
5.639409 1.351996 1
5.700864 1.196129 1
5.751071 1.354306 1
5.776108 0.965661 1
5.746908 1.073127 1
6.021003 1.303025 1
5.274645 0.556224 1
5.348751 0.647325 1
5.209572 0.706741 1
5.293349 0.250840 1
4.798086 2.091643 2
4.663584 2.037987 2
4.749104 1.959170 1
5.924449 1.697210 1
6.317006 1.807146 2
5.401428 0.214096 1
6.324122 0.610765 1
6.351065 0.492053 2
5.964937 0.861226 1
5.967681 0.740476 1
6.096727 0.612747 1
6.209965 0.725599 1
6.069672 0.717208 1
5.416667 0.000000 0
5.555555 0.000000 0
5.504745 0.142925 1
5.197884 0.982405 1
5.300575 1.056993 1
6.319388 0.847432 1
6.376384 0.726212 2
5.776990 0.694899 1
5.785912 0.573163 1
6.204954 0.596510 1
6.109220 1.114250 1
6.017458 1.194945 1
5.736123 0.856853 1
5.053280 1.586605 1
5.171651 1.655489 1
5.094077 1.486866 1
5.857598 0.815424 1
4.995025 2.181149 1
6.111111 0.000000 0
6.250000 0.000000 0
6.180937 0.137478 1
5.636862 1.106228 1
5.982413 1.512895 1
5.834264 1.546674 1
5.553351 2.008258 1
5.591503 2.147502 1
5.479326 2.095993 1
6.474845 0.818576 2
6.385768 0.954320 1
6.515819 0.965129 1
6.025159 1.666218 1
6.119349 1.567009 1
6.462369 1.397370 1
6.324215 1.436751 1
5.678832 0.759675 1
5.847640 0.347198 1
5.674036 2.063046 1
5.589827 1.204062 1
6.571663 1.316208 1
6.483446 1.273219 1
5.291018 1.165540 1
5.622250 0.846234 1
5.878862 0.239091 1
5.876892 0.663522 1
5.972222 0.000000 0
6.067082 0.109985 1
5.898426 0.116071 1
5.069596 2.414073 3
5.387472 0.522666 1
5.404268 1.122500 1
5.468201 1.238726 1
5.389453 0.105653 1
5.932649 1.802741 1
5.359257 0.759984 1
5.283319 0.442716 1
5.438052 1.373489 1
5.350778 1.260211 1
5.708072 1.483647 1
5.457215 1.809657 1
5.567788 1.866657 1
5.416706 1.952760 1
4.773951 1.017079 2
4.842820 0.875042 2
4.780706 1.288361 2
5.468232 0.781475 1
5.004983 1.311464 1
4.921088 1.717341 1
5.694445 0.000000 0
4.823249 1.882537 1
5.232052 1.265720 1
5.994103 0.213297 1
5.372931 2.074364 1
5.278401 2.024982 1
5.566142 1.451249 1
5.312334 0.951196 1
5.261732 0.838786 1
4.693324 1.835843 1
5.540326 1.323904 1
5.274411 1.744259 1
5.348793 1.834921 1
5.279668 1.913752 1
5.921306 1.142314 1
6.006395 1.997754 1
6.590637 1.189853 1
6.623026 1.060949 2
6.719118 1.165979 2
6.375421 0.217663 2
6.264836 0.224408 1
6.209862 1.066738 1
5.843597 1.911012 1
5.949358 1.913687 1
5.285372 0.138369 1
6.201790 0.855314 1
4.637472 1.933982 1
5.922396 1.609534 1
4.827893 1.769695 1
4.735635 1.704167 1
6.303110 0.114363 1
6.527778 0.000000 0
6.498920 0.145414 2
6.405153 0.101550 1
6.433274 0.580817 2
4.823543 1.530825 1
4.682758 1.491060 2
4.799692 1.398689 2
5.718493 1.931503 1
4.960206 1.506675 1
6.388889 0.000000 0
5.697073 2.217800 2
5.781999 2.106490 1
4.540506 1.857687 3
4.623531 1.736114 2
6.096117 0.210944 1
6.511671 1.081840 1
6.575046 0.857318 2
6.417073 1.053950 1
4.871843 2.202187 2
5.277778 0.000000 0
6.460699 1.758031 2
4.908827 1.410845 1
5.833333 0.000000 0
4.829906 1.649870 1
4.694332 1.602949 2
4.849654 0.738157 2
5.195613 2.110418 1
5.169352 1.977927 1
6.645611 0.936113 2
4.936807 1.614838 1
5.509090 2.200744 1
5.213384 1.838588 1
5.781554 2.009484 1
5.626534 1.947606 1
5.665025 1.848221 1
5.389285 0.867283 1
6.263386 0.959293 1
5.763889 0.075243 1
4.960452 0.689004 2
5.986506 0.632032 1
5.343924 2.289512 2
5.410939 2.180963 1
5.467221 2.294885 2
5.306698 2.150501 1
5.825987 1.162622 1
5.194705 0.085142 2
5.238379 2.222766 2
5.584702 2.271896 2
6.116432 0.504141 1
5.955906 0.325406 1
5.925706 0.435554 1
5.899045 0.541603 1
6.025506 0.407118 1
6.009024 0.516635 1
6.063309 0.305677 1
4.540840 1.979222 2
 0 1 2
 2 1 3
 4 5 6
 5 7 6
 8 9 10
 11 12 13
 14 0 15
 16 17 18
 19 20 21
 22 16 18
 23 24 25
 26 24 23
 27 28 29
 30 29 28
 8 31 32
 33 34 35
 36 37 38
 39 40 23
 41 42 43
 43 42 44
 45 46 47
 48 49 50
 0 2 15
 51 52 53
 45 54 46
 22 55 56
 4 25 24
 57 58 59
 60 53 61
 62 57 59
 48 63 49
 8 64 9
 8 32 64
 26 23 40
 65 66 67
 68 69 10
 8 10 69
 7 18 17
 70 71 72
 73 15 2
 74 75 76
 77 78 79
 80 75 74
 81 77 79
 82 21 20
 83 84 77
 85 86 87
 88 89 90
 91 92 35
 9 87 93
 94 95 96
 14 56 0
 94 96 97
 85 98 86
 53 52 61
 11 13 99
 100 89 88
 19 15 20
 101 102 103
 48 104 105
 106 62 59
 107 108 109
 60 75 80
 106 90 89
 36 38 110
 111 112 113
 39 114 40
 60 115 53
 36 110 31
 116 31 110
 117 41 118
 83 119 120
 121 122 123
 124 125 126
 14 127 128
 129 122 130
 117 130 122
 131 10 132
 121 133 122
 83 120 123
 100 103 102
 134 77 84
 106 135 62
 134 62 135
 7 17 6
 48 136 104
 137 18 138
 22 139 55
 131 140 136
 141 72 71
 142 143 144
 48 105 145
 146 147 88
 148 149 150
 107 109 99
 129 151 152
 153 152 151
 60 154 155
 27 156 157
 131 158 10
 117 133 41
 159 93 87
 148 160 149
 134 28 62
 161 102 101
 162 156 163
 27 29 163
 14 128 164
 68 165 50
 86 166 87
 131 167 140
 168 169 170
 70 171 71
 91 156 162
 9 64 87
 116 126 32
 85 32 126
 62 28 57
 28 27 57
 8 172 31
 137 138 47
 27 163 156
 116 32 31
 173 63 174
 48 50 165
 159 87 166
 60 80 115
 120 140 167
 124 126 175
 146 155 154
 176 40 114
 125 98 126
 161 174 63
 177 109 108
 7 138 18
 146 59 155
 36 31 178
 179 16 180
 181 103 88
 182 183 184
 148 184 183
 146 88 90
 81 104 140
 136 140 104
 9 132 10
 73 185 186
 27 157 57
 100 88 103
 1 187 3
 22 18 139
 107 13 178
 36 178 13
 176 154 61
 48 165 136
 131 136 158
 179 17 16
 68 50 188
 94 46 54
 1 0 189
 58 155 59
 36 13 37
 190 47 46
 68 10 158
 19 21 109
 11 109 21
 125 191 98
 3 185 2
 181 88 147
 192 46 97
 94 97 46
 14 193 56
 60 155 75
 173 180 164
 73 2 185
 194 170 169
 195 196 184
 8 69 172
 176 61 52
 181 197 101
 198 127 199
 19 199 127
 192 113 200
 201 197 179
 101 197 201
 55 189 56
 173 174 180
 202 5 203
 204 184 196
 7 202 138
 41 43 118
 205 79 78
 181 101 103
 65 206 66
 51 66 206
 179 180 174
 195 184 150
 83 77 119
 83 123 122
 207 208 209
 11 99 109
 91 35 34
 137 139 18
 210 43 211
 19 109 199
 177 199 109
 177 69 188
 68 188 69
 176 114 154
 134 84 212
 129 130 151
 39 23 147
 181 147 23
 148 150 184
 182 24 183
 26 183 24
 117 122 133
 51 206 52
 44 211 43
 14 15 127
 19 127 15
 14 164 193
 65 213 214
 7 5 202
 65 214 206
 45 47 138
 207 163 29
 38 215 110
 107 99 13
 161 101 201
 129 216 122
 83 122 216
 200 113 217
 83 216 84
 177 108 69
 146 154 218
 179 6 17
 192 200 219
 220 219 200
 143 221 144
 60 61 154
 222 223 224
 117 225 130
 226 227 228
 58 75 155
 229 40 213
 111 113 97
 192 97 113
 137 230 139
 55 139 230
 0 56 189
 58 157 75
 76 75 157
 192 219 46
 190 46 219
 85 64 32
 176 213 40
 231 222 224
 232 233 67
 146 218 147
 142 144 169
 234 235 200
 182 203 5
 91 34 156
 76 156 34
 44 144 211
 44 236 144
 207 29 237
 153 151 238
 30 239 29
 141 71 240
 85 126 98
 207 209 92
 45 138 202
 241 124 175
 80 242 115
 241 175 215
 120 119 140
 143 231 221
 55 243 189
 76 157 156
 65 67 233
 176 52 214
 232 160 233
 244 168 170
 226 245 246
 82 186 247
 168 142 169
 33 242 74
 81 119 77
 248 95 249
 94 249 95
 153 250 208
 4 24 5
 226 230 251
 111 97 96
 73 20 15
 252 150 149
 204 249 253
 22 56 193
 226 251 245
 249 54 253
 33 74 34
 76 34 74
 226 246 227
 226 228 243
 69 108 172
 229 254 160
 134 212 28
 107 178 172
 31 172 178
 85 87 64
 116 175 126
 220 235 246
 229 160 255
 148 255 160
 226 243 230
 229 256 40
 26 40 256
 45 202 253
 107 172 108
 91 162 92
 134 78 77
 207 92 162
 1 189 243
 73 186 20
 82 20 186
 198 128 127
 180 16 193
 198 257 49
 50 49 257
 232 149 160
 141 96 95
 173 49 63
 30 212 258
 55 230 243
 22 193 16
 179 197 6
 220 200 235
 112 217 113
 86 259 170
 244 170 259
 84 258 212
 48 145 63
 210 224 223
 220 246 245
 207 237 208
 111 96 240
 180 193 164
 82 260 21
 11 21 260
 121 123 261
 153 238 250
 262 263 264
 252 264 263
 181 25 197
 194 166 170
 86 170 166
 81 140 119
 234 200 217
 231 224 221
 120 261 123
 262 265 263
 116 110 215
 105 266 102
 248 72 95
 141 95 72
 229 213 254
 241 215 267
 262 268 265
 116 215 175
 204 203 184
 182 184 203
 161 63 145
 153 239 152
 117 118 225
 232 269 149
 65 254 213
 144 221 211
 210 211 221
 4 6 197
 191 244 259
 207 162 163
 38 267 215
 252 269 264
 146 90 59
 248 249 196
 41 133 270
 121 270 133
 153 208 237
 173 164 128
 1 228 187
 52 206 214
 159 271 272
 248 268 72
 70 72 268
 1 243 228
 9 93 132
 273 132 93
 204 253 203
 202 203 253
 106 59 90
 274 270 275
 58 57 157
 141 240 96
 106 89 135
 205 135 89
 26 256 183
 148 183 255
 160 254 233
 39 147 218
 30 258 152
 4 197 25
 137 251 230
 82 247 260
 204 196 249
 94 54 249
 274 42 270
 190 251 47
 137 47 251
 191 259 98
 86 98 259
 30 28 212
 173 128 49
 198 49 128
 105 102 145
 210 221 224
 11 260 12
 274 276 42
 44 42 276
 176 214 213
 252 149 269
 181 23 25
 100 102 266
 80 74 242
 194 271 166
 153 237 239
 50 257 188
 177 188 257
 129 258 216
 84 216 258
 194 276 271
 129 152 258
 161 201 174
 179 174 201
 190 245 251
 44 276 236
 220 245 219
 190 219 245
 274 272 271
 177 257 199
 198 199 257
 30 152 239
 68 158 165
 136 165 158
 248 196 265
 159 166 271
 159 272 93
 182 5 24
 131 132 167
 273 167 132
 100 266 89
 205 89 266
 274 271 276
 154 114 218
 121 261 275
 195 265 196
 81 79 104
 105 104 79
 274 275 272
 273 272 275
 252 263 150
 195 150 263
 195 263 265
 273 275 261
 161 145 102
 194 169 236
 144 236 169
 248 265 268
 273 261 167
 65 233 254
 194 236 276
 121 275 270
 120 167 261
 205 78 135
 134 135 78
 205 266 79
 105 79 266
 45 253 54
 273 93 272
 29 239 237
 41 270 42
 229 255 256
 183 256 255
 234 217 277
 112 277 217
 39 218 114
 0
 0
 0
 0
 0
 0
 0
 0
 0
 0
 0
 0
 0
 0
 0
 13
 210 151 43 92 223 208 250 130 209 118 35 225 238
 0
 0
 15
 51 232 262 70 53 33 67 66 171 264 242 35 269 268 115
 0
 0
 0
 0
 0
 0
 7
 234 111 112 171 240 71 277
 0
 16
 234 38 3 13 185 227 186 228 37 247 235 12 260 246 187 267
