609 1114
2.317473 7.078120 1
2.417764 7.184912 1
2.250142 7.195615 1
2.313748 7.309247 1
2.457381 7.696479 1
2.330687 7.682017 1
2.433056 7.563674 1
0.804761 8.931736 1
0.883450 9.033758 2
0.731714 9.012262 2
2.316118 6.431808 2
2.472568 6.425853 2
2.381827 6.524349 1
1.305696 7.883720 1
1.208009 7.992225 1
1.205268 7.860732 1
2.534269 7.374473 1
2.443488 7.311311 1
2.579876 7.256678 1
0.586217 8.671837 1
0.717139 8.653090 1
0.688054 8.781419 1
2.282214 7.583952 1
0.510559 7.108503 1
0.395163 7.165545 1
0.409375 7.016966 1
2.203551 6.985586 1
2.338772 6.935942 1
2.464019 7.022563 1
1.556666 6.985476 1
1.596790 6.824622 1
1.680047 6.992041 1
1.753950 6.896599 1
3.720820 6.912322 1
3.724187 6.781441 1
3.827966 6.839842 1
2.305840 7.476904 1
0.559112 6.615945 2
0.663739 6.708256 1
0.514937 6.747599 1
0.302012 7.781382 1
0.448479 7.727332 1
0.365202 7.918355 1
0.518228 7.867599 1
1.786778 7.275660 1
1.840102 7.137749 1
1.913435 7.227174 1
3.623137 6.846333 1
2.088911 6.516935 2
2.178055 6.622899 1
2.038125 6.684228 1
0.858725 8.722531 1
1.021079 8.803075 1
0.926489 8.895859 1
1.353558 7.981986 1
3.481136 6.425205 1
3.351527 6.339208 2
3.475854 6.270106 1
3.313665 6.154677 2
0.000000 8.472222 0
0.000000 8.333333 0
0.166292 8.423943 1
0.206973 7.973966 1
0.290860 8.070413 1
3.099504 7.861408 2
3.087139 7.754130 1
3.246407 7.816896 2
4.047033 6.461767 1
4.210244 6.520789 2
4.083702 6.608777 2
2.418204 7.433827 1
2.583979 7.497101 1
2.759440 7.514537 1
2.666480 7.624243 1
1.499858 7.947772 1
1.398136 7.838314 1
0.000000 8.194445 0
0.133506 8.090914 1
0.127202 8.260216 1
1.674321 7.205916 1
1.508334 8.189949 1
1.644398 8.157336 1
1.585124 8.273692 1
1.707647 8.287313 1
3.167779 7.683233 1
1.761035 8.899155 1
1.870443 8.844454 2
1.824499 9.015575 2
2.824404 7.342330 1
2.669007 7.374741 1
1.085593 8.281207 1
1.211066 8.256941 1
1.196026 8.392241 1
0.577212 8.273679 1
0.521991 8.149955 1
0.693256 8.164474 1
0.812300 7.631135 1
0.853759 7.789952 1
0.733534 7.748320 1
0.540023 7.005441 1
3.968200 7.421478 1
4.107207 7.367772 2
4.021476 7.534031 2
2.908478 7.476202 1
3.598216 6.522669 1
3.456605 6.579809 1
3.615132 6.728545 1
0.000000 6.805555 0
0.124206 6.674959 1
0.168758 6.780949 1
0.000000 8.611111 0
0.099357 8.541667 1
0.149972 8.713051 1
3.301613 6.552069 1
3.350997 6.695115 1
0.354021 7.393651 1
0.435442 7.313666 1
0.446700 7.459182 1
3.245531 7.230278 1
3.155838 7.313945 1
3.091022 7.181091 1
1.954613 6.582535 2
0.738248 7.897949 1
0.613699 7.946341 1
0.604607 7.778429 1
0.402159 6.651262 1
2.952770 7.357646 1
3.067519 7.422348 1
2.210943 7.419106 1
3.030931 7.537596 1
3.621964 6.380307 1
3.617217 6.218404 1
3.045278 7.292064 1
3.880420 7.593835 3
3.892871 7.484823 1
0.624954 8.078673 1
0.210358 8.569089 1
0.309136 8.508445 1
0.578731 7.660341 1
0.515410 7.559653 1
0.400869 7.591715 1
3.199978 6.629252 1
1.551207 7.285677 1
1.564610 7.186412 1
2.799217 7.693826 1
2.923133 7.614957 1
3.777973 6.416477 1
3.922608 6.355734 1
3.912579 6.474751 1
1.590732 7.730081 1
1.716652 7.782197 1
1.610746 7.862753 1
0.339019 8.387820 1
1.189201 8.795759 1
1.113182 8.680849 1
0.758679 8.431259 1
0.733248 8.305851 1
0.866699 8.310026 1
0.267082 8.277399 1
0.413076 8.244780 1
1.696259 8.602985 1
1.803862 8.695800 2
1.657487 8.728475 1
1.494142 8.765318 1
1.645896 8.843415 1
1.564363 8.918695 1
2.808614 7.168708 1
2.942381 7.236932 1
1.904055 7.879086 1
1.837587 7.992599 1
1.796929 7.883687 1
1.317680 8.269543 1
1.451239 8.326179 1
1.309117 8.378160 1
3.369663 6.458298 1
3.927176 6.221677 1
3.770183 6.156655 2
3.938392 6.086611 2
1.066928 8.429412 1
2.774981 6.409706 2
2.740520 6.528897 1
2.621361 6.497158 2
1.630993 7.365955 1
1.716988 6.784972 1
1.961229 7.996693 1
1.398905 8.200853 1
0.607504 6.824253 1
1.103121 8.910573 1
1.767289 8.201658 1
0.247466 7.171700 1
0.311634 7.287780 1
0.190436 7.302215 1
2.149197 6.750058 1
1.500886 7.797293 1
0.950514 7.675474 1
3.510660 7.636990 2
3.447775 7.505364 1
3.627092 7.551364 2
3.559541 7.424548 1
0.124253 7.204134 1
0.616477 8.393044 1
0.473950 8.361743 1
0.795406 8.565123 1
0.908448 8.586155 1
0.000000 8.750000 0
0.883070 7.929007 1
0.997349 7.815324 1
1.146914 7.747867 1
1.091823 7.907299 1
1.258960 7.182138 1
1.125977 7.093374 1
1.247292 7.029595 1
0.546415 8.787341 1
0.990099 8.657994 1
1.687510 7.652841 1
1.402143 8.440618 1
1.728744 8.439555 1
1.596820 8.391994 1
1.118547 7.236432 1
1.287874 8.131318 1
0.864869 8.475965 1
3.063891 7.641549 1
1.561748 8.649764 1
0.000000 7.777778 0
0.000000 7.638889 0
0.155138 7.724136 1
0.553257 7.346814 1
0.094249 7.569445 1
0.526764 8.467170 1
1.730406 7.084311 1
2.944302 7.070577 1
2.884941 6.941597 1
3.017774 6.951748 1
2.956478 6.808999 1
0.293526 8.784400 1
0.441780 8.860373 1
0.333250 8.930343 1
1.181810 8.551363 1
1.220491 8.689522 1
2.991874 7.710558 1
1.596348 8.519858 1
1.463800 6.891809 1
2.521891 6.696742 1
2.417243 6.654553 1
2.566158 6.600378 1
1.544884 8.074590 1
2.477557 6.542108 1
0.506783 7.991428 1
3.819483 6.289340 1
3.572550 6.630432 1
3.721129 6.618779 1
1.071089 8.570249 1
3.508303 6.124942 2
1.592797 9.097786 2
1.684391 8.982583 1
0.000000 6.666667 0
1.126392 6.947610 1
0.987395 6.885596 1
1.114545 6.819599 1
1.015840 6.738435 1
3.720242 7.024384 1
3.818640 6.978978 1
3.808242 7.139900 1
4.053305 6.149411 2
4.050350 6.303873 2
0.283384 7.047626 1
1.346684 6.950495 1
1.439220 7.024059 1
1.345919 7.083216 1
3.224849 6.748847 1
2.688408 6.845854 1
2.552580 6.887485 1
2.618056 6.741405 1
1.361718 8.903855 1
1.337824 8.769677 1
1.458961 8.869428 1
3.710642 6.294157 1
0.465655 6.555604 2
0.886363 6.750875 1
0.414963 8.071552 1
0.225961 8.181989 1
0.211318 9.131266 2
0.294735 9.054495 1
0.369858 9.189230 2
1.266389 7.642892 1
1.177508 7.507638 1
1.326424 7.547935 1
1.908202 7.358087 1
2.862174 6.578849 1
2.968595 6.656877 1
2.851676 6.706321 1
0.322388 8.169227 1
0.983326 8.514839 1
3.635663 6.101223 3
0.371069 6.795438 1
1.283737 7.430814 1
1.204557 7.331199 1
0.435687 8.704444 1
2.035455 7.380548 1
2.150744 7.318586 1
2.112930 7.459446 1
2.586080 7.112348 1
3.481774 7.339940 1
3.377903 7.389180 1
0.235199 7.868153 1
1.051147 8.044083 1
1.144988 8.142914 1
0.981902 8.191603 1
2.079071 7.912491 1
2.120774 7.803924 1
2.198971 7.963866 2
2.261610 7.806186 1
2.006415 7.842937 1
0.997649 7.156612 1
0.906328 7.288684 1
0.844803 7.132699 1
1.390459 7.691524 1
1.501852 7.678027 1
0.739847 7.167933 1
0.668488 7.268610 1
0.630688 7.118028 1
1.090806 7.389845 1
0.795127 8.045098 1
3.277380 6.882189 1
3.118363 6.849500 1
3.163727 6.971000 1
2.020253 7.267929 1
2.363943 6.802744 1
2.245891 6.841384 1
1.445282 9.003757 1
0.191008 8.946526 1
0.123921 9.056075 2
0.270356 6.722905 1
0.241087 6.594317 2
2.437755 6.885254 1
0.756333 7.376606 1
0.669728 7.526626 1
0.642332 7.395194 1
0.695885 8.017605 1
0.832334 8.181274 1
3.919438 7.045442 1
3.219912 7.099728 1
1.894796 8.283788 1
1.796368 8.333261 1
0.532266 7.220194 1
0.563854 7.457312 1
1.944062 6.806640 1
2.054027 6.924795 1
1.886681 6.919601 1
1.946103 7.028942 1
0.000000 7.361111 0
0.081500 7.298603 1
0.115371 7.430360 1
4.045402 7.234003 1
4.059261 7.122772 2
4.145229 7.234875 2
2.574666 7.007318 1
0.636902 8.530614 1
0.208464 7.574777 1
0.250566 7.417533 1
2.126284 8.081773 1
2.057845 8.012397 1
2.556417 7.605742 1
0.323471 7.516419 1
0.362887 6.551648 2
0.814496 7.491768 1
0.000000 7.500000 0
2.440898 7.840679 2
2.551204 7.791159 1
2.592933 7.696841 1
0.493726 8.971506 1
0.404042 9.048648 1
2.651590 6.943803 1
3.081839 7.047856 1
2.493084 6.794065 1
3.838081 6.567790 1
0.113225 6.883154 1
0.000000 7.083333 0
0.141202 7.079720 1
0.804992 8.836111 1
0.390550 8.588207 1
0.499662 8.572626 1
1.364042 6.804653 1
1.751417 7.973350 1
2.660093 7.848749 1
2.792672 7.848142 2
2.686939 7.956045 2
0.790186 7.268943 1
2.213852 8.122400 2
0.303171 7.658401 1
0.000000 7.222222 0
0.000000 8.055555 0
2.078767 7.666364 1
2.034003 7.560336 1
2.176873 7.551620 1
1.490665 6.790922 1
0.598355 8.906145 1
0.957793 6.520961 1
0.972829 6.363189 2
1.070850 6.471199 1
1.860916 8.142054 1
2.010645 8.122132 1
1.497397 8.567036 1
3.538919 6.806466 1
3.826000 6.707777 1
1.155098 7.636156 1
3.131414 6.406967 2
3.064626 6.488285 1
2.996739 6.405838 2
2.142537 6.862159 1
0.984513 8.316355 1
2.076327 7.058541 1
0.929986 7.017158 1
0.862778 6.878037 1
0.804398 6.970953 1
0.115023 7.874085 1
2.190225 7.101747 1
2.811126 6.830569 1
3.263058 7.656786 1
0.996799 7.950277 1
1.333971 6.646914 1
1.205009 6.635832 1
1.276242 6.520332 1
0.930958 7.556477 1
1.004662 8.995338 1
3.969505 6.572711 1
1.463472 7.365602 1
1.532278 7.479693 1
1.878052 8.432953 2
1.824728 8.560706 2
0.664117 6.992033 1
0.692460 6.894339 1
0.768840 6.814992 1
0.799684 6.671224 1
0.323504 6.922027 1
0.479855 6.892079 1
1.973966 7.465500 1
1.747745 8.802259 1
0.736771 7.076329 1
1.155032 9.125547 1
1.126290 9.230981 2
1.030836 9.115532 2
1.040813 7.011794 1
1.383168 6.525343 1
1.478751 6.592216 1
1.444627 6.706367 1
3.755050 7.484173 2
3.678781 7.358489 1
3.839210 7.390600 1
3.572624 7.136677 1
3.620426 6.995499 1
3.674249 7.116525 1
2.060019 6.808969 1
3.512885 7.022688 1
2.011927 8.365358 2
3.924407 6.778689 1
3.918741 6.904608 1
2.359423 7.771815 1
3.706648 6.508783 1
2.772497 6.631569 1
1.263118 8.884799 1
4.187191 6.370886 3
1.675653 7.515348 1
1.761743 7.409687 1
1.793636 7.572269 1
1.862727 7.473275 1
2.209255 7.681920 1
0.299041 8.656504 1
1.334587 7.310613 1
2.269654 6.706133 1
0.920541 7.459746 1
3.090335 6.712043 1
1.396366 7.460019 1
1.976478 7.746914 1
1.205404 8.976017 1
2.709536 7.054564 1
2.821318 7.035058 1
1.021153 7.292825 1
3.914390 6.657681 1
3.414002 6.824035 1
3.397062 6.972573 1
0.592068 9.076138 2
0.683349 7.644981 1
1.288095 7.776429 1
0.213930 8.846450 1
1.198241 6.407594 2
1.371875 6.417456 2
2.686038 7.749208 1
1.429399 8.087277 1
3.578867 7.278636 1
0.953595 8.408203 1
1.236438 6.883706 1
0.000000 7.916667 0
2.723051 7.266156 1
1.164663 6.531327 1
0.106092 8.849491 1
3.770442 7.300319 1
2.974607 6.528362 1
2.015341 8.240054 1
1.451279 7.567094 1
3.704860 7.213806 1
3.874635 7.269837 1
2.684746 7.162374 1
1.542193 6.684094 1
1.311718 8.993432 1
2.870167 6.466660 2
3.971478 7.312364 1
0.201777 6.955204 1
0.241448 6.843279 1
1.070193 6.356997 2
1.644509 6.699808 1
3.182489 7.548820 1
3.205936 7.420095 1
1.943088 8.197810 1
0.849335 6.431480 2
1.456548 7.228272 1
1.516216 7.100515 1
3.349836 7.708594 2
0.529079 9.213453 2
0.480838 9.114609 1
1.977435 7.641033 1
3.440204 7.103339 1
3.340920 7.072015 1
3.943378 7.179153 1
1.346873 9.100210 2
1.226046 6.755610 1
1.420698 7.120935 1
1.301408 8.605935 1
1.426698 8.649664 1
1.071071 6.610753 1
1.128930 6.714970 1
1.464331 9.149743 2
2.676126 6.621308 1
3.305654 7.465668 1
4.042965 6.835967 2
4.001836 6.698579 2
2.110897 7.181079 1
0.923397 8.056890 1
1.996131 7.145063 1
0.692328 6.567451 2
0.831033 6.551325 2
3.350084 7.183947 1
0.000000 8.888889 0
3.075473 6.590240 1
2.336846 7.907362 2
1.577821 6.558721 2
1.470755 6.498024 2
1.575904 7.604143 1
1.642432 7.990613 1
2.275002 6.571133 1
4.022027 6.978586 2
1.049190 7.700259 1
3.320114 7.573364 1
0.935367 6.645044 1
1.717935 9.096978 2
1.750976 8.080727 1
3.277499 6.994697 1
0.719683 8.890155 1
3.467101 7.227109 1
2.761153 6.941907 1
3.316807 6.787547 1
0.084081 6.578643 2
2.559854 7.907807 2
3.170548 6.517179 1
3.481405 6.723879 1
0.000000 6.944445 0
0.093535 6.987447 1
1.404965 8.536551 1
1.305023 8.488237 1
1.703635 7.898520 1
1.824299 6.803420 1
3.652785 7.454267 1
1.031805 7.484908 1
1.056095 7.595831 1
3.256470 6.430376 2
1.888285 6.699817 1
1.765391 6.700409 1
3.366880 7.285813 1
3.278885 7.344421 1
2.106870 8.283138 2
1.363342 7.185035 1
0.418376 8.475342 1
0.981706 7.387838 1
0.857799 7.383876 1
3.008007 7.820422 1
2.898241 7.744026 1
0.092829 7.983811 1
1.842852 7.773014 1
1.878363 7.667325 1
0.575413 6.917888 1
1.811099 7.010266 1
1.117910 9.027727 1
1.823849 6.603411 2
2.911109 7.846158 2
1.782536 7.690072 1
3.018186 7.962210 2
1.497119 8.467815 1
1.229989 9.066641 1
0.000000 9.027778 0
0.084204 8.953752 1
3.519023 6.909560 1
3.408854 7.624741 2
2.208205 6.496840 2
1.242998 9.176913 2
2.733116 6.724302 1
2.113444 8.183642 2
1.623212 7.089769 1
1.919563 7.564223 1
1.701525 6.607427 2
 0 1 2
 2 1 3
 4 5 6
 7 8 9
 10 11 12
 13 14 15
 16 17 18
 19 20 21
 5 22 6
 23 24 25
 26 27 0
 28 0 27
 29 30 31
 32 31 30
 33 34 35
 22 36 6
 37 38 39
 40 41 42
 43 42 41
 44 45 46
 47 34 33
 17 1 18
 48 49 50
 51 52 53
 54 14 13
 55 56 57
 58 57 56
 59 60 61
 62 42 63
 64 65 66
 67 68 69
 3 70 36
 71 72 73
 74 54 75
 76 77 78
 44 79 45
 80 81 82
 83 82 81
 70 6 36
 84 66 65
 85 86 87
 88 72 89
 71 89 72
 90 91 92
 93 94 95
 96 97 98
 23 25 99
 100 101 102
 88 103 72
 28 1 0
 55 104 105
 106 34 47
 107 108 109
 110 111 112
 113 105 114
 115 116 117
 118 119 120
 121 48 50
 122 123 124
 37 39 125
 103 126 127
 3 36 128
 129 103 127
 55 57 130
 131 130 57
 132 120 119
 133 134 102
 135 95 94
 136 61 137
 138 41 139
 140 139 41
 113 114 141
 142 143 79
 144 72 145
 146 147 148
 149 150 151
 152 137 61
 153 52 154
 155 156 157
 152 158 159
 160 161 162
 163 164 165
 88 166 167
 168 169 170
 171 172 173
 163 162 164
 113 174 105
 55 105 174
 175 176 177
 90 92 178
 179 180 181
 182 142 79
 32 30 183
 168 184 169
 171 185 172
 186 39 38
 153 187 52
 83 81 188
 189 190 191
 192 50 49
 74 75 193
 96 194 97
 195 196 197
 198 197 196
 189 191 199
 93 200 201
 51 202 203
 204 110 112
 122 97 205
 206 207 208
 15 208 207
 209 210 211
 19 21 212
 51 213 52
 149 214 150
 67 148 147
 215 173 172
 51 20 202
 83 216 217
 209 218 210
 219 14 54
 155 157 220
 129 221 145
 122 124 98
 160 162 222
 223 224 225
 116 226 117
 224 227 225
 228 201 200
 229 45 79
 230 231 232
 233 232 231
 234 235 236
 219 171 91
 154 237 238
 239 145 221
 160 222 240
 44 182 79
 29 241 30
 242 243 244
 80 245 81
 51 21 20
 244 243 246
 71 70 16
 135 94 247
 146 248 147
 122 98 97
 106 249 250
 144 73 72
 251 237 154
 175 248 176
 132 167 120
 230 120 167
 58 252 57
 253 165 254
 115 190 116
 107 255 108
 256 257 258
 259 258 257
 260 261 262
 175 263 264
 25 24 265
 266 267 268
 266 268 211
 269 141 114
 270 271 272
 273 274 275
 131 176 276
 37 125 277
 259 257 278
 279 63 42
 280 78 77
 281 282 283
 284 285 286
 44 46 287
 288 289 290
 159 158 291
 251 213 292
 131 293 176
 294 125 39
 136 112 111
 83 217 82
 88 167 126
 295 285 296
 136 111 61
 234 297 235
 203 292 213
 298 299 300
 28 301 1
 302 198 196
 303 302 196
 62 304 42
 305 306 307
 90 307 306
 308 309 310
 311 310 309
 168 312 184
 308 184 312
 313 314 315
 316 317 193
 318 319 320
 59 61 111
 3 17 70
 60 78 61
 92 91 173
 71 6 70
 321 296 285
 163 275 274
 122 205 322
 269 323 324
 325 324 323
 55 174 56
 163 165 275
 298 287 326
 18 1 301
 327 27 328
 253 329 165
 165 164 254
 129 145 103
 330 282 331
 206 205 97
 294 332 125
 333 125 332
 28 334 271
 335 336 337
 322 95 338
 67 147 264
 189 265 24
 18 89 16
 71 16 89
 339 307 157
 340 262 261
 118 120 341
 342 343 188
 319 344 320
 138 139 336
 345 336 139
 55 130 104
 346 347 348
 349 348 347
 350 351 352
 353 354 355
 28 271 356
 279 247 94
 75 316 193
 19 357 20
 358 352 359
 152 61 158
 360 361 310
 71 73 362
 26 328 27
 358 359 363
 333 364 125
 335 365 336
 358 225 227
 106 250 34
 308 310 361
 250 249 104
 85 254 164
 366 350 352
 128 300 299
 367 4 368
 369 368 4
 93 159 94
 93 201 159
 370 371 236
 235 370 236
 270 372 271
 230 373 120
 242 374 243
 374 327 243
 279 94 159
 146 148 375
 163 222 162
 152 159 201
 219 91 306
 107 109 376
 3 128 299
 369 4 362
 377 378 199
 219 185 171
 51 53 379
 380 381 297
 19 297 381
 266 382 241
 80 172 185
 325 232 324
 383 170 169
 384 385 386
 314 387 315
 360 310 388
 40 225 389
 358 389 225
 390 377 199
 233 290 289
 72 103 145
 51 203 213
 279 159 291
 43 124 123
 171 173 91
 76 391 77
 392 393 394
 241 382 395
 298 326 299
 396 235 212
 397 398 399
 400 184 401
 339 95 322
 402 240 222
 106 47 403
 250 375 404
 281 331 282
 284 405 285
 406 407 408
 192 328 409
 307 410 157
 100 102 134
 396 370 235
 26 411 347
 209 296 218
 155 202 357
 135 338 95
 257 412 413
 414 413 412
 20 357 202
 223 225 415
 93 95 156
 26 0 416
 251 154 213
 131 57 252
 345 117 226
 230 167 166
 256 211 210
 396 212 21
 233 417 290
 138 124 41
 84 418 66
 206 419 205
 420 421 422
 96 365 423
 424 53 187
 52 187 53
 67 425 148
 313 210 218
 83 188 343
 149 193 317
 176 248 276
 426 182 427
 428 429 216
 160 216 429
 414 430 431
 186 38 432
 433 432 38
 25 434 435
 294 435 434
 43 41 124
 298 436 287
 161 86 437
 414 438 430
 400 342 188
 295 286 285
 191 352 351
 439 440 441
 335 319 387
 318 387 319
 256 442 257
 443 444 420
 445 420 444
 305 14 306
 446 447 448
 414 412 315
 449 450 451
 192 409 452
 453 450 449
 428 342 454
 308 361 184
 35 455 456
 233 324 232
 367 457 4
 233 231 417
 104 130 458
 288 290 459
 273 460 274
 67 264 461
 93 156 200
 462 463 464
 465 464 463
 153 460 187
 392 394 466
 371 283 282
 40 304 225
 40 389 41
 140 41 389
 146 375 458
 136 467 112
 234 112 467
 209 468 296
 327 328 469
 206 97 194
 62 63 77
 280 77 63
 462 182 463
 44 463 182
 46 326 287
 470 423 365
 146 458 130
 67 69 425
 345 337 336
 233 471 324
 295 468 472
 426 472 468
 392 309 473
 280 291 158
 474 187 460
 414 315 438
 426 427 472
 475 476 166
 230 166 476
 433 278 432
 473 309 312
 305 208 14
 67 461 68
 313 477 314
 478 404 375
 479 480 323
 109 108 332
 333 332 108
 396 9 481
 271 374 272
 128 36 394
 22 394 36
 96 98 482
 28 27 334
 284 483 207
 15 207 483
 246 12 11
 234 236 484
 260 262 451
 116 190 24
 485 486 422
 349 347 411
 462 427 182
 339 157 156
 160 429 161
 384 368 487
 219 54 488
 175 177 263
 198 489 447
 490 220 157
 155 200 156
 256 491 211
 266 211 491
 230 476 231
 74 488 54
 400 169 184
 219 306 14
 492 223 415
 443 420 422
 35 404 455
 88 493 166
 250 104 458
 494 422 421
 204 112 495
 96 482 336
 414 431 432
 294 39 435
 233 289 471
 424 441 8
 447 496 448
 92 237 178
 251 178 237
 85 437 86
 250 404 34
 96 336 365
 26 347 409
 339 156 95
 257 413 278
 288 497 289
 4 6 362
 22 466 394
 498 454 342
 499 472 427
 500 262 496
 501 496 262
 192 469 328
 138 336 482
 313 218 477
 475 166 502
 30 395 503
 273 329 504
 353 355 101
 327 469 243
 414 432 413
 179 505 180
 353 101 506
 100 506 101
 153 274 460
 507 376 508
 509 399 398
 30 503 510
 313 442 210
 129 127 511
 512 511 127
 400 401 513
 288 180 505
 60 76 78
 426 142 182
 225 304 415
 397 514 398
 143 515 516
 105 104 249
 186 432 431
 15 14 208
 132 126 167
 74 193 151
 66 418 517
 518 519 481
 19 381 357
 499 316 286
 396 481 370
 189 199 378
 392 520 393
 346 452 347
 40 42 304
 269 324 471
 100 448 506
 501 506 448
 3 1 17
 453 521 480
 522 480 521
 321 218 296
 186 435 39
 330 236 282
 500 447 489
 191 190 359
 313 412 442
 369 487 368
 234 484 112
 26 416 411
 501 523 506
 327 334 27
 524 504 329
 120 373 341
 85 87 254
 525 420 382
 445 382 420
 430 320 99
 23 99 320
 424 8 53
 7 53 8
 132 127 126
 526 516 515
 527 238 237
 325 373 232
 109 508 376
 162 161 437
 135 247 123
 163 528 222
 426 468 515
 494 421 529
 284 286 316
 353 506 523
 43 247 42
 279 42 247
 529 421 530
 189 24 190
 273 275 329
 115 359 190
 90 178 410
 524 329 531
 335 337 319
 230 232 373
 532 272 244
 242 244 272
 175 147 248
 500 489 449
 234 467 297
 380 297 467
 303 196 533
 325 341 373
 534 455 535
 88 89 493
 536 299 326
 246 11 181
 295 296 468
 205 537 322
 116 24 344
 23 344 24
 349 538 45
 269 471 141
 433 539 540
 118 341 541
 522 541 341
 542 204 495
 163 274 528
 134 133 446
 339 537 307
 543 141 471
 311 544 310
 146 130 276
 545 444 546
 217 216 240
 160 240 216
 321 477 218
 136 137 467
 380 467 137
 339 322 537
 462 214 547
 74 151 548
 318 315 387
 235 297 212
 549 243 469
 490 410 178
 146 276 248
 253 531 329
 19 212 297
 206 208 419
 23 320 344
 543 471 289
 284 207 405
 340 550 354
 507 265 378
 189 378 265
 206 551 207
 552 511 533
 402 222 528
 509 485 399
 494 399 485
 525 382 491
 266 491 382
 155 357 200
 18 493 89
 26 409 328
 465 287 436
 433 553 278
 138 482 124
 98 124 482
 311 466 5
 87 554 254
 383 555 548
 81 548 555
 46 45 538
 165 329 275
 175 264 147
 552 533 196
 51 379 21
 323 480 556
 25 435 99
 88 126 103
 371 519 283
 518 283 519
 396 21 557
 512 533 511
 462 464 214
 311 5 457
 475 301 356
 52 213 154
 305 307 537
 198 302 489
 462 547 427
 70 17 16
 500 451 262
 558 449 489
 75 54 13
 270 417 559
 269 560 323
 465 463 287
 44 287 463
 534 456 455
 527 528 274
 205 419 537
 90 306 91
 532 181 180
 90 410 307
 534 550 456
 333 108 561
 325 323 556
 479 323 560
 384 386 562
 445 395 382
 558 521 449
 453 449 521
 536 2 299
 113 141 563
 209 211 268
 61 78 158
 280 158 78
 433 540 553
 250 458 375
 105 564 114
 479 114 564
 75 483 316
 284 316 483
 565 107 376
 543 289 497
 80 488 245
 475 356 372
 358 227 352
 366 352 227
 311 309 466
 392 466 309
 400 513 342
 498 342 513
 313 315 412
 257 442 412
 499 427 547
 393 436 300
 153 238 274
 527 274 238
 377 566 378
 131 252 293
 527 567 528
 536 411 416
 112 484 495
 527 568 567
 256 258 491
 525 491 258
 231 559 417
 149 547 214
 428 343 342
 219 488 185
 330 484 236
 96 423 194
 371 370 519
 481 519 370
 305 537 419
 228 200 357
 377 565 566
 140 363 117
 131 276 130
 526 268 267
 242 272 374
 367 544 457
 340 354 523
 279 291 63
 384 562 368
 397 399 529
 494 529 399
 149 151 193
 35 456 261
 74 548 245
 501 262 523
 110 59 111
 150 569 151
 32 570 348
 346 348 570
 228 357 381
 311 457 544
 500 496 447
 198 447 571
 83 343 216
 246 243 12
 321 285 572
 573 572 285
 549 12 243
 446 571 447
 113 563 574
 428 216 343
 29 267 241
 536 416 2
 340 261 456
 346 570 575
 576 575 570
 191 359 352
 443 486 546
 118 577 578
 358 363 389
 140 389 363
 122 322 338
 81 245 548
 393 300 394
 153 154 238
 498 579 454
 209 580 468
 115 117 363
 228 581 201
 152 201 581
 118 541 577
 346 575 50
 552 418 511
 340 523 262
 314 582 583
 239 584 585
 37 539 38
 433 38 539
 224 366 227
 256 210 442
 522 556 480
 492 415 586
 62 586 415
 84 221 511
 129 511 221
 446 197 571
 168 587 473
 588 473 587
 186 589 435
 479 560 114
 340 456 550
 391 492 586
 229 31 590
 198 571 197
 318 438 315
 144 145 585
 239 585 145
 573 285 405
 253 254 554
 391 586 77
 298 300 436
 269 114 560
 121 50 575
 397 529 553
 259 553 529
 62 77 586
 32 590 31
 432 278 413
 84 511 418
 7 379 53
 507 378 566
 468 580 515
 525 421 420
 74 245 488
 251 292 178
 490 178 292
 217 172 82
 424 591 441
 439 441 591
 80 185 488
 121 575 592
 494 485 422
 260 451 450
 18 301 502
 259 278 553
 144 585 385
 593 385 585
 29 516 267
 325 556 341
 522 341 556
 150 214 594
 593 584 595
 64 595 584
 500 449 451
 46 538 326
 536 326 538
 217 596 172
 215 172 596
 349 411 538
 474 597 591
 439 591 597
 144 487 73
 369 73 487
 532 244 181
 246 181 244
 305 419 208
 105 249 564
 106 564 249
 371 282 236
 369 362 73
 80 82 172
 549 469 49
 543 563 141
 349 590 348
 598 542 599
 453 600 450
 3 299 2
 346 50 452
 475 502 301
 115 363 359
 350 390 351
 47 450 600
 573 194 423
 453 480 600
 266 241 267
 192 49 469
 35 34 404
 552 196 601
 195 601 196
 406 563 407
 443 422 486
 62 415 304
 270 559 372
 479 600 480
 271 372 356
 32 183 570
 140 117 139
 576 183 510
 558 541 521
 522 521 541
 490 157 410
 552 601 517
 593 585 584
 479 564 403
 349 45 590
 552 517 418
 132 119 127
 512 127 119
 48 602 49
 549 49 602
 166 493 502
 524 603 597
 270 604 417
 28 356 301
 192 452 50
 470 583 582
 525 258 530
 259 530 258
 397 540 514
 32 348 590
 206 194 551
 308 312 309
 144 385 487
 384 487 385
 214 464 594
 81 555 188
 576 570 183
 549 10 12
 558 489 302
 380 581 381
 314 477 582
 445 503 395
 229 590 45
 30 510 183
 360 605 401
 498 401 605
 392 473 520
 335 387 583
 314 583 387
 542 495 599
 330 599 495
 549 602 10
 573 551 194
 446 448 134
 259 529 530
 303 533 578
 512 578 533
 424 187 591
 474 591 187
 128 394 300
 69 535 425
 479 403 600
 397 553 540
 499 317 316
 536 538 411
 29 31 606
 229 606 31
 228 381 581
 43 123 247
 203 220 292
 290 417 604
 499 286 472
 345 139 117
 396 557 9
 7 9 557
 512 119 578
 118 578 119
 478 455 404
 499 547 317
 92 568 237
 527 237 568
 288 459 180
 501 448 496
 143 142 515
 426 515 142
 347 452 409
 526 267 516
 30 241 395
 18 502 493
 465 607 464
 588 464 607
 507 508 434
 507 434 265
 25 265 434
 406 574 563
 478 425 535
 430 438 320
 335 583 365
 470 365 583
 255 561 108
 113 574 174
 56 174 574
 573 405 551
 207 551 405
 280 63 291
 576 608 592
 100 134 448
 75 13 483
 15 483 13
 408 497 505
 288 505 497
 402 528 567
 383 548 569
 151 569 548
 576 510 608
 545 608 510
 0 2 416
 588 594 464
 148 425 375
 478 375 425
 380 137 581
 215 567 568
 507 566 376
 71 362 6
 239 65 584
 402 596 240
 576 592 575
 390 199 351
 35 261 33
 588 520 473
 490 292 220
 443 546 444
 295 472 286
 598 599 331
 526 515 580
 532 180 459
 545 510 503
 122 338 123
 478 535 455
 168 473 312
 217 240 596
 475 372 559
 270 272 604
 22 5 466
 21 379 557
 106 403 564
 152 581 137
 532 604 272
 367 368 562
 135 123 338
 239 221 65
 84 65 221
 109 332 508
 294 508 332
 191 351 199
 573 423 572
 330 495 484
 260 33 261
 565 376 566
 353 523 354
 498 513 401
 92 173 568
 215 568 173
 229 79 606
 143 606 79
 330 331 599
 545 503 444
 470 572 423
 143 516 606
 445 444 503
 318 320 438
 558 302 577
 303 577 302
 184 361 401
 360 401 361
 430 589 431
 186 431 589
 400 555 169
 203 202 220
 149 317 547
 474 460 504
 125 364 277
 85 164 437
 162 437 164
 116 344 226
 319 226 344
 430 99 589
 435 589 99
 47 600 403
 393 607 436
 465 436 607
 260 450 33
 47 33 450
 273 504 460
 439 603 440
 543 407 563
 400 188 555
 475 559 476
 525 530 421
 303 578 577
 168 170 587
 150 587 170
 532 459 604
 402 567 596
 558 577 541
 4 457 5
 383 169 555
 231 476 559
 321 582 477
 7 557 379
 321 572 582
 470 582 572
 215 596 567
 439 597 603
 294 434 508
 408 407 497
 543 497 407
 155 220 202
 474 504 597
 319 337 226
 345 226 337
 150 170 569
 271 334 374
 327 374 334
 150 594 587
 498 605 579
 524 597 504
 290 604 459
 64 584 65
 29 606 516
 588 607 520
 588 587 594
 360 388 605
 383 569 170
 526 580 268
 393 520 607
 209 268 580
 0
 0
 6
 176 263 264 177 461 293
 31
 406 58 333 509 121 37 545 56 408 179 48 252 181 485 10 514 11 293 539 486 398 574 277 540 546 592 602 608 505 364 561
 39
 367 524 64 253 428 281 446 518 195 593 66 481 161 133 86 87 283 310 197 517 454 595 531 8 429 9 441 544 385 331 562 554 440 386 579 603 601 388 605
 0
 0
 0
 0
 0
 11
 534 69 68 101 133 102 461 550 355 354 535
 0
