618 1129
5.257092 4.951127 1
5.213462 4.793371 1
5.330429 4.858052 1
6.515219 5.280851 2
6.635678 5.241629 1
6.685428 5.362820 2
5.151765 4.907310 1
5.075511 3.255838 1
4.968703 3.179825 1
5.122739 3.104407 1
4.814559 2.925099 1
4.701535 3.049531 1
4.676769 2.899004 1
5.017903 4.996035 1
4.890870 5.132880 2
4.847394 4.979242 2
6.849532 3.776139 1
6.800718 3.652420 1
6.911029 3.660890 2
6.810746 4.185935 1
6.771570 4.326343 1
6.666837 4.183290 1
4.970822 4.493345 1
5.151458 4.531467 1
5.054547 4.627533 1
6.642293 4.299617 1
6.070206 3.682619 1
6.214737 3.731762 1
6.058446 3.837669 1
6.213589 3.874769 1
4.845317 3.097768 1
5.007074 3.044911 1
5.782885 4.915845 1
5.654538 5.009116 1
5.613523 4.876764 1
5.510816 4.964171 1
5.056756 4.851300 1
5.088861 4.732314 1
5.222429 5.423650 1
5.284202 5.287165 1
5.358247 5.399813 1
5.507239 3.685842 1
5.535018 3.555948 1
5.619704 3.700251 1
5.682586 3.599695 1
4.499614 3.585040 1
4.366788 3.584994 2
4.446567 3.471965 1
4.334121 3.451462 2
5.103247 4.421588 1
4.741090 4.800401 2
4.777213 4.665328 1
4.865252 4.762175 1
4.639359 4.733263 2
6.690095 3.368343 1
6.610770 3.517084 1
6.571198 3.370148 1
5.343924 2.289512 1
5.340167 2.452921 1
5.228862 2.401259 1
6.771995 3.451471 2
5.977030 3.962249 1
5.876711 3.891672 1
4.473174 3.256110 1
4.567456 3.148981 1
4.605954 3.329224 1
4.706223 3.210999 1
6.124452 5.399304 1
6.250869 5.309196 2
6.212828 5.480120 2
5.433549 2.599946 1
5.274381 2.564524 1
6.765488 4.794387 1
6.921344 4.852563 1
6.792965 4.944991 1
5.214097 3.331745 1
5.065293 3.368719 1
5.146527 5.660914 1
5.281844 5.563485 1
5.260324 5.714407 1
5.846843 3.183881 1
5.884804 3.080605 1
5.940642 3.220175 1
5.957494 3.764695 1
5.345166 4.081958 1
5.223313 4.165204 1
5.225334 4.010153 1
5.087319 4.059354 1
5.003970 3.950645 1
4.940084 4.025068 1
5.137704 2.516743 1
5.070802 2.638387 1
4.988203 2.540515 1
4.666161 4.606328 1
6.506629 3.889209 1
6.371160 3.918404 1
6.453152 3.767231 1
5.458508 4.842330 1
6.206203 4.558007 1
6.139965 4.456416 1
6.238244 4.398286 1
6.365672 4.825902 1
6.262121 4.844088 1
6.236480 4.716629 1
5.128078 5.529068 1
6.318694 4.601766 1
6.332431 4.471969 1
6.436944 4.559677 1
7.680612 4.592384 1
7.803439 4.691078 1
7.654087 4.696296 1
7.793516 4.580345 1
5.427352 5.250156 1
5.997469 3.137192 1
5.711236 4.758887 1
4.979978 4.129759 1
7.695964 5.158335 1
7.704840 4.993128 1
7.798072 5.105775 1
7.488338 5.133633 1
7.391780 5.076591 1
7.464369 4.987767 1
7.435950 4.462722 2
7.340311 4.526483 1
7.320731 4.347878 2
7.238105 4.475309 1
5.238379 2.222766 1
6.458292 4.860746 1
6.561650 4.911911 1
6.449646 4.988196 1
6.733642 3.740400 1
5.589419 4.442449 1
5.690715 4.356841 1
5.711939 4.496269 1
7.908357 4.798086 2
7.962013 4.663584 2
6.747306 3.560399 1
6.880623 3.544763 2
5.118882 3.475273 1
5.812953 4.400337 1
6.411714 5.261772 1
6.420067 5.386676 2
4.694458 3.842130 1
4.748693 3.756030 1
4.857194 3.886184 1
6.764845 5.204879 1
6.863762 5.336168 2
4.935095 3.324694 1
5.745697 3.173218 1
5.735101 3.058170 1
6.712580 3.932482 1
6.708884 4.073019 1
6.595653 3.964163 1
4.854363 3.730528 1
6.999556 4.038641 1
7.132358 4.123266 1
7.014201 4.188108 1
6.315060 3.798978 1
7.007150 3.739095 2
7.719899 4.769942 1
7.677336 4.871897 1
7.584693 4.797374 1
6.946815 5.205117 2
6.403944 4.719996 1
7.145138 4.312762 1
7.234975 4.226376 2
7.226786 4.375290 1
5.944004 4.749156 1
5.838029 4.800569 1
5.821872 4.670084 1
5.458736 2.481935 1
5.155808 4.309731 1
5.021509 4.346021 1
5.072066 4.195681 1
6.136762 4.092844 1
6.245292 4.146565 1
6.110779 4.221756 1
6.244764 4.271516 1
5.546039 4.041147 1
5.645875 3.954549 1
5.657291 4.098102 1
4.576276 2.986893 2
5.915690 4.628152 1
6.740088 4.479023 1
6.844259 4.575675 1
6.694670 4.607204 1
5.452739 5.522282 1
6.541129 5.048256 1
5.566566 4.755843 1
6.840518 4.024195 1
6.958953 3.898711 2
6.970466 5.038136 1
7.072138 5.117852 2
6.584668 4.109902 1
5.014447 3.851910 1
5.157799 2.308057 1
4.991894 2.301419 2
5.106811 2.203736 2
7.901470 4.551707 2
5.430822 2.384359 1
4.905974 2.997900 1
6.933664 4.371037 1
7.087327 4.451959 1
6.923322 4.490115 1
5.382433 3.262294 1
5.349648 3.407403 1
5.069596 2.414073 1
6.621573 3.804765 1
6.669802 3.646270 1
5.404654 3.643694 1
5.176482 3.200482 1
4.928779 4.868985 1
5.479351 5.804839 1
5.619124 5.899089 2
5.482297 5.971089 2
4.980274 3.545190 1
4.992145 3.435794 1
5.938301 3.649847 1
6.056940 3.532387 1
5.894660 3.516148 1
5.076163 3.588451 1
5.056581 2.785297 1
5.135196 2.938230 1
4.979111 2.910539 1
6.560232 3.675211 1
7.589087 5.067315 1
4.667202 3.462225 1
4.769167 3.354741 1
4.384297 4.111179 1
4.321894 4.212945 2
4.274329 4.054249 2
6.687865 4.905247 1
6.726094 5.043987 1
6.631585 5.002763 1
6.296707 3.204232 1
6.185885 3.204252 1
6.239849 3.085736 2
5.244003 3.003819 1
6.330822 5.175495 1
6.223165 5.123343 1
6.127608 5.195673 1
7.236230 4.640737 1
7.076392 4.822713 1
7.184811 4.897837 1
7.085773 4.974476 1
5.387218 3.530872 1
5.162831 5.003466 1
6.631879 4.698171 1
6.770990 4.672834 1
7.819833 4.993639 1
4.970611 2.699820 1
4.802077 2.705404 1
4.884775 2.618406 1
4.896239 2.810410 1
7.136845 4.570757 1
5.491504 3.133132 1
5.603273 3.042680 1
5.642973 3.185237 1
6.463891 3.083112 2
6.551127 3.130996 1
6.429959 3.207061 1
7.774418 5.233129 2
7.612352 5.241457 2
6.635351 4.809585 1
5.396432 5.675292 1
7.293615 4.802448 1
7.301553 4.971611 1
7.381545 4.884879 1
6.350657 3.114302 2
6.848817 5.063982 1
6.076811 4.962896 1
6.038838 5.092997 1
5.911179 5.023998 1
5.253133 3.592055 1
5.149763 3.675928 1
4.840199 3.236122 1
5.523358 5.669412 1
5.322007 5.177429 1
6.822093 3.892826 1
7.248505 4.062547 2
5.521235 3.272081 1
5.489552 4.544328 1
5.448073 4.418504 1
5.156132 5.318573 1
6.638291 5.119759 1
6.908397 4.961698 1
5.669859 5.435611 1
5.576156 5.295096 1
5.721006 5.298769 1
5.930738 4.904496 1
4.946111 4.241687 1
6.506563 4.665459 1
6.012780 4.101611 1
5.809717 3.636134 1
6.220135 3.313431 1
5.754136 3.997911 1
5.877999 4.044163 1
7.640458 4.476840 1
7.769440 4.469009 2
6.111645 3.123548 2
6.332080 3.337939 1
6.553434 3.253668 1
5.577623 5.550125 1
5.544936 3.387389 1
5.672415 3.443717 1
5.817223 2.939673 1
4.531424 4.616923 2
4.485788 4.489397 2
4.613379 4.491912 1
5.254696 3.469616 1
5.356595 3.148484 1
5.688493 2.933833 1
5.559829 2.921219 1
5.639620 2.821225 1
6.485501 4.018254 1
6.366496 4.075804 1
5.804010 5.401198 1
4.932013 4.647442 1
5.275603 3.211721 1
4.759320 3.939040 1
7.032129 4.300321 1
6.339557 4.936695 1
6.692377 3.259622 1
4.892799 3.621217 1
4.877970 3.460608 1
4.805853 3.550478 1
5.004020 5.485520 2
5.105770 5.420438 1
6.197004 5.609816 2
6.176824 5.767386 2
6.110510 5.681526 1
7.547561 4.413340 2
7.670146 4.365158 2
5.020781 5.135246 1
5.553351 2.008258 1
5.591503 2.147502 1
5.479326 2.095993 1
6.815573 3.308843 2
5.535244 3.911534 1
5.986840 4.235795 1
7.190773 5.054635 1
6.207385 3.602029 1
5.666567 5.153465 1
5.531351 5.169324 1
5.788845 5.072317 1
5.810320 5.634842 1
5.925596 5.599349 1
5.888014 5.768173 2
5.055205 5.730065 2
5.004355 5.621849 2
5.654665 4.222553 1
5.793844 4.270030 1
6.001570 5.691066 1
5.674036 2.063046 2
5.733994 5.716205 2
5.693315 5.570797 1
6.917846 4.123974 1
6.748885 3.832602 1
4.835374 3.996528 1
6.644121 4.409723 1
7.124539 3.959820 2
6.066569 3.266784 1
6.648148 3.030420 1
6.708418 2.887866 3
6.763456 3.051121 2
5.611839 4.572730 1
7.010106 4.599801 1
5.330670 3.718760 1
5.229077 3.752170 1
5.748894 3.857811 1
6.460124 3.478721 1
5.000618 3.700143 1
5.123907 3.795362 1
4.555039 3.463412 1
7.544069 4.540211 1
7.431479 4.611162 1
6.062716 5.543975 1
7.543818 4.675114 1
7.428025 4.762900 1
4.931655 3.792191 1
5.252491 3.116881 1
6.900465 4.703477 1
6.015033 4.338188 1
6.133647 4.350860 1
6.042073 4.442723 1
5.126162 5.097726 1
6.505392 2.912363 2
6.553916 3.018667 1
7.110127 4.224920 1
5.553119 2.562042 1
5.494925 2.694721 1
5.621850 2.687035 1
5.416706 1.952760 2
5.567788 1.866657 2
5.353764 4.366374 1
5.331782 4.453492 1
5.237947 4.414595 1
6.103865 3.968939 1
7.579435 4.927200 1
6.455020 3.605576 1
5.261233 5.065129 1
5.372214 4.965160 1
5.429159 5.090853 1
5.769532 3.529817 1
6.091345 5.299238 1
6.177589 3.490413 1
5.358227 2.687617 1
5.292158 4.288077 1
5.303451 2.895233 1
5.403417 2.797689 1
5.429600 2.915470 1
5.770917 4.139910 1
5.545734 5.434110 1
5.721786 4.621486 1
5.838165 4.542286 1
5.375283 5.875870 1
5.307677 5.989727 2
6.248830 4.009155 1
7.387219 5.170876 1
4.982566 4.748600 1
6.330319 3.680072 1
6.346057 3.572299 1
6.348061 3.445958 1
5.300817 2.774872 1
4.910671 4.378747 1
7.008394 4.908817 1
6.177315 4.920896 1
6.246135 5.013011 1
5.466787 5.362625 1
5.353297 4.189147 1
5.444251 4.126675 1
5.430542 4.274333 1
5.549659 4.177384 1
7.009689 4.730780 1
4.518124 4.381610 1
7.348605 4.683610 1
7.175807 4.768098 1
6.634635 4.507141 1
5.372931 2.074364 1
5.278401 2.024982 2
5.622384 5.656478 1
5.148560 2.706254 1
4.426431 4.309072 1
4.467340 4.192899 1
4.499074 3.366894 1
5.267864 5.847190 1
5.149359 5.806612 2
7.180489 5.198416 2
5.198067 2.804463 1
5.373013 3.032829 1
5.174839 2.619743 1
5.729296 3.741757 1
5.351101 5.778658 1
5.461146 4.733736 1
6.784701 3.180450 2
6.655578 3.156748 1
4.836103 4.272596 1
7.291842 5.136604 1
6.049241 5.823913 3
6.035318 3.017223 2
6.441395 4.412462 1
6.839843 4.438451 1
4.767579 2.825063 1
6.122160 4.639272 1
5.557873 5.064461 1
5.843804 3.761670 1
7.797813 4.871843 1
4.762679 2.571348 2
4.522327 3.976162 1
4.433736 3.897782 1
4.591756 3.867225 1
4.867213 4.558381 1
6.130311 4.813898 1
5.525003 2.804276 1
4.562850 2.864707 2
7.112457 4.685982 1
5.944719 2.927681 2
5.193571 5.926731 2
5.449541 3.355074 1
6.125888 3.393376 1
6.530414 5.177039 1
6.432092 5.129369 1
5.373848 4.542871 1
6.557072 4.237191 1
6.475811 4.160089 1
4.818504 4.870011 1
5.791789 5.519647 1
5.740881 3.308495 1
5.795193 3.431835 1
5.889726 4.184255 1
5.911627 5.479372 1
6.013796 3.411810 1
4.633486 4.354214 1
7.443591 5.267010 2
4.928566 2.422585 2
5.491444 3.009066 1
4.491944 4.086090 1
4.394097 4.005012 1
5.089581 5.223879 1
5.208089 5.193843 1
4.508618 3.793003 1
5.449452 3.446203 1
5.923215 5.140003 1
5.802876 5.196856 1
5.904289 4.310095 1
5.627527 3.318141 1
4.292946 3.352727 2
4.326914 3.215930 2
4.396381 3.339750 1
5.175752 4.646007 1
5.755952 2.834142 1
5.560513 4.315344 1
6.010065 5.411418 1
5.018191 5.345380 2
6.568055 4.580277 1
5.627614 4.668246 1
4.844534 4.120267 1
6.036800 4.862010 1
4.746282 4.023415 1
4.615785 4.052131 1
4.648560 3.952608 1
6.542387 4.470530 1
4.770158 3.460246 1
4.695701 4.120321 1
5.821927 5.301469 1
5.845794 3.290335 1
5.897887 3.398452 1
4.444899 3.150003 2
4.751874 4.209885 1
5.608884 5.769507 2
4.640522 2.762918 2
5.544065 2.402545 1
4.310056 3.929770 2
6.143450 5.044470 1
4.296638 4.351752 2
5.298054 4.647369 1
5.509090 2.200744 1
4.725826 4.925068 2
4.486003 3.063442 2
6.075419 4.729247 1
4.747875 4.543130 1
6.903252 4.256149 1
5.359335 4.752727 1
4.359907 3.812293 2
4.439803 3.695257 2
5.231665 3.874136 1
5.332923 3.944551 1
5.120804 3.930712 1
6.354817 4.210866 1
6.080802 4.545942 1
6.451737 3.351694 1
5.440802 3.996083 1
5.425378 3.879509 1
5.329196 3.825469 1
5.654687 2.474114 2
4.838349 4.462823 1
5.633647 3.820791 1
5.519513 3.798273 1
5.626534 1.947606 2
5.697073 2.217800 2
5.677823 2.356534 2
5.584702 2.271896 1
6.600846 2.932975 2
6.527680 4.768586 1
6.336903 5.061018 1
5.242271 2.693950 1
5.662192 2.588951 1
6.453289 4.285913 1
6.268794 3.508210 1
4.555874 4.268365 1
5.263251 4.540002 1
5.894266 2.803605 2
4.683551 2.651215 2
4.872369 2.513663 2
7.905993 4.939065 3
7.912322 5.070052 2
7.487613 4.872024 1
4.723359 4.428094 1
5.987270 5.305165 1
5.467221 2.294885 1
5.907853 5.249306 1
5.906826 5.361221 1
4.979389 5.225710 2
4.810153 4.375240 1
4.894711 5.543684 3
5.410939 2.180963 1
7.320543 5.240543 2
5.962838 4.537652 1
6.240714 3.415223 1
5.306698 2.150501 1
6.345994 4.337882 1
5.419442 3.758591 1
4.629376 3.767317 1
5.950565 3.323470 1
4.396034 4.419438 2
6.011571 4.641583 1
7.890661 5.195217 2
4.562174 3.680274 1
4.655750 4.229373 1
4.732930 4.312341 1
5.195613 2.110418 2
4.589895 4.154187 1
5.927338 4.431966 1
6.015219 5.208495 1
6.546760 4.352573 1
5.792207 2.744799 1
5.853254 2.683828 2
4.608068 3.572247 1
4.670556 3.665241 1
5.736414 2.540970 2
4.223198 3.429797 3
5.744256 2.653518 2
5.713305 2.748901 1
5.413896 4.651574 1
4.779534 3.649229 1
5.527368 4.655096 1
4.710295 3.562259 1
5.665025 1.848221 3
 0 1 2
 3 4 5
 6 1 0
 7 8 9
 10 11 12
 13 14 15
 16 17 18
 19 20 21
 22 23 24
 25 21 20
 26 27 28
 29 28 27
 10 30 11
 9 8 31
 32 33 34
 35 34 33
 1 36 37
 38 39 40
 41 42 43
 44 43 42
 45 46 47
 47 46 48
 22 49 23
 6 36 1
 50 51 52
 53 51 50
 54 55 56
 57 58 59
 54 60 55
 61 62 28
 63 64 65
 66 65 64
 67 68 69
 70 71 58
 72 73 74
 75 76 7
 77 78 79
 80 81 82
 28 62 83
 84 85 86
 87 86 85
 88 87 89
 90 91 92
 38 40 78
 53 93 51
 94 95 96
 35 97 34
 98 99 100
 101 102 103
 104 78 77
 105 106 107
 106 98 100
 108 109 110
 111 109 108
 105 98 106
 112 40 39
 82 81 113
 32 34 114
 89 87 115
 116 117 118
 119 120 121
 122 123 124
 125 124 123
 57 59 126
 127 128 129
 16 130 17
 131 132 133
 134 109 135
 136 60 137
 75 138 76
 139 133 132
 31 8 30
 68 140 141
 142 143 144
 145 146 5
 147 7 76
 148 149 81
 80 148 81
 150 151 152
 153 144 143
 154 155 156
 95 157 96
 16 18 158
 159 160 161
 145 162 146
 163 101 103
 164 165 166
 167 168 169
 136 137 17
 70 58 170
 171 172 173
 174 175 176
 177 176 175
 165 124 166
 178 179 180
 181 12 11
 167 169 182
 183 184 185
 186 78 40
 129 128 187
 34 97 188
 154 189 190
 159 161 110
 191 192 162
 193 152 151
 194 88 144
 195 196 197
 135 109 198
 57 199 58
 10 200 30
 201 202 203
 66 11 30
 75 204 205
 90 92 206
 130 207 208
 41 209 42
 75 7 210
 13 15 211
 212 213 214
 89 144 88
 215 216 138
 26 217 218
 219 218 217
 215 138 220
 221 222 223
 31 223 222
 208 207 224
 119 121 225
 226 65 227
 66 227 65
 228 229 230
 231 232 233
 74 232 231
 234 235 236
 222 237 9
 238 68 239
 240 239 68
 147 8 7
 72 74 231
 241 125 123
 242 243 244
 245 42 209
 13 6 246
 72 247 248
 249 118 117
 250 251 252
 253 251 250
 171 173 85
 195 126 59
 224 207 96
 241 254 125
 255 256 257
 149 257 256
 258 259 260
 10 253 223
 32 114 168
 238 140 68
 116 261 262
 72 263 247
 185 248 247
 186 264 78
 79 78 264
 243 265 266
 266 265 267
 258 260 268
 145 269 162
 31 30 200
 270 271 272
 138 273 220
 274 220 273
 66 30 275
 186 276 264
 112 39 277
 191 162 269
 189 278 190
 279 165 155
 255 280 204
 131 281 282
 38 283 39
 145 4 284
 74 285 269
 286 287 288
 270 272 289
 111 198 109
 290 173 172
 291 163 107
 105 107 163
 174 176 292
 116 225 117
 219 217 293
 234 294 235
 295 62 296
 297 298 108
 111 108 298
 235 299 236
 234 300 294
 150 189 151
 136 55 60
 74 269 232
 301 260 259
 31 222 9
 186 302 276
 303 304 42
 149 305 81
 145 284 232
 306 307 308
 195 59 206
 90 206 59
 120 266 121
 266 267 121
 75 309 138
 255 204 310
 149 311 305
 13 36 6
 181 11 64
 66 64 11
 312 313 311
 94 314 95
 315 95 314
 286 288 316
 22 24 317
 75 318 204
 250 252 92
 91 250 92
 142 144 319
 201 320 202
 127 129 321
 105 163 103
 119 225 262
 116 262 225
 301 322 56
 323 324 215
 325 324 323
 326 327 104
 328 329 330
 94 96 207
 297 331 332
 13 333 14
 334 335 336
 54 337 60
 178 338 179
 176 339 292
 340 244 243
 26 218 341
 342 287 343
 112 343 287
 342 33 344
 32 344 33
 234 268 260
 345 346 347
 77 348 349
 350 351 132
 38 78 104
 352 347 346
 334 353 335
 345 354 355
 154 156 356
 18 17 137
 16 357 130
 89 358 144
 72 231 263
 326 104 349
 87 85 173
 312 311 256
 195 206 196
 25 20 359
 154 360 155
 113 299 361
 362 363 364
 131 365 281
 366 203 202
 295 180 179
 367 368 273
 295 369 62
 370 56 55
 32 289 272
 194 371 372
 44 42 304
 226 373 65
 122 374 375
 221 223 253
 183 359 20
 67 69 376
 328 376 69
 377 378 375
 104 77 349
 194 144 379
 380 9 237
 366 381 184
 72 381 73
 382 383 384
 13 246 385
 386 387 258
 164 388 165
 70 389 390
 391 390 389
 334 392 393
 394 395 396
 29 397 28
 61 28 397
 398 161 160
 138 216 76
 370 55 399
 224 399 55
 167 289 168
 400 401 402
 219 293 403
 274 273 368
 67 404 68
 218 405 341
 32 272 344
 306 93 53
 70 406 71
 38 104 327
 54 56 322
 407 394 396
 112 277 402
 408 409 410
 350 411 351
 286 412 287
 169 413 414
 45 47 373
 234 260 300
 212 214 415
 416 415 214
 29 95 417
 119 418 120
 133 414 413
 52 317 419
 224 96 399
 420 399 96
 367 273 209
 159 110 109
 87 173 115
 145 5 4
 352 376 330
 279 155 360
 370 421 422
 370 399 421
 274 372 371
 112 402 343
 377 375 374
 408 423 409
 235 361 299
 290 172 424
 242 244 425
 240 68 404
 26 28 83
 426 102 321
 427 426 321
 186 40 428
 429 430 431
 420 27 341
 430 432 431
 242 73 433
 307 434 308
 375 435 123
 29 417 397
 52 419 211
 435 241 123
 315 417 95
 242 436 243
 183 185 437
 438 439 392
 54 322 337
 440 355 354
 91 441 221
 442 229 443
 228 443 229
 65 373 444
 250 91 221
 79 445 446
 32 168 289
 340 447 192
 366 202 254
 221 448 222
 408 222 448
 255 310 449
 340 243 266
 13 211 36
 111 298 198
 286 302 412
 267 265 378
 147 324 227
 90 450 91
 90 59 71
 58 71 59
 245 309 205
 44 293 451
 212 452 264
 340 192 244
 420 341 421
 245 209 273
 191 269 285
 453 188 97
 174 397 417
 454 455 364
 290 424 456
 22 172 49
 340 266 457
 154 356 189
 19 189 356
 19 151 189
 154 190 360
 352 458 347
 113 81 459
 150 278 189
 113 361 82
 131 133 365
 106 460 107
 183 461 184
 438 392 336
 10 462 253
 352 346 376
 35 402 401
 52 51 317
 120 457 266
 416 445 415
 105 103 98
 463 98 103
 328 330 376
 342 464 33
 329 458 330
 112 287 428
 465 293 217
 221 253 250
 134 466 109
 159 109 466
 245 273 309
 345 347 354
 174 292 397
 61 397 292
 125 202 166
 164 166 202
 382 176 383
 99 384 383
 186 428 412
 252 251 467
 153 379 144
 73 381 433
 468 469 470
 10 223 200
 334 336 392
 74 73 285
 22 317 471
 194 379 371
 35 464 402
 102 472 103
 409 473 410
 181 474 12
 366 254 475
 476 459 81
 416 477 445
 171 85 407
 204 280 478
 479 361 294
 235 294 361
 380 237 449
 408 449 237
 480 140 481
 465 83 62
 191 244 192
 350 432 180
 233 187 128
 26 83 217
 281 482 282
 193 483 484
 165 388 155
 178 180 432
 211 15 485
 44 451 43
 139 132 351
 193 21 483
 164 202 320
 286 355 302
 345 355 486
 487 488 304
 342 343 464
 238 481 140
 185 184 248
 489 296 292
 490 346 486
 345 486 346
 219 491 218
 492 308 434
 400 402 277
 52 211 485
 352 330 458
 44 304 403
 342 288 287
 119 262 493
 139 414 133
 398 225 121
 79 452 445
 122 375 123
 171 407 396
 312 410 473
 494 206 92
 255 449 495
 380 449 310
 16 190 278
 408 237 222
 490 376 346
 362 364 455
 408 410 449
 315 314 484
 193 484 314
 297 108 374
 377 374 108
 468 496 497
 147 227 275
 66 275 227
 61 292 296
 29 157 95
 498 499 283
 500 470 469
 303 42 501
 133 413 365
 84 429 85
 502 503 344
 489 339 504
 377 110 161
 366 184 203
 39 283 499
 212 415 452
 16 158 190
 480 3 140
 303 505 304
 487 304 505
 502 272 271
 506 507 508
 37 509 1
 510 311 313
 169 414 182
 125 166 124
 212 264 276
 274 371 220
 215 220 371
 242 425 73
 431 511 282
 489 504 351
 490 512 376
 67 376 512
 498 283 513
 185 247 514
 515 365 413
 290 456 516
 395 282 482
 420 96 157
 270 289 517
 518 519 520
 521 107 460
 489 411 296
 472 426 517
 226 227 522
 518 523 519
 167 517 289
 145 232 269
 131 282 511
 517 426 270
 317 24 419
 37 419 24
 125 254 202
 63 65 444
 524 316 288
 488 525 526
 63 527 64
 153 371 379
 487 525 488
 63 508 507
 528 516 456
 61 296 62
 75 205 309
 212 529 213
 530 12 474
 241 475 254
 70 170 389
 531 389 170
 532 497 230
 487 257 148
 184 461 203
 215 371 323
 153 323 371
 79 264 452
 112 428 40
 454 337 322
 295 296 411
 102 426 472
 240 271 533
 442 534 229
 249 117 466
 174 417 175
 315 175 417
 243 436 265
 489 351 411
 287 412 428
 535 1 509
 487 505 257
 487 148 525
 518 516 523
 528 523 516
 149 148 257
 255 257 280
 366 433 381
 30 8 275
 536 336 335
 122 331 374
 537 485 15
 301 455 322
 240 533 239
 171 49 172
 181 64 538
 72 248 381
 184 381 248
 472 539 103
 306 308 93
 540 93 308
 201 20 541
 19 541 20
 535 542 1
 2 1 542
 94 207 152
 150 152 207
 500 543 544
 530 462 12
 241 436 475
 400 0 401
 366 475 433
 545 546 86
 489 292 339
 127 321 101
 136 208 55
 224 55 208
 479 218 491
 378 265 435
 502 344 272
 409 406 390
 515 114 188
 149 256 311
 545 86 547
 87 547 86
 479 405 218
 315 484 548
 431 432 511
 476 81 305
 22 424 172
 99 98 549
 301 56 550
 34 188 114
 70 390 406
 80 525 148
 463 103 539
 391 313 473
 169 168 114
 178 551 338
 552 338 551
 37 24 509
 228 497 496
 350 511 432
 545 553 546
 531 554 389
 253 462 251
 350 132 511
 79 446 77
 468 497 469
 362 455 259
 498 333 385
 185 514 437
 22 555 424
 147 76 216
 498 385 499
 342 344 503
 480 284 4
 556 557 43
 41 43 557
 13 385 333
 402 464 343
 334 558 353
 559 560 561
 177 383 176
 301 550 260
 131 511 132
 466 117 160
 303 478 280
 362 562 363
 26 341 27
 513 283 327
 291 563 163
 127 163 563
 427 564 239
 241 265 436
 177 175 548
 453 97 542
 2 542 97
 31 200 223
 465 451 293
 245 205 501
 391 473 390
 400 499 385
 565 71 406
 510 305 311
 465 217 83
 35 33 464
 391 389 566
 530 251 462
 29 27 157
 350 180 411
 156 155 388
 567 548 484
 531 561 560
 568 421 341
 186 412 302
 245 501 42
 290 115 173
 297 332 298
 315 548 175
 377 161 378
 191 425 244
 204 478 205
 304 488 403
 442 443 569
 19 21 151
 362 259 387
 559 335 353
 238 239 564
 535 509 570
 295 411 180
 540 51 93
 476 305 571
 510 571 305
 167 539 517
 467 251 572
 382 339 176
 465 369 451
 219 526 491
 290 516 115
 255 495 256
 445 477 446
 252 467 573
 249 574 575
 267 378 576
 156 320 541
 201 541 320
 492 577 308
 540 308 577
 420 157 27
 85 429 407
 578 404 512
 67 512 404
 494 196 206
 219 403 488
 490 486 316
 57 579 199
 147 275 8
 502 580 503
 472 517 539
 556 451 369
 193 314 152
 35 401 97
 2 97 401
 201 461 20
 545 547 372
 194 372 547
 63 507 527
 480 481 187
 89 115 516
 297 374 331
 22 471 555
 442 569 434
 398 117 225
 291 514 247
 490 316 581
 531 560 554
 233 232 284
 463 549 98
 134 574 466
 440 354 529
 498 513 582
 183 20 461
 552 557 338
 556 338 557
 440 276 302
 583 456 424
 445 452 415
 138 309 273
 10 12 462
 227 324 522
 400 385 246
 242 475 436
 87 88 547
 127 101 163
 75 210 318
 494 92 573
 326 349 584
 312 256 495
 465 62 369
 375 378 435
 156 541 356
 19 356 541
 242 433 475
 317 51 471
 84 86 546
 468 470 520
 44 403 293
 191 285 425
 398 121 576
 57 585 579
 536 579 585
 586 447 457
 340 457 447
 23 570 509
 2 401 0
 64 527 538
 291 107 514
 521 514 107
 140 3 141
 587 182 414
 300 422 588
 57 589 585
 500 469 543
 377 108 110
 270 426 533
 326 513 327
 177 548 590
 47 444 373
 241 435 265
 556 369 179
 147 216 324
 531 579 561
 480 4 3
 212 276 529
 57 126 589
 41 591 209
 94 152 314
 427 533 426
 567 484 483
 556 179 338
 130 357 207
 150 207 357
 295 179 369
 500 592 470
 593 82 361
 136 17 208
 130 208 17
 442 434 594
 307 594 434
 167 182 595
 249 575 118
 596 118 575
 530 572 251
 84 546 551
 221 441 448
 565 448 441
 129 187 481
 518 358 516
 89 516 358
 567 460 590
 106 590 460
 559 561 335
 498 582 333
 500 597 592
 431 407 429
 23 509 24
 25 483 21
 536 561 579
 565 423 448
 408 448 423
 479 491 361
 593 361 491
 568 422 421
 37 36 419
 211 419 36
 380 310 318
 382 504 339
 169 114 413
 113 459 299
 556 43 451
 116 118 261
 596 261 118
 420 421 399
 492 598 599
 600 126 197
 195 197 126
 492 569 598
 601 569 443
 249 466 574
 568 341 405
 23 396 570
 440 302 355
 39 499 277
 400 277 499
 567 590 548
 334 393 558
 99 549 384
 267 576 121
 378 161 576
 442 594 534
 178 432 430
 300 550 422
 41 557 591
 440 529 276
 568 588 422
 587 414 602
 431 282 394
 395 394 282
 99 383 100
 252 573 92
 228 230 497
 370 550 56
 300 260 550
 502 271 603
 240 603 271
 25 359 604
 25 604 483
 601 443 496
 300 588 294
 325 522 324
 454 322 455
 204 318 310
 398 576 161
 193 151 21
 565 450 71
 90 71 450
 515 413 114
 587 602 384
 510 605 571
 257 505 280
 606 571 605
 286 316 486
 286 486 355
 215 324 216
 119 493 418
 586 418 493
 532 469 497
 102 101 321
 23 49 396
 518 520 319
 142 319 520
 536 335 561
 38 327 283
 480 187 284
 263 128 563
 127 563 128
 45 607 597
 608 597 607
 583 424 555
 370 422 550
 303 280 505
 524 580 581
 578 581 580
 139 602 414
 226 607 373
 183 437 359
 521 359 437
 609 566 554
 389 554 566
 427 321 564
 492 434 569
 506 48 610
 606 605 611
 73 425 285
 431 394 407
 342 503 288
 524 288 503
 524 581 316
 139 351 504
 201 203 461
 84 551 430
 178 430 551
 395 570 396
 531 199 579
 449 410 495
 312 495 410
 228 496 443
 14 333 582
 391 612 313
 510 313 612
 84 430 429
 545 372 368
 274 368 372
 583 577 599
 492 599 577
 270 533 271
 593 526 525
 301 259 455
 531 170 199
 312 473 313
 142 520 470
 386 562 387
 219 488 526
 524 503 580
 45 597 544
 382 384 602
 159 466 160
 545 368 553
 367 553 368
 91 450 441
 540 471 51
 500 544 597
 535 482 613
 367 209 591
 593 491 526
 552 546 553
 578 580 603
 502 603 580
 468 520 519
 506 508 48
 47 48 508
 391 611 612
 348 77 446
 129 564 321
 233 128 231
 263 231 128
 16 278 357
 600 439 589
 391 566 611
 601 496 519
 171 396 49
 45 544 46
 156 388 320
 164 320 388
 409 423 406
 325 323 614
 153 614 323
 490 581 512
 578 512 581
 609 611 566
 515 615 365
 281 365 615
 129 481 564
 238 564 481
 552 551 546
 578 603 404
 240 404 603
 528 598 523
 601 523 598
 194 547 88
 521 604 359
 521 460 604
 567 483 604
 567 604 460
 380 318 210
 226 616 607
 565 406 423
 535 570 482
 380 210 9
 601 519 523
 58 199 170
 479 294 588
 281 613 482
 438 589 439
 325 616 522
 226 522 616
 45 373 607
 537 50 485
 52 485 50
 565 441 450
 532 543 469
 453 542 613
 535 613 542
 536 585 336
 438 336 585
 608 592 597
 438 585 589
 398 160 117
 587 384 549
 583 599 456
 528 456 599
 468 519 496
 142 470 592
 120 418 457
 453 613 615
 281 615 613
 362 387 562
 409 390 473
 139 504 602
 586 457 418
 479 588 405
 177 100 383
 427 239 533
 587 549 595
 463 595 549
 291 247 563
 263 563 247
 600 589 126
 7 9 210
 177 590 100
 106 100 590
 552 591 557
 400 246 0
 568 405 588
 583 555 577
 540 577 555
 608 616 614
 395 482 570
 258 387 259
 540 555 471
 518 319 358
 144 358 319
 611 605 612
 234 236 268
 601 598 569
 63 444 508
 47 508 444
 382 602 504
 528 599 598
 205 478 501
 303 501 478
 463 539 595
 167 595 539
 515 188 615
 150 357 278
 608 143 592
 233 284 187
 453 615 188
 325 614 616
 80 82 525
 593 525 82
 6 0 246
 521 437 514
 587 595 182
 608 614 143
 552 553 591
 367 591 553
 608 607 616
 393 617 558
 142 592 143
 153 143 614
 510 612 605
 19
 181 530 494 600 506 507 467 392 393 474 538 197 196 610 439 527 572 617 573
 0
 21
 306 532 326 537 14 53 307 15 229 513 230 534 584 582 46 610 544 48 594 50 543
 0
 0
 0
 0
 21
 122 279 454 134 18 135 165 124 363 360 298 158 190 337 332 574 137 331 364 198 60
 19
 386 559 609 476 606 258 363 353 560 571 611 459 236 562 554 268 299 558 617
 19
 328 596 586 162 329 5 68 146 192 447 458 575 493 69 262 261 574 141 3
 12
 416 348 214 213 347 458 349 584 529 446 354 477
 0
