606 1110
4.197526 1.870366 1
4.205878 1.765920 1
4.353964 1.802044 1
4.266956 1.957000 1
5.021739 1.179394 1
4.893626 1.277357 1
4.907285 1.106014 1
4.807293 1.166631 1
4.508610 1.716591 1
4.403931 1.670555 1
4.564542 1.598689 1
4.428215 1.553005 1
5.530592 1.588824 1
5.418162 1.689044 1
5.438151 1.531744 1
5.320665 1.604995 1
5.530718 0.481856 1
5.695170 0.474101 1
5.646289 0.628994 1
5.069196 0.635702 1
4.961960 0.559769 1
5.133544 0.478251 1
3.475663 0.888661 2
3.630861 0.810948 1
3.620797 0.962889 1
5.163724 1.126447 1
5.045081 1.009605 1
4.309810 1.458320 1
4.284656 1.344871 1
4.423867 1.436994 1
3.850509 0.260440 1
3.979503 0.179251 1
4.005759 0.298898 1
3.526508 0.747543 1
5.292080 1.380322 1
5.350010 1.474343 1
5.214271 1.518538 1
5.131914 0.869455 1
4.979466 0.893651 1
5.051641 0.767929 1
5.167317 1.389628 1
5.707364 1.638875 1
5.555358 1.705302 1
5.626503 1.565697 1
3.472222 0.000000 0
3.611111 0.000000 0
3.516792 0.145812 1
3.641623 0.107255 1
4.264837 0.506349 1
4.212965 0.369220 1
4.362883 0.430394 1
4.346334 0.298179 1
4.131754 0.207418 1
5.644777 1.756792 1
6.361014 1.300424 1
6.245265 1.175609 1
6.418029 1.163651 1
6.311475 1.063067 1
5.380229 0.370990 1
5.504284 0.305714 1
6.375421 0.217663 1
6.491006 0.285487 1
6.309723 0.352951 1
4.436863 1.321819 1
4.995296 0.236381 1
5.156919 0.196422 1
5.078186 0.341365 1
5.224209 0.344523 1
5.832567 1.649027 1
5.784334 1.788280 2
6.456118 0.426628 1
4.296433 1.636482 1
3.828493 1.142571 1
3.683397 1.093184 1
3.767156 0.999493 1
4.504739 0.855871 1
4.639683 0.942703 1
4.530584 1.020250 1
4.992430 0.434300 1
6.668028 0.549795 1
6.552711 0.526996 1
6.668671 0.402044 1
3.948735 2.525645 1
3.998096 2.637498 1
3.843473 2.645442 1
3.842246 2.212200 1
3.712051 2.282257 1
3.704172 2.146105 1
3.938292 2.741144 1
6.805555 0.000000 0
6.780949 0.168758 1
6.669086 0.122512 1
6.232086 0.489105 1
6.130297 0.402729 1
6.175150 0.288281 1
4.651967 1.116920 1
3.833107 2.492996 1
4.062547 2.751495 1
5.129714 1.775617 1
4.972393 1.838057 1
5.032820 1.697711 1
5.614038 0.973464 1
5.434222 0.993871 1
5.499931 0.878386 1
3.903397 1.006895 1
3.754267 2.567093 1
4.592384 2.319388 1
4.691078 2.196561 1
4.696296 2.345913 1
4.580345 2.206484 1
5.102249 1.883111 1
5.043925 1.413306 1
5.104763 1.279750 1
4.198955 1.500195 1
3.469650 1.397828 2
3.586089 1.443134 1
3.520157 1.563006 1
4.462722 2.564050 1
4.526483 2.659689 1
4.347877 2.679267 1
4.475300 2.761858 1
3.635818 1.537494 1
3.698988 1.429815 1
3.747811 1.581453 1
3.849503 1.421999 1
3.408179 1.538060 1
4.903107 0.343548 1
4.798086 2.091643 1
4.663584 2.037987 1
6.230560 1.344904 1
6.201416 1.471436 1
6.086552 1.410100 1
3.714597 0.708935 1
3.702993 0.565209 1
3.848248 0.685716 1
3.848161 0.545098 1
4.178657 1.655982 1
4.864355 0.634513 1
4.799226 0.536415 1
4.038846 3.000278 1
4.123266 2.867643 1
4.188133 2.985779 1
6.555438 0.366973 1
6.130081 1.262278 1
3.391597 1.254465 2
3.500594 1.253994 1
5.523998 1.106661 1
5.616538 0.374448 1
4.769942 2.280101 1
4.871974 2.324351 1
4.797622 2.415462 1
4.888039 0.454218 1
4.312762 2.854862 1
4.226376 2.765024 1
4.375290 2.773214 1
4.773951 1.017079 1
3.969128 1.361352 1
3.956628 1.481164 1
6.929450 0.775722 2
6.801984 0.823573 1
6.788272 0.705521 1
4.203020 2.518538 1
4.284287 2.418287 1
4.327531 2.549852 1
3.698022 2.449470 1
3.621327 2.565028 2
3.862222 0.115869 1
4.173781 2.409400 1
3.534906 1.865153 1
3.688168 1.858842 1
3.667001 2.000325 1
4.266639 1.208421 1
4.162879 1.264773 1
4.154629 1.098465 1
3.522048 1.072109 1
5.574383 0.760526 1
5.472854 0.651649 1
3.298969 1.696324 1
3.402265 1.774331 1
3.214273 1.796005 2
3.335945 1.880307 2
4.551707 2.098530 1
4.540506 1.857687 1
4.072998 1.832016 1
4.070199 1.692867 1
3.981842 1.107964 1
4.033360 0.990844 1
4.630215 0.814108 1
3.911410 0.404852 1
4.029822 3.147438 1
3.900661 3.036299 1
4.191768 0.738060 1
4.064754 0.862926 1
4.016786 0.705493 1
4.902018 0.986021 1
6.422426 1.621216 2
6.284449 1.579454 2
6.390977 1.521575 1
4.034224 1.931055 1
3.923554 1.853063 1
4.330723 0.835721 1
4.198482 0.880987 1
4.044223 2.059058 1
4.154537 2.170261 1
3.992948 2.189189 1
4.079422 2.316966 1
3.695457 1.200774 1
6.012587 0.979377 1
5.989002 1.095738 1
5.884440 1.047806 1
5.899824 0.937686 1
4.935510 0.798596 1
4.408943 1.208203 1
6.086993 0.833166 1
6.152033 0.968888 1
5.613404 0.247793 1
5.775684 0.178337 1
5.738230 0.320551 1
5.846208 1.398244 1
5.911312 1.262849 1
5.969497 1.377423 1
6.580320 1.413871 1
6.676661 1.313509 2
6.676695 1.483973 2
5.815335 0.449445 1
6.884698 0.923605 2
4.076138 0.103667 1
3.404548 0.268258 1
3.461062 0.404400 1
3.328546 0.382219 2
3.377062 0.515177 2
5.026401 1.985366 1
5.070536 2.087768 1
4.939309 2.094151 1
4.264057 0.989583 1
4.401928 0.975729 1
3.084625 1.710023 3
3.193962 1.666452 2
4.640522 2.762918 2
3.793797 2.080250 1
6.666667 0.000000 0
4.891725 1.989285 1
3.834103 2.353311 1
3.951665 2.410690 1
5.656200 0.116656 1
4.133937 2.644026 1
4.077076 2.488711 1
3.754119 0.403516 1
3.514709 1.719278 1
5.171740 0.594230 1
3.433949 2.407681 2
3.570265 2.320343 1
3.555036 2.463536 1
3.601026 0.455091 1
3.536094 0.303084 1
4.562850 2.864707 2
5.791094 1.253505 1
4.287328 0.156011 1
4.437894 0.163075 1
4.342330 0.685432 1
3.806587 1.955921 1
3.944605 1.966865 1
4.564247 1.248620 1
4.526571 1.138205 1
3.615175 1.304414 1
4.323374 1.097108 1
6.759270 1.021705 2
6.719118 1.165979 2
6.623026 1.060949 1
3.484943 0.629437 1
3.351627 0.668842 2
3.761477 1.293916 1
5.639409 1.351996 1
5.700864 1.196129 1
5.751071 1.354306 1
4.448486 0.731356 1
3.181105 0.357897 2
3.139652 0.247285 1
3.290539 0.264936 1
3.651117 0.340842 1
4.550630 1.464148 1
5.776108 0.965661 1
5.746908 1.073127 1
4.365158 2.329854 1
4.413340 2.452439 1
4.066500 1.192001 1
3.622439 1.656989 1
3.719571 1.738871 1
6.021003 1.303025 1
3.358270 0.132785 1
5.274645 0.556224 1
5.348751 0.647325 1
5.209572 0.706741 1
4.410639 1.931589 1
6.669121 0.801367 1
6.635121 0.669872 1
3.518463 2.154564 1
3.409978 2.049430 1
3.524222 2.006972 1
4.571433 0.430196 1
4.490055 0.339435 1
4.656291 0.343453 1
4.579339 0.224829 1
3.424379 0.747733 1
3.350452 0.817033 2
3.609948 1.775104 1
6.783769 0.483042 2
6.804168 0.361318 2
4.109686 1.573721 1
4.370944 3.065555 1
4.445385 2.912859 1
4.486003 3.063442 2
4.065104 0.412415 1
4.131865 0.522479 1
4.476840 2.359542 1
4.469009 2.230560 1
5.293349 0.250840 1
3.212515 1.527108 2
3.306975 1.590395 1
4.749104 1.959170 1
5.924449 1.697210 1
3.333333 0.000000 0
5.401428 0.214096 1
3.578319 1.177414 1
6.324122 0.610765 1
6.351065 0.492053 1
3.905096 3.170962 1
5.964937 0.861226 1
5.967681 0.740476 1
6.096727 0.612747 1
6.209965 0.725599 1
6.069672 0.717208 1
5.416667 0.000000 0
5.555555 0.000000 0
5.504745 0.142925 1
3.717463 2.749289 2
3.705432 2.642207 2
4.135249 0.629142 1
5.197884 0.982405 1
5.300575 1.056993 1
6.319388 0.847432 1
6.376384 0.726212 1
5.776990 0.694899 1
5.785912 0.573163 1
6.204954 0.596510 1
3.845217 1.716956 1
3.796619 1.824731 1
4.299214 2.967769 1
3.904215 2.075878 1
6.905020 0.667579 2
3.322062 1.462646 2
6.109220 1.114250 1
3.970571 1.752461 1
6.017458 1.194945 1
5.066491 0.106432 1
5.736123 0.856853 1
5.053280 1.586605 1
5.171651 1.655489 1
4.117604 0.318278 1
5.094077 1.486866 1
5.857598 0.815424 1
4.995025 2.181149 1
5.106811 2.203736 2
4.991894 2.301419 2
6.111111 0.000000 0
6.250000 0.000000 0
6.180937 0.137478 1
5.636862 1.106228 1
5.982413 1.512895 1
5.834264 1.546674 1
6.474845 0.818576 1
6.385768 0.954320 1
6.515819 0.965129 1
6.462369 1.397370 1
6.324215 1.436751 1
3.722780 0.273609 1
5.678832 0.759675 1
5.847640 0.347198 1
3.944857 3.279537 1
4.080956 3.284735 1
3.979446 3.402946 2
4.129733 3.082790 1
5.589827 1.204062 1
6.571663 1.316208 1
6.483446 1.273219 1
5.291018 1.165540 1
6.883154 0.113225 2
4.133654 1.954951 1
4.167809 2.050471 1
5.622250 0.846234 1
3.436522 2.260481 1
4.274614 2.090020 1
5.878862 0.239091 1
5.876892 0.663522 1
5.972222 0.000000 0
6.067082 0.109985 1
5.898426 0.116071 1
3.957970 0.911975 1
3.959849 2.875437 1
3.883708 1.567199 1
5.387472 0.522666 1
4.540211 2.455931 1
4.611162 2.568521 1
3.915571 0.802402 1
5.404268 1.122500 1
5.468201 1.238726 1
4.675114 2.456182 1
4.762679 2.571348 2
3.959123 0.513422 1
5.389453 0.105653 1
6.119349 1.567009 2
6.025159 1.666218 2
5.932649 1.802741 2
3.726347 0.895825 1
3.941152 0.610507 1
4.067390 1.302073 1
4.148262 1.378936 1
4.070376 1.461076 1
5.359257 0.759984 1
4.224841 2.889864 1
4.455444 0.607523 1
4.560836 0.542137 1
4.563451 0.696712 1
4.670970 0.591237 1
3.878421 1.282080 1
5.283319 0.442716 1
4.697741 1.235568 1
5.438052 1.373489 1
5.350778 1.260211 1
5.708072 1.483647 1
5.457215 1.809657 1
5.567788 1.866657 2
5.416706 1.952760 2
4.312671 2.198335 1
4.106912 3.411744 2
4.928566 2.422585 2
6.502028 0.681337 1
4.842820 0.875042 1
3.393071 2.160466 1
3.827495 2.795848 1
4.780706 1.288361 1
4.682758 1.491060 1
4.663811 1.351062 1
3.837439 2.919240 1
3.739409 2.992201 2
3.739827 2.848954 2
5.468232 0.781475 1
4.440127 1.087113 1
3.056968 0.169976 2
3.022608 0.329511 2
4.143056 0.964561 1
3.745319 0.148263 1
5.004983 1.311464 1
3.055556 0.000000 0
3.155647 0.105018 1
4.225101 2.304498 1
4.921088 1.717341 1
4.409590 2.128758 1
4.444445 0.000000 0
4.543991 0.104653 1
5.694445 0.000000 0
4.823249 1.882537 1
5.232052 1.265720 1
4.683551 2.651215 2
3.750000 0.000000 0
4.033442 0.602806 1
5.994103 0.213297 1
3.940217 2.293453 1
3.394670 1.027432 2
5.566142 1.451249 1
3.942056 1.661629 1
4.292946 3.352727 2
4.196562 3.299059 1
4.326914 3.215930 2
4.576276 2.986893 2
5.312334 0.951196 1
5.261732 0.838786 1
3.504400 0.508635 1
3.842282 0.902299 1
6.433274 0.580817 1
4.693324 1.835843 1
5.540326 1.323904 1
4.363525 2.028943 1
5.274411 1.744259 1
5.348793 1.834921 1
5.279668 1.913752 1
5.278401 2.024982 2
6.743394 0.907869 1
3.623500 2.212112 1
4.185935 3.189254 1
4.305555 0.000000 0
4.188107 0.103704 1
6.604926 0.235275 1
6.723753 0.280204 1
5.921306 1.142314 1
3.888889 0.000000 0
3.606921 0.671055 1
6.590637 1.189853 1
3.612837 0.214986 1
6.507941 1.506101 2
4.673587 0.710112 1
6.264836 0.224408 1
4.473945 0.484199 1
4.871843 2.202187 1
6.767800 0.593947 2
4.861111 0.000000 0
5.000000 0.000000 0
4.909756 0.121741 1
4.583333 0.000000 0
4.722222 0.000000 0
4.672441 0.119825 1
3.432795 1.920420 1
6.209862 1.066738 1
4.730761 0.885847 1
4.244239 2.651063 1
3.813725 3.367210 2
4.623531 1.736114 1
3.607256 2.092462 1
4.368527 0.081179 1
5.285372 0.138369 1
6.201790 0.855314 1
4.637472 1.933982 1
5.922396 1.609534 1
5.138889 0.000000 0
5.194705 0.085142 1
4.166667 0.000000 0
4.827893 1.769695 1
4.735635 1.704167 1
6.303110 0.114363 1
6.498920 0.145414 1
6.527778 0.000000 0
6.405153 0.101550 1
4.823543 1.530825 1
4.799692 1.398689 1
4.694332 1.602949 1
3.485706 2.552667 2
4.960206 1.506675 1
3.240989 0.167097 1
6.569833 0.765405 1
3.448032 1.143824 1
6.388889 0.000000 0
4.761513 0.665579 1
3.777970 3.146677 2
6.096117 0.210944 1
6.511671 1.081840 1
3.783251 0.797203 1
6.575046 0.857318 1
6.417073 1.053950 1
6.845220 0.241074 2
4.243562 0.616111 1
4.243294 0.265448 1
4.357610 0.555006 1
5.277778 0.000000 0
4.540840 1.979222 1
4.677654 0.468864 1
6.578643 0.084081 1
4.908827 1.410845 1
4.027778 0.000000 0
5.833333 0.000000 0
4.829906 1.649870 1
4.741789 0.782922 1
4.849654 0.738157 1
5.195613 2.110418 2
5.169352 1.977927 1
6.645611 0.936113 1
4.936807 1.614838 1
4.783470 0.397058 1
4.796529 0.282452 1
3.194444 0.000000 0
4.533991 1.348814 1
5.213384 1.838588 1
4.695080 0.236925 1
4.256149 3.096748 1
4.453945 2.031813 1
4.223198 3.429797 3
5.665025 1.848221 3
4.791667 0.183726 1
4.791667 0.078739 1
5.389285 0.867283 1
6.263386 0.959293 1
3.593017 0.564681 1
4.444899 3.150003 2
5.763889 0.075243 1
3.965343 1.219341 1
3.839779 3.241144 2
3.304002 2.226061 2
4.960452 0.689004 1
3.320478 1.980983 2
5.986506 0.632032 1
4.883244 0.236595 1
3.345389 1.153100 2
4.006957 1.578603 1
5.825987 1.162622 1
3.256537 0.080980 1
3.346754 2.327696 2
3.958333 0.073239 1
6.116432 0.504141 1
5.955906 0.325406 1
5.925706 0.435554 1
5.899045 0.541603 1
3.296390 2.111793 2
6.025506 0.407118 1
6.009024 0.516635 1
4.872369 2.513663 2
3.406164 1.651777 1
6.063309 0.305677 1
 0 1 2
 3 0 2
 4 5 6
 6 5 7
 8 9 10
 9 11 10
 12 13 14
 13 15 14
 16 17 18
 19 20 21
 22 23 24
 25 4 26
 27 28 29
 30 31 32
 33 23 22
 34 35 36
 37 38 39
 40 34 36
 41 42 43
 44 45 46
 45 47 46
 48 49 50
 51 50 49
 52 32 31
 53 42 41
 54 55 56
 57 56 55
 16 58 59
 60 61 62
 29 28 63
 64 65 66
 67 66 65
 68 69 41
 70 62 61
 71 27 11
 72 73 74
 75 76 77
 78 21 20
 79 80 81
 71 2 1
 82 83 84
 85 86 87
 84 83 88
 89 90 91
 92 93 62
 62 93 94
 95 77 76
 82 84 96
 97 88 83
 98 99 100
 101 102 103
 4 6 26
 72 74 104
 84 105 96
 106 107 108
 109 107 106
 98 110 99
 40 111 112
 71 113 27
 114 115 116
 117 118 119
 120 119 118
 121 122 123
 124 123 122
 125 114 116
 12 43 42
 78 126 66
 127 107 128
 129 130 131
 132 133 134
 135 134 133
 71 136 113
 137 138 20
 139 140 141
 81 80 142
 143 129 131
 114 144 145
 101 146 102
 16 147 17
 148 149 150
 20 138 151
 152 153 154
 95 76 155
 124 156 157
 158 159 160
 16 59 147
 161 162 163
 164 105 165
 30 166 31
 153 119 154
 161 167 162
 53 41 69
 168 169 170
 171 172 173
 174 24 73
 175 176 18
 16 18 176
 15 36 35
 177 178 179
 180 179 178
 148 150 108
 64 66 126
 128 107 181
 182 2 8
 183 184 1
 72 104 185
 186 185 104
 75 187 76
 30 32 188
 139 189 190
 191 192 193
 194 26 6
 195 196 197
 183 198 199
 191 200 201
 202 203 204
 205 204 203
 72 206 73
 207 208 209
 210 207 209
 211 39 38
 63 28 212
 213 214 207
 215 216 217
 218 219 220
 191 201 192
 221 222 223
 17 217 224
 158 225 159
 52 31 226
 227 228 229
 230 229 228
 231 232 233
 25 112 4
 234 200 235
 75 235 200
 236 237 179
 238 120 118
 85 87 239
 240 89 91
 231 233 241
 242 243 96
 215 244 216
 245 83 246
 135 247 188
 168 178 248
 19 21 249
 250 251 252
 164 252 251
 253 228 254
 238 255 120
 256 219 218
 51 257 258
 191 259 200
 260 199 261
 161 245 246
 260 239 170
 87 170 239
 262 212 263
 264 114 145
 171 173 265
 30 188 247
 96 243 82
 37 26 38
 266 267 268
 230 269 270
 264 271 122
 124 122 271
 272 273 274
 75 200 275
 276 277 278
 253 254 279
 164 165 252
 10 11 280
 101 281 282
 162 283 284
 285 173 172
 121 123 286
 287 286 123
 288 143 131
 97 153 140
 44 46 289
 290 291 292
 182 293 2
 294 295 160
 296 297 298
 299 300 301
 302 301 300
 33 22 303
 304 303 22
 109 181 107
 168 305 169
 288 220 219
 79 81 306
 307 306 81
 308 113 136
 309 310 311
 95 155 7
 312 49 313
 48 313 49
 276 278 229
 314 315 106
 109 106 315
 67 65 316
 317 318 237
 127 128 319
 68 320 69
 321 44 289
 199 198 261
 67 316 58
 322 58 316
 174 73 323
 63 212 262
 324 92 325
 189 326 190
 213 327 328
 73 24 74
 78 66 21
 329 330 331
 332 333 334
 335 336 84
 191 193 337
 25 338 339
 340 330 341
 324 341 330
 342 18 343
 329 344 330
 287 123 345
 260 346 199
 1 184 136
 213 328 331
 256 274 273
 309 347 310
 202 204 348
 85 348 204
 51 258 300
 302 300 258
 158 160 349
 125 350 114
 351 207 214
 164 251 86
 183 199 352
 288 353 143
 351 143 353
 64 354 65
 15 35 14
 101 355 281
 3 2 293
 294 160 159
 356 36 357
 52 358 32
 40 359 111
 342 360 355
 361 362 363
 364 365 366
 71 9 2
 314 284 283
 101 282 367
 368 369 218
 290 292 249
 340 370 371
 372 371 370
 54 373 374
 30 247 375
 342 376 18
 33 303 269
 324 344 92
 168 248 305
 377 224 217
 378 379 380
 351 55 143
 139 141 381
 382 273 272
 383 373 384
 54 56 384
 200 259 275
 25 339 385
 89 386 90
 387 3 388
 175 389 103
 296 251 390
 250 390 251
 388 3 391
 216 392 217
 342 393 360
 394 395 396
 186 104 397
 139 398 140
 186 173 185
 285 185 173
 221 373 383
 253 247 133
 135 133 247
 75 77 235
 17 147 217
 322 334 59
 215 59 334
 123 399 345
 72 271 206
 234 265 173
 143 55 129
 55 54 129
 16 400 58
 117 119 163
 356 357 100
 117 401 402
 54 384 373
 403 134 193
 85 242 86
 164 86 242
 322 59 58
 124 399 123
 404 146 405
 101 103 389
 377 217 392
 406 407 402
 312 313 408
 328 360 393
 247 279 375
 332 334 409
 368 410 411
 412 69 320
 333 244 334
 382 405 146
 413 74 24
 134 414 193
 415 416 417
 418 292 291
 15 357 36
 368 131 410
 171 212 28
 156 415 417
 152 419 153
 420 421 422
 423 422 421
 124 424 156
 67 58 425
 269 303 270
 95 7 426
 427 34 428
 429 274 218
 430 431 432
 433 203 391
 434 380 379
 368 218 220
 378 189 379
 435 150 149
 210 281 360
 355 360 281
 17 343 18
 436 80 295
 79 295 80
 194 155 437
 296 438 297
 335 84 439
 54 374 129
 256 218 274
 5 440 7
 40 36 359
 290 21 425
 67 425 21
 97 245 153
 101 389 355
 342 355 376
 84 336 105
 436 370 341
 427 35 34
 10 280 441
 442 441 280
 443 444 445
 175 103 446
 447 263 212
 448 277 449
 121 116 115
 234 201 200
 186 192 450
 231 99 110
 30 451 166
 5 4 452
 453 454 448
 148 108 107
 420 422 275
 130 410 131
 97 140 398
 205 203 455
 67 21 66
 456 100 99
 406 402 401
 315 457 181
 175 18 376
 37 39 292
 19 292 39
 458 459 258
 333 460 244
 7 155 6
 429 218 369
 461 99 241
 231 241 99
 25 462 112
 416 28 113
 27 113 28
 260 261 348
 403 192 397
 186 397 192
 404 428 385
 402 463 118
 464 166 451
 75 422 187
 194 6 155
 465 408 313
 118 463 238
 466 396 395
 16 176 400
 205 467 204
 85 239 348
 174 468 22
 429 469 272
 470 345 399
 471 472 473
 474 310 255
 124 157 399
 475 338 476
 37 476 338
 230 477 269
 51 300 50
 413 24 23
 109 315 181
 413 478 74
 95 263 77
 436 341 479
 461 319 480
 82 246 83
 433 391 457
 481 469 427
 272 469 481
 111 452 112
 70 479 325
 404 405 428
 156 417 157
 70 80 479
 403 193 192
 391 482 457
 483 13 484
 485 432 486
 15 483 357
 260 170 169
 266 487 225
 443 398 190
 139 190 398
 296 488 251
 92 62 325
 489 379 189
 264 145 323
 490 257 491
 443 439 398
 492 91 493
 90 493 91
 474 311 310
 489 473 472
 234 235 265
 447 265 235
 494 209 208
 429 272 274
 427 428 405
 442 262 426
 95 426 262
 213 207 327
 213 331 330
 464 495 166
 33 269 496
 202 348 261
 497 268 267
 433 455 203
 82 243 246
 498 46 47
 227 46 254
 498 254 46
 19 249 292
 221 223 499
 423 500 422
 202 388 203
 356 359 36
 87 86 488
 162 284 163
 60 62 501
 37 292 476
 418 476 292
 50 300 502
 264 115 114
 124 271 424
 312 408 188
 127 503 107
 148 107 503
 160 295 504
 418 176 446
 175 446 176
 205 243 467
 152 154 310
 120 310 154
 412 320 411
 505 506 507
 508 509 510
 70 142 80
 302 258 459
 168 511 178
 492 81 142
 351 214 512
 75 275 422
 340 341 370
 155 513 437
 68 41 369
 429 369 41
 430 42 431
 53 431 42
 312 188 32
 324 330 344
 164 242 96
 78 20 151
 205 246 243
 94 501 62
 253 279 247
 25 26 338
 37 338 26
 25 385 462
 15 13 483
 98 100 357
 119 514 163
 378 380 515
 10 516 8
 227 289 46
 296 298 517
 497 384 56
 458 258 518
 65 519 316
 290 249 21
 382 272 481
 340 520 330
 213 330 520
 153 419 140
 480 319 521
 420 275 259
 307 81 493
 492 493 81
 213 520 214
 168 170 298
 398 439 88
 139 381 189
 489 189 381
 418 291 176
 182 8 516
 152 310 347
 174 22 24
 368 411 522
 427 14 35
 523 524 354
 525 490 491
 461 480 526
 527 526 480
 365 528 366
 492 61 529
 60 529 61
 530 529 531
 324 479 341
 532 441 533
 442 533 441
 10 534 516
 85 467 242
 165 535 252
 161 246 167
 160 504 349
 130 196 410
 11 29 280
 164 96 105
 299 502 300
 260 169 346
 127 319 241
 461 241 319
 250 252 535
 356 536 359
 111 359 536
 537 278 277
 4 112 452
 464 451 47
 117 402 118
 130 374 196
 197 196 374
 436 538 370
 461 526 99
 456 99 526
 145 539 323
 215 147 59
 378 326 189
 314 106 401
 406 401 106
 87 517 170
 540 530 531
 70 325 62
 177 237 318
 205 455 167
 132 496 133
 368 522 369
 71 1 136
 406 108 150
 423 138 541
 137 541 138
 135 188 408
 364 366 395
 182 516 480
 183 1 0
 430 484 13
 221 499 373
 197 373 499
 443 190 444
 542 444 190
 506 523 354
 94 366 501
 94 543 366
 497 56 544
 413 545 478
 372 370 546
 57 547 56
 90 386 548
 48 549 313
 361 363 503
 104 74 478
 458 508 459
 120 154 119
 51 550 257
 153 514 119
 215 334 244
 132 545 23
 413 23 545
 502 420 551
 497 267 222
 98 357 483
 313 549 337
 552 332 409
 552 409 519
 45 464 47
 230 228 477
 97 83 245
 182 553 293
 27 29 11
 71 11 9
 50 502 551
 299 554 421
 64 507 354
 492 529 555
 328 327 360
 120 255 310
 365 540 528
 111 556 452
 65 354 524
 132 134 545
 403 545 134
 557 525 226
 197 374 373
 503 363 149
 227 278 289
 558 394 396
 532 559 534
 560 561 437
 211 437 561
 192 201 450
 394 364 395
 304 270 303
 162 167 455
 210 327 207
 465 337 193
 72 424 271
 264 206 271
 447 235 77
 174 323 539
 562 232 563
 231 563 232
 85 204 467
 372 564 268
 506 354 507
 12 42 13
 264 122 115
 532 536 565
 266 268 564
 127 241 233
 194 38 26
 48 50 551
 161 163 514
 566 301 567
 453 568 454
 227 254 228
 442 280 569
 117 284 401
 180 178 511
 485 563 570
 301 571 567
 40 112 462
 309 473 572
 489 572 473
 242 467 243
 165 105 336
 423 421 554
 2 9 8
 76 513 155
 52 257 550
 442 569 262
 532 565 559
 508 510 459
 563 110 570
 63 262 569
 197 499 195
 287 169 305
 276 449 277
 227 229 278
 442 440 533
 532 534 441
 79 504 295
 52 491 257
 532 533 556
 251 488 86
 176 291 400
 258 257 518
 490 518 257
 302 459 510
 492 555 91
 351 512 55
 492 142 61
 225 487 159
 420 259 551
 290 425 400
 58 400 425
 215 217 147
 573 181 457
 280 29 569
 322 409 334
 191 549 259
 527 516 534
 537 289 278
 434 379 472
 63 569 29
 434 472 574
 294 159 487
 260 348 239
 312 358 49
 51 49 550
 33 496 23
 132 23 496
 205 167 246
 532 556 536
 53 69 575
 98 483 570
 95 262 263
 290 400 291
 221 383 222
 351 208 207
 497 222 383
 576 577 507
 505 507 577
 5 452 556
 194 437 38
 211 38 437
 141 140 419
 475 339 338
 253 477 228
 576 510 577
 509 577 510
 573 293 553
 433 315 283
 314 283 315
 294 487 564
 428 34 462
 442 426 440
 498 279 254
 177 179 237
 406 150 407
 542 190 326
 475 578 102
 103 102 578
 498 47 451
 361 233 232
 404 102 146
 57 512 579
 234 173 450
 141 347 572
 309 572 347
 498 451 375
 30 375 451
 111 536 556
 40 462 34
 133 496 580
 427 469 14
 527 480 516
 128 521 319
 309 581 473
 216 582 396
 558 396 582
 314 401 284
 214 579 512
 101 367 146
 60 531 529
 527 534 559
 497 544 268
 465 193 414
 127 233 503
 156 583 415
 299 301 554
 308 136 184
 202 261 198
 530 555 529
 447 77 263
 378 515 584
 525 491 226
 423 541 500
 448 454 277
 537 277 454
 302 510 571
 576 571 510
 121 115 122
 428 462 385
 585 438 390
 171 265 212
 447 212 265
 211 586 39
 19 39 586
 297 587 511
 402 407 463
 329 331 588
 253 133 580
 183 0 387
 202 198 387
 141 572 381
 489 381 572
 186 450 173
 416 172 28
 171 28 172
 64 589 507
 576 507 589
 183 352 184
 170 517 298
 372 546 564
 121 286 116
 248 116 286
 7 440 426
 3 482 391
 429 43 469
 466 392 396
 216 396 392
 296 390 438
 210 360 327
 590 468 539
 174 539 468
 566 138 554
 182 480 521
 540 531 528
 328 588 331
 297 511 298
 406 106 108
 248 286 305
 322 316 519
 530 240 555
 203 388 391
 423 554 138
 157 417 591
 308 591 417
 490 458 518
 199 345 352
 470 352 345
 523 552 524
 282 592 273
 562 362 232
 361 232 362
 97 398 88
 76 187 513
 560 513 187
 117 163 284
 552 519 524
 234 450 201
 568 321 593
 322 519 409
 433 283 455
 162 455 283
 10 441 534
 312 32 358
 264 323 206
 485 484 432
 430 432 484
 382 146 367
 566 554 301
 436 479 80
 156 424 583
 372 547 371
 509 505 577
 324 325 479
 250 594 390
 470 591 184
 308 184 591
 202 387 388
 3 293 482
 366 528 501
 60 501 528
 12 14 469
 460 558 582
 49 358 550
 52 550 358
 497 383 384
 585 390 594
 65 524 519
 495 557 595
 368 220 131
 560 541 561
 137 561 541
 562 563 486
 92 344 596
 329 596 344
 560 437 513
 372 268 544
 404 385 339
 5 533 440
 489 472 379
 377 597 598
 5 556 533
 183 387 198
 17 224 343
 599 343 224
 3 387 0
 471 574 472
 485 570 484
 483 484 570
 297 600 587
 470 184 352
 288 131 220
 601 596 602
 130 129 374
 407 150 603
 361 503 233
 287 305 286
 288 219 353
 494 353 219
 248 178 604
 177 604 178
 53 575 431
 321 289 593
 566 567 126
 573 482 293
 433 457 315
 470 399 591
 157 591 399
 135 414 134
 68 369 522
 79 306 504
 285 415 583
 302 571 301
 57 579 371
 12 469 43
 356 565 536
 137 586 561
 211 561 586
 485 486 563
 231 110 563
 416 113 417
 308 417 113
 287 346 169
 537 593 289
 557 226 595
 31 595 226
 601 93 596
 566 151 138
 456 565 100
 356 100 565
 498 375 279
 460 582 244
 216 244 582
 294 564 546
 57 55 512
 70 61 142
 404 339 102
 475 102 339
 282 273 367
 317 350 318
 125 318 350
 60 528 531
 137 20 586
 19 586 20
 435 603 150
 180 511 587
 590 539 144
 145 144 539
 601 605 93
 94 93 605
 429 41 43
 585 600 438
 266 564 487
 64 126 589
 443 445 439
 256 273 592
 52 226 491
 573 457 482
 466 597 392
 372 544 547
 566 126 151
 296 517 488
 87 488 517
 103 578 446
 418 446 578
 436 295 538
 294 538 295
 240 91 555
 378 584 326
 340 579 520
 214 520 579
 125 116 604
 248 604 116
 78 151 126
 466 605 597
 340 371 579
 382 481 405
 422 500 187
 560 187 500
 427 405 481
 456 559 565
 148 503 149
 94 605 543
 168 298 511
 527 559 526
 456 526 559
 125 604 318
 177 318 604
 601 598 597
 309 311 581
 418 578 476
 475 476 578
 73 206 323
 57 371 547
 403 478 545
 465 313 337
 175 376 389
 355 389 376
 307 493 548
 90 548 493
 377 392 597
 141 419 347
 152 347 419
 377 598 224
 72 185 583
 573 553 181
 128 181 553
 430 13 42
 297 438 600
 342 343 393
 599 393 343
 435 149 363
 269 580 496
 416 415 172
 335 439 445
 126 567 589
 135 408 414
 465 414 408
 256 592 219
 494 219 592
 259 549 551
 601 597 605
 84 88 439
 191 337 549
 411 320 522
 495 595 166
 31 166 595
 285 583 185
 329 588 602
 72 583 424
 210 209 281
 282 281 209
 601 602 598
 599 598 602
 599 602 588
 382 367 273
 560 500 541
 466 395 543
 287 345 346
 542 326 584
 537 454 593
 576 567 571
 48 551 549
 366 543 395
 568 593 454
 599 588 393
 199 346 345
 253 580 477
 269 477 580
 403 397 478
 104 478 397
 466 543 605
 329 602 596
 420 502 421
 299 421 502
 285 172 415
 328 393 588
 494 208 353
 351 353 208
 494 592 209
 282 209 592
 98 570 110
 599 224 598
 56 547 544
 153 245 514
 161 514 245
 92 596 93
 294 546 538
 182 521 553
 128 553 521
 68 522 320
 576 589 567
 370 538 546
 0
 16
 276 230 236 317 590 304 448 114 22 270 229 468 449 237 350 144
 20
 542 335 250 434 236 585 180 165 179 515 444 380 600 584 535 574 594 445 336 587
 0
 0
 0
 19
 474 238 435 562 471 473 407 432 431 255 311 362 363 574 486 581 463 575 603
 0
 20
 307 158 412 266 225 411 222 69 196 410 306 267 386 223 499 349 504 195 548 575
 0
 0
 0
