275 474
8.247979 6.817800 1
8.113981 6.873288 2
8.217145 6.704888 2
8.739079 7.475795 1
8.787069 7.324305 2
8.863484 7.510697 2
9.238634 6.557529 1
9.209997 6.687902 1
9.073569 6.634866 1
8.057467 7.442184 1
8.013730 7.613206 1
7.937085 7.511055 1
9.128688 6.469355 1
8.229831 7.968397 1
8.261547 7.818151 1
8.329817 7.931155 1
8.139606 7.515463 1
8.517939 6.968341 1
8.467883 6.821981 1
8.634856 6.903939 1
8.402851 7.835985 1
8.373713 7.688981 1
9.218946 7.016593 1
9.114326 7.037601 1
9.116414 6.888556 1
8.599419 6.770926 1
7.695690 7.911520 1
7.718913 8.041488 2
7.580945 7.964810 2
8.554075 6.198953 1
8.398484 6.284443 2
8.440294 6.124748 3
9.782336 6.375421 1
9.714513 6.491006 1
9.647049 6.309723 1
9.449766 6.670732 1
9.491693 6.805404 1
9.328373 6.770059 1
9.573372 6.456118 1
9.475797 6.554090 1
9.598319 6.671058 1
8.641073 7.230170 1
8.528239 7.101644 1
8.660903 7.060245 1
8.537523 6.316555 1
8.330523 7.491629 1
8.214594 7.419095 1
8.358824 7.344438 1
10.000000 6.805555 0
9.831214 6.780807 1
9.877488 6.669086 1
8.425339 7.441966 1
8.998612 6.515900 1
9.510895 6.232086 1
9.597271 6.130297 1
9.711719 6.175150 1
9.758457 7.177536 1
9.807975 7.302424 2
9.676048 7.282984 2
8.099681 7.753994 1
7.956195 7.781517 1
8.392323 7.113672 1
8.491088 7.224000 1
8.321747 7.212061 1
8.133303 7.330774 1
7.548998 7.737122 1
7.428339 7.792615 1
7.404126 7.691044 1
9.389372 6.885819 1
9.276552 6.921955 1
9.633027 6.555438 1
9.389235 6.324122 1
9.279037 6.403996 1
9.273932 6.211929 1
9.151763 6.320628 1
7.547637 7.627882 1
9.875747 7.204134 1
8.165002 7.887933 1
8.860770 7.173469 2
8.747341 7.151793 1
7.693719 7.424534 1
7.667307 7.567999 1
7.550650 7.502038 2
9.203280 7.127573 2
9.026397 7.154194 2
8.993132 6.994118 1
9.166834 6.086993 1
9.019207 6.168121 1
9.011252 6.006241 2
8.390642 6.695442 1
8.346403 6.799728 1
8.218075 7.644967 1
8.545636 7.859164 1
8.439276 7.975345 2
9.740313 5.638144 2
9.818915 5.770711 1
9.723989 5.769244 1
8.735496 6.378618 1
8.753009 6.218511 1
8.849186 6.340629 1
8.641857 7.558207 1
8.648011 7.383770 1
8.535125 7.462648 1
10.000000 6.666667 0
8.210576 7.000502 1
8.259361 7.106859 1
8.104674 7.104176 1
9.878208 5.660171 2
8.868824 6.204435 1
8.322412 6.618354 2
8.929633 6.639293 1
8.847431 6.494970 1
8.786765 6.643507 1
8.483023 7.750613 1
9.643176 6.816199 1
9.407954 6.992599 1
9.319554 7.073822 2
7.380548 7.964545 2
7.327610 7.829855 2
7.459446 7.887070 1
8.889911 6.068428 2
8.948379 6.302454 1
8.703649 6.529664 1
9.035880 6.385995 1
9.507947 6.351065 1
9.136582 5.963425 1
9.259523 5.967681 1
7.081625 7.688628 3
7.204169 7.596014 3
7.201718 7.753582 2
9.387253 6.096727 1
9.282792 6.069672 1
7.292130 7.686495 1
9.305101 5.776990 2
9.396482 5.642149 3
9.427407 5.788477 1
9.403490 6.204954 1
8.391196 6.923357 1
7.924693 7.911226 1
8.045691 7.919219 2
9.206174 6.801451 1
10.000000 7.361111 0
9.884402 7.430390 2
9.916790 7.300453 1
8.157418 8.042859 2
7.588938 7.384161 2
7.994339 7.206226 2
8.021855 7.314355 1
7.888251 7.288100 2
7.942094 7.391339 1
10.000000 6.111111 0
10.000000 6.250000 0
9.862522 6.180937 1
8.600173 6.425545 1
8.573090 6.070598 2
10.000000 7.500000 0
8.426731 7.554425 1
8.538711 7.638179 1
8.851854 7.031663 1
9.886647 6.882835 1
8.747673 7.001902 1
7.559846 7.847754 1
8.875700 6.782248 1
9.000566 6.760541 1
8.192064 7.196077 1
8.784682 6.896964 1
8.725403 6.775643 1
7.894087 7.659541 1
9.336540 5.877294 1
9.184378 5.857446 2
10.000000 5.972222 0
9.890016 6.067082 1
9.884097 5.897996 1
10.000000 7.083333 0
9.858798 7.079720 1
10.000000 7.222222 0
7.806349 7.866779 1
7.800468 7.735221 1
8.117773 7.631908 1
7.827438 7.419106 1
8.984689 6.868281 1
7.754587 7.508244 1
8.901613 6.914772 1
9.624385 7.011266 1
9.720688 7.050440 1
9.599318 7.152754 2
8.681143 7.679514 1
8.590138 7.746810 1
9.516789 5.717927 2
9.346112 6.510459 1
9.334600 6.631521 1
8.580176 8.027264 3
10.000000 5.555555 0
10.000000 5.694445 0
7.681553 7.796613 1
8.780966 7.599359 2
9.786703 5.994103 1
8.112045 6.987551 1
8.265223 6.914089 1
8.568451 7.303868 1
8.475490 7.356688 1
8.471024 6.393604 1
8.370759 6.427242 2
9.647109 5.717340 2
8.648626 6.277834 1
7.720278 7.311679 2
9.428583 6.433308 1
8.425138 7.016284 1
9.476728 6.925831 1
9.764725 6.604926 1
9.719796 6.723753 1
8.516747 6.686068 1
8.661390 6.660290 1
7.830132 7.981082 1
9.775592 6.264836 1
8.243887 7.530795 1
8.315578 8.057897 2
9.121345 6.754663 1
8.581032 6.579071 1
9.139549 6.204449 1
9.797285 6.954320 1
9.755142 6.843324 1
8.816823 7.728460 2
8.696080 7.813788 2
8.316641 7.582819 1
7.945772 8.015533 2
9.885636 6.303110 1
8.936102 6.409224 1
9.854586 6.498920 1
10.000000 6.527778 0
9.898450 6.405153 1
8.781055 6.104211 2
7.452387 7.587508 2
9.544719 5.824807 1
9.655012 5.846220 1
10.000000 6.388889 0
8.482416 6.500474 1
9.789057 6.096117 1
9.058955 6.276330 1
8.933039 7.088361 1
7.842809 7.549614 1
8.668210 6.148387 1
8.010467 7.001027 2
9.915918 6.578643 1
10.000000 5.833333 0
8.660126 7.930956 2
9.060925 5.898763 2
9.461488 7.110020 2
7.669476 7.682158 1
7.343606 7.591983 2
9.524220 7.030573 1
8.104228 7.239747 1
8.225373 7.289495 1
7.773861 7.628350 1
10.000000 6.944445 0
7.467947 8.026443 2
8.372476 6.533932 2
9.906357 6.987324 1
9.577426 6.911754 1
9.924757 5.763889 1
7.958073 7.099554 2
9.367978 5.986574 1
9.758597 5.873807 1
8.699404 6.020217 2
7.846719 8.090850 2
9.495859 6.116432 1
9.674578 5.954826 1
9.565812 5.926412 1
8.450120 6.602623 1
9.458397 5.899045 1
9.592882 6.025506 1
9.483365 6.009024 1
9.685886 6.927042 1
9.694324 6.063309 1
8.323970 7.012460 1
 0 1 2
 3 4 5
 6 7 8
 9 10 11
 12 6 8
 13 14 15
 16 10 9
 17 18 19
 20 15 14
 21 20 14
 22 23 24
 25 19 18
 26 27 28
 29 30 31
 32 33 34
 35 36 37
 38 34 33
 35 39 40
 41 42 43
 29 44 30
 45 46 47
 48 49 50
 51 45 47
 52 12 8
 53 54 34
 54 55 34
 56 57 58
 59 60 10
 61 62 63
 64 46 9
 65 66 67
 47 63 62
 37 36 68
 69 22 24
 40 39 70
 71 72 73
 74 73 72
 65 67 75
 56 76 57
 13 77 14
 78 4 79
 80 81 82
 9 46 16
 17 19 43
 83 84 23
 85 23 84
 86 87 88
 89 90 2
 21 14 91
 92 93 20
 94 95 96
 97 98 99
 3 100 101
 102 101 100
 103 48 50
 104 105 106
 94 107 95
 98 108 99
 89 2 109
 52 110 111
 112 111 110
 41 43 79
 41 62 42
 92 20 113
 21 113 20
 35 40 36
 114 36 40
 17 43 42
 69 68 115
 69 115 116
 117 118 119
 120 87 108
 121 108 87
 97 111 122
 52 123 12
 74 12 123
 71 53 124
 86 125 126
 127 128 129
 130 73 131
 129 128 132
 133 134 135
 130 136 73
 17 137 18
 86 126 131
 138 60 139
 59 139 60
 61 42 62
 69 140 37
 141 142 143
 139 77 144
 80 82 145
 146 147 148
 149 148 147
 150 151 152
 69 24 140
 97 122 153
 29 31 154
 141 155 142
 21 156 157
 66 119 118
 71 136 53
 59 91 14
 78 79 158
 48 159 49
 158 79 160
 65 161 66
 74 72 12
 112 110 162
 163 162 110
 164 106 105
 165 19 166
 10 60 167
 133 168 169
 170 171 172
 173 76 174
 173 175 76
 41 79 4
 138 176 60
 177 60 176
 112 122 111
 59 10 178
 26 28 161
 149 179 148
 86 88 125
 163 180 162
 126 169 168
 120 88 87
 13 144 77
 102 157 156
 80 181 81
 162 180 182
 183 184 185
 186 157 100
 102 100 157
 25 166 19
 186 187 157
 188 135 134
 189 39 190
 35 190 39
 0 2 90
 56 185 184
 85 24 23
 21 157 113
 16 178 10
 57 143 142
 92 191 93
 192 193 107
 26 161 194
 12 72 6
 189 6 72
 3 195 100
 196 172 171
 35 37 190
 7 190 37
 104 106 197
 104 1 198
 102 199 101
 102 200 199
 201 202 30
 94 96 203
 97 153 204
 7 37 140
 80 145 205
 66 118 67
 132 67 118
 38 206 124
 38 39 206
 61 207 42
 208 68 36
 53 34 124
 209 50 210
 49 210 50
 86 131 73
 0 198 1
 25 211 212
 97 99 111
 26 176 213
 32 34 214
 47 62 200
 69 37 68
 26 213 27
 163 24 180
 38 70 39
 16 46 215
 13 216 144
 209 40 70
 217 24 163
 97 204 98
 71 73 136
 218 153 122
 55 214 34
 3 101 4
 186 100 195
 104 197 1
 43 19 160
 86 73 219
 74 219 73
 220 221 159
 16 91 178
 186 222 223
 21 91 224
 85 180 24
 209 210 40
 114 40 210
 65 194 161
 138 139 225
 41 4 101
 151 226 152
 52 111 227
 209 33 228
 32 228 33
 229 228 230
 89 211 18
 25 18 211
 165 182 158
 165 166 162
 201 30 44
 16 215 91
 17 207 137
 163 110 8
 120 108 231
 98 231 108
 149 11 179
 232 75 67
 83 22 116
 43 160 79
 188 203 233
 234 233 203
 165 162 182
 56 174 76
 71 206 72
 189 72 206
 59 178 91
 52 8 110
 235 229 230
 38 124 34
 49 159 221
 218 236 153
 201 153 236
 150 152 171
 55 152 214
 55 237 152
 112 212 122
 86 219 87
 85 158 182
 121 87 238
 78 239 84
 153 44 204
 218 212 211
 59 77 139
 41 199 62
 56 58 185
 47 200 51
 85 84 239
 240 179 11
 29 241 204
 10 167 11
 240 11 167
 242 1 197
 201 44 153
 209 228 243
 126 125 169
 151 235 226
 98 204 241
 112 162 166
 69 116 22
 216 15 93
 244 170 172
 92 245 191
 59 14 77
 170 150 171
 177 167 60
 137 198 90
 246 125 88
 208 115 68
 21 224 156
 186 223 187
 247 116 115
 137 90 18
 92 223 245
 165 160 19
 81 248 75
 132 128 249
 25 212 166
 183 185 250
 0 90 198
 177 194 248
 17 42 207
 209 243 50
 209 70 33
 64 251 252
 165 158 160
 218 122 212
 177 248 253
 45 215 46
 48 254 159
 85 239 158
 177 176 194
 26 194 176
 111 99 227
 56 184 174
 220 174 184
 28 255 119
 256 202 236
 201 236 202
 173 174 257
 78 158 239
 208 258 250
 7 217 8
 164 252 251
 254 173 257
 114 258 36
 208 36 258
 80 205 179
 148 179 205
 247 250 185
 45 156 224
 83 23 22
 24 217 140
 95 259 172
 244 172 259
 3 5 195
 32 230 228
 81 75 82
 242 106 260
 146 260 106
 28 119 161
 89 18 90
 229 243 228
 92 187 223
 149 9 11
 146 106 251
 164 251 106
 7 140 217
 130 131 261
 117 119 255
 183 250 258
 52 227 123
 65 75 248
 242 197 106
 196 262 172
 95 172 262
 246 169 125
 220 257 174
 235 230 226
 263 241 154
 102 51 200
 81 181 253
 240 253 181
 126 261 131
 163 8 217
 85 182 180
 229 103 243
 102 156 51
 121 123 227
 64 252 46
 186 195 222
 264 213 225
 112 166 212
 132 118 129
 189 206 39
 175 141 143
 71 124 206
 47 46 252
 152 226 214
 32 214 226
 193 244 259
 121 238 123
 74 123 238
 53 136 265
 130 265 136
 29 154 241
 234 266 267
 13 15 216
 218 211 268
 188 233 135
 269 135 233
 29 204 44
 240 181 179
 80 179 181
 270 265 271
 234 203 96
 89 109 268
 64 9 147
 62 199 200
 41 101 199
 263 231 241
 61 63 105
 183 272 184
 220 184 272
 66 161 119
 270 54 265
 95 107 259
 193 259 107
 38 33 70
 256 268 109
 177 253 167
 240 167 253
 32 226 230
 220 272 221
 121 99 108
 92 113 187
 157 187 113
 45 51 156
 138 213 176
 270 273 54
 55 54 273
 149 147 9
 208 250 115
 218 268 236
 196 266 262
 103 50 243
 7 6 190
 189 190 6
 196 273 266
 104 198 274
 87 219 238
 74 238 219
 220 159 257
 55 273 237
 175 143 76
 89 268 211
 20 93 15
 270 267 266
 164 105 63
 232 82 75
 234 262 266
 57 76 143
 234 267 233
 137 274 198
 47 252 63
 133 135 168
 264 27 213
 183 258 272
 65 248 194
 254 257 159
 269 168 135
 138 225 213
 114 210 221
 49 221 210
 114 272 258
 270 266 273
 130 261 271
 104 274 105
 269 267 271
 270 271 267
 234 96 262
 95 262 96
 269 271 261
 121 227 99
 232 67 249
 132 249 67
 196 171 237
 64 147 251
 247 115 250
 152 237 171
 256 236 268
 269 261 168
 98 241 231
 81 253 248
 196 237 273
 130 271 265
 61 105 274
 126 168 261
 91 215 224
 269 233 267
 164 63 252
 146 251 147
 53 265 54
 114 221 272
 45 224 215
 61 274 207
 137 207 274
 0
 0
 0
 0
 0
 0
 0
 0
 0
 14
 117 264 127 28 139 191 118 216 93 27 129 225 144 255
 16
 247 83 78 57 84 116 4 191 142 223 58 185 5 222 245 195
 0
 17
 146 242 232 148 256 1 31 30 128 82 2 260 205 249 145 202 109
 2
 127 128
 0
 0
 0
 0
 0
 0
 0
 5
 94 188 134 203 107
 10
 120 133 246 263 134 31 88 169 154 231
 0
 0
 0
 0
 0
 0
