275 488
9.189115 7.268899 1
9.026397 7.154194 2
9.203280 7.127573 2
9.066470 7.300193 1
8.863484 7.510697 2
8.787069 7.324305 2
8.909194 7.389845 1
9.437507 7.231271 1
9.319554 7.073822 2
9.461488 7.110020 2
9.295344 7.235176 1
8.860770 7.173469 2
8.949093 7.276841 1
8.872752 8.273797 1
8.712487 8.220457 1
8.827452 8.119555 1
8.801050 9.198662 1
8.869520 9.071326 2
8.952404 9.183449 1
9.209220 8.478637 1
9.133777 8.313864 1
9.279152 8.331158 1
10.000000 8.333333 0
10.000000 8.472222 0
9.833633 8.423933 1
8.964221 8.030745 1
9.014147 8.175214 1
10.000000 8.194445 0
9.872749 8.260237 1
9.866494 8.090914 1
8.781828 8.801836 2
8.649385 8.738236 2
8.818125 8.659156 1
9.130144 7.937394 1
9.225966 7.866392 1
9.220140 8.040486 1
9.688526 9.331212 1
9.532619 9.391139 1
9.557771 9.270160 1
9.319926 7.938755 1
10.000000 8.611111 0
9.850028 8.713051 1
9.900642 8.541667 1
9.441229 7.448674 1
9.530840 7.331017 1
9.560238 7.471699 1
9.642888 7.392735 1
9.660365 8.387761 1
9.581254 8.240078 1
9.731511 8.276791 1
9.166667 10.000000 0
9.060560 9.875159 1
9.228572 9.881005 1
10.000000 9.166667 0
9.881005 9.228572 1
9.878537 9.047251 1
9.099599 8.461967 1
9.624427 9.482075 1
9.421269 7.660341 1
9.493247 7.573498 1
9.560072 7.710315 1
9.420495 8.666971 1
9.306875 8.757733 1
9.300120 8.605878 1
8.795718 8.419788 1
8.723754 8.332795 1
9.789640 8.569086 1
9.690856 8.508653 1
9.730481 9.446910 1
9.731496 9.595981 1
9.083322 8.761953 1
9.034164 8.900838 1
8.968506 8.822564 1
9.600762 7.588399 1
9.609865 8.588952 1
9.558648 8.718589 1
9.508277 8.578885 1
9.355014 8.099744 1
8.916683 8.432035 1
9.808538 9.510171 1
9.659810 9.172133 1
9.140837 8.902877 1
9.381773 7.344525 1
9.440724 8.011049 1
9.590465 9.587537 1
10.000000 8.750000 0
9.857409 9.655199 1
9.706584 9.735977 1
9.492661 8.865435 1
9.436858 9.008142 1
9.380994 8.853726 1
9.803100 9.803100 1
9.036724 9.089385 1
10.000000 7.638889 0
10.000000 7.777778 0
9.844862 7.724136 1
9.905751 7.569445 1
9.505859 9.805383 1
9.573610 9.708761 1
9.645881 9.861273 1
8.943639 9.813982 1
9.063405 9.701385 1
8.789272 9.702189 1
8.879976 9.577625 1
8.928077 9.695581 1
9.348514 8.469637 1
9.001785 8.516606 1
8.965353 8.661506 1
8.903607 8.562360 1
9.085503 8.581209 1
9.039663 7.817400 1
9.031474 7.947983 1
9.294868 8.933568 1
9.322405 9.700066 1
9.356080 9.550115 1
9.444659 9.701771 1
9.480726 9.589083 1
8.688490 8.584172 1
9.412123 8.248993 1
9.472584 8.137895 1
9.675336 8.168266 1
8.580176 8.027264 3
8.677230 8.118213 1
8.573744 8.175099 2
9.270805 8.205359 1
9.199769 8.809722 1
9.189078 8.646520 1
9.042658 7.419219 1
9.148010 7.811317 1
8.980009 8.994673 1
8.880564 9.289346 1
9.650190 9.662862 1
9.773701 8.182172 1
9.131266 9.788682 1
9.786017 9.135469 1
9.599318 7.152754 2
9.444445 10.000000 0
9.305555 10.000000 0
9.375769 9.846493 1
10.000000 9.305555 0
10.000000 9.444445 0
9.847774 9.376101 1
9.579082 8.071854 1
9.676048 7.282984 2
9.150931 8.167719 1
9.419034 8.375373 1
9.189544 9.629596 1
9.243043 9.770309 1
8.997957 8.295401 1
9.404091 8.558254 1
9.431934 8.772491 1
9.121969 9.285225 1
9.221124 9.180266 1
9.282174 9.297025 1
9.791536 7.574777 1
9.752471 7.414346 1
9.884402 7.430390 2
9.680796 7.517345 1
9.527425 8.347806 1
9.512856 9.909224 1
9.913005 9.513889 1
8.717513 8.021095 1
8.734312 9.573100 2
8.713051 9.850028 2
8.654727 9.690136 2
9.369934 9.169523 1
9.507711 9.150927 1
9.407161 9.290156 1
9.213453 9.470921 1
9.722222 10.000000 0
9.583333 10.000000 0
10.000000 9.583333 0
10.000000 9.722222 0
8.884953 8.758950 1
8.869476 8.919353 2
9.697988 7.781382 1
9.697448 7.657166 1
8.844609 9.791304 1
10.000000 8.055555 0
9.255507 7.360882 1
9.807975 7.302424 2
9.884976 7.874085 1
9.089998 9.179560 1
9.027778 10.000000 0
10.000000 9.027778 0
8.781221 9.350517 1
8.678230 9.297966 2
8.654994 9.188523 2
9.001717 9.294336 1
8.901231 9.415819 1
8.789835 9.467961 1
9.084099 7.575365 1
9.182749 7.480721 1
9.200134 7.619064 1
8.846429 7.983572 1
9.719251 9.037647 1
9.592237 9.045720 1
9.200950 8.995839 1
9.793027 7.973966 1
9.711129 8.070436 1
9.649418 7.925094 1
9.774055 7.855732 1
9.067988 9.416265 1
9.045720 9.592237 1
9.700743 8.660844 1
9.695756 8.787876 1
9.195999 9.364137 1
9.815688 8.941504 1
9.288770 9.063309 1
9.562283 8.942449 1
8.971289 7.542330 1
9.461425 7.753967 1
9.411857 9.411857 1
9.486769 9.490499 1
8.587319 8.288657 2
8.969739 9.506767 1
9.032669 8.395570 1
9.360974 7.795764 1
9.230308 7.740407 1
8.798096 8.528203 1
9.279855 7.560593 1
10.000000 7.916667 0
8.938119 7.904119 1
10.000000 10.000000 0
9.861111 10.000000 0
9.892176 9.892176 1
10.000000 9.861111 0
9.113083 9.518191 1
8.702957 8.452410 1
9.895024 8.848654 1
8.750000 10.000000 0
8.849010 9.894740 1
8.830438 7.855295 1
8.696080 7.813788 2
8.816823 7.728460 2
9.305600 9.407574 1
9.772626 9.248697 1
8.535817 8.623773 2
8.603163 8.493831 1
9.085225 8.050256 1
9.786070 8.846450 1
9.784898 9.911309 1
9.908722 9.780123 1
9.170499 9.091424 1
8.621593 8.387638 1
8.896052 7.641379 1
9.003117 7.679253 1
8.920702 7.770984 1
8.492793 8.512167 2
9.680498 8.920775 1
10.000000 8.888889 0
8.888889 10.000000 0
8.731964 9.111744 2
8.660706 9.433530 2
9.309827 7.662305 1
9.319504 7.459493 1
8.757175 7.928904 1
9.113971 7.694994 1
9.473185 8.467130 1
8.660126 7.930956 2
9.534204 7.948786 1
8.505053 8.391668 2
9.605901 7.830323 1
9.598125 8.847374 1
10.000000 7.500000 0
9.147300 7.365983 1
9.583376 8.473415 1
9.503384 7.849445 1
9.414783 7.904535 1
9.907170 7.983811 1
9.377488 7.560817 1
8.780966 7.599359 2
8.953975 9.916777 1
9.918360 8.952032 1
9.095088 8.995237 1
 0 1 2
 3 1 0
 4 5 6
 7 8 9
 10 8 7
 11 12 5
 13 14 15
 16 17 18
 19 20 21
 22 23 24
 25 26 15
 13 15 26
 27 28 29
 30 31 32
 33 34 35
 36 37 38
 34 39 35
 40 41 42
 43 44 45
 46 45 44
 47 48 49
 50 51 52
 53 54 55
 19 56 20
 36 57 37
 58 59 60
 61 62 63
 13 64 65
 13 65 14
 66 67 24
 57 68 69
 6 5 12
 70 71 72
 47 24 67
 73 60 59
 74 75 76
 76 75 61
 39 77 35
 13 78 64
 2 8 10
 79 69 68
 36 38 80
 70 81 71
 43 82 44
 39 83 77
 57 69 84
 40 85 41
 86 87 69
 88 89 90
 91 87 86
 18 17 92
 93 94 95
 93 95 96
 97 98 99
 99 98 87
 100 101 51
 102 103 104
 19 105 63
 106 107 108
 109 107 106
 110 33 111
 112 90 89
 113 114 115
 116 115 114
 36 68 57
 117 32 31
 118 77 119
 48 120 49
 121 122 123
 118 124 77
 62 125 126
 6 12 127
 3 127 12
 110 128 33
 129 92 17
 70 126 125
 16 18 130
 131 84 69
 132 29 28
 70 72 107
 66 42 41
 133 52 51
 134 55 54
 66 24 42
 112 125 62
 44 7 135
 136 137 138
 139 140 141
 142 48 119
 118 119 48
 23 42 24
 46 44 143
 22 24 28
 9 135 7
 133 51 101
 144 20 26
 14 122 15
 118 145 21
 133 146 147
 133 101 146
 112 62 90
 13 148 78
 124 20 144
 21 20 124
 63 105 149
 97 138 115
 113 115 138
 61 150 62
 151 152 153
 154 155 156
 47 49 24
 154 157 155
 47 158 48
 136 138 159
 140 160 141
 161 15 122
 154 96 95
 102 162 103
 102 163 164
 165 166 167
 38 167 166
 168 114 146
 113 146 114
 118 48 158
 169 170 99
 171 172 86
 21 145 105
 30 173 174
 72 174 173
 70 107 109
 62 126 63
 112 81 125
 108 107 32
 142 120 48
 175 176 95
 154 95 176
 102 104 177
 178 27 29
 2 10 0
 179 0 10
 26 20 148
 180 155 143
 19 126 109
 94 181 95
 19 21 105
 151 182 152
 50 183 51
 184 53 55
 118 21 124
 44 82 7
 16 185 186
 144 35 124
 77 124 35
 16 186 187
 151 188 182
 18 182 188
 189 103 190
 97 159 138
 79 141 160
 191 192 193
 179 10 82
 161 194 15
 161 122 121
 70 125 81
 134 80 195
 196 195 80
 112 197 81
 198 199 200
 142 200 199
 19 63 126
 175 95 201
 151 202 188
 189 188 202
 203 104 103
 66 41 204
 205 204 41
 168 202 206
 207 55 195
 198 29 199
 132 199 29
 46 143 155
 74 204 75
 129 17 174
 165 208 89
 112 89 208
 88 209 89
 6 127 210
 151 206 202
 58 60 211
 165 89 166
 196 166 89
 212 213 114
 132 49 120
 212 167 37
 38 37 167
 151 153 206
 129 174 71
 137 52 138
 139 141 54
 165 153 152
 100 104 101
 14 65 214
 171 86 160
 170 159 99
 203 103 215
 44 135 143
 216 78 148
 39 34 217
 218 217 34
 189 215 103
 72 71 174
 108 219 78
 134 195 55
 220 193 192
 165 167 153
 79 160 86
 97 99 159
 32 107 173
 64 78 219
 94 221 181
 110 111 222
 223 224 225
 223 225 226
 79 68 141
 36 141 68
 6 210 4
 168 227 202
 113 147 146
 117 228 219
 85 229 41
 230 163 231
 142 119 83
 77 83 119
 3 12 1
 11 1 12
 19 109 56
 232 233 234
 203 146 101
 38 166 80
 196 80 166
 116 114 213
 205 75 204
 196 89 209
 212 114 235
 25 15 194
 70 109 126
 113 138 147
 36 236 141
 216 20 56
 27 22 28
 95 181 201
 117 237 238
 103 162 190
 18 188 130
 144 26 239
 189 202 215
 102 177 163
 205 41 240
 169 99 241
 91 241 99
 91 86 242
 172 242 86
 243 152 182
 137 50 52
 53 139 54
 14 214 123
 244 214 65
 117 238 228
 245 246 247
 212 235 167
 153 167 235
 131 69 87
 25 239 26
 102 164 162
 248 238 237
 207 195 249
 85 250 229
 251 230 231
 168 235 114
 191 246 210
 91 99 87
 79 86 69
 191 127 192
 131 87 98
 33 35 239
 16 252 17
 66 204 67
 74 67 204
 245 247 234
 61 63 149
 253 186 185
 58 217 254
 218 254 217
 179 255 192
 73 176 60
 175 60 176
 36 80 236
 220 192 255
 134 236 80
 25 194 222
 232 222 194
 203 227 146
 168 146 227
 232 256 233
 198 200 201
 175 201 200
 13 26 148
 191 257 246
 144 239 35
 191 193 257
 161 256 194
 258 149 105
 161 121 259
 108 32 219
 142 260 200
 189 190 185
 253 185 190
 196 249 195
 138 52 147
 141 236 54
 205 240 249
 207 249 240
 248 261 238
 244 238 261
 253 190 162
 175 200 262
 132 28 49
 24 49 28
 57 84 213
 189 185 130
 117 219 32
 205 249 263
 205 263 75
 62 150 90
 117 31 237
 154 156 96
 264 96 156
 127 265 192
 47 266 158
 100 177 104
 267 268 217
 88 150 75
 61 75 150
 41 229 240
 163 177 231
 244 261 214
 16 130 185
 203 215 227
 202 227 215
 233 256 259
 267 217 211
 73 45 157
 142 199 120
 33 239 111
 33 128 34
 165 152 208
 23 40 42
 39 217 268
 258 158 266
 196 209 249
 30 32 173
 16 187 252
 142 83 260
 88 75 263
 180 156 155
 73 157 176
 154 176 157
 14 123 122
 189 130 188
 46 157 45
 58 211 217
 39 268 83
 243 208 152
 200 260 262
 264 93 96
 10 7 82
 198 181 269
 221 269 181
 216 148 20
 191 210 127
 57 213 37
 72 173 107
 221 178 269
 224 169 241
 172 226 242
 178 29 269
 267 262 260
 198 269 29
 245 210 246
 64 219 228
 170 136 159
 140 171 160
 116 98 115
 110 247 246
 25 111 239
 116 84 98
 43 270 255
 232 247 222
 245 234 271
 43 59 270
 116 213 84
 183 251 272
 250 184 273
 267 60 262
 175 262 60
 179 82 255
 46 155 157
 110 222 247
 198 201 181
 267 211 60
 43 255 82
 134 54 236
 133 147 52
 73 59 45
 258 105 145
 243 197 208
 112 208 197
 243 182 92
 3 265 127
 110 257 128
 218 128 257
 245 4 210
 243 92 274
 232 234 247
 203 101 104
 110 246 257
 207 229 273
 250 273 229
 251 231 272
 100 272 231
 245 271 4
 25 222 111
 43 45 59
 267 260 268
 83 268 260
 3 0 265
 179 265 0
 218 257 193
 258 145 158
 118 158 145
 224 241 225
 226 225 242
 132 120 199
 161 259 256
 232 194 256
 108 78 106
 216 106 78
 74 266 67
 129 71 274
 81 274 71
 58 254 270
 220 270 254
 97 115 98
 131 98 84
 183 272 51
 184 55 273
 74 76 266
 220 255 270
 47 67 266
 58 270 59
 61 149 76
 100 231 177
 207 240 229
 218 34 128
 168 206 235
 153 235 206
 212 37 213
 207 273 55
 100 51 272
 91 242 225
 91 225 241
 258 266 76
 179 192 265
 88 90 150
 81 197 274
 244 228 238
 109 106 56
 64 228 65
 244 65 228
 249 209 263
 218 193 254
 220 254 193
 243 274 197
 18 92 182
 258 76 149
 88 263 209
 129 274 92
 216 56 106
 0
 0
 0
 0
 0
 0
 0
 0
 0
 17
 253 30 248 163 17 121 123 162 187 174 31 164 237 261 252 186 214
 0
 16
 9 2 11 180 1 8 5 121 156 233 143 135 4 234 259 271
 0
 0
 0
 0
 0
 0
 0
 0
 0
 0
 0
 0
 0
 0
 0
 0
 0
