273 474
9.678115 2.511569 1
9.574879 2.350617 2
9.721053 2.365102 1
9.364298 5.069196 1
9.440231 4.961960 1
9.521749 5.133544 1
9.111339 3.475663 1
9.189052 3.630861 1
9.037111 3.620797 1
9.739560 3.850509 1
9.820748 3.979503 1
9.701102 4.005759 1
9.252457 3.526508 1
9.084210 2.774578 2
9.210153 2.670109 2
9.204548 2.809502 1
9.130545 5.131914 1
9.106349 4.979466 1
9.232071 5.051641 1
9.087513 3.339667 1
9.026529 3.270177 1
9.144161 3.207373 1
9.543455 2.810024 1
9.543092 2.953604 1
9.423470 2.865226 1
10.000000 3.472222 0
10.000000 3.611111 0
9.854188 3.516792 1
9.892745 3.641623 1
9.493650 4.264837 1
9.630780 4.212965 1
9.569606 4.362883 1
9.701820 4.346334 1
9.789246 2.448795 1
9.792582 4.131754 1
9.182967 3.350452 1
9.655478 5.224209 1
9.658634 5.078186 1
9.803578 5.156919 1
9.763619 4.995296 1
9.516789 5.717927 2
9.396482 5.642149 3
9.580210 5.622232 1
9.512300 5.505040 1
9.144129 4.504739 1
9.057297 4.639683 1
8.979750 4.530584 1
9.565700 4.992430 1
9.429109 2.581689 1
9.342649 2.727676 1
9.300473 2.592718 2
8.883080 4.651967 2
9.570928 2.643228 1
9.666690 2.753694 1
9.287970 3.215673 1
9.656452 4.903107 1
9.331159 3.351627 1
9.454902 3.848161 1
9.314283 3.848248 1
9.434791 3.702993 1
9.291065 3.714597 1
9.365487 4.864355 1
9.463585 4.799226 1
10.000000 2.500000 0
10.000000 2.638889 0
9.843488 2.564197 1
8.652964 3.332888 2
8.745855 3.392673 1
8.602221 3.469974 3
8.746016 3.500659 1
9.421269 2.339659 2
9.438756 2.449300 1
9.545782 4.888039 1
8.982921 4.773951 1
9.449391 3.039363 1
9.884130 3.862222 1
9.789417 5.397940 1
9.743815 5.500126 1
9.629246 5.391258 1
8.927892 3.522048 1
8.906816 3.683397 2
9.902959 2.703294 1
9.357913 5.466718 2
9.185892 4.630215 1
9.595148 3.911410 1
9.261940 4.191768 1
9.137074 4.064754 1
9.294507 4.016786 1
9.013980 4.902018 1
8.990396 5.045081 2
8.893986 4.907285 2
9.661263 2.881736 1
9.164279 4.330723 1
9.119013 4.198482 1
9.201405 4.935510 1
10.000000 2.083333 0
10.000000 2.222222 0
9.869110 2.155257 1
9.538357 2.507281 1
9.795480 2.705582 1
9.691846 2.643283 1
9.697988 2.218618 2
9.896333 4.076138 1
9.731742 3.404548 1
9.595600 3.461062 1
9.617782 3.328546 1
9.484823 3.377062 1
9.010417 4.264057 1
9.024271 4.401928 1
9.596484 3.754119 1
9.405770 5.171740 1
9.544909 3.601026 1
9.696916 3.536094 1
9.843989 4.287328 1
9.836925 4.437894 1
9.314569 4.342330 1
9.643438 5.532288 1
8.751380 4.564247 2
8.791797 4.408943 2
8.861794 4.526571 1
8.695585 3.615175 2
8.791578 4.266639 2
8.901535 4.154629 2
8.902892 4.323374 1
9.774709 2.930579 1
9.830764 3.057855 1
9.671414 3.023718 1
9.905188 2.023133 1
9.370563 3.484943 1
9.268643 4.448486 1
9.642103 3.181105 1
9.752715 3.139652 1
9.735064 3.290539 1
9.659159 3.651117 1
9.867215 3.358270 1
9.443776 5.274645 1
9.352675 5.348751 1
9.293259 5.209572 1
9.338692 2.983404 1
9.569804 4.571433 1
9.660564 4.490055 1
9.656548 4.656291 1
9.775171 4.579339 1
9.252267 3.424379 1
8.833369 4.807293 2
9.587584 4.065104 1
9.477521 4.131865 1
9.749074 5.293266 1
10.000000 3.333333 0
8.822588 3.578330 2
9.308034 2.864636 1
9.000507 3.767156 2
10.000000 5.416667 0
10.000000 5.555555 0
9.862366 5.518735 1
9.370858 4.135249 1
9.463327 2.712473 1
9.893568 5.066491 1
8.920476 3.021576 2
9.007729 3.134118 1
8.855284 3.136485 2
9.681722 4.117604 1
9.726391 3.722780 1
10.000000 3.055556 0
9.896259 2.958136 1
9.009155 4.033360 2
8.993105 3.903397 2
9.088025 3.957970 1
10.000000 1.805556 0
10.000000 1.944444 0
9.864987 1.903467 2
9.476225 5.378482 1
9.197598 3.915571 1
9.791840 2.029161 1
9.267573 3.080878 1
9.146122 3.040666 1
9.486578 3.959123 1
9.894346 5.389453 1
9.878208 5.660171 2
9.104176 3.726347 1
9.389493 3.941152 1
9.240016 5.359257 2
9.740313 5.638144 2
9.408763 4.670970 1
9.303288 4.563451 1
9.457863 4.560836 1
9.392477 4.455444 1
9.557239 5.283425 1
8.913311 3.256656 1
9.647109 5.717340 2
9.124958 4.842820 1
8.912887 4.440127 1
9.035439 4.143056 1
9.851737 3.745319 1
10.000000 2.777778 0
10.000000 2.916667 0
9.875825 2.830022 1
9.894982 3.155647 1
9.644619 2.075948 2
9.705174 1.928411 1
9.574646 1.942917 2
10.000000 4.444445 0
9.895347 4.543991 1
10.000000 3.750000 0
9.397194 4.033442 1
9.755339 1.802902 2
8.972569 3.394670 1
8.770854 3.259098 2
8.846900 3.345389 1
9.161214 5.261732 2
9.017595 5.197884 2
9.491364 3.504400 1
9.526664 3.231197 1
9.097701 3.842282 1
9.548377 3.097301 1
10.000000 4.305555 0
9.896297 4.188107 1
10.000000 3.888889 0
9.328944 3.606921 1
9.785014 3.612837 1
9.289888 4.673587 1
9.515800 4.473945 1
10.000000 4.861111 0
10.000000 5.000000 0
9.878259 4.909756 1
10.000000 4.583333 0
10.000000 4.722222 0
9.880175 4.672441 1
9.114153 4.730761 1
10.000000 2.361111 0
9.892401 2.436659 1
9.895423 2.288904 1
9.030814 2.984897 2
9.407244 3.254211 1
9.918821 4.368527 1
9.861631 5.285372 1
10.000000 5.138889 0
9.914859 5.194705 1
10.000000 4.166667 0
9.230813 2.937374 1
9.832903 3.240989 1
8.856175 3.448032 1
9.758629 2.819886 1
9.334420 4.761513 1
9.811171 2.366446 1
9.202797 3.783251 1
9.363633 3.128230 1
9.383889 4.243562 1
9.734552 4.243294 1
9.444994 4.357610 1
10.000000 5.277778 0
9.752971 2.126009 1
9.531137 4.677654 1
10.000000 4.027778 0
9.328279 2.460347 2
9.457596 3.154818 1
9.217078 4.741789 1
9.261843 4.849654 1
9.602942 4.783470 1
9.717548 4.796529 1
10.000000 3.194444 0
9.763075 4.695080 1
9.120214 2.902128 1
9.623045 1.834179 3
9.816274 4.791667 1
9.921261 4.791667 1
9.024781 2.865752 2
9.791131 2.269420 1
9.435319 3.593017 1
9.310996 4.960452 1
9.763405 4.883244 1
9.919020 3.256537 1
9.926762 3.958333 1
 0 1 2
 3 4 5
 6 7 8
 9 10 11
 12 7 6
 13 14 15
 16 17 18
 19 20 21
 22 23 24
 25 26 27
 26 28 27
 29 30 31
 32 31 30
 0 2 33
 34 11 10
 35 19 21
 36 37 38
 39 38 37
 40 41 42
 43 42 41
 44 45 46
 47 5 4
 48 49 50
 51 46 45
 22 52 53
 54 35 21
 47 55 37
 54 56 35
 57 58 59
 60 59 58
 61 62 4
 63 64 65
 15 14 49
 66 67 68
 68 67 69
 70 1 71
 62 72 4
 51 45 73
 23 74 24
 9 75 10
 76 77 78
 79 8 80
 64 81 65
 43 41 82
 49 14 50
 39 37 55
 44 83 45
 9 11 84
 85 86 87
 88 89 90
 22 91 23
 85 92 93
 94 18 17
 95 96 97
 0 98 1
 85 93 86
 99 100 65
 0 65 100
 101 2 1
 34 10 102
 103 104 105
 106 105 104
 107 92 108
 44 108 92
 57 109 84
 3 5 110
 111 104 112
 32 113 114
 85 115 92
 78 77 116
 117 118 119
 120 68 69
 121 122 123
 124 125 126
 9 84 109
 16 89 17
 95 97 127
 106 128 56
 44 92 129
 130 131 132
 111 112 133
 25 27 134
 135 136 137
 138 24 74
 139 140 141
 142 141 140
 12 6 143
 35 143 6
 51 73 144
 145 30 146
 29 146 30
 130 132 105
 36 38 147
 148 25 134
 52 100 53
 76 78 147
 36 147 78
 79 80 149
 1 98 71
 15 49 150
 80 8 151
 47 37 5
 152 153 154
 99 65 81
 85 87 155
 32 114 140
 142 140 114
 48 156 49
 39 157 38
 158 159 160
 34 161 11
 135 137 110
 9 109 162
 0 52 98
 48 98 52
 12 143 128
 43 78 116
 92 115 129
 163 125 164
 165 166 167
 111 109 59
 57 59 109
 44 46 108
 107 123 122
 168 169 170
 43 171 78
 172 58 87
 173 127 97
 54 21 174
 175 174 21
 145 146 176
 109 133 162
 152 154 177
 153 178 154
 179 151 8
 58 180 87
 181 137 136
 182 42 116
 183 184 185
 186 185 184
 36 78 187
 128 143 56
 160 159 188
 182 189 42
 88 73 190
 175 21 159
 20 188 159
 135 5 187
 36 187 5
 22 24 156
 49 156 24
 191 119 118
 125 131 126
 124 164 125
 107 93 92
 165 86 192
 9 193 75
 194 195 196
 163 197 125
 186 184 129
 173 198 199
 200 199 198
 36 5 37
 16 18 137
 3 137 18
 201 202 114
 144 73 90
 172 86 167
 165 167 86
 203 75 193
 44 184 83
 0 33 65
 88 90 73
 204 176 146
 43 82 171
 173 199 170
 205 170 199
 79 206 6
 160 188 207
 208 207 188
 16 209 210
 106 211 128
 32 140 31
 130 105 212
 179 8 7
 179 213 151
 130 212 214
 51 119 46
 172 87 86
 120 69 149
 215 113 216
 107 108 123
 191 123 108
 203 217 75
 12 128 218
 219 27 28
 103 27 112
 219 112 27
 3 110 137
 183 220 184
 16 137 209
 181 209 137
 31 140 221
 145 176 84
 222 223 224
 225 226 227
 142 114 202
 44 129 184
 20 159 21
 73 228 190
 145 84 11
 47 4 72
 48 52 156
 111 133 109
 229 230 231
 16 210 89
 175 159 232
 0 100 52
 54 233 56
 22 156 52
 103 134 27
 201 114 234
 38 235 147
 135 110 5
 63 65 230
 186 129 115
 181 136 82
 79 6 8
 236 237 157
 195 163 164
 238 215 216
 138 174 239
 175 239 174
 139 221 140
 240 132 131
 203 193 28
 35 6 19
 69 241 149
 99 53 100
 242 124 91
 53 242 91
 60 218 59
 96 231 97
 195 164 196
 183 62 243
 61 243 62
 57 84 176
 244 231 230
 223 236 157
 22 53 91
 179 245 213
 138 74 246
 29 247 146
 166 151 213
 201 225 202
 32 248 113
 182 154 178
 60 245 7
 179 7 245
 221 186 249
 146 247 155
 138 246 174
 250 152 177
 250 177 235
 244 33 2
 106 56 233
 173 97 251
 26 203 28
 106 104 211
 31 221 249
 139 252 185
 39 224 157
 38 157 237
 60 58 245
 172 245 58
 253 238 102
 48 254 71
 255 214 212
 103 132 134
 124 196 164
 256 257 190
 94 190 257
 158 232 159
 86 93 192
 35 56 143
 204 155 87
 191 108 46
 79 149 241
 223 157 224
 88 17 89
 29 31 249
 258 141 259
 163 260 197
 103 112 104
 141 261 259
 106 212 105
 15 262 13
 183 185 252
 45 228 73
 48 71 98
 34 113 248
 225 227 202
 48 50 254
 130 126 131
 103 105 132
 70 71 254
 34 216 113
 82 136 171
 114 113 234
 215 234 113
 142 202 227
 173 251 198
 101 198 251
 186 115 249
 135 187 171
 78 171 187
 76 177 154
 85 247 115
 240 134 132
 194 196 81
 99 81 196
 145 161 30
 32 30 248
 12 218 7
 60 7 218
 200 263 199
 138 239 150
 51 117 119
 135 171 136
 96 229 231
 264 265 224
 222 224 265
 229 63 230
 94 17 190
 88 190 17
 111 211 104
 266 13 262
 226 265 227
 264 227 265
 219 133 112
 219 28 193
 97 267 251
 107 122 192
 9 162 193
 219 193 162
 101 251 267
 59 218 268
 99 242 53
 138 150 24
 130 214 126
 23 126 214
 204 87 180
 139 141 252
 191 46 119
 15 239 262
 238 216 102
 183 243 220
 240 131 197
 125 197 131
 175 262 239
 99 196 242
 43 116 42
 15 150 239
 264 261 227
 142 227 261
 169 95 127
 121 123 118
 191 118 123
 94 269 18
 3 18 269
 20 206 188
 208 188 206
 111 59 268
 169 127 170
 124 242 196
 165 192 122
 264 224 270
 39 270 224
 64 194 81
 182 77 154
 54 246 233
 76 154 77
 173 170 127
 40 42 189
 79 241 206
 208 206 241
 258 62 252
 124 126 91
 23 91 126
 255 233 246
 76 147 235
 183 252 62
 215 201 234
 236 250 237
 45 83 228
 256 228 83
 250 235 237
 107 192 93
 260 148 271
 76 235 177
 145 11 161
 205 199 263
 258 252 141
 208 67 207
 66 207 67
 6 206 19
 226 222 265
 182 116 77
 30 161 248
 34 248 161
 38 237 235
 217 253 272
 256 243 257
 61 257 243
 256 190 228
 106 233 212
 20 19 206
 175 232 262
 255 212 233
 148 134 271
 258 259 55
 57 180 58
 142 261 141
 61 269 257
 94 257 269
 49 24 150
 240 271 134
 253 102 272
 10 272 102
 258 72 62
 219 162 133
 61 4 269
 3 269 4
 255 246 74
 69 67 241
 208 241 67
 54 174 246
 39 55 270
 244 230 33
 65 33 230
 34 102 216
 258 55 72
 47 72 55
 97 231 267
 256 83 220
 184 220 83
 244 267 231
 266 262 232
 172 213 245
 204 146 155
 128 268 218
 55 259 270
 57 176 180
 204 180 176
 115 247 249
 85 155 247
 217 272 75
 10 75 272
 23 214 74
 255 74 214
 244 2 267
 256 220 243
 101 267 2
 240 197 271
 264 259 261
 29 249 247
 260 271 197
 111 268 211
 128 211 268
 166 213 167
 172 167 213
 186 221 185
 139 185 221
 264 270 259
 0
 0
 0
 0
 0
 0
 0
 0
 0
 0
 0
 5
 182 40 41 189 178
 0
 0
 0
 0
 0
 0
 0
 0
 0
 0
 20
 51 181 120 165 121 80 166 144 68 82 41 89 117 122 210 149 209 118 151 90
 17
 70 200 158 66 101 266 1 160 68 14 254 198 207 232 263 13 50
 0
 0
 0
 3
 205 170 263
 0
