263 467
8.113981 6.873288 2
8.089259 6.724121 1
8.217145 6.704888 2
6.546347 5.390184 1
6.515219 5.280851 2
6.685428 5.362820 2
7.670910 7.193274 1
7.707360 7.080917 1
7.787960 7.192854 1
7.842743 7.098644 1
7.223019 5.959930 1
7.327240 5.856607 1
7.330631 6.014463 1
7.331566 6.341513 1
7.210431 6.242014 1
7.370585 6.231817 1
6.993425 6.836701 1
7.114738 6.939888 1
6.971315 7.008838 2
6.577372 6.121279 1
6.721230 6.140491 1
6.586689 6.236336 2
7.144457 7.206719 1
7.307000 7.237937 1
7.226987 7.311540 1
7.708025 5.982225 1
7.537745 5.993568 1
7.569298 5.891051 1
7.265111 7.137614 1
7.445928 5.925075 1
6.850639 5.821062 1
6.764899 5.732218 1
6.949240 5.690904 1
7.484683 5.762489 1
7.865252 6.520246 1
7.986753 6.414214 1
8.011275 6.557845 1
6.807890 5.608046 1
7.411201 5.419500 1
7.443591 5.267010 2
7.530152 5.345335 1
7.588943 6.084669 1
6.324090 5.449898 1
6.212828 5.480120 2
6.250869 5.309196 3
6.707098 6.267285 1
7.331261 5.717915 1
7.779768 5.695951 1
7.880129 5.779633 1
7.702898 5.823640 1
8.001240 6.125637 1
8.113116 6.052567 1
8.129907 6.199393 1
6.348578 6.008866 1
6.448305 6.119336 2
6.317267 6.096814 2
7.198951 5.742980 1
7.176685 5.859831 1
8.291259 6.184776 1
8.223780 6.085759 1
7.430632 7.238840 1
7.552121 7.134439 1
7.569978 7.274607 1
7.867022 6.172415 1
7.878946 6.014209 1
6.420067 5.386676 2
7.017651 7.162090 2
7.078317 7.069114 1
7.785075 6.078959 1
7.827161 5.898561 1
6.824794 5.472210 1
6.863762 5.336168 2
7.124092 5.526034 1
7.204670 5.405964 1
7.296735 5.500678 1
7.227332 6.377385 1
7.622010 6.659157 1
7.784500 6.655800 1
7.683464 6.786697 1
7.793717 7.009913 1
6.529588 5.553187 1
6.684817 5.529173 1
6.574519 5.663994 1
6.690910 5.668113 1
6.862116 6.880311 2
7.711292 6.550242 1
7.432375 6.025464 1
7.292564 6.143494 1
7.547463 6.782708 1
7.610132 6.881110 1
7.226384 5.625953 1
7.521933 5.446952 1
7.547746 6.456608 1
7.570994 6.315656 1
7.653225 6.422995 1
6.438160 5.975036 1
7.451898 6.332393 1
8.128344 6.504840 1
8.153173 6.393335 1
6.840674 6.409237 1
6.806112 6.512841 2
6.720660 6.397946 2
8.221743 6.270603 1
6.755052 6.772868 2
6.775290 6.640496 2
6.890939 6.756567 1
6.978658 5.457349 1
8.295546 6.352772 1
8.398484 6.284443 2
6.631111 6.026497 1
7.596216 5.791795 1
7.416350 6.133093 1
7.492447 6.216510 1
7.720278 7.311679 2
7.588938 7.384161 2
6.950447 6.333149 1
6.936630 6.474407 1
7.408843 7.126603 1
8.331203 6.030407 2
8.440294 6.124748 3
7.190681 7.054890 1
7.051257 6.380390 1
7.647130 6.204130 1
7.906146 6.626646 1
7.627986 5.690001 1
6.836936 6.272779 1
7.060996 6.145112 1
6.950093 6.061373 1
7.052244 6.037927 1
6.900599 6.621822 1
6.979423 6.705133 1
7.119430 6.782479 1
7.078156 6.658418 1
6.958768 6.202483 1
7.176009 6.071414 1
6.734489 6.014736 1
7.042936 6.486008 1
7.991849 6.253964 1
7.514866 6.585629 1
7.421852 6.461104 1
7.396502 6.566244 1
7.451444 6.685929 1
7.303811 6.638126 1
6.425797 5.666373 1
7.139313 6.342252 1
7.766601 6.415366 1
8.010467 7.001027 2
7.938938 6.872695 1
6.408441 5.539903 1
7.316336 5.349784 1
7.112624 5.953517 1
7.346310 6.753424 1
7.994339 7.206226 2
7.888251 7.288100 2
7.894273 7.177075 1
7.713061 6.929952 1
6.618520 5.443135 1
8.196648 5.955211 1
7.698123 6.095406 1
7.019033 5.579883 1
7.808046 6.816317 1
6.922052 5.560655 1
6.311346 5.599753 2
7.876116 6.314047 1
7.873680 6.415968 1
7.024794 7.314281 2
7.428337 5.656695 1
8.237376 6.574747 1
8.260412 6.466754 1
8.372476 6.533932 2
7.447411 5.545475 1
7.343417 5.616569 1
6.552555 5.914373 1
6.448441 5.864358 1
6.516156 5.774285 1
6.643902 5.788945 1
8.370759 6.427242 2
8.071892 6.321529 1
7.996258 6.763969 1
7.102363 5.654710 1
7.083399 5.771421 1
6.972481 5.823722 1
7.998260 6.668141 1
7.965806 5.893101 1
8.087477 5.855208 1
8.088157 5.952601 1
8.012184 6.007595 1
7.089032 5.409372 1
7.118725 5.312184 1
7.826413 6.922435 1
7.895785 7.002352 1
6.332316 5.886735 1
6.202116 5.874313 2
6.292776 5.740302 2
7.224258 5.305674 1
7.457831 7.028260 1
7.420647 6.829785 1
7.499552 6.909820 1
6.886796 5.934924 1
7.901898 6.730320 1
7.609828 6.534926 1
7.003452 6.582570 1
6.867051 6.143633 1
7.201639 6.555224 1
7.141817 6.454616 1
7.288534 6.484237 1
8.297964 5.907558 2
7.006169 5.945679 1
7.759062 6.161599 1
7.307018 7.490772 1
7.204169 7.596014 3
7.158202 7.461568 2
8.068089 5.721681 2
8.212707 5.784408 2
6.403038 5.775277 1
7.612352 5.241457 2
8.322412 6.618354 2
6.527028 6.032881 1
7.256520 6.959765 1
7.001209 5.322127 1
6.746459 5.836737 1
6.783448 5.935107 1
6.681101 5.925217 1
7.597425 5.533714 1
7.628674 5.388248 2
7.583470 6.996770 1
7.666794 6.311472 1
7.769765 6.274017 1
7.723514 5.584177 2
7.491128 7.422709 1
7.413948 7.496979 1
7.358154 7.360455 1
7.718904 5.458847 2
7.937647 5.676692 2
7.180607 6.662320 1
7.334547 7.043273 1
7.471661 7.326222 1
6.504592 5.462617 1
7.320543 5.240543 2
7.130754 7.349192 2
7.452387 7.587508 2
7.550650 7.502038 2
7.526029 5.635945 1
6.946815 5.205117 2
7.343606 7.591983 2
7.987830 5.785263 1
7.851661 5.591433 2
7.209267 6.859083 1
6.839781 6.036135 1
7.246343 6.760936 1
7.250477 7.403278 1
7.059162 5.227658 2
7.180489 5.198416 2
8.121071 6.622148 1
7.105238 6.561436 1
7.291842 5.136604 3
6.236439 5.984707 2
7.309304 6.852346 1
7.377767 6.940284 1
6.618821 6.336739 2
7.062775 5.862608 1
7.062410 6.272943 1
7.958073 7.099554 2
 0 1 2
 3 4 5
 6 7 8
 9 8 7
 10 11 12
 13 14 15
 16 17 18
 19 20 21
 22 23 24
 25 26 27
 28 23 22
 11 29 12
 30 31 32
 33 29 11
 34 35 36
 31 37 32
 38 39 40
 25 41 26
 42 43 44
 45 21 20
 33 11 46
 47 48 49
 50 51 52
 25 27 49
 53 54 55
 56 11 57
 10 57 11
 58 52 59
 60 61 62
 50 63 64
 42 44 65
 66 18 67
 64 63 68
 49 48 69
 70 5 71
 72 73 74
 13 75 14
 76 77 78
 9 7 79
 33 27 29
 80 81 82
 81 83 82
 56 46 11
 16 18 84
 70 81 5
 76 85 77
 86 12 29
 87 15 14
 76 78 88
 89 88 78
 72 74 90
 38 40 91
 92 93 94
 95 54 53
 92 96 93
 36 35 97
 98 97 35
 99 100 101
 58 102 52
 103 104 105
 52 51 59
 70 71 106
 107 102 108
 19 109 20
 33 110 27
 86 41 111
 112 111 41
 6 61 7
 102 58 108
 62 113 114
 99 115 116
 60 117 61
 58 118 119
 28 22 120
 115 121 116
 6 113 62
 112 41 122
 34 36 123
 47 49 124
 99 101 125
 45 125 101
 126 127 128
 67 18 17
 129 105 104
 130 131 16
 132 131 130
 126 133 127
 83 81 37
 70 37 81
 126 128 134
 135 20 109
 86 26 41
 136 116 121
 50 52 137
 92 138 139
 67 120 22
 140 141 142
 143 80 82
 144 14 75
 34 85 145
 146 147 0
 143 148 80
 99 125 115
 6 62 61
 98 102 107
 38 149 39
 128 150 134
 141 151 142
 112 96 15
 13 15 96
 152 153 154
 19 21 54
 89 78 155
 3 5 156
 157 118 59
 25 158 41
 72 159 106
 78 160 155
 70 106 161
 42 162 43
 163 137 35
 34 164 35
 112 122 93
 165 66 22
 33 46 166
 167 168 169
 38 170 74
 171 74 170
 157 59 51
 172 173 174
 34 77 85
 143 82 174
 172 174 175
 107 108 176
 98 177 102
 98 107 168
 1 0 178
 140 139 138
 32 37 161
 70 161 37
 58 119 108
 32 179 180
 32 180 181
 36 182 123
 172 95 173
 183 184 185
 183 185 186
 50 64 186
 183 186 64
 25 49 69
 103 105 84
 72 106 187
 25 69 64
 92 139 96
 5 81 156
 72 187 73
 188 73 187
 189 147 190
 191 192 193
 188 194 73
 50 186 51
 0 147 178
 195 61 117
 196 88 197
 198 30 181
 183 64 69
 78 77 160
 199 160 77
 189 155 160
 89 197 88
 146 190 147
 76 200 85
 129 116 201
 202 125 20
 45 20 125
 200 92 94
 56 90 46
 171 46 90
 203 204 205
 129 100 116
 85 200 94
 140 142 205
 203 205 142
 157 206 118
 198 181 207
 208 68 63
 58 59 118
 42 148 162
 209 210 211
 212 213 184
 143 174 214
 49 110 124
 40 39 215
 167 169 216
 157 213 206
 205 204 75
 106 159 161
 95 217 54
 67 17 120
 218 120 17
 106 71 219
 220 30 221
 157 184 213
 172 175 222
 223 91 224
 198 221 30
 191 173 95
 35 137 177
 196 141 88
 7 61 225
 226 94 93
 16 131 17
 195 225 61
 85 94 145
 28 117 23
 52 102 177
 16 84 105
 189 160 147
 40 215 224
 80 156 81
 226 227 145
 163 145 227
 47 124 228
 229 230 231
 172 217 95
 73 149 74
 38 74 149
 191 95 53
 115 125 133
 188 187 219
 106 219 187
 157 51 185
 223 224 232
 10 134 150
 223 228 124
 199 147 160
 47 233 48
 132 234 131
 28 120 235
 218 235 120
 60 62 236
 202 133 125
 25 64 68
 169 168 176
 83 37 31
 42 65 148
 27 110 49
 56 179 90
 72 90 179
 13 96 139
 209 231 230
 140 138 141
 76 141 138
 87 12 111
 143 193 162
 148 65 237
 238 39 149
 165 22 239
 24 239 22
 240 230 241
 229 241 230
 76 88 141
 10 12 134
 87 134 12
 7 225 155
 89 155 225
 223 124 242
 243 219 71
 33 124 110
 98 35 177
 209 244 210
 33 242 124
 212 245 233
 229 114 241
 60 23 117
 198 207 127
 34 123 77
 220 222 175
 47 246 233
 129 104 100
 218 17 247
 202 20 248
 135 248 20
 80 237 156
 249 131 234
 209 211 250
 34 145 164
 163 164 145
 199 178 147
 163 35 164
 226 145 94
 208 227 122
 226 122 227
 188 251 252
 171 90 74
 60 231 23
 24 23 231
 67 22 66
 196 151 141
 38 91 170
 1 182 253
 36 253 182
 13 139 205
 86 111 12
 112 93 96
 229 231 236
 83 175 82
 174 82 175
 226 93 122
 19 54 217
 28 235 117
 249 247 131
 212 184 245
 183 69 48
 220 31 30
 128 127 207
 132 254 234
 32 161 159
 32 159 179
 223 242 170
 183 245 184
 208 63 227
 163 227 63
 249 142 151
 126 134 14
 87 14 134
 167 216 2
 238 252 255
 223 170 91
 191 256 192
 3 65 4
 223 232 228
 50 137 63
 163 63 137
 191 53 256
 83 31 175
 220 175 31
 60 236 231
 249 257 247
 47 228 246
 188 252 194
 203 234 254
 62 114 236
 229 236 114
 191 193 214
 209 250 231
 24 231 250
 171 166 46
 191 214 173
 32 181 30
 195 235 258
 195 258 197
 238 194 252
 89 225 197
 198 127 248
 171 170 166
 3 156 237
 87 111 15
 51 186 185
 40 224 91
 143 162 148
 55 256 53
 202 127 133
 140 205 139
 211 239 250
 24 250 239
 174 173 214
 56 180 179
 72 179 159
 6 8 113
 153 113 8
 45 101 259
 260 207 181
 249 234 142
 203 142 234
 126 14 261
 144 261 14
 157 185 184
 136 201 116
 1 253 2
 167 2 253
 17 131 247
 13 205 75
 233 245 48
 107 176 168
 52 177 137
 260 181 180
 129 201 130
 132 130 201
 16 105 130
 10 150 57
 260 57 150
 126 261 133
 115 133 261
 199 77 123
 56 57 180
 260 180 57
 218 258 235
 27 26 29
 86 29 26
 98 168 97
 167 97 168
 249 151 257
 196 257 151
 45 259 21
 218 257 258
 80 148 237
 136 121 204
 144 204 121
 208 122 158
 41 158 122
 144 75 204
 196 197 258
 146 262 190
 9 190 262
 199 182 178
 143 214 193
 99 116 100
 196 258 257
 195 197 225
 172 109 217
 132 201 254
 112 15 111
 195 117 235
 240 244 230
 209 230 244
 243 251 219
 188 219 251
 238 149 194
 198 248 221
 135 221 248
 129 130 105
 183 48 245
 9 79 190
 189 190 79
 189 79 155
 7 155 79
 136 204 254
 128 207 150
 260 150 207
 36 97 253
 199 123 182
 1 178 182
 170 242 166
 167 253 97
 203 254 204
 218 247 257
 92 200 138
 76 138 200
 136 254 201
 172 222 109
 135 109 222
 153 8 154
 73 194 149
 3 237 65
 152 154 262
 9 262 154
 25 68 158
 220 221 222
 202 248 127
 19 217 109
 135 222 221
 33 166 242
 115 261 121
 144 121 261
 208 158 68
 9 154 8
 0
 0
 0
 0
 0
 0
 0
 0
 0
 0
 0
 17
 152 146 240 153 169 0 119 108 210 241 2 262 113 244 114 176 216
 0
 21
 55 103 165 44 84 211 18 104 256 54 210 101 193 100 21 43 162 192 259 239 66
 0
 0
 0
 0
 0
 0
 0
 0
 14
 238 212 118 119 233 213 39 228 232 215 255 246 224 206
 0
 9
 243 5 44 71 252 255 65 4 251
 0
 0
 0
 0
