272 485
4.197526 1.870366 1
4.205878 1.765920 1
4.353964 1.802044 1
4.266956 1.957000 1
5.021739 1.179394 1
4.893626 1.277357 1
4.907285 1.106014 2
4.807293 1.166631 2
4.508610 1.716591 1
4.403931 1.670555 1
4.564542 1.598689 1
4.428215 1.553005 1
5.418162 1.689044 2
5.320665 1.604995 1
5.438151 1.531744 2
4.814559 2.925099 1
4.701535 3.049531 1
4.676769 2.899004 1
5.163724 1.126447 1
5.045081 1.009605 2
4.309810 1.458320 1
4.284656 1.344871 1
4.423867 1.436994 1
4.845317 3.097768 2
5.292080 1.380322 1
5.350010 1.474343 1
5.214271 1.518538 1
5.167317 1.389628 1
4.436863 1.321819 1
4.296433 1.636482 1
3.948735 2.525645 1
3.998096 2.637498 1
3.843473 2.645442 1
3.842246 2.212200 1
3.712051 2.282257 1
3.704172 2.146105 1
4.473174 3.256110 2
4.567456 3.148981 1
4.605954 3.329224 3
4.706223 3.210999 2
3.938292 2.741144 1
5.137704 2.516743 2
5.070802 2.638387 2
4.988203 2.540515 1
3.833107 2.492996 1
4.062547 2.751495 1
5.129714 1.775617 1
4.972393 1.838057 1
5.032820 1.697711 1
3.754267 2.567093 1
4.592384 2.319388 1
4.691078 2.196561 1
4.696296 2.345913 1
4.580345 2.206484 1
5.102249 1.883111 1
5.043925 1.413306 1
5.104763 1.279750 1
4.198955 1.500195 1
3.469650 1.397828 3
3.586089 1.443134 1
3.520157 1.563006 2
4.462722 2.564050 1
4.526483 2.659689 1
4.347877 2.679267 1
4.475300 2.761858 1
3.635818 1.537494 1
3.698988 1.429815 1
3.747811 1.581453 1
3.849503 1.421999 1
4.798086 2.091643 1
4.663584 2.037987 1
4.178657 1.655982 1
4.038846 3.000278 1
4.123266 2.867643 1
4.188133 2.985779 1
4.769942 2.280101 1
4.871974 2.324351 1
4.797622 2.415462 1
4.312762 2.854862 1
4.226376 2.765024 1
4.375290 2.773214 1
3.969128 1.361352 1
3.956628 1.481164 1
4.203020 2.518538 1
4.284287 2.418287 1
4.327531 2.549852 1
3.698022 2.449470 1
3.621327 2.565028 1
4.173781 2.409400 1
4.576276 2.986893 1
3.534906 1.865153 1
3.688168 1.858842 1
3.667001 2.000325 1
4.266639 1.208421 2
4.162879 1.264773 1
4.154629 1.098465 2
5.157799 2.308057 1
4.991894 2.301419 1
5.106811 2.203736 1
4.551707 2.098530 1
4.540506 1.857687 1
4.072998 1.832016 1
4.070199 1.692867 1
4.905974 2.997900 2
4.029822 3.147438 2
3.900661 3.036299 2
5.069596 2.414073 1
3.218712 2.513155 2
3.355587 2.533348 1
3.277953 2.669799 2
3.445907 2.659313 2
4.034224 1.931055 1
3.923554 1.853063 1
4.044223 2.059058 1
4.154537 2.170261 1
3.992948 2.189189 1
4.079422 2.316966 1
4.408943 1.208203 2
5.026401 1.985366 1
5.070536 2.087768 1
4.939309 2.094151 1
4.640522 2.762918 1
3.793797 2.080250 1
4.891725 1.989285 1
3.834103 2.353311 1
3.951665 2.410690 1
4.133937 2.644026 1
4.077076 2.488711 1
3.402265 1.774331 2
3.514709 1.719278 2
4.970611 2.699820 1
4.802077 2.705404 1
4.884775 2.618406 1
4.896239 2.810410 1
3.433949 2.407681 1
3.570265 2.320343 1
3.555036 2.463536 1
5.238379 2.222766 2
5.228862 2.401259 2
4.562850 2.864707 1
3.806587 1.955921 1
3.944605 1.966865 1
4.979111 2.910539 2
4.564247 1.248620 1
4.526571 1.138205 2
3.615175 1.304414 2
3.761477 1.293916 2
4.550630 1.464148 1
4.365158 2.329854 1
4.413340 2.452439 1
4.066500 1.192001 1
3.622439 1.656989 1
3.719571 1.738871 1
4.410639 1.931589 1
3.518463 2.154564 1
3.409978 2.049430 1
3.524222 2.006972 1
3.609948 1.775104 1
4.109686 1.573721 1
4.370944 3.065555 1
4.445385 2.912859 1
4.486003 3.063442 1
4.476840 2.359542 1
4.469009 2.230560 1
4.749104 1.959170 1
3.717463 2.749289 2
3.705432 2.642207 1
5.197884 0.982405 2
5.300575 1.056993 1
3.845217 1.716956 1
3.796619 1.824731 1
4.299214 2.967769 1
3.904215 2.075878 1
3.970571 1.752461 1
5.053280 1.586605 1
5.171651 1.655489 1
5.094077 1.486866 1
4.995025 2.181149 1
4.129733 3.082790 1
5.291018 1.165540 1
4.133654 1.954951 1
4.167809 2.050471 1
3.436522 2.260481 1
4.274614 2.090020 1
3.959849 2.875437 1
3.981842 1.107964 2
3.883708 1.567199 1
4.540211 2.455931 1
4.611162 2.568521 1
5.056581 2.785297 3
5.404268 1.122500 1
5.523998 1.106661 3
5.468201 1.238726 2
4.675114 2.456182 1
4.762679 2.571348 1
4.067390 1.302073 1
4.148262 1.378936 1
4.070376 1.461076 1
3.590630 2.684185 2
3.485706 2.552667 1
4.224841 2.889864 1
3.878421 1.282080 1
4.651967 1.116920 2
4.697741 1.235568 1
5.438052 1.373489 2
5.350778 1.260211 1
4.312671 2.198335 1
4.928566 2.422585 1
3.393071 2.160466 1
3.827495 2.795848 1
4.780706 1.288361 1
4.682758 1.491060 1
4.663811 1.351062 1
3.837439 2.919240 1
3.739409 2.992201 2
3.739827 2.848954 2
5.004983 1.311464 1
4.225101 2.304498 1
4.921088 1.717341 1
4.409590 2.128758 1
4.823249 1.882537 1
5.232052 1.265720 1
4.683551 2.651215 1
3.940217 2.293453 1
3.942056 1.661629 1
5.312334 0.951196 1
5.261732 0.838786 2
4.693324 1.835843 1
4.363525 2.028943 1
5.274411 1.744259 2
3.623500 2.212112 1
3.226219 2.342403 2
3.319385 2.425381 1
4.767579 2.825063 1
4.871843 2.202187 1
3.432795 1.920420 1
4.244239 2.651063 1
4.623531 1.736114 1
3.607256 2.092462 1
4.637472 1.933982 1
4.185935 3.189254 2
4.827893 1.769695 1
4.735635 1.704167 1
4.823543 1.530825 1
4.799692 1.398689 1
4.694332 1.602949 1
3.088658 2.269545 3
3.199289 2.221692 2
3.304002 2.226061 1
4.960206 1.506675 1
3.346754 2.327696 1
4.540840 1.979222 1
4.444899 3.150003 1
4.908827 1.410845 1
4.829906 1.649870 1
3.828493 1.142571 2
5.195613 2.110418 2
5.169352 1.977927 2
3.296390 2.111793 2
4.936807 1.614838 1
4.533991 1.348814 1
3.335945 1.880307 2
4.326914 3.215930 2
4.256149 3.096748 1
5.213384 1.838588 2
4.453945 2.031813 1
5.389285 0.867283 3
5.434222 0.993871 2
4.872369 2.513663 1
3.965343 1.219341 1
3.320478 1.980983 2
4.006957 1.578603 1
 0 1 2
 3 0 2
 4 5 6
 6 5 7
 8 9 10
 9 11 10
 12 13 14
 15 16 17
 18 4 19
 20 21 22
 15 23 16
 24 25 26
 27 24 26
 22 21 28
 29 20 11
 29 2 1
 30 31 32
 33 34 35
 36 37 38
 39 38 37
 32 31 40
 41 42 43
 30 32 44
 45 40 31
 46 47 48
 4 6 19
 32 49 44
 50 51 52
 53 51 50
 46 54 47
 27 55 56
 29 57 20
 58 59 60
 61 62 63
 64 63 62
 65 66 67
 68 67 66
 69 51 70
 29 71 57
 72 73 74
 75 76 77
 78 79 80
 68 81 82
 83 84 85
 86 49 87
 79 63 80
 83 88 84
 89 17 16
 90 91 92
 93 94 95
 13 26 25
 75 77 52
 96 97 98
 70 51 99
 100 2 8
 101 102 1
 15 103 23
 39 16 23
 72 104 105
 41 43 106
 107 108 109
 110 109 108
 101 111 112
 113 114 115
 116 115 114
 28 21 117
 118 119 120
 18 56 4
 121 64 62
 33 35 122
 118 120 123
 124 125 44
 126 31 127
 90 128 129
 130 131 132
 133 131 130
 134 135 136
 86 136 135
 96 137 138
 121 139 64
 140 112 141
 83 126 127
 140 122 92
 35 92 122
 15 133 142
 143 117 144
 44 125 30
 145 146 66
 68 66 146
 86 87 136
 10 11 147
 84 148 149
 150 95 94
 65 67 151
 152 151 67
 45 79 73
 100 153 2
 154 155 156
 53 99 51
 90 157 91
 158 57 71
 159 160 161
 162 163 50
 53 50 163
 69 70 164
 112 111 141
 28 117 143
 96 138 106
 41 106 138
 165 166 32
 18 167 168
 89 16 37
 39 37 16
 152 67 169
 140 170 112
 1 102 71
 130 132 43
 42 130 43
 159 171 160
 113 115 172
 33 172 115
 86 135 34
 101 112 173
 13 25 14
 3 2 153
 174 26 175
 27 176 55
 177 98 97
 29 9 2
 162 149 148
 90 129 157
 72 74 178
 18 168 179
 180 3 181
 154 135 182
 134 182 135
 181 3 183
 96 106 97
 72 184 73
 150 185 95
 67 186 169
 61 63 85
 174 175 48
 61 187 188
 33 124 34
 86 34 124
 189 142 133
 68 186 67
 190 191 192
 193 194 188
 195 196 197
 13 175 26
 165 198 166
 93 117 21
 87 198 199
 81 195 197
 78 200 79
 68 201 81
 202 7 203
 204 24 205
 206 114 183
 207 77 76
 154 208 155
 165 32 209
 5 210 7
 27 26 176
 45 126 79
 32 166 49
 204 25 24
 10 147 211
 212 211 147
 213 214 215
 65 60 59
 118 47 54
 5 4 216
 75 52 51
 45 73 184
 116 114 217
 218 48 47
 193 188 187
 163 219 99
 220 47 123
 118 123 47
 18 221 56
 196 21 57
 20 57 21
 140 141 172
 190 205 179
 188 222 62
 62 222 121
 116 223 115
 33 122 172
 110 199 198
 130 42 189
 224 169 186
 89 160 139
 68 82 186
 225 167 226
 53 163 99
 220 164 227
 30 127 31
 206 183 219
 55 216 56
 190 192 205
 81 197 82
 183 228 219
 13 229 175
 140 92 91
 213 184 105
 72 105 184
 154 230 135
 213 209 184
 89 161 160
 204 205 192
 107 231 232
 212 143 203
 202 203 143
 134 199 108
 15 233 133
 113 172 141
 206 217 114
 30 125 127
 113 181 114
 174 176 26
 35 34 230
 189 133 130
 84 149 85
 145 59 58
 68 146 201
 69 234 51
 75 51 234
 116 125 223
 78 80 160
 64 160 80
 132 131 194
 90 235 128
 15 142 103
 107 232 108
 86 124 44
 116 127 125
 18 19 167
 18 179 221
 89 139 17
 13 12 229
 46 48 175
 63 236 85
 10 237 8
 154 156 238
 79 200 73
 227 164 239
 90 92 156
 184 209 40
 72 178 104
 240 104 178
 100 8 237
 78 160 171
 204 14 25
 220 227 241
 242 241 227
 243 211 244
 212 244 211
 10 245 237
 33 223 124
 87 199 136
 246 247 231
 248 231 247
 83 127 88
 11 22 147
 86 44 49
 140 91 170
 69 164 123
 220 123 164
 134 136 199
 174 249 176
 55 176 249
 4 56 216
 61 188 62
 207 106 43
 220 241 47
 218 47 241
 162 50 187
 193 187 50
 35 238 92
 116 217 88
 29 1 71
 193 52 77
 100 237 227
 101 1 0
 213 105 214
 248 250 231
 177 97 234
 64 80 63
 79 236 63
 46 175 229
 45 31 126
 100 251 153
 20 22 11
 29 11 9
 64 139 160
 87 166 198
 36 252 37
 55 253 216
 121 17 139
 234 97 76
 243 254 245
 84 88 217
 255 201 146
 256 119 257
 118 257 119
 33 115 223
 248 247 258
 145 66 59
 134 108 232
 243 249 259
 110 108 199
 69 123 120
 83 85 236
 212 147 260
 61 149 187
 261 128 235
 89 37 161
 27 56 221
 159 262 263
 240 263 262
 124 223 125
 87 49 166
 2 9 8
 121 233 17
 212 260 143
 243 259 254
 257 54 264
 28 143 260
 152 91 157
 212 210 244
 243 245 211
 243 244 253
 135 230 34
 133 233 131
 265 99 219
 147 22 260
 242 237 245
 28 260 22
 140 172 122
 116 88 127
 243 253 249
 46 229 264
 202 143 144
 121 131 233
 5 216 253
 74 73 200
 225 168 167
 265 153 251
 206 163 148
 162 148 163
 205 24 221
 212 203 210
 193 77 194
 225 266 267
 194 131 222
 177 120 119
 190 267 191
 132 194 268
 74 171 263
 159 263 171
 55 249 253
 207 97 106
 27 221 24
 242 227 237
 70 239 164
 159 252 262
 36 262 252
 162 187 149
 242 245 254
 69 120 234
 81 269 195
 158 71 102
 113 141 111
 15 17 233
 207 43 268
 65 59 66
 205 221 179
 248 208 182
 155 270 235
 188 194 222
 101 0 180
 113 111 180
 74 263 178
 240 178 263
 196 94 21
 93 21 94
 101 173 102
 92 238 156
 65 151 60
 129 60 151
 7 210 203
 3 228 183
 154 182 208
 37 252 161
 100 227 239
 155 235 156
 193 50 52
 129 151 157
 114 181 183
 82 197 271
 158 271 197
 112 169 173
 224 173 169
 256 98 119
 177 119 98
 45 184 40
 61 85 149
 206 148 217
 84 217 148
 10 211 245
 81 201 269
 121 222 131
 134 250 182
 224 271 102
 158 102 271
 113 180 181
 3 153 228
 248 182 250
 190 179 168
 5 244 210
 256 137 98
 96 98 137
 5 253 244
 101 180 111
 3 180 0
 155 258 270
 224 102 173
 194 77 268
 177 234 120
 231 250 232
 152 157 151
 265 228 153
 206 219 163
 224 186 271
 82 271 186
 150 195 269
 174 259 249
 118 54 257
 132 268 43
 196 57 197
 158 197 57
 152 170 91
 218 259 48
 174 48 259
 190 168 267
 225 267 168
 207 268 77
 261 235 270
 248 258 208
 213 215 209
 265 219 228
 154 238 230
 35 230 238
 218 254 259
 75 234 76
 90 156 235
 242 254 241
 218 241 254
 159 161 252
 225 226 266
 74 200 171
 78 171 200
 255 185 269
 265 251 99
 70 99 251
 155 208 258
 207 76 97
 196 195 94
 165 209 215
 32 40 209
 150 269 185
 255 269 201
 134 232 250
 152 169 170
 112 170 169
 150 94 195
 46 264 54
 79 126 236
 83 236 126
 100 239 251
 70 251 239
 0
 0
 0
 0
 0
 0
 0
 0
 0
 0
 0
 0
 0
 0
 0
 16
 202 255 145 93 7 58 19 146 95 167 226 117 185 144 266 6
 9
 246 261 129 58 128 258 247 60 270
 15
 240 107 165 36 110 246 109 104 231 38 262 214 105 198 215
 0
 0
 0
 0
 0
 0
 0
 14
 204 41 189 256 42 229 191 257 192 138 137 14 12 264
 6
 189 39 23 38 142 103
 0
 3
 191 267 266
