265 469
8.136876 4.213919 1
8.233779 4.208621 1
8.197956 4.353964 1
8.043000 4.266956 1
8.820605 5.021739 1
8.722643 4.893626 1
8.893986 4.907285 2
8.833369 4.807293 2
8.283409 4.508610 1
8.329446 4.403931 1
8.401311 4.564542 1
8.446996 4.428215 1
8.564707 5.134566 1
8.709617 5.112521 1
8.627939 5.212504 1
8.199057 5.447165 1
8.251304 5.295807 1
8.331640 5.457134 1
8.873552 5.163724 1
8.990396 5.045081 2
8.541680 4.309810 1
8.655129 4.284656 1
8.563005 4.423867 1
8.583735 5.031181 1
8.627259 5.314714 1
8.528218 5.353157 1
8.491294 5.224998 1
8.397983 5.325667 1
8.889911 6.068428 2
8.876207 5.943291 1
9.011252 6.006241 2
8.678182 4.436863 1
8.370704 5.826476 1
8.212707 5.784408 2
8.353352 5.703722 1
8.363518 4.296433 1
8.857430 3.828493 1
8.906816 3.683397 2
9.000507 3.767156 2
8.508942 5.730789 1
8.491449 5.882424 1
8.224382 5.129714 1
8.161983 4.972324 1
8.308622 5.038104 1
9.026536 5.614038 1
9.006129 5.434222 1
9.121614 5.499931 1
8.993105 3.903397 2
7.680612 4.592384 1
7.803439 4.691078 1
7.654087 4.696296 1
7.793516 4.580345 1
8.116965 5.102116 1
8.499805 4.198955 1
8.602221 3.469974 3
8.556871 3.586126 1
8.437001 3.520203 2
7.695964 5.158335 1
7.704840 4.993128 1
7.798072 5.105775 1
7.488338 5.133633 1
7.391780 5.076591 1
7.464369 4.987767 1
8.462506 3.635818 1
8.570185 3.698988 1
8.418548 3.747811 1
8.578001 3.849503 1
7.908357 4.798086 1
7.962013 4.663584 1
7.733526 5.338585 1
7.612352 5.241457 2
7.774418 5.233129 1
8.348732 4.179103 1
8.893339 5.523998 1
7.719899 4.769942 1
7.677336 4.871897 1
7.584693 4.797374 1
8.638648 3.969128 1
8.518836 3.956628 1
8.480675 5.451016 1
8.248270 5.643020 1
8.134847 3.534906 2
8.141157 3.688168 1
7.999675 3.667001 1
8.791578 4.266639 2
8.735228 4.162879 1
8.901535 4.154629 2
9.239473 5.574383 1
9.357913 5.466718 2
9.396482 5.642149 3
7.901470 4.551707 1
8.142313 4.540506 1
8.164438 4.105258 1
8.303850 4.077287 1
8.892035 3.981842 1
9.009155 4.033360 2
8.157369 5.343278 1
7.940942 4.044223 1
7.829739 4.154537 1
7.810811 3.992948 1
7.683034 4.079422 2
8.799227 3.695459 1
8.470879 5.998748 1
8.440294 6.124748 3
8.331203 6.030407 2
8.791797 4.408943 2
7.589087 5.067315 1
8.014758 5.026240 1
7.912322 5.070052 1
7.905993 4.939065 1
8.799455 6.008124 1
7.787800 3.842246 3
7.853895 3.704172 2
7.919750 3.793797 1
8.010725 4.891712 1
8.608825 5.841091 1
8.750695 5.904475 1
8.598965 5.957848 1
7.819833 4.993639 1
8.746495 5.791094 1
8.140535 3.900856 1
8.224384 3.983773 1
8.077665 4.032224 1
8.044079 3.806587 1
8.028935 3.941008 1
8.695585 3.615175 2
8.706083 3.761477 1
8.648005 5.639409 1
8.803871 5.700864 1
8.645694 5.751071 1
8.535851 4.550630 1
9.038133 5.778345 1
8.926873 5.746908 1
7.581713 4.284287 2
7.670146 4.365158 1
7.547561 4.413340 1
8.808000 4.066500 1
8.343011 3.622439 1
8.261129 3.719571 1
8.068411 4.410639 1
8.960310 5.866012 1
8.224896 3.609948 1
8.426278 4.109686 1
7.640458 4.476840 1
7.769440 4.469009 1
8.040832 4.749102 1
8.573090 6.070598 2
8.410294 5.534955 1
8.751380 4.564247 2
7.301553 4.971611 2
7.381545 4.884879 2
9.017595 5.197884 2
8.943007 5.300575 1
7.628674 5.388248 2
8.281182 3.844628 1
8.184880 3.793109 1
7.924122 3.904215 1
8.699404 6.020217 2
9.143147 5.736123 1
8.444735 5.075212 1
8.351130 5.181495 1
9.305101 5.776990 2
9.184378 5.857446 2
9.060925 5.898763 2
8.893772 5.636862 1
7.991162 5.553521 1
7.851661 5.591433 2
7.907560 5.478063 1
9.238060 5.686774 1
8.280723 3.514709 2
7.937647 5.676692 2
8.795938 5.589827 1
8.834460 5.291018 1
8.045205 4.134794 1
7.949552 4.167972 1
9.153767 5.622250 1
7.909980 4.274614 1
8.494654 4.948745 1
8.432581 3.883755 1
7.435950 4.462722 2
7.544069 4.540211 1
7.431479 4.611162 2
8.877501 5.404268 1
8.761273 5.468201 1
7.543818 4.675114 1
7.428025 4.762900 2
8.697927 4.067390 1
8.621064 4.148262 1
8.538924 4.070376 1
8.717920 3.878421 1
8.297964 5.907558 2
8.883080 4.651967 2
8.764432 4.697741 1
8.626511 5.438052 1
8.739789 5.350778 1
8.053024 5.415451 1
8.133616 5.564425 1
7.801664 4.312671 1
7.579435 4.927200 1
8.711639 4.780706 1
8.508940 4.682758 1
8.648938 4.663811 1
9.218525 5.468232 1
7.387219 5.170876 1
8.688021 5.006658 1
7.695502 4.225101 1
8.282659 4.921088 1
7.871242 4.409590 1
8.117463 4.823249 1
8.737043 5.234947 1
7.925807 5.372638 1
7.976167 5.274621 1
7.706547 3.940217 2
8.547714 5.569932 1
8.336599 3.943409 1
9.048803 5.312334 1
9.161214 5.261732 2
8.164157 4.693324 1
8.675888 5.541084 1
8.086248 5.279668 1
7.971057 4.363525 1
7.291842 5.136604 3
7.450148 4.327531 2
7.797813 4.871843 1
9.240016 5.359257 2
8.391885 5.929610 1
8.263885 4.623531 1
8.066018 4.637471 1
7.993028 3.524222 2
8.230309 4.827884 1
8.295834 4.735635 1
8.469175 4.823543 1
8.601311 4.799692 1
8.397052 4.694332 1
7.443591 5.267010 2
7.907538 3.607256 2
7.590600 4.173781 2
8.020779 4.540840 1
8.589025 4.907459 1
8.350130 4.829906 1
8.022291 5.169083 1
7.890661 5.195217 1
8.388100 4.946356 1
8.339474 5.584421 1
8.255172 5.537175 1
7.797246 5.508894 1
8.651186 4.533991 1
8.154737 5.215671 1
8.052216 5.626583 1
8.068089 5.721681 2
7.968187 4.453945 1
8.151960 5.664776 1
9.132717 5.389285 1
7.487613 4.872024 1
8.780659 3.965343 1
7.718904 5.458847 2
7.825233 5.408347 1
7.723514 5.584177 2
7.858644 5.299185 1
8.438113 5.630522 1
8.781055 6.104211 2
8.420769 4.007967 1
8.845331 5.824608 1
8.822588 3.578330 2
7.320543 5.240543 2
 0 1 2
 3 0 2
 4 5 6
 6 5 7
 8 9 10
 9 11 10
 12 13 14
 15 16 17
 18 4 19
 20 21 22
 23 13 12
 24 25 26
 14 24 26
 27 17 16
 28 29 30
 22 21 31
 32 33 34
 35 20 11
 36 37 38
 35 2 1
 39 40 32
 41 42 43
 44 45 46
 4 6 19
 39 32 34
 36 38 47
 48 49 50
 51 49 48
 41 52 42
 35 53 20
 54 55 56
 57 58 59
 60 61 62
 63 64 65
 66 65 64
 67 49 68
 69 70 71
 35 72 53
 44 73 45
 74 75 76
 66 77 78
 27 79 17
 80 34 33
 81 82 83
 84 85 86
 87 88 89
 27 26 25
 74 76 50
 68 49 90
 91 2 8
 92 93 1
 36 47 94
 95 94 47
 15 96 16
 97 98 99
 100 99 98
 36 101 37
 102 103 104
 31 21 105
 60 62 106
 107 108 109
 18 13 4
 28 110 29
 111 112 113
 107 109 114
 115 116 117
 118 59 58
 119 116 115
 120 121 122
 123 120 124
 123 113 83
 112 83 113
 57 71 70
 125 126 64
 66 64 126
 127 128 129
 10 11 130
 44 131 132
 133 134 135
 136 86 85
 63 65 137
 138 137 65
 91 139 2
 29 140 30
 51 90 49
 81 141 82
 57 106 58
 142 53 72
 143 144 48
 51 48 144
 67 68 145
 102 146 103
 120 122 124
 147 17 79
 31 105 148
 61 149 62
 149 150 62
 18 151 152
 69 153 70
 138 65 154
 123 155 120
 1 93 72
 119 129 128
 111 156 99
 97 99 156
 60 106 70
 57 70 106
 27 25 79
 157 117 116
 44 158 131
 3 2 139
 159 26 160
 159 23 12
 161 162 158
 35 9 2
 143 135 134
 163 30 140
 39 115 40
 44 132 164
 165 166 167
 161 168 89
 92 122 121
 81 169 141
 165 170 166
 171 128 127
 18 152 172
 173 3 174
 87 175 46
 174 3 176
 95 86 94
 136 94 86
 159 177 23
 65 178 154
 36 126 101
 159 160 43
 179 180 181
 66 178 65
 182 73 183
 44 46 175
 184 185 181
 171 183 73
 186 187 188
 27 160 26
 84 105 21
 77 186 188
 66 189 77
 32 190 33
 191 7 192
 193 24 194
 39 129 115
 165 195 196
 15 196 195
 197 98 176
 198 76 75
 158 162 131
 163 131 162
 119 115 129
 5 199 7
 159 12 26
 161 158 168
 44 175 158
 193 25 24
 10 130 200
 201 200 130
 87 46 202
 63 56 55
 60 203 61
 5 4 204
 74 50 49
 107 42 52
 100 98 205
 206 43 42
 184 181 180
 144 207 90
 87 89 168
 107 114 42
 208 42 114
 18 209 13
 187 21 53
 20 53 21
 123 124 156
 182 194 172
 210 211 195
 100 212 99
 111 113 156
 39 213 127
 214 154 178
 66 78 178
 215 151 216
 51 144 90
 208 145 217
 197 176 207
 127 213 218
 218 213 193
 23 204 13
 182 183 194
 77 188 78
 219 195 211
 176 220 207
 27 16 160
 123 83 82
 39 127 129
 193 194 183
 201 148 192
 191 192 148
 97 156 124
 61 221 149
 197 205 98
 210 195 167
 97 174 98
 14 26 12
 133 135 222
 125 55 54
 66 126 189
 67 223 49
 74 49 223
 87 202 88
 224 88 202
 102 104 225
 165 167 195
 18 19 151
 18 172 209
 41 43 160
 10 226 8
 171 127 218
 217 145 227
 81 83 228
 91 8 226
 193 79 25
 208 217 229
 230 229 217
 231 200 232
 201 232 200
 10 233 226
 11 22 130
 60 70 234
 123 82 155
 198 106 62
 208 114 145
 67 145 114
 4 13 204
 208 229 42
 206 42 229
 143 48 180
 184 180 48
 112 235 83
 100 205 236
 35 1 72
 184 50 76
 91 226 217
 92 1 0
 41 160 16
 91 237 139
 20 22 11
 35 11 9
 214 121 154
 23 238 204
 231 239 233
 133 236 205
 107 240 108
 241 108 240
 36 189 126
 125 101 126
 111 99 212
 125 64 55
 118 58 223
 231 177 242
 147 243 17
 17 243 244
 245 167 166
 67 114 109
 120 154 121
 201 130 246
 179 135 180
 14 13 209
 102 40 117
 2 9 8
 219 240 247
 201 246 148
 231 242 239
 115 117 40
 31 148 246
 138 82 141
 201 199 232
 231 233 200
 231 232 238
 240 52 247
 165 248 170
 249 170 248
 250 90 207
 130 22 246
 230 226 233
 31 246 22
 223 58 75
 123 156 113
 231 238 177
 41 16 247
 80 33 251
 249 251 33
 5 204 238
 215 152 151
 250 139 237
 197 144 134
 143 134 144
 194 24 209
 201 192 199
 184 76 185
 215 252 45
 46 45 252
 182 45 73
 118 109 108
 150 185 253
 23 177 238
 14 209 24
 193 213 79
 230 217 226
 68 227 145
 143 180 135
 44 164 73
 198 58 106
 230 233 239
 67 109 223
 77 254 186
 142 72 93
 97 124 122
 245 255 256
 63 55 64
 194 209 172
 80 196 244
 15 244 196
 245 257 255
 92 0 173
 97 122 173
 69 258 256
 84 21 85
 187 85 21
 69 256 255
 214 93 121
 83 235 228
 63 137 56
 169 56 137
 7 199 192
 198 62 253
 3 220 176
 91 217 227
 39 259 213
 28 260 110
 184 48 50
 169 137 141
 98 174 176
 69 71 258
 142 261 188
 78 188 261
 132 262 128
 179 222 135
 133 205 134
 197 134 205
 10 200 233
 219 96 195
 15 195 96
 125 263 101
 171 73 164
 77 189 254
 245 166 257
 118 108 59
 241 59 108
 142 93 261
 214 261 93
 97 173 174
 3 139 220
 147 79 213
 241 240 211
 182 172 152
 5 232 199
 102 117 146
 57 59 71
 241 71 59
 219 247 96
 16 96 247
 5 238 232
 92 173 122
 3 173 0
 92 121 93
 118 223 109
 165 196 248
 80 251 196
 138 141 137
 150 253 62
 185 76 253
 250 220 139
 197 207 144
 78 261 178
 214 178 261
 136 186 254
 159 242 177
 157 146 117
 142 188 53
 187 53 188
 138 155 82
 219 211 240
 147 213 259
 107 52 240
 206 242 43
 159 43 242
 215 45 152
 182 152 45
 132 128 164
 198 253 76
 60 234 203
 264 203 234
 39 34 259
 80 243 34
 119 128 262
 250 207 220
 46 252 202
 224 202 252
 171 218 183
 193 183 218
 206 239 242
 74 223 75
 206 229 239
 230 239 229
 215 216 252
 224 252 216
 37 101 263
 87 168 175
 158 175 168
 102 225 40
 32 40 225
 36 94 254
 68 90 237
 250 237 90
 15 17 244
 187 186 85
 241 211 258
 119 262 116
 29 116 262
 104 190 225
 136 254 94
 36 254 189
 69 255 153
 163 140 131
 132 131 140
 210 256 258
 210 167 256
 245 256 167
 198 75 58
 171 164 128
 138 154 155
 61 203 221
 210 258 211
 264 221 203
 120 155 154
 241 258 71
 136 85 186
 80 244 243
 157 110 260
 132 140 262
 29 262 140
 41 247 52
 157 116 110
 29 110 116
 196 251 248
 249 248 251
 91 227 237
 68 237 227
 32 225 190
 34 243 259
 147 259 243
 0
 0
 0
 0
 0
 0
 0
 0
 0
 0
 0
 10
 28 161 163 157 89 103 30 162 146 260
 14
 264 249 104 103 170 33 234 257 255 70 221 166 153 190
 0
 0
 0
 0
 0
 0
 0
 0
 20
 191 224 125 95 84 37 47 7 54 88 89 19 148 86 151 263 216 105 38 6
 0
 8
 81 111 112 169 54 228 235 56
 12
 179 150 100 111 133 181 185 222 236 149 221 212
 0
 0
 0
 0
