273 478
1.891838 1.660905 1
1.812134 1.749249 1
1.768777 1.588196 1
1.715435 1.715435 1
2.224255 0.306330 1
2.388637 0.301507 2
2.347324 0.430043 2
2.234407 0.657481 1
2.120073 0.575014 1
2.240137 0.511258 1
1.198950 0.801339 1
1.130480 0.928674 2
1.047596 0.816552 2
2.287620 1.524415 1
2.254541 1.369898 1
2.361500 1.418024 1
2.169859 1.495364 1
2.902658 1.497932 1
2.858719 1.367423 2
3.032295 1.365025 2
3.029496 1.489282 1
1.616217 1.525900 1
1.625544 1.659426 2
1.334896 0.555154 1
1.426591 0.410512 1
1.466554 0.565998 1
1.919936 1.270345 1
1.755492 1.254920 1
1.871586 1.127154 1
1.739587 1.082100 1
2.271795 0.209714 1
1.527778 0.000000 0
1.666667 0.000000 0
1.589848 0.164068 1
2.339659 0.578731 2
1.946766 2.013768 1
1.849528 1.959829 1
1.990244 1.885894 1
1.305229 0.389658 1
0.868734 0.211318 2
0.964521 0.286455 1
0.812346 0.369957 2
1.582600 0.637034 1
1.586031 0.794422 1
1.444892 0.702479 1
1.455321 0.867097 1
1.700395 1.421035 1
1.848912 1.412530 1
1.805556 0.000000 0
1.903467 0.135013 1
1.734081 0.126238 1
3.084625 1.710023 1
3.214273 1.796005 1
3.044488 1.817739 1
1.950579 1.542280 1
1.388889 0.000000 0
1.451688 0.102339 1
1.291612 0.150376 1
1.618358 0.331709 1
1.559231 0.486486 1
1.495906 0.308210 1
1.969311 1.019273 1
2.061746 0.892063 1
2.102736 1.025609 1
2.436220 1.687967 1
2.544760 1.593015 1
2.582546 1.762051 1
2.322065 1.125849 1
2.203482 1.235145 1
2.203379 1.083952 1
3.408179 1.538060 1
3.469650 1.397828 3
3.520157 1.563006 2
1.224287 0.296905 1
1.202538 0.454328 1
1.086883 0.329925 1
1.604082 1.158693 1
1.859522 1.853826 1
2.530812 1.259939 1
2.437385 1.333153 1
2.440845 1.158403 1
2.303614 2.080386 1
2.467033 2.125870 2
2.314073 2.205104 2
2.344617 1.257511 1
2.500000 0.000000 0
2.638889 0.000000 0
2.580803 0.155104 2
1.345006 0.811477 1
2.615546 1.082204 1
2.523352 0.955785 1
2.646301 0.922937 2
1.250000 0.000000 0
3.298969 1.696324 1
3.402265 1.774331 2
3.335945 1.880307 2
3.126991 1.895258 1
2.114829 1.161689 1
1.428417 0.211565 1
2.992458 1.606666 1
2.871074 1.633615 1
2.715771 1.861416 1
2.616538 1.926217 1
0.955972 0.412901 2
2.201414 0.412802 1
1.612268 1.306570 1
2.083333 0.000000 0
2.222222 0.000000 0
2.155499 0.130976 1
2.513322 1.423509 1
2.630529 1.357583 1
1.322060 0.701230 1
2.673563 1.634048 1
3.193962 1.666452 1
2.763805 1.037202 2
2.518943 1.873322 1
1.940146 0.871278 1
2.709339 2.016364 1
1.126688 0.709832 1
2.803290 1.965028 1
2.023181 0.094830 1
1.802902 0.244661 1
2.404523 1.959093 1
1.284990 0.997983 1
1.130524 1.080647 2
2.765934 1.452646 1
2.749717 1.333528 2
2.138441 0.481055 1
1.636586 1.009266 1
1.732573 0.938516 1
2.426300 1.809981 1
2.331050 1.877390 1
1.754323 2.040810 2
1.717798 1.875217 2
2.065522 1.484890 1
2.097991 1.597253 1
2.649626 1.500520 1
3.212515 1.527108 1
3.306975 1.590395 1
1.710454 0.548027 1
1.998213 1.664424 1
2.523767 0.807827 2
1.494737 1.249506 1
1.464182 1.376227 2
1.846440 0.980156 1
1.341398 0.280135 1
1.831876 0.613857 1
1.973511 0.573318 1
1.925536 0.727707 1
2.071491 0.687137 1
2.262336 1.955468 1
1.580054 1.423513 1
1.117136 0.585166 1
0.943857 0.568149 2
1.061277 0.470094 1
3.327806 1.347803 2
3.322062 1.462646 1
1.728074 0.715074 1
1.218172 1.198164 2
1.345885 1.133201 1
1.350614 1.261764 2
1.645534 0.899312 1
1.544757 0.940892 1
1.507207 1.487833 2
1.691617 0.243349 1
2.413283 1.549996 1
1.818970 0.832252 1
3.108794 1.581715 1
1.244893 1.102499 1
1.672118 0.432130 1
1.458757 1.139654 1
2.087509 2.079071 1
2.189418 2.140769 1
2.059149 2.222981 3
2.199541 2.264792 2
3.139514 2.120711 1
3.296390 2.111793 2
3.199289 2.221692 2
1.944444 0.000000 0
2.162515 0.902203 1
1.994545 1.394618 1
2.029161 0.208161 1
1.928613 1.772891 1
1.223186 0.559792 1
1.226026 0.652913 1
2.314593 1.659975 1
2.601359 2.058598 2
2.521679 1.988620 1
3.204315 1.379568 2
3.121882 1.466238 1
3.223093 2.028296 1
2.826248 2.103138 1
2.930329 2.224630 2
2.779103 2.240019 2
2.420148 1.007251 1
1.414830 1.003783 1
2.953717 1.735142 1
2.026828 0.785144 1
2.076653 0.355921 1
1.928411 0.294825 1
1.942917 0.425354 1
1.003319 0.703230 2
1.058497 0.184312 1
0.952749 0.121463 2
2.774451 1.565211 1
2.507634 1.068091 1
2.378560 0.187229 1
2.037129 0.482115 1
2.715691 1.741103 1
2.168581 2.022651 1
1.494926 1.608590 2
2.173393 0.790393 1
1.152123 0.105043 1
1.998749 1.156131 1
2.361111 0.000000 0
2.439367 0.106791 1
2.293406 0.104691 1
2.822122 1.771414 1
1.708324 0.828011 1
2.317063 1.775103 1
2.662411 1.226015 2
1.854079 0.501035 1
1.834179 0.376955 1
1.866400 2.102868 2
2.537799 1.157463 1
2.060268 1.266113 1
2.130070 1.378753 1
3.088658 2.269545 3
3.024067 2.154481 1
2.307020 0.783294 1
1.153550 0.213930 1
2.942861 2.108407 1
2.310028 0.998124 1
2.214086 0.980023 1
2.401212 0.886268 1
2.132638 0.245777 1
2.262382 0.888277 1
1.759653 0.444356 1
1.111111 0.000000 0
2.910770 2.004319 1
1.268035 0.888256 1
1.627476 1.784595 2
1.532904 1.058559 1
2.691714 2.142068 2
2.909976 1.879384 1
2.352547 0.687952 1
1.719057 0.348415 1
2.033170 1.767027 1
2.460347 0.671721 2
2.416507 0.770873 1
2.725824 1.139400 2
3.123369 1.995431 1
3.022892 2.055470 1
1.826902 0.719624 1
2.148384 1.913549 1
2.044647 2.000212 1
2.129306 1.804879 1
3.021968 1.940591 1
2.812789 1.869311 1
3.231018 1.924711 1
1.982508 2.110129 2
2.200007 1.619631 1
2.771380 1.669078 1
1.357789 0.913241 1
2.233232 1.841750 1
2.217895 1.739479 1
0.972222 0.000000 0
1.047968 0.081641 1
3.320478 1.980983 2
3.514709 1.719278 2
3.406164 1.651777 1
2.112085 1.701302 1
2.463426 0.213157 2
 0 1 2
 2 1 3
 4 5 6
 7 8 9
 10 11 12
 13 14 15
 13 16 14
 17 18 19
 20 17 19
 21 2 22
 2 3 22
 23 24 25
 26 27 28
 29 28 27
 4 30 5
 31 32 33
 34 7 9
 35 36 37
 23 38 24
 39 40 41
 42 43 44
 45 44 43
 46 47 2
 48 49 50
 51 52 53
 54 2 47
 26 47 27
 46 27 47
 55 56 57
 58 59 60
 24 60 59
 61 62 63
 64 65 66
 67 68 69
 70 71 72
 73 74 75
 29 27 76
 36 77 37
 78 79 80
 81 82 83
 79 84 80
 85 86 87
 42 44 25
 45 88 44
 89 90 91
 92 55 57
 46 2 21
 54 0 2
 93 94 52
 95 52 94
 96 53 52
 97 69 68
 98 33 60
 20 99 17
 100 17 99
 58 60 33
 84 68 67
 101 102 66
 103 41 40
 23 74 38
 4 6 104
 46 105 27
 106 107 108
 109 78 110
 111 23 44
 109 79 78
 44 23 25
 112 66 65
 51 113 52
 89 91 114
 115 66 102
 61 116 62
 102 101 117
 10 12 118
 117 101 119
 106 108 120
 121 50 49
 81 122 82
 123 124 11
 125 110 126
 98 57 56
 127 9 8
 24 59 25
 98 56 33
 29 128 129
 115 122 130
 131 130 122
 132 133 36
 134 135 54
 31 33 56
 136 110 125
 32 50 33
 137 138 113
 42 59 139
 135 140 54
 141 91 90
 142 105 143
 29 129 144
 24 145 60
 146 147 148
 149 148 147
 81 150 122
 27 105 76
 105 151 143
 152 153 154
 103 154 153
 155 71 156
 70 156 71
 34 9 6
 42 157 43
 158 159 160
 161 162 43
 45 43 162
 46 21 151
 163 151 21
 58 33 164
 13 15 165
 61 28 144
 74 154 75
 166 148 116
 137 113 167
 123 168 124
 29 144 28
 59 169 139
 109 165 15
 6 9 104
 170 142 160
 159 170 160
 171 172 173
 174 173 172
 175 176 177
 48 178 49
 62 179 63
 26 180 47
 54 47 180
 181 120 108
 98 60 145
 77 182 37
 131 122 150
 84 67 80
 23 183 74
 10 184 111
 13 165 185
 64 165 65
 186 82 187
 188 189 19
 42 25 59
 10 111 88
 77 36 133
 190 176 175
 191 192 193
 194 80 67
 123 195 159
 64 185 165
 100 99 196
 148 197 116
 181 198 199
 200 199 198
 54 140 0
 152 201 153
 152 154 74
 202 40 203
 181 199 49
 121 49 199
 109 110 136
 100 204 17
 89 205 90
 73 38 74
 206 5 30
 84 15 14
 147 207 8
 51 196 99
 101 66 208
 109 136 65
 112 65 136
 152 74 183
 81 172 209
 163 21 210
 109 15 79
 39 203 40
 146 157 139
 42 139 157
 81 209 150
 149 7 211
 149 147 8
 82 122 187
 3 1 133
 77 133 1
 142 76 105
 166 116 144
 61 144 116
 92 57 212
 24 38 145
 61 63 213
 97 213 63
 214 215 216
 61 213 28
 64 66 130
 115 130 66
 100 196 217
 84 79 15
 43 157 218
 219 185 64
 85 87 215
 26 28 213
 130 219 64
 78 220 110
 126 110 220
 200 221 222
 32 48 50
 35 223 36
 132 36 223
 89 220 224
 78 224 220
 97 68 225
 226 225 68
 12 201 118
 161 129 128
 112 136 204
 227 192 228
 93 113 138
 149 211 197
 107 216 108
 229 211 7
 226 180 225
 26 225 180
 191 117 119
 73 230 57
 123 159 168
 158 168 159
 206 216 215
 191 231 192
 194 67 232
 233 63 179
 142 170 76
 109 65 165
 141 90 234
 194 234 90
 181 108 235
 161 43 218
 127 207 198
 229 236 211
 237 222 221
 226 134 180
 103 75 154
 202 75 40
 238 92 212
 191 119 239
 10 240 11
 123 11 240
 62 197 211
 98 145 57
 73 57 145
 155 156 188
 137 188 156
 163 143 151
 200 198 207
 159 195 170
 3 133 241
 242 128 76
 23 111 184
 200 147 221
 146 221 147
 29 76 128
 211 236 179
 191 243 117
 127 198 104
 242 76 170
 244 217 196
 34 245 7
 229 7 245
 121 246 164
 237 221 139
 146 139 221
 121 222 246
 191 193 243
 244 239 119
 247 37 182
 127 8 207
 226 14 16
 166 144 129
 4 104 198
 58 169 59
 194 232 234
 103 40 75
 21 22 210
 34 248 245
 141 249 248
 73 75 230
 202 230 75
 62 116 197
 181 235 198
 4 198 235
 33 50 164
 121 164 50
 152 184 118
 89 250 220
 54 180 134
 84 14 68
 226 16 134
 190 175 251
 252 251 175
 112 208 66
 108 30 235
 152 183 184
 97 225 213
 26 213 225
 200 222 199
 234 232 236
 107 214 216
 146 148 253
 254 255 37
 81 83 172
 174 172 83
 4 235 30
 214 85 215
 247 256 37
 254 37 256
 45 162 195
 242 195 162
 244 53 257
 57 230 212
 93 52 113
 254 209 255
 51 99 167
 166 253 148
 101 258 119
 10 118 184
 244 119 258
 149 197 148
 227 228 175
 200 207 147
 149 8 7
 244 196 53
 96 259 251
 46 151 105
 171 173 260
 55 31 56
 242 170 195
 101 208 217
 96 52 259
 10 88 240
 44 88 111
 166 157 253
 142 143 160
 13 261 16
 135 16 261
 23 184 183
 166 218 157
 237 139 169
 244 258 217
 152 118 201
 100 217 262
 101 217 258
 146 253 157
 20 167 99
 247 182 140
 0 140 182
 45 263 88
 115 187 122
 158 124 168
 131 150 264
 254 264 150
 35 260 223
 89 114 250
 178 106 120
 17 204 125
 178 120 49
 233 232 69
 13 185 261
 265 261 185
 20 19 189
 35 255 260
 181 49 120
 20 189 167
 137 167 189
 194 205 80
 67 69 232
 252 175 228
 78 80 224
 186 102 117
 190 251 259
 51 167 113
 227 175 177
 121 199 222
 266 238 267
 95 259 52
 190 268 176
 194 90 205
 226 68 14
 186 117 243
 171 260 255
 269 94 270
 93 270 94
 123 263 195
 192 231 228
 244 257 239
 252 239 257
 202 267 212
 238 212 267
 137 189 188
 135 271 140
 247 140 271
 73 145 38
 137 156 138
 70 138 156
 229 234 236
 171 209 172
 233 69 63
 135 134 16
 229 249 234
 112 204 262
 96 251 257
 252 257 251
 62 211 179
 97 63 69
 191 239 231
 108 216 30
 141 234 249
 35 37 255
 70 72 270
 269 270 72
 96 257 53
 45 195 263
 233 179 236
 136 125 204
 126 18 125
 17 125 18
 51 53 196
 70 270 138
 93 138 270
 265 185 219
 127 104 9
 266 267 203
 206 30 216
 58 164 246
 171 255 209
 87 272 215
 206 215 272
 202 212 230
 123 240 263
 254 150 209
 100 262 204
 237 246 222
 131 219 130
 202 203 267
 112 262 208
 252 231 239
 0 182 1
 77 1 182
 233 236 232
 229 245 249
 242 162 128
 161 128 162
 248 249 245
 265 264 256
 254 256 264
 88 263 240
 190 259 268
 265 271 261
 217 208 262
 115 102 187
 186 187 102
 3 241 22
 135 261 271
 252 228 231
 58 246 169
 265 256 271
 247 271 256
 237 169 246
 166 129 218
 265 219 264
 206 272 5
 161 218 129
 95 268 259
 131 264 219
 80 205 224
 89 224 205
 0
 0
 0
 0
 0
 0
 0
 0
 0
 0
 0
 0
 0
 0
 9
 227 95 269 71 94 176 177 72 268
 17
 34 155 126 141 91 6 87 71 248 220 114 188 19 5 250 18 272
 0
 9
 186 227 174 82 192 173 243 193 83
 0
 21
 103 132 158 39 163 12 153 133 41 11 173 124 201 160 223 143 210 203 260 241 22
 0
 0
 0
 0
 0
 0
 0
 0
 0
