261 460
6.801157 9.515192 1
6.687997 9.444273 1
6.839583 9.404687 1
6.547130 9.231997 1
6.642835 9.095756 1
6.670410 9.223898 1
6.759707 9.315547 1
6.485560 9.116166 1
5.725996 8.491804 1
5.840215 8.416333 1
5.846289 8.591111 1
5.982413 8.487105 1
6.329707 9.377750 1
6.492596 9.347685 1
6.401016 9.473169 1
6.144520 8.261088 1
6.017505 8.310702 1
6.014330 8.187575 1
5.899400 8.271502 1
6.023907 9.579772 1
5.876548 9.535896 1
6.006768 9.473273 1
6.783435 9.018176 1
6.778850 9.177019 1
6.686429 8.234365 1
6.638235 8.363351 1
6.535256 8.299313 1
6.567698 8.175380 1
6.406180 9.252308 1
6.515550 7.910473 1
6.624644 7.818213 3
6.686428 7.967595 2
6.646036 8.522911 1
6.661362 8.674201 1
6.551526 8.651682 1
5.571858 7.994799 2
5.702821 7.933967 1
5.684880 8.078018 1
5.942748 9.666035 1
6.522646 8.522436 1
6.673309 9.597209 1
6.560266 9.486866 1
5.786549 8.751596 1
5.831116 8.859455 1
5.704263 8.908795 1
5.667077 8.750273 1
6.344052 9.144920 1
6.398485 9.020336 1
6.805555 10.000000 0
6.669086 9.877488 1
6.780723 9.831198 1
6.572844 8.041079 1
6.551444 8.971073 1
5.494482 9.751087 1
5.389594 9.632672 2
5.532137 9.655560 1
5.840853 8.968827 1
6.024354 9.014854 1
5.875474 9.096663 1
5.951161 8.879012 1
6.555438 9.633027 1
6.713991 8.770042 1
6.679886 8.911281 1
6.559259 8.790221 1
5.777870 9.287535 1
5.914904 9.298908 1
5.802255 9.410053 1
5.912392 9.415397 1
5.397138 9.790697 2
5.534955 8.410294 1
5.448535 8.493784 2
5.455002 8.323562 2
7.135184 9.459273 2
7.014851 9.497261 1
7.063276 9.350357 2
6.952539 9.398787 1
5.724779 7.792501 2
5.813758 7.908040 1
5.865686 7.811341 2
5.914955 8.744390 1
5.830169 8.029728 1
6.186282 9.712640 1
6.141191 9.618241 1
6.285971 9.581976 1
6.098043 7.995399 2
5.970793 8.053564 1
5.958368 7.915096 2
5.663185 8.228879 1
5.791213 8.162083 1
6.811966 9.642995 1
5.956855 8.621002 1
6.899935 9.120657 1
5.617157 9.754135 1
5.728519 9.697784 1
5.782080 9.823995 1
6.666667 10.000000 0
5.658605 9.881393 1
6.894502 8.629272 2
6.754989 8.622025 1
6.789530 8.518266 2
6.155670 9.054038 1
6.189645 8.950685 1
6.099037 8.875254 1
6.415514 8.787515 1
6.440328 8.675400 1
6.111039 8.111499 1
6.153409 9.522855 1
6.396385 8.457839 1
6.343915 8.611896 1
6.266117 8.525078 1
5.592066 7.860765 1
5.601561 9.025578 1
5.607803 9.159656 1
5.467297 9.110331 2
6.265505 9.053463 1
6.464293 9.583187 1
5.513700 9.525151 2
5.676312 9.257267 1
5.751612 9.154735 1
6.387387 8.152041 1
6.332718 8.297338 1
6.266655 8.219926 1
6.453265 8.234514 1
6.475371 8.127416 1
5.720436 8.623577 1
5.606541 8.533944 1
5.626382 8.655936 1
6.250000 10.000000 0
6.111111 10.000000 0
6.181142 9.858657 1
6.808378 8.875128 1
6.901810 8.967202 1
6.388434 9.671264 1
6.225852 8.136789 1
6.304467 8.089989 1
6.302894 9.706076 1
6.443992 8.575473 1
6.882627 9.886447 1
6.430508 8.018143 1
5.860522 9.198224 1
7.004992 9.053137 1
7.022418 9.191932 1
6.303124 8.424181 1
5.982752 9.153278 1
5.972222 10.000000 0
5.898700 9.885500 1
6.060734 9.888889 1
6.232851 8.354238 1
6.092814 8.423142 1
5.554943 8.137086 2
5.906887 8.149755 1
6.916779 9.288080 1
6.297576 8.948071 1
6.219924 8.820246 1
5.555555 10.000000 0
5.510119 9.866122 2
5.836073 9.651634 1
5.519876 8.638554 2
6.138964 8.533108 1
6.067565 8.626242 1
5.720968 9.035899 1
6.099948 9.147806 1
6.624095 9.338402 1
6.244683 9.457056 1
6.100932 9.407632 1
6.199639 9.344516 1
7.154130 9.733686 2
7.041790 9.729144 1
7.124003 9.594628 2
6.395429 7.818680 2
6.379520 7.921695 1
5.774346 8.272356 1
5.567767 9.303588 1
5.444541 9.386308 2
5.476700 9.225661 2
6.054611 9.284513 1
6.336432 8.839258 1
7.004952 9.625604 1
6.780162 8.311740 2
5.694445 10.000000 0
5.870399 9.754210 1
5.993177 9.780726 1
6.730762 8.424308 2
6.008992 8.708517 1
6.106747 8.749391 1
6.201482 8.650692 1
5.474401 8.974982 2
6.324863 8.732353 1
5.576140 8.729132 1
5.713191 8.365657 1
6.441116 8.889874 1
5.493474 7.799499 1
5.368001 7.803230 3
5.460635 7.695292 2
6.723753 9.719796 1
6.604926 9.764725 1
7.158516 9.235254 2
5.590402 8.831272 1
7.130146 9.110865 2
5.462663 7.912985 2
5.640282 9.603033 1
6.494907 7.791564 2
5.958299 8.386499 1
6.953569 9.795262 1
6.845856 9.760732 1
6.842145 8.742575 1
6.164565 9.233966 1
6.303110 9.885636 1
6.929001 8.841491 2
6.205282 8.463008 1
6.498373 9.849589 1
6.485882 9.713652 1
6.379928 9.784677 1
6.527778 10.000000 0
6.405153 9.898450 1
6.532987 8.414411 1
6.388889 10.000000 0
5.997921 9.375944 1
6.303704 7.978455 1
6.264444 9.787251 1
6.019511 8.795521 1
6.096767 9.787628 1
5.544349 8.245235 1
5.585395 7.733250 1
5.690073 7.627812 2
5.553058 7.626899 3
6.578643 9.915918 1
6.910433 9.478945 1
6.979998 8.732032 2
5.833333 10.000000 0
6.690825 8.109853 1
6.276409 9.249656 1
6.944445 10.000000 0
6.422322 8.355339 1
5.565848 9.414798 1
7.083333 10.000000 0
6.987856 9.906951 1
7.079720 9.858798 2
5.591185 8.333581 1
6.907895 9.580243 1
5.763889 9.924757 1
5.727032 9.496281 1
5.626346 9.486788 1
6.800545 8.175446 2
6.806640 8.055938 2
5.761691 9.596926 1
5.480383 8.766965 2
5.676509 9.380824 1
6.056384 9.693966 1
5.447165 8.199057 2
5.581451 8.925284 1
5.636427 8.427858 1
7.020594 8.927916 2
7.108465 9.000947 2
6.217739 9.146187 1
5.401987 8.855069 2
5.508369 8.877736 1
6.922500 9.688689 1
6.198315 7.931916 2
6.289138 7.868203 2
6.212695 8.034580 1
 0 1 2
 3 4 5
 1 6 2
 7 4 3
 8 9 10
 11 10 9
 12 13 14
 15 16 17
 18 17 16
 19 20 21
 22 23 4
 24 25 26
 24 26 27
 12 28 13
 29 30 31
 32 33 34
 35 36 37
 19 38 20
 32 34 39
 1 40 41
 42 43 44
 45 42 44
 46 47 7
 48 49 50
 51 29 31
 52 4 7
 53 54 55
 56 57 58
 56 59 57
 40 60 41
 46 7 28
 61 62 63
 64 65 66
 67 66 65
 68 54 53
 69 70 71
 72 73 74
 67 21 20
 73 75 74
 76 77 36
 76 78 77
 42 10 79
 80 37 36
 61 63 33
 81 82 83
 84 85 86
 87 37 88
 1 0 40
 89 40 0
 10 90 79
 22 91 23
 92 93 94
 48 95 49
 92 94 96
 97 98 99
 100 57 101
 102 101 57
 34 33 63
 52 63 62
 103 104 63
 34 63 104
 84 105 85
 52 7 47
 83 82 106
 107 108 109
 35 110 36
 111 112 113
 17 85 105
 5 4 23
 80 77 86
 80 86 85
 46 114 47
 115 83 14
 15 17 105
 116 55 54
 64 117 118
 119 120 121
 27 122 123
 124 125 8
 126 125 124
 119 122 120
 127 128 129
 22 130 131
 115 132 83
 133 134 121
 81 83 135
 107 136 108
 48 50 137
 51 138 29
 64 118 139
 140 141 91
 107 109 142
 143 65 139
 144 145 146
 134 119 121
 15 147 148
 143 58 57
 7 3 28
 87 149 37
 18 150 17
 119 123 122
 151 6 23
 15 148 16
 152 101 153
 151 23 91
 8 10 124
 32 98 33
 154 155 96
 15 105 133
 156 20 38
 157 125 126
 158 159 11
 148 158 11
 42 124 10
 52 62 4
 22 4 62
 118 112 160
 111 160 112
 102 153 101
 100 161 57
 1 41 162
 13 162 41
 83 163 14
 102 57 59
 80 88 37
 140 91 131
 22 131 91
 164 163 106
 56 58 160
 164 165 163
 166 167 168
 169 29 170
 87 88 171
 118 160 58
 172 173 174
 143 57 161
 143 175 65
 152 153 176
 177 168 167
 24 178 25
 179 154 96
 11 90 10
 15 133 121
 12 14 163
 94 93 180
 18 9 171
 42 45 124
 181 146 145
 13 41 14
 25 178 182
 183 159 184
 185 184 159
 143 139 58
 111 113 186
 113 112 174
 183 79 90
 22 62 130
 185 108 187
 157 126 188
 156 180 93
 8 189 9
 26 122 27
 185 109 108
 126 124 45
 152 190 47
 35 37 149
 34 136 39
 191 192 193
 50 49 194
 195 194 49
 151 141 74
 196 74 141
 197 45 44
 140 198 141
 34 104 136
 29 138 170
 102 184 153
 185 153 184
 152 47 114
 191 199 192
 116 200 55
 151 91 141
 143 161 175
 115 41 60
 185 187 153
 195 60 40
 169 201 29
 11 9 202
 203 137 204
 119 134 138
 61 98 205
 97 205 98
 206 165 175
 164 175 165
 86 77 78
 52 190 63
 195 40 194
 89 194 40
 13 28 3
 127 129 207
 208 131 130
 209 148 147
 195 210 211
 212 211 210
 213 214 210
 118 117 112
 5 23 6
 76 36 110
 50 204 137
 1 162 6
 5 6 162
 18 202 9
 9 189 171
 32 39 215
 32 215 25
 213 216 214
 152 176 190
 67 65 217
 128 146 129
 218 138 134
 81 219 129
 19 21 106
 164 106 21
 102 59 220
 35 199 110
 81 129 221
 103 63 190
 80 36 77
 172 174 112
 92 96 155
 64 139 65
 56 43 59
 151 2 6
 92 55 200
 87 222 149
 119 138 123
 76 223 224
 225 224 223
 148 11 202
 16 148 202
 195 226 210
 216 127 207
 18 16 202
 107 215 39
 227 75 73
 52 47 190
 208 205 228
 97 228 205
 144 229 145
 24 27 230
 51 230 27
 128 144 146
 80 150 88
 56 44 43
 92 200 93
 80 85 150
 196 141 198
 206 175 161
 12 231 28
 32 99 98
 195 49 226
 83 132 135
 195 211 60
 232 48 137
 107 233 215
 61 33 98
 172 234 173
 116 173 234
 227 0 2
 235 236 237
 69 71 238
 12 165 231
 235 232 236
 71 222 238
 181 180 38
 227 239 0
 89 0 239
 87 171 189
 157 70 125
 51 123 138
 61 130 62
 166 237 167
 203 167 237
 229 240 145
 94 145 240
 56 160 44
 218 170 138
 212 210 214
 241 200 242
 116 242 200
 24 230 243
 244 243 230
 241 245 200
 191 110 199
 115 14 41
 244 230 31
 213 210 226
 157 188 246
 177 239 73
 151 74 75
 18 88 150
 64 66 247
 241 247 66
 46 28 231
 69 125 70
 172 112 117
 181 38 248
 26 25 215
 11 159 90
 209 142 109
 17 150 85
 120 233 142
 51 31 230
 92 155 53
 249 149 222
 181 145 180
 94 180 145
 83 106 163
 203 237 236
 227 73 239
 216 207 214
 191 193 223
 225 223 193
 103 187 104
 108 104 187
 18 171 88
 68 53 155
 5 162 3
 13 3 162
 95 213 226
 206 231 165
 111 44 160
 107 39 136
 51 27 123
 19 106 82
 197 44 250
 111 250 44
 69 251 125
 8 125 251
 32 25 182
 76 110 223
 191 223 110
 118 58 139
 212 132 211
 140 252 253
 229 179 240
 59 79 220
 183 220 79
 87 189 238
 12 163 165
 206 254 231
 29 201 30
 255 246 256
 197 256 246
 203 257 167
 177 167 257
 61 205 130
 208 130 205
 241 66 20
 67 20 66
 172 117 247
 81 135 219
 111 186 250
 140 131 252
 208 252 131
 103 190 176
 64 247 117
 8 251 189
 107 142 233
 92 53 55
 103 176 187
 153 187 176
 185 159 158
 203 204 257
 241 242 247
 24 243 178
 179 96 240
 94 240 96
 183 90 159
 115 60 211
 115 211 132
 46 231 254
 172 247 234
 200 245 93
 212 214 207
 156 38 180
 197 246 188
 177 73 168
 72 168 73
 212 135 132
 255 256 186
 218 258 259
 26 215 233
 100 101 114
 152 114 101
 209 158 148
 212 207 219
 102 220 184
 95 226 49
 212 219 135
 156 93 245
 81 221 248
 129 219 207
 183 184 220
 203 236 137
 59 43 79
 42 79 43
 140 253 198
 218 259 170
 249 222 71
 177 257 239
 232 137 236
 19 248 38
 120 142 147
 15 121 147
 120 147 121
 156 245 20
 84 260 105
 133 105 260
 50 194 204
 89 204 194
 108 136 104
 129 146 221
 181 221 146
 65 175 217
 164 217 175
 181 248 221
 151 75 2
 241 20 245
 100 254 161
 247 242 234
 186 256 250
 227 2 75
 100 114 254
 169 170 259
 206 161 254
 32 182 99
 209 109 158
 185 158 109
 19 82 248
 89 239 257
 81 248 82
 84 258 260
 218 260 258
 120 122 233
 46 254 114
 133 260 134
 218 134 260
 189 251 238
 126 45 188
 197 188 45
 26 233 122
 67 217 21
 164 21 217
 89 257 204
 87 238 222
 116 234 242
 197 250 256
 209 147 142
 69 238 251
 0
 0
 0
 0
 3
 225 192 193
 0
 0
 18
 116 157 35 255 68 249 54 113 173 155 192 246 186 149 71 70 174 199
 0
 19
 72 166 196 97 244 208 74 237 228 198 168 31 243 252 178 99 30 253 182
 0
 0
 0
 11
 84 76 169 225 86 78 224 258 259 30 201
 0
 0
 0
 0
 0
 0
 0
 0
 0
 0
 0
 0
 0
 0
 0
