268 471
7.164596 2.778845 1
7.262382 2.722581 1
7.201928 2.902174 1
7.342909 2.799273 1
7.498225 2.583424 1
7.622765 2.702036 1
7.500171 2.698773 1
9.342519 2.234407 1
9.423470 2.119010 1
9.476007 2.231205 1
7.068633 3.034311 2
7.052530 2.925088 1
9.077063 2.646301 1
9.210153 2.670109 2
9.084210 2.774578 2
8.475585 2.287620 1
8.630102 2.254541 1
8.581976 2.361500 1
8.504636 2.169859 1
7.219480 2.344383 1
7.363740 2.410020 1
7.257778 2.463959 1
7.340687 3.445907 1
7.209900 3.518409 2
7.257548 3.368222 2
7.312423 2.260671 1
7.173300 3.083775 2
9.421269 2.339659 2
7.620184 2.556905 1
7.787800 3.842246 3
7.717743 3.712051 2
7.853895 3.704172 2
8.289977 3.084625 1
8.203995 3.214273 1
8.182261 3.044488 1
7.734658 2.641909 1
7.085173 2.293885 2
7.198239 2.211733 2
8.980727 1.969311 1
9.107937 2.061746 1
8.974391 2.102736 1
8.512171 3.029562 1
8.501996 2.902117 1
8.635534 3.000477 1
8.312034 2.436220 1
8.406985 2.544760 1
8.237949 2.582546 1
8.632577 2.858719 1
8.874151 2.322065 1
8.764855 2.203482 1
8.916048 2.203379 1
8.461940 3.408179 1
8.602221 3.469974 3
8.437001 3.520203 2
8.740061 2.530812 1
8.666847 2.437385 1
8.841598 2.440845 1
7.919614 2.303614 1
7.874130 2.467033 1
7.794896 2.314073 1
7.725644 2.414804 1
8.742489 2.344617 1
9.192173 2.523767 1
8.920476 3.021576 2
8.855284 3.136485 2
8.782388 3.023703 1
8.719112 3.129190 1
8.917796 2.615546 1
9.044215 2.523352 1
7.310883 3.038144 1
7.393803 2.920684 1
7.442627 3.070481 1
8.303676 3.298969 1
8.225669 3.402265 1
8.119693 3.335945 1
8.104742 3.126991 1
8.838311 2.114829 1
8.393827 2.992672 1
8.366385 2.871074 1
7.518536 2.990162 1
8.138584 2.715771 1
8.073783 2.616538 1
7.486845 3.218712 1
7.466652 3.355587 1
7.330201 3.277953 1
9.697988 2.218618 2
9.574879 2.350617 2
9.586776 2.199703 1
8.576491 2.513322 1
8.642417 2.630529 1
8.365952 2.673563 1
8.334949 3.194570 1
8.962798 2.763805 1
8.134847 3.534906 2
8.280723 3.514709 2
7.592319 3.433949 1
7.679657 3.570265 1
7.536464 3.555036 1
7.550530 3.698022 2
7.707490 2.529548 1
8.126678 2.518943 1
9.128722 1.940146 1
7.068888 2.818274 2
7.983636 2.709339 1
8.034971 2.803290 1
8.040907 2.404523 1
7.434972 3.621327 2
8.547351 2.765906 1
8.666471 2.749717 1
7.315815 3.590630 2
9.518946 2.138441 1
7.845436 3.518463 1
7.950570 3.409978 1
7.993028 3.524222 2
7.413507 2.305499 1
7.563960 2.329350 1
7.501750 2.447927 1
8.190020 2.426300 1
8.122610 2.331050 1
8.515110 2.065522 2
8.402747 2.097991 1
8.457720 1.950579 2
8.499480 2.649626 1
7.126564 2.429618 2
8.486609 3.217386 1
8.413008 3.308919 1
7.179577 3.233610 2
8.578949 3.131859 1
8.421050 3.111072 1
8.335576 1.998213 2
7.823123 2.586313 1
9.386144 1.831876 1
9.426682 1.973511 1
9.272293 1.925536 1
9.312862 2.071491 1
8.044533 2.262336 1
8.542651 3.328246 1
8.652964 3.332888 2
7.259796 3.145880 1
8.450005 2.413283 1
8.872846 1.871586 2
9.019844 1.846440 2
9.167747 1.818970 1
7.739520 3.436522 1
9.024781 2.865752 2
8.925119 2.901931 1
8.856956 2.819974 1
7.613626 1.986608 3
7.777062 2.059184 2
7.653986 2.107674 1
7.735209 2.199541 1
7.859236 2.189422 1
7.920929 2.087509 1
7.879289 3.139514 1
7.888206 3.296390 1
7.778308 3.199289 1
9.097796 2.162515 1
7.391330 2.057900 2
7.421768 2.171318 1
7.288234 2.111815 2
7.651947 2.850164 1
7.775370 2.930329 1
7.640660 2.984742 1
7.510874 2.241171 1
7.447333 3.485706 1
8.860596 2.725816 1
8.754113 2.811574 1
8.340025 2.314593 1
7.839534 3.393071 1
7.941402 2.601359 1
8.011380 2.521679 1
7.971704 3.223093 1
8.770854 3.259098 2
8.721547 2.928189 1
7.759981 2.779103 1
7.896862 2.826248 1
8.992749 2.420148 1
8.644530 3.228079 1
7.490658 2.861258 1
7.440787 2.773346 1
8.773985 2.662411 1
8.264857 2.953717 1
7.108499 2.672402 2
9.214856 2.026828 1
7.363416 3.152739 1
7.730455 3.088658 1
7.657597 3.226219 1
7.582279 3.102443 1
8.434777 2.774361 1
8.931909 2.507634 1
7.237609 2.614172 1
7.153166 2.542537 1
7.787888 3.623500 1
9.517835 2.037037 1
7.574619 3.319385 1
8.258897 2.715691 1
7.977349 2.168581 1
9.284926 1.728074 2
9.451973 1.710454 2
9.209607 2.173393 1
8.079580 3.432795 1
7.422709 2.508872 1
7.377967 2.654471 1
7.322326 2.547752 1
8.843869 1.998749 1
8.228585 2.822122 1
7.907538 3.607256 2
8.224897 2.317063 1
8.729655 1.919936 2
7.857933 2.691714 1
9.574646 1.942917 2
9.498965 1.854079 1
9.623045 1.834179 3
7.773939 3.304002 1
7.510754 2.063014 2
8.842537 2.537799 1
8.733887 2.060268 2
8.621247 2.130070 2
7.845520 3.024067 1
9.216706 2.307020 1
7.891593 2.942861 1
7.672304 3.346754 1
9.001876 2.310028 1
8.817172 2.915550 1
9.019978 2.214086 1
7.549607 2.157194 1
9.113731 2.401212 1
9.644619 2.075948 2
9.111723 2.262382 1
9.555644 1.759653 2
7.569988 2.907280 1
9.300473 2.592718 2
7.995681 2.910770 1
9.328279 2.460347 2
8.120616 2.909976 1
9.312048 2.352547 1
8.232973 2.033170 1
8.114106 1.990244 2
8.227109 1.928613 2
9.061483 1.732573 2
7.677302 2.321094 1
9.229127 2.416507 1
7.622062 2.226642 1
7.944530 3.022892 1
8.004569 3.123369 1
9.280375 1.826902 1
8.086451 2.148384 1
7.999796 2.044643 1
8.195121 2.129306 1
8.059409 3.021968 1
8.130690 2.812789 1
9.030814 2.984897 2
6.949171 2.859374 2
8.075289 3.231018 1
7.889970 1.982472 2
7.040461 2.535963 2
8.380368 2.200007 1
9.171988 1.708324 2
8.330919 2.771362 1
6.962265 2.992604 3
8.158250 2.233232 1
8.019016 3.320478 1
8.260521 2.217895 1
7.986232 1.946766 2
7.622042 2.442154 1
8.348223 3.406164 1
7.549659 2.792630 1
8.298698 2.112085 1
 0 1 2
 1 3 2
 4 5 6
 7 8 9
 10 11 2
 12 13 14
 15 16 17
 15 18 16
 19 20 21
 22 23 24
 19 25 20
 26 10 2
 27 7 9
 28 5 4
 29 30 31
 32 33 34
 35 5 28
 19 36 37
 38 39 40
 41 42 43
 44 45 46
 42 47 43
 48 49 50
 51 52 53
 54 55 56
 57 58 59
 60 59 58
 55 61 56
 62 13 12
 63 64 65
 66 65 64
 67 68 12
 69 70 71
 72 73 33
 74 33 73
 75 34 33
 76 50 49
 41 77 42
 78 42 77
 61 49 48
 79 71 70
 80 81 46
 82 83 84
 22 84 83
 85 86 87
 88 54 89
 88 55 54
 90 46 45
 32 91 33
 67 12 92
 93 73 94
 95 96 97
 98 97 96
 35 28 99
 100 46 81
 38 101 39
 60 58 99
 11 102 2
 0 2 102
 81 80 103
 103 80 104
 57 105 58
 98 106 97
 107 89 108
 22 109 23
 110 9 8
 111 112 113
 114 115 116
 100 105 117
 118 117 105
 119 120 121
 122 89 107
 19 123 36
 124 125 91
 3 70 2
 126 84 24
 41 127 128
 124 128 127
 120 129 121
 62 12 68
 69 26 2
 58 130 99
 131 132 133
 134 133 132
 57 135 105
 51 136 52
 137 52 136
 98 96 30
 27 9 86
 126 138 84
 19 21 123
 15 17 139
 38 140 141
 142 133 101
 124 91 128
 111 96 143
 95 143 96
 88 139 17
 86 9 87
 144 145 92
 146 92 145
 147 148 149
 150 148 151
 152 151 148
 153 154 155
 39 156 40
 157 158 159
 160 161 162
 118 105 135
 114 163 115
 106 109 164
 61 48 56
 165 146 166
 114 116 20
 15 139 167
 111 168 112
 44 139 45
 169 58 170
 171 154 153
 66 64 172
 173 43 47
 160 174 161
 175 161 174
 176 56 48
 124 177 136
 178 70 179
 179 70 3
 69 2 70
 180 165 166
 44 167 139
 78 77 181
 0 102 182
 133 183 101
 22 24 84
 79 70 178
 82 84 184
 22 164 109
 88 89 122
 185 186 187
 78 188 42
 67 189 68
 190 191 21
 61 17 16
 111 192 96
 0 182 1
 190 1 182
 66 43 65
 132 193 8
 82 186 194
 32 181 77
 95 164 83
 80 46 195
 90 45 122
 88 122 45
 84 138 184
 57 151 196
 31 30 192
 82 187 186
 173 65 43
 88 17 55
 35 174 5
 131 197 198
 57 196 135
 134 7 199
 93 200 73
 134 132 8
 58 105 170
 201 4 202
 82 194 83
 38 141 101
 142 101 141
 190 21 203
 38 40 204
 76 204 40
 124 127 177
 169 130 58
 38 204 140
 185 162 161
 44 46 117
 100 117 46
 78 181 205
 61 55 17
 111 113 206
 207 167 44
 208 140 204
 117 207 44
 108 89 180
 54 180 89
 35 209 174
 108 180 166
 210 211 212
 106 164 97
 213 186 155
 185 155 186
 157 214 158
 67 180 215
 54 215 180
 95 97 164
 76 49 216
 217 216 49
 90 122 188
 185 161 218
 72 91 125
 134 199 183
 219 199 7
 201 202 203
 175 103 104
 114 20 25
 175 220 161
 213 221 186
 176 48 222
 69 138 26
 63 65 223
 63 223 145
 224 40 156
 126 26 138
 88 45 139
 225 158 214
 160 5 174
 62 68 226
 176 226 68
 110 193 227
 219 228 199
 21 191 123
 229 212 211
 225 214 149
 147 149 214
 160 162 230
 62 231 13
 175 104 232
 62 233 231
 39 183 199
 185 187 162
 210 227 193
 150 149 148
 210 132 211
 131 211 132
 6 202 4
 199 228 156
 175 209 103
 110 227 87
 201 20 116
 213 155 154
 234 205 181
 95 83 194
 27 235 7
 219 7 235
 22 83 164
 69 71 184
 229 211 198
 131 198 211
 175 174 209
 79 178 230
 137 136 177
 234 232 104
 74 73 200
 28 4 116
 201 116 4
 236 237 238
 110 8 193
 217 16 18
 142 141 239
 85 87 227
 176 222 226
 150 59 240
 96 192 30
 27 233 235
 62 241 233
 39 101 183
 150 240 242
 67 165 180
 61 16 49
 217 18 119
 243 244 153
 171 153 244
 90 195 46
 76 216 204
 208 204 216
 226 222 228
 131 133 245
 246 247 237
 57 59 151
 150 151 59
 35 99 130
 246 237 248
 236 248 237
 234 34 249
 72 33 91
 246 196 247
 32 77 128
 142 245 133
 80 250 104
 234 104 250
 134 183 133
 63 145 251
 144 251 145
 185 218 153
 210 193 132
 134 8 7
 82 71 187
 234 181 34
 11 252 102
 159 158 25
 114 25 158
 75 253 244
 79 162 187
 152 148 254
 201 203 20
 21 20 203
 190 202 1
 3 1 202
 255 123 191
 80 195 205
 75 33 253
 142 197 245
 169 209 130
 35 130 209
 120 18 256
 15 256 18
 142 257 197
 190 203 202
 234 250 205
 66 127 43
 78 205 258
 80 205 250
 131 245 197
 41 128 77
 236 238 129
 100 170 105
 11 259 252
 118 135 260
 246 260 135
 67 92 165
 213 168 143
 42 188 107
 112 261 200
 144 92 14
 12 14 92
 6 179 202
 3 202 179
 224 222 50
 41 43 127
 262 256 167
 15 167 256
 66 172 177
 263 247 254
 66 177 127
 176 189 56
 48 50 222
 190 182 191
 255 191 182
 243 153 218
 111 143 168
 79 187 71
 54 56 215
 115 163 242
 225 242 163
 112 200 113
 169 81 103
 171 244 253
 115 240 264
 32 128 91
 185 153 155
 69 184 138
 74 253 33
 146 165 92
 171 261 154
 95 221 143
 176 68 189
 213 143 221
 217 49 16
 169 103 209
 152 254 247
 115 264 116
 114 158 163
 225 163 158
 112 154 261
 186 221 194
 72 265 73
 94 73 265
 161 220 218
 137 177 172
 160 230 266
 234 249 232
 243 232 249
 178 266 230
 82 184 71
 120 267 129
 236 129 267
 150 242 149
 225 149 242
 79 230 162
 159 25 37
 19 37 25
 51 125 136
 124 136 125
 219 226 228
 74 200 261
 152 196 151
 224 50 40
 120 119 18
 219 241 226
 90 188 258
 213 154 168
 60 264 240
 75 244 249
 243 249 244
 39 199 156
 76 40 50
 175 232 220
 111 206 192
 31 192 206
 62 226 241
 263 237 247
 94 265 53
 51 53 265
 75 249 34
 224 156 228
 122 107 188
 108 47 107
 42 107 47
 32 34 181
 93 113 200
 173 223 65
 72 125 265
 51 265 125
 262 167 207
 110 87 9
 160 266 5
 60 99 264
 28 264 99
 6 5 266
 152 247 196
 112 168 154
 246 135 196
 60 240 59
 78 258 188
 118 207 117
 146 223 166
 173 166 223
 28 116 264
 90 258 195
 243 220 232
 95 194 221
 6 266 179
 178 179 266
 108 166 47
 173 47 166
 224 228 222
 146 145 223
 219 235 241
 233 241 235
 262 260 248
 246 248 260
 11 10 259
 115 242 240
 171 253 261
 262 267 256
 205 195 258
 169 170 81
 100 81 170
 120 256 267
 243 218 220
 262 248 267
 236 267 248
 142 239 257
 262 207 260
 74 261 253
 118 260 207
 56 189 215
 67 215 189
 0
 0
 0
 0
 0
 0
 0
 0
 0
 0
 0
 0
 0
 0
 0
 0
 0
 0
 0
 0
 0
 17
 27 210 63 137 85 144 86 64 52 13 233 227 172 251 212 14 231
 8
 93 29 31 94 52 113 206 53
 0
 11
 98 126 29 106 23 26 30 259 24 109 10
 12
 255 157 147 36 159 123 252 182 259 214 102 37
 0
 20
 208 121 217 229 147 263 141 140 148 197 237 216 198 129 212 254 119 257 238 239
 0
