276 486
0.396185 2.183249 1
0.485793 2.257014 1
0.408222 2.362005 1
1.124692 2.502292 1
1.228799 2.671952 2
1.078740 2.622919 2
1.260920 2.524205 1
0.307372 2.242768 1
1.754323 2.040810 2
1.758451 2.202305 1
1.616540 2.144050 1
0.322056 2.511587 2
0.277052 2.371028 1
1.127248 1.726203 1
1.287513 1.779542 1
1.172185 1.879920 1
1.860394 2.484539 1
1.986268 2.386796 2
1.941770 2.558034 2
0.790780 1.521364 1
0.866223 1.686136 1
0.720848 1.668843 1
1.626288 2.311020 1
0.215148 2.456833 1
0.000000 1.666667 0
0.000000 1.527778 0
0.166367 1.576067 1
0.985853 1.824786 1
1.035779 1.969255 1
0.000000 1.805556 0
0.127251 1.739763 1
0.133506 1.909086 1
1.218172 1.198164 2
1.350614 1.261764 2
1.181875 1.340844 1
0.311474 0.668788 1
0.467381 0.608861 1
0.442229 0.729840 1
1.669384 2.508442 1
1.783510 2.581631 1
1.639057 2.657163 1
1.573964 2.558412 1
0.000000 1.388889 0
0.149972 1.286949 1
0.099357 1.458333 1
1.900319 2.246005 1
2.059149 2.222981 3
0.339635 1.612239 1
0.418746 1.759923 1
0.268489 1.723210 1
0.833333 0.000000 0
0.952749 0.121463 2
0.771428 0.118995 1
0.000000 0.833333 0
0.118995 0.771428 1
0.121463 0.952749 1
0.900401 1.538032 1
1.864834 2.669803 2
0.375573 0.517925 1
0.579927 1.330083 1
0.693155 1.242052 1
0.699880 1.394122 1
1.204282 1.580212 1
1.276246 1.667205 1
0.210360 1.430914 1
0.309166 1.491194 1
0.269519 0.553090 1
0.268505 0.404020 1
0.916679 1.238047 1
0.965835 1.099162 1
1.031494 1.177436 1
1.454482 2.360494 1
1.366972 2.232490 1
1.514913 2.246294 1
0.691302 2.067234 1
0.783778 1.939588 1
0.854382 2.058358 1
0.575569 2.333369 1
0.555307 2.449255 1
0.651550 1.897666 1
1.083317 1.567965 1
0.191461 0.489829 1
1.279948 1.975235 1
1.295532 2.101532 1
1.163028 2.022084 1
0.340190 0.827867 1
0.859163 1.097124 1
1.556893 1.896948 1
1.426256 1.824901 1
1.530432 1.733837 1
0.562077 1.993732 1
0.409535 0.412463 1
0.000000 1.250000 0
0.142591 0.344801 1
0.293416 0.264023 1
0.507339 1.134566 1
0.563142 0.991858 1
0.619008 1.146263 1
0.196901 0.196901 1
1.287793 2.335515 1
1.414853 1.981967 1
1.679207 2.789721 2
1.508932 2.776086 2
1.047596 0.816552 2
1.130480 0.928674 2
0.963276 0.910615 1
1.781925 2.355033 1
0.494141 0.194617 1
0.426389 0.291239 1
0.354120 0.138728 1
0.796502 2.183070 1
0.651486 1.530363 1
0.458728 2.509269 2
0.998214 1.483394 1
1.034647 1.338494 1
1.096392 1.437640 1
0.914497 1.418791 1
0.705132 1.066432 1
0.000000 2.222222 0
0.000000 2.083333 0
0.130890 2.155257 1
0.677595 0.299934 1
0.644156 0.449829 1
0.555341 0.298229 1
0.519273 0.410918 1
1.311510 1.415828 1
0.587877 1.751007 1
0.528754 1.862419 1
0.325855 1.831504 1
1.321646 1.882507 1
1.352674 2.447920 1
1.353049 2.614886 1
0.729831 1.793274 1
0.800232 1.190266 1
0.810924 1.353468 1
1.072271 2.401469 1
0.990665 2.513189 2
0.922144 2.388603 1
1.464859 2.537365 1
1.179332 2.145504 1
1.019990 1.005327 1
1.627476 1.784595 2
0.092829 2.016189 1
0.349809 0.337138 1
0.226299 1.817828 1
1.453294 2.143997 1
0.868734 0.211318 2
0.213983 0.864530 1
1.866400 2.102868 2
0.555556 0.000000 0
0.694444 0.000000 0
0.624231 0.153507 1
0.000000 0.694444 0
0.000000 0.555556 0
0.152226 0.623898 1
0.420917 1.928146 1
1.638687 2.005035 1
1.717798 1.875217 2
0.849068 1.832281 1
1.536053 2.034399 1
0.580966 1.624627 1
0.812346 0.369957 2
0.759233 0.229289 1
0.816208 2.523963 2
1.002043 1.704599 1
0.590910 1.441185 1
0.568243 1.226271 1
0.878031 0.714775 1
0.778876 0.819733 1
0.717826 0.702975 1
0.472575 1.652194 1
0.487143 0.090776 1
0.086995 0.486111 1
1.572444 2.445432 1
0.630066 0.830477 1
0.492288 0.849073 1
0.592840 0.709844 1
0.786546 0.529079 1
0.277778 0.000000 0
0.416667 0.000000 0
0.000000 0.416667 0
0.000000 0.277778 0
1.115047 1.241050 1
1.130524 1.080647 2
0.390641 1.407513 1
0.441784 1.278391 1
0.496440 1.418488 1
1.882226 2.368093 1
0.000000 1.944444 0
0.208161 2.029161 1
0.910307 0.820293 1
0.972222 0.000000 0
0.000000 0.972222 0
1.003319 0.703230 2
1.021242 2.290112 1
0.897737 2.261121 1
0.407763 0.954280 1
0.280749 0.962352 1
0.799050 1.004161 1
0.338355 2.037788 1
0.294825 1.928411 1
0.156563 2.564223 2
0.943857 0.568149 2
0.304244 1.212124 1
0.299258 1.339156 1
0.804001 0.635863 1
0.184312 1.058497 1
1.434055 2.688274 1
1.524075 2.643659 1
0.711231 0.936692 1
0.437769 1.057717 1
0.785964 2.303798 1
0.769742 2.412311 1
0.588144 0.588144 1
0.513241 0.509499 1
1.412666 1.711518 1
0.967330 1.604430 1
1.201904 1.471797 1
1.755678 2.469362 1
0.990084 2.182014 1
0.891994 2.156935 1
0.961750 2.062615 1
1.069861 2.093642 1
0.000000 0.000000 0
0.138889 0.000000 0
0.114254 0.114254 1
0.000000 0.138889 0
0.877952 0.476651 1
1.297043 1.547593 1
0.104976 1.151346 1
0.668522 2.223001 1
0.594302 2.129804 1
0.468229 2.064114 1
0.000000 2.361111 0
0.104577 2.288904 1
0.107604 2.436661 1
1.683176 2.417166 1
0.000000 2.500000 0
0.694410 0.592424 1
1.355590 2.757757 3
0.955972 0.412901 2
0.227374 0.751302 1
0.500699 2.168376 1
1.464182 1.376227 2
1.396836 1.506192 1
0.912848 1.945715 1
1.201700 2.419512 1
0.213930 1.153550 1
0.188829 2.366446 1
0.216388 0.089976 1
0.091278 0.219877 1
0.829501 0.908576 1
1.378407 1.612362 1
1.982508 2.110129 2
1.507207 1.487833 2
0.264624 2.150678 1
0.319502 1.079225 1
0.000000 1.111111 0
0.703462 2.592797 2
0.670592 2.459717 1
0.571555 2.580719 2
1.494926 1.608590 2
1.625544 1.659426 2
1.160633 2.284393 1
0.526815 1.532871 1
0.688612 2.346434 1
1.253819 2.221075 1
0.402869 1.155797 1
0.416624 1.526584 1
0.565144 2.223985 1
0.208869 2.269420 1
1.770466 2.711713 2
0.081641 1.047968 1
1.084230 2.199133 1
0.904912 1.004763 1
1.976511 2.685504 3
 0 1 2
 3 4 5
 6 4 3
 7 0 2
 8 9 10
 11 12 2
 13 14 15
 16 17 18
 19 20 21
 22 10 9
 11 23 12
 24 25 26
 13 15 27
 28 27 15
 29 30 31
 32 33 34
 35 36 37
 38 39 40
 41 38 40
 42 43 44
 45 46 17
 47 48 49
 50 51 52
 53 54 55
 19 56 20
 57 39 18
 35 58 36
 59 60 61
 13 62 63
 13 63 14
 64 65 26
 58 66 67
 68 69 70
 71 72 73
 47 26 65
 74 75 76
 77 78 2
 74 79 75
 13 80 62
 81 67 66
 82 83 84
 35 37 85
 68 86 69
 87 88 89
 74 90 79
 58 67 91
 42 92 43
 93 94 67
 95 96 97
 98 94 93
 99 72 71
 18 39 16
 87 100 88
 40 101 102
 103 104 105
 22 9 106
 107 108 109
 109 108 94
 74 76 110
 19 111 61
 11 2 112
 113 114 115
 116 114 113
 117 97 96
 118 119 120
 121 122 123
 124 123 122
 35 66 58
 125 34 33
 126 79 127
 7 2 12
 48 128 49
 100 129 88
 6 130 131
 126 132 79
 60 133 134
 135 136 137
 138 131 130
 139 84 83
 140 105 104
 87 89 141
 68 134 133
 119 142 120
 143 91 67
 144 31 30
 145 10 73
 22 73 10
 68 70 114
 64 44 43
 146 52 51
 147 55 54
 64 26 44
 8 148 9
 117 133 60
 149 150 151
 152 153 154
 126 127 48
 155 48 127
 25 44 26
 24 26 30
 8 10 156
 8 156 157
 158 20 27
 2 78 112
 145 159 10
 14 129 15
 126 160 21
 146 161 162
 163 137 136
 117 60 97
 145 73 72
 13 164 80
 132 20 158
 21 20 132
 77 2 1
 61 111 165
 107 151 123
 121 123 151
 59 166 60
 167 168 169
 47 49 26
 47 170 48
 149 151 171
 153 172 154
 82 15 129
 22 173 71
 174 175 176
 37 176 175
 177 122 161
 121 161 122
 45 106 9
 126 48 170
 178 179 109
 180 181 93
 21 160 111
 32 182 183
 70 183 182
 68 114 116
 60 134 61
 117 86 133
 115 114 34
 155 128 48
 184 185 186
 45 17 187
 188 29 31
 189 120 142
 27 20 164
 138 71 173
 19 134 116
 59 186 185
 19 21 111
 99 71 130
 138 130 71
 167 190 168
 50 191 51
 192 53 55
 126 21 132
 135 3 136
 158 75 132
 79 132 75
 103 190 193
 167 193 190
 107 171 151
 81 154 172
 22 71 73
 145 83 100
 82 100 83
 135 137 194
 16 187 17
 82 84 15
 82 129 100
 68 133 86
 137 195 194
 196 197 85
 147 85 197
 117 198 86
 155 199 200
 189 200 199
 19 61 134
 11 201 23
 167 202 193
 203 204 43
 64 43 204
 87 157 156
 177 202 205
 206 55 197
 144 200 31
 189 31 200
 184 204 185
 138 207 131
 140 104 183
 138 208 207
 174 209 96
 117 96 209
 95 210 96
 211 137 212
 163 212 137
 167 205 202
 174 96 175
 196 175 96
 213 214 122
 144 49 128
 213 176 36
 37 36 176
 167 169 205
 140 183 69
 150 52 151
 152 154 54
 174 169 168
 14 63 215
 180 93 172
 179 171 109
 216 80 164
 70 69 183
 115 217 80
 147 197 55
 174 176 169
 81 172 93
 107 109 171
 40 102 208
 34 114 182
 16 39 218
 62 80 217
 219 220 221
 219 221 222
 223 224 225
 223 225 226
 35 154 66
 81 66 154
 45 9 148
 177 227 202
 121 162 161
 125 228 217
 92 229 43
 74 110 230
 90 231 232
 79 90 127
 155 127 90
 233 234 235
 19 116 56
 6 131 4
 87 159 100
 16 106 187
 22 106 236
 37 175 85
 196 85 175
 124 122 214
 203 185 204
 237 235 201
 196 96 210
 213 122 238
 28 15 84
 87 141 157
 68 116 134
 239 4 131
 240 202 227
 211 195 137
 121 151 162
 35 241 154
 216 20 56
 16 218 106
 29 24 30
 242 232 231
 125 243 244
 211 230 110
 45 187 106
 219 194 195
 158 27 245
 5 136 3
 118 120 234
 99 130 246
 6 246 130
 203 43 247
 87 156 159
 248 235 234
 178 109 249
 98 249 109
 98 93 250
 181 250 93
 251 168 190
 150 50 52
 53 152 54
 14 215 88
 252 215 63
 125 244 228
 45 253 46
 169 176 238
 213 238 176
 239 207 102
 143 67 94
 28 245 27
 40 208 41
 254 244 243
 248 12 23
 189 255 120
 206 197 256
 92 257 229
 177 238 122
 98 109 94
 81 93 67
 143 94 108
 163 258 259
 260 78 259
 76 75 245
 184 65 204
 64 204 65
 59 61 165
 211 110 195
 89 261 262
 35 85 241
 99 246 263
 135 263 246
 147 241 85
 74 231 90
 22 236 173
 139 222 84
 28 84 222
 240 227 161
 177 161 227
 89 215 261
 45 148 253
 260 112 78
 13 27 164
 158 245 75
 0 7 255
 110 220 195
 199 0 255
 264 165 111
 211 265 230
 77 230 265
 115 34 217
 155 232 199
 145 100 159
 260 259 258
 77 259 78
 77 265 259
 196 256 197
 151 52 162
 154 241 54
 163 259 212
 203 247 256
 206 256 247
 254 261 244
 252 244 261
 145 72 83
 189 199 255
 139 83 266
 144 30 49
 26 49 30
 58 91 214
 125 217 34
 203 256 267
 38 218 39
 203 267 185
 60 166 97
 125 33 243
 47 268 170
 233 118 234
 237 233 235
 95 166 185
 59 185 166
 43 229 247
 252 261 215
 77 269 230
 120 255 270
 74 230 231
 155 200 128
 76 245 221
 7 270 255
 38 173 236
 174 168 209
 25 42 44
 264 170 268
 196 210 256
 32 34 182
 155 90 232
 95 185 267
 14 88 129
 89 88 215
 57 271 39
 251 209 168
 83 72 266
 199 232 0
 216 164 20
 58 214 36
 70 182 114
 119 188 142
 6 3 246
 224 178 249
 181 226 250
 188 31 142
 242 0 232
 189 142 31
 138 41 208
 62 217 228
 10 159 156
 179 149 171
 153 180 172
 124 108 123
 99 263 266
 28 221 245
 124 91 108
 138 173 41
 264 268 186
 135 194 263
 124 214 91
 257 192 272
 219 222 273
 242 1 0
 139 263 273
 146 162 52
 147 54 241
 264 111 160
 184 186 268
 139 266 263
 251 198 209
 117 209 198
 251 190 105
 40 39 271
 251 105 274
 57 18 275
 102 207 208
 239 131 207
 206 229 272
 257 272 229
 76 221 220
 139 273 222
 38 41 173
 28 222 221
 76 220 110
 99 266 72
 201 235 23
 248 23 235
 126 170 160
 264 160 170
 224 249 225
 226 225 250
 135 246 3
 144 128 200
 120 270 234
 115 80 113
 216 113 80
 184 268 65
 140 69 274
 86 274 69
 248 234 270
 107 123 108
 143 108 91
 192 55 272
 77 1 269
 219 195 220
 47 65 268
 264 186 165
 219 273 194
 206 247 229
 177 205 238
 169 238 205
 213 36 214
 206 272 55
 98 250 225
 98 225 249
 40 271 101
 95 97 166
 259 265 212
 86 198 274
 248 270 12
 252 228 244
 242 269 1
 7 12 270
 116 113 56
 252 63 228
 62 228 63
 211 212 265
 256 210 267
 251 274 198
 103 105 190
 263 194 273
 59 165 186
 89 262 141
 106 218 236
 95 267 210
 140 274 105
 216 56 113
 38 236 218
 242 231 269
 230 269 231
 0
 0
 0
 0
 0
 0
 0
 0
 0
 0
 0
 0
 0
 0
 0
 0
 21
 240 8 32 146 254 103 202 157 161 104 46 183 193 33 148 243 261 51 253 141 262
 4
 17 46 275 18
 6
 239 57 102 101 275 271
 0
 10
 5 11 239 163 260 201 4 112 136 258
 0
 0
 0
 0
 0
 0
 0
 0
