265 464
2.317473 7.078120 1
2.417764 7.184912 1
2.250142 7.195615 1
2.313748 7.309247 2
3.232097 6.046488 1
3.313665 6.154677 1
3.153175 6.102249 1
3.173663 6.202900 1
3.309231 5.982487 1
3.141533 5.941434 1
3.291459 5.875754 1
2.866452 6.026040 1
2.981438 5.978270 1
2.938483 6.124635 1
3.052152 6.061598 1
2.395749 6.336443 1
2.472568 6.425853 1
2.316118 6.431808 1
2.973837 5.854323 1
2.857029 5.780483 1
3.046258 5.754431 1
2.381827 6.524349 1
2.916168 5.671409 1
2.534269 7.374473 1
2.443488 7.311311 1
2.579876 7.256678 1
2.815677 6.244118 1
2.974875 6.266385 1
2.871979 6.348311 1
2.203551 6.985586 1
2.338772 6.935942 1
2.464019 7.022563 1
2.615458 6.362182 1
2.774981 6.409706 1
2.621361 6.497158 1
3.475854 6.270106 2
3.351527 6.339208 2
2.107111 6.010770 2
2.195521 6.087101 1
2.088281 6.169971 2
3.099504 7.861408 2
3.087139 7.754130 1
3.246407 7.816896 3
2.418204 7.433827 1
2.305840 7.476904 3
2.583979 7.497101 1
2.759440 7.514537 1
2.666480 7.624243 1
2.433056 7.563674 2
3.167779 7.683233 1
2.824404 7.342330 1
2.669007 7.374741 1
3.213394 5.191581 1
3.306184 5.104462 2
3.298322 5.287309 1
2.908478 7.476202 1
3.406950 5.209372 2
3.131414 6.406967 1
2.996739 6.405838 1
3.095015 6.292739 1
3.589037 5.975732 2
3.508303 6.124942 2
3.423122 6.009644 1
2.952770 7.357646 1
3.067519 7.422348 1
3.447616 5.752425 1
3.519192 5.612889 2
3.560547 5.764571 1
3.203882 5.822182 1
3.030931 7.537596 1
3.045278 7.292064 1
3.091022 7.181091 2
3.155838 7.313945 2
3.001331 5.595352 1
3.073294 5.462520 1
3.104973 5.640267 1
3.036210 5.285058 1
3.164217 5.324009 1
2.639488 5.494450 1
2.767023 5.534519 1
2.638286 5.646004 1
2.791103 5.659033 1
3.301613 6.552069 2
3.350997 6.695115 2
3.199978 6.629252 1
2.799217 7.693826 1
2.923133 7.614957 1
2.808614 7.168708 1
2.942381 7.236932 1
3.510746 5.861794 1
3.652773 5.830866 3
2.740520 6.528897 1
3.629506 5.674319 2
2.848079 5.061532 2
2.883681 5.235128 1
2.739348 5.145971 2
2.747687 5.279744 1
3.222589 6.303521 1
2.369568 5.111186 2
2.405827 5.246504 1
2.282167 5.236704 2
3.063891 7.641549 1
2.958092 5.380297 1
2.482970 5.945004 1
2.594559 5.844851 1
2.656853 5.952880 1
2.944302 7.070577 1
2.884941 6.941597 1
3.017774 6.951748 1
2.956478 6.808999 1
2.499365 5.572994 1
2.526701 5.421016 1
2.991874 7.710558 1
2.521891 6.696742 1
2.417243 6.654553 1
2.566158 6.600378 1
2.477557 6.542108 1
2.266217 6.002661 1
2.244823 5.896971 1
2.139534 5.880462 1
3.416707 5.654121 1
2.573590 6.040870 1
2.505281 5.722375 1
2.360957 5.697104 1
2.373101 5.553058 1
3.224849 6.748847 2
2.688408 6.845854 1
2.552580 6.887485 1
2.618056 6.741405 1
2.196571 6.194947 1
2.346585 6.143816 1
2.282090 6.289904 1
2.958561 5.491240 1
3.387095 5.854040 1
2.862174 6.578849 1
2.968595 6.656877 1
2.851676 6.706321 1
2.215323 5.675426 1
2.220497 5.793075 1
2.098961 5.691370 2
2.064463 5.800741 2
3.182012 5.557523 1
2.586080 7.112348 1
2.334530 5.834524 1
2.005201 5.571858 2
2.146028 5.581932 1
3.277380 6.882189 2
3.118363 6.849500 1
3.163727 6.971000 1
2.363943 6.802744 1
2.245891 6.841384 1
3.189896 5.445690 1
2.437755 6.885254 1
2.574666 7.007318 1
2.556417 7.605742 1
2.440898 7.840679 2
2.457381 7.696479 2
2.551204 7.791159 1
2.592933 7.696841 1
2.651590 6.943803 1
3.081839 7.047856 1
2.493084 6.794065 1
3.185332 5.716519 1
2.843946 5.346820 1
3.064560 6.175085 1
2.660093 7.848749 1
2.792672 7.848142 2
2.686939 7.956045 2
2.515239 6.158843 1
2.660096 6.213124 1
2.510188 6.287699 1
3.102245 5.190632 1
3.193439 5.063548 2
2.525452 5.281466 1
2.634807 5.354449 1
3.064626 6.488285 1
2.149197 6.750058 2
2.142537 6.862159 1
2.076327 7.058541 3
2.054027 6.924795 2
3.077426 5.065394 1
2.976465 4.996763 1
3.133970 4.921449 2
2.980428 4.866797 3
2.190225 7.101747 1
2.811126 6.830569 1
2.559854 7.907807 2
2.449202 7.997257 3
3.263058 7.656786 2
2.411268 6.239966 1
2.411756 5.449990 1
2.181320 6.395429 1
2.088911 6.516935 2
2.078305 6.379520 1
2.465141 6.063437 1
2.060019 6.808969 2
3.315720 5.737246 1
2.717383 6.311791 1
2.796990 6.126307 1
2.772497 6.631569 1
2.703638 6.067058 1
2.384405 6.022806 1
2.269654 6.706133 1
2.626641 5.202529 1
2.444946 5.828526 1
3.090335 6.712043 1
3.251264 5.385256 1
3.381427 5.371530 1
3.278691 5.499142 1
2.709536 7.054564 1
2.821318 7.035058 1
3.409681 5.515831 1
2.986669 5.144243 1
2.200501 5.493474 1
2.197273 5.369653 2
2.304739 5.460426 1
1.978818 6.434281 2
2.686038 7.749208 1
2.089673 5.470119 3
2.327956 5.344021 1
2.208205 6.496840 1
2.723051 7.266156 1
2.438673 5.348428 1
2.771141 5.990453 1
2.741679 5.866411 1
2.704592 5.756721 1
2.974607 6.528362 1
2.684746 7.162374 1
2.870167 6.466660 1
2.506077 5.152360 2
3.510435 5.292639 2
3.519774 5.432137 2
3.182489 7.548820 2
3.205936 7.420095 2
3.338020 5.587583 1
2.359648 5.921749 1
3.219912 7.099728 2
2.881194 4.935314 2
2.676126 6.621308 1
2.266949 5.578924 1
2.043949 5.901158 2
3.075473 6.590240 1
2.613141 6.119974 1
2.885120 5.567744 1
2.275002 6.571133 1
2.614580 5.068915 2
2.861234 5.904022 1
2.606400 5.743266 1
3.243331 5.637528 1
2.761153 6.941907 1
2.755666 5.402276 1
3.277499 6.994697 2
2.110897 7.181079 2
2.150744 7.318586 2
3.170548 6.517179 1
2.874966 5.450286 1
3.256470 6.430376 1
2.021545 6.303704 2
2.138969 6.287920 1
3.008007 7.820422 2
2.898241 7.744026 1
2.911109 7.846158 2
2.178055 6.622899 2
2.733116 6.724302 1
3.369663 6.458298 2
 0 1 2
 2 1 3
 4 5 6
 5 7 6
 8 4 9
 10 8 9
 11 12 13
 12 14 13
 15 16 17
 18 19 20
 17 16 21
 19 22 20
 23 24 25
 26 27 28
 26 13 27
 29 30 0
 31 0 30
 32 33 34
 24 1 25
 5 35 36
 37 38 39
 40 41 42
 3 43 44
 45 46 47
 43 48 44
 49 42 41
 18 20 9
 50 46 51
 45 51 46
 52 53 54
 50 55 46
 31 1 0
 54 53 56
 14 9 6
 9 4 6
 57 58 59
 27 59 58
 60 61 62
 55 63 64
 65 66 67
 9 20 68
 69 55 64
 5 62 61
 70 71 72
 73 74 75
 76 77 74
 78 79 80
 81 80 79
 82 83 84
 85 46 86
 50 87 88
 60 89 90
 5 8 62
 33 91 34
 92 67 66
 93 94 95
 96 95 94
 5 4 8
 5 36 97
 98 99 100
 69 101 86
 76 74 102
 103 104 105
 5 97 7
 106 107 108
 109 108 107
 78 110 111
 112 86 101
 113 114 115
 115 114 116
 45 43 23
 117 37 118
 119 118 37
 65 120 66
 85 47 46
 70 88 71
 106 71 88
 103 105 121
 5 61 35
 122 123 110
 124 110 123
 125 84 83
 126 127 128
 129 130 131
 73 132 74
 90 89 67
 62 8 133
 134 135 136
 137 138 139
 139 138 140
 50 88 63
 78 80 110
 74 141 75
 31 142 1
 143 138 123
 144 145 139
 137 123 138
 3 24 43
 45 48 43
 125 146 147
 148 147 146
 62 133 89
 25 1 142
 149 30 150
 69 86 55
 74 77 151
 31 152 127
 27 58 28
 25 51 23
 45 23 51
 60 62 89
 76 102 94
 31 127 153
 117 130 38
 129 38 130
 45 47 154
 29 150 30
 129 39 38
 155 156 157
 158 157 156
 126 159 127
 106 160 71
 113 161 114
 161 149 114
 162 68 20
 158 156 154
 94 102 163
 14 164 13
 148 108 147
 165 166 167
 18 9 12
 14 12 9
 168 169 170
 32 170 169
 10 133 8
 109 136 135
 46 55 86
 52 171 172
 173 174 111
 78 111 174
 57 175 58
 176 150 177
 29 178 179
 180 181 182
 183 182 181
 29 0 184
 106 88 87
 10 9 68
 109 185 136
 155 186 187
 49 188 42
 130 189 131
 124 190 110
 111 110 190
 191 192 193
 168 130 194
 180 172 171
 176 177 195
 10 68 196
 197 26 28
 33 197 28
 26 169 198
 109 147 108
 109 107 185
 134 136 199
 200 198 169
 117 201 130
 168 189 130
 149 150 202
 96 174 203
 173 203 174
 143 123 204
 109 205 147
 206 207 208
 209 210 87
 106 87 210
 207 211 208
 93 181 212
 180 212 181
 213 214 215
 127 161 128
 31 30 152
 32 197 33
 116 21 16
 122 110 80
 192 216 193
 73 20 22
 165 157 217
 213 218 214
 10 196 133
 106 210 107
 219 215 214
 122 204 123
 191 220 192
 50 221 87
 76 94 212
 173 111 222
 11 198 223
 15 17 131
 191 131 17
 224 104 225
 109 135 205
 29 179 177
 134 226 135
 206 151 77
 156 48 154
 176 202 150
 93 212 94
 209 87 227
 119 140 138
 149 202 114
 33 228 91
 173 99 229
 56 230 207
 231 207 230
 69 64 232
 233 232 64
 134 91 228
 211 120 234
 137 139 145
 27 13 164
 66 120 211
 70 63 88
 224 225 19
 81 19 225
 125 147 205
 3 1 24
 231 66 211
 52 172 53
 158 217 157
 122 104 204
 103 204 104
 15 131 189
 29 184 178
 103 235 204
 149 152 30
 71 160 236
 144 218 145
 180 182 172
 70 64 63
 93 237 181
 148 160 108
 200 223 198
 106 108 160
 238 128 115
 113 115 128
 148 236 160
 50 51 221
 92 90 67
 137 239 123
 124 123 239
 32 34 16
 116 16 34
 125 205 84
 119 37 240
 98 229 99
 117 38 37
 241 84 205
 162 196 68
 200 169 242
 96 94 163
 81 79 243
 65 67 89
 224 105 104
 244 114 202
 81 225 80
 241 205 135
 26 197 169
 25 221 51
 29 177 150
 143 204 235
 245 95 203
 96 203 95
 18 12 246
 11 13 198
 74 151 141
 32 169 197
 50 63 55
 122 80 247
 81 243 22
 168 242 169
 209 142 153
 234 248 208
 141 208 248
 11 246 12
 43 24 23
 126 185 249
 231 211 207
 78 250 79
 238 34 91
 173 229 203
 78 174 250
 183 181 237
 122 247 104
 219 100 99
 148 146 251
 130 201 194
 165 167 186
 252 2 253
 82 84 254
 56 207 54
 206 54 207
 241 135 226
 255 79 250
 96 250 174
 209 153 159
 52 54 77
 206 77 54
 252 178 184
 107 249 185
 104 247 225
 15 170 16
 113 128 161
 255 163 102
 32 16 170
 165 186 157
 18 246 19
 65 133 196
 116 114 21
 244 21 114
 82 254 256
 257 193 216
 200 121 105
 129 131 258
 191 258 131
 252 184 2
 234 208 211
 213 145 218
 224 19 246
 76 212 171
 245 203 229
 112 259 260
 49 101 232
 69 232 101
 26 198 13
 85 86 260
 112 260 86
 57 97 256
 36 256 97
 141 248 75
 162 75 248
 219 214 100
 49 232 188
 213 215 239
 124 239 215
 180 171 212
 25 142 227
 73 243 132
 85 260 166
 261 166 260
 148 251 236
 96 163 250
 81 22 19
 85 217 47
 158 47 217
 238 115 34
 116 34 115
 103 201 235
 103 121 194
 234 120 196
 65 196 120
 158 154 47
 244 202 262
 241 254 84
 168 170 189
 213 239 145
 137 145 239
 3 253 2
 255 243 79
 209 227 142
 73 75 20
 162 20 75
 65 89 133
 176 262 202
 57 254 175
 126 249 159
 127 159 153
 261 260 259
 70 72 64
 233 64 72
 192 220 262
 244 262 220
 87 221 227
 126 263 185
 31 153 142
 52 77 171
 76 171 77
 85 166 217
 165 217 166
 244 17 21
 168 121 242
 234 196 248
 224 223 105
 244 220 17
 191 17 220
 219 190 215
 103 194 201
 15 189 170
 162 248 196
 73 22 243
 200 105 223
 219 99 222
 173 222 99
 219 222 190
 136 185 263
 168 194 121
 224 246 223
 200 242 121
 134 199 91
 179 195 177
 257 39 258
 25 227 221
 11 223 246
 57 256 254
 33 28 228
 82 256 264
 36 264 256
 255 250 163
 58 226 228
 134 228 226
 0 2 184
 45 154 48
 112 41 259
 238 91 199
 129 258 39
 209 159 249
 126 128 263
 7 59 164
 27 164 59
 238 263 128
 155 157 186
 112 101 41
 49 41 101
 257 258 193
 58 228 28
 57 59 97
 7 97 59
 117 235 201
 80 225 247
 255 132 243
 255 102 132
 143 118 138
 241 175 254
 191 193 258
 124 215 190
 209 249 210
 238 199 263
 107 210 249
 74 132 102
 141 151 208
 206 208 151
 58 175 226
 241 226 175
 111 190 222
 127 152 161
 149 161 152
 7 164 6
 14 6 164
 136 263 199
 40 259 41
 143 235 118
 117 118 235
 119 240 140
 119 138 118
 8
 40 261 42 187 166 186 167 259
 5
 155 156 187 48 44
 5
 3 252 253 178 44
 10
 183 56 92 231 66 90 182 53 230 172
 18
 60 125 82 233 36 71 42 90 35 146 61 83 232 236 72 264 251 188
 15
 176 144 257 192 179 139 37 216 178 195 39 262 240 218 140
 0
 0
 0
 0
 0
 0
 0
 0
 0
 0
 0
 0
 10
 183 245 93 98 95 214 229 237 100 218
 0
 0
 0
 0
 0
 0
 0
 0
 0
 0
