275 486
2.778845 2.835404 1
2.722581 2.737618 1
2.902174 2.798072 1
2.799273 2.657090 1
3.777970 3.146677 1
3.652420 3.199282 1
3.661256 3.088212 1
3.743002 3.263467 1
3.813725 3.367210 1
3.647573 3.329685 1
2.583424 2.501775 1
2.701661 2.377132 1
2.695099 2.498819 1
1.941770 2.558034 2
1.986268 2.386796 2
2.062971 2.489299 1
3.035245 2.932065 1
2.925088 2.947470 1
2.571431 3.205691 1
2.535318 3.365102 2
2.434222 3.215888 2
3.458855 4.122495 1
3.606796 4.177765 1
3.483129 4.255417 1
3.598774 4.337320 1
2.344383 2.780520 1
2.410020 2.636260 1
2.463959 2.742223 1
4.499614 3.585040 2
4.366788 3.584994 1
4.446567 3.471965 1
2.741634 3.009562 1
2.625647 3.073562 1
2.667062 2.893990 1
3.445907 2.659313 2
3.518409 2.790100 1
3.368222 2.742452 1
2.260671 2.687577 1
4.334121 3.451462 1
2.972581 3.152143 1
3.051320 3.237915 1
2.891829 3.294670 1
2.913982 3.504823 1
3.083112 3.536109 1
2.906021 3.610849 1
2.991431 3.677116 1
3.083775 2.826700 1
2.770490 3.248269 1
2.759542 3.399570 1
3.663119 3.911580 1
3.826711 3.869400 1
3.770090 3.992099 1
2.529397 2.962426 1
3.368343 3.309905 1
3.518182 3.389859 1
3.370279 3.428877 1
3.451608 3.228068 1
2.857611 3.172049 1
2.556905 2.379816 1
3.683997 3.444801 1
3.390509 2.852428 1
3.758397 3.758531 1
2.641909 2.265342 1
2.293576 2.914561 2
2.211674 2.801809 2
3.486349 2.979638 1
3.405792 3.076089 1
3.373044 2.967898 1
3.287072 3.032096 1
2.868498 3.815696 1
2.905543 3.942552 2
2.786584 3.867271 2
3.560399 3.252693 1
3.544816 3.119268 1
2.414804 2.274356 1
2.314073 2.205104 2
2.467033 2.125870 2
3.739409 2.992201 2
3.549135 2.892482 1
3.672231 4.470662 2
3.522887 4.489528 2
3.686920 3.654907 1
3.811975 3.609040 1
3.898018 3.736639 1
3.158106 4.022573 1
3.266143 3.958967 1
3.291701 4.098896 1
2.658534 3.302438 1
3.038144 2.689117 1
2.920684 2.606197 1
3.070481 2.557373 1
3.669930 4.054786 1
3.553286 4.052860 1
3.894337 4.620393 2
4.011201 4.580757 1
3.989231 4.708849 2
2.990162 2.481465 1
3.026370 3.348619 1
4.097756 4.656532 3
3.114750 3.650118 1
3.760977 4.141288 1
3.865321 4.286638 1
3.730860 4.287013 1
4.101400 3.641224 1
4.029352 3.743405 1
3.953509 3.619774 1
2.609238 3.517793 1
2.523007 3.648184 2
2.486100 3.502004 2
3.510444 3.945162 1
3.204232 3.703293 1
3.226218 3.840267 1
3.088363 3.763826 1
3.890006 4.160296 1
3.196591 2.947488 1
2.529548 2.292510 1
3.405697 4.008058 1
3.134465 3.448697 1
3.206612 3.570246 1
2.818202 2.930408 1
3.158952 4.149160 2
3.355225 4.213881 1
4.095340 3.866561 1
4.196617 3.755592 1
3.590630 2.684185 2
3.485222 4.369045 1
2.305499 2.586493 1
2.329350 2.436040 1
2.447927 2.498250 1
3.233610 2.820423 1
2.429618 2.873436 1
3.313319 3.773828 1
3.105634 3.030736 1
3.277953 2.669799 2
3.334796 3.669358 1
3.130578 3.901307 1
3.253668 3.446566 1
3.004563 3.449836 1
2.875806 3.413953 1
4.029822 3.147438 2
3.905096 3.170962 1
3.900661 3.036299 2
2.586313 2.176878 1
2.653286 3.746954 1
2.556775 3.810593 2
4.030450 3.517035 1
2.772818 3.517823 1
4.267220 3.534466 1
3.259622 3.307623 1
3.308843 3.184427 1
3.145880 2.740204 1
2.057900 2.608670 1
2.111815 2.711766 2
1.976511 2.685504 3
4.359907 3.812293 2
4.230332 3.864177 1
2.964751 3.791596 1
3.944857 3.279537 1
4.080956 3.284735 1
3.979446 3.402946 1
3.033436 3.865733 1
3.839779 3.241144 1
4.329508 3.709597 1
4.153842 4.086401 1
4.099603 4.201324 1
3.998106 4.081865 1
3.977496 4.237344 1
2.059149 2.222981 3
2.107658 2.346035 1
3.478721 3.539876 1
2.171318 2.578232 1
3.384558 3.882700 1
2.798532 3.650784 1
3.717463 2.749289 2
3.631456 2.815304 1
2.850164 2.348053 1
2.930329 2.224630 2
2.984742 2.359340 1
2.241171 2.489126 1
4.106912 3.411744 1
3.601517 3.546279 1
3.295975 2.916973 1
2.779103 2.240019 2
2.861258 2.509342 1
2.772994 2.559116 1
4.555039 3.463412 2
3.784562 3.477700 1
3.659046 2.917655 1
3.739827 2.848954 2
2.677222 3.628210 1
3.565874 3.649191 1
3.447007 3.652848 1
3.218712 2.513155 2
3.152739 2.636584 1
3.519101 3.834054 1
4.605954 3.329224 3
4.499074 3.366894 1
4.292946 3.352727 1
4.196562 3.299059 1
4.326914 3.215930 2
3.088658 2.269545 3
3.226219 2.342403 2
3.102443 2.417721 1
2.614172 2.762391 1
2.540833 2.848108 1
3.180450 3.215299 1
3.155227 3.341714 1
3.204031 3.102371 1
4.185935 3.189254 2
3.622774 3.758597 1
4.310056 3.929770 2
2.667090 3.420545 1
2.547752 2.677674 1
3.905245 3.963724 1
3.856679 4.061239 1
2.601359 2.058598 2
3.698494 4.373678 1
3.808077 4.401528 1
3.818960 4.513000 1
4.232365 3.643092 1
3.892028 3.497513 1
2.765425 3.758421 1
2.754933 3.122748 1
2.654012 2.621906 1
2.676207 3.190542 1
2.691714 2.142068 2
4.013083 3.953603 1
4.274329 4.054249 2
4.189739 3.956672 1
4.158294 3.530331 1
3.609040 2.999769 1
4.042265 4.458383 1
3.921630 4.489553 1
3.952791 4.375410 1
4.097208 3.997294 1
3.050842 3.962158 1
3.026547 4.078624 2
4.396381 3.339750 1
3.757726 4.591319 2
2.385357 3.105984 2
2.291043 3.043742 2
2.404053 3.000973 1
2.998208 3.041924 1
3.083927 3.128006 1
2.157194 2.450393 1
4.067450 4.328677 1
4.176639 4.432660 2
2.907280 2.430012 1
4.473174 3.256110 2
2.199541 2.264792 2
3.714086 3.543481 1
2.508872 2.577290 1
2.675906 3.858227 2
4.189581 4.291617 2
4.508618 3.793003 2
4.439803 3.695257 1
3.351694 3.548263 1
2.321094 2.322698 1
3.422117 4.438757 2
2.499911 3.088206 1
3.965398 3.853828 1
4.223198 3.429797 1
2.226640 2.377940 1
2.872922 3.056670 1
4.208792 4.172944 2
3.279840 4.277283 2
3.371267 4.340522 3
3.416794 3.773523 1
4.113810 4.543948 2
3.516917 3.732760 1
2.442154 2.377958 1
2.792107 2.450197 1
2.883663 3.715283 1
3.252874 4.200253 2
4.562174 3.680274 2
 0 1 2
 1 3 2
 4 5 6
 7 8 9
 10 11 12
 13 14 15
 16 17 2
 18 19 20
 21 22 23
 24 23 22
 25 26 27
 28 29 30
 31 32 33
 34 35 36
 25 37 26
 30 29 38
 39 40 41
 42 43 44
 45 44 43
 46 16 2
 47 41 48
 49 50 51
 52 33 32
 53 54 55
 53 56 54
 39 41 57
 58 11 10
 9 8 59
 35 60 36
 49 61 50
 62 11 58
 25 63 64
 65 66 67
 68 67 66
 69 70 71
 4 7 5
 72 56 73
 74 75 76
 66 73 56
 4 6 77
 72 73 5
 35 78 60
 65 60 78
 24 79 80
 81 82 61
 83 61 82
 84 85 86
 47 48 87
 88 89 90
 91 92 49
 93 94 95
 96 90 89
 97 41 40
 98 95 94
 45 43 99
 100 101 102
 103 104 105
 106 107 108
 92 109 49
 110 111 112
 100 113 101
 46 114 16
 62 58 115
 21 86 116
 43 117 118
 24 22 102
 100 102 22
 74 76 115
 0 2 119
 17 119 2
 65 73 66
 43 118 99
 84 86 120
 21 121 86
 122 104 123
 34 124 35
 24 80 125
 126 127 128
 129 114 46
 25 130 63
 110 131 111
 132 16 114
 3 89 2
 129 133 36
 110 134 131
 72 54 56
 111 135 112
 136 118 117
 88 46 2
 97 137 138
 139 140 141
 76 142 115
 103 123 104
 143 144 107
 97 138 41
 103 105 145
 106 108 19
 129 36 60
 42 44 146
 147 38 29
 136 148 55
 68 66 149
 129 150 133
 151 152 153
 25 27 130
 123 154 155
 53 149 56
 69 156 70
 110 99 118
 157 158 159
 160 70 156
 6 5 73
 4 161 7
 162 154 123
 163 164 165
 166 165 164
 14 167 168
 42 137 43
 169 55 54
 42 146 138
 84 135 85
 151 170 152
 171 85 111
 172 146 44
 173 174 124
 175 176 177
 126 178 127
 179 159 158
 157 139 158
 126 128 26
 169 54 180
 59 180 54
 129 60 181
 111 85 135
 31 33 119
 18 87 19
 175 182 176
 53 55 148
 66 56 149
 183 89 184
 184 89 3
 28 30 185
 110 118 134
 88 2 89
 59 8 186
 187 188 77
 106 189 107
 143 107 189
 171 111 131
 160 112 135
 169 190 191
 169 180 190
 0 119 33
 34 36 133
 96 89 183
 192 133 193
 49 109 194
 53 148 149
 195 185 196
 197 198 199
 200 201 202
 203 204 27
 205 206 40
 132 114 207
 208 158 139
 203 1 33
 0 33 1
 208 199 198
 48 138 146
 133 150 193
 192 202 201
 81 61 209
 49 209 61
 62 182 11
 210 155 154
 100 22 91
 24 125 23
 65 67 60
 106 19 211
 166 113 165
 21 23 121
 171 194 109
 203 27 212
 213 165 214
 215 142 76
 200 177 176
 24 216 79
 217 218 79
 162 219 29
 157 159 8
 220 8 159
 172 221 189
 31 222 32
 83 105 104
 3 1 223
 32 222 224
 171 109 116
 62 225 182
 213 226 165
 210 227 228
 103 145 229
 179 229 145
 143 189 221
 151 15 170
 83 50 61
 6 230 77
 231 232 233
 187 77 230
 49 194 209
 97 40 206
 157 140 139
 147 29 219
 163 165 234
 100 91 51
 70 235 236
 3 223 184
 213 51 50
 68 207 114
 84 120 236
 4 77 141
 126 26 37
 35 124 174
 217 79 216
 88 150 46
 197 199 237
 79 218 238
 129 46 150
 239 240 241
 162 123 219
 220 82 186
 63 241 240
 39 242 243
 244 170 15
 175 11 182
 217 102 101
 27 204 130
 14 168 15
 244 15 168
 231 245 246
 132 243 242
 175 177 247
 248 195 196
 248 237 199
 93 238 218
 200 202 177
 249 168 167
 86 85 116
 217 233 232
 82 250 186
 205 149 148
 251 26 128
 143 221 252
 21 92 22
 88 90 193
 96 183 247
 253 246 245
 109 92 116
 21 116 92
 136 206 148
 58 10 128
 251 128 10
 220 159 145
 179 145 159
 48 146 211
 106 211 146
 254 154 255
 47 57 41
 72 9 54
 59 54 9
 217 101 233
 217 216 102
 231 233 245
 48 41 138
 103 219 123
 220 145 105
 136 55 256
 203 223 1
 249 75 257
 258 125 80
 97 117 137
 97 206 117
 100 51 214
 18 20 259
 42 138 137
 171 116 85
 18 259 32
 83 260 50
 49 51 91
 179 158 198
 147 229 261
 249 257 262
 252 221 71
 179 198 261
 136 256 118
 122 260 104
 39 57 263
 18 224 87
 93 218 232
 165 113 214
 52 241 130
 63 130 241
 166 101 113
 163 227 264
 62 115 142
 122 123 155
 132 207 243
 52 32 259
 12 223 10
 251 10 223
 4 141 140
 166 233 101
 231 94 232
 24 102 216
 147 219 229
 103 229 219
 265 121 266
 23 266 121
 172 189 146
 59 250 180
 81 180 250
 220 105 82
 166 245 233
 192 90 202
 171 267 194
 17 263 119
 31 119 263
 126 37 170
 152 170 37
 147 261 38
 12 184 223
 22 92 91
 84 236 235
 163 228 227
 96 177 202
 93 232 94
 251 212 26
 27 26 212
 52 130 204
 231 246 268
 213 260 226
 166 164 245
 253 245 164
 122 226 260
 205 40 243
 122 228 234
 239 259 20
 160 235 70
 83 104 260
 215 225 142
 62 142 225
 39 263 242
 81 209 190
 269 190 209
 269 209 194
 7 161 8
 157 8 161
 17 242 263
 81 250 82
 83 82 105
 134 191 267
 106 146 189
 151 13 15
 203 33 204
 52 204 33
 263 57 222
 96 202 90
 122 234 226
 251 223 212
 203 212 223
 127 178 262
 244 262 178
 162 255 154
 30 196 185
 127 257 270
 47 87 224
 52 259 241
 143 252 144
 122 155 228
 18 32 224
 31 263 222
 88 193 150
 72 5 9
 7 9 5
 100 214 113
 165 226 234
 68 114 181
 269 191 190
 47 224 222
 269 267 191
 179 261 229
 127 270 128
 205 207 149
 208 198 158
 81 190 180
 68 181 67
 213 50 260
 197 261 198
 244 178 170
 126 170 178
 269 194 267
 134 267 131
 19 87 211
 48 211 87
 239 241 259
 134 256 191
 175 247 271
 205 243 207
 253 164 264
 183 271 247
 192 193 90
 169 256 55
 134 118 256
 172 272 221
 69 221 272
 249 262 168
 244 168 262
 205 148 206
 96 247 177
 25 64 37
 152 37 64
 163 264 164
 68 149 207
 39 243 40
 163 234 228
 151 153 13
 210 228 155
 220 186 8
 74 270 257
 169 191 256
 217 232 218
 197 38 261
 47 222 57
 157 161 140
 23 125 266
 258 266 125
 136 117 206
 86 273 120
 28 274 255
 213 214 51
 254 255 274
 175 271 11
 43 137 117
 74 115 270
 58 270 115
 12 11 271
 197 237 38
 30 38 237
 28 255 29
 74 257 75
 265 273 121
 86 121 273
 58 128 270
 231 268 94
 98 94 268
 59 186 250
 183 184 271
 12 271 184
 129 181 114
 171 131 267
 162 29 255
 45 112 156
 160 156 112
 4 140 161
 65 230 73
 6 73 230
 69 71 221
 60 67 181
 45 272 44
 172 44 272
 69 272 156
 132 242 16
 17 16 242
 187 78 174
 127 262 257
 45 99 112
 110 112 99
 248 196 237
 30 237 196
 35 174 78
 187 230 78
 45 156 272
 84 235 135
 160 135 235
 187 174 188
 65 78 230
 173 188 174
 0
 0
 0
 8
 93 258 98 79 238 95 80 266
 0
 0
 0
 0
 0
 0
 0
 0
 0
 0
 15
 208 192 173 248 34 200 133 139 201 195 199 77 141 124 188
 0
 9
 215 200 249 76 176 167 225 182 75
 0
 19
 265 239 63 152 19 107 108 70 236 120 252 144 20 240 153 266 64 71 273
 4
 14 167 153 13
 0
 0
 0
 0
 0
 0
 13
 254 210 253 28 98 195 246 227 274 185 264 268 154
 0
 0
