260 460
5.069196 0.635702 1
4.961960 0.559769 1
5.133544 0.478251 1
3.475663 0.888661 1
3.630861 0.810948 1
3.620797 0.962889 1
3.850509 0.260440 1
3.979503 0.179251 1
4.005759 0.298898 1
3.526508 0.747543 1
2.646301 0.922937 2
2.670109 0.789847 1
2.774578 0.915790 1
2.809502 0.795452 1
5.131914 0.869455 1
4.979466 0.893651 1
5.051641 0.767929 1
3.339667 0.912487 1
3.270177 0.973470 1
3.207373 0.855838 1
2.810024 0.456545 1
2.953604 0.456908 1
2.865226 0.576531 1
3.472222 0.000000 0
3.611111 0.000000 0
3.516792 0.145812 1
3.641623 0.107255 1
4.264837 0.506349 1
4.212965 0.369220 1
4.362883 0.430394 1
4.346334 0.298179 1
4.131754 0.207418 1
3.350452 0.817033 1
4.995296 0.236381 1
5.156919 0.196422 1
5.078186 0.341365 1
5.224209 0.344523 1
3.828493 1.142571 2
3.683397 1.093184 1
3.767156 0.999493 1
4.504739 0.855871 1
4.639683 0.942703 1
4.530584 1.020250 1
4.992430 0.434300 1
2.581689 0.570891 1
2.727676 0.657350 1
2.592718 0.699527 1
4.651967 1.116920 2
3.903397 1.006895 1
2.650289 0.424858 1
2.789191 0.325970 1
3.215673 0.712031 1
4.903107 0.343548 1
3.351627 0.668842 1
3.714597 0.708935 1
3.702993 0.565209 1
3.848248 0.685716 1
3.848161 0.545098 1
4.864355 0.634513 1
4.799226 0.536415 1
2.523767 0.807827 2
3.327806 1.347803 2
3.391597 1.254465 1
3.469650 1.397828 3
3.500594 1.253994 1
2.339659 0.578731 2
2.347324 0.430043 2
2.446260 0.545086 1
4.888039 0.454218 1
4.773951 1.017079 1
3.021576 1.079524 1
3.150005 1.136741 1
3.024085 1.210747 1
3.136336 1.263274 1
3.039363 0.550608 1
3.862222 0.115869 1
3.522048 1.072109 1
2.638889 0.000000 0
2.705536 0.097139 1
2.580803 0.155104 2
3.981842 1.107964 2
4.033360 0.990844 1
4.630215 0.814108 1
3.911410 0.404852 1
4.191768 0.738060 1
4.064754 0.862926 1
4.016786 0.705493 1
4.902018 0.986021 1
5.045081 1.009605 2
4.907285 1.106014 2
2.897116 0.362254 1
4.330723 0.835721 1
4.198482 0.880987 1
3.695457 1.200774 1
2.388637 0.301507 2
2.529763 0.315156 1
2.496198 0.441729 1
4.935510 0.798596 1
2.705582 0.204520 1
2.647284 0.296403 1
4.076138 0.103667 1
3.404548 0.268258 1
3.461062 0.404400 1
3.328546 0.382219 1
3.377062 0.515177 1
4.264057 0.989583 1
4.401928 0.975729 1
3.754119 0.403516 1
5.171740 0.594230 1
3.601026 0.455091 1
3.536094 0.303084 1
4.287328 0.156011 1
4.437894 0.163075 1
4.342330 0.685432 1
3.615175 1.304414 2
4.266639 1.208421 2
4.154629 1.098465 2
4.323374 1.097108 1
2.910152 0.242337 1
3.056968 0.169976 1
3.022608 0.329511 1
3.484943 0.629437 1
4.448486 0.731356 1
3.181105 0.357897 1
3.139652 0.247285 1
3.290539 0.264936 1
3.651117 0.340842 1
3.358270 0.132785 1
5.274645 0.556224 1
5.348751 0.647325 1
5.209572 0.706741 1
2.983404 0.661308 1
4.571433 0.430196 1
4.490055 0.339435 1
4.656291 0.343453 1
4.579339 0.224829 1
3.424379 0.747733 1
4.807293 1.166631 2
4.065104 0.412415 1
4.131865 0.522479 1
5.293349 0.250840 1
3.333333 0.000000 0
5.380229 0.370990 2
5.401428 0.214096 2
3.578319 1.177414 1
2.864636 0.691966 1
4.135249 0.629142 1
2.713194 0.536243 1
5.066491 0.106432 1
3.136050 0.991132 1
4.117604 0.318278 1
3.722780 0.273609 1
2.928959 1.278061 1
3.032295 1.365025 2
2.858719 1.367423 2
3.055556 0.000000 0
2.952795 0.107677 1
2.865752 0.975219 1
2.901945 1.074872 1
2.763805 1.037202 2
2.819974 1.143045 1
3.957970 0.911975 1
3.761477 1.293916 2
3.915571 0.802402 1
3.080878 0.732427 1
3.040666 0.853878 1
3.959123 0.513422 1
3.726347 0.895825 1
3.941152 0.610507 1
5.359257 0.759984 1
4.455444 0.607523 1
4.560836 0.542137 1
4.563451 0.696712 1
4.670970 0.591237 1
5.283319 0.442716 1
2.725824 1.139400 2
2.811653 1.245847 1
3.204315 1.379568 2
3.259067 1.085353 1
4.842820 0.875042 1
3.258112 1.230243 1
4.440127 1.087113 1
4.526571 1.138205 2
4.408943 1.208203 2
4.143056 0.964561 1
3.745319 0.148263 1
2.662411 1.226015 2
2.777778 0.000000 0
2.916667 0.000000 0
2.824630 0.126071 1
3.155647 0.105018 1
4.444445 0.000000 0
4.543991 0.104653 1
3.750000 0.000000 0
4.033442 0.602806 1
3.394670 1.027432 1
3.345389 1.153100 1
5.261732 0.838786 2
5.197884 0.982405 2
3.504400 0.508635 1
3.231197 0.473336 1
3.842282 0.902299 1
3.097116 0.451777 1
2.463426 0.213157 2
4.305555 0.000000 0
4.188107 0.103704 1
3.888889 0.000000 0
3.606921 0.671055 1
3.612837 0.214986 1
4.673587 0.710112 1
4.473945 0.484199 1
5.472854 0.651649 2
5.468232 0.781475 2
4.861111 0.000000 0
5.000000 0.000000 0
4.909756 0.121741 1
4.583333 0.000000 0
4.722222 0.000000 0
4.672441 0.119825 1
4.730761 0.885847 1
2.985061 0.969088 1
3.254211 0.592756 1
4.368527 0.081179 1
5.285372 0.138369 2
5.138889 0.000000 0
5.194705 0.085142 1
4.166667 0.000000 0
2.749717 1.333528 2
2.937374 0.769187 1
3.240989 0.167097 1
3.448032 1.143824 1
4.761513 0.665579 1
2.915656 1.182207 1
3.783251 0.797203 1
3.128230 0.636367 1
4.243562 0.616111 1
4.243294 0.265448 1
4.357610 0.555006 1
4.677654 0.468864 1
4.027778 0.000000 0
2.460347 0.671721 2
3.154818 0.542404 1
4.741789 0.782922 1
4.849654 0.738157 1
4.783470 0.397058 1
4.796529 0.282452 1
3.194444 0.000000 0
4.695080 0.236925 1
2.902155 0.879769 1
5.387472 0.522666 2
4.791667 0.183726 1
4.791667 0.078739 1
2.807389 0.224724 1
3.593017 0.564681 1
4.960452 0.689004 1
4.883244 0.236595 1
5.277778 0.000000 0
3.256537 0.080980 1
3.958333 0.073239 1
5.389285 0.867283 3
 0 1 2
 3 4 5
 6 7 8
 9 4 3
 10 11 12
 12 11 13
 14 15 16
 17 18 19
 20 21 22
 23 24 25
 24 26 25
 27 28 29
 30 29 28
 31 8 7
 32 17 19
 33 34 35
 36 35 34
 37 38 39
 40 41 42
 43 2 1
 44 45 46
 47 42 41
 37 39 48
 20 49 50
 51 32 19
 43 52 35
 51 53 32
 54 55 56
 57 56 55
 58 59 1
 60 11 10
 13 11 45
 61 62 63
 63 62 64
 65 66 67
 1 59 68
 47 41 69
 70 71 72
 73 72 71
 21 74 22
 6 75 7
 76 5 38
 77 78 79
 45 11 46
 33 35 52
 37 48 80
 81 80 48
 40 82 41
 6 8 83
 84 85 86
 87 88 89
 20 90 21
 84 91 92
 37 93 38
 94 95 96
 66 94 96
 97 16 15
 84 92 85
 98 99 79
 95 79 99
 31 7 100
 101 102 103
 104 103 102
 105 91 106
 40 106 91
 57 107 83
 0 2 108
 109 102 110
 30 111 112
 84 113 91
 114 63 64
 115 116 117
 118 119 120
 6 83 107
 14 88 15
 104 121 53
 40 91 122
 123 124 125
 109 110 126
 23 25 127
 128 129 130
 131 22 74
 132 133 134
 135 134 133
 9 3 136
 32 136 3
 47 69 137
 138 28 139
 27 139 28
 123 125 103
 36 34 140
 141 23 127
 49 99 50
 36 140 142
 143 142 140
 76 38 144
 66 96 67
 13 45 145
 38 5 39
 43 35 2
 98 79 78
 84 86 146
 30 112 133
 135 133 112
 44 147 45
 33 148 34
 70 149 71
 31 150 8
 128 130 108
 6 107 151
 95 49 96
 44 96 49
 9 136 121
 152 153 154
 91 113 122
 155 119 156
 157 158 159
 160 159 158
 81 48 161
 81 116 80
 109 107 55
 57 55 107
 40 42 106
 37 162 93
 105 117 116
 163 56 86
 51 19 164
 165 164 19
 138 139 166
 107 126 151
 167 39 5
 56 168 86
 169 130 129
 170 171 172
 173 172 171
 36 142 174
 175 160 176
 121 136 53
 73 177 153
 71 149 178
 87 69 179
 73 71 180
 165 19 149
 18 178 149
 128 2 174
 36 174 2
 20 22 147
 45 147 22
 181 182 183
 119 124 120
 118 156 119
 105 92 91
 81 85 184
 6 185 75
 186 175 176
 187 188 189
 155 190 119
 170 172 122
 36 2 35
 14 16 130
 0 130 16
 191 192 112
 137 69 89
 163 85 161
 81 161 85
 193 75 185
 40 172 82
 87 89 69
 194 166 139
 76 195 3
 71 178 180
 196 180 178
 14 197 198
 104 199 121
 30 133 29
 123 103 200
 167 5 4
 167 201 39
 123 200 202
 47 182 42
 95 203 79
 163 86 85
 114 64 144
 204 111 205
 105 106 117
 181 117 106
 193 206 75
 9 121 207
 208 25 26
 101 25 110
 208 110 25
 0 108 130
 173 209 172
 14 130 197
 169 197 130
 29 133 210
 138 166 83
 169 211 212
 213 214 215
 216 217 218
 135 112 192
 40 122 172
 18 149 19
 69 219 179
 73 153 72
 152 72 153
 138 83 8
 43 1 68
 44 49 147
 109 126 107
 14 198 88
 165 149 220
 95 99 49
 51 221 53
 20 147 49
 101 127 25
 191 112 222
 34 223 140
 128 108 2
 170 122 113
 169 129 211
 76 3 5
 224 225 148
 188 155 156
 226 204 205
 227 186 176
 131 164 228
 165 228 164
 132 210 133
 229 125 124
 193 185 26
 32 3 17
 64 230 144
 98 50 99
 54 207 55
 188 156 189
 173 59 231
 58 231 59
 57 83 166
 214 224 148
 20 50 90
 70 72 232
 167 233 201
 131 74 234
 70 232 158
 27 235 139
 48 39 201
 191 216 192
 30 236 111
 54 233 4
 167 4 233
 210 170 237
 139 235 146
 131 234 164
 104 53 221
 73 180 177
 61 177 180
 24 193 26
 104 102 199
 29 210 237
 132 238 171
 33 215 148
 60 46 11
 34 148 225
 54 56 233
 163 233 56
 239 226 100
 60 240 46
 44 240 67
 241 202 200
 101 125 127
 118 189 156
 242 243 179
 97 179 243
 70 220 149
 85 92 184
 32 53 136
 194 146 86
 114 93 162
 181 106 42
 76 144 230
 214 148 215
 87 15 88
 27 29 237
 244 134 245
 155 246 190
 101 110 102
 134 247 245
 104 200 103
 13 248 12
 173 171 238
 41 219 69
 44 67 96
 31 111 236
 216 218 192
 44 46 240
 123 120 124
 101 103 125
 65 67 240
 31 205 111
 211 129 249
 112 111 222
 204 222 111
 135 192 218
 118 90 50
 170 113 237
 128 174 249
 142 249 174
 84 235 113
 229 127 125
 187 189 78
 98 78 189
 138 150 28
 30 28 236
 9 207 4
 54 4 207
 131 228 145
 128 249 129
 250 251 215
 213 215 251
 87 179 15
 97 15 179
 109 199 102
 157 12 248
 250 218 251
 217 251 218
 208 126 110
 157 220 158
 70 158 220
 208 26 185
 105 116 184
 208 185 151
 6 151 185
 98 252 50
 55 207 253
 118 50 252
 131 145 22
 123 202 120
 21 120 202
 194 86 168
 132 134 238
 181 42 182
 13 228 248
 226 205 100
 173 231 209
 119 190 124
 229 124 190
 165 248 228
 118 252 189
 13 145 228
 135 218 247
 250 247 218
 115 117 183
 181 183 117
 97 254 16
 0 16 254
 18 195 178
 196 178 195
 10 12 159
 157 159 12
 109 55 253
 98 189 252
 81 184 116
 33 255 215
 250 215 255
 77 187 78
 51 234 221
 196 195 230
 76 230 195
 244 59 238
 118 120 90
 21 90 120
 241 221 234
 143 140 223
 173 238 59
 204 191 222
 224 256 225
 41 82 219
 242 219 82
 256 223 225
 105 184 92
 246 141 257
 138 8 150
 114 144 93
 244 238 134
 160 175 159
 196 62 180
 61 180 62
 3 195 17
 217 213 251
 28 150 236
 31 236 150
 34 225 223
 206 239 258
 242 231 243
 58 243 231
 242 179 219
 104 221 200
 18 17 195
 165 220 248
 241 200 221
 141 127 257
 244 245 52
 57 168 56
 135 247 134
 58 254 243
 97 243 254
 45 22 145
 229 257 127
 239 100 258
 7 258 100
 244 68 59
 208 151 126
 58 1 254
 0 254 1
 241 234 74
 196 230 62
 64 62 230
 51 164 234
 33 52 255
 31 100 205
 244 52 68
 169 212 259
 43 68 52
 172 209 82
 242 82 209
 152 232 72
 169 259 197
 38 93 144
 157 248 220
 163 201 233
 194 139 146
 121 253 207
 160 232 176
 152 176 232
 52 245 255
 57 166 168
 194 168 166
 113 235 237
 84 146 235
 206 258 75
 7 75 258
 21 202 74
 241 74 202
 152 154 176
 227 176 154
 242 209 231
 160 158 232
 229 190 257
 250 245 247
 95 94 203
 27 237 235
 246 257 190
 109 253 199
 121 199 253
 163 161 201
 48 201 161
 170 210 171
 132 171 210
 250 255 245
 0
 0
 0
 0
 0
 0
 0
 0
 0
 0
 0
 0
 0
 0
 16
 47 37 114 115 137 63 88 162 116 198 197 183 80 182 259 89
 0
 17
 65 61 227 60 10 66 79 63 240 186 159 177 153 94 175 154 203
 0
 0
 0
 0
 0
 0
 0
 0
 0
 0
 0
 7
 143 142 211 223 249 212 259
