266 465
6.324848 6.482803 1
6.340768 6.646847 1
6.250611 6.565264 1
6.025010 7.132655 1
5.983438 7.024341 1
6.124147 7.063564 1
6.063959 6.945081 1
6.336443 7.604251 1
6.425355 7.527565 1
6.428321 7.684815 1
6.523942 7.618282 1
6.434163 6.527350 1
6.244118 7.184323 1
6.266187 7.027318 1
6.347591 7.127566 1
6.985586 7.796449 2
6.940618 7.663868 1
7.081625 7.688628 3
7.047115 7.545722 1
5.996070 7.736128 1
5.958368 7.915096 2
5.865686 7.811341 2
6.362182 7.384542 1
6.409706 7.225019 1
6.497157 7.378639 1
6.296477 6.291746 1
6.178900 6.299035 1
6.199009 6.150740 1
6.462371 6.286243 1
6.550437 6.430156 1
6.375656 6.392724 1
5.219138 6.610251 2
5.205322 6.783471 1
5.094726 6.711517 1
5.838173 7.692947 1
6.126753 7.757062 1
6.265494 7.724443 1
6.192368 7.834031 1
5.602718 6.699167 1
5.685526 6.823863 1
5.533053 6.801820 1
6.124452 5.399304 1
6.250869 5.309196 3
6.212828 5.480120 2
6.197004 5.609816 1
6.292776 5.740302 2
6.176824 5.767386 1
6.232662 6.425375 1
6.036715 7.571488 1
6.139481 7.641781 1
6.090784 7.860630 1
5.448219 6.482357 1
5.550116 6.335684 1
5.598416 6.473492 1
5.385935 6.762380 1
5.444646 6.913848 1
5.285058 6.963790 1
5.303810 6.851843 1
5.664499 7.207910 1
5.646004 7.361714 1
5.534051 7.227073 1
5.494450 7.360512 1
5.330009 6.659079 1
5.704483 6.374544 1
5.749829 6.701849 1
6.086353 6.241210 1
5.057843 6.603064 2
6.528897 7.259480 1
6.290893 6.904168 1
6.397560 6.995712 1
6.405883 6.864030 1
5.928920 7.612831 1
5.204967 6.904642 1
5.076235 6.911542 2
6.911581 7.128113 1
6.971315 7.008838 2
7.017651 7.162090 2
5.892580 6.036529 1
5.829604 5.902960 1
5.930879 5.901834 1
6.348769 6.192240 1
5.054564 6.800837 1
5.635381 6.053502 1
5.708464 6.179259 1
5.580335 6.184878 1
5.724779 7.792501 2
6.677935 6.532219 1
6.720660 6.397946 2
6.806112 6.512841 2
5.374543 7.049115 1
5.942912 7.503657 1
5.844851 7.405440 1
5.952569 7.343401 1
7.204169 7.596014 3
5.568016 7.505361 2
5.421016 7.473299 2
6.696742 7.478108 1
6.654553 7.582757 1
6.600378 7.433842 1
6.542108 7.522443 1
5.479351 5.804839 2
5.619124 5.899089 1
5.482297 5.971089 2
6.175334 6.712549 1
5.582434 7.111613 1
5.730698 7.082888 1
6.036983 7.427572 1
6.311346 5.599753 2
5.722375 7.494719 1
5.690073 7.627812 2
5.553058 7.626899 3
5.878323 6.748794 1
6.016706 6.747408 1
5.954902 6.877563 1
5.459824 6.216411 2
6.755052 6.772868 2
6.628255 6.795046 1
6.654490 6.668553 1
5.848434 6.998054 1
5.808165 6.849018 1
6.095220 6.845009 1
5.740473 5.837762 1
5.763447 5.978761 1
5.725727 6.942658 1
6.579016 7.137706 1
6.660239 7.031088 1
6.706936 7.148492 1
6.011650 5.978821 1
5.768535 6.088666 1
6.317267 6.096814 2
5.295508 6.477823 2
5.411267 6.342228 2
6.812208 7.044554 1
5.669859 5.435611 2
5.576156 5.295096 2
5.721006 5.298769 1
5.989936 6.513116 1
6.079998 6.386104 1
6.131536 6.546044 1
5.946052 6.642387 1
6.802744 7.636057 1
6.841384 7.754109 2
6.460231 6.637274 1
6.098043 7.995399 2
7.158202 7.461568 2
6.990125 7.435170 1
7.130754 7.349192 2
5.804010 5.401198 1
5.238856 7.112688 2
6.308508 6.782358 1
6.882695 7.457458 1
6.758337 7.389542 1
6.906394 7.355773 1
5.626664 7.003680 1
6.110510 5.681526 1
5.666567 5.153465 1
5.531351 5.169324 2
5.654538 5.009116 2
5.788845 5.072317 2
5.810320 5.634842 1
5.925596 5.599349 1
5.888014 5.768173 1
6.001570 5.691066 1
6.202116 5.874313 2
6.049241 5.823913 1
5.733994 5.716205 1
5.693315 5.570797 1
6.784105 7.514131 1
6.107842 5.934070 1
6.830453 7.287535 1
5.342384 7.156353 1
6.158843 7.484761 1
6.214417 7.341128 1
6.287699 7.489812 1
5.608884 5.769507 1
6.065762 6.644947 1
6.488848 6.925975 1
5.354449 7.365193 2
6.062716 5.543975 1
6.045297 6.091761 1
6.618821 6.336739 2
4.974689 6.722596 2
6.909560 7.540865 1
5.957688 6.180433 1
6.448305 6.119336 2
6.586689 6.236336 2
6.552126 6.569087 1
6.538285 6.701602 1
6.091345 5.299238 1
6.817706 7.185980 1
5.884179 7.129126 1
6.233740 7.586770 1
6.203375 6.835410 1
6.775290 6.640496 2
6.173964 6.936758 1
6.311791 7.282618 1
6.236439 5.984707 2
5.778982 7.195742 1
5.513087 7.016447 1
5.599947 6.895392 1
6.124454 7.204599 1
6.862116 6.880311 2
6.631719 7.227518 1
6.127608 5.195673 2
6.070055 7.308872 1
7.024794 7.314281 2
6.922612 7.239156 1
6.706133 7.730347 2
5.622384 5.656478 1
5.830730 7.559935 1
6.722287 6.909847 1
5.775057 6.563979 1
5.705297 6.482441 1
5.842587 6.430380 1
5.533744 6.581156 1
5.557873 5.064461 2
5.983962 7.228858 1
5.778348 6.292717 1
5.895851 6.288805 1
5.154410 7.012564 2
6.395429 7.818680 2
5.864811 7.265457 1
5.756623 7.304313 1
5.648269 6.275876 1
6.533076 7.023215 1
5.515975 6.101072 2
5.577623 5.550125 2
5.791789 5.519647 1
6.465974 7.128116 1
5.911627 5.479372 1
5.881123 6.555159 1
5.477098 6.708196 1
5.923215 5.140003 2
5.802876 5.196856 1
6.134613 6.033668 1
5.436562 6.612066 1
6.594790 6.921363 1
6.010065 5.411418 1
6.621301 7.323880 1
5.960152 6.379493 1
5.821927 5.301469 1
6.122543 7.390570 1
5.279744 7.252313 2
6.571133 7.724998 1
5.743260 7.394180 1
6.427768 6.742944 1
5.345887 6.568316 1
5.402276 7.244334 1
4.921848 6.875056 3
5.846077 6.642434 1
5.994973 6.290595 1
5.429159 5.090853 3
5.450286 7.125034 1
6.512930 6.825555 1
5.987270 5.305165 1
5.907853 5.249306 1
5.906826 5.361221 1
6.289138 7.868203 2
5.523358 5.669412 2
5.660082 6.583299 1
6.624644 7.818213 3
6.494907 7.791564 2
6.725146 7.264184 1
6.198315 7.931916 2
5.837869 6.177964 1
6.015219 5.208495 2
 0 1 2
 3 4 5
 4 6 5
 7 8 9
 9 8 10
 11 1 0
 12 13 14
 12 5 13
 15 16 17
 18 17 16
 19 20 21
 22 23 24
 25 26 27
 28 29 30
 11 30 29
 31 32 33
 19 21 34
 35 36 37
 38 39 40
 41 42 43
 44 45 46
 47 25 30
 19 48 49
 19 50 20
 51 52 53
 54 40 55
 56 57 55
 54 55 57
 58 59 60
 61 60 59
 54 32 62
 31 62 32
 63 53 52
 38 64 39
 49 36 35
 65 27 26
 31 33 66
 23 67 24
 13 68 69
 70 69 68
 19 71 48
 32 72 73
 74 75 76
 77 78 79
 25 27 80
 81 32 73
 82 83 84
 85 34 21
 86 87 88
 56 55 89
 90 91 92
 18 93 17
 54 57 32
 61 94 95
 96 97 98
 98 97 99
 100 101 102
 82 102 101
 103 2 1
 58 104 105
 28 30 25
 90 92 106
 44 107 45
 108 109 94
 110 94 109
 111 112 113
 47 26 25
 114 84 52
 115 116 117
 118 119 113
 6 113 120
 121 122 101
 82 101 122
 112 120 113
 85 109 34
 118 123 119
 124 125 126
 77 79 127
 111 119 64
 82 128 83
 39 64 119
 129 80 27
 51 130 131
 132 75 74
 61 59 94
 133 134 135
 136 137 138
 47 138 137
 28 25 80
 111 139 112
 140 16 141
 11 142 1
 19 35 50
 143 20 50
 144 145 146
 19 34 71
 133 135 147
 13 69 14
 77 122 78
 56 89 148
 103 1 149
 150 151 152
 153 105 104
 15 141 16
 44 46 154
 155 134 156
 155 157 158
 159 160 161
 162 161 160
 46 163 164
 159 165 166
 167 140 97
 96 167 97
 18 145 144
 103 120 112
 168 164 163
 169 152 151
 19 49 35
 148 89 170
 86 29 87
 18 144 93
 171 172 173
 22 173 172
 121 101 174
 132 126 125
 136 175 139
 70 176 69
 61 95 177
 41 43 178
 44 178 43
 65 179 27
 136 138 175
 28 180 29
 32 81 33
 181 66 33
 18 182 145
 65 183 179
 28 184 185
 86 186 29
 11 29 186
 187 117 116
 41 188 42
 132 189 126
 118 190 105
 49 191 36
 103 192 120
 115 117 193
 6 194 5
 162 178 154
 77 127 179
 195 12 14
 23 195 14
 129 27 196
 105 190 197
 153 198 199
 12 172 200
 47 30 0
 132 201 75
 132 74 189
 124 126 202
 121 174 165
 203 42 188
 204 200 172
 171 49 48
 55 199 198
 103 138 2
 171 191 49
 205 206 76
 140 141 207
 208 166 165
 34 109 209
 132 210 201
 51 131 52
 103 112 175
 211 212 213
 205 146 145
 150 145 182
 114 52 131
 162 164 161
 79 161 164
 63 212 53
 150 167 151
 18 16 182
 22 195 23
 99 10 8
 162 160 178
 51 53 214
 108 94 59
 44 154 178
 155 215 157
 46 164 154
 28 185 180
 77 179 183
 103 149 192
 168 127 164
 79 164 127
 3 200 216
 159 161 165
 63 213 212
 63 217 213
 218 213 217
 108 209 109
 115 201 210
 56 148 219
 121 165 161
 46 45 163
 7 9 36
 220 36 9
 221 91 222
 63 52 223
 124 224 125
 114 225 84
 133 166 226
 159 166 227
 155 156 215
 140 207 97
 118 105 123
 153 123 105
 23 228 67
 229 160 227
 159 227 160
 82 122 128
 162 154 164
 47 2 138
 155 135 134
 124 67 228
 52 84 223
 211 213 230
 82 225 102
 132 125 210
 229 178 160
 86 88 193
 204 216 200
 6 4 113
 54 231 40
 232 233 158
 108 91 209
 90 209 91
 27 234 196
 7 36 191
 140 182 16
 235 231 62
 231 54 62
 236 210 125
 51 214 235
 39 123 199
 153 199 123
 229 237 178
 41 178 237
 96 98 151
 238 151 98
 136 230 213
 118 113 4
 99 8 24
 22 24 8
 136 213 239
 218 239 213
 240 147 135
 171 241 172
 242 148 170
 29 180 87
 100 174 101
 58 60 104
 221 92 91
 243 97 207
 58 222 59
 55 40 199
 44 43 107
 12 195 172
 236 116 210
 3 5 200
 22 172 195
 108 59 244
 112 139 175
 204 172 241
 115 210 116
 121 78 122
 70 149 245
 51 235 246
 111 113 119
 118 4 190
 3 190 4
 61 247 60
 238 24 67
 61 177 247
 77 128 122
 28 80 184
 136 139 230
 121 161 78
 79 78 161
 108 244 91
 171 48 106
 90 106 48
 1 245 149
 73 248 81
 181 81 248
 111 64 249
 65 250 183
 155 158 233
 251 215 156
 13 5 194
 252 60 247
 236 125 224
 111 249 139
 242 247 177
 65 137 250
 187 116 253
 34 209 71
 90 71 209
 38 231 214
 91 244 222
 83 223 84
 136 239 137
 235 214 231
 7 173 8
 38 40 231
 31 130 246
 96 151 167
 254 188 237
 41 237 188
 252 170 89
 39 199 40
 22 8 173
 82 84 225
 229 227 147
 47 137 26
 232 255 233
 65 26 137
 99 97 10
 243 10 97
 204 106 92
 229 147 256
 86 193 117
 37 36 257
 220 257 36
 208 165 174
 103 175 138
 208 258 226
 39 119 123
 56 219 72
 37 50 35
 179 127 234
 168 234 127
 86 117 186
 90 48 71
 187 186 117
 187 142 186
 11 186 142
 169 189 206
 74 206 189
 12 200 5
 51 246 130
 47 0 2
 211 249 64
 137 239 250
 179 234 27
 58 105 197
 236 253 116
 38 259 64
 211 64 259
 73 72 219
 11 0 30
 153 104 198
 242 170 247
 100 258 174
 99 24 98
 238 98 24
 168 163 196
 243 207 260
 171 173 191
 252 104 60
 31 246 62
 168 196 234
 221 197 190
 70 253 176
 243 260 261
 169 262 189
 70 245 253
 63 223 217
 83 217 223
 32 57 72
 56 72 57
 143 50 263
 37 263 50
 208 226 166
 129 184 80
 243 9 10
 218 264 183
 77 183 264
 187 253 245
 218 217 264
 83 264 217
 204 241 106
 204 92 216
 181 33 81
 208 174 258
 243 261 9
 220 9 261
 221 216 92
 7 191 173
 139 249 230
 126 189 262
 192 68 194
 13 194 68
 221 190 216
 3 216 190
 133 147 227
 133 227 166
 171 106 241
 124 202 67
 240 255 256
 254 256 255
 58 197 222
 124 228 224
 69 224 228
 74 76 206
 236 176 253
 23 14 228
 155 233 135
 240 135 233
 240 256 147
 252 247 170
 218 183 250
 187 245 142
 38 214 259
 53 259 214
 240 233 255
 238 67 202
 254 255 265
 232 265 255
 77 264 128
 37 257 263
 169 151 262
 1 142 245
 221 222 197
 192 149 68
 70 68 149
 238 262 151
 83 128 264
 229 256 237
 254 237 256
 69 228 14
 254 265 188
 203 188 265
 69 176 224
 236 224 176
 218 250 239
 211 230 249
 59 222 244
 252 198 104
 205 152 206
 192 194 120
 6 120 194
 252 89 198
 205 145 152
 169 206 152
 211 259 212
 53 212 259
 235 62 246
 238 202 262
 55 198 89
 150 152 145
 150 182 167
 140 167 182
 126 262 202
 0
 0
 0
 16
 133 114 100 31 181 66 251 134 102 248 130 156 131 226 258 225
 9
 242 73 110 95 148 248 94 177 219
 0
 0
 0
 11
 143 85 220 110 20 21 109 263 257 260 261
 5
 15 17 141 207 260
 0
 2
 17 93
 21
 129 115 205 42 201 144 75 193 196 184 93 87 45 88 185 43 107 163 180 146 76
 0
 0
 0
 0
 0
 0
 0
 0
 0
 0
 0
 8
 232 203 251 42 157 158 265 215
 0
 0
 0
 0
