266 472
4.843771 7.742307 1
4.766234 7.666049 1
4.942622 7.631082 1
4.821928 7.549235 1
3.642383 7.890832 1
3.511250 7.910295 2
3.556786 7.772664 1
3.421979 7.817657 1
4.410115 6.599568 1
4.332772 6.515707 1
4.483908 6.449684 2
4.330570 6.401648 1
3.828752 6.011590 1
3.775733 5.907977 2
3.940711 5.922763 2
3.720820 6.912322 1
3.724187 6.781441 1
3.827966 6.839842 1
3.623137 6.846333 1
3.481136 6.425205 1
3.351527 6.339208 2
3.475854 6.270106 2
4.543251 6.941085 1
4.651010 6.849020 1
4.676975 7.006541 1
3.711240 7.702978 1
3.753700 7.593210 1
3.852340 7.744352 1
3.880420 7.593835 1
4.209164 6.676344 1
4.083702 6.608777 1
4.210244 6.520789 1
4.047033 6.461767 1
4.176283 7.510770 1
4.021476 7.534031 1
4.107207 7.367772 1
3.968200 7.421478 1
3.598216 6.522669 1
3.456605 6.579809 1
3.615132 6.728545 1
4.007149 7.706590 1
3.301613 6.552069 2
3.350997 6.695115 2
3.245531 7.230278 1
3.155838 7.313945 2
3.091022 7.181091 2
3.621964 6.380307 1
3.617217 6.218404 1
3.892871 7.484823 1
4.374683 7.131568 1
4.237511 7.038578 1
4.349758 7.017886 1
4.218152 7.147321 1
3.777973 6.416477 1
3.922608 6.355734 1
3.912579 6.474751 1
4.566793 6.573065 2
4.145229 7.234875 1
4.059261 7.122772 1
4.813176 7.911351 2
4.948983 7.864202 2
4.059628 6.004992 2
3.938392 6.086611 1
3.369663 6.458298 2
3.927176 6.221677 1
3.770183 6.156655 1
3.589037 5.975732 2
3.652773 5.830866 3
3.510660 7.636990 1
3.447775 7.505364 1
3.627092 7.551364 1
3.559541 7.424548 1
5.087629 7.126500 1
5.238856 7.112688 2
5.122115 7.262406 1
5.279744 7.252313 2
4.534422 7.490746 1
4.536436 7.376394 1
4.672927 7.475581 1
4.652640 7.350923 1
4.834458 7.281233 1
4.974308 7.230979 1
4.991446 7.348893 1
5.115304 7.631296 1
5.248849 7.594256 1
5.241812 7.726308 1
4.900292 7.423846 1
3.714106 6.028776 1
5.125394 7.766198 1
4.576108 7.607667 1
4.386937 7.957093 1
4.280149 8.028477 1
4.251044 7.871155 1
4.121198 7.040025 1
4.711037 7.794382 1
4.598866 7.059680 1
3.819483 6.289340 1
3.572550 6.630432 1
3.721129 6.618779 1
4.168963 6.230496 2
4.053305 6.149411 1
4.156271 6.085233 2
4.452465 6.301439 2
3.720242 7.024384 1
3.818640 6.978978 1
3.808242 7.139900 1
4.050350 6.303873 1
3.710642 6.294157 1
4.468042 7.715165 1
4.502781 7.876628 1
4.367325 7.805503 1
4.584562 7.758676 1
4.511151 8.049745 2
4.448827 8.208036 2
4.387048 8.081140 1
3.635663 6.101223 1
4.771996 6.822196 2
4.921848 6.875056 3
4.776976 6.939325 1
3.758244 7.836802 1
4.153456 7.978736 1
4.177986 8.088549 1
4.026791 8.054142 1
3.481774 7.339940 1
3.377903 7.389180 1
4.581967 7.159510 1
4.698600 7.260993 1
4.564543 7.276639 1
4.715678 7.142967 1
3.910329 7.913257 1
4.106899 8.169879 1
4.707977 7.588343 1
4.770649 7.392766 1
5.097023 7.394842 1
3.919438 7.045442 1
4.951414 7.741698 1
4.308178 8.162348 2
4.193398 8.227467 2
3.219912 7.099728 2
5.019200 7.792492 1
5.087064 7.877637 2
4.045402 7.234003 1
3.764626 7.978360 1
4.597871 7.963859 1
3.838081 6.567790 1
4.856603 7.145395 1
3.384366 7.927693 2
3.246407 7.816896 3
4.142662 7.770654 1
4.062350 7.835704 1
3.603015 8.014289 2
3.963344 8.167383 2
5.281466 7.474548 1
5.354449 7.365193 2
5.421016 7.473299 2
4.872307 7.020385 1
4.252996 7.294376 1
4.354853 7.244166 1
3.538919 6.806466 1
3.826000 6.707777 1
5.020481 7.500053 1
5.001524 7.020991 1
5.076235 6.911542 2
3.349836 7.708594 1
3.508303 6.124942 2
3.969505 6.572711 1
5.553058 7.626899 3
5.449233 7.590049 1
5.568016 7.505361 2
4.031507 7.932813 1
4.187191 6.370886 1
4.303561 6.275100 2
3.953669 7.810437 1
4.921330 7.526054 1
3.668547 7.791031 1
4.963239 7.116050 1
3.755050 7.484173 1
3.678781 7.358489 1
3.839210 7.390600 1
3.572624 7.136677 1
3.620426 6.995499 1
3.674249 7.116525 1
3.512885 7.022688 1
3.924407 6.778689 1
3.918741 6.904608 1
3.706648 6.508783 1
4.231218 7.410373 1
4.380692 6.783002 1
4.327588 6.682076 1
4.485376 6.682701 1
3.713003 8.075606 2
4.282556 6.957081 1
4.143545 6.940578 1
4.203537 6.832942 1
4.446509 7.322335 1
4.440694 7.457618 1
5.209591 7.373124 1
4.347909 7.403681 1
4.102388 6.731255 1
4.042965 6.835967 1
5.154410 7.012564 2
3.919992 8.025494 1
4.657690 8.056572 2
3.914390 6.657681 1
3.414002 6.824035 1
3.397062 6.972573 1
3.277380 6.882189 2
4.054682 8.266901 3
3.578867 7.278636 1
4.291726 6.598414 1
5.344021 7.672044 1
5.460635 7.695292 2
5.368001 7.803230 3
5.348897 7.561344 1
4.476462 7.048297 1
4.404589 6.915154 1
3.770442 7.300319 1
4.251238 7.728322 1
3.704860 7.213806 1
3.874635 7.269837 1
3.823353 8.107009 2
4.141549 7.641022 1
3.971478 7.312364 1
4.667230 7.685610 1
4.614072 7.870597 1
4.361379 7.659491 1
4.454059 7.580986 1
4.357193 7.543555 1
3.263058 7.656786 2
3.440204 7.103339 1
3.340920 7.072015 1
4.140000 7.877362 1
4.504460 6.802976 1
5.028214 7.709449 1
3.943378 7.179153 1
4.309435 6.850822 1
3.603919 7.676636 1
3.305654 7.465668 1
4.001836 6.698579 1
4.286083 6.765038 1
4.595124 6.705735 1
3.350084 7.183947 1
5.162119 7.494687 1
4.022027 6.978586 1
3.320114 7.573364 1
3.182489 7.548820 2
3.277499 6.994697 2
3.205936 7.420095 2
4.776282 7.054303 1
3.467101 7.227109 1
3.224849 6.748847 2
3.316807 6.787547 1
4.464261 7.193318 1
5.229473 7.854873 2
3.481405 6.723879 1
4.689008 6.623161 2
4.258708 7.599420 1
3.652785 7.454267 1
4.712487 6.733693 2
3.366880 7.285813 1
3.278885 7.344421 1
3.451642 7.720843 1
4.274262 7.493560 1
3.519023 6.909560 1
4.698055 7.935896 2
3.408854 7.624741 1
 0 1 2
 1 3 2
 4 5 6
 7 6 5
 8 9 10
 11 10 9
 12 13 14
 15 16 17
 18 16 15
 19 20 21
 22 23 24
 25 26 27
 27 26 28
 29 30 31
 32 31 30
 33 34 35
 36 35 34
 19 37 38
 39 16 18
 40 28 34
 41 38 42
 43 44 45
 19 21 46
 47 46 21
 28 48 34
 49 50 51
 49 52 50
 53 54 55
 8 10 56
 52 57 58
 59 0 60
 61 62 14
 41 63 38
 19 38 63
 64 65 62
 12 62 65
 66 67 13
 68 69 70
 71 70 69
 72 73 74
 75 74 73
 76 77 78
 79 78 77
 32 55 54
 12 14 62
 80 81 82
 83 84 85
 80 82 86
 66 13 87
 83 85 88
 40 27 28
 76 78 89
 90 91 92
 93 52 58
 59 94 0
 22 24 95
 53 96 54
 39 97 98
 64 96 65
 99 100 101
 11 102 10
 103 104 105
 64 100 106
 99 106 100
 72 74 81
 47 65 107
 108 109 110
 108 111 109
 112 113 114
 47 115 65
 116 117 118
 25 27 119
 90 109 112
 120 121 122
 123 71 69
 124 123 69
 125 126 127
 125 128 126
 81 74 82
 129 119 27
 130 122 121
 24 23 118
 19 63 20
 78 131 89
 79 132 78
 133 82 74
 12 65 87
 32 54 106
 120 92 91
 134 105 104
 0 135 60
 136 137 121
 43 45 138
 19 46 37
 139 140 60
 141 58 57
 129 142 119
 79 126 132
 39 98 16
 112 109 143
 98 97 37
 3 132 86
 53 55 144
 80 145 81
 7 146 147
 40 148 149
 125 95 128
 24 128 95
 4 142 150
 130 151 122
 152 153 154
 155 118 117
 156 52 157
 49 157 52
 39 18 158
 98 144 159
 86 82 160
 36 34 48
 90 92 110
 155 117 161
 162 161 117
 7 147 163
 47 21 164
 3 78 132
 133 160 82
 61 100 62
 66 115 164
 32 165 55
 166 167 168
 154 168 167
 136 121 91
 120 122 169
 11 170 171
 65 96 107
 40 149 172
 3 86 173
 80 128 145
 25 119 174
 155 175 145
 176 177 178
 179 180 181
 182 180 179
 129 172 169
 99 171 170
 17 183 184
 156 35 57
 155 161 175
 37 46 185
 32 106 170
 99 170 106
 149 169 172
 116 118 23
 156 186 35
 72 81 175
 53 144 185
 187 188 189
 142 190 150
 191 192 193
 194 77 195
 11 31 170
 152 196 153
 75 153 196
 53 185 46
 32 30 165
 0 2 135
 194 195 197
 83 2 160
 29 193 198
 199 198 193
 72 161 200
 162 200 161
 40 172 27
 129 169 201
 202 112 143
 32 170 31
 203 159 144
 204 205 206
 191 51 50
 80 86 132
 103 105 181
 137 207 130
 122 201 169
 64 62 100
 129 27 172
 71 208 177
 4 119 142
 29 31 209
 194 197 157
 156 157 197
 210 211 212
 17 159 183
 65 115 87
 98 37 185
 152 154 213
 80 132 126
 22 214 215
 177 216 178
 217 110 92
 98 159 16
 29 198 30
 139 60 135
 217 92 148
 8 56 189
 90 112 114
 218 105 216
 219 216 105
 72 200 73
 141 57 35
 220 201 151
 122 151 201
 40 221 148
 141 35 222
 36 222 35
 223 94 111
 224 111 94
 220 142 201
 129 201 142
 108 225 226
 220 190 142
 33 221 34
 40 34 221
 11 171 102
 38 37 97
 227 226 225
 147 228 163
 214 51 215
 33 35 186
 36 178 222
 219 222 178
 182 229 205
 230 205 229
 92 231 148
 218 177 208
 224 143 109
 25 70 26
 187 232 215
 22 215 232
 223 111 89
 108 89 111
 0 94 1
 83 233 2
 219 234 222
 11 9 31
 130 121 137
 191 50 192
 3 173 2
 191 193 235
 25 236 70
 141 222 234
 187 189 232
 64 54 96
 218 208 179
 124 69 237
 3 131 78
 199 183 238
 199 238 198
 29 239 193
 240 23 232
 22 232 23
 43 138 241
 230 241 138
 8 189 188
 28 26 176
 48 28 176
 53 46 107
 199 193 192
 223 1 94
 152 84 242
 53 107 96
 93 50 52
 136 114 113
 134 243 58
 108 110 225
 217 225 110
 156 57 52
 244 245 237
 61 101 100
 80 126 128
 79 127 126
 86 160 173
 133 74 196
 75 196 74
 64 106 54
 244 237 69
 206 205 246
 247 237 245
 90 110 109
 24 248 128
 71 123 208
 130 207 151
 224 109 111
 218 181 105
 83 242 84
 249 179 208
 223 89 131
 250 251 206
 199 192 243
 199 184 183
 125 252 214
 49 214 252
 128 248 145
 199 243 184
 12 87 13
 210 85 84
 204 206 251
 139 88 140
 253 140 88
 249 229 179
 182 179 229
 240 189 56
 176 26 70
 98 185 144
 38 254 42
 204 42 254
 90 114 91
 136 91 114
 253 88 85
 240 56 255
 33 256 221
 7 5 146
 133 242 160
 47 164 115
 66 87 115
 217 221 256
 4 150 5
 152 242 196
 47 107 46
 83 88 233
 155 145 248
 134 58 234
 17 184 104
 68 70 236
 219 105 234
 156 197 186
 83 160 242
 22 95 214
 133 196 242
 218 216 177
 71 177 257
 253 85 212
 240 258 23
 116 23 258
 176 257 177
 134 104 184
 43 259 260
 68 6 261
 7 261 6
 43 241 259
 93 243 192
 244 228 245
 134 234 105
 81 145 175
 230 246 205
 176 70 257
 204 251 42
 134 184 243
 76 195 77
 71 257 70
 227 225 256
 108 226 89
 4 6 174
 139 233 88
 210 212 85
 227 262 197
 250 42 251
 217 148 221
 68 236 6
 227 197 195
 103 181 180
 72 175 161
 230 138 246
 2 173 160
 93 58 243
 218 179 181
 38 97 254
 39 254 97
 120 91 121
 182 263 180
 59 264 94
 224 94 264
 18 180 263
 182 205 263
 93 192 50
 17 16 159
 244 69 265
 68 265 69
 204 263 205
 249 241 229
 230 229 241
 244 265 163
 7 163 261
 204 254 158
 244 163 228
 120 231 92
 217 256 225
 8 188 209
 76 89 226
 249 208 123
 8 209 9
 240 232 189
 4 174 119
 210 167 211
 176 178 48
 124 237 260
 247 260 237
 30 238 165
 204 158 263
 152 213 84
 210 84 213
 210 213 167
 155 248 118
 24 118 248
 247 44 260
 43 260 44
 203 183 159
 49 51 214
 219 178 216
 125 214 95
 25 174 236
 6 236 174
 203 165 238
 33 262 256
 191 215 51
 36 48 178
 30 198 238
 55 165 144
 203 144 165
 227 256 262
 17 104 15
 203 238 183
 3 1 131
 240 255 258
 194 127 77
 39 158 254
 120 169 231
 149 231 169
 194 157 252
 49 252 157
 197 262 186
 103 15 104
 149 148 231
 141 234 58
 249 123 259
 124 259 123
 79 77 127
 191 235 215
 187 215 235
 202 143 264
 224 264 143
 194 252 127
 29 188 239
 18 263 158
 103 180 15
 18 15 180
 166 211 167
 124 260 259
 249 259 241
 29 209 188
 125 127 252
 33 186 262
 187 239 188
 227 195 226
 76 226 195
 31 9 209
 154 167 213
 223 131 1
 68 261 265
 163 265 261
 139 135 233
 2 233 135
 193 239 235
 187 235 239
 8
 220 147 5 151 146 150 207 190
 0
 0
 14
 99 116 61 10 67 117 56 171 102 14 13 255 258 101
 0
 0
 18
 66 250 41 247 20 45 147 67 21 206 164 42 245 138 44 63 246 228
 12
 136 253 59 202 112 113 212 140 137 60 264 207
 3
 166 212 211
 0
 0
 0
 0
 9
 75 162 166 154 73 117 168 153 200
 0
 0
 0
 0
 0
 0
 0
 0
 0
 0
 0
 0
 0
 0
 0
