271 477
5.257092 4.951127 1
5.213462 4.793371 2
5.330429 4.858052 2
5.151765 4.907310 1
4.623034 6.302894 1
4.483908 6.449684 2
4.452465 6.301439 2
3.757726 4.591319 2
3.841367 4.732700 1
3.696275 4.709718 1
4.723909 5.068506 1
4.847394 4.979242 1
4.890870 5.132880 1
5.017903 4.996035 1
3.940711 5.922763 2
3.775733 5.907977 2
3.906242 5.805687 1
4.596781 5.505511 1
4.767055 5.487215 1
4.696230 5.614021 1
4.550435 6.184982 1
5.056756 4.851300 1
5.088861 4.732314 1
5.222429 5.423650 1
5.284202 5.287165 1
5.358247 5.399813 1
4.243496 4.933706 1
4.234445 4.810615 2
4.356071 4.907642 1
4.682370 6.145089 1
4.738197 6.044947 1
4.770121 6.206210 1
3.989424 5.286408 1
4.150170 5.339636 1
4.049580 5.430021 1
4.102524 5.218718 1
4.390341 4.809024 2
4.844717 6.127686 1
3.894337 4.620393 2
5.087639 5.919766 1
5.172787 6.042550 1
5.027209 6.035408 1
4.741090 4.800401 1
4.777213 4.665328 2
4.865252 4.762175 1
4.639359 4.733263 2
3.406950 5.209372 2
3.306184 5.104462 2
3.421729 5.051481 1
4.634031 5.393753 1
5.146527 5.660914 1
5.281844 5.563485 1
5.260324 5.714407 1
3.965637 4.859202 1
4.098414 4.774844 2
4.116724 4.919291 1
3.629506 5.674319 2
3.675593 5.526574 1
3.741936 5.683527 1
3.789196 5.580353 1
5.128078 5.529068 1
3.945071 5.537083 1
3.889776 5.689489 1
5.427352 5.250156 1
4.403582 5.393932 1
4.367148 5.274304 1
4.506149 5.309174 1
4.519849 5.664965 1
4.478020 5.792209 1
4.405655 5.647001 1
4.358768 5.740221 1
3.285072 4.974949 1
4.725826 4.925068 1
3.420814 4.912316 1
3.522639 5.143044 1
3.803937 5.090874 1
3.644509 5.074558 1
3.738236 4.948034 1
5.452739 5.522282 1
3.754881 5.387010 1
3.830001 5.262227 1
3.897923 5.397285 1
4.633508 5.739126 1
4.783075 5.736701 1
3.989231 4.708849 2
3.189224 4.781227 1
3.283570 4.849749 1
3.133970 4.921449 2
5.307677 5.989727 1
5.244080 6.136095 1
4.800302 5.598439 1
3.818583 5.480961 1
4.974689 6.722596 2
4.848577 6.738701 1
4.914988 6.591507 1
4.793907 6.642322 1
4.559124 5.076210 1
4.616161 4.974397 1
4.886099 5.298410 1
4.771914 5.224289 1
4.928779 4.868985 1
3.519192 5.612889 2
3.519774 5.432137 2
4.613519 6.446199 1
4.440813 5.201459 1
3.306064 4.596165 1
3.447032 4.666956 1
3.290806 4.717952 1
3.381533 4.790601 1
4.882155 5.653976 1
5.004355 5.621849 1
4.936058 5.781611 1
5.055205 5.730065 1
4.168963 6.230496 2
4.156271 6.085233 2
4.261810 6.154975 1
3.482398 4.827260 1
5.162831 5.003466 1
4.650256 5.168060 1
5.338184 6.231318 1
5.399867 6.102345 1
5.459824 6.216411 2
3.565191 4.752255 1
5.135509 6.219526 1
5.055723 6.299394 1
4.986338 6.169107 1
4.955557 6.285827 1
5.396432 5.675292 1
5.523358 5.669412 2
5.057843 6.603064 2
5.322007 5.177429 1
4.774349 6.316844 1
5.106018 6.117599 1
5.280290 6.342507 1
5.411267 6.342228 2
5.295508 6.477823 2
5.156132 5.318573 1
4.417337 6.191537 1
4.965833 5.912179 1
4.420889 5.943147 1
4.356926 6.065837 1
4.294610 5.933435 1
4.228453 5.249140 1
4.223283 5.113678 1
4.090350 5.075854 1
4.772575 5.352796 1
4.897430 5.420352 1
4.607901 5.981206 1
4.605456 6.088699 1
5.577623 5.550125 2
3.613718 4.608540 1
3.522887 4.489528 2
4.009738 4.968693 1
3.616906 5.228161 1
3.632662 5.360464 1
3.724198 5.187801 1
5.004020 5.485520 1
5.105770 5.420438 1
3.798507 5.780425 1
5.020781 5.135246 1
5.531351 5.169324 2
5.576156 5.295096 2
4.979389 5.225710 1
3.749798 4.799947 1
3.652773 5.830866 3
4.303561 6.275100 2
4.349597 5.130523 1
5.219138 6.610251 2
5.149235 6.503205 1
3.672231 4.470662 2
4.836123 5.901148 1
3.554677 4.894423 1
3.533933 5.005734 1
4.771996 6.822196 2
4.921848 6.875056 3
5.126162 5.097726 1
4.504116 4.885536 1
4.514215 4.754536 2
4.186042 5.012258 1
5.261233 5.065129 1
5.372214 4.965160 2
5.429159 5.090853 3
4.701678 5.877624 1
5.233618 6.250854 1
4.888825 6.027974 1
5.669859 5.435611 2
5.545734 5.434110 1
4.593714 5.602470 1
4.246490 6.045128 1
3.947360 5.059838 1
3.918432 5.171042 1
5.479351 5.804839 2
5.482297 5.971089 2
5.375283 5.875870 1
5.038819 5.830047 1
4.932013 4.647442 2
4.982566 4.748600 1
4.449084 4.999966 1
5.466787 5.362625 1
4.498084 6.058089 1
5.267864 5.847190 1
5.149359 5.806612 1
4.701714 6.395284 1
3.398920 4.532316 1
3.077367 4.789127 2
5.351101 5.778658 1
5.193571 5.926731 1
3.649375 4.834450 1
3.166606 4.677914 2
4.350440 5.843766 1
3.173604 4.555604 2
4.274296 5.361598 1
4.689008 6.623161 2
4.802021 6.536401 1
3.875270 4.965647 1
4.314944 5.007007 1
4.692145 6.510069 1
4.818504 4.870011 1
4.203794 5.453638 1
4.104136 5.545857 1
3.296501 4.470175 2
4.620383 4.846562 1
4.650166 5.279795 1
4.212558 5.854231 1
4.248597 5.748077 1
4.038553 5.658641 1
4.464545 5.116072 1
3.624146 4.951439 1
5.089581 5.223879 1
5.208089 5.193843 1
4.517680 5.427602 1
2.980428 4.866797 3
4.598559 5.847157 1
4.526024 5.917530 1
3.193439 5.063548 2
4.460289 5.534797 1
4.314150 5.465457 1
4.337113 5.571017 1
4.021440 5.155866 1
5.175752 4.646007 2
5.515975 6.101072 2
3.713630 5.288313 1
3.834062 4.861106 1
4.008707 5.781964 1
5.018191 5.345380 1
4.097756 4.656532 3
3.510435 5.292639 2
5.054547 4.627533 2
4.712487 6.733693 2
5.209268 6.416811 1
4.546166 5.191502 1
5.102062 6.414493 1
5.008130 6.495294 1
5.298054 4.647369 3
4.169448 5.653909 1
4.894711 5.543684 1
3.422117 4.438757 2
3.371267 4.340522 3
4.566793 6.573065 2
4.085330 5.881739 1
4.059628 6.004992 2
4.123805 5.761951 1
4.901669 6.452595 1
4.228028 5.563161 1
4.799413 6.423173 1
4.168519 5.965186 1
4.984843 6.382586 1
4.284595 5.652598 1
5.170027 6.324827 1
4.880465 6.349662 1
4.866957 6.236947 1
 0 1 2
 3 1 0
 4 5 6
 7 8 9
 10 11 12
 13 12 11
 14 15 16
 17 18 19
 4 6 20
 1 21 22
 23 24 25
 26 27 28
 29 30 31
 32 33 34
 35 33 32
 28 27 36
 31 30 37
 38 8 7
 3 21 1
 39 40 41
 42 43 44
 45 43 42
 46 47 48
 17 49 18
 50 51 52
 53 54 55
 23 25 51
 56 57 58
 59 58 57
 60 51 50
 61 62 59
 63 25 24
 64 65 66
 67 68 69
 68 70 69
 71 48 47
 10 72 11
 71 73 48
 46 48 74
 75 76 77
 78 51 25
 79 80 81
 32 81 80
 82 19 83
 53 84 54
 85 86 87
 88 89 40
 19 90 83
 61 59 91
 92 93 94
 95 94 93
 10 96 97
 82 68 67
 98 99 12
 10 12 99
 13 11 100
 56 101 57
 102 57 101
 4 103 5
 104 66 65
 105 106 107
 108 107 106
 71 87 86
 109 110 111
 112 111 110
 113 114 115
 108 106 116
 13 3 117
 10 118 96
 119 120 121
 106 122 116
 10 97 72
 123 124 125
 126 125 124
 78 127 51
 52 51 127
 78 128 127
 92 94 129
 63 24 130
 89 120 119
 4 31 131
 4 29 31
 123 132 89
 133 134 135
 23 136 24
 137 20 6
 39 41 138
 139 140 141
 142 35 143
 144 143 35
 18 145 146
 147 30 148
 29 148 30
 79 91 57
 78 149 128
 150 106 151
 13 21 3
 53 55 152
 153 74 76
 89 132 40
 79 57 154
 75 155 76
 153 76 155
 88 120 89
 156 157 60
 158 16 15
 59 57 91
 13 159 12
 61 81 34
 32 34 81
 63 160 161
 98 12 162
 50 112 110
 163 9 8
 23 51 60
 56 58 164
 158 164 58
 137 115 140
 137 165 115
 142 143 166
 98 146 145
 142 166 65
 167 129 168
 156 60 110
 150 169 7
 102 154 57
 170 111 138
 150 122 106
 60 50 110
 171 172 73
 173 93 174
 13 117 175
 176 36 177
 176 28 36
 144 152 55
 123 125 132
 144 55 178
 179 180 181
 170 182 83
 4 20 29
 23 60 157
 158 58 62
 123 89 183
 63 130 181
 27 55 54
 27 26 55
 41 125 184
 185 186 161
 82 67 187
 188 141 140
 109 83 90
 75 189 190
 75 190 80
 191 192 193
 88 193 192
 111 194 138
 44 195 196
 170 30 182
 176 97 197
 96 197 97
 63 181 160
 59 62 58
 78 25 198
 82 83 182
 139 199 140
 44 196 100
 147 182 30
 52 200 201
 4 131 202
 106 203 151
 13 100 21
 85 87 204
 185 149 186
 191 205 127
 39 206 40
 163 77 207
 105 107 208
 150 151 169
 88 192 120
 37 184 125
 44 43 195
 88 200 193
 170 83 111
 109 111 83
 63 161 198
 70 68 209
 105 208 210
 171 73 116
 78 198 186
 139 209 68
 64 211 65
 144 189 152
 88 206 200
 95 212 213
 75 214 189
 76 74 172
 215 197 166
 216 213 212
 53 8 84
 122 9 207
 150 9 122
 32 80 190
 176 197 28
 48 73 172
 100 11 217
 218 219 34
 105 210 220
 137 199 20
 176 177 221
 75 77 214
 61 34 219
 222 49 66
 92 174 93
 179 181 130
 44 100 217
 137 6 165
 88 40 206
 223 224 209
 61 225 62
 52 205 200
 197 226 166
 76 227 77
 61 91 81
 158 15 164
 228 229 136
 66 49 230
 231 204 87
 41 40 132
 18 49 145
 167 168 135
 24 136 229
 45 221 177
 82 187 19
 147 232 182
 191 193 205
 147 199 233
 139 233 199
 71 234 87
 64 235 236
 237 236 235
 144 238 189
 22 239 1
 121 120 240
 191 127 128
 53 152 214
 189 214 152
 79 241 80
 75 80 155
 98 145 99
 222 99 145
 163 242 77
 243 62 225
 228 136 244
 105 203 106
 245 54 84
 46 74 246
 153 246 74
 77 227 207
 41 184 138
 195 247 196
 22 196 247
 95 93 248
 48 172 74
 135 168 249
 158 62 16
 170 184 30
 82 232 68
 96 118 250
 37 30 184
 52 127 205
 61 219 225
 63 198 25
 251 168 252
 147 233 232
 161 186 198
 253 1 239
 139 68 233
 53 242 8
 67 235 187
 254 225 219
 102 246 154
 153 154 246
 72 217 11
 41 132 125
 243 16 62
 39 138 194
 17 187 235
 218 34 33
 223 209 141
 179 0 180
 129 252 168
 22 247 239
 32 238 35
 142 33 35
 52 201 50
 228 159 175
 173 248 93
 228 175 229
 104 250 66
 222 66 250
 13 175 159
 18 146 255
 256 151 203
 38 84 8
 244 136 157
 256 220 257
 216 212 258
 243 259 14
 260 14 259
 179 229 175
 254 261 225
 98 162 244
 105 220 203
 256 203 220
 78 186 149
 137 140 199
 32 190 238
 163 207 9
 150 7 9
 215 143 178
 39 201 206
 200 206 201
 17 19 187
 222 118 99
 10 99 118
 5 103 258
 216 258 103
 199 148 20
 171 122 207
 18 90 19
 170 138 184
 156 146 244
 98 244 146
 243 225 261
 95 213 94
 70 209 224
 71 86 73
 108 73 86
 171 116 122
 228 244 162
 262 94 213
 200 205 193
 71 47 234
 142 211 33
 218 33 211
 147 148 199
 215 166 143
 179 175 117
 218 263 219
 156 110 255
 109 255 110
 104 65 166
 215 26 28
 113 115 165
 188 140 115
 254 219 263
 215 178 26
 4 202 103
 82 182 232
 95 248 212
 67 69 235
 2 180 0
 188 115 114
 192 240 120
 112 194 111
 104 226 250
 96 250 226
 156 244 157
 189 238 190
 85 204 208
 216 264 213
 223 141 265
 188 265 141
 216 202 264
 108 116 73
 237 235 69
 85 107 86
 108 86 107
 223 261 224
 262 252 94
 79 81 91
 222 145 49
 129 94 252
 153 241 154
 17 230 49
 144 178 143
 133 135 249
 85 208 107
 228 162 159
 251 252 266
 64 66 230
 22 21 196
 100 196 21
 77 242 214
 260 259 265
 223 265 259
 70 267 69
 254 224 261
 144 35 238
 96 226 197
 24 229 130
 179 130 229
 121 134 119
 133 119 134
 223 259 261
 251 124 268
 79 154 241
 251 266 124
 55 26 178
 171 207 227
 64 230 235
 17 235 230
 222 250 118
 215 28 197
 218 236 263
 237 263 236
 243 14 16
 260 265 114
 23 157 136
 29 20 148
 243 261 259
 251 249 168
 142 65 211
 153 155 241
 64 236 211
 218 211 236
 163 8 242
 70 224 267
 72 97 221
 176 221 97
 12 159 162
 126 266 269
 262 269 266
 262 266 252
 237 69 267
 53 214 242
 109 90 255
 18 255 90
 156 255 146
 112 50 201
 123 183 268
 126 124 266
 139 141 209
 131 264 202
 80 241 155
 104 166 226
 216 103 202
 126 270 125
 37 125 270
 131 269 264
 72 42 217
 44 217 42
 39 194 201
 112 201 194
 188 114 265
 133 249 268
 262 213 264
 133 268 183
 251 268 249
 123 268 124
 68 232 233
 254 267 224
 179 117 0
 262 264 269
 171 227 172
 76 172 227
 131 270 269
 254 263 267
 3 0 117
 131 31 270
 133 183 119
 237 267 263
 126 269 270
 45 42 221
 72 221 42
 89 119 183
 37 270 31
 0
 0
 0
 0
 14
 113 173 260 5 164 174 258 165 6 14 15 212 248 114
 0
 10
 231 46 56 102 101 164 87 47 246 234
 0
 0
 0
 0
 0
 0
 16
 185 121 191 167 92 129 181 161 192 174 135 160 134 149 128 240
 0
 0
 0
 8
 38 256 245 169 7 84 151 257
 6
 231 220 210 204 208 257
 0
 0
 0
 0
 0
 5
 253 2 181 1 180
 0
 11
 253 27 245 45 195 36 177 247 54 239 43
 0
 0
