271 480
5.075511 3.255838 1
4.968703 3.179825 1
5.122739 3.104407 1
4.970822 4.493345 1
5.151458 4.531467 1
5.054547 4.627533 2
5.007074 3.044911 1
5.507239 3.685842 1
5.535018 3.555948 1
5.619704 3.700251 1
5.682586 3.599695 1
6.505392 2.912363 1
6.463891 3.083112 1
6.394594 2.906682 1
6.322877 2.991369 1
5.103247 4.421588 1
5.214097 3.331745 1
5.065293 3.368719 1
5.846843 3.183881 1
5.884804 3.080605 1
5.940642 3.220175 1
6.058446 3.837669 2
5.876711 3.891672 2
5.957494 3.764695 1
5.345166 4.081958 1
5.223313 4.165204 1
5.225334 4.010153 1
5.087319 4.059354 1
5.003970 3.950645 1
4.940084 4.025068 1
4.639359 4.733263 2
4.666161 4.606328 1
4.777213 4.665328 2
5.997469 3.137192 1
4.979978 4.129759 1
6.232348 2.645741 1
6.323233 2.547328 2
6.349832 2.687730 2
6.458221 2.769819 2
6.590697 2.811427 2
5.118882 3.475273 1
4.845317 3.097768 2
4.694458 3.842130 1
4.748693 3.756030 1
4.857194 3.886184 1
4.935095 3.324694 1
5.745697 3.173218 1
5.735101 3.058170 1
4.854363 3.730528 1
5.155808 4.309731 1
5.021509 4.346021 1
5.072066 4.195681 1
5.546039 4.041147 1
5.645875 3.954549 1
5.657291 4.098102 2
5.014447 3.851910 1
5.929688 2.502023 2
5.965956 2.652368 1
5.839457 2.581542 2
5.382433 3.262294 1
5.349648 3.407403 1
6.033929 2.753751 1
6.050534 2.866902 1
5.894266 2.803605 1
5.944719 2.927681 1
6.350657 3.114302 1
5.404654 3.643694 1
5.176482 3.200482 1
4.980274 3.545190 1
4.992145 3.435794 1
6.070206 3.682619 2
5.938301 3.649847 1
6.056940 3.532387 1
5.894660 3.516148 1
5.076163 3.588451 1
5.056581 2.785297 3
5.135196 2.938230 1
4.979111 2.910539 2
4.667202 3.462225 1
4.605954 3.329224 3
4.769167 3.354741 1
4.706223 3.210999 2
4.384297 4.111179 1
4.321894 4.212945 1
4.274329 4.054249 2
6.296707 3.204232 1
6.185885 3.204252 1
6.239849 3.085736 1
5.244003 3.003819 1
4.208792 4.172944 2
5.387218 3.530872 1
6.048975 2.539656 2
5.491504 3.133132 1
5.603273 3.042680 1
5.642973 3.185237 1
6.551127 3.130996 1
6.429959 3.207061 1
5.853254 2.683828 1
4.905974 2.997900 2
5.253133 3.592055 1
5.149763 3.675928 1
4.840199 3.236122 1
5.521235 3.272081 1
6.600846 2.932975 1
4.946111 4.241687 1
5.809717 3.636134 1
6.220135 3.313431 1
6.111645 3.123548 1
6.332080 3.337939 1
6.553434 3.253668 2
5.544936 3.387389 1
5.672415 3.443717 1
5.817223 2.939673 1
4.531424 4.616923 1
4.485788 4.489397 1
4.613379 4.491912 1
4.293717 4.469721 1
4.224833 4.577634 1
4.176639 4.432660 2
5.254696 3.469616 1
5.356595 3.148484 1
5.688493 2.933833 1
6.351488 2.797552 1
5.559829 2.921219 1
5.639620 2.821225 1
4.932013 4.647442 2
5.275603 3.211721 1
4.759320 3.939040 1
6.184692 2.536127 2
4.892799 3.621217 1
4.877970 3.460608 1
4.805853 3.550478 1
4.113810 4.543948 2
5.535244 3.911534 1
6.207385 3.602029 2
4.234445 4.810615 2
4.314122 4.746890 1
4.390341 4.809024 2
4.835374 3.996528 1
6.066569 3.266784 1
6.648148 3.030420 1
6.708418 2.887866 3
6.763456 3.051121 2
5.754136 3.997911 2
4.385042 4.553868 1
5.330670 3.718760 1
5.229077 3.752170 1
5.748894 3.857811 1
5.000618 3.700143 1
5.123907 3.795362 1
4.555039 3.463412 2
4.514215 4.754536 2
4.931655 3.792191 1
5.252491 3.116881 1
6.553916 3.018667 1
5.621850 2.687035 1
5.494925 2.694721 2
5.553119 2.562042 2
5.353764 4.366374 1
5.331782 4.453492 1
5.237947 4.414595 1
5.769532 3.529817 1
6.177589 3.490413 1
5.292158 4.288077 1
5.303451 2.895233 2
5.403417 2.797689 2
5.429600 2.915470 1
6.144776 3.030098 1
6.460124 3.478721 2
6.346057 3.572299 2
6.348061 3.445958 1
4.910671 4.378747 1
5.353297 4.189147 1
5.444251 4.126675 1
5.430542 4.274333 1
5.549659 4.177384 1
4.518124 4.381610 1
4.426431 4.309072 1
4.467340 4.192899 1
5.198067 2.804463 2
4.328856 4.652014 1
4.216404 4.703088 1
5.373013 3.032829 1
5.729296 3.741757 1
4.421032 4.682944 1
4.836103 4.272596 1
6.035318 3.017223 1
5.843804 3.761670 1
4.522327 3.976162 1
4.433736 3.897782 1
4.591756 3.867225 1
4.867213 4.558381 1
5.525003 2.804276 1
5.449541 3.355074 1
6.125888 3.393376 1
5.654665 4.222553 2
5.740881 3.308495 1
5.795193 3.431835 1
6.104757 2.647847 1
6.013796 3.411810 1
4.633486 4.354214 1
5.491444 3.009066 1
6.655578 3.156748 2
4.491944 4.086090 1
4.394097 4.005012 1
4.508618 3.793003 2
5.449452 3.446203 1
5.627527 3.318141 1
5.755952 2.834142 1
5.560513 4.315344 2
5.448073 4.418504 2
4.844534 4.120267 1
5.373848 4.542871 2
4.746282 4.023415 1
4.615785 4.052131 1
4.648560 3.952608 1
4.770158 3.460246 1
4.695701 4.120321 1
5.845794 3.290335 1
5.897887 3.398452 1
6.119900 2.949749 1
4.751874 4.209885 1
4.310056 3.929770 2
4.296638 4.351752 1
6.152049 2.750640 1
6.176887 2.866034 1
4.747875 4.543130 1
5.231665 3.874136 1
5.332923 3.944551 1
5.120804 3.930712 1
5.440802 3.996083 1
5.425378 3.879509 1
5.329196 3.825469 1
4.838349 4.462823 1
5.633647 3.820791 1
5.519513 3.798273 1
6.451737 3.351694 2
4.189581 4.291617 2
5.662192 2.588951 1
6.268794 3.508210 1
4.555874 4.268365 1
5.298054 4.647369 3
5.175752 4.646007 2
5.263251 4.540002 1
4.723359 4.428094 1
4.097756 4.656532 3
4.098414 4.774844 2
4.396034 4.419438 1
4.810153 4.375240 1
6.257380 2.762722 1
6.287323 2.882153 1
6.240714 3.415223 1
4.359907 3.812293 2
5.419442 3.758591 1
4.629376 3.767317 1
5.950565 3.323470 1
4.562174 3.680274 2
4.655750 4.229373 1
4.732930 4.312341 1
4.589895 4.154187 1
5.792207 2.744799 1
4.499614 3.585040 2
4.608068 3.572247 1
4.670556 3.665241 1
5.736414 2.540970 2
5.654687 2.474114 2
5.744256 2.653518 1
5.713305 2.748901 1
4.779534 3.649229 1
4.710295 3.562259 1
6.221040 2.971697 1
 0 1 2
 3 4 5
 2 1 6
 7 8 9
 10 9 8
 11 12 13
 14 13 12
 3 15 4
 16 17 0
 18 19 20
 21 22 23
 24 25 26
 27 26 25
 28 27 29
 30 31 32
 20 19 33
 29 27 34
 35 36 37
 11 38 39
 16 40 17
 6 1 41
 42 43 44
 45 0 17
 46 47 19
 18 46 19
 48 44 43
 49 50 51
 52 53 54
 55 28 44
 56 57 58
 16 59 60
 61 62 63
 64 63 62
 14 12 65
 7 66 8
 16 0 67
 29 44 28
 68 69 40
 70 71 72
 73 72 71
 68 40 74
 75 76 77
 6 77 76
 78 79 80
 81 80 79
 82 83 84
 85 86 87
 76 88 2
 45 1 0
 83 89 84
 90 8 66
 49 51 25
 91 57 56
 11 13 38
 92 93 94
 47 94 93
 12 95 96
 12 96 65
 97 58 57
 6 41 98
 40 99 74
 100 74 99
 81 41 101
 92 102 59
 11 39 103
 104 51 50
 73 71 105
 85 106 86
 86 107 87
 85 108 106
 109 96 95
 6 76 2
 110 111 8
 47 112 19
 113 114 115
 116 117 118
 16 119 40
 92 59 120
 47 121 112
 122 38 13
 123 124 121
 3 5 125
 16 126 59
 42 44 127
 35 128 36
 129 130 68
 131 130 129
 117 132 118
 52 133 53
 70 72 134
 85 65 96
 135 136 137
 29 138 44
 27 25 51
 123 121 93
 33 107 139
 140 141 142
 143 54 53
 113 144 114
 145 146 99
 143 147 22
 55 148 149
 10 8 111
 78 150 79
 61 63 57
 113 30 151
 55 44 152
 153 2 88
 11 154 12
 155 156 157
 158 159 160
 40 69 17
 73 105 161
 100 99 146
 72 162 134
 113 31 30
 163 158 160
 164 165 166
 167 87 107
 85 96 108
 145 99 66
 27 51 34
 168 169 170
 100 149 148
 97 57 63
 86 139 107
 104 50 171
 70 21 23
 172 173 174
 173 175 174
 114 176 115
 177 83 178
 82 178 83
 75 179 76
 164 76 179
 180 181 117
 92 120 182
 45 130 80
 90 119 60
 10 105 183
 116 144 117
 180 117 144
 90 66 99
 180 136 181
 113 184 144
 104 171 185
 3 50 15
 33 19 186
 33 139 20
 187 105 71
 90 99 119
 48 152 44
 188 189 190
 3 125 191
 55 152 148
 165 192 166
 39 141 103
 64 186 19
 49 25 163
 59 102 193
 194 139 106
 86 106 139
 153 88 182
 164 182 88
 187 23 22
 137 136 184
 195 175 54
 70 23 71
 52 54 175
 10 183 9
 196 197 111
 61 57 198
 73 199 72
 200 115 176
 10 111 161
 49 163 160
 123 166 192
 92 182 201
 153 182 120
 164 88 76
 140 142 202
 164 166 182
 188 203 204
 45 80 101
 81 101 80
 205 190 189
 110 8 206
 24 172 25
 110 207 111
 196 111 207
 208 121 124
 100 148 74
 68 74 148
 174 209 210
 104 185 211
 159 210 212
 64 62 186
 213 214 215
 180 184 136
 137 184 151
 78 80 216
 213 217 214
 197 218 219
 186 62 220
 48 148 152
 196 218 197
 221 211 185
 16 60 119
 222 204 84
 196 94 46
 68 148 129
 48 129 148
 177 223 83
 196 207 94
 196 46 218
 213 211 217
 221 217 211
 47 46 94
 92 94 102
 41 1 101
 91 198 57
 61 224 62
 225 62 224
 49 15 50
 113 115 31
 226 31 115
 227 228 26
 194 72 199
 47 93 121
 227 26 229
 27 229 26
 194 162 72
 174 175 209
 64 19 112
 3 171 50
 18 218 46
 155 124 192
 52 230 133
 231 133 230
 82 204 203
 195 209 175
 227 232 228
 188 204 189
 140 202 95
 61 198 224
 3 233 171
 45 17 69
 234 235 9
 7 9 235
 109 236 96
 110 193 102
 140 103 141
 237 83 223
 6 98 77
 187 183 105
 90 60 206
 155 192 156
 208 112 121
 187 71 23
 155 157 238
 122 37 38
 239 169 134
 90 206 8
 104 34 51
 59 193 60
 111 197 161
 177 178 240
 140 95 154
 116 118 223
 237 223 118
 241 242 243
 226 32 31
 64 112 63
 208 63 112
 187 147 183
 73 219 199
 104 211 34
 92 201 93
 200 244 115
 226 115 244
 25 172 163
 73 161 197
 245 181 246
 45 101 1
 234 183 147
 227 229 149
 55 149 229
 29 34 211
 3 191 233
 177 240 176
 116 247 144
 231 235 133
 234 133 235
 248 185 171
 40 119 99
 237 89 83
 225 249 250
 80 130 216
 27 28 229
 16 67 126
 123 93 201
 114 144 247
 187 22 147
 125 32 191
 24 26 228
 188 190 215
 10 161 105
 4 243 242
 245 132 117
 108 170 251
 205 189 252
 35 198 128
 245 117 181
 234 147 53
 45 69 130
 91 128 198
 7 253 66
 234 53 133
 143 53 147
 225 224 249
 205 254 190
 255 20 139
 177 176 247
 114 247 176
 135 246 181
 24 228 230
 213 138 211
 29 211 138
 205 256 254
 174 163 172
 4 242 5
 180 144 184
 194 199 139
 255 139 199
 239 170 169
 153 120 126
 135 181 136
 33 186 107
 167 107 186
 234 9 183
 200 257 258
 200 240 257
 259 240 178
 239 134 162
 4 160 243
 177 247 223
 52 175 173
 108 236 170
 7 235 253
 239 251 170
 174 210 158
 159 158 210
 82 84 204
 108 96 236
 259 178 203
 108 251 106
 131 216 130
 122 249 37
 35 37 249
 59 126 120
 208 260 63
 94 207 102
 97 63 260
 68 130 69
 222 189 204
 4 15 160
 213 215 127
 42 127 215
 261 262 256
 263 256 262
 248 171 233
 122 250 249
 168 170 236
 110 102 207
 113 151 184
 78 262 150
 264 238 265
 157 265 238
 35 224 198
 200 176 240
 97 260 266
 174 158 163
 264 58 266
 97 266 58
 24 230 173
 52 173 230
 159 243 160
 182 166 201
 123 201 166
 82 203 178
 155 267 124
 208 124 267
 24 173 172
 227 149 146
 100 146 149
 248 244 258
 200 258 244
 255 219 218
 109 95 202
 123 192 124
 42 215 190
 11 103 154
 73 197 219
 116 223 247
 227 146 232
 145 232 146
 226 191 32
 145 66 253
 255 199 219
 231 228 232
 188 215 214
 155 266 267
 167 186 220
 155 238 266
 259 203 214
 49 160 15
 131 129 268
 48 268 129
 264 266 238
 231 230 228
 221 257 217
 259 217 257
 55 229 28
 153 126 67
 78 269 262
 241 243 212
 153 67 2
 259 214 217
 35 249 224
 194 106 251
 131 269 216
 78 216 269
 261 150 262
 222 252 189
 14 87 270
 167 270 87
 263 254 256
 248 258 185
 221 185 258
 188 214 203
 42 190 254
 140 154 103
 165 156 192
 122 13 250
 14 250 13
 194 251 162
 225 270 220
 225 250 270
 0 2 67
 231 253 235
 239 162 251
 248 233 244
 226 244 233
 14 65 87
 263 269 268
 159 212 243
 12 154 95
 226 233 191
 213 127 138
 44 138 127
 266 260 267
 85 87 65
 259 257 240
 225 220 62
 221 258 257
 60 193 206
 110 206 193
 263 43 254
 131 268 269
 18 20 218
 255 218 20
 263 268 43
 231 232 253
 145 253 232
 263 262 269
 42 254 43
 167 220 270
 14 270 250
 48 43 268
 208 267 260
 0
 0
 0
 11
 241 135 245 30 125 137 151 5 246 242 32
 0
 0
 0
 0
 0
 0
 0
 0
 0
 0
 6
 75 81 41 79 77 98
 0
 0
 13
 205 222 237 261 245 79 118 84 256 150 89 132 252
 0
 0
 0
 0
 0
 0
 18
 168 70 143 241 109 195 21 141 210 209 202 134 54 22 142 236 212 169
 17
 91 164 264 75 39 36 165 56 141 157 38 128 179 37 156 265 58
 0
 0
 0
