264 468
5.221864 8.314909 1
5.194563 8.453780 1
5.103426 8.308444 1
5.039473 8.409187 1
4.792192 8.827494 1
4.900336 8.739722 1
4.900708 8.889679 1
5.018963 8.822566 1
4.518532 9.039821 1
4.623083 9.182564 1
4.474886 9.182805 1
4.643481 9.022559 1
3.984750 9.683025 1
4.081141 9.703469 1
3.991364 9.808573 1
4.154042 9.791286 1
4.690049 8.661431 1
4.815514 8.530622 1
4.799302 8.686742 1
4.711200 8.307444 1
4.741633 8.163024 1
4.860852 8.234040 1
4.835890 8.349513 1
3.850071 9.739372 1
5.033668 8.974723 1
4.887443 9.018431 1
5.160952 8.874516 1
5.117629 9.121278 1
5.054770 9.226753 1
4.976250 9.108380 1
4.595613 8.187726 1
4.511151 8.049745 2
4.657690 8.056572 2
3.611111 10.000000 0
3.472222 10.000000 0
3.516792 9.854188 2
3.641623 9.892745 1
4.992723 9.561673 1
4.955625 9.444233 1
5.100862 9.495233 1
5.104562 9.353175 1
4.134202 8.347101 1
3.981994 8.390379 2
4.054682 8.266901 3
5.326624 8.394687 1
5.455002 8.323562 2
5.448535 8.493784 2
5.281036 8.087737 1
5.183760 7.973964 1
5.325183 7.953028 1
5.229473 7.854873 2
3.841172 8.600904 2
3.907595 8.740753 1
3.757893 8.727348 2
3.835572 8.882611 1
4.928938 8.408052 1
5.339095 9.054036 1
5.474401 8.974982 2
5.467297 9.110331 2
4.752560 9.091887 1
4.753585 9.217464 1
4.921981 8.624599 1
5.316194 8.940395 1
4.255176 8.445662 1
4.310953 8.315970 1
5.317335 8.524278 1
5.214862 8.622054 1
5.107150 8.727748 1
5.044873 8.595980 1
3.714597 9.291065 1
3.848248 9.314283 1
3.702993 9.434791 2
3.857107 9.455001 1
4.050963 8.481641 1
4.659850 8.878281 1
4.771643 8.955138 1
5.248151 9.549439 1
5.089444 9.635806 1
5.225109 9.663507 1
4.864355 9.365487 1
4.799243 9.464533 1
4.549316 8.906294 1
4.448827 8.208036 2
4.694573 8.537153 1
3.928511 9.222762 1
4.074122 9.245570 1
4.003203 9.356768 1
4.888464 9.546127 1
4.344721 9.139347 1
4.397971 9.039911 1
5.040743 7.991185 1
4.948983 7.864202 2
5.087064 7.877637 2
3.862267 9.882134 1
4.557470 9.579404 1
4.409207 9.553614 1
4.558940 9.462377 1
4.451516 9.419845 1
4.635546 8.455350 1
4.588533 8.601883 1
4.478090 8.516355 1
4.973298 8.502631 1
4.180976 9.319201 1
4.115375 9.448175 1
4.743224 8.436479 1
4.911258 9.657254 1
4.263486 9.510584 1
4.325822 9.399570 1
3.910711 9.593875 1
3.667729 8.858192 2
4.938622 9.210174 1
4.341845 9.257669 1
4.079746 9.898533 1
4.083990 8.923274 1
3.944699 8.990733 1
3.989815 8.849579 1
4.971705 8.284924 1
4.976001 8.131276 1
5.019590 9.767318 1
3.754241 9.597116 1
3.990979 9.487936 1
4.346334 9.701820 1
4.437894 9.836925 1
4.289364 9.844871 1
5.361442 9.235927 1
5.476700 9.225661 2
5.444541 9.386308 2
4.226120 9.176881 1
3.595502 9.551279 2
3.649877 9.659216 1
3.532054 9.698666 2
4.193398 8.227467 2
4.579339 9.775171 1
4.491577 9.682027 1
4.655893 9.654855 1
4.447915 8.350212 1
4.308178 8.162348 2
4.443876 8.669430 1
5.072101 8.187603 1
4.581558 8.759679 1
5.397138 9.790697 2
5.287799 9.750173 1
5.389594 9.632672 2
4.105875 9.132679 1
5.305802 8.228199 1
5.555555 10.000000 0
5.416667 10.000000 0
5.510119 9.866122 2
5.194096 9.013437 1
4.056133 9.035362 1
4.352052 8.542392 1
5.102235 8.506653 1
5.407197 9.504215 1
5.151985 9.824062 1
5.070296 9.897686 1
5.425395 8.066589 1
5.311906 9.455657 1
5.147015 9.724869 1
4.257246 8.596165 1
4.145428 8.562978 1
4.314149 8.687351 1
4.001079 8.619575 1
5.180929 8.201887 1
4.472039 8.800057 1
5.230484 9.305805 1
5.261732 9.161214 1
3.815947 9.000827 1
5.323923 9.351140 1
5.401987 8.855069 2
4.449424 9.311433 1
5.284117 8.831192 1
5.447165 8.199057 2
4.900376 8.008267 1
5.368001 7.803230 3
4.998565 8.691900 1
3.722469 9.726491 1
5.153835 9.233645 1
3.532003 8.938999 2
3.640723 8.979976 1
3.589677 9.086582 2
5.513700 9.525151 2
5.215716 9.421371 1
4.106539 8.681413 1
5.389453 9.894346 1
4.783399 8.029253 1
5.384756 8.631455 1
5.327545 8.743096 1
4.859877 9.151567 1
5.375149 9.146306 1
4.368837 8.434118 1
4.531622 8.420821 1
4.562901 8.315740 1
5.480383 8.766965 2
3.995246 9.121576 1
4.852577 8.123547 1
3.745319 9.851737 1
4.444445 10.000000 0
4.543991 9.895347 1
5.215215 8.747265 1
3.750000 10.000000 0
4.250460 8.816812 1
4.368865 8.786231 1
4.325902 8.925805 1
5.519876 8.638554 2
3.734553 8.954844 1
4.698592 8.771091 1
4.213342 9.427270 1
4.127783 8.810086 1
4.209990 8.931535 1
4.148323 8.448848 1
4.305555 10.000000 0
4.186213 9.892676 1
3.888889 10.000000 0
3.612837 9.785014 1
5.124939 8.088936 1
5.000000 10.000000 0
4.861111 10.000000 0
4.913227 9.878787 1
4.030770 8.744462 1
4.722222 10.000000 0
4.583333 10.000000 0
4.672441 9.880175 1
4.068501 9.585863 1
5.462663 7.912985 2
5.571858 7.994799 2
4.565258 9.317526 1
4.212398 8.713079 1
4.368891 9.918979 1
5.284987 9.862564 1
5.138889 10.000000 0
5.198089 9.915951 1
4.166667 10.000000 0
4.433757 8.899753 1
3.608349 9.325408 2
3.721320 9.071493 1
3.862135 9.102349 1
4.671092 9.415395 1
4.757458 9.336107 1
3.785517 9.194808 1
4.174572 9.047209 1
4.249196 9.746644 1
4.290026 9.051939 1
3.651424 9.198225 2
5.277778 10.000000 0
4.670959 9.291055 1
4.679265 9.535705 1
4.027778 10.000000 0
4.783470 9.602942 1
4.796529 9.717548 1
4.693612 9.760940 1
5.554943 8.137086 2
4.306518 9.603655 1
3.916076 8.502984 2
4.163507 9.540902 1
4.207045 9.648600 1
4.813176 7.911351 2
4.791667 9.921261 1
4.791667 9.816274 1
5.363317 8.144968 1
4.961455 9.310482 1
4.886454 9.767436 1
4.698055 7.935896 2
3.962588 9.923513 1
4.850798 9.263067 1
 0 1 2
 2 1 3
 4 5 6
 6 5 7
 8 9 10
 11 9 8
 12 13 14
 14 13 15
 16 17 18
 19 20 21
 22 19 21
 23 12 14
 6 24 25
 7 24 6
 26 24 7
 27 28 29
 30 31 32
 33 34 35
 33 35 36
 37 38 39
 40 39 38
 41 42 43
 44 45 46
 47 48 49
 50 49 48
 44 1 0
 51 52 53
 54 53 52
 22 55 17
 56 57 58
 9 59 60
 11 59 9
 17 61 18
 56 62 57
 63 41 64
 44 65 1
 66 67 68
 69 70 71
 72 71 70
 73 42 41
 74 75 11
 39 76 77
 76 78 77
 79 38 80
 74 11 81
 30 82 31
 16 83 17
 84 85 86
 26 7 67
 80 38 87
 88 89 10
 84 86 70
 72 70 86
 90 91 92
 23 14 93
 94 95 96
 97 96 95
 89 8 10
 98 99 100
 17 55 101
 102 103 86
 66 1 65
 22 17 104
 37 77 105
 106 107 95
 23 108 12
 97 95 107
 54 109 53
 110 29 28
 102 111 107
 30 32 20
 15 112 14
 113 114 115
 54 115 114
 116 21 117
 118 105 77
 72 108 119
 44 46 65
 72 86 120
 121 122 123
 124 125 126
 23 119 108
 27 29 24
 102 127 111
 128 129 130
 102 86 85
 41 131 64
 132 133 134
 94 134 133
 135 64 82
 136 82 64
 137 100 99
 138 116 117
 74 81 139
 37 39 77
 140 141 142
 78 142 141
 102 85 127
 143 127 85
 44 0 144
 145 146 147
 26 62 148
 121 133 122
 132 122 133
 113 149 114
 137 150 100
 66 68 151
 142 76 152
 118 153 154
 47 49 155
 156 152 76
 118 157 153
 63 158 159
 137 160 150
 51 161 52
 158 150 160
 44 144 45
 0 2 162
 2 138 162
 139 81 163
 124 164 165
 78 76 142
 54 114 166
 124 126 167
 168 57 62
 10 111 88
 72 119 71
 98 83 99
 10 169 111
 26 170 62
 137 99 139
 171 45 144
 90 172 91
 50 173 49
 5 174 7
 23 175 119
 40 176 164
 128 71 119
 177 178 179
 5 18 61
 180 142 152
 40 181 39
 182 161 159
 146 183 147
 32 184 20
 66 185 186
 66 65 185
 25 29 187
 25 187 59
 56 58 188
 135 100 189
 54 52 115
 11 8 81
 73 159 161
 119 175 129
 135 190 100
 98 100 190
 98 191 19
 168 186 192
 74 4 75
 84 193 85
 66 151 1
 194 20 184
 23 93 195
 40 28 176
 196 122 197
 40 164 181
 26 67 198
 177 109 178
 168 170 186
 199 195 93
 200 201 202
 186 185 192
 203 192 185
 54 204 109
 5 4 18
 63 150 158
 74 205 4
 11 75 59
 7 174 67
 56 165 148
 27 148 165
 102 107 206
 72 120 108
 113 207 208
 200 208 207
 73 41 209
 63 209 41
 210 211 123
 212 199 93
 213 36 35
 213 35 130
 41 43 131
 113 115 207
 90 214 117
 215 216 217
 182 218 161
 219 220 221
 16 139 99
 132 197 122
 222 12 108
 30 20 19
 153 157 141
 49 173 223
 194 117 21
 66 186 198
 164 176 165
 37 87 38
 49 223 155
 224 155 223
 27 24 148
 26 148 24
 10 9 225
 158 226 159
 182 159 226
 115 218 207
 222 108 120
 128 119 129
 52 161 218
 196 227 122
 153 141 228
 90 117 172
 124 167 164
 16 205 139
 74 139 205
 229 154 230
 68 67 174
 210 231 211
 3 1 151
 98 190 191
 199 36 195
 232 202 201
 26 198 170
 25 59 75
 121 95 133
 94 133 95
 3 151 101
 68 101 151
 69 71 233
 234 166 235
 236 237 80
 79 80 237
 63 159 209
 236 96 225
 97 225 96
 98 19 104
 22 104 19
 234 235 238
 229 215 154
 118 77 157
 113 208 239
 121 123 240
 220 196 197
 137 139 163
 111 127 88
 241 88 127
 69 242 238
 234 238 242
 113 239 149
 222 120 103
 86 103 120
 111 169 107
 97 107 169
 146 243 183
 243 228 183
 199 33 36
 236 225 244
 194 21 20
 143 239 127
 241 127 239
 10 225 169
 232 8 89
 66 198 67
 94 96 245
 118 154 217
 30 19 191
 30 191 82
 135 82 191
 153 230 154
 69 238 70
 84 70 238
 231 246 112
 50 48 92
 90 92 48
 47 214 48
 25 75 6
 16 99 83
 138 117 214
 0 162 144
 200 202 208
 215 217 154
 47 162 214
 100 150 189
 25 24 29
 247 248 134
 68 174 61
 134 248 249
 224 250 155
 171 155 250
 236 245 96
 220 197 221
 106 95 251
 97 169 225
 203 185 46
 232 81 8
 143 85 193
 73 161 252
 15 123 211
 122 227 123
 210 123 227
 132 221 197
 156 181 167
 164 167 181
 222 253 254
 15 240 123
 222 254 13
 140 147 183
 4 6 75
 47 144 162
 156 167 126
 65 46 185
 69 233 242
 121 251 95
 194 172 117
 78 141 157
 194 184 172
 255 172 184
 216 256 217
 257 217 256
 156 126 152
 180 152 126
 56 148 62
 257 256 221
 219 221 256
 138 2 116
 22 21 116
 106 254 253
 68 61 101
 232 163 81
 15 13 254
 3 55 116
 121 254 251
 106 251 254
 213 195 36
 213 130 129
 15 254 240
 121 240 254
 234 204 166
 213 175 195
 23 195 175
 136 64 131
 186 170 198
 3 116 2
 47 155 258
 22 116 55
 225 9 244
 234 178 204
 94 245 134
 60 59 187
 232 89 202
 255 91 172
 236 244 237
 5 61 174
 231 112 211
 257 221 249
 132 249 221
 222 103 253
 102 206 103
 110 28 259
 40 259 28
 47 258 144
 171 144 258
 73 252 42
 135 189 64
 63 64 189
 257 260 217
 118 217 260
 54 166 204
 51 252 161
 247 245 80
 114 193 235
 124 188 125
 58 125 188
 255 184 261
 32 261 184
 140 228 141
 236 80 245
 196 210 227
 243 229 230
 3 101 55
 243 230 228
 200 160 201
 241 208 202
 140 183 228
 110 187 29
 84 235 193
 247 134 245
 78 157 77
 200 207 226
 182 226 207
 216 219 256
 137 163 201
 153 228 230
 246 212 262
 17 83 104
 98 104 83
 200 226 160
 4 205 18
 79 237 263
 60 263 237
 114 235 166
 90 48 214
 52 218 115
 168 62 170
 234 179 178
 241 239 208
 241 89 88
 156 76 181
 39 181 76
 247 105 248
 222 13 12
 132 134 249
 234 242 179
 110 259 263
 79 263 259
 14 112 262
 246 262 112
 17 101 61
 247 80 87
 73 209 159
 106 253 206
 103 206 253
 213 129 175
 143 149 239
 84 238 235
 79 259 38
 40 38 259
 171 258 155
 138 214 162
 135 191 190
 118 260 105
 63 189 150
 15 211 112
 106 206 107
 247 87 105
 27 165 176
 37 105 87
 60 187 263
 27 176 28
 56 188 165
 124 165 188
 60 244 9
 114 149 193
 16 18 205
 105 260 248
 109 204 178
 137 201 160
 182 207 218
 143 193 149
 14 262 93
 212 93 262
 60 237 244
 232 201 163
 241 202 89
 257 249 248
 110 263 187
 158 160 226
 257 248 260
 14
 177 128 51 109 53 35 71 242 233 130 42 179 252 43
 0
 0
 0
 12
 136 50 255 32 31 82 173 92 131 91 261 43
 0
 0
 0
 18
 180 203 224 168 140 171 142 58 126 147 173 192 57 250 45 46 125 223
 0
 0
 0
 0
 0
 0
 0
 0
 0
 0
 0
 0
 0
 0
 0
 0
 0
 0
 0
 0
