443 804
6.701519 1.785672 1
6.879232 1.891371 1
6.723532 1.909799 1
6.805418 1.728012 1
6.567963 2.290683 1
6.680757 2.396833 1
6.582386 2.496284 1
6.484631 2.419052 1
6.442039 2.093051 1
6.397256 1.985062 1
6.536678 1.996341 1
6.542043 2.143331 1
5.530718 0.481856 2
5.695170 0.474101 1
5.646289 0.628994 1
6.048975 2.539656 1
6.016453 2.402017 1
6.128496 2.422999 1
7.443472 1.942950 1
7.613626 1.986608 3
7.510754 2.063014 2
7.552849 0.916855 1
7.494326 1.025363 1
7.374181 0.926226 1
6.692447 1.608083 1
5.697073 2.217800 2
5.866033 2.207757 1
5.789660 2.318496 1
7.438138 0.557798 1
7.316076 0.631051 1
7.295281 0.481153 1
7.523554 1.866925 2
6.184692 2.536127 1
6.505392 2.912363 1
6.463891 3.083112 1
6.394594 2.906682 1
6.322877 2.991369 1
6.953347 1.488441 1
6.831847 1.586057 1
6.827979 1.453654 1
7.486001 0.809553 1
6.963366 1.048810 1
6.884698 0.923605 1
7.042629 0.903632 1
7.587032 1.102500 1
7.731541 1.104297 2
7.601613 1.214993 2
6.956197 1.599887 1
6.913921 1.734840 1
6.008340 2.139752 1
6.117687 2.149634 1
6.089433 2.274208 1
6.361014 1.300424 1
6.245265 1.175609 1
6.418029 1.163651 1
6.311475 1.063067 1
5.981593 2.283386 1
5.380229 0.370990 2
5.504284 0.305714 1
6.375421 0.217663 1
6.491006 0.285487 1
6.309723 0.352951 1
6.534350 1.620327 1
6.507941 1.506101 1
6.676695 1.483973 1
5.832567 1.649027 1
5.784334 1.788280 2
5.707364 1.638875 2
6.456118 0.426628 1
6.668028 0.549795 1
6.552711 0.526996 1
6.668671 0.402044 1
7.491823 1.669027 2
7.420715 1.784334 1
7.342836 1.639057 1
6.805555 0.000000 0
6.780949 0.168758 1
6.669086 0.122512 1
7.441488 1.573872 1
6.232086 0.489105 1
6.130297 0.402729 1
6.175150 0.288281 1
7.098757 2.157671 1
7.198239 2.211733 2
7.085173 2.293885 2
6.919063 1.345560 1
7.084176 1.397750 1
7.033436 1.283168 1
5.614038 0.973464 1
5.434222 0.993871 2
5.499931 0.878386 1
7.471699 0.439762 1
7.393651 0.354021 1
6.619639 1.893718 1
6.669048 2.050785 1
6.124938 2.025252 1
6.055794 1.888699 1
6.204272 1.876331 1
7.330197 1.864834 1
7.660341 0.578731 1
7.567696 0.509109 1
7.710315 0.439928 2
7.136683 0.529082 1
7.205846 0.625018 1
6.453895 2.610102 1
6.349832 2.687730 1
6.323233 2.547328 1
6.232348 2.645741 1
6.458221 2.769819 1
6.590697 2.811427 1
6.230560 1.344904 1
6.201416 1.471436 1
6.086552 1.410100 1
6.197185 1.710938 1
6.084925 1.777562 1
7.003982 0.388354 1
7.133464 0.392585 1
7.012825 0.504763 1
6.561868 2.666827 1
6.555438 0.366973 1
6.130081 1.262278 1
7.588399 0.399238 1
5.523998 1.106661 2
5.616538 0.374448 1
6.929450 0.775722 1
6.801984 0.823573 1
6.788272 0.705521 1
7.171700 0.247466 1
7.302215 0.190436 1
7.275958 0.316941 1
7.204134 0.124253 1
5.889647 2.035367 1
5.574383 0.760526 1
5.472854 0.651649 2
5.677823 2.356534 2
7.209929 1.679876 1
7.221816 1.512943 1
7.110541 1.619870 1
7.638889 0.000000 0
7.777778 0.000000 0
7.724136 0.155138 2
7.569445 0.094249 1
5.929688 2.502023 1
5.965956 2.652368 1
5.839457 2.581542 2
6.033929 2.753751 1
6.050534 2.866902 1
5.894266 2.803605 2
6.422426 1.621216 1
6.284449 1.579454 1
6.390977 1.521575 1
6.676661 1.313509 1
6.777507 1.361396 1
5.944719 2.927681 2
6.350657 3.114302 1
6.012587 0.979377 1
5.989002 1.095738 1
5.884440 1.047806 1
6.331472 1.699374 1
5.899824 0.937686 1
6.086993 0.833166 1
6.152033 0.968888 1
5.613404 0.247793 1
5.775684 0.178337 1
5.738230 0.320551 1
5.846208 1.398244 1
5.911312 1.262849 1
5.969497 1.377423 1
6.437969 2.501460 1
6.580320 1.413871 1
5.815335 0.449445 1
6.296707 3.204232 2
6.185885 3.204252 2
6.239849 3.085736 1
6.666667 0.000000 0
5.656200 0.116656 1
7.044038 0.280671 1
6.727134 2.194557 1
6.807657 2.096110 1
7.336075 1.231452 1
7.169745 1.239987 1
7.261079 1.146039 1
5.791094 1.253505 1
7.457663 0.674062 1
6.623591 1.689522 1
6.551127 3.130996 1
6.429959 3.207061 2
7.462380 1.464749 2
7.388029 1.351707 1
7.538618 1.349015 2
7.462672 1.262592 1
6.759270 1.021705 1
6.719118 1.165979 1
6.623026 1.060949 1
7.102610 1.031868 1
5.639409 1.351996 2
5.700864 1.196129 1
5.751071 1.354306 1
5.853254 2.683828 2
5.776108 0.965661 1
5.746908 1.073127 1
6.800164 1.985727 1
6.021003 1.303025 1
6.669121 0.801367 1
6.635121 0.669872 1
7.372607 1.087612 1
7.065910 1.528489 1
7.025963 1.672231 1
6.600846 2.932975 1
7.239058 1.351035 1
6.783769 0.483042 1
6.804168 0.361318 1
6.111645 3.123548 2
5.924449 1.697210 1
6.317006 1.807146 1
7.015406 2.209645 1
6.553434 3.253668 3
6.498818 1.877933 1
6.404159 1.871603 1
6.919560 2.163072 1
6.833597 2.217250 1
6.324122 0.610765 1
6.351065 0.492053 1
5.964937 0.861226 1
5.967681 0.740476 1
6.096727 0.612747 1
6.209965 0.725599 1
6.069672 0.717208 1
5.416667 0.000000 0
5.555555 0.000000 0
5.504745 0.142925 1
6.319388 0.847432 1
6.376384 0.726212 1
7.258426 1.044417 1
7.190665 0.931192 1
6.351488 2.797552 1
5.776990 0.694899 1
5.785912 0.573163 1
6.204954 0.596510 1
6.905020 0.667579 1
6.412480 2.222630 1
6.109220 1.114250 1
7.000378 1.790072 1
7.106781 1.745396 1
7.104016 1.896052 1
6.017458 1.194945 1
7.361111 0.000000 0
7.430360 0.115371 1
7.298603 0.081500 1
7.001577 1.985255 1
6.904934 2.032708 1
6.177104 2.218388 1
5.736123 0.856853 1
7.574777 0.208464 1
7.413603 0.246067 1
7.391330 2.057900 1
7.288234 2.111815 1
7.314125 1.977033 1
7.206226 2.005661 1
6.259442 2.007288 1
7.517454 0.318836 1
5.857598 0.815424 1
6.111111 0.000000 0
6.250000 0.000000 0
6.180937 0.137478 1
5.898433 2.361704 1
5.636862 1.106228 1
5.982413 1.512895 1
5.834264 1.546674 1
6.949171 2.859374 2
6.831521 2.857825 2
6.882554 2.715508 1
6.474845 0.818576 1
6.385768 0.954320 1
6.515819 0.965129 1
6.025159 1.666218 1
6.119349 1.567009 1
6.462369 1.397370 1
6.324215 1.436751 1
7.167843 0.736264 1
7.038102 0.646844 1
6.846932 1.120401 1
7.376606 0.756333 1
7.500000 0.000000 0
5.678832 0.759675 1
5.847640 0.347198 1
5.589827 1.204062 1
6.814268 1.252717 1
6.944895 1.193835 1
6.571663 1.316208 1
6.483446 1.273219 1
6.883154 0.113225 1
5.622250 0.846234 1
7.475721 1.154086 1
5.878862 0.239091 1
5.876892 0.663522 1
5.972222 0.000000 0
6.067082 0.109985 1
5.898426 0.116071 1
7.083333 0.000000 0
7.079720 0.141202 1
6.648148 3.030420 1
6.708418 2.887866 2
6.763456 3.051121 2
6.659159 2.606412 1
7.168542 1.126727 1
7.657166 0.302552 2
7.222222 0.000000 0
7.067441 0.778951 1
5.401428 0.214096 2
6.840494 2.576562 1
6.760593 2.649564 1
6.707620 2.517997 1
7.421768 2.171318 2
5.389453 0.105653 1
5.932649 1.802741 1
5.468201 1.238726 2
7.178379 2.105992 1
6.553916 3.018667 1
5.708072 1.483647 2
6.502028 0.681337 1
7.265856 0.824856 1
6.866995 1.028238 1
7.617286 0.798666 1
6.144776 3.030098 1
5.468232 0.781475 1
6.991859 2.737978 2
6.321735 2.117894 1
6.574481 1.762843 1
6.460699 1.758031 1
5.694445 0.000000 0
6.992469 1.889416 1
6.799769 2.448540 1
5.994103 0.213297 1
7.311299 1.434176 1
7.355800 1.524904 1
7.542164 1.765435 2
7.753076 0.535534 1
6.433274 0.580817 1
6.743394 0.907869 1
6.787325 2.759643 1
6.678010 2.730290 1
6.604926 0.235275 1
6.723753 0.280204 1
5.921306 1.142314 1
6.006395 1.997754 1
6.899308 0.555920 1
6.767800 0.593947 1
7.195971 1.807906 1
6.590637 1.189853 1
5.789452 2.447912 2
6.264836 0.224408 1
7.559259 0.720355 1
6.424726 2.335515 1
5.359257 0.759984 2
6.958165 2.625986 1
7.108499 2.672402 2
7.646367 0.999774 1
6.209862 1.066738 1
5.843597 1.911012 1
5.949358 1.913687 1
6.626881 2.198417 1
7.063766 1.154066 1
5.540326 1.323904 2
6.201790 0.855314 1
5.922396 1.609534 1
6.303110 0.114363 1
6.317778 1.914775 1
6.104757 2.647847 1
6.498920 0.145414 1
6.527778 0.000000 0
6.405153 0.101550 1
6.955204 0.201777 1
6.845220 0.241074 1
5.718493 1.931503 2
6.569833 0.765405 1
7.040461 2.535963 2
6.655578 3.156748 2
6.388889 0.000000 0
5.781999 2.106490 1
6.886305 2.395355 1
6.789903 2.320815 1
6.932283 2.288611 1
6.096117 0.210944 1
6.511671 1.081840 1
6.575046 0.857318 1
7.238861 1.890927 1
7.288260 1.771016 1
6.417073 1.053950 1
6.322611 2.328206 1
6.273861 2.219225 1
5.277778 0.000000 0
7.146887 0.834979 1
5.285372 0.138369 2
7.281088 0.725714 1
6.998342 2.405602 1
6.035318 3.017223 2
6.578643 0.084081 1
6.119900 2.949749 1
5.674036 2.063046 2
5.833333 0.000000 0
7.809556 0.964260 2
7.740407 0.769692 2
7.662305 0.690173 1
7.794248 0.634852 2
6.645611 0.936113 1
6.675809 2.285191 1
6.152049 2.750640 1
6.176887 2.866034 1
6.251194 2.425773 1
7.702896 0.885367 1
5.781554 2.009484 1
7.810327 0.850372 2
6.944445 0.000000 0
7.126564 2.429618 2
6.918958 2.495602 1
6.987447 0.093535 1
5.389285 0.867283 2
7.849445 0.496616 2
6.263386 0.959293 1
7.312423 2.260671 2
5.763889 0.075243 1
7.100437 2.043079 1
6.210627 2.120456 1
6.257380 2.762722 1
6.287323 2.882153 1
6.901521 0.436730 1
5.986506 0.632032 1
7.554602 1.571620 2
5.825987 1.162622 1
7.557285 0.622383 1
6.116432 0.504141 1
6.924089 0.321164 1
5.955906 0.325406 1
5.925706 0.435554 1
5.899045 0.541603 1
6.025506 0.407118 1
6.009024 0.516635 1
6.063309 0.305677 1
6.372652 2.421640 1
6.207363 2.318223 1
7.013205 2.100784 1
6.221040 2.971697 1
 0 1 2
 3 1 0
 4 5 6
 7 4 6
 8 9 10
 11 8 10
 12 13 14
 15 16 17
 18 19 20
 21 22 23
 24 3 0
 25 26 27
 28 29 30
 31 19 18
 15 17 32
 33 34 35
 36 35 34
 37 38 39
 21 23 40
 41 42 43
 44 45 46
 47 48 38
 49 50 51
 24 38 3
 52 53 54
 55 54 53
 56 49 51
 12 57 58
 59 60 61
 62 63 64
 65 66 67
 68 61 60
 69 70 71
 24 62 64
 72 73 74
 75 76 77
 78 72 74
 79 80 61
 61 80 81
 82 83 84
 37 85 86
 87 86 85
 88 89 90
 28 30 91
 92 91 30
 10 93 94
 93 2 94
 95 96 97
 98 73 18
 99 100 101
 102 30 103
 104 105 106
 107 106 105
 33 108 109
 110 111 112
 113 97 114
 115 116 117
 104 6 118
 71 70 119
 120 110 112
 121 101 100
 88 122 89
 37 39 85
 12 123 13
 124 125 126
 12 58 123
 127 128 129
 102 117 116
 127 130 128
 56 26 49
 131 49 26
 48 3 38
 132 133 14
 12 14 133
 25 27 134
 18 73 31
 74 135 136
 137 136 135
 138 139 140
 138 140 141
 30 29 103
 142 143 144
 145 146 147
 148 149 150
 151 152 64
 153 147 146
 36 34 154
 155 156 157
 158 149 148
 159 155 157
 160 161 155
 162 163 164
 165 166 167
 104 168 6
 124 43 42
 169 151 64
 13 164 170
 124 42 125
 37 47 38
 171 172 173
 92 30 129
 174 75 77
 162 175 163
 97 96 114
 115 176 116
 11 10 94
 15 143 142
 177 94 178
 179 180 181
 33 35 108
 182 166 165
 28 183 29
 24 0 184
 34 185 186
 187 188 189
 190 189 188
 191 192 193
 41 43 194
 34 186 154
 195 196 197
 198 144 143
 88 199 200
 2 201 94
 202 120 112
 113 149 158
 203 204 126
 205 23 22
 178 94 201
 37 206 47
 47 206 207
 33 109 208
 209 180 179
 202 167 166
 69 71 210
 211 210 71
 102 116 30
 172 212 173
 65 213 66
 113 214 97
 82 84 215
 216 186 185
 10 9 217
 218 217 9
 219 220 178
 177 178 220
 221 79 222
 160 223 224
 225 226 227
 228 229 230
 231 226 232
 221 232 226
 205 233 23
 234 23 233
 235 108 35
 127 116 176
 236 14 237
 225 238 226
 160 224 227
 182 197 196
 104 106 168
 124 126 239
 11 4 240
 107 32 106
 241 155 161
 242 243 244
 202 245 120
 241 120 245
 246 247 248
 249 250 1
 251 51 50
 88 252 199
 253 254 247
 255 256 257
 258 257 256
 95 97 259
 203 126 125
 253 260 254
 236 261 252
 253 141 140
 262 263 264
 27 26 265
 15 142 16
 88 200 266
 267 268 165
 269 270 271
 231 272 273
 274 273 272
 113 275 276
 52 277 278
 279 280 103
 191 281 192
 282 29 183
 246 283 247
 209 136 86
 236 284 14
 171 154 186
 221 238 79
 285 170 164
 241 53 120
 286 196 195
 287 288 85
 289 277 290
 52 54 290
 75 291 76
 132 292 90
 190 179 293
 205 293 179
 282 40 23
 163 294 164
 236 295 261
 296 297 298
 56 265 26
 299 130 300
 169 277 289
 301 302 303
 304 118 6
 305 181 180
 253 140 306
 299 307 130
 13 123 164
 279 308 280
 309 230 58
 162 58 230
 310 311 312
 1 250 201
 120 53 110
 53 52 110
 255 313 256
 145 147 143
 52 290 277
 309 58 57
 88 90 292
 285 164 294
 113 158 214
 224 261 295
 228 230 314
 267 276 275
 315 66 213
 229 175 230
 286 316 122
 258 256 317
 267 112 276
 87 85 288
 33 318 34
 319 197 165
 267 165 167
 159 199 261
 252 261 199
 13 237 14
 320 70 204
 69 204 70
 234 321 23
 282 23 321
 41 322 42
 52 278 110
 182 165 197
 21 40 323
 315 275 114
 88 292 252
 236 252 284
 320 272 232
 324 173 212
 128 248 247
 132 90 325
 39 64 152
 326 269 271
 111 276 112
 327 259 9
 198 143 147
 132 14 284
 328 329 62
 229 330 175
 319 165 268
 242 244 331
 113 276 149
 209 86 180
 24 64 38
 39 38 64
 310 312 332
 234 194 43
 333 298 297
 315 114 96
 187 334 188
 187 335 334
 87 180 86
 242 1 48
 31 73 336
 219 178 250
 7 6 168
 99 101 337
 320 232 338
 68 338 222
 68 70 338
 305 194 233
 234 233 194
 191 339 42
 137 206 136
 340 302 341
 109 341 302
 79 61 222
 342 77 343
 76 343 77
 344 157 156
 319 195 197
 131 345 49
 95 49 345
 346 239 347
 3 48 1
 160 155 223
 160 227 226
 348 244 243
 349 193 192
 30 116 129
 169 64 63
 27 350 134
 137 207 206
 59 61 351
 126 204 347
 191 42 322
 352 323 40
 4 353 240
 354 133 325
 132 325 133
 39 152 85
 74 136 335
 326 355 356
 315 213 275
 68 119 70
 21 357 22
 342 71 119
 241 161 358
 231 232 272
 102 103 280
 65 67 268
 319 268 67
 221 226 238
 242 331 1
 95 345 96
 81 351 61
 109 302 208
 131 359 360
 131 360 345
 177 361 94
 190 188 179
 209 179 188
 87 362 180
 349 290 54
 286 195 363
 231 364 226
 160 226 364
 211 71 343
 342 343 71
 160 364 161
 267 275 365
 136 206 86
 263 366 264
 9 259 367
 113 114 275
 145 143 368
 342 60 369
 59 369 60
 370 369 371
 221 338 232
 372 373 291
 2 1 201
 287 151 192
 7 353 4
 44 22 357
 287 281 288
 126 347 239
 111 149 276
 374 66 359
 340 271 270
 24 184 62
 328 62 184
 255 20 313
 111 278 149
 150 149 278
 287 192 281
 320 375 272
 376 356 355
 127 300 130
 162 123 58
 301 303 377
 315 359 66
 378 370 371
 25 379 26
 68 222 61
 267 365 268
 128 254 129
 262 264 297
 169 63 277
 150 277 63
 380 381 382
 124 280 308
 81 264 351
 81 383 264
 349 54 384
 274 272 385
 98 386 387
 55 388 54
 76 291 373
 209 334 136
 162 230 175
 127 129 116
 381 220 382
 349 192 151
 92 129 254
 74 335 78
 389 390 240
 327 240 390
 391 228 314
 234 43 392
 218 214 329
 158 329 214
 391 314 393
 282 394 29
 249 1 331
 380 382 395
 84 395 382
 153 146 396
 304 312 311
 348 387 386
 102 280 117
 346 117 280
 124 308 43
 342 369 397
 224 223 261
 263 378 366
 396 146 398
 150 278 277
 95 50 49
 131 26 379
 315 96 360
 41 288 281
 72 336 73
 25 399 379
 400 296 298
 296 262 297
 401 45 357
 62 329 148
 402 403 404
 99 404 403
 159 223 155
 121 306 101
 127 176 300
 372 300 176
 305 180 362
 274 405 193
 11 94 361
 352 40 183
 282 183 40
 5 4 406
 11 361 4
 191 193 405
 15 368 143
 145 407 146
 408 146 407
 106 32 409
 304 341 118
 380 332 381
 5 381 332
 21 323 410
 340 270 302
 346 347 210
 310 271 311
 87 288 362
 62 148 63
 150 63 148
 56 51 16
 17 16 51
 142 350 265
 205 179 181
 287 85 152
 69 347 204
 44 357 45
 374 411 399
 342 397 77
 241 358 53
 342 119 60
 191 322 281
 42 339 125
 301 377 185
 145 368 407
 162 164 123
 309 314 230
 401 410 412
 402 412 410
 124 239 280
 346 280 239
 21 410 357
 75 413 291
 203 125 339
 301 208 302
 376 395 414
 84 414 395
 253 247 141
 283 141 247
 401 357 410
 376 355 415
 169 289 151
 287 152 151
 241 156 155
 349 151 289
 235 105 108
 104 108 105
 299 300 416
 203 339 405
 17 409 32
 90 89 417
 301 185 318
 37 86 206
 418 404 337
 413 299 416
 109 118 341
 121 91 260
 55 358 419
 11 240 8
 327 8 240
 256 313 420
 178 201 250
 389 240 353
 142 265 16
 218 9 367
 41 281 322
 163 421 298
 400 298 421
 161 419 358
 88 266 122
 59 371 369
 349 384 193
 109 108 118
 258 422 244
 249 244 422
 128 247 254
 27 265 350
 121 260 306
 253 306 260
 190 46 189
 98 387 73
 92 260 91
 99 337 404
 104 118 108
 327 390 423
 327 9 8
 370 397 369
 408 424 425
 283 138 141
 255 18 20
 310 415 355
 310 355 271
 211 426 210
 346 210 426
 41 194 362
 305 362 194
 225 227 427
 251 423 390
 249 331 244
 258 244 386
 348 386 244
 274 385 405
 380 415 332
 310 332 415
 333 294 298
 163 298 294
 328 184 0
 159 261 223
 372 416 300
 378 371 366
 340 311 271
 205 181 233
 187 78 335
 224 427 227
 107 368 32
 370 174 397
 43 308 392
 15 32 368
 187 428 78
 200 429 196
 374 359 411
 115 117 426
 346 426 117
 309 393 314
 279 103 394
 408 407 424
 327 423 259
 286 122 266
 320 338 70
 29 394 103
 274 388 273
 92 254 260
 307 246 248
 221 222 338
 41 362 288
 44 293 22
 205 22 293
 418 337 101
 131 411 359
 264 366 351
 59 351 366
 330 400 421
 376 415 395
 121 100 91
 349 289 290
 28 100 430
 28 430 183
 95 259 423
 267 167 112
 79 238 431
 225 431 238
 115 426 432
 211 432 426
 324 212 396
 274 193 384
 96 345 360
 285 433 434
 13 170 237
 435 237 170
 202 112 167
 436 431 437
 111 110 278
 74 73 387
 202 166 245
 344 245 166
 399 411 379
 98 18 257
 136 334 335
 65 268 365
 69 210 347
 209 188 334
 55 419 273
 137 135 243
 436 80 431
 330 421 175
 163 175 421
 203 405 385
 55 53 358
 68 60 119
 200 196 266
 235 424 105
 107 105 424
 256 420 83
 56 16 265
 59 366 371
 72 78 428
 305 233 181
 28 91 100
 436 438 80
 81 80 438
 2 93 0
 328 0 93
 99 403 430
 255 257 18
 315 360 359
 191 405 339
 235 425 424
 372 432 373
 182 196 429
 115 432 176
 372 176 432
 402 410 323
 158 148 329
 279 321 392
 234 392 321
 5 406 381
 177 381 406
 333 433 294
 274 384 388
 90 417 325
 354 325 417
 107 407 368
 352 430 403
 320 204 375
 203 375 204
 389 439 409
 174 77 397
 97 367 259
 177 220 381
 231 419 364
 161 364 419
 5 332 312
 333 438 433
 304 311 341
 279 394 321
 231 273 419
 389 440 390
 251 390 440
 106 409 439
 216 185 377
 286 363 316
 5 312 6
 372 291 416
 282 321 394
 33 208 318
 81 438 383
 307 248 130
 218 329 217
 328 217 329
 99 430 100
 436 434 433
 380 395 415
 55 273 388
 242 48 207
 97 214 367
 218 367 214
 304 6 312
 348 243 135
 132 284 292
 252 292 284
 44 46 293
 190 293 46
 219 250 441
 324 396 398
 17 51 440
 251 440 51
 219 382 220
 326 271 355
 211 343 373
 76 373 343
 285 294 433
 128 130 248
 285 434 170
 137 243 207
 352 183 430
 389 409 440
 236 237 295
 47 207 48
 413 416 291
 435 295 237
 219 441 215
 17 440 409
 182 429 166
 344 166 429
 74 387 135
 436 433 438
 249 441 250
 275 213 365
 10 217 93
 107 424 407
 225 427 437
 249 422 441
 279 392 308
 159 157 199
 200 199 157
 436 437 434
 435 434 437
 142 144 350
 36 173 442
 324 442 173
 435 437 427
 286 266 196
 333 297 383
 328 93 217
 95 423 50
 348 135 387
 301 318 208
 219 215 382
 84 382 215
 98 257 386
 7 439 353
 235 35 425
 36 425 35
 408 442 398
 408 425 442
 7 168 439
 264 383 297
 242 207 243
 435 427 295
 82 441 422
 131 379 411
 352 403 323
 402 323 403
 333 383 438
 36 154 173
 34 318 185
 82 215 441
 225 437 431
 171 173 154
 408 398 146
 224 295 427
 256 83 317
 344 156 245
 241 245 156
 344 429 157
 200 157 429
 435 170 434
 211 373 432
 54 388 384
 258 317 422
 82 422 317
 177 406 361
 4 361 406
 340 341 311
 251 50 423
 258 386 257
 79 431 80
 203 385 375
 389 353 439
 324 398 442
 36 442 425
 106 439 168
 65 365 213
 272 375 385
 82 317 83
 0
 0
 0
 0
 16
 376 216 326 19 84 302 414 269 356 313 377 270 20 303 420 83
 17
 401 31 187 402 418 72 19 140 404 45 101 428 189 306 412 46 336
 0
 30
 12 25 354 171 319 216 153 309 198 374 57 172 133 195 399 66 134 393 147 122 67 316 186 396 89 144 363 417 212 350
 0
 0
 0
 0
 0
 0
 0
 0
 0
