433 784
0.804761 8.931736 1
0.883450 9.033758 1
0.731714 9.012262 1
0.813117 9.117463 1
1.305696 7.883720 1
1.208009 7.992225 1
1.205268 7.860732 1
0.586217 8.671837 1
0.717139 8.653090 1
0.688054 8.781419 1
0.510559 7.108503 1
0.395163 7.165545 1
0.409375 7.016966 1
0.600051 9.442334 1
0.625002 9.593052 1
0.495180 9.502041 1
0.559112 6.615945 1
0.663739 6.708256 1
0.514937 6.747599 1
0.302012 7.781382 1
0.448479 7.727332 1
0.365202 7.918355 1
0.518228 7.867599 1
0.441684 9.357429 1
0.279594 9.434204 1
0.296961 9.314909 1
0.376853 9.485054 1
0.858725 8.722531 1
1.021079 8.803075 1
0.926489 8.895859 1
1.353558 7.981986 1
0.722314 9.520363 1
1.666667 10.000000 0
1.527778 10.000000 0
1.576167 9.835144 1
0.000000 8.472222 0
0.000000 8.333333 0
0.166292 8.423943 1
0.206973 7.973966 1
0.290860 8.070413 1
1.499858 7.947772 1
1.398136 7.838314 1
1.805556 10.000000 0
1.737316 9.870559 1
1.903461 9.864985 2
0.000000 8.194445 0
0.133506 8.090914 1
0.127202 8.260216 1
1.508334 8.189949 1
1.644398 8.157336 2
1.585124 8.273692 1
1.707647 8.287313 1
1.761035 8.899155 1
1.870443 8.844454 2
1.824499 9.015575 2
1.085593 8.281207 1
1.211066 8.256941 1
1.196026 8.392241 1
0.577212 8.273679 1
0.521991 8.149955 1
0.693256 8.164474 1
0.812300 7.631135 1
0.853759 7.789952 1
0.733534 7.748320 1
0.540023 7.005441 1
0.000000 6.805555 0
0.124206 6.674959 1
0.168758 6.780949 1
1.388889 10.000000 0
1.286949 9.850028 1
1.458333 9.900642 1
0.000000 8.611111 0
0.099357 8.541667 1
0.149972 8.713051 1
0.354021 7.393651 1
0.435442 7.313666 1
0.446700 7.459182 1
0.000000 9.166667 0
0.123921 9.056075 1
0.118748 9.221499 1
0.833333 10.000000 0
0.771428 9.881005 1
0.952749 9.878537 1
0.738248 7.897949 1
0.613699 7.946341 1
0.604607 7.778429 1
0.511959 9.611855 1
0.402159 6.651262 1
0.803698 9.649410 1
0.678018 9.708518 1
0.624954 8.078673 1
0.210358 8.569089 1
0.309136 8.508445 1
0.578731 7.660341 1
0.515410 7.559653 1
1.616130 9.365771 1
1.769831 9.294094 1
1.730980 9.435247 1
0.261602 9.600441 1
0.400869 7.591715 1
0.339019 8.387820 1
1.189201 8.795759 1
1.113182 8.680849 1
0.758679 8.431259 1
0.733248 8.305851 1
0.866699 8.310026 1
0.267082 8.277399 1
0.413076 8.244780 1
1.696259 8.602985 1
1.803862 8.695800 2
1.657487 8.728475 1
1.494142 8.765318 1
1.645896 8.843415 1
1.564363 8.918695 1
1.317680 8.269543 1
1.451239 8.326179 1
1.309117 8.378160 1
1.066928 8.429412 1
0.191461 9.510171 1
1.398905 8.200853 1
0.607504 6.824253 1
1.103121 8.910573 1
1.767289 8.201658 2
0.247466 7.171700 1
0.311634 7.287780 1
0.190436 7.302215 1
1.500886 7.797293 2
0.950514 7.675474 1
1.592797 9.097786 1
1.669018 9.221201 1
1.548165 9.241406 1
0.124253 7.204134 1
0.616477 8.393044 1
0.473950 8.361743 1
0.795406 8.565123 1
0.908448 8.586155 1
0.411077 9.591169 1
1.250000 10.000000 0
0.000000 8.750000 0
0.883070 7.929007 1
0.997349 7.815324 1
1.146914 7.747867 1
1.091823 7.907299 1
0.546415 8.787341 1
0.990099 8.657994 1
0.142591 9.655199 1
0.283525 9.728330 1
1.464331 9.149743 1
1.402143 8.440618 1
0.196901 9.803100 1
1.431722 9.788975 1
1.492050 9.689928 1
1.728744 8.439555 1
1.596820 8.391994 1
1.287874 8.131318 1
0.864869 8.475965 1
0.555792 6.480118 1
0.661663 6.433148 2
0.692328 6.567451 2
1.561748 8.649764 1
1.608491 9.667698 1
0.000000 7.777778 0
0.000000 7.638889 0
0.155138 7.724136 1
0.553257 7.346814 1
0.094249 7.569445 1
0.526764 8.467170 1
0.293526 8.784400 1
0.441780 8.860373 1
0.333250 8.930343 1
1.181810 8.551363 1
1.220491 8.689522 1
1.596348 8.519858 1
1.544884 8.074590 1
1.334896 9.444846 1
1.348866 9.335640 1
1.469599 9.466022 1
0.506783 7.991428 1
1.497565 9.348309 1
1.071089 8.570249 1
1.684391 8.982583 1
0.000000 6.666667 0
0.283384 7.047626 1
1.361718 8.903855 1
1.337824 8.769677 1
1.458961 8.869428 1
0.465655 6.555604 1
1.015840 6.738435 2
0.987395 6.885596 2
0.886363 6.750875 1
0.414963 8.071552 1
0.356034 9.675016 1
1.802797 9.755301 1
0.225961 8.181989 1
0.211318 9.131266 1
0.294735 9.054495 1
0.369858 9.189230 1
1.266389 7.642892 1
1.177508 7.507638 1
1.326424 7.547935 1
0.529079 9.213453 1
0.322388 8.169227 1
0.983326 8.514839 1
0.371069 6.795438 1
0.864530 9.786017 1
1.283737 7.430814 1
1.204557 7.331199 2
0.435687 8.704444 1
0.235199 7.868153 1
1.051147 8.044083 1
1.144988 8.142914 1
0.981902 8.191603 1
0.997649 7.156612 2
0.906328 7.288684 1
0.844803 7.132699 1
1.390459 7.691524 1
1.501852 7.678027 2
0.694444 10.000000 0
0.555556 10.000000 0
0.632514 9.850994 1
0.000000 9.444445 0
0.000000 9.305555 0
0.147830 9.363488 1
0.739847 7.167933 1
0.668488 7.268610 1
0.630688 7.118028 1
0.714316 9.402905 1
1.090806 7.389845 1
0.795127 8.045098 1
0.229289 9.240767 1
1.247027 9.296149 1
1.236969 9.439577 1
1.445282 9.003757 1
0.191008 8.946526 1
0.270356 6.722905 1
0.241087 6.594317 1
1.838712 9.384990 1
1.918479 9.271042 1
1.973748 9.426676 1
2.070018 9.313602 2
0.712002 9.129732 1
0.756333 7.376606 1
0.669728 7.526626 1
0.642332 7.395194 1
0.695885 8.017605 1
0.832334 8.181274 1
1.894796 8.283788 2
1.796368 8.333261 1
0.532266 7.220194 1
0.563854 7.457312 1
0.000000 7.361111 0
0.081500 7.298603 1
0.115371 7.430360 1
0.636902 8.530614 1
0.817945 9.228610 1
0.705682 9.281222 1
0.208464 7.574777 1
0.250566 7.417533 1
1.687356 9.755663 1
0.323471 7.516419 1
0.487094 9.909638 1
0.086995 9.513889 1
0.362887 6.551648 1
0.814496 7.491768 1
0.000000 6.250000 0
0.000000 6.111111 0
0.144028 6.180555 2
1.818970 9.167747 1
1.952648 9.115278 2
1.212820 9.693766 1
1.355126 9.675912 1
0.000000 7.500000 0
0.830477 9.369934 1
0.838538 9.499920 1
0.493726 8.971506 1
0.404042 9.048648 1
0.000000 9.722222 0
0.000000 9.583333 0
0.416667 10.000000 0
0.277778 10.000000 0
0.347068 9.865978 1
0.596528 6.329490 2
0.481959 6.387649 1
0.439970 6.285912 2
0.304373 6.188498 2
0.311214 6.299680 1
0.113225 6.883154 1
0.000000 7.083333 0
0.141202 7.079720 1
0.804992 8.836111 1
0.390550 8.588207 1
0.499662 8.572626 1
0.790186 7.268943 1
0.303171 7.658401 1
1.154797 9.368364 1
0.000000 7.222222 0
0.000000 8.055555 0
0.598355 8.906145 1
1.497397 8.567036 1
1.155098 7.636156 1
0.984513 8.316355 1
1.030836 9.115532 1
1.126290 9.230981 1
1.010762 9.226134 1
0.929986 7.017158 1
0.862778 6.878037 1
0.804398 6.970953 1
0.115023 7.874085 1
0.972222 10.000000 0
0.000000 9.027778 0
0.996799 7.950277 1
0.492241 9.801861 1
0.930958 7.556477 1
2.018899 9.223706 2
1.004662 8.995338 1
1.878052 8.432953 2
1.824728 8.560706 2
0.664117 6.992033 1
0.692460 6.894339 1
0.768840 6.814992 1
0.799684 6.671224 1
0.323504 6.922027 1
0.479855 6.892079 1
1.747745 8.802259 1
0.736771 7.076329 1
1.155032 9.125547 1
1.623189 9.519094 1
0.964521 9.713545 1
0.954280 9.592237 1
1.942917 9.574646 1
2.075941 9.644622 2
1.928411 9.705174 2
1.263118 8.884799 1
0.299041 8.656504 1
1.058497 9.815688 1
0.920541 7.459746 1
0.930620 9.294585 1
0.973801 9.436555 1
1.054995 9.315080 1
1.334587 7.310613 2
1.396366 7.460019 2
1.463472 7.365602 3
1.205404 8.976017 1
0.633174 9.197259 1
0.592068 9.076138 1
1.021153 7.292825 1
0.564581 9.714310 1
0.683349 7.644981 1
1.288095 7.776429 1
0.213930 8.846450 1
1.429399 8.087277 1
2.118436 9.423791 2
2.037016 9.517852 1
0.953595 8.408203 1
0.000000 7.916667 0
1.713748 9.647942 1
1.746946 9.550308 1
0.000000 10.000000 0
0.000000 9.861111 0
0.107824 9.892176 1
0.138889 10.000000 0
1.151346 9.895024 1
0.106092 8.849491 1
1.358403 9.543875 1
1.443864 9.592309 1
0.911069 9.174496 1
1.062614 9.535784 1
1.717935 9.096978 1
0.352246 6.389323 1
1.118547 7.236432 2
1.311718 8.993432 1
0.114363 6.303110 1
1.831896 9.622097 1
1.853158 9.498068 1
0.215323 6.379928 1
0.286639 6.485198 1
0.145565 6.498655 1
0.000000 6.527778 0
0.101550 6.405153 1
0.201777 6.955204 1
0.241448 6.843279 1
0.759233 9.770711 1
1.610746 7.862753 2
1.258936 9.570167 1
0.480838 9.114609 1
1.451279 7.567094 2
0.389819 9.757821 1
0.000000 6.388889 0
1.040813 7.011794 2
1.153550 9.786070 1
0.217860 6.270355 1
1.346873 9.100210 1
0.091278 9.780123 1
0.213692 9.912251 1
1.301408 8.605935 1
1.426698 8.649664 1
0.599666 9.312307 1
1.076383 9.418751 1
2.138381 9.518966 2
0.923397 8.056890 1
0.831033 6.551325 2
1.079324 9.680214 1
0.000000 8.888889 0
1.111111 10.000000 0
0.084081 6.578643 1
1.642432 7.990613 2
1.049190 7.700259 1
1.534460 9.581480 1
0.935367 6.645044 2
1.345869 9.212654 1
1.444916 9.260551 1
0.418895 6.471860 1
0.719683 8.890155 1
1.142776 9.493199 1
1.149933 9.600081 1
0.000000 6.944445 0
0.093535 6.987447 1
1.404965 8.536551 1
1.305023 8.488237 1
1.031805 7.484908 1
1.056095 7.595831 1
0.418376 8.475342 1
0.981706 7.387838 1
0.857799 7.383876 1
0.092829 7.983811 1
0.575413 6.917888 1
1.117910 9.027727 1
0.455960 9.693076 1
1.497119 8.467815 1
1.229989 9.066641 1
0.084204 8.953752 1
1.047968 9.918360 1
1.242998 9.176913 1
 0 1 2
 1 3 2
 4 5 6
 7 8 9
 10 11 12
 13 14 15
 16 17 18
 19 20 21
 22 21 20
 23 24 25
 26 24 23
 27 28 29
 30 5 4
 13 31 14
 32 33 34
 35 36 37
 38 21 39
 40 30 41
 42 43 44
 45 46 47
 48 49 50
 51 50 49
 52 53 54
 55 56 57
 58 59 60
 61 62 63
 10 12 64
 65 66 67
 68 69 70
 71 72 73
 74 75 76
 77 78 79
 80 81 82
 83 84 85
 86 15 14
 16 18 87
 31 88 14
 14 88 89
 90 60 59
 91 37 92
 93 20 94
 95 96 97
 26 98 24
 99 94 20
 100 92 37
 101 28 102
 103 104 105
 100 106 107
 108 109 110
 111 112 113
 114 115 116
 111 110 112
 55 57 117
 118 24 98
 114 119 115
 120 18 17
 101 121 28
 51 49 122
 123 124 125
 40 41 126
 61 127 62
 128 129 130
 123 125 131
 58 132 133
 27 134 135
 26 136 98
 68 137 69
 138 71 73
 83 62 139
 140 141 142
 6 142 141
 7 9 143
 95 129 96
 27 144 28
 145 98 146
 128 130 147
 148 116 115
 27 8 134
 149 145 146
 150 151 34
 51 152 153
 154 5 30
 103 105 155
 156 157 158
 83 85 63
 108 110 159
 160 34 151
 161 162 163
 75 164 76
 162 165 163
 166 133 132
 167 168 169
 154 114 56
 102 170 171
 108 159 172
 48 173 49
 27 9 8
 174 175 176
 90 59 177
 176 175 178
 83 63 62
 179 170 102
 128 113 180
 74 124 75
 65 181 66
 12 11 182
 183 184 185
 16 87 186
 187 188 189
 190 39 21
 191 98 136
 192 44 43
 193 47 46
 194 195 196
 197 198 199
 200 23 196
 25 196 23
 107 106 201
 179 144 202
 203 87 18
 16 156 158
 91 73 72
 150 70 69
 51 153 50
 194 79 78
 204 82 81
 205 198 206
 150 34 70
 91 72 37
 167 207 168
 135 202 144
 38 208 21
 209 210 211
 55 211 210
 212 213 214
 215 216 126
 217 218 219
 220 221 222
 223 224 225
 35 37 72
 33 70 34
 13 226 31
 32 34 43
 36 47 37
 57 56 116
 227 206 198
 111 185 184
 83 139 228
 194 196 229
 230 175 231
 111 113 185
 128 232 113
 113 112 180
 233 195 78
 140 139 62
 203 234 87
 235 87 234
 236 237 238
 239 238 237
 240 2 3
 241 242 243
 228 60 244
 123 182 11
 245 211 105
 246 247 122
 224 248 225
 93 94 242
 249 242 94
 250 251 252
 190 177 59
 41 215 126
 7 253 8
 240 254 255
 256 252 257
 100 37 106
 160 258 34
 256 257 259
 218 260 219
 220 222 261
 235 262 87
 241 263 242
 256 163 165
 264 265 266
 267 268 237
 269 270 69
 150 69 270
 52 180 112
 271 250 252
 272 273 226
 31 226 273
 58 107 59
 58 133 107
 274 275 169
 168 274 169
 190 59 107
 276 277 145
 278 279 280
 111 159 110
 281 282 283
 100 107 133
 284 283 285
 154 56 210
 65 67 286
 287 288 131
 154 119 114
 27 29 289
 290 291 207
 7 207 291
 48 115 119
 213 292 214
 19 163 293
 256 293 163
 230 231 294
 295 287 131
 27 135 144
 190 107 201
 22 85 84
 114 116 56
 45 296 46
 297 168 143
 245 60 228
 298 172 159
 194 78 195
 197 299 198
 211 300 105
 297 274 168
 103 134 253
 90 244 60
 301 302 303
 188 304 305
 306 305 304
 8 253 134
 161 163 307
 58 60 104
 179 102 144
 249 76 164
 297 143 9
 308 80 82
 77 309 78
 93 85 20
 140 310 139
 118 261 222
 311 219 260
 61 263 312
 237 268 313
 314 29 121
 28 121 29
 51 122 247
 315 316 152
 108 152 316
 306 317 318
 120 17 319
 320 319 17
 12 321 322
 203 322 321
 22 20 85
 109 53 323
 306 324 317
 205 199 198
 125 252 251
 325 302 301
 241 224 292
 223 292 224
 209 5 210
 306 304 214
 95 326 176
 204 88 327
 328 327 88
 329 330 331
 183 332 184
 58 104 132
 101 332 121
 275 196 195
 19 208 163
 19 293 20
 99 20 293
 91 333 73
 167 73 333
 334 82 327
 140 62 127
 174 231 175
 38 39 46
 193 46 39
 192 331 44
 335 312 263
 272 336 337
 338 337 336
 249 243 242
 205 339 340
 341 340 339
 272 337 273
 328 273 337
 193 201 106
 342 121 332
 306 214 324
 240 343 344
 240 344 2
 320 189 319
 236 97 96
 240 255 343
 217 219 81
 221 79 222
 209 142 5
 272 255 254
 212 345 213
 311 346 219
 89 219 346
 200 344 343
 67 66 234
 235 234 66
 297 2 344
 277 261 145
 278 280 260
 61 63 347
 197 348 141
 6 141 348
 167 169 349
 75 124 11
 245 105 104
 108 316 109
 154 30 350
 238 351 352
 353 155 105
 204 327 82
 272 226 255
 103 132 104
 118 145 261
 311 260 280
 40 350 30
 154 210 5
 354 161 307
 160 326 355
 356 355 326
 357 358 359
 357 359 360
 118 222 24
 25 24 222
 239 351 238
 25 229 196
 137 361 69
 138 73 362
 236 96 237
 267 237 96
 61 347 242
 306 318 319
 203 18 322
 174 176 363
 364 363 176
 267 54 268
 240 3 254
 314 301 1
 365 1 301
 57 170 117
 179 117 170
 52 323 53
 328 88 273
 31 273 88
 61 242 263
 245 104 60
 188 305 189
 328 337 366
 267 367 54
 283 282 368
 93 242 347
 212 369 345
 183 232 370
 26 23 15
 264 266 371
 306 319 305
 329 372 373
 374 375 376
 235 376 375
 377 378 376
 101 184 332
 379 286 380
 89 381 219
 25 222 229
 42 32 43
 36 45 47
 163 208 307
 120 319 318
 6 5 142
 40 126 382
 269 383 270
 200 384 344
 7 291 253
 385 215 199
 297 344 274
 123 131 288
 19 21 208
 311 280 386
 227 369 206
 120 322 18
 377 387 378
 233 169 195
 128 367 129
 267 96 129
 125 124 257
 212 304 388
 269 69 389
 167 349 73
 95 130 129
 390 266 284
 391 370 232
 149 392 145
 279 393 280
 149 280 393
 276 145 392
 52 54 180
 317 225 64
 10 64 225
 314 1 29
 0 29 1
 80 217 81
 221 77 79
 394 171 170
 67 380 286
 110 109 323
 90 177 84
 111 395 159
 200 396 23
 13 23 396
 13 396 226
 255 226 396
 337 397 366
 13 15 23
 197 199 215
 267 129 367
 191 146 98
 22 177 21
 190 21 177
 123 11 124
 183 185 232
 74 257 124
 55 117 300
 338 397 337
 391 232 147
 241 243 224
 167 333 207
 290 207 333
 398 330 352
 205 206 339
 356 373 372
 139 399 228
 75 11 248
 10 248 11
 320 158 400
 334 327 401
 402 138 362
 137 403 361
 111 184 395
 245 399 211
 235 404 376
 387 264 371
 149 146 280
 118 98 145
 364 151 270
 150 270 151
 153 152 172
 108 172 152
 227 345 369
 91 92 333
 290 333 92
 245 228 399
 40 382 405
 223 214 292
 168 207 143
 353 300 117
 329 352 330
 128 147 232
 7 143 207
 140 142 310
 10 225 248
 329 373 238
 236 238 373
 197 141 299
 379 182 288
 123 288 182
 140 406 141
 298 159 395
 192 258 355
 364 176 407
 89 88 381
 192 355 372
 103 253 132
 204 381 88
 383 363 270
 320 408 189
 93 347 85
 63 85 347
 391 147 409
 54 367 180
 356 97 373
 410 147 130
 411 368 282
 236 373 97
 113 232 185
 27 289 9
 12 322 64
 275 384 196
 200 196 384
 338 303 302
 297 9 412
 410 178 175
 28 144 102
 209 211 399
 41 30 4
 398 352 351
 281 156 282
 410 409 147
 356 326 97
 95 176 178
 394 395 184
 139 310 399
 95 97 326
 55 210 56
 55 300 211
 413 366 397
 328 401 327
 219 381 81
 222 79 229
 269 389 401
 334 401 389
 235 66 404
 283 368 285
 235 375 262
 411 156 186
 16 186 156
 37 47 106
 34 258 43
 193 106 47
 192 43 258
 86 14 346
 320 400 408
 41 348 215
 197 215 348
 269 401 414
 269 414 383
 415 65 286
 48 350 173
 256 165 252
 271 252 165
 176 326 407
 329 331 372
 212 214 304
 188 388 304
 101 171 184
 394 184 171
 287 416 288
 394 417 395
 69 361 389
 73 349 362
 394 418 417
 315 247 246
 154 350 119
 239 237 313
 233 349 169
 329 238 352
 364 270 363
 61 312 127
 275 274 384
 344 384 274
 209 399 310
 166 132 253
 287 415 416
 99 259 76
 190 201 39
 413 231 383
 174 383 231
 272 254 336
 40 405 173
 33 68 70
 71 35 72
 166 253 291
 51 247 152
 174 363 383
 227 198 419
 420 419 198
 328 366 401
 315 152 247
 374 376 378
 411 282 156
 281 157 156
 413 383 414
 125 257 252
 256 259 293
 99 293 259
 83 228 244
 49 173 405
 101 102 171
 74 76 259
 166 421 133
 100 133 421
 365 336 254
 377 376 404
 213 422 423
 16 158 17
 320 17 158
 162 271 165
 354 307 424
 38 424 307
 160 407 326
 120 425 322
 296 354 424
 223 324 214
 420 198 299
 279 360 393
 358 276 392
 128 180 367
 296 424 46
 89 346 14
 230 294 302
 338 302 294
 38 46 424
 319 189 305
 0 289 29
 379 288 416
 387 371 378
 40 173 350
 179 202 117
 353 117 202
 153 115 50
 314 426 301
 325 301 426
 48 119 350
 218 278 260
 277 220 261
 181 377 404
 86 346 427
 187 189 408
 153 428 115
 148 115 428
 342 429 426
 325 426 429
 209 310 142
 275 195 169
 48 50 115
 192 372 331
 309 402 430
 403 308 431
 74 259 257
 250 295 251
 374 368 375
 420 127 312
 391 409 432
 38 307 208
 365 254 3
 194 229 79
 204 81 381
 99 76 94
 353 105 300
 391 432 429
 230 409 175
 410 175 409
 284 285 390
 335 423 422
 140 127 406
 290 421 291
 213 345 422
 26 15 136
 86 136 15
 241 292 423
 213 423 292
 402 362 430
 233 430 362
 403 431 361
 334 361 431
 420 406 127
 314 121 426
 342 426 121
 385 216 215
 411 375 368
 166 291 421
 22 84 177
 374 378 371
 135 155 202
 385 199 340
 411 262 375
 249 94 76
 297 412 2
 0 2 412
 57 418 170
 394 170 418
 374 285 368
 374 371 390
 379 380 321
 379 321 182
 12 182 321
 358 392 359
 360 359 393
 317 324 225
 191 427 386
 241 423 263
 335 263 423
 181 404 66
 374 390 285
 365 303 336
 338 336 303
 420 299 406
 141 406 299
 193 39 201
 266 390 371
 41 4 348
 6 348 4
 298 395 417
 338 294 397
 160 151 407
 364 407 151
 290 92 421
 365 3 1
 148 417 418
 379 416 286
 298 428 172
 295 131 251
 353 202 155
 311 427 346
 413 294 231
 205 340 199
 308 82 431
 309 430 78
 191 386 146
 365 301 303
 83 244 84
 160 355 258
 95 178 130
 191 136 427
 86 427 136
 153 172 428
 9 289 412
 100 421 92
 90 84 244
 67 234 380
 203 380 234
 125 251 131
 420 312 419
 334 389 361
 233 362 349
 356 372 355
 415 286 416
 413 397 294
 200 343 396
 255 396 343
 57 116 418
 148 418 116
 233 78 430
 334 431 82
 149 359 392
 149 393 359
 335 419 312
 223 225 324
 410 130 178
 317 425 318
 120 318 425
 135 134 155
 342 332 370
 411 186 262
 87 262 186
 52 112 323
 110 323 112
 75 248 164
 224 164 248
 317 64 425
 322 425 64
 183 370 332
 230 302 432
 325 432 302
 230 432 409
 311 386 427
 401 366 414
 298 417 428
 227 422 345
 0 412 289
 413 414 366
 227 419 422
 335 422 419
 148 428 417
 325 429 432
 203 321 380
 103 155 134
 342 370 429
 224 243 164
 249 164 243
 280 146 386
 391 429 370
 0
 0
 0
 0
 0
 0
 0
 0
 0
 0
 0
 0
 0
 0
 16
 341 284 212 187 281 283 188 266 369 339 206 158 408 400 388 157
 23
 341 239 315 398 385 49 109 53 54 330 246 382 44 268 331 316 405 340 126 351 122 313 216
 0
