451 824
2.317473 7.078120 1
2.417764 7.184912 2
2.250142 7.195615 1
2.313748 7.309247 2
3.232097 6.046488 1
3.313665 6.154677 2
3.153175 6.102249 1
3.173663 6.202900 1
2.064463 5.800741 1
1.933685 5.698942 1
2.098961 5.691370 1
3.309231 5.982487 2
3.141533 5.941434 1
1.945885 5.835670 1
3.291459 5.875754 1
1.597471 5.537529 1
1.534143 5.440955 1
1.696365 5.417908 1
2.866452 6.026040 1
2.981438 5.978270 1
2.938483 6.124635 1
1.605105 5.323936 2
3.052152 6.061598 1
2.395749 6.336443 1
2.472568 6.425853 1
2.316118 6.431808 1
1.470755 6.498024 1
1.542161 6.396385 1
1.577821 6.558721 1
1.659293 6.444950 1
2.973837 5.854323 1
2.857029 5.780483 1
3.046258 5.754431 1
2.381827 6.524349 1
2.916168 5.671409 1
2.815677 6.244118 1
2.974875 6.266385 1
2.871979 6.348311 1
2.203551 6.985586 1
2.338772 6.935942 1
2.464019 7.022563 1
1.556666 6.985476 1
1.596790 6.824622 1
1.680047 6.992041 1
1.753950 6.896599 1
1.723917 5.896436 1
1.803463 6.010889 1
1.660720 6.017687 1
1.720692 6.157330 1
1.512895 5.982413 1
1.443898 6.091654 1
1.365815 5.952167 1
1.321293 6.079159 1
0.698432 5.772837 1
0.575890 5.792314 1
0.596135 5.650707 1
2.615458 6.362182 1
2.774981 6.409706 1
2.621361 6.497158 1
1.786778 7.275660 2
1.840102 7.137749 1
1.913435 7.227174 1
2.088911 6.516935 1
2.178055 6.622899 1
2.038125 6.684228 1
2.107111 6.010770 1
2.195521 6.087101 1
2.088281 6.169971 1
0.737325 5.669270 1
2.005201 5.571858 1
1.674321 7.205916 1
0.304373 6.188498 2
0.458075 6.124873 1
0.439970 6.285912 2
1.998426 6.103631 1
3.301613 6.552069 1
3.456605 6.579809 2
3.350997 6.695115 2
0.972894 5.614025 1
0.889425 5.497691 1
1.003072 5.424653 1
1.696916 6.314753 1
1.592284 6.279613 1
1.954613 6.582535 1
3.131414 6.406967 1
2.996739 6.405838 1
3.095015 6.292739 1
3.203882 5.822182 1
3.001331 5.595352 1
3.073294 5.462520 2
3.104973 5.640267 1
2.639488 5.494450 1
2.767023 5.534519 1
2.638286 5.646004 1
2.791103 5.659033 1
1.590164 6.121782 1
3.199978 6.629252 1
1.551207 7.285677 1
1.564610 7.186412 1
3.369663 6.458298 1
3.481136 6.425205 2
1.108239 5.522227 1
2.740520 6.528897 1
1.630993 7.365955 2
1.716988 6.784972 1
0.849315 6.312347 1
0.956951 6.196434 1
0.972829 6.363189 1
2.149197 6.750058 1
1.264026 5.770383 1
1.328080 5.670756 1
1.360249 5.814812 1
2.747687 5.279744 1
2.739348 5.145971 2
2.883681 5.235128 2
0.833166 6.086993 1
0.965494 6.052625 1
1.098112 6.129204 1
0.210583 5.397940 1
0.354821 5.390138 1
0.249973 5.502886 1
1.258960 7.182138 1
1.125977 7.093374 1
1.247292 7.029595 1
3.351527 6.339208 2
3.222589 6.303521 1
2.369568 5.111186 2
2.405827 5.246504 1
2.282167 5.236704 2
1.118547 7.236432 2
3.036210 5.285058 3
2.958092 5.380297 1
1.730406 7.084311 1
2.482970 5.945004 1
2.594559 5.844851 1
2.656853 5.952880 1
0.596528 6.329490 2
0.575201 6.206668 1
2.944302 7.070577 2
2.884941 6.941597 1
3.017774 6.951748 1
2.956478 6.808999 1
2.499365 5.572994 1
2.526701 5.421016 1
1.189196 5.700500 1
1.463800 6.891809 1
2.521891 6.696742 1
2.417243 6.654553 1
2.566158 6.600378 1
1.819209 5.788214 1
2.477557 6.542108 1
2.266217 6.002661 1
2.244823 5.896971 1
2.139534 5.880462 1
0.616793 5.524652 1
0.753121 5.474871 1
0.704196 5.575406 1
1.783377 6.277089 1
0.239582 5.637921 1
0.279358 5.768495 1
0.178162 5.768868 1
1.249943 5.883609 1
0.356925 5.562954 1
0.360935 5.703599 1
2.573590 6.040870 1
0.323862 6.067037 1
2.505281 5.722375 1
2.360957 5.697104 1
1.126392 6.947610 1
0.987395 6.885596 2
1.114545 6.819599 1
1.015840 6.738435 2
2.373101 5.553058 1
0.110544 5.656777 1
1.346684 6.950495 1
1.439220 7.024059 1
1.345919 7.083216 1
0.635702 5.069196 2
0.589610 5.172690 1
0.478251 5.133544 2
3.224849 6.748847 1
2.688408 6.845854 1
2.552580 6.887485 1
2.618056 6.741405 1
0.751689 6.471792 1
0.692328 6.567451 2
0.661663 6.433148 2
2.196571 6.194947 1
2.346585 6.143816 1
2.282090 6.289904 1
2.958561 5.491240 1
1.051319 6.259661 1
1.908202 7.358087 2
2.862174 6.578849 1
2.968595 6.656877 1
2.851676 6.706321 1
1.073092 5.746907 1
0.953502 5.786160 1
1.210548 6.020026 1
2.215323 5.675426 1
2.220497 5.793075 1
3.182012 5.557523 2
2.586080 7.112348 2
2.334530 5.834524 1
1.070193 6.356997 1
1.158510 6.252482 1
1.198241 6.407594 1
1.288719 6.310036 1
0.732483 6.352259 1
0.721417 6.205487 1
0.960186 5.918945 1
1.060478 5.867939 1
1.075357 5.997949 1
0.460374 5.629442 1
2.146028 5.581932 1
0.344523 5.224209 2
0.249671 5.295481 1
0.196422 5.156919 2
3.277380 6.882189 1
3.118363 6.849500 1
3.163727 6.971000 1
1.371875 6.417456 1
1.438828 6.301654 1
0.623057 5.404192 1
2.363943 6.802744 1
2.245891 6.841384 1
1.884973 6.114752 1
2.437755 6.885254 1
0.000000 5.555555 0
0.000000 5.416667 0
0.132429 5.509089 1
0.840212 6.200315 1
3.245531 7.230278 3
3.091022 7.181091 2
3.219912 7.099728 1
1.944062 6.806640 1
2.054027 6.924795 1
1.886681 6.919601 1
1.946103 7.028942 1
2.574666 7.007318 1
0.759355 5.356022 1
1.473827 5.352179 2
1.914454 5.282464 2
2.052919 5.351081 1
1.933411 5.425395 1
0.844892 5.723430 1
1.106314 5.636593 1
1.959572 5.977446 1
0.821548 5.858727 1
1.241030 6.163182 1
1.368997 6.188184 1
1.492842 5.722325 1
0.492459 5.721128 1
0.495417 5.508823 1
2.651590 6.943803 1
3.081839 7.047856 1
2.493084 6.794065 1
1.862262 6.226519 1
1.912050 6.310066 1
1.203689 5.589727 1
1.978818 6.434281 1
2.142704 5.215140 2
2.197273 5.369653 1
3.185332 5.716519 1
0.000000 5.972222 0
0.116808 5.897958 1
0.111832 6.061011 1
1.599322 5.826808 1
1.484004 5.872913 1
1.854272 5.900525 1
0.823822 5.596280 1
1.853078 6.394500 1
2.843946 5.346820 1
3.064560 6.175085 1
1.758602 5.662060 1
1.720629 5.535300 1
1.859047 5.557207 1
1.364042 6.804653 1
0.498943 5.377163 1
2.515239 6.158843 1
2.660096 6.213124 1
2.510188 6.287699 1
2.019053 5.225721 3
3.387095 5.854040 2
0.420228 6.023907 1
0.755263 5.973875 1
0.867131 5.978233 1
1.490665 6.790922 1
0.957793 6.520961 1
1.070850 6.471199 1
2.525452 5.281466 1
2.634807 5.354449 1
0.717251 6.064655 1
1.753081 6.410414 1
0.105653 5.389453 1
3.064626 6.488285 1
2.142537 6.862159 1
2.076327 7.058541 1
1.204557 7.331199 2
1.762708 6.517904 1
1.701525 6.607427 1
0.441826 5.283202 1
2.190225 7.101747 1
1.372863 5.437885 1
1.260954 5.351810 1
1.372741 5.314714 2
1.495888 6.199917 1
2.811126 6.830569 1
0.462606 5.832233 1
0.344942 5.846585 1
2.411268 6.239966 1
1.333971 6.646914 1
1.205009 6.635832 1
1.276242 6.520332 1
0.556224 5.274645 1
0.997649 7.156612 2
1.246031 5.221209 2
2.411756 5.449990 1
2.181320 6.395429 1
2.078305 6.379520 1
1.136453 5.394846 1
1.235183 5.467110 1
1.040813 7.011794 2
2.465141 6.063437 1
1.383168 6.525343 1
1.478751 6.592216 1
1.444627 6.706367 1
2.060019 6.808969 1
0.955230 5.303747 1
0.838786 5.261732 1
0.989375 5.185784 2
3.315720 5.737246 2
2.717383 6.311791 1
2.796990 6.126307 1
0.869467 5.131529 2
0.718892 5.204931 1
0.769390 5.051095 2
0.000000 5.694445 0
2.772497 6.631569 1
2.703638 6.067058 1
2.384405 6.022806 1
0.671950 5.881313 1
1.334587 7.310613 2
2.269654 6.706133 1
0.220288 5.997429 1
1.812431 5.456323 1
2.626641 5.202529 1
1.458034 5.570761 1
1.319570 5.547248 1
2.444946 5.828526 1
2.020253 7.267929 2
3.090335 6.712043 1
2.709536 7.054564 2
2.821318 7.035058 1
2.808614 7.168708 2
1.632814 5.711406 1
1.065321 5.294051 1
1.127223 5.153876 2
1.171018 5.288370 1
3.414002 6.824035 2
3.397062 6.972573 2
0.661354 5.299221 1
2.200501 5.493474 1
2.304739 5.460426 1
0.849335 6.431480 1
1.762124 5.277796 2
1.837731 5.358323 1
2.089673 5.470119 1
0.831033 6.551325 2
1.236438 6.883706 1
2.327956 5.344021 1
0.605128 6.093863 1
2.208205 6.496840 1
1.164663 6.531327 1
1.860227 6.496627 1
2.438673 5.348428 1
2.771141 5.990453 1
2.741679 5.866411 1
2.704592 5.756721 1
0.138369 5.285372 1
2.974607 6.528362 1
0.000000 5.138889 0
0.106432 5.066491 2
0.085142 5.194705 1
1.542193 6.684094 1
2.870167 6.466660 1
2.506077 5.152360 2
1.644509 6.699808 1
1.463472 7.365602 3
1.456548 7.228272 1
1.516216 7.100515 1
1.147493 5.921739 1
1.598852 5.928372 1
3.340920 7.072015 1
3.440204 7.103339 2
1.708726 5.785487 1
0.000000 6.111111 0
0.144028 6.180555 2
0.220797 6.099459 1
2.359648 5.921749 1
2.021545 6.303704 1
0.519351 6.007927 1
1.226046 6.755610 1
1.420698 7.120935 1
1.071071 6.610753 1
1.128930 6.714970 1
0.000000 5.277778 0
2.676126 6.621308 1
2.110897 7.181079 1
2.150744 7.318586 2
2.266949 5.578924 1
1.996131 7.145063 1
3.350084 7.183947 2
2.043949 5.901158 1
3.075473 6.590240 1
2.613141 6.119974 1
0.546788 5.903909 1
0.424369 5.926633 1
2.885120 5.567744 1
2.275002 6.571133 1
0.000000 5.833333 0
2.614580 5.068915 2
2.861234 5.904022 1
3.277499 6.994697 1
2.606400 5.743266 1
2.761153 6.941907 1
3.316807 6.787547 1
2.755666 5.402276 1
3.170548 6.517179 1
2.874966 5.450286 1
0.866498 5.386453 1
1.824299 6.803420 1
0.075243 5.763889 1
3.256470 6.430376 1
2.138969 6.287920 1
1.888285 6.699817 1
1.765391 6.700409 1
1.363342 7.185035 1
1.811099 7.010266 1
0.320373 5.961413 1
3.243331 5.637528 2
0.935367 6.645044 2
0.243322 5.873458 1
1.823849 6.603411 1
1.556930 5.627866 1
1.164038 5.815179 1
2.733116 6.724302 1
1.654394 5.613462 1
1.623212 7.089769 1
0.633783 5.986217 1
1.962033 6.206042 1
 0 1 2
 2 1 3
 4 5 6
 5 7 6
 8 9 10
 11 4 12
 13 9 8
 14 11 12
 15 16 17
 18 19 20
 16 21 17
 19 22 20
 23 24 25
 26 27 28
 28 27 29
 30 31 32
 25 24 33
 31 34 32
 35 36 37
 35 20 36
 38 39 0
 40 0 39
 41 42 43
 44 43 42
 45 46 47
 48 47 46
 49 50 51
 52 51 50
 53 54 55
 56 57 58
 59 60 61
 62 63 64
 65 66 67
 53 55 68
 69 10 9
 59 70 60
 30 32 12
 71 72 73
 40 1 0
 74 65 67
 22 12 6
 75 76 77
 12 4 6
 78 79 80
 48 81 82
 83 62 64
 84 85 86
 36 86 85
 12 32 87
 88 89 90
 91 92 93
 94 93 92
 48 82 95
 75 77 96
 97 98 70
 75 99 76
 100 76 99
 78 80 101
 57 102 58
 103 97 70
 44 42 104
 105 106 107
 108 64 63
 109 110 111
 112 113 114
 115 116 106
 117 106 116
 5 4 11
 118 119 120
 121 122 123
 5 124 125
 126 127 128
 121 129 122
 130 89 131
 132 60 70
 133 134 135
 136 73 137
 5 125 7
 138 139 140
 141 140 139
 91 142 143
 109 144 110
 59 103 70
 41 145 42
 146 147 148
 13 149 9
 148 147 150
 151 65 152
 153 152 65
 154 155 156
 48 157 81
 158 159 160
 111 161 109
 51 161 111
 158 162 163
 133 135 164
 71 165 72
 166 167 142
 168 169 170
 171 170 169
 172 142 167
 158 160 173
 174 175 176
 174 176 123
 177 178 179
 180 96 77
 181 182 183
 184 185 186
 187 188 189
 119 162 120
 88 190 89
 106 191 107
 59 61 192
 193 194 195
 78 196 197
 52 198 51
 199 200 10
 10 200 8
 91 93 142
 89 201 90
 40 202 1
 203 200 167
 204 205 206
 207 206 205
 105 208 209
 210 211 212
 163 162 213
 69 214 10
 199 167 200
 215 216 217
 180 218 219
 220 219 218
 210 212 116
 215 119 216
 118 216 119
 100 99 124
 27 221 222
 223 155 154
 224 39 225
 48 46 226
 27 26 221
 40 227 182
 228 229 230
 105 209 231
 36 85 37
 130 131 114
 232 233 234
 49 95 50
 235 236 237
 238 237 236
 40 182 239
 151 188 66
 187 66 188
 240 155 223
 21 16 241
 242 243 244
 78 197 245
 38 225 39
 187 67 66
 78 246 196
 74 226 247
 53 245 248
 207 249 250
 46 247 226
 251 111 110
 252 55 54
 253 162 119
 181 254 182
 138 255 233
 146 256 147
 256 224 147
 257 258 157
 207 205 249
 259 110 144
 81 29 82
 82 29 27
 117 191 106
 83 260 62
 261 262 243
 263 87 32
 264 265 266
 251 267 268
 45 269 46
 78 245 270
 258 271 157
 114 131 272
 22 273 20
 274 275 276
 174 277 145
 253 119 278
 220 140 219
 78 270 79
 274 276 9
 30 12 19
 22 19 12
 279 280 281
 56 281 280
 261 243 282
 242 282 243
 14 283 11
 141 195 194
 284 72 165
 115 285 286
 145 277 287
 288 107 289
 290 291 143
 91 143 291
 115 292 285
 13 269 149
 49 47 95
 271 293 157
 229 294 230
 228 230 173
 84 295 85
 108 225 296
 48 226 257
 38 297 236
 121 298 129
 299 300 29
 215 301 119
 300 28 29
 38 0 302
 49 51 268
 115 106 231
 105 231 106
 73 72 137
 303 304 305
 168 123 122
 306 250 50
 14 12 87
 274 9 149
 141 307 195
 252 308 163
 309 163 308
 74 247 65
 188 310 189
 311 312 313
 215 179 301
 314 301 179
 315 122 129
 304 316 305
 172 317 142
 143 142 317
 318 62 319
 320 321 101
 259 101 321
 303 305 241
 53 68 245
 168 322 169
 279 188 323
 324 325 311
 326 311 325
 108 296 327
 328 329 330
 14 87 331
 332 35 37
 57 332 37
 136 209 208
 35 280 333
 251 268 111
 141 219 140
 334 335 336
 177 336 335
 337 228 173
 141 139 307
 193 195 338
 48 257 157
 339 333 280
 151 340 188
 334 330 329
 53 248 341
 279 310 188
 121 342 298
 224 225 343
 344 266 265
 207 221 206
 345 276 275
 112 291 346
 290 346 291
 251 110 347
 347 348 303
 110 348 347
 203 167 349
 61 350 192
 253 278 223
 141 351 219
 352 353 354
 138 354 353
 251 355 267
 303 321 304
 320 80 356
 328 356 80
 357 316 358
 357 358 356
 359 360 218
 69 9 276
 335 361 178
 362 262 363
 182 256 183
 320 304 321
 40 39 227
 56 332 57
 150 33 24
 105 364 208
 184 208 364
 81 157 293
 166 142 93
 62 260 319
 206 221 313
 238 236 297
 177 335 178
 306 95 82
 88 32 34
 365 366 17
 306 222 250
 240 335 329
 334 329 335
 362 367 262
 184 368 185
 14 331 283
 168 369 123
 174 123 369
 156 68 55
 210 248 197
 245 197 248
 138 353 139
 370 363 262
 240 223 361
 115 209 292
 371 292 209
 166 349 167
 318 372 62
 285 341 248
 324 311 313
 115 231 209
 243 262 367
 271 258 260
 373 313 312
 271 260 374
 371 209 137
 136 137 209
 243 367 244
 69 244 367
 290 143 375
 18 333 376
 23 25 189
 318 189 25
 377 134 378
 320 358 304
 141 194 351
 259 348 110
 345 17 366
 314 178 361
 217 216 379
 314 179 178
 38 236 296
 193 380 194
 117 205 191
 314 361 223
 108 343 225
 303 241 16
 381 382 383
 42 287 384
 153 8 200
 306 82 222
 27 222 82
 224 343 147
 240 361 335
 57 385 102
 290 127 386
 204 289 107
 253 223 154
 42 384 387
 315 322 122
 193 102 385
 388 97 103
 314 223 278
 158 163 159
 288 364 107
 98 389 390
 199 10 214
 36 20 273
 391 212 211
 45 392 267
 377 378 31
 94 31 378
 306 50 95
 235 327 236
 180 219 351
 393 360 394
 21 365 17
 45 267 395
 396 266 397
 166 134 349
 133 349 134
 23 189 310
 38 302 297
 397 398 71
 133 399 349
 400 260 258
 224 227 39
 233 255 234
 284 401 72
 371 72 401
 402 311 277
 326 277 311
 69 367 214
 403 390 389
 220 255 140
 52 50 250
 388 342 389
 373 312 404
 158 173 230
 83 374 260
 404 312 405
 339 376 333
 138 140 255
 229 406 294
 407 183 148
 146 148 183
 406 379 294
 220 234 255
 51 198 161
 204 107 191
 408 409 350
 199 410 167
 172 167 410
 56 58 24
 150 24 58
 238 411 60
 115 286 116
 210 116 286
 180 351 96
 232 234 412
 393 412 234
 153 65 413
 79 270 155
 126 386 127
 151 66 65
 414 96 351
 263 331 87
 339 280 415
 112 114 272
 217 383 382
 45 47 392
 28 325 26
 299 293 374
 416 401 417
 94 92 418
 377 135 134
 45 149 269
 419 147 343
 264 420 265
 94 378 93
 396 264 266
 46 269 247
 414 351 194
 271 374 293
 204 206 289
 373 289 206
 402 277 369
 174 369 277
 35 332 280
 15 17 275
 117 116 212
 38 296 225
 203 349 399
 421 113 346
 112 346 113
 61 60 411
 30 19 422
 18 20 333
 13 247 269
 274 149 395
 218 360 423
 56 280 332
 166 93 424
 94 418 34
 279 415 280
 49 392 47
 69 276 244
 345 244 276
 352 202 239
 274 395 355
 18 422 19
 253 213 162
 48 95 47
 181 307 425
 180 426 218
 184 364 368
 156 155 270
 245 68 270
 328 330 356
 91 427 92
 407 58 102
 290 386 346
 91 291 427
 166 424 134
 370 128 127
 220 218 423
 188 340 323
 359 218 426
 326 287 277
 408 2 409
 75 96 428
 121 123 176
 118 230 294
 52 250 249
 51 111 268
 414 194 380
 429 92 427
 112 427 291
 352 239 254
 391 198 212
 117 212 198
 357 356 330
 416 417 308
 408 297 302
 168 170 369
 402 369 170
 139 425 307
 285 248 286
 328 80 430
 79 430 80
 134 424 378
 371 137 72
 242 366 365
 23 281 24
 320 101 80
 403 176 175
 146 183 256
 117 249 205
 207 222 221
 429 272 131
 56 24 281
 207 250 222
 288 289 404
 373 404 289
 30 422 31
 44 431 237
 235 237 431
 242 244 366
 303 16 347
 267 355 395
 65 247 413
 261 128 262
 150 147 33
 160 265 432
 420 432 265
 419 33 147
 75 428 433
 78 101 246
 400 319 260
 339 164 135
 41 175 145
 187 189 434
 318 434 189
 408 302 2
 252 213 55
 253 55 213
 117 198 249
 52 249 198
 235 431 435
 436 435 431
 324 221 26
 252 163 213
 362 214 367
 121 437 342
 377 31 422
 235 435 64
 421 346 386
 49 268 392
 267 392 268
 168 122 322
 204 191 205
 393 423 360
 359 426 77
 309 159 163
 132 43 438
 35 333 20
 84 125 433
 124 433 125
 344 439 165
 13 413 247
 156 270 68
 201 440 90
 263 90 440
 370 262 128
 391 161 198
 180 77 426
 158 230 120
 83 64 435
 288 404 441
 171 441 404
 118 120 230
 44 438 43
 240 430 155
 79 155 430
 342 437 389
 402 312 311
 362 363 410
 172 410 363
 344 265 442
 160 442 265
 83 435 443
 118 379 216
 344 165 398
 373 206 313
 251 347 444
 88 418 190
 41 390 175
 220 423 234
 393 234 423
 112 272 427
 406 381 383
 196 144 445
 284 417 401
 61 411 350
 408 350 411
 105 107 364
 238 297 411
 406 383 379
 94 34 31
 407 148 58
 150 58 148
 118 294 379
 133 340 399
 133 164 323
 419 343 63
 414 428 96
 210 286 248
 279 281 310
 238 438 237
 362 410 214
 199 214 410
 259 246 101
 3 409 2
 429 418 92
 235 64 327
 88 90 32
 263 32 90
 158 120 162
 83 443 374
 174 145 175
 108 63 343
 45 395 149
 84 428 295
 324 313 221
 181 425 254
 15 347 16
 182 254 239
 420 337 432
 44 104 431
 251 444 355
 436 104 387
 217 379 383
 320 356 358
 393 394 412
 238 60 438
 304 358 316
 62 372 63
 419 63 372
 345 366 244
 181 446 307
 252 54 308
 416 308 54
 40 239 202
 108 327 64
 402 170 405
 171 405 170
 288 368 364
 44 237 438
 436 431 104
 419 25 33
 274 355 447
 326 384 287
 132 438 60
 279 164 415
 42 387 104
 377 376 135
 314 278 301
 419 372 25
 318 25 372
 370 317 363
 253 154 55
 171 404 405
 133 323 340
 23 310 281
 263 440 331
 309 439 442
 288 441 368
 160 432 173
 337 173 432
 119 301 278
 408 411 297
 88 34 418
 196 246 144
 339 135 376
 41 43 448
 132 448 43
 370 127 375
 290 375 127
 370 375 317
 195 307 446
 279 323 164
 344 442 439
 377 422 376
 303 348 321
 299 29 293
 339 415 164
 193 338 102
 98 97 389
 388 389 97
 236 327 296
 400 67 434
 403 175 390
 42 145 287
 18 376 422
 15 444 347
 109 445 144
 309 442 159
 84 433 428
 57 37 385
 75 433 99
 124 99 433
 160 159 442
 429 427 272
 397 266 398
 344 398 266
 299 443 300
 436 300 443
 259 321 348
 85 380 385
 193 385 380
 436 387 300
 28 300 387
 0 2 302
 285 292 449
 371 449 292
 156 55 154
 436 443 435
 324 26 325
 240 329 430
 328 430 329
 403 389 437
 407 102 338
 28 387 384
 187 434 67
 352 254 425
 181 183 446
 81 293 29
 7 86 273
 36 273 86
 407 446 183
 400 434 319
 345 275 17
 85 385 37
 391 445 161
 109 161 445
 284 165 439
 132 70 448
 98 448 70
 28 384 325
 84 86 125
 7 125 86
 98 390 448
 326 325 384
 74 450 226
 257 226 450
 299 374 443
 136 208 186
 184 186 208
 151 399 340
 93 378 424
 429 190 418
 210 197 211
 196 211 197
 274 447 275
 15 275 447
 429 131 190
 259 144 246
 203 152 200
 309 417 439
 284 439 417
 414 295 428
 71 398 165
 318 319 434
 285 449 341
 416 341 449
 172 363 317
 352 425 353
 402 405 312
 407 338 446
 309 308 417
 400 450 67
 74 67 450
 139 353 425
 416 449 401
 371 401 449
 89 190 131
 400 258 450
 257 450 258
 355 444 447
 416 54 341
 53 341 54
 391 211 445
 196 445 211
 85 295 380
 414 380 295
 143 317 375
 182 227 256
 224 256 227
 7 273 6
 22 6 273
 195 446 338
 41 448 390
 203 399 152
 151 152 399
 13 8 413
 153 413 8
 403 437 176
 153 200 152
 15 447 444
 121 176 437
 16
 177 357 242 215 21 334 217 179 241 365 316 330 336 382 282 305
 9
 421 130 126 261 114 113 386 128 282
 0
 0
 0
 0
 0
 0
 0
 0
 0
 0
 0
 17
 100 130 232 5 359 89 76 124 201 77 331 360 394 412 11 283 440
 0
 14
 138 388 232 59 3 352 233 354 1 103 202 192 409 350
 16
 388 71 315 171 136 73 169 397 129 342 298 185 441 368 322 186
