439 801
0.949779 3.404397 1
1.054199 3.509120 1
0.863356 3.491082 1
0.929897 3.592054 1
1.447017 5.148707 1
1.284539 5.081104 1
1.429996 5.052123 1
0.316807 3.985194 1
0.296819 4.080687 1
0.191424 3.991625 1
1.372061 5.212504 1
0.396185 2.183249 1
0.485793 2.257014 1
0.408222 2.362005 1
1.124692 2.502292 1
1.228799 2.671952 1
1.078740 2.622919 1
1.260920 2.524205 1
0.307372 2.242768 1
0.208946 4.153841 1
1.336604 3.931155 1
1.411892 4.023517 1
1.257768 4.007148 1
1.318588 4.106539 1
1.625208 4.773975 1
1.634479 4.644356 1
1.755826 4.672694 1
1.747181 4.815470 1
0.322056 2.511587 1
0.277052 2.371028 1
0.454521 2.808389 1
0.571388 2.861906 1
0.452134 2.950124 1
0.635702 5.069196 2
0.478251 5.133544 2
0.559542 4.962142 1
1.127223 5.153876 2
1.141149 5.001644 1
1.541535 4.288084 1
1.435274 4.418665 1
1.363267 4.263799 1
0.260440 3.850509 1
1.845991 4.317462 1
1.710832 4.271868 1
1.848897 4.146701 2
1.512000 3.028704 1
1.638329 2.981352 1
1.652687 3.096948 1
1.042573 3.357720 1
1.152876 3.345575 1
1.372741 5.314714 2
1.516472 5.222009 1
1.473827 5.352179 2
1.678203 3.965249 1
1.713768 3.849500 2
1.844278 3.966350 2
0.869467 5.131529 2
0.769390 5.051095 2
0.900624 4.981236 1
1.205574 3.476413 1
1.046198 4.122622 1
1.052132 4.303879 1
0.954772 4.204939 1
0.000000 3.611111 0
0.000000 3.472222 0
0.145812 3.516792 1
1.157460 4.226938 1
0.107255 3.641623 1
0.215148 2.456833 1
0.929934 2.639890 1
0.910989 2.774923 1
0.801785 2.672930 1
1.774427 3.040984 2
1.793190 3.163004 2
0.794699 2.807750 1
0.959141 3.272808 1
1.114740 3.190928 1
0.571555 2.580719 1
0.703462 2.592797 1
0.657172 2.726656 1
0.344523 5.224209 2
0.196422 5.156919 2
0.341365 5.078186 1
0.236381 4.995296 1
0.987016 3.751022 1
1.114635 3.829833 1
0.950544 3.894858 1
0.000000 1.805556 0
0.127251 1.739763 1
0.133506 1.909086 1
0.434300 4.992430 1
1.011520 5.057606 1
1.529652 2.930318 1
1.287651 4.420591 1
0.725570 4.565895 1
0.832983 4.618250 1
0.676561 4.652657 1
0.782922 4.741789 1
1.545395 3.612684 1
1.708498 3.610493 1
1.647203 3.724900 1
0.325970 2.789191 1
0.430034 2.642692 1
0.339635 1.612239 2
0.418746 1.759923 2
0.268489 1.723210 1
1.091373 3.977587 1
1.554171 5.074500 1
1.484426 4.911976 1
0.568905 4.559208 1
0.682309 4.460582 1
1.708725 4.146117 1
0.343548 4.903107 1
0.711800 3.215925 1
0.817296 3.350409 1
0.664800 3.365109 1
0.816208 2.523963 1
0.717624 3.718441 1
0.684755 3.851752 1
0.575425 3.706501 1
0.543499 3.861286 1
0.634513 4.864355 1
0.533296 4.801731 1
0.000000 2.638889 0
0.000000 2.500000 0
0.156563 2.564223 1
0.691302 2.067234 1
0.783778 1.939588 1
0.854382 2.058358 1
1.025232 4.906744 1
1.173181 4.840536 1
0.575569 2.333369 1
0.555307 2.449255 1
0.990665 2.513189 1
1.388970 3.318665 1
1.514504 3.315554 1
1.492873 3.422162 1
0.651550 1.897666 1
1.373677 4.553658 1
0.453549 4.888576 1
0.117865 3.862267 1
0.562077 1.993732 1
0.576647 4.440132 1
0.439510 4.421194 1
0.420596 4.557470 1
1.130480 3.678314 1
0.802402 3.915571 1
0.782489 4.064852 1
0.647741 3.997498 1
0.097560 2.702323 1
1.605105 5.323936 2
0.547388 3.025512 1
1.246724 4.592386 1
1.287793 2.335515 1
1.366972 2.232490 2
1.454482 2.360494 2
1.981885 4.254064 2
1.282266 3.134658 1
1.200760 3.029277 1
1.066132 3.019356 1
1.619870 2.889459 1
1.508932 2.776086 2
1.679207 2.789721 2
0.404852 3.911410 1
0.796502 2.183070 1
0.682058 4.177941 1
0.552354 4.113791 1
1.355590 2.757757 1
1.427904 2.896766 1
1.250350 2.823003 1
1.605948 3.264765 1
1.468642 3.218100 1
1.552569 3.145017 1
0.458728 2.509269 1
1.264962 3.777778 1
0.531076 3.469311 1
0.501801 3.344194 1
0.648033 3.496348 1
0.798703 4.935954 1
0.303327 2.643407 1
0.204520 2.705582 1
0.000000 2.222222 0
0.000000 2.083333 0
0.130890 2.155257 1
0.848638 3.194028 1
1.105655 2.816049 1
1.152034 2.918720 1
1.013140 2.883109 1
1.348485 3.453827 1
1.276167 2.941524 1
0.587877 1.751007 2
0.528754 1.862419 1
0.325855 1.831504 1
0.101495 4.079753 1
0.405477 3.463461 1
0.378596 3.319889 1
0.268258 3.404548 1
1.153041 4.501813 1
1.165372 4.363902 1
1.352674 2.447920 1
1.353049 2.614886 1
0.729831 1.793274 2
1.072271 2.401469 1
0.922144 2.388603 1
1.464859 2.537365 2
1.029407 2.740659 1
1.557101 4.441323 1
1.179332 2.145504 1
1.163028 2.022084 2
1.295532 2.101532 3
0.404601 3.755174 1
1.687407 3.196637 1
0.455974 3.598279 1
0.303318 3.536052 1
1.305190 4.892964 1
1.246485 4.971503 1
0.298179 4.346334 1
0.163075 4.437894 1
0.155146 4.289350 1
0.938187 4.303159 1
0.983424 4.420954 1
0.360182 2.896423 1
1.538939 3.726226 1
1.316966 3.563776 1
1.649491 5.183521 1
0.092829 2.016189 1
0.226299 1.817828 1
0.969066 3.120357 1
0.355013 3.178329 1
0.264285 3.290146 1
0.243069 3.144606 1
0.340842 3.651117 1
1.256852 3.379022 1
1.106335 4.660254 1
1.050924 4.792417 1
0.961264 4.723523 1
0.512555 3.990443 1
0.967973 4.616813 1
0.856220 3.040886 1
0.748270 3.084017 1
0.132785 3.358270 1
0.890913 4.840916 1
0.345145 4.655893 1
0.317155 4.493004 1
0.224829 4.579339 1
1.456560 4.158369 1
1.666563 4.399127 1
1.511669 4.565185 1
1.487731 4.716579 1
0.420917 1.928146 1
1.620126 4.919281 1
1.745081 4.939768 1
0.000000 1.666667 0
0.166367 1.576067 2
0.000000 3.333333 0
1.592145 4.171113 1
1.690180 5.050747 1
1.948714 4.534981 2
1.852256 4.457335 1
1.952836 4.392175 2
0.838054 3.780471 1
1.246031 5.221209 2
0.957942 2.990262 1
1.225959 3.886014 1
0.690698 2.862676 1
0.537335 2.709244 1
0.106432 5.066491 2
0.246848 2.913737 1
0.321435 3.020672 1
0.169776 3.057310 1
1.757389 4.056217 1
1.757735 3.323189 2
1.939620 5.144183 1
1.848137 5.192117 1
1.825933 5.051859 1
0.736492 3.530544 1
0.746491 3.433412 1
0.273826 3.722991 1
0.000000 3.055556 0
0.108668 2.953682 1
1.949055 4.990519 1
2.078709 4.956062 2
2.046958 5.102517 2
0.877540 4.413786 1
1.583376 3.502321 1
1.129870 2.711843 1
1.363881 3.209672 1
1.230318 4.716856 1
1.336670 4.690624 1
0.000000 1.944444 0
1.258429 3.661305 1
1.407226 3.692912 1
1.758916 5.154770 1
0.208161 2.029161 1
1.256936 3.262984 1
1.963672 4.855675 1
2.076948 4.795655 2
0.805133 4.493316 1
1.252662 4.198272 1
0.849068 1.832281 2
1.376183 4.959968 1
1.289464 4.793635 1
1.738686 4.527773 1
1.624204 4.521267 1
1.017475 3.636533 1
1.374240 3.826074 1
1.021242 2.290112 1
0.148263 3.745319 1
0.833898 4.203212 1
0.903448 4.091822 1
0.000000 2.916667 0
0.000000 2.777778 0
0.126715 2.825142 1
0.105018 3.155647 1
0.897737 2.261121 1
0.338355 2.037788 1
0.294825 1.928411 1
0.000000 4.444445 0
0.104653 4.543991 1
1.609873 3.384493 1
1.693205 3.467392 1
0.000000 3.750000 0
1.079771 4.434591 1
1.190860 3.579062 1
1.434055 2.688274 2
0.785964 2.303798 1
0.769742 2.412311 1
1.438288 3.555330 1
1.180613 4.103860 1
0.672693 3.611420 1
1.768899 4.404296 1
1.243384 4.290224 1
0.000000 4.305555 0
0.107323 4.186213 1
0.000000 3.888889 0
1.824021 3.453087 2
0.588716 3.246781 1
0.214986 3.612837 1
1.032397 4.539159 1
0.660197 2.980864 1
0.635436 3.122160 1
0.000000 5.000000 0
0.000000 4.861111 0
0.121741 4.909756 1
0.920518 4.531152 1
0.000000 4.722222 0
0.000000 4.583333 0
0.119825 4.672441 1
0.990084 2.182014 1
0.891994 2.156935 1
0.961750 2.062615 1
1.069861 2.093642 1
0.414330 4.068227 1
0.668522 2.223001 1
0.594302 2.129804 1
0.468229 2.064114 1
0.000000 2.361111 0
0.104577 2.288904 1
0.107604 2.436661 1
1.355461 3.026949 1
0.808822 3.631481 1
0.081024 4.368888 1
1.774530 3.699827 2
1.845996 4.885234 1
0.770035 2.936203 1
0.000000 4.166667 0
0.989375 5.185784 2
1.494057 3.828117 1
0.468288 3.220364 1
0.500699 2.168376 1
0.167097 3.240989 1
1.866666 4.740505 1
1.519705 4.078920 1
1.541506 3.965039 1
1.762124 5.277796 2
0.985853 1.824786 2
0.912848 1.945715 1
1.201700 2.419512 1
0.569405 4.688503 1
0.657364 4.762203 1
1.424073 4.634500 1
1.401960 4.827195 1
2.019053 5.225721 3
0.646802 4.323534 1
0.770799 4.381408 1
0.188829 2.366446 1
0.000000 5.138889 0
0.571542 3.574226 1
0.253715 4.248518 1
1.035779 1.969255 2
0.264624 2.150678 1
1.431660 3.914780 1
0.457483 4.687528 1
0.898227 3.693818 1
0.738157 4.849654 1
0.670592 2.459717 1
0.000000 4.027778 0
0.967439 4.006477 1
0.883838 2.905522 1
0.447165 3.090198 1
0.876311 3.995480 1
1.857689 3.579554 2
1.632625 4.071932 1
1.160633 2.284393 1
1.980952 4.739970 1
1.847712 4.590309 1
0.397058 4.783470 1
0.282452 4.796529 1
0.000000 3.194444 0
1.516116 4.814785 1
0.239060 4.693612 1
1.602232 3.849742 1
0.403314 4.311971 1
0.489652 4.263585 1
0.537349 4.347873 1
0.688612 2.346434 1
0.352589 4.204545 1
1.253819 2.221075 1
1.940171 4.651053 1
1.422505 3.123403 1
1.914454 5.282464 2
0.078739 4.791667 1
0.183726 4.791667 1
0.538731 3.146183 1
0.460118 4.163203 1
2.056813 4.649498 2
0.565144 2.223985 1
0.208869 2.269420 1
0.749340 4.281882 1
0.226583 2.806432 1
0.581823 4.228570 1
0.833953 4.316689 1
1.769243 3.527869 1
0.689004 4.960452 1
0.236595 4.883244 1
0.080980 3.256537 1
1.084230 2.199133 1
1.750556 2.901249 3
0.076489 3.962608 1
 0 1 2
 2 1 3
 4 5 6
 7 8 9
 10 5 4
 11 12 13
 14 15 16
 17 15 14
 18 11 13
 9 8 19
 20 21 22
 22 21 23
 24 25 26
 24 26 27
 28 29 13
 30 31 32
 33 34 35
 36 37 5
 38 39 40
 41 7 9
 42 43 44
 45 46 47
 1 48 49
 50 51 52
 53 54 55
 56 57 58
 1 49 59
 10 51 50
 60 61 62
 63 64 65
 66 61 60
 63 65 67
 28 68 29
 69 70 71
 72 73 47
 70 74 71
 75 76 48
 49 48 76
 77 78 79
 80 81 82
 83 82 81
 84 85 86
 87 88 89
 90 35 34
 36 91 37
 45 92 46
 93 40 39
 94 95 96
 96 95 97
 98 99 100
 30 101 102
 103 104 105
 106 86 85
 107 6 108
 94 109 110
 111 44 43
 90 82 112
 113 114 115
 116 69 71
 117 118 119
 120 119 118
 121 35 122
 123 124 125
 126 127 128
 74 79 71
 129 130 37
 79 78 71
 131 132 13
 116 133 69
 134 135 136
 126 137 127
 93 39 138
 122 35 139
 75 0 114
 41 9 140
 126 141 137
 142 109 143
 144 143 109
 84 145 85
 146 147 148
 123 125 149
 150 52 51
 32 31 151
 93 138 152
 153 154 155
 83 112 82
 42 44 156
 157 76 158
 159 158 76
 160 161 162
 41 163 7
 146 148 118
 120 118 148
 126 128 164
 129 37 91
 165 166 148
 167 168 169
 170 171 172
 28 13 173
 174 85 145
 45 47 172
 175 176 115
 177 175 115
 178 58 57
 28 179 125
 180 125 179
 16 69 133
 181 182 183
 75 114 184
 113 184 114
 185 186 187
 159 187 186
 134 136 188
 189 169 168
 190 137 191
 18 13 29
 104 192 105
 19 193 9
 176 194 195
 196 195 194
 93 197 198
 17 199 200
 190 201 137
 94 96 109
 142 110 109
 202 133 203
 204 200 199
 16 205 69
 38 206 39
 134 171 135
 207 208 209
 120 163 210
 93 152 197
 170 172 211
 212 213 194
 214 215 130
 165 148 147
 216 217 218
 219 61 220
 30 32 221
 98 100 222
 223 59 188
 107 224 51
 41 210 163
 56 58 91
 182 225 183
 226 89 88
 75 227 76
 228 229 230
 212 231 213
 59 232 188
 233 234 235
 120 148 236
 233 235 237
 159 76 227
 238 184 239
 64 240 65
 97 235 241
 144 242 243
 244 243 242
 38 40 245
 38 43 246
 102 101 179
 247 25 248
 24 248 25
 190 191 104
 249 104 191
 24 27 250
 251 250 27
 38 246 206
 228 195 229
 252 253 88
 212 119 210
 120 210 119
 185 187 205
 64 254 240
 13 132 173
 38 255 43
 107 256 224
 257 258 259
 47 211 172
 116 203 133
 97 95 235
 90 34 82
 130 215 37
 117 260 118
 146 118 260
 180 149 125
 10 261 5
 36 5 261
 131 13 12
 244 217 243
 216 243 217
 159 262 187
 106 85 263
 74 264 79
 77 79 265
 83 81 266
 267 268 269
 170 135 171
 72 47 46
 103 105 253
 38 245 255
 53 55 270
 73 271 211
 272 273 274
 167 161 168
 233 130 234
 106 263 22
 113 239 184
 275 177 276
 41 277 210
 28 173 102
 77 102 173
 10 4 51
 278 279 269
 30 265 31
 280 281 282
 79 31 265
 219 220 283
 98 284 99
 249 192 104
 285 169 185
 107 108 250
 134 286 171
 233 152 287
 288 287 152
 15 169 285
 289 87 89
 174 290 291
 292 274 273
 288 152 138
 293 183 225
 157 294 76
 49 76 294
 280 295 281
 129 234 130
 107 51 4
 210 277 231
 296 281 295
 94 297 95
 177 115 276
 55 44 270
 153 155 199
 204 199 155
 23 40 298
 107 4 6
 202 14 133
 299 127 201
 137 201 127
 233 287 130
 5 300 6
 214 130 301
 1 0 48
 302 303 246
 1 304 3
 261 10 50
 129 241 234
 235 234 241
 238 227 184
 20 263 305
 202 203 306
 267 269 279
 41 140 307
 165 147 308
 309 308 147
 310 311 312
 223 291 290
 278 269 313
 219 62 61
 203 314 306
 249 315 316
 293 316 315
 80 82 34
 317 217 318
 84 86 260
 146 260 86
 174 305 263
 170 271 319
 320 319 271
 321 307 140
 5 215 300
 280 272 274
 28 125 68
 322 220 61
 150 51 224
 84 304 145
 160 92 161
 323 145 1
 145 304 1
 174 145 290
 247 138 39
 226 316 89
 293 89 316
 204 324 200
 325 203 326
 116 326 203
 120 236 163
 136 284 327
 106 22 328
 275 329 177
 320 99 284
 302 246 330
 174 291 305
 226 105 192
 93 331 40
 23 245 40
 280 282 272
 106 328 60
 332 333 218
 247 39 206
 334 321 140
 320 271 335
 111 43 255
 113 115 336
 337 67 65
 196 213 65
 337 65 213
 233 237 338
 189 186 169
 170 211 271
 339 340 151
 167 169 15
 339 151 31
 341 342 343
 344 95 297
 345 346 347
 244 318 217
 47 73 211
 348 349 350
 348 350 351
 292 224 256
 75 184 227
 30 102 265
 352 7 163
 126 164 353
 90 139 35
 141 354 355
 137 141 191
 249 191 141
 28 102 179
 212 210 231
 356 357 358
 17 200 15
 77 265 102
 161 92 168
 189 359 158
 157 158 359
 196 65 240
 5 37 215
 117 360 260
 114 0 2
 317 361 217
 23 328 22
 352 163 236
 100 362 54
 280 363 295
 124 358 125
 45 359 168
 189 168 359
 238 239 364
 339 364 239
 322 198 197
 280 274 363
 167 15 200
 278 310 279
 332 365 333
 98 291 327
 223 327 291
 325 314 203
 56 91 366
 36 366 91
 98 222 291
 367 291 222
 228 368 195
 367 305 291
 87 252 88
 269 268 230
 108 6 300
 176 336 115
 369 355 354
 370 230 229
 321 67 307
 371 295 363
 372 21 373
 325 353 164
 348 306 314
 150 224 374
 144 243 143
 216 143 243
 180 179 101
 299 375 376
 372 255 245
 16 133 14
 181 183 357
 310 312 279
 153 199 377
 17 377 199
 378 379 122
 121 122 379
 288 138 380
 233 197 152
 288 248 381
 282 382 272
 142 383 110
 384 110 383
 385 358 357
 386 341 266
 212 175 387
 339 239 340
 98 327 284
 216 218 388
 40 331 298
 108 300 381
 346 317 318
 30 221 101
 167 324 161
 389 376 375
 117 119 329
 176 195 368
 148 166 236
 352 236 166
 378 109 96
 385 29 68
 293 390 183
 321 63 67
 116 71 78
 212 194 175
 136 327 188
 20 22 263
 185 169 186
 373 21 391
 302 26 25
 144 109 392
 83 266 343
 260 360 393
 214 381 300
 42 156 259
 97 241 394
 116 78 395
 77 132 395
 365 396 193
 292 374 224
 128 127 376
 114 2 276
 196 240 229
 267 279 312
 325 164 314
 114 276 115
 106 60 397
 309 397 60
 74 70 398
 178 394 241
 159 227 262
 238 262 227
 228 399 368
 146 400 147
 401 362 99
 53 402 373
 372 373 402
 371 27 26
 153 377 403
 202 403 377
 341 343 266
 251 363 274
 126 354 141
 296 295 404
 275 2 360
 3 360 2
 207 351 208
 389 208 351
 371 26 405
 160 46 92
 174 263 85
 371 404 295
 129 91 58
 406 407 242
 408 278 313
 196 194 213
 24 409 248
 75 48 0
 134 188 232
 246 303 206
 242 407 410
 77 173 132
 299 376 127
 214 300 215
 378 392 109
 288 380 248
 100 411 222
 111 270 44
 247 303 25
 219 308 62
 309 62 308
 371 363 27
 11 18 390
 164 349 314
 189 158 186
 315 11 390
 346 318 347
 108 409 250
 247 248 380
 412 413 414
 143 412 414
 177 387 175
 325 415 353
 131 353 415
 107 250 256
 251 256 250
 196 229 195
 249 355 315
 187 398 70
 77 395 78
 66 60 328
 131 395 132
 131 415 395
 146 86 400
 24 250 409
 19 218 333
 116 395 326
 217 361 218
 332 218 361
 244 347 318
 19 388 218
 302 25 303
 293 315 390
 216 416 412
 216 388 416
 207 209 417
 226 88 105
 253 105 88
 370 229 240
 367 222 411
 180 312 149
 311 149 312
 142 143 414
 371 405 418
 23 298 328
 100 99 362
 16 15 285
 216 412 143
 157 419 286
 356 181 357
 292 273 374
 420 374 273
 339 264 364
 342 421 343
 422 343 421
 124 356 358
 423 151 340
 176 175 194
 345 347 421
 422 421 347
 223 323 59
 337 213 231
 413 416 424
 352 424 416
 267 101 221
 413 412 416
 157 359 419
 19 416 388
 19 8 416
 352 416 8
 337 307 67
 257 405 258
 302 258 405
 296 404 425
 131 426 353
 183 390 427
 106 397 86
 126 353 354
 165 428 383
 249 316 192
 178 241 58
 129 58 241
 128 376 350
 337 277 307
 41 307 277
 212 387 119
 165 308 428
 18 427 390
 180 101 429
 302 330 258
 66 331 198
 176 368 336
 267 429 101
 1 59 323
 275 360 329
 117 329 360
 84 393 304
 423 368 399
 16 285 205
 32 399 268
 228 268 399
 257 425 418
 228 230 268
 339 31 264
 53 373 411
 165 430 166
 249 141 355
 384 383 428
 165 383 430
 74 398 364
 142 414 383
 144 392 242
 309 60 62
 42 259 258
 166 430 424
 219 431 308
 320 335 432
 209 154 417
 320 432 99
 401 99 432
 45 168 92
 315 355 11
 74 364 264
 134 294 286
 365 193 333
 3 304 393
 97 379 96
 269 230 313
 370 313 230
 267 312 429
 238 364 398
 352 166 424
 244 410 347
 422 347 410
 182 289 225
 17 14 377
 178 57 433
 33 433 57
 420 272 382
 289 89 225
 180 429 312
 251 27 363
 134 232 294
 49 294 232
 369 11 355
 413 424 430
 83 343 434
 422 434 343
 66 198 61
 311 123 149
 293 225 89
 32 268 221
 267 221 268
 187 70 205
 406 392 122
 53 270 402
 111 402 270
 108 381 409
 275 276 2
 309 147 400
 69 205 70
 233 338 197
 378 122 392
 153 403 417
 49 232 59
 389 350 376
 53 411 54
 317 332 361
 223 290 323
 423 336 368
 202 306 403
 254 408 435
 113 336 340
 423 340 336
 406 242 392
 348 351 436
 84 260 393
 157 286 294
 185 205 285
 342 345 421
 247 206 303
 160 437 46
 367 411 373
 344 297 283
 384 283 297
 369 12 11
 207 403 436
 396 334 438
 246 43 330
 42 330 43
 97 394 379
 121 379 394
 420 273 272
 207 417 403
 223 188 327
 288 381 301
 93 198 331
 248 409 381
 302 405 26
 42 258 330
 254 435 240
 130 287 301
 100 54 411
 406 112 407
 238 398 262
 167 200 324
 322 197 338
 383 414 430
 413 430 414
 244 242 410
 352 8 7
 372 245 21
 23 21 245
 119 387 329
 160 162 437
 178 433 394
 121 394 433
 128 350 349
 79 264 31
 370 240 435
 86 397 400
 9 193 438
 396 438 193
 406 122 139
 207 436 351
 337 231 277
 247 380 138
 33 35 433
 121 433 35
 389 351 350
 128 349 164
 153 417 154
 111 255 402
 159 186 158
 367 373 391
 425 404 418
 83 434 112
 170 319 135
 136 135 319
 125 358 68
 385 68 358
 72 46 437
 19 333 193
 214 301 381
 406 139 112
 113 340 239
 322 338 220
 344 220 338
 202 377 14
 226 192 316
 20 391 21
 90 112 139
 288 301 287
 401 432 335
 183 427 357
 372 402 255
 94 110 297
 384 297 110
 322 61 198
 344 338 237
 385 357 427
 3 393 360
 177 329 387
 292 256 274
 251 274 256
 219 283 431
 384 431 283
 131 12 426
 320 284 319
 136 319 284
 20 305 391
 367 391 305
 348 314 349
 344 283 220
 145 323 290
 66 328 298
 348 436 306
 187 262 398
 371 418 404
 171 286 419
 344 237 95
 112 434 407
 66 298 331
 235 95 237
 9 438 140
 334 140 438
 423 399 151
 32 151 399
 395 415 326
 45 419 359
 385 427 29
 369 426 12
 378 96 379
 257 418 405
 18 29 427
 370 435 313
 171 419 172
 45 172 419
 422 410 407
 408 313 435
 325 326 415
 403 306 436
 308 431 428
 384 428 431
 309 400 397
 422 407 434
 369 354 426
 353 426 354
 0
 18
 401 72 296 257 55 73 282 271 156 44 425 281 335 54 259 382 437 362
 8
 204 155 161 209 154 162 437 324
 10
 299 103 190 389 253 104 375 209 208 201
 0
 0
 0
 0
 0
 0
 0
 0
 0
 0
 16
 33 36 420 80 150 56 81 34 52 374 261 366 57 266 382 50
 0
 0
