435 793
2.457381 7.696479 1
2.330687 7.682017 1
2.433056 7.563674 1
2.215323 8.693197 1
2.352635 8.589117 1
2.338058 8.714190 1
3.044516 8.797724 1
2.927110 8.801484 1
2.978158 8.659540 1
3.125738 8.723030 1
2.534269 7.374473 1
2.443488 7.311311 1
2.579876 7.256678 1
2.255517 8.547160 1
2.511587 9.677944 1
2.365838 9.722083 1
2.355013 9.581230 1
3.642383 7.890832 1
3.511250 7.910295 1
3.556786 7.772664 1
3.421979 7.817657 1
2.282214 7.583952 1
2.389450 8.917956 1
2.507951 8.842249 1
2.535382 9.000408 1
3.948256 8.299196 2
3.843820 8.384261 2
3.843518 8.238039 1
3.734205 8.298347 1
2.305840 7.476904 1
2.232544 9.342650 1
2.231482 9.477139 1
2.118436 9.423791 2
2.107061 8.657786 1
2.156330 8.559928 1
2.988788 8.221578 1
2.848468 8.223381 1
2.938308 8.067600 1
3.081775 8.353309 1
2.937531 8.385432 1
2.634778 9.100739 1
2.751874 9.095387 1
2.661494 9.223904 1
2.417764 7.184912 2
3.611111 10.000000 0
3.472222 10.000000 0
3.516792 9.854188 1
2.809457 9.542949 1
2.863925 9.418609 1
2.953662 9.542715 1
2.807078 9.202169 1
3.641623 9.892745 2
2.456092 9.784729 1
2.601451 8.230957 1
2.705326 8.289047 1
2.563487 8.380516 1
3.099504 7.861408 1
3.087139 7.754130 1
3.246407 7.816896 1
3.455959 8.054653 1
3.603015 8.014289 1
3.522590 8.166489 1
2.826501 8.085840 1
3.357792 9.078940 1
3.207491 9.144413 1
3.270567 9.026120 1
2.580719 9.428445 1
2.584457 9.302958 1
2.726588 9.342508 1
2.313748 7.309247 2
2.418204 7.433827 1
2.583979 7.497101 1
2.759440 7.514537 1
2.666480 7.624243 1
3.600476 8.706468 1
3.692692 8.572439 1
3.757893 8.727348 1
3.167779 7.683233 1
1.970951 8.965046 1
1.824499 9.015575 2
1.870443 8.844454 2
2.824404 7.342330 1
2.669007 7.374741 1
2.339659 9.421269 1
3.350409 9.182704 1
2.908478 7.476202 1
2.610155 8.909194 1
3.841172 8.600904 1
3.907595 8.740753 1
3.835572 8.882611 1
2.684485 8.547401 1
2.845678 8.557736 1
2.742036 8.654783 1
2.753611 9.666281 1
2.642692 9.569966 1
2.685320 8.413293 1
3.245531 7.230278 3
3.155838 7.313945 1
3.091022 7.181091 2
3.426557 8.510435 1
3.487289 8.414026 1
3.542542 8.558068 1
3.612251 8.459483 1
2.952770 7.357646 1
3.067519 7.422348 1
2.796300 8.460410 1
2.210943 7.419106 1
3.030931 7.537596 1
3.045278 7.292064 1
3.215754 9.288006 1
3.364952 9.339704 1
3.637452 8.120075 1
2.523983 9.183787 1
3.714597 9.291065 1
3.848248 9.314283 1
3.702993 9.434791 1
3.857107 9.455001 1
2.799217 7.693826 1
2.923133 7.614957 1
1.590732 7.730081 1
1.716652 7.782197 1
1.610746 7.862753 2
2.638889 10.000000 0
2.500000 10.000000 0
2.564223 9.843437 1
2.808614 7.168708 2
2.942381 7.236932 1
1.904055 7.879086 1
1.837587 7.992599 1
1.796929 7.883687 1
3.441815 8.638124 1
2.449164 9.443862 1
3.928511 9.222762 1
4.074122 9.245570 2
4.003203 9.356768 2
3.484770 8.751163 1
1.961229 7.996693 1
3.326754 8.652893 1
3.258701 8.765776 1
3.199464 8.588102 1
3.039750 9.448254 1
3.510660 7.636990 1
3.447775 7.505364 2
3.627092 7.551364 3
2.654395 8.768534 1
2.535372 8.717549 1
2.466010 8.508545 1
2.438167 8.359035 1
3.667729 8.858192 1
3.031659 8.517939 1
2.703299 9.902945 1
1.687510 7.652841 1
3.131418 8.196046 1
2.318282 8.054093 1
2.336846 7.907362 1
2.449202 7.997257 1
1.965205 8.701877 1
1.803862 8.695800 2
2.307197 8.331261 1
2.310130 8.199123 1
2.416319 8.226562 1
3.063891 7.641549 1
2.198971 7.963866 1
2.881615 9.660957 1
2.809819 8.748355 1
2.774133 8.871576 1
2.906578 8.940297 1
2.207673 8.252357 1
2.991874 7.710558 1
2.507870 9.539163 1
3.474867 9.459817 1
3.348336 9.496619 1
3.496610 9.345310 1
2.705582 9.795480 1
2.643671 9.691219 1
2.218618 9.697988 1
2.203887 9.583989 1
2.222222 10.000000 0
2.083333 10.000000 0
2.155257 9.869110 1
3.463461 9.594523 1
3.323871 9.619709 1
3.404548 9.731742 1
2.944302 7.070577 2
4.083990 8.923274 1
3.944699 8.990733 1
3.989815 8.849579 1
2.388564 9.077755 1
2.793774 7.994339 1
2.686939 7.956045 1
2.792672 7.848142 1
3.910711 9.593875 2
3.754241 9.597116 1
3.162837 7.963872 1
3.595502 9.551279 1
3.532054 9.698666 1
3.990979 9.487936 2
2.930575 9.774561 1
3.023593 9.671023 1
3.057844 9.830734 1
2.740686 8.172968 1
3.850071 9.739372 2
2.023131 9.905187 1
2.416075 8.773869 1
2.439552 8.650907 1
3.181200 9.641978 1
3.292801 9.734212 1
3.139652 9.752715 1
2.344554 8.463660 1
2.138381 9.518966 2
2.699648 8.977465 1
3.649877 9.659216 1
2.929271 8.493922 1
3.358270 9.867215 1
3.282170 7.982706 1
2.035455 7.380548 1
2.150744 7.318586 2
2.112930 7.459446 1
2.626130 8.127058 1
2.983458 9.338620 1
2.891120 7.950875 1
2.079071 7.912491 1
2.120774 7.803924 1
2.261610 7.806186 1
2.006415 7.842937 1
3.537035 9.225267 1
3.434815 9.243501 1
3.455557 9.105533 1
3.018186 7.962210 1
3.026406 8.119363 1
2.177634 8.374730 1
3.333333 10.000000 0
1.908202 7.358087 2
2.020253 7.267929 2
2.586080 7.112348 2
3.532003 8.938999 1
3.589677 9.086582 1
4.105875 9.132679 1
4.226120 9.176881 2
2.897183 9.084881 1
3.007979 9.034867 1
3.109078 8.066141 1
4.056133 9.035362 1
2.860039 9.305372 1
2.709552 9.461353 1
3.910329 7.913257 2
3.764626 7.978360 1
3.758244 7.836802 2
2.126284 8.081773 1
2.057845 8.012397 1
2.556417 7.605742 1
4.001079 8.619575 2
2.440898 7.840679 1
2.551204 7.791159 1
2.592933 7.696841 1
3.815947 9.000827 1
3.019313 8.927312 1
3.172261 8.877253 1
3.142503 9.012094 1
2.794759 8.349617 1
3.055556 10.000000 0
2.958133 9.896220 1
3.209192 8.323812 1
3.142920 8.472559 1
3.251038 8.433955 1
3.384366 7.927693 1
3.338727 8.074183 1
3.722469 9.726491 1
1.751417 7.973350 1
2.660093 7.848749 1
2.213852 8.122400 1
3.640723 8.979976 1
2.811066 8.983169 1
1.944444 10.000000 0
1.805556 10.000000 0
1.903461 9.864985 2
2.084858 8.479953 1
2.011927 8.365358 1
2.078767 7.666364 1
2.034003 7.560336 1
2.176873 7.551620 1
3.081324 9.268017 1
3.041671 9.147126 1
1.860916 8.142054 1
2.010645 8.122132 1
2.029161 9.791840 1
2.864630 8.666462 1
3.269875 8.919956 1
3.349836 7.708594 1
2.578987 8.492351 1
2.055979 8.579137 1
3.715698 8.424626 1
2.559854 7.907807 1
2.580730 8.027303 1
2.019666 8.846539 1
3.263058 7.656786 1
2.508919 8.137167 1
2.074688 8.746455 1
1.500886 7.797293 2
1.501852 7.678027 2
1.463472 7.365602 3
1.630993 7.365955 2
1.532278 7.479693 1
3.711240 7.702978 2
3.668547 7.791031 1
1.973966 7.465500 1
1.894796 8.283788 2
1.767289 8.201658 2
3.995246 9.121576 1
2.916667 10.000000 0
2.777778 10.000000 0
2.830021 9.875804 1
3.155647 9.894982 1
1.878052 8.432953 2
1.928411 9.705174 2
2.075941 9.644622 2
2.359423 7.771815 1
3.345575 8.847124 1
1.675653 7.515348 1
1.761743 7.409687 1
1.793636 7.572269 1
1.862727 7.473275 1
2.197724 9.016069 1
2.107676 8.934102 1
2.247982 8.912095 1
2.158822 8.828609 1
2.209255 7.681920 1
3.312670 8.536125 1
3.555865 8.817285 1
2.503778 8.272970 1
3.713003 8.075606 1
3.734553 8.954844 1
1.786778 7.275660 2
3.394715 8.972930 1
2.106870 8.283138 1
2.412495 9.230323 1
2.304126 9.214216 1
3.096404 9.548437 1
3.224978 9.529265 1
1.976478 7.746914 1
1.396366 7.460019 2
2.228667 8.455847 1
4.127783 8.810086 2
4.209990 8.931535 2
2.911109 7.846158 1
3.608349 9.325408 1
3.505209 8.273164 1
3.356488 8.323774 1
3.612837 9.785014 1
2.686038 7.749208 1
3.651424 9.198225 1
4.106539 8.681413 2
4.030770 8.744462 1
2.723051 7.266156 1
2.940107 9.226430 1
2.070018 9.313602 2
2.171618 9.210989 1
2.361111 10.000000 0
2.288904 9.895423 1
2.436661 9.892396 1
3.087309 8.611466 1
3.625255 8.229438 1
3.361814 8.439623 1
1.952648 9.115278 2
3.249555 9.409588 1
3.618646 8.343740 1
1.887306 8.627846 1
2.162253 9.112062 1
2.058272 9.036160 1
2.015341 8.240054 1
1.451279 7.567094 2
2.709536 7.054564 2
2.684746 7.162374 1
3.823353 8.107009 1
3.919992 8.025494 2
3.963344 8.167383 2
3.801892 8.497043 1
2.263370 9.107443 1
3.182489 7.548820 1
3.205936 7.420095 1
1.943088 8.197810 1
2.301919 9.006825 1
3.240989 9.832903 1
2.288204 8.801998 1
1.955428 8.552999 1
2.819856 9.758503 1
1.977435 7.641033 1
3.580338 9.431469 1
3.721320 9.071493 1
3.862135 9.102349 1
3.279959 8.202665 1
3.221675 8.093870 1
3.125162 9.365748 1
2.366446 9.811171 1
3.785517 9.194808 1
4.174572 9.047209 2
3.603919 7.676636 1
2.018899 9.223706 2
2.126009 9.752971 1
1.974128 8.457271 1
2.698863 8.066895 1
3.155239 9.457389 1
2.460074 9.329252 1
2.400570 8.122841 1
1.575904 7.604143 1
1.824728 8.560706 2
3.408233 8.183514 1
3.320114 7.573364 1
3.305654 7.465668 2
2.064703 9.130988 1
1.750976 8.080727 1
1.642432 7.990613 2
1.644398 8.157336 2
3.194444 10.000000 0
2.347884 9.312045 1
2.633778 8.656528 1
3.745319 9.851737 2
2.269420 9.791131 1
3.733426 8.174810 1
1.703635 7.898520 1
3.451617 8.848603 1
3.451642 7.720843 1
3.008007 7.820422 1
2.898241 7.744026 1
1.842852 7.773014 1
1.878363 7.667325 1
3.916076 8.502984 2
1.782536 7.690072 1
3.256537 9.919020 1
2.552602 8.594373 1
3.408854 7.624741 1
2.113444 8.183642 1
3.375226 8.749762 1
3.278885 7.344421 2
1.919563 7.564223 1
 0 1 2
 3 4 5
 6 7 8
 9 6 8
 10 11 12
 13 4 3
 14 15 16
 17 18 19
 20 19 18
 1 21 2
 22 23 24
 25 26 27
 28 27 26
 21 29 2
 30 31 32
 33 34 3
 35 36 37
 35 38 39
 40 41 42
 11 43 12
 44 45 46
 47 48 49
 41 50 42
 44 46 51
 14 52 15
 53 54 55
 56 57 58
 59 60 61
 37 36 62
 63 64 65
 66 67 68
 69 70 29
 71 72 73
 74 75 76
 70 2 29
 77 58 57
 78 79 80
 81 72 82
 71 82 72
 83 31 30
 84 64 63
 81 85 72
 86 24 23
 87 88 76
 89 76 88
 90 91 92
 47 93 94
 55 54 95
 96 97 98
 99 100 101
 101 100 102
 87 76 75
 85 103 104
 90 105 91
 34 13 3
 69 29 106
 107 85 104
 108 98 97
 109 64 84
 109 84 110
 111 61 60
 112 40 42
 113 114 115
 116 115 114
 117 72 118
 119 120 121
 122 123 124
 81 125 126
 127 128 129
 50 68 42
 101 74 130
 68 67 42
 83 131 16
 112 24 40
 132 133 134
 130 74 135
 127 136 128
 132 134 114
 116 114 134
 137 138 139
 9 139 138
 49 48 140
 141 142 143
 86 23 144
 145 144 23
 146 147 55
 74 76 148
 149 39 38
 122 124 150
 119 151 120
 35 152 38
 153 154 155
 156 80 157
 158 159 160
 107 161 118
 153 162 154
 47 49 163
 164 7 165
 7 166 165
 158 167 159
 168 118 161
 14 16 169
 89 148 76
 170 171 110
 172 170 110
 173 124 174
 14 174 124
 175 176 16
 71 70 10
 177 178 179
 175 16 15
 117 73 72
 171 180 181
 182 181 180
 59 18 60
 108 126 98
 183 98 126
 184 185 186
 89 186 185
 22 24 187
 188 189 190
 116 191 192
 56 58 193
 194 195 180
 116 134 196
 197 198 199
 53 200 54
 35 39 36
 201 192 191
 178 202 179
 145 203 204
 205 206 207
 146 208 147
 209 32 31
 40 24 210
 86 210 24
 194 211 195
 91 212 8
 149 8 212
 45 213 46
 214 193 58
 81 126 103
 215 216 217
 218 200 53
 219 140 48
 188 190 220
 221 222 162
 223 162 222
 127 224 136
 221 136 224
 225 226 227
 84 227 226
 37 228 229
 94 93 174
 69 11 70
 205 181 206
 71 2 70
 158 230 167
 45 231 213
 16 131 169
 215 232 233
 12 43 234
 235 236 227
 112 187 24
 107 118 85
 237 238 133
 239 166 240
 229 228 241
 173 150 124
 12 82 10
 71 10 82
 184 242 185
 83 16 31
 50 243 68
 66 68 244
 158 160 147
 245 246 247
 248 249 162
 71 73 250
 221 162 249
 87 251 88
 225 172 226
 14 169 94
 66 94 169
 106 217 216
 252 0 253
 254 253 0
 89 185 255
 256 257 258
 259 39 105
 145 23 203
 116 192 115
 260 261 199
 38 262 263
 263 262 264
 214 58 265
 20 265 58
 69 106 216
 47 244 48
 16 176 31
 68 48 244
 254 0 250
 59 266 265
 201 267 192
 194 115 192
 268 129 128
 269 190 189
 248 162 270
 235 271 236
 17 246 60
 72 85 118
 153 270 162
 272 166 239
 273 274 275
 276 277 230
 278 279 280
 215 233 216
 109 281 64
 282 64 281
 74 101 75
 102 75 101
 283 136 284
 285 179 202
 9 138 257
 225 227 236
 91 8 286
 257 287 258
 259 36 39
 65 258 287
 39 212 105
 149 38 263
 241 228 193
 172 110 226
 86 144 165
 20 58 288
 183 126 125
 146 55 289
 59 265 18
 156 290 33
 89 88 186
 28 26 291
 252 292 155
 293 155 292
 156 294 80
 192 267 211
 77 295 58
 293 296 155
 156 33 297
 119 298 299
 199 198 207
 300 301 302
 282 258 64
 303 247 304
 164 286 7
 8 7 286
 215 305 232
 283 306 307
 132 308 133
 197 199 261
 309 310 311
 260 199 312
 257 138 287
 102 291 75
 313 306 277
 285 314 315
 221 249 136
 252 316 0
 317 287 138
 318 319 320
 321 320 319
 322 323 324
 325 324 323
 278 280 326
 235 148 271
 99 130 327
 14 124 52
 56 193 228
 74 148 328
 53 55 329
 235 328 148
 246 330 60
 89 331 148
 285 275 314
 256 6 257
 9 257 6
 318 301 319
 332 319 301
 235 227 333
 86 165 210
 230 277 334
 112 335 187
 336 187 335
 205 337 338
 205 338 181
 278 222 339
 300 302 340
 35 37 229
 116 196 191
 339 222 224
 276 341 34
 184 342 343
 344 220 190
 106 29 280
 21 280 29
 225 345 172
 276 230 341
 346 100 347
 348 51 46
 348 46 195
 182 195 46
 318 302 301
 269 253 349
 184 186 342
 17 247 246
 225 236 350
 351 352 251
 283 128 136
 81 353 125
 65 64 258
 47 94 244
 282 354 239
 50 239 354
 355 356 30
 14 94 174
 137 327 130
 357 358 359
 149 360 8
 9 8 360
 38 152 262
 346 61 361
 347 100 362
 66 244 94
 78 363 79
 259 54 36
 200 36 54
 186 352 342
 109 110 364
 346 361 365
 182 46 213
 156 157 366
 194 192 211
 88 251 352
 322 367 368
 322 368 323
 123 359 124
 0 2 250
 21 326 280
 256 240 166
 219 354 281
 282 281 354
 369 277 306
 370 340 302
 371 125 372
 260 309 261
 373 374 375
 78 80 294
 75 291 376
 336 377 187
 158 147 208
 373 246 374
 245 374 246
 373 330 246
 107 104 378
 379 378 104
 283 284 380
 214 265 266
 22 187 381
 5 204 203
 137 139 327
 264 327 139
 382 207 206
 108 103 126
 58 295 288
 22 324 383
 84 63 227
 156 384 290
 385 163 197
 93 163 385
 264 139 263
 278 386 279
 69 43 11
 164 144 92
 173 174 93
 139 360 263
 194 170 387
 113 115 345
 177 179 358
 22 383 203
 309 311 261
 336 30 356
 388 255 389
 390 152 391
 241 391 152
 74 328 135
 254 349 253
 219 392 140
 252 155 154
 149 263 360
 393 359 358
 388 389 394
 47 163 93
 184 343 395
 264 262 347
 390 347 262
 9 360 139
 108 104 103
 219 281 392
 390 262 152
 303 396 143
 355 397 356
 113 350 394
 388 394 350
 184 395 242
 393 15 52
 285 398 179
 171 364 110
 313 277 399
 112 42 67
 194 180 170
 237 395 238
 81 82 353
 200 218 400
 282 240 258
 223 154 162
 113 394 114
 132 114 394
 401 338 337
 112 67 402
 66 131 402
 155 296 403
 200 62 36
 318 151 404
 313 384 405
 182 213 206
 197 261 311
 346 347 406
 390 406 347
 84 226 110
 156 297 294
 91 286 92
 99 101 130
 293 292 189
 336 356 377
 407 378 408
 409 356 397
 209 176 315
 12 353 82
 149 212 39
 153 155 403
 321 232 305
 33 3 297
 325 297 3
 172 387 170
 241 152 229
 35 229 152
 223 326 1
 272 239 41
 50 41 239
 268 410 411
 412 411 410
 407 408 142
 164 165 144
 413 260 312
 182 180 195
 81 103 85
 66 169 131
 379 408 378
 37 62 220
 318 320 151
 223 1 316
 171 181 338
 318 404 302
 70 11 10
 90 95 105
 102 365 291
 28 291 365
 175 315 176
 78 294 323
 325 323 294
 409 397 363
 321 319 232
 332 232 319
 83 30 414
 336 414 30
 205 207 198
 356 367 377
 182 206 181
 66 402 67
 83 402 131
 99 362 100
 237 133 308
 188 220 62
 83 414 402
 112 402 335
 214 391 193
 241 193 391
 175 398 315
 285 315 398
 269 189 292
 382 206 213
 310 150 311
 173 311 150
 272 165 166
 113 345 350
 225 350 345
 20 18 265
 357 177 358
 145 415 144
 223 222 326
 278 326 222
 219 243 354
 123 357 359
 256 7 6
 283 380 306
 369 306 380
 370 302 404
 279 305 217
 171 170 180
 102 100 365
 346 365 100
 119 404 151
 325 383 324
 259 95 54
 17 60 18
 348 416 51
 348 195 211
 390 266 406
 355 30 32
 179 398 417
 373 418 330
 388 331 255
 348 267 416
 201 416 267
 252 154 316
 87 75 376
 313 399 384
 160 296 329
 53 329 296
 175 417 398
 25 27 375
 373 375 27
 276 384 399
 269 292 253
 282 239 240
 119 121 298
 276 290 384
 141 143 396
 188 62 400
 200 400 62
 164 92 286
 115 387 345
 156 366 384
 120 419 121
 173 93 385
 317 420 333
 235 333 420
 223 316 154
 205 198 337
 49 337 198
 90 289 95
 55 95 289
 373 27 418
 28 418 27
 219 48 243
 256 258 240
 91 105 212
 388 271 331
 279 217 280
 369 334 277
 141 19 421
 20 421 19
 264 347 362
 407 295 378
 272 210 165
 168 422 423
 50 354 243
 199 207 312
 382 312 207
 77 161 378
 107 378 161
 127 424 339
 425 339 424
 173 385 311
 78 368 363
 409 363 368
 178 273 202
 117 118 423
 168 423 118
 194 387 115
 273 275 202
 197 311 385
 215 217 305
 17 19 304
 256 166 7
 13 34 341
 325 3 383
 310 122 150
 89 255 331
 285 202 275
 87 426 251
 317 333 287
 65 287 333
 109 364 392
 59 406 266
 77 378 295
 185 308 389
 141 396 19
 197 163 198
 49 198 163
 55 147 329
 37 220 228
 144 415 92
 12 234 372
 401 392 364
 117 423 190
 344 190 423
 28 365 361
 120 151 427
 344 422 228
 56 228 422
 117 349 73
 254 73 349
 322 324 381
 22 381 324
 231 413 428
 145 204 429
 146 429 204
 254 250 73
 90 92 415
 167 230 334
 390 391 266
 132 389 308
 276 399 277
 371 372 234
 158 341 230
 157 405 366
 227 63 333
 407 142 430
 141 430 142
 407 430 288
 20 288 421
 293 218 296
 344 423 422
 28 361 418
 407 288 295
 108 97 104
 379 104 97
 125 353 372
 185 389 255
 88 352 186
 293 189 400
 87 376 426
 388 236 271
 65 333 63
 111 361 61
 171 338 364
 325 294 297
 221 224 222
 117 190 349
 269 349 190
 151 320 427
 26 426 376
 412 410 307
 22 203 23
 401 364 338
 231 428 213
 17 304 247
 248 431 284
 369 284 431
 59 61 406
 346 406 61
 317 138 432
 137 432 138
 278 339 386
 344 228 220
 388 350 236
 111 60 330
 137 130 432
 135 432 130
 379 433 408
 68 243 48
 106 280 217
 382 213 428
 5 4 204
 160 403 296
 259 105 95
 409 368 367
 348 211 267
 237 242 395
 132 394 389
 40 210 41
 272 41 210
 78 323 368
 53 296 218
 379 97 433
 96 433 97
 370 404 299
 401 140 392
 293 400 218
 12 372 353
 321 434 320
 425 320 434
 124 359 52
 393 52 359
 111 418 361
 26 376 291
 109 392 281
 317 432 420
 135 420 432
 303 304 396
 19 396 304
 409 367 356
 135 328 420
 235 420 328
 90 415 429
 214 266 391
 146 204 4
 384 366 405
 179 417 358
 268 411 419
 121 419 411
 425 427 320
 71 250 2
 168 57 422
 393 358 417
 425 386 339
 187 377 381
 322 381 377
 209 31 176
 188 400 189
 146 289 429
 127 339 224
 21 1 326
 153 403 159
 160 159 403
 185 242 308
 252 253 292
 168 161 57
 77 57 161
 146 4 208
 111 330 418
 322 377 367
 369 380 284
 160 329 147
 172 345 387
 148 331 271
 264 362 327
 99 327 362
 136 249 284
 248 284 249
 351 342 352
 237 308 242
 283 410 128
 401 337 140
 49 140 337
 402 414 335
 153 159 270
 167 270 159
 119 299 404
 393 417 15
 279 434 305
 321 305 434
 175 15 417
 13 208 4
 382 428 312
 5 383 3
 283 307 410
 413 312 428
 127 129 424
 120 424 129
 145 429 415
 336 335 414
 158 208 341
 13 341 208
 5 203 383
 90 429 289
 0 316 1
 268 128 410
 120 129 419
 120 427 424
 369 431 334
 167 334 431
 141 421 430
 288 430 421
 56 422 57
 425 434 386
 425 424 427
 276 34 290
 167 431 270
 248 270 431
 268 419 129
 33 290 34
 279 386 434
 0
 0
 0
 0
 0
 0
 0
 0
 0
 0
 0
 0
 22
 351 245 25 303 201 134 26 191 416 143 238 251 247 343 196 375 342 133 51 395 426 374
 5
 96 143 142 433 408
 14
 183 300 96 332 69 371 98 125 43 301 234 232 216 233
 0
 23
 300 355 313 209 370 412 157 80 79 315 306 121 275 363 314 405 411 340 298 32 307 397 299
