431 786
6.801157 9.515192 1
6.687997 9.444273 1
6.839583 9.404687 1
6.547130 9.231997 1
6.642835 9.095756 1
6.670410 9.223898 1
6.759707 9.315547 1
6.336443 7.604251 2
6.425355 7.527565 2
6.428321 7.684815 1
6.523942 7.618282 2
7.196783 8.586221 1
7.200417 8.693474 1
7.050214 8.601746 1
6.485560 9.116166 1
7.098999 8.730274 1
5.982413 8.487105 1
5.846289 8.591111 2
5.840215 8.416333 2
6.329707 9.377750 1
6.492596 9.347685 1
6.401016 9.473169 1
6.985586 7.796449 1
6.940618 7.663868 1
7.081625 7.688628 1
7.047115 7.545722 1
6.144520 8.261088 1
6.017505 8.310702 1
6.014330 8.187575 2
5.899400 8.271502 2
6.023907 9.579772 1
5.876548 9.535896 1
6.006768 9.473273 1
6.783435 9.018176 1
6.778850 9.177019 1
7.275660 8.213222 1
7.137843 8.159833 1
7.227174 8.086565 1
6.686429 8.234365 1
6.638235 8.363351 1
6.535256 8.299313 1
6.567698 8.175380 1
6.406180 9.252308 1
6.515550 7.910473 1
6.624644 7.818213 1
6.686428 7.967595 1
8.080065 8.729655 1
8.244508 8.745080 2
8.128414 8.872846 1
8.260413 8.917900 1
8.472222 10.000000 0
8.333333 10.000000 0
8.410002 9.835957 2
6.646036 8.522911 1
6.661362 8.674201 1
6.551526 8.651682 1
5.942748 9.666035 1
6.126753 7.757062 2
6.265494 7.724443 2
6.192368 7.834031 1
6.522646 8.522436 1
8.194445 10.000000 0
8.096696 9.865049 1
8.265920 9.873768 1
7.193438 8.308837 1
6.673309 9.597209 1
6.560266 9.486866 1
6.344052 9.144920 1
6.398485 9.020336 1
6.805555 10.000000 0
6.669086 9.877488 1
6.780723 9.831198 1
8.150883 8.586969 2
5.996070 7.736128 2
6.090784 7.860630 1
5.958368 7.915096 2
8.030688 8.980727 1
7.947371 9.103440 1
7.889166 8.981995 1
6.572844 8.041079 1
6.551444 8.971073 1
5.494482 9.751087 2
5.389594 9.632672 2
5.532137 9.655560 1
8.395918 8.841307 2
5.840853 8.968827 2
6.024354 9.014854 1
5.875474 9.096663 1
5.951161 8.879012 1
6.555438 9.633027 1
6.713991 8.770042 1
6.679886 8.911281 1
6.559259 8.790221 1
5.777870 9.287535 1
5.914904 9.298908 1
5.802255 9.410053 1
5.912392 9.415397 1
7.203186 8.425324 1
7.341808 8.373205 1
7.135184 9.459273 1
7.014851 9.497261 1
7.063276 9.350357 1
6.750058 7.850803 1
6.952539 9.398787 1
7.499422 8.836214 1
7.567285 8.700944 1
7.614100 8.825500 1
7.777778 10.000000 0
7.638889 10.000000 0
7.724136 9.844862 1
6.186282 9.712640 1
6.141191 9.618241 1
6.285971 9.581976 1
7.569445 9.905751 1
6.098043 7.995399 1
5.970793 8.053564 2
7.084967 8.269139 1
7.204169 7.596014 1
7.380812 9.350439 1
7.468836 9.518209 1
7.334869 9.455361 1
7.493327 9.372643 1
7.158516 9.235254 1
7.226109 9.365529 1
6.811966 9.642995 1
5.956855 8.621002 1
5.914955 8.744390 2
6.899935 9.120657 1
7.410687 9.658910 1
7.521936 9.691813 1
5.617157 9.754135 1
5.728519 9.697784 1
5.782080 9.823995 1
6.666667 10.000000 0
5.658605 9.881393 1
6.894502 8.629272 1
6.754989 8.622025 1
6.789530 8.518266 1
8.061770 9.128206 1
6.902410 8.501462 1
7.591715 9.599132 1
8.197098 9.755339 1
7.460124 9.079474 1
7.479390 9.224616 1
7.369483 9.136706 1
7.358087 8.091799 1
6.155670 9.054038 1
6.189645 8.950685 1
6.979998 8.732032 1
7.829123 9.124092 1
6.099037 8.875254 1
7.452580 8.715000 1
6.415514 8.787515 1
6.440328 8.675400 1
7.380548 7.964545 1
7.327610 7.829855 1
7.459446 7.887070 1
8.363414 8.990734 1
8.267426 9.061483 1
6.111039 8.111499 1
6.153409 9.522855 1
6.396385 8.457839 1
6.343915 8.611896 1
6.266117 8.525078 1
8.417400 9.362967 2
8.440768 9.513515 2
8.289546 9.451973 1
7.269433 7.976513 1
6.802744 7.636057 2
6.841384 7.754109 1
6.265505 9.053463 1
6.464293 9.583187 1
8.153561 9.019844 1
5.513700 9.525151 2
7.678721 8.743058 1
7.201718 7.753582 1
8.168123 9.386144 1
8.029886 9.428067 1
8.076845 9.273692 1
7.941777 9.321276 1
7.292130 7.686495 1
5.676312 9.257267 1
5.751612 9.154735 1
7.006534 8.433873 1
7.028942 8.053897 1
6.919601 8.113318 1
6.924795 7.945973 1
6.806640 8.055938 1
8.271926 9.284926 1
8.413969 9.205578 2
7.361111 10.000000 0
7.296700 9.920088 1
7.432374 9.886025 1
6.387387 8.152041 1
6.332718 8.297338 1
6.266655 8.219926 1
6.453265 8.234514 1
6.475371 8.127416 1
8.354466 9.100688 1
8.455243 9.059108 2
7.574777 9.791536 1
7.408272 9.765462 1
8.381642 9.668290 2
8.308353 9.756657 1
6.250000 10.000000 0
6.111111 10.000000 0
6.181142 9.858657 1
6.901500 8.367714 1
7.266487 8.507080 1
7.559837 9.099396 1
7.500000 10.000000 0
6.808378 8.875128 1
6.901810 8.967202 1
7.428339 7.792615 2
7.121701 8.888822 1
7.252378 8.899221 1
7.108465 9.000947 1
6.388434 9.671264 1
8.181029 9.167747 1
6.225852 8.136789 1
6.304467 8.089989 1
7.584832 9.331422 1
7.660341 9.421269 1
7.579844 9.484646 1
6.990125 7.435170 2
7.158202 7.461568 2
7.220484 9.031564 1
8.327882 9.567870 1
6.302894 9.706076 1
6.443992 8.575473 1
6.882627 9.886447 1
6.430508 8.018143 1
5.860522 9.198224 1
7.004992 9.053137 1
7.022418 9.191932 1
6.303124 8.424181 1
5.982752 9.153278 1
7.666224 8.507869 1
7.710230 8.424544 1
7.797597 8.493773 2
5.972222 10.000000 0
5.898700 9.885500 1
6.060734 9.888889 1
7.271050 9.722310 1
7.253049 9.606718 1
7.083333 10.000000 0
7.079720 9.858798 1
7.202360 9.863933 1
6.232851 8.354238 1
6.092814 8.423142 1
7.781382 9.697988 1
7.656583 9.697560 1
7.222222 10.000000 0
7.764816 9.034150 1
8.055555 10.000000 0
7.705776 8.620243 1
6.916779 9.288080 1
7.154130 9.733686 1
7.124003 9.594628 1
7.778578 9.234900 1
7.881345 9.226439 1
7.806282 9.365907 1
6.297576 8.948071 1
6.219924 8.820246 1
8.004167 8.605570 1
8.049421 8.457720 2
7.719052 9.561968 1
5.555555 10.000000 0
5.510119 9.866122 2
6.862159 7.857463 1
5.836073 9.651634 1
7.058541 7.923673 1
7.376606 9.243668 1
6.138964 8.533108 1
6.067565 8.626242 1
7.329925 8.650030 1
7.874085 9.884976 1
7.355088 9.564360 1
6.817110 8.413960 1
5.607803 9.159656 2
5.720968 9.035899 2
7.102448 7.810996 1
6.909560 7.540865 2
6.099948 9.147806 1
7.384907 8.518030 1
6.624095 9.338402 1
6.244683 9.457056 1
6.100932 9.407632 1
6.199639 9.344516 1
7.041790 9.729144 1
6.395429 7.818680 1
6.379520 7.921695 1
7.482370 8.449934 1
5.567767 9.303588 1
5.444541 9.386308 2
5.476700 9.225661 2
7.467947 8.026443 1
7.316314 9.819341 1
7.862401 8.622876 1
7.795235 8.738968 1
6.054611 9.284513 1
6.808969 7.939981 1
6.336432 8.839258 1
7.981822 9.210610 1
7.004952 9.625604 1
7.973966 9.793027 1
7.926123 9.647036 1
8.071431 9.707599 1
8.057083 9.574646 1
7.563559 8.551735 1
6.780162 8.311740 1
5.694445 10.000000 0
7.515350 8.324350 1
7.409687 8.238256 1
7.575780 8.206882 2
7.473275 8.137273 1
7.855938 9.773578 1
5.870399 9.754210 1
6.706133 7.730347 1
5.993177 9.780726 1
6.730762 8.424308 1
6.008992 8.708517 1
6.106747 8.749391 1
6.201482 8.650692 1
6.324863 8.732353 1
7.683282 9.289816 1
7.389845 8.909194 1
7.382853 8.800762 1
7.404126 7.691044 2
7.606037 8.950572 1
7.479389 8.979532 1
7.277528 8.773541 1
7.460085 8.602646 1
6.441116 8.889874 1
6.723753 9.719796 1
6.604926 9.764725 1
7.130146 9.110865 1
7.266002 9.152352 1
5.640282 9.603033 1
6.494907 7.791564 1
7.916667 10.000000 0
5.958299 8.386499 1
6.953569 9.795262 1
6.845856 9.760732 1
7.858946 8.846169 1
7.725531 8.872280 1
7.346021 9.026924 1
6.842145 8.742575 1
7.989208 8.853703 1
6.164565 9.233966 1
7.761899 9.464337 1
7.123057 8.487046 1
8.291677 9.171988 1
6.654553 7.582757 2
6.303110 9.885636 1
6.929001 8.841491 1
8.146068 9.499043 1
8.165795 9.623449 1
6.205282 8.463008 1
6.498373 9.849589 1
6.485882 9.713652 1
6.379928 9.784677 1
6.527778 10.000000 0
6.405153 9.898450 1
7.307018 7.490772 3
7.657934 9.067125 1
6.532987 8.414411 1
7.935765 8.731040 1
6.388889 10.000000 0
7.612805 9.195540 1
7.660402 8.315230 2
7.803555 8.367072 2
5.997921 9.375944 1
6.303704 7.978455 1
6.264444 9.787251 1
6.019511 8.795521 1
6.096767 9.787628 1
7.276907 9.262949 1
5.831116 8.859455 2
7.861919 9.508206 1
7.967513 9.517891 1
7.236239 9.498988 1
7.181079 7.889103 1
8.240347 9.555644 1
7.923119 8.516538 2
7.146385 8.006252 1
6.578643 9.915918 1
6.910433 9.478945 1
7.598155 8.429619 1
6.571133 7.724998 1
5.833333 10.000000 0
6.690825 8.109853 1
8.467096 8.941441 2
7.830669 9.606924 1
7.056210 8.818560 1
8.280940 9.651610 1
7.020594 8.927916 1
6.276409 9.249656 1
7.343606 7.591983 2
7.712763 9.154874 1
6.944445 10.000000 0
6.422322 8.355339 1
5.565848 9.414798 1
8.174481 9.278128 1
7.580945 7.964810 2
6.987856 9.906951 1
7.919417 9.419112 1
6.287699 7.489812 3
6.907895 9.580243 1
7.000827 8.307480 1
6.901956 8.237766 1
6.800545 8.175446 1
7.804010 8.931683 1
7.705962 8.971114 1
5.763889 9.924757 1
6.289138 7.868203 1
5.727032 9.496281 1
5.626346 9.486788 1
5.761691 9.596926 1
7.559846 7.847754 2
7.983394 9.908610 1
5.676509 9.380824 1
7.010829 8.189888 1
6.056384 9.693966 1
7.178983 8.806170 1
6.217739 9.146187 1
6.922500 9.688689 1
7.102002 8.371950 1
6.198315 7.931916 1
7.572391 8.086435 2
6.212695 8.034580 1
 0 1 2
 3 4 5
 1 6 2
 7 8 9
 9 8 10
 11 12 13
 14 4 3
 12 15 13
 16 17 18
 19 20 21
 22 23 24
 25 24 23
 26 27 28
 29 28 27
 30 31 32
 33 34 4
 35 36 37
 38 39 40
 38 40 41
 19 42 20
 43 44 45
 46 47 48
 49 48 47
 50 51 52
 53 54 55
 30 56 31
 57 58 59
 53 55 60
 61 62 63
 35 64 36
 1 65 66
 67 68 14
 69 70 71
 46 72 47
 73 74 75
 76 77 78
 79 43 45
 80 4 14
 81 82 83
 49 47 84
 85 86 87
 85 88 86
 65 89 66
 67 14 42
 90 91 92
 93 94 95
 96 95 94
 97 64 98
 99 100 101
 102 45 44
 96 32 31
 100 103 101
 104 105 106
 90 92 54
 107 108 109
 110 111 112
 108 113 109
 114 115 75
 116 36 64
 25 117 24
 35 98 64
 118 119 120
 121 119 118
 122 123 101
 99 101 123
 1 0 65
 124 65 0
 17 125 126
 33 127 34
 128 119 129
 130 131 132
 69 133 70
 130 132 134
 135 136 137
 76 138 77
 135 137 139
 140 129 119
 141 63 62
 142 143 144
 35 37 145
 146 86 147
 15 148 13
 77 149 78
 150 147 86
 55 54 92
 80 92 91
 151 105 104
 152 153 92
 55 92 153
 154 155 156
 49 157 158
 114 159 115
 80 14 68
 112 111 160
 161 162 163
 135 13 148
 28 115 159
 5 4 34
 51 63 52
 164 165 166
 154 145 167
 168 23 169
 73 57 74
 67 170 68
 114 75 74
 171 112 21
 49 158 172
 26 28 159
 173 83 82
 174 106 105
 24 117 175
 176 177 178
 179 178 177
 175 117 180
 93 181 182
 135 139 13
 183 13 139
 184 185 186
 187 186 185
 164 188 189
 190 191 192
 193 194 195
 41 196 197
 198 199 189
 200 192 201
 202 52 203
 22 169 23
 200 201 129
 193 196 194
 200 109 113
 204 205 206
 183 139 207
 97 98 208
 142 209 143
 210 190 192
 76 48 172
 33 211 212
 213 156 155
 214 215 216
 171 217 112
 218 178 138
 219 220 195
 221 222 223
 49 172 48
 25 224 225
 216 215 226
 165 227 166
 121 221 223
 110 112 228
 161 229 162
 69 71 230
 79 231 43
 93 182 232
 233 234 127
 161 163 235
 236 94 232
 237 238 239
 240 241 242
 128 243 244
 220 193 195
 245 246 247
 26 248 249
 25 225 117
 236 87 86
 14 3 42
 250 109 251
 200 251 109
 193 197 196
 252 245 247
 253 78 149
 61 254 62
 255 237 239
 154 167 155
 256 6 34
 257 258 244
 259 260 261
 26 249 27
 262 147 263
 46 264 72
 265 72 264
 222 266 223
 256 34 127
 257 243 247
 53 136 54
 267 268 134
 102 169 269
 26 159 219
 270 31 56
 22 271 186
 272 144 143
 273 274 16
 249 273 16
 11 208 275
 107 109 276
 80 91 4
 33 4 91
 128 244 277
 278 207 139
 182 279 280
 22 24 281
 25 282 224
 150 263 147
 146 283 86
 284 275 208
 1 66 285
 20 285 66
 112 286 21
 150 86 88
 233 127 212
 33 212 127
 287 286 160
 85 87 280
 179 261 260
 287 288 286
 257 289 258
 290 43 291
 284 98 292
 182 280 87
 293 294 295
 154 296 145
 297 192 191
 284 208 98
 236 86 283
 298 299 255
 174 255 299
 297 247 243
 236 300 94
 102 269 301
 262 263 302
 178 303 138
 304 258 289
 305 306 307
 308 307 306
 309 255 105
 174 105 255
 38 310 39
 311 267 134
 257 244 243
 140 223 266
 16 125 17
 26 219 195
 312 313 314
 315 314 313
 250 316 109
 19 21 286
 132 131 317
 168 169 318
 319 242 241
 20 66 21
 39 310 320
 321 274 322
 323 322 274
 236 232 87
 305 307 62
 141 62 307
 312 98 313
 35 313 98
 37 167 145
 321 126 125
 33 91 211
 323 162 324
 259 261 325
 270 317 131
 326 215 327
 298 255 239
 213 155 328
 180 328 155
 329 209 330
 40 196 41
 331 327 215
 323 163 162
 284 292 332
 262 333 68
 55 229 60
 71 70 334
 335 334 70
 256 234 101
 122 101 234
 233 336 234
 25 23 282
 55 153 229
 226 337 336
 122 336 337
 43 231 291
 150 322 263
 323 263 322
 262 68 170
 184 186 271
 312 292 98
 173 338 83
 256 127 234
 176 188 166
 164 166 188
 236 283 300
 171 66 89
 323 324 263
 335 89 65
 290 339 43
 340 107 276
 16 18 341
 120 123 118
 342 230 343
 193 220 231
 128 201 243
 344 345 299
 174 299 345
 326 346 215
 90 136 347
 135 347 136
 218 138 172
 76 172 138
 344 348 78
 76 78 348
 7 9 58
 290 58 9
 349 288 300
 287 300 288
 76 348 48
 222 350 266
 226 215 346
 226 346 337
 11 351 208
 11 13 351
 189 188 352
 22 186 269
 80 333 92
 46 48 348
 335 65 334
 124 334 65
 102 318 169
 20 42 3
 168 318 353
 204 206 354
 355 212 211
 308 356 357
 358 249 248
 335 359 360
 361 360 359
 362 363 359
 364 117 225
 309 332 292
 182 181 279
 51 61 63
 5 34 6
 109 316 276
 329 365 209
 71 343 230
 1 285 6
 5 6 285
 222 325 261
 29 341 18
 53 60 366
 344 299 367
 298 367 299
 257 247 246
 198 158 157
 187 301 186
 97 208 351
 53 366 39
 362 368 363
 369 143 209
 262 302 333
 250 251 266
 140 266 251
 238 370 371
 46 367 264
 298 264 367
 96 94 372
 205 242 206
 22 281 271
 373 231 220
 168 282 23
 110 374 206
 30 32 160
 287 160 32
 150 88 375
 110 206 376
 152 92 333
 293 295 279
 123 377 118
 130 134 268
 93 232 94
 85 378 88
 256 2 6
 130 83 338
 198 189 352
 379 380 306
 99 123 381
 120 381 123
 382 155 167
 193 231 197
 383 357 356
 298 384 264
 184 385 36
 249 16 341
 27 249 341
 335 386 359
 368 204 354
 121 118 143
 272 143 118
 29 27 341
 337 346 144
 161 366 60
 387 103 100
 80 68 333
 11 275 12
 312 370 388
 128 277 119
 183 351 13
 121 223 119
 355 347 148
 135 148 347
 389 353 318
 122 377 123
 240 390 241
 308 306 380
 38 41 391
 79 391 41
 205 240 242
 392 157 84
 308 177 356
 176 356 177
 49 84 157
 379 306 393
 22 269 169
 355 148 394
 315 145 296
 141 395 203
 37 36 385
 176 166 356
 383 356 166
 141 357 395
 130 338 131
 305 316 306
 250 306 316
 355 394 396
 309 237 255
 142 346 330
 326 330 346
 312 314 370
 312 388 292
 122 234 336
 218 172 158
 349 300 283
 19 397 42
 315 313 145
 35 145 313
 202 227 165
 180 117 398
 297 243 201
 53 137 136
 253 399 365
 77 138 303
 335 70 386
 112 217 228
 335 360 89
 250 393 306
 382 175 155
 52 63 203
 141 203 63
 331 275 327
 151 327 275
 265 264 384
 298 239 384
 400 69 230
 364 398 117
 253 149 399
 161 401 366
 90 54 136
 210 192 113
 200 113 192
 46 348 367
 344 367 348
 308 357 307
 293 402 294
 173 294 402
 387 0 2
 176 178 403
 309 292 388
 404 296 156
 245 405 246
 120 119 277
 244 258 381
 99 381 258
 382 271 281
 142 330 209
 238 388 370
 218 403 178
 379 261 406
 179 406 261
 179 303 178
 19 288 397
 308 380 177
 179 177 406
 7 407 8
 329 106 345
 174 345 106
 245 400 405
 122 337 377
 319 317 56
 259 325 399
 369 399 325
 387 408 0
 124 0 408
 79 197 231
 183 207 409
 410 411 185
 187 185 411
 90 211 91
 344 412 345
 329 345 413
 257 246 289
 342 289 246
 390 414 241
 132 241 414
 389 10 353
 373 291 231
 361 359 363
 379 350 261
 59 58 415
 290 415 58
 218 188 403
 382 281 175
 416 338 417
 173 417 338
 38 391 411
 187 411 391
 238 371 239
 416 418 338
 297 201 192
 218 352 188
 140 251 129
 200 129 251
 404 156 419
 383 166 227
 171 21 66
 140 119 223
 176 403 188
 329 330 104
 326 104 330
 187 391 45
 362 359 386
 59 74 57
 304 408 100
 222 261 350
 256 101 103
 108 210 113
 278 320 310
 305 420 276
 340 276 420
 93 95 421
 416 421 95
 379 266 350
 254 340 420
 116 409 422
 67 42 397
 293 279 181
 319 56 423
 254 420 62
 154 156 296
 40 39 366
 16 274 125
 244 381 277
 120 277 381
 358 235 163
 194 401 235
 331 12 275
 79 45 391
 379 393 266
 250 266 393
 130 268 81
 305 62 420
 410 422 409
 319 241 317
 132 317 241
 112 160 286
 342 246 405
 387 100 408
 368 354 363
 152 324 153
 162 153 324
 5 285 3
 20 3 285
 222 221 325
 133 362 386
 151 104 327
 326 327 104
 410 310 411
 278 139 137
 349 397 288
 161 60 229
 272 118 377
 79 41 197
 382 167 385
 37 385 167
 184 271 385
 30 160 111
 284 332 275
 151 275 332
 53 39 320
 389 318 44
 141 307 357
 184 422 185
 180 155 175
 369 325 221
 187 45 301
 214 424 215
 182 87 232
 128 129 201
 190 252 191
 361 217 360
 272 337 144
 102 44 318
 305 276 316
 233 396 216
 214 216 396
 390 311 414
 88 126 375
 321 375 126
 331 215 424
 369 221 143
 19 286 288
 349 425 397
 184 36 422
 43 339 44
 389 44 339
 342 426 289
 304 289 426
 272 377 337
 90 347 211
 355 211 347
 416 95 31
 96 31 95
 293 181 421
 110 228 374
 102 301 45
 183 409 427
 410 185 422
 233 212 396
 355 396 212
 152 333 302
 114 74 428
 59 428 74
 93 421 181
 389 9 10
 161 235 401
 130 81 83
 116 422 36
 151 332 105
 309 105 332
 329 413 365
 389 339 9
 290 9 339
 152 302 324
 263 324 302
 329 104 106
 323 274 273
 342 343 426
 213 419 156
 416 417 421
 38 411 310
 116 427 409
 311 134 414
 132 414 134
 321 125 274
 382 385 271
 171 89 360
 171 360 217
 67 397 425
 369 365 399
 293 421 402
 214 394 424
 338 418 131
 253 365 413
 361 363 354
 369 209 365
 270 56 317
 309 388 237
 304 100 258
 99 258 100
 361 228 217
 186 301 269
 373 428 415
 40 366 401
 344 78 412
 146 147 170
 262 170 147
 358 273 249
 315 429 314
 361 354 374
 15 424 394
 410 207 310
 150 375 322
 226 336 216
 142 144 346
 133 386 70
 361 374 228
 15 394 148
 270 131 418
 110 376 423
 206 374 354
 24 175 281
 321 322 375
 259 399 149
 342 405 230
 252 247 191
 253 412 78
 202 203 395
 59 415 428
 297 191 247
 88 378 126
 233 216 336
 183 427 351
 373 415 291
 304 426 408
 400 230 405
 383 395 357
 121 143 221
 30 423 56
 194 235 248
 214 396 394
 26 195 248
 194 248 195
 331 424 12
 15 12 424
 270 418 31
 114 430 159
 219 159 430
 71 334 343
 124 343 334
 162 229 153
 206 242 376
 319 376 242
 238 237 388
 97 351 427
 94 300 372
 287 372 300
 319 423 376
 77 260 149
 256 103 2
 278 310 207
 116 64 427
 97 427 64
 416 31 418
 146 425 283
 421 417 402
 404 429 296
 315 296 429
 180 398 328
 392 199 157
 387 2 103
 146 170 425
 290 291 415
 349 283 425
 198 157 199
 53 320 137
 278 137 320
 358 163 273
 323 273 163
 30 111 423
 259 149 260
 379 406 380
 177 380 406
 124 408 426
 110 423 111
 114 428 430
 373 430 428
 194 196 401
 67 425 170
 219 430 220
 373 220 430
 202 395 227
 383 227 395
 218 158 352
 40 401 196
 96 372 32
 410 409 207
 287 32 372
 253 413 412
 345 412 413
 77 303 260
 198 352 158
 124 426 343
 173 402 417
 358 248 235
 179 260 303
 0
 0
 0
 0
 0
 0
 0
 0
 0
 23
 202 164 265 364 392 52 47 213 404 72 189 165 370 419 84 239 314 384 199 398 328 371 429
 9
 168 364 225 353 407 8 224 10 282
 0
 22
 173 73 29 85 7 75 28 82 17 18 294 268 279 58 115 407 378 295 126 280 57 81
 0
 0
 0
 0
