448 813
2.224255 0.306330 1
2.388637 0.301507 1
2.347324 0.430043 1
3.475663 0.888661 1
3.630861 0.810948 1
3.620797 0.962889 1
2.234407 0.657481 1
2.120073 0.575014 1
2.240137 0.511258 1
1.127248 1.726203 1
1.287513 1.779542 1
1.172185 1.879920 1
3.526508 0.747543 1
2.646301 0.922937 1
2.670109 0.789847 1
2.774578 0.915790 1
1.198950 0.801339 1
1.130480 0.928674 1
1.047596 0.816552 1
2.809502 0.795452 1
0.790780 1.521364 1
0.866223 1.686136 1
0.720848 1.668843 1
3.339667 0.912487 1
3.270177 0.973470 1
3.207373 0.855838 1
2.810024 0.456545 1
2.953604 0.456908 1
2.865226 0.576531 1
1.616217 1.525900 1
1.768777 1.588196 2
1.625544 1.659426 2
3.472222 0.000000 0
3.611111 0.000000 0
3.516792 0.145812 1
1.334896 0.555154 1
1.426591 0.410512 1
1.466554 0.565998 1
3.641623 0.107255 1
1.919936 1.270345 1
1.755492 1.254920 1
1.871586 1.127154 1
1.739587 1.082100 1
2.271795 0.209714 1
1.527778 0.000000 0
1.666667 0.000000 0
1.589848 0.164068 1
0.000000 1.666667 0
0.000000 1.527778 0
0.166367 1.576067 2
3.350452 0.817033 1
2.339659 0.578731 1
1.305229 0.389658 1
0.985853 1.824786 2
1.035779 1.969255 2
0.868734 0.211318 1
0.964521 0.286455 1
0.812346 0.369957 1
1.582600 0.637034 1
1.586031 0.794422 1
1.444892 0.702479 1
1.455321 0.867097 1
1.700395 1.421035 1
1.848912 1.412530 1
3.828493 1.142571 2
3.683397 1.093184 1
3.767156 0.999493 1
1.805556 0.000000 0
1.903467 0.135013 1
1.734081 0.126238 1
1.218172 1.198164 1
1.350614 1.261764 1
1.181875 1.340844 1
2.581689 0.570891 1
2.727676 0.657350 1
2.592718 0.699527 1
0.311474 0.668788 1
0.467381 0.608861 1
0.442229 0.729840 1
1.950579 1.542280 2
0.000000 1.388889 0
0.149972 1.286949 1
0.099357 1.458333 1
1.388889 0.000000 0
1.451688 0.102339 1
1.291612 0.150376 1
1.618358 0.331709 1
1.559231 0.486486 1
1.495906 0.308210 1
1.969311 1.019273 1
2.061746 0.892063 1
2.102736 1.025609 1
0.833333 0.000000 0
0.952749 0.121463 1
0.771428 0.118995 1
0.000000 0.833333 0
0.118995 0.771428 1
0.121463 0.952749 1
3.903397 1.006895 1
0.900401 1.538032 1
2.650289 0.424858 1
2.789191 0.325970 1
0.375573 0.517925 1
0.579927 1.330083 1
0.693155 1.242052 1
0.699880 1.394122 1
2.322065 1.125849 1
2.203482 1.235145 1
2.203379 1.083952 1
3.215673 0.712031 1
1.224287 0.296905 1
1.202538 0.454328 1
1.086883 0.329925 1
1.204282 1.580212 1
1.276246 1.667205 1
3.351627 0.668842 1
1.604082 1.158693 1
0.210360 1.430914 1
0.309166 1.491194 1
0.269519 0.553090 1
0.268505 0.404020 1
3.714597 0.708935 1
3.702993 0.565209 2
3.848248 0.685716 2
0.916679 1.238047 1
0.965835 1.099162 1
1.031494 1.177436 1
2.530812 1.259939 1
2.437385 1.333153 1
2.440845 1.158403 1
0.339635 1.612239 2
2.344617 1.257511 1
2.523767 0.807827 1
2.500000 0.000000 0
2.638889 0.000000 0
2.580803 0.155104 1
3.327806 1.347803 1
3.391597 1.254465 1
3.469650 1.397828 2
3.500594 1.253994 1
2.446260 0.545086 1
1.083317 1.567965 1
0.191461 0.489829 1
1.345006 0.811477 1
1.279948 1.975235 1
1.295532 2.101532 3
1.163028 2.022084 2
3.021576 1.079524 1
3.150005 1.136741 1
3.024085 1.210747 1
3.136336 1.263274 1
3.039363 0.550608 1
2.615546 1.082204 1
2.523352 0.955785 1
0.340190 0.827867 1
0.859163 1.097124 1
0.409535 0.412463 1
0.000000 1.250000 0
1.250000 0.000000 0
3.522048 1.072109 1
2.705536 0.097139 1
0.142591 0.344801 1
0.293416 0.264023 1
0.507339 1.134566 1
0.563142 0.991858 1
0.619008 1.146263 1
0.196901 0.196901 1
2.114829 1.161689 1
1.428417 0.211565 1
0.963276 0.910615 1
3.981842 1.107964 2
4.033360 0.990844 2
0.494141 0.194617 1
0.426389 0.291239 1
0.354120 0.138728 1
2.897116 0.362254 1
0.955972 0.412901 1
0.651486 1.530363 1
3.695457 1.200774 1
2.529763 0.315156 1
2.496198 0.441729 1
0.998214 1.483394 1
1.034647 1.338494 1
1.096392 1.437640 1
0.914497 1.418791 1
2.201414 0.412802 1
1.612268 1.306570 1
0.705132 1.066432 1
2.083333 0.000000 0
2.222222 0.000000 0
2.155499 0.130976 1
0.677595 0.299934 1
0.644156 0.449829 1
0.555341 0.298229 1
0.519273 0.410918 1
2.513322 1.423509 2
2.630529 1.357583 1
1.311510 1.415828 1
2.705582 0.204520 1
2.647284 0.296403 1
1.322060 0.701230 1
1.414853 1.981967 2
1.321646 1.882507 1
1.426256 1.824901 2
3.404548 0.268258 1
3.461062 0.404400 1
3.328546 0.382219 1
3.377062 0.515177 1
0.800232 1.190266 1
0.810924 1.353468 1
2.763805 1.037202 1
3.601026 0.455091 1
3.536094 0.303084 1
1.019990 1.005327 1
3.615175 1.304414 2
1.940146 0.871278 1
2.910152 0.242337 1
3.056968 0.169976 1
3.022608 0.329511 1
1.126688 0.709832 1
2.023181 0.094830 1
0.349809 0.337138 1
1.802902 0.244661 1
3.484943 0.629437 1
1.284990 0.997983 1
1.130524 1.080647 1
3.181105 0.357897 1
3.139652 0.247285 1
3.290539 0.264936 1
3.651117 0.340842 1
2.765934 1.452646 2
2.749717 1.333528 1
2.138441 0.481055 1
3.358270 0.132785 1
0.213983 0.864530 1
2.983404 0.661308 1
1.636586 1.009266 1
1.732573 0.938516 1
3.424379 0.747733 1
0.555556 0.000000 0
0.694444 0.000000 0
0.624231 0.153507 1
0.000000 0.694444 0
0.000000 0.555556 0
0.152226 0.623898 1
2.649626 1.500520 2
1.710454 0.548027 1
0.849068 1.832281 2
3.333333 0.000000 0
0.587877 1.751007 2
0.580966 1.624627 1
0.759233 0.229289 1
3.578319 1.177414 1
1.494737 1.249506 1
1.464182 1.376227 1
1.846440 0.980156 1
2.864636 0.691966 1
1.341398 0.280135 1
1.831876 0.613857 1
1.973511 0.573318 1
1.925536 0.727707 1
2.071491 0.687137 1
1.002043 1.704599 1
0.729831 1.793274 2
1.580054 1.423513 1
1.117136 0.585166 1
0.943857 0.568149 1
1.061277 0.470094 1
3.322062 1.462646 2
2.713194 0.536243 1
1.728074 0.715074 1
0.590910 1.441185 1
1.345885 1.133201 1
0.568243 1.226271 1
1.645534 0.899312 1
1.544757 0.940892 1
1.507207 1.487833 1
0.878031 0.714775 1
0.778876 0.819733 1
0.717826 0.702975 1
1.691617 0.243349 1
0.472575 1.652194 1
0.418746 1.759923 2
3.136050 0.991132 1
0.487143 0.090776 1
0.086995 0.486111 1
0.630066 0.830477 1
0.492288 0.849073 1
0.592840 0.709844 1
2.928959 1.278061 1
3.032295 1.365025 2
2.858719 1.367423 2
0.786546 0.529079 1
1.818970 0.832252 1
1.244893 1.102499 1
0.277778 0.000000 0
0.416667 0.000000 0
0.000000 0.416667 0
0.000000 0.277778 0
1.672118 0.432130 1
3.055556 0.000000 0
2.952795 0.107677 1
1.115047 1.241050 1
2.865752 0.975219 1
2.901945 1.074872 1
2.819974 1.143045 1
3.957970 0.911975 1
4.154629 1.098465 3
0.390641 1.407513 1
0.441784 1.278391 1
0.496440 1.418488 1
3.754119 0.403516 2
1.458757 1.139654 1
3.761477 1.293916 2
1.944444 0.000000 0
2.162515 0.902203 1
3.915571 0.802402 1
4.016786 0.705493 2
1.994545 1.394618 1
2.029161 0.208161 1
3.080878 0.732427 1
3.040666 0.853878 1
3.722780 0.273609 2
3.726347 0.895825 1
1.223186 0.559792 1
2.725824 1.139400 1
2.811653 1.245847 1
3.204315 1.379568 2
3.259067 1.085353 1
0.910307 0.820293 1
0.972222 0.000000 0
0.000000 0.972222 0
1.226026 0.652913 1
1.003319 0.703230 1
3.258112 1.230243 1
2.420148 1.007251 1
2.662411 1.226015 1
2.777778 0.000000 0
2.916667 0.000000 0
2.824630 0.126071 1
3.155647 0.105018 1
1.414830 1.003783 1
0.407763 0.954280 1
0.280749 0.962352 1
0.799050 1.004161 1
2.026828 0.785144 1
2.076653 0.355921 1
1.928411 0.294825 1
1.942917 0.425354 1
4.064754 0.862926 2
0.304244 1.212124 1
0.299258 1.339156 1
0.804001 0.635863 1
1.058497 0.184312 1
0.184312 1.058497 1
3.394670 1.027432 1
3.345389 1.153100 1
0.711231 0.936692 1
0.437769 1.057717 1
3.504400 0.508635 1
2.507634 1.068091 1
3.231197 0.473336 1
3.842282 0.902299 1
0.588144 0.588144 1
0.513241 0.509499 1
3.097116 0.451777 1
2.463426 0.213157 1
2.378560 0.187229 1
2.361500 1.418024 2
2.254541 1.369898 2
1.412666 1.711518 1
2.037129 0.482115 1
3.606921 0.671055 1
3.612837 0.214986 1
0.967330 1.604430 1
1.494926 1.608590 1
1.201904 1.471797 1
2.173393 0.790393 1
0.000000 0.000000 0
0.138889 0.000000 0
0.114254 0.114254 1
0.000000 0.138889 0
0.877952 0.476651 1
1.297043 1.547593 1
1.152123 0.105043 1
0.104976 1.151346 1
1.998749 1.156131 1
2.361111 0.000000 0
2.439367 0.106791 1
2.293406 0.104691 1
2.985061 0.969088 1
3.254211 0.592756 1
1.708324 0.828011 1
0.694410 0.592424 1
1.854079 0.501035 1
1.834179 0.376955 1
0.227374 0.751302 1
2.937374 0.769187 1
2.537799 1.157463 1
3.240989 0.167097 1
3.750000 0.000000 0
3.745319 0.148263 2
1.396836 1.506192 1
2.060268 1.266113 1
2.130070 1.378753 1
3.448032 1.143824 1
2.307020 0.783294 1
1.153550 0.213930 1
0.213930 1.153550 1
0.216388 0.089976 1
0.091278 0.219877 1
0.829501 0.908576 1
2.310028 0.998124 1
2.915656 1.182207 1
3.783251 0.797203 1
3.128230 0.636367 1
1.378407 1.612362 1
2.214086 0.980023 1
2.401212 0.886268 1
2.132638 0.245777 1
2.262382 0.888277 1
1.759653 0.444356 1
2.065522 1.484890 2
0.319502 1.079225 1
0.000000 1.111111 0
1.111111 0.000000 0
2.460347 0.671721 1
1.268035 0.888256 1
3.154818 0.542404 1
1.532904 1.058559 1
1.530432 1.733837 2
2.352547 0.687952 1
1.719057 0.348415 1
3.194444 0.000000 0
2.902155 0.879769 1
2.169859 1.495364 2
0.526815 1.532871 1
2.416507 0.770873 1
0.402869 1.155797 1
0.416624 1.526584 1
1.826902 0.719624 1
2.807389 0.224724 1
3.593017 0.564681 1
1.357789 0.913241 1
3.256537 0.080980 1
1.047968 0.081641 1
0.081641 1.047968 1
0.904912 1.004763 1
 0 1 2
 3 4 5
 6 7 8
 9 10 11
 12 4 3
 13 14 15
 16 17 18
 15 14 19
 20 21 22
 23 24 25
 26 27 28
 29 30 31
 32 33 34
 35 36 37
 33 38 34
 39 40 41
 42 41 40
 0 43 1
 44 45 46
 47 48 49
 50 23 25
 51 6 8
 35 52 36
 9 11 53
 54 53 11
 55 56 57
 58 59 60
 61 60 59
 62 63 30
 64 65 66
 67 68 69
 70 71 72
 73 74 75
 76 77 78
 79 30 63
 39 63 40
 62 40 63
 80 81 82
 83 84 85
 86 87 88
 36 88 87
 89 90 91
 92 93 94
 95 96 97
 64 66 98
 20 99 21
 26 100 101
 76 102 77
 103 104 105
 106 107 108
 109 50 25
 110 111 112
 9 113 114
 9 114 10
 109 115 50
 42 40 116
 117 118 49
 102 119 120
 121 122 123
 124 125 126
 127 128 129
 130 49 118
 128 131 129
 132 14 13
 133 134 135
 19 14 74
 136 137 138
 138 137 139
 51 2 140
 9 141 113
 58 60 37
 142 120 119
 61 143 60
 144 145 146
 147 148 149
 150 149 148
 27 151 28
 152 153 13
 76 78 154
 124 155 125
 102 120 156
 80 157 81
 158 83 85
 62 30 29
 159 5 65
 134 160 135
 161 162 120
 163 164 165
 74 14 75
 166 162 161
 167 108 107
 168 46 88
 18 17 169
 86 88 46
 131 107 106
 64 98 170
 171 170 98
 172 173 174
 174 173 162
 26 175 27
 176 57 56
 20 177 105
 35 111 52
 64 178 65
 1 179 180
 2 1 180
 181 182 183
 184 182 181
 0 2 185
 62 186 40
 187 165 164
 188 189 190
 191 192 193
 194 193 192
 76 119 102
 195 127 196
 197 72 71
 198 199 135
 179 135 199
 200 35 60
 195 128 127
 201 202 203
 204 205 206
 207 206 205
 60 35 37
 104 208 209
 152 13 210
 211 205 212
 213 169 17
 214 138 139
 89 215 90
 216 217 218
 124 209 208
 16 18 219
 188 190 220
 221 156 120
 222 69 68
 207 223 115
 224 225 17
 226 227 228
 124 126 182
 211 212 229
 230 196 231
 117 82 81
 168 85 84
 232 8 7
 36 87 37
 32 34 233
 55 94 93
 234 97 96
 235 28 151
 117 49 82
 168 84 46
 187 208 104
 42 236 237
 12 3 238
 50 238 3
 239 240 241
 242 243 244
 44 46 84
 48 82 49
 245 196 230
 226 228 206
 45 69 46
 58 87 246
 247 21 53
 248 32 233
 100 199 101
 10 202 11
 249 250 22
 55 57 251
 159 65 252
 132 13 153
 2 180 140
 253 186 254
 42 237 255
 19 74 256
 187 104 165
 36 257 88
 65 5 66
 258 259 260
 261 260 259
 198 135 160
 9 262 141
 263 21 247
 22 21 263
 40 186 116
 186 264 254
 265 266 267
 176 267 266
 136 138 268
 73 269 74
 51 8 2
 58 270 59
 105 177 271
 172 241 193
 191 193 241
 70 272 71
 103 273 104
 274 275 59
 61 59 275
 62 29 264
 276 264 29
 277 278 279
 86 46 280
 130 281 282
 147 283 148
 239 241 284
 243 285 244
 144 11 202
 179 100 180
 73 180 100
 12 238 223
 89 41 255
 286 287 288
 78 288 287
 289 290 291
 111 267 112
 292 192 57
 191 57 192
 293 260 215
 224 294 225
 249 282 281
 295 296 174
 297 298 161
 42 255 41
 87 299 246
 22 250 177
 300 217 301
 70 302 225
 126 225 302
 124 182 184
 2 8 185
 303 304 210
 305 210 304
 104 209 105
 187 155 208
 183 182 72
 171 98 306
 171 307 170
 308 309 310
 211 311 122
 312 253 71
 272 312 71
 64 313 178
 67 314 68
 90 315 91
 316 123 317
 39 318 63
 79 63 318
 319 220 190
 109 25 320
 321 320 25
 311 229 322
 168 88 257
 323 66 5
 53 21 262
 20 209 184
 103 310 309
 131 106 129
 35 324 111
 325 305 326
 223 238 115
 150 327 290
 20 22 177
 148 283 328
 277 329 278
 92 330 93
 331 95 97
 249 22 263
 16 332 200
 58 37 87
 16 200 143
 18 329 333
 277 333 329
 150 148 334
 321 25 283
 24 328 283
 172 284 241
 142 244 285
 335 129 106
 26 28 269
 74 269 28
 144 201 145
 217 227 218
 144 146 11
 144 202 201
 216 301 217
 336 325 326
 337 338 339
 300 340 217
 224 341 272
 124 208 155
 342 343 154
 234 154 343
 187 344 155
 260 345 215
 319 346 347
 348 347 346
 20 105 209
 316 349 306
 171 306 349
 265 333 266
 277 266 333
 350 351 81
 117 81 351
 265 267 111
 292 266 352
 353 56 93
 354 97 343
 319 347 68
 222 68 347
 308 351 309
 159 355 3
 148 328 334
 213 17 225
 356 334 328
 286 357 164
 187 164 357
 163 358 164
 195 196 245
 277 352 266
 207 359 223
 152 360 153
 286 164 287
 342 287 164
 226 206 361
 323 5 4
 323 362 66
 110 52 111
 363 364 192
 226 361 365
 179 366 135
 367 1 43
 363 288 77
 78 77 288
 277 279 352
 316 317 349
 213 225 125
 240 94 241
 242 244 96
 131 368 369
 286 279 278
 10 114 370
 214 139 252
 297 161 285
 296 284 174
 259 371 7
 12 223 372
 373 34 38
 374 141 262
 204 34 212
 373 212 34
 265 111 324
 276 29 375
 126 125 225
 195 368 128
 183 376 141
 55 93 56
 234 343 97
 286 288 279
 142 285 161
 172 174 284
 258 270 246
 58 246 270
 261 6 377
 72 182 302
 261 259 7
 113 141 376
 24 283 25
 378 379 380
 378 380 381
 76 244 119
 142 119 244
 150 290 149
 289 149 290
 253 116 186
 292 382 266
 191 251 57
 197 383 376
 293 215 255
 89 255 215
 158 85 384
 157 385 81
 36 52 257
 73 100 269
 211 229 311
 89 91 386
 167 386 91
 387 388 389
 89 386 41
 321 283 390
 20 184 99
 179 199 100
 109 391 115
 26 269 100
 204 233 34
 131 128 368
 59 270 392
 78 287 154
 342 154 287
 194 192 364
 350 309 351
 133 135 388
 39 41 386
 342 164 358
 363 192 393
 127 336 196
 231 196 336
 54 11 146
 124 184 209
 159 3 5
 338 300 301
 231 336 326
 176 266 382
 348 394 395
 191 241 251
 76 396 244
 374 21 99
 45 67 69
 235 320 397
 321 397 320
 152 336 398
 127 398 336
 399 228 227
 400 401 38
 197 254 402
 50 3 23
 167 107 403
 404 403 107
 139 405 252
 18 333 219
 274 237 236
 198 101 199
 261 377 345
 121 372 122
 189 389 190
 338 301 339
 406 377 6
 404 318 403
 39 403 318
 110 407 85
 350 81 408
 224 272 294
 70 294 272
 367 389 388
 295 174 409
 166 409 174
 166 161 410
 298 410 161
 411 278 329
 335 106 412
 26 101 175
 240 92 94
 95 242 96
 147 149 413
 323 414 362
 235 151 415
 10 370 203
 416 370 114
 197 402 383
 147 413 304
 98 66 362
 417 91 315
 279 288 393
 363 393 288
 221 120 162
 121 414 4
 323 4 414
 253 312 116
 235 415 320
 276 402 254
 132 153 418
 335 418 153
 207 115 391
 319 190 419
 150 334 327
 136 327 334
 274 59 392
 232 371 346
 33 400 38
 207 205 359
 406 420 377
 421 395 394
 404 422 318
 176 112 267
 353 112 56
 354 343 423
 157 424 385
 425 158 384
 292 393 192
 132 75 14
 166 174 162
 142 161 120
 121 123 414
 316 414 123
 221 162 173
 132 426 75
 73 426 140
 16 427 17
 224 17 427
 308 118 351
 117 351 118
 90 345 377
 428 365 361
 168 257 85
 110 85 257
 204 228 233
 136 268 327
 216 339 301
 103 105 271
 276 254 264
 348 346 371
 147 390 283
 272 341 312
 50 115 238
 429 236 116
 35 200 332
 348 259 394
 258 394 259
 42 116 236
 377 420 315
 214 178 313
 430 375 31
 159 252 405
 232 346 185
 76 154 396
 429 116 312
 234 396 154
 51 431 6
 406 6 431
 222 432 280
 176 382 57
 292 57 382
 421 394 246
 258 246 394
 222 395 432
 300 433 340
 430 370 375
 204 212 205
 9 53 262
 207 361 206
 232 7 371
 19 434 15
 404 369 435
 73 140 180
 293 255 237
 0 185 346
 436 271 177
 86 299 87
 335 412 418
 183 72 376
 73 75 426
 226 218 227
 204 206 228
 51 140 426
 176 56 112
 342 423 343
 29 31 375
 241 94 251
 244 396 96
 51 426 431
 132 437 426
 110 112 407
 353 407 112
 350 408 423
 354 423 408
 90 215 345
 216 175 101
 276 375 402
 416 402 375
 319 419 346
 0 346 419
 46 69 280
 222 280 69
 399 233 228
 102 156 364
 265 332 219
 152 325 336
 79 318 422
 337 339 160
 198 160 339
 131 369 107
 197 376 72
 404 435 422
 350 423 438
 350 438 309
 104 273 165
 197 71 254
 12 372 4
 121 4 372
 190 43 419
 265 324 332
 167 403 386
 39 386 403
 348 395 347
 235 397 256
 130 439 281
 418 412 420
 189 387 389
 258 260 440
 0 419 43
 387 133 388
 61 275 341
 429 341 275
 211 359 205
 303 15 434
 163 273 309
 103 309 273
 85 407 384
 81 385 408
 373 229 212
 416 375 370
 293 440 260
 16 219 332
 261 345 260
 303 390 304
 147 304 390
 348 371 259
 373 38 401
 261 7 6
 373 401 322
 198 441 101
 286 278 357
 62 264 186
 122 372 442
 83 44 84
 48 80 82
 216 101 441
 235 256 28
 436 281 439
 429 312 341
 226 365 218
 27 218 365
 342 358 423
 70 72 302
 16 143 427
 163 309 438
 60 143 200
 293 270 440
 253 254 71
 35 332 324
 293 392 270
 10 203 202
 421 246 299
 430 203 370
 265 219 333
 258 440 270
 411 357 278
 19 397 434
 61 443 143
 70 225 294
 217 340 227
 399 227 340
 152 210 325
 321 434 397
 374 262 21
 102 364 77
 216 441 339
 19 256 397
 126 302 182
 314 188 220
 379 295 409
 298 381 410
 24 355 328
 356 328 355
 13 15 210
 303 210 15
 211 122 442
 314 220 68
 198 339 441
 417 412 108
 134 337 160
 109 415 391
 319 68 220
 335 360 129
 106 108 412
 356 355 405
 159 405 355
 127 129 398
 216 218 175
 27 175 218
 113 376 383
 428 391 415
 296 239 284
 243 297 285
 194 173 193
 194 156 173
 436 439 310
 433 248 444
 194 364 156
 222 347 395
 214 252 178
 330 425 445
 424 331 446
 305 325 210
 356 137 334
 136 334 137
 3 355 23
 335 153 360
 55 251 94
 234 96 396
 404 107 369
 436 177 250
 308 310 439
 207 391 361
 411 344 357
 187 357 344
 24 23 355
 411 329 169
 321 390 434
 428 361 391
 224 443 341
 248 233 444
 411 169 447
 353 445 384
 425 384 445
 354 385 446
 424 446 385
 74 28 256
 399 444 233
 373 322 229
 110 257 52
 406 418 420
 428 415 151
 417 108 91
 356 405 137
 139 137 405
 406 437 418
 109 320 415
 249 281 250
 436 250 281
 379 409 380
 381 380 410
 90 377 315
 167 91 108
 190 389 43
 132 418 437
 61 341 443
 417 315 420
 183 141 181
 374 181 141
 308 439 118
 231 291 230
 213 125 447
 155 447 125
 289 413 149
 172 193 173
 221 173 156
 232 185 8
 330 445 93
 331 97 446
 367 43 389
 65 178 252
 303 434 390
 86 280 432
 316 362 414
 135 366 388
 367 388 366
 130 118 439
 436 310 271
 353 384 407
 354 408 385
 224 427 443
 292 352 393
 279 393 352
 421 432 395
 223 442 372
 363 77 364
 305 413 326
 289 326 413
 354 446 97
 353 93 445
 166 410 380
 166 380 409
 163 165 273
 155 344 447
 27 365 151
 428 151 365
 289 291 326
 231 326 291
 416 383 402
 417 420 412
 305 304 413
 406 431 437
 399 340 444
 429 275 236
 184 181 99
 416 114 383
 113 383 114
 179 1 366
 274 236 275
 433 444 340
 426 437 431
 423 358 438
 211 442 359
 223 359 442
 316 306 362
 98 362 306
 143 443 427
 411 447 344
 18 169 329
 103 271 310
 86 432 299
 163 438 358
 213 447 169
 421 299 432
 293 237 392
 367 366 1
 374 99 181
 274 392 237
 129 360 398
 152 398 360
 10
 247 130 249 54 49 282 53 145 146 263
 0
 24
 64 79 195 214 430 368 138 30 245 313 201 203 307 145 327 435 170 290 268 369 422 291 230 31
 0
 0
 0
 0
 9
 171 349 311 401 122 307 123 317 322
 0
 0
 0
 0
 0
 0
 0
 0
 0
