453 826
6.324848 6.482803 1
6.340768 6.646847 1
6.250611 6.565264 1
6.515219 5.280851 1
6.635678 5.241629 1
6.685428 5.362820 1
6.025010 7.132655 1
5.983438 7.024341 1
6.124147 7.063564 1
6.063959 6.945081 1
6.546347 5.390184 1
6.434163 6.527350 1
6.244118 7.184323 1
6.266187 7.027318 1
6.347591 7.127566 1
7.223019 5.959930 1
7.327240 5.856607 1
7.330631 6.014463 2
6.362182 7.384542 1
6.409706 7.225019 1
6.497157 7.378639 1
6.993425 6.836701 1
7.114738 6.939888 1
6.971315 7.008838 1
6.296477 6.291746 1
6.178900 6.299035 1
6.199009 6.150740 1
6.577372 6.121279 1
6.721230 6.140491 1
6.586689 6.236336 1
6.462371 6.286243 1
6.550437 6.430156 1
6.375656 6.392724 1
7.144457 7.206719 1
7.307000 7.237937 1
7.226987 7.311540 1
7.265111 7.137614 1
7.445928 5.925075 2
6.850639 5.821062 1
6.764899 5.732218 1
6.949240 5.690904 1
5.602718 6.699167 1
5.685526 6.823863 1
5.533053 6.801820 1
6.124452 5.399304 1
6.250869 5.309196 1
6.212828 5.480120 1
6.765488 4.794387 1
6.921344 4.852563 1
6.792965 4.944991 1
6.197004 5.609816 1
6.292776 5.740302 1
6.176824 5.767386 1
6.232662 6.425375 1
7.484683 5.762489 1
6.807890 5.608046 1
7.411201 5.419500 1
7.443591 5.267010 1
7.530152 5.345335 1
6.324090 5.449898 1
6.365672 4.825902 1
6.262121 4.844088 1
6.236480 4.716629 2
6.707098 6.267285 1
7.680612 4.592384 1
7.803439 4.691078 1
7.654087 4.696296 1
7.793516 4.580345 1
7.331261 5.717915 1
7.779768 5.695951 1
7.880129 5.779633 2
7.702898 5.823640 2
8.224382 5.129714 2
8.116965 5.102116 1
8.161983 4.972324 3
5.448219 6.482357 2
5.550116 6.335684 2
5.598416 6.473492 1
5.385935 6.762380 2
5.444646 6.913848 2
7.695964 5.158335 1
7.704840 4.993128 1
7.798072 5.105775 1
7.488338 5.133633 1
7.391780 5.076591 1
7.464369 4.987767 1
7.435950 4.462722 2
7.340311 4.526483 1
7.320731 4.347878 2
7.238105 4.475309 1
6.458292 4.860746 1
6.561650 4.911911 1
6.449646 4.988196 1
6.348578 6.008866 1
6.448305 6.119336 1
6.317267 6.096814 1
7.198951 5.742980 1
7.176685 5.859831 1
7.908357 4.798086 2
7.962013 4.663584 2
5.704483 6.374544 1
6.420067 5.386676 1
5.749829 6.701849 1
7.017651 7.162090 1
7.078317 7.069114 1
6.411714 5.261772 1
7.733526 5.338585 1
7.612352 5.241457 1
7.774418 5.233129 1
6.086353 6.241210 1
6.764845 5.204879 1
6.863762 5.336168 1
6.824794 5.472210 1
7.124092 5.526034 1
7.204670 5.405964 1
7.296735 5.500678 1
7.331566 6.341513 2
7.227332 6.377385 1
7.210431 6.242014 2
6.528897 7.259480 1
7.719899 4.769942 1
7.677336 4.871897 1
7.584693 4.797374 1
6.946815 5.205117 1
6.403944 4.719996 1
7.569298 5.891051 2
6.290893 6.904168 1
6.397560 6.995712 1
6.405883 6.864030 1
6.529588 5.553187 1
6.684817 5.529173 1
6.574519 5.663994 1
6.690910 5.668113 1
6.911581 7.128113 1
5.892580 6.036529 1
5.829604 5.902960 2
5.930879 5.901834 1
6.348769 6.192240 1
5.635381 6.053502 2
5.708464 6.179259 1
5.580335 6.184878 2
6.740088 4.479023 1
6.844259 4.575675 1
6.694670 4.607204 1
6.862116 6.880311 1
6.541129 5.048256 1
6.677935 6.532219 1
6.720660 6.397946 1
6.806112 6.512841 1
6.970466 5.038136 1
7.072138 5.117852 1
7.622010 6.659157 2
7.683464 6.786697 2
7.547463 6.782708 1
7.610132 6.881110 1
7.901470 4.551707 2
7.226384 5.625953 1
7.521933 5.446952 1
6.933664 4.371037 2
7.087327 4.451959 2
6.923322 4.490115 1
6.438160 5.975036 1
6.840674 6.409237 1
6.696742 7.478108 1
6.654553 7.582757 2
6.600378 7.433842 1
6.542108 7.522443 1
6.755052 6.772868 1
6.775290 6.640496 1
6.890939 6.756567 1
6.175334 6.712549 1
7.589087 5.067315 1
6.687865 4.905247 1
6.726094 5.043987 1
6.631585 5.002763 1
8.014758 5.026240 1
7.912322 5.070052 1
7.905993 4.939065 1
6.978658 5.457349 1
6.311346 5.599753 1
6.330822 5.175495 1
6.223165 5.123343 1
6.127608 5.195673 1
6.631111 6.026497 1
7.236230 4.640737 1
7.596216 5.791795 1
8.010725 4.891712 2
7.076392 4.822713 1
7.184811 4.897837 1
7.085773 4.974476 1
6.631879 4.698171 1
6.770990 4.672834 1
7.819833 4.993639 1
7.136845 4.570757 1
5.878323 6.748794 1
6.016706 6.747408 1
5.954902 6.877563 1
6.950447 6.333149 1
6.936630 6.474407 1
6.628255 6.795046 1
6.654490 6.668553 1
7.430632 7.238840 2
7.408843 7.126603 1
7.552121 7.134439 2
5.848434 6.998054 1
5.808165 6.849018 1
6.095220 6.845009 1
6.635351 4.809585 1
7.293615 4.802448 1
7.301553 4.971611 1
7.381545 4.884879 1
5.725727 6.942658 1
6.848817 5.063982 1
6.579016 7.137706 1
6.660239 7.031088 1
6.706936 7.148492 1
6.011650 5.978821 1
6.076811 4.962896 1
6.038838 5.092997 1
5.911179 5.023998 2
7.190681 7.054890 1
5.768535 6.088666 1
7.051257 6.380390 1
6.812208 7.044554 1
6.638291 5.119759 1
6.908397 4.961698 1
5.989936 6.513116 1
6.079998 6.386104 1
6.131536 6.546044 1
5.930738 4.904496 2
7.627986 5.690001 1
6.836936 6.272779 1
7.060996 6.145112 1
6.950093 6.061373 1
7.052244 6.037927 1
6.506563 4.665459 1
6.436944 4.559677 2
6.318694 4.601766 2
6.900599 6.621822 1
7.640458 4.476840 1
7.769440 4.469009 2
6.979423 6.705133 1
7.119430 6.782479 1
5.946052 6.642387 1
7.078156 6.658418 1
6.958768 6.202483 1
6.460231 6.637274 1
7.158202 7.461568 2
6.990125 7.435170 2
7.130754 7.349192 1
7.176009 6.071414 2
7.628674 5.388248 1
6.734489 6.014736 1
5.763447 5.978761 2
6.308508 6.782358 1
6.882695 7.457458 1
6.758337 7.389542 1
6.906394 7.355773 1
6.339557 4.936695 1
7.042936 6.486008 1
6.110510 5.681526 1
7.547561 4.413340 2
7.670146 4.365158 2
7.991162 5.553521 2
7.851661 5.591433 1
7.907560 5.478063 1
7.190773 5.054635 1
6.001570 5.691066 1
5.888014 5.768173 2
5.925596 5.599349 2
7.396502 6.566244 1
7.451444 6.685929 1
7.303811 6.638126 1
6.202116 5.874313 1
6.049241 5.823913 1
6.784105 7.514131 1
6.802744 7.636057 2
6.425797 5.666373 1
7.937647 5.676692 2
7.139313 6.342252 1
6.107842 5.934070 1
6.830453 7.287535 1
7.010106 4.599801 1
6.287699 7.489812 3
6.214417 7.341128 2
6.408441 5.539903 1
6.065762 6.644947 1
6.488848 6.925975 1
7.544069 4.540211 1
7.431479 4.611162 1
6.644121 4.409723 2
6.771570 4.326343 3
6.062716 5.543975 1
7.543818 4.675114 1
7.428025 4.762900 1
6.045297 6.091761 1
7.316336 5.349784 1
7.112624 5.953517 1
6.618821 6.336739 1
6.900465 4.703477 1
7.346310 6.753424 1
5.957688 6.180433 1
7.713061 6.929952 3
6.552126 6.569087 1
7.579435 4.927200 1
6.538285 6.701602 1
6.618520 5.443135 1
6.091345 5.299238 1
6.817706 7.185980 1
5.884179 7.129126 2
5.730698 7.082888 2
6.203375 6.835410 1
7.019033 5.579883 1
6.922052 5.560655 1
6.173964 6.936758 1
7.387219 5.170876 1
7.024794 7.314281 1
6.311791 7.282618 1
7.428337 5.656695 1
6.236439 5.984707 1
5.626664 7.003680 2
5.513087 7.016447 2
5.599947 6.895392 1
6.124454 7.204599 2
6.631719 7.227518 1
7.008394 4.908817 1
7.447411 5.545475 1
7.343417 5.616569 1
6.177315 4.920896 1
6.246135 5.013011 1
7.009689 4.730780 1
7.348605 4.683610 1
6.552555 5.914373 1
6.448441 5.864358 1
6.516156 5.774285 1
7.175807 4.768098 1
6.922612 7.239156 1
7.925807 5.372638 1
7.976167 5.274621 1
8.053024 5.415451 2
6.634635 4.507141 1
6.643902 5.788945 1
7.180489 5.198416 1
6.722287 6.909847 1
5.775057 6.563979 1
5.705297 6.482441 1
5.842587 6.430380 1
7.421852 6.461104 2
7.514866 6.585629 2
8.086248 5.279668 1
7.291842 5.136604 1
6.909560 7.540865 2
7.102363 5.654710 1
7.083399 5.771421 1
6.839843 4.438451 1
6.972481 5.823722 1
6.523942 7.618282 2
6.425355 7.527565 2
5.533744 6.581156 1
7.797813 4.871843 1
7.089032 5.409372 1
5.983962 7.228858 2
5.778348 6.292717 1
5.895851 6.288805 1
7.226786 4.375290 2
7.118725 5.312184 1
6.332316 5.886735 1
7.224258 5.305674 1
7.457831 7.028260 1
7.420647 6.829785 1
7.499552 6.909820 1
6.130311 4.813898 1
6.886796 5.934924 1
7.112457 4.685982 1
6.530414 5.177039 1
6.432092 5.129369 1
7.003452 6.582570 1
5.648269 6.275876 1
6.867051 6.143633 1
6.533076 7.023215 1
7.201639 6.555224 1
7.141817 6.454616 1
7.288534 6.484237 1
7.006169 5.945679 1
6.465974 7.128116 1
6.403038 5.775277 1
5.881123 6.555159 1
6.527028 6.032881 1
7.256520 6.959765 1
7.001209 5.322127 1
5.911627 5.479372 2
6.746459 5.836737 1
6.783448 5.935107 1
6.681101 5.925217 1
7.597425 5.533714 1
5.477098 6.708196 1
6.134613 6.033668 1
5.436562 6.612066 1
5.330009 6.659079 3
6.594790 6.921363 1
5.923215 5.140003 2
7.059162 5.227658 1
7.583470 6.996770 2
6.010065 5.411418 1
6.621301 7.323880 1
6.568055 4.580277 1
7.723514 5.584177 1
6.036800 4.862010 1
5.960152 6.379493 1
5.944004 4.749156 3
7.718904 5.458847 1
7.180607 6.662320 1
7.334547 7.043273 1
8.022291 5.169083 1
7.890661 5.195217 1
6.143450 5.044470 1
7.797246 5.508894 1
6.075419 4.729247 2
6.504592 5.462617 1
7.320543 5.240543 1
8.154737 5.215671 1
6.427768 6.742944 1
5.345887 6.568316 2
7.526029 5.635945 1
5.846077 6.642434 1
5.994973 6.290595 1
6.527680 4.768586 1
6.336903 5.061018 1
8.251304 5.295807 2
6.512930 6.825555 1
7.209267 6.859083 1
6.839781 6.036135 1
7.246343 6.760936 1
7.307018 7.490772 3
7.250477 7.403278 1
7.358154 7.360455 2
7.487613 4.872024 1
5.987270 5.305165 1
7.825233 5.408347 1
7.105238 6.561436 1
7.858644 5.299185 1
6.542387 4.470530 2
5.660082 6.583299 1
7.309304 6.852346 1
8.157369 5.343278 2
7.377767 6.940284 1
6.725146 7.264184 1
5.837869 6.177964 1
6.015219 5.208495 1
7.062775 5.862608 1
7.062410 6.272943 1
5.906826 5.361221 2
5.907853 5.249306 2
 0 1 2
 3 4 5
 6 7 8
 7 9 8
 10 3 5
 11 1 0
 12 13 14
 12 8 13
 15 16 17
 18 19 20
 21 22 23
 24 25 26
 27 28 29
 30 31 32
 11 32 31
 33 34 35
 36 34 33
 16 37 17
 38 39 40
 41 42 43
 44 45 46
 47 48 49
 50 51 52
 53 24 32
 54 37 16
 39 55 40
 56 57 58
 59 46 45
 60 61 62
 63 29 28
 64 65 66
 67 65 64
 54 16 68
 69 70 71
 72 73 74
 75 76 77
 78 43 79
 80 81 82
 83 84 85
 86 87 88
 89 88 87
 90 91 92
 93 94 95
 96 16 97
 15 97 16
 98 65 99
 100 77 76
 59 45 101
 41 102 42
 103 23 104
 45 105 101
 106 107 108
 109 26 25
 110 111 5
 112 5 111
 113 114 115
 116 117 118
 19 119 20
 120 121 122
 110 123 111
 124 60 62
 54 125 37
 13 126 127
 128 127 126
 129 130 131
 130 132 131
 96 68 16
 133 23 103
 134 135 136
 24 26 137
 138 139 140
 141 142 143
 21 23 144
 112 130 5
 92 91 145
 146 147 148
 120 122 66
 149 150 123
 151 152 153
 154 153 152
 99 65 155
 113 115 156
 56 58 157
 158 159 160
 161 94 93
 162 148 147
 163 164 165
 165 164 166
 167 168 169
 170 2 1
 83 85 171
 30 32 24
 172 173 174
 49 173 172
 175 176 177
 112 111 178
 50 179 51
 180 45 181
 182 181 45
 27 183 28
 47 49 172
 184 89 87
 54 185 125
 175 177 186
 187 188 189
 47 190 191
 192 82 81
 184 193 89
 194 195 196
 53 25 24
 162 197 198
 167 199 200
 201 202 203
 204 205 196
 180 105 45
 80 108 107
 9 196 206
 47 207 190
 143 191 190
 195 206 196
 188 208 209
 209 208 210
 204 211 205
 110 212 123
 213 214 215
 134 136 216
 217 218 219
 36 33 220
 194 205 102
 149 123 212
 138 221 139
 42 102 205
 95 137 26
 197 222 198
 223 23 133
 110 4 224
 49 225 212
 226 227 228
 53 228 227
 217 219 229
 67 155 65
 30 24 137
 69 71 230
 162 147 231
 63 231 147
 232 233 234
 235 124 236
 237 236 124
 80 171 81
 104 23 22
 238 169 168
 239 240 64
 67 64 240
 241 242 21
 194 243 195
 244 242 241
 49 212 173
 232 245 233
 110 224 173
 11 246 1
 84 209 85
 209 210 85
 247 248 249
 132 130 55
 112 55 130
 232 234 250
 13 127 14
 106 251 107
 252 28 183
 134 253 135
 170 1 254
 255 256 257
 90 92 258
 237 124 62
 83 171 107
 80 107 171
 259 198 222
 50 52 260
 239 261 262
 263 264 265
 266 189 188
 267 268 269
 104 220 33
 270 271 272
 52 273 274
 275 276 164
 163 275 164
 277 129 131
 263 278 264
 279 118 117
 170 206 195
 280 274 273
 47 172 207
 281 257 256
 146 31 147
 282 160 159
 18 283 284
 277 285 129
 162 231 197
 223 215 214
 226 286 243
 128 287 127
 86 288 289
 141 290 291
 44 46 292
 50 292 46
 293 294 289
 109 295 26
 56 296 57
 226 228 286
 234 297 250
 30 298 31
 282 299 142
 47 299 48
 271 300 272
 109 301 295
 30 94 29
 27 29 94
 154 152 302
 146 303 31
 11 31 303
 304 122 121
 305 200 199
 10 5 306
 44 307 45
 223 308 215
 204 309 310
 170 311 206
 113 312 178
 167 200 168
 112 178 313
 9 314 8
 59 179 46
 83 315 84
 120 66 65
 110 5 4
 267 292 260
 134 216 295
 175 74 73
 316 103 33
 317 12 14
 19 317 14
 54 68 318
 95 26 319
 320 321 322
 12 284 323
 293 289 288
 53 32 0
 175 186 74
 223 144 23
 223 133 308
 213 215 324
 187 189 325
 56 326 115
 327 115 326
 182 45 307
 328 61 258
 329 328 258
 187 48 330
 79 322 321
 289 331 87
 170 228 2
 331 184 87
 332 333 334
 187 335 188
 316 336 103
 337 338 339
 141 143 340
 277 131 334
 332 334 341
 266 342 150
 282 159 193
 223 343 144
 266 188 209
 170 195 286
 344 345 346
 67 240 155
 210 208 294
 316 249 248
 270 347 348
 266 150 189
 40 55 313
 112 313 55
 149 212 225
 349 339 338
 266 209 350
 255 248 351
 267 274 268
 136 268 274
 100 345 77
 40 352 353
 255 275 256
 141 354 142
 40 353 355
 18 317 19
 166 356 357
 267 269 292
 75 77 358
 84 350 209
 332 161 333
 337 339 265
 50 260 292
 52 274 260
 30 29 298
 134 295 301
 167 169 144
 98 359 65
 120 65 359
 170 254 311
 280 216 274
 136 274 216
 113 178 360
 6 323 361
 100 346 345
 5 130 306
 100 362 346
 363 346 362
 89 159 364
 113 360 114
 365 114 360
 48 299 330
 366 273 51
 365 367 114
 368 203 202
 167 144 343
 263 265 339
 52 51 273
 49 48 225
 369 153 370
 61 371 62
 372 38 355
 282 193 373
 154 370 153
 374 105 375
 149 189 150
 174 145 91
 238 198 376
 100 76 377
 378 231 28
 63 28 231
 213 379 214
 96 156 68
 327 68 156
 380 381 382
 238 148 198
 270 272 382
 380 382 272
 180 375 105
 372 355 383
 204 310 211
 320 211 310
 143 142 191
 19 384 119
 59 285 179
 277 334 385
 138 253 221
 71 185 230
 267 260 274
 53 2 228
 83 107 57
 58 57 107
 213 119 384
 304 171 85
 76 140 377
 344 346 386
 86 289 87
 382 381 117
 178 312 313
 161 387 94
 223 214 343
 104 22 220
 388 220 22
 178 111 389
 390 292 269
 146 148 168
 239 64 288
 293 288 64
 391 38 392
 332 341 393
 394 157 251
 372 392 38
 366 333 161
 9 7 196
 78 395 43
 293 66 122
 282 142 160
 26 396 319
 369 271 153
 397 395 398
 395 78 398
 374 3 105
 21 242 22
 399 343 214
 75 358 397
 400 219 218
 150 342 401
 89 364 88
 187 325 48
 368 402 203
 42 211 322
 320 322 211
 36 202 34
 390 403 292
 44 292 403
 163 165 256
 404 256 165
 21 144 169
 226 386 346
 58 107 251
 143 190 405
 204 196 7
 166 357 20
 18 20 357
 129 306 130
 69 230 406
 217 229 407
 226 346 408
 363 408 346
 371 328 407
 409 407 229
 332 387 161
 110 173 212
 407 328 217
 114 296 115
 56 115 296
 366 161 93
 89 193 159
 197 231 245
 365 360 389
 178 389 360
 31 298 147
 394 251 410
 15 250 297
 394 406 230
 184 373 193
 69 278 70
 244 411 242
 36 220 412
 388 412 220
 79 43 322
 378 245 231
 50 46 179
 142 354 160
 175 413 176
 414 176 413
 132 55 39
 61 328 371
 59 101 285
 125 185 71
 12 317 284
 182 218 415
 96 352 156
 113 156 352
 399 199 343
 192 81 359
 188 335 208
 6 8 323
 416 265 264
 98 186 177
 270 348 271
 151 271 348
 282 330 299
 18 284 317
 86 261 288
 195 243 286
 182 415 181
 277 51 179
 47 191 299
 142 299 191
 371 417 62
 285 101 418
 419 57 296
 316 33 249
 35 249 33
 349 413 420
 184 335 373
 282 373 330
 90 258 60
 167 343 199
 151 153 271
 128 254 421
 294 208 331
 75 397 422
 15 17 250
 194 196 205
 204 7 309
 6 309 7
 154 302 402
 394 230 423
 404 20 119
 134 221 253
 30 137 94
 123 389 111
 54 230 185
 226 243 386
 413 73 420
 136 135 268
 1 421 254
 143 405 340
 194 102 424
 109 425 301
 374 224 4
 13 8 314
 359 81 121
 54 423 230
 399 214 379
 194 424 243
 235 426 124
 90 124 426
 329 427 181
 109 227 425
 184 208 335
 201 34 202
 372 383 233
 72 428 420
 305 199 429
 391 393 341
 69 264 278
 238 168 148
 388 22 430
 378 28 431
 252 431 28
 239 262 240
 129 418 306
 41 395 358
 293 122 294
 149 325 189
 432 242 411
 433 247 434
 139 377 140
 226 408 227
 180 181 427
 409 417 407
 397 358 395
 365 401 342
 327 156 115
 41 43 395
 201 435 34
 35 34 435
 163 256 275
 104 33 103
 192 177 176
 210 294 436
 369 300 271
 437 307 403
 44 403 307
 56 157 326
 42 322 43
 18 357 283
 53 227 25
 116 347 382
 371 407 417
 109 25 227
 166 164 356
 158 354 291
 132 341 131
 334 131 341
 374 375 145
 239 288 261
 304 81 171
 235 405 190
 146 168 200
 27 94 387
 36 412 202
 174 173 224
 98 177 359
 141 291 354
 170 286 228
 432 430 242
 42 205 211
 295 216 396
 280 396 216
 146 200 303
 187 373 335
 391 39 38
 123 150 401
 416 410 438
 90 60 124
 305 303 200
 305 246 303
 11 303 246
 281 308 336
 133 336 308
 12 323 8
 234 233 383
 244 439 411
 289 294 331
 416 406 410
 40 313 312
 40 312 352
 187 330 373
 394 423 326
 106 440 438
 106 438 410
 149 225 325
 432 272 300
 232 250 118
 304 85 436
 53 0 2
 419 342 350
 266 350 342
 394 326 157
 366 319 273
 344 424 102
 227 408 425
 235 236 405
 441 405 236
 105 3 101
 10 101 3
 295 396 26
 394 410 406
 399 429 199
 41 442 102
 344 102 442
 366 93 319
 293 64 66
 217 328 415
 11 0 32
 184 331 208
 132 39 341
 391 341 39
 432 443 430
 106 108 440
 69 406 264
 365 342 367
 374 4 3
 380 411 439
 166 20 165
 404 165 20
 366 51 385
 329 415 328
 433 434 435
 35 435 434
 349 444 339
 280 273 319
 327 318 68
 366 385 333
 280 319 396
 40 355 38
 416 264 406
 192 176 82
 414 82 176
 368 412 445
 368 445 370
 92 145 375
 419 367 342
 154 402 370
 372 233 431
 327 326 318
 10 306 418
 128 429 287
 58 251 157
 277 179 285
 414 413 338
 281 446 308
 95 319 93
 128 421 429
 80 82 108
 414 108 82
 100 377 362
 139 362 377
 349 420 444
 428 444 420
 378 233 245
 270 382 347
 192 359 177
 247 249 434
 35 434 249
 95 94 137
 334 333 385
 96 353 352
 363 447 301
 134 301 447
 210 436 85
 305 429 421
 294 122 436
 363 362 447
 139 447 362
 113 352 312
 349 338 413
 243 424 386
 175 73 413
 400 218 448
 182 448 218
 304 436 122
 215 308 446
 311 126 314
 13 314 126
 6 361 309
 63 147 298
 449 383 355
 432 411 272
 380 272 411
 83 57 315
 419 315 57
 61 60 258
 232 118 450
 279 450 118
 259 376 198
 213 324 119
 374 145 224
 207 91 426
 90 426 91
 437 451 452
 22 242 430
 116 382 117
 141 340 290
 441 290 340
 213 384 379
 127 379 384
 329 258 427
 133 103 336
 449 355 353
 48 325 225
 399 287 429
 19 14 384
 238 376 241
 244 241 376
 158 160 354
 21 169 241
 15 297 97
 449 97 297
 232 450 245
 197 245 450
 363 301 425
 217 415 218
 96 97 353
 449 353 97
 388 445 412
 305 421 246
 41 358 442
 77 442 358
 432 300 443
 369 443 300
 120 359 121
 63 298 29
 388 443 445
 129 285 418
 259 222 381
 279 381 222
 279 117 381
 404 119 324
 437 452 448
 400 448 452
 369 370 445
 134 447 221
 277 385 51
 281 256 446
 162 198 148
 1 246 421
 92 427 258
 174 91 172
 207 172 91
 369 445 443
 311 254 126
 128 126 254
 368 370 402
 332 183 387
 404 446 256
 139 221 447
 390 451 403
 437 403 451
 127 384 14
 244 376 439
 92 375 427
 180 427 375
 368 202 412
 414 338 440
 437 448 307
 182 307 448
 123 401 389
 365 389 401
 419 296 367
 127 287 379
 399 379 287
 363 425 408
 372 431 392
 252 392 431
 238 241 169
 344 386 424
 106 410 251
 316 257 336
 259 381 439
 234 383 297
 449 297 383
 337 438 440
 311 314 206
 9 206 314
 337 265 438
 416 438 265
 304 121 81
 316 248 257
 326 423 318
 281 336 257
 84 315 350
 337 440 338
 380 439 381
 388 430 443
 419 350 315
 344 442 345
 77 345 442
 329 181 415
 397 398 422
 259 439 376
 235 190 426
 207 426 190
 404 324 446
 332 393 183
 252 183 393
 414 440 108
 255 257 248
 174 224 145
 114 367 296
 10 418 101
 72 420 73
 441 340 405
 255 351 275
 276 275 351
 391 392 393
 378 431 233
 27 387 183
 252 393 392
 54 318 423
 215 446 324
 197 450 222
 279 222 450
 0
 0
 0
 0
 14
 86 98 158 99 88 159 186 291 74 240 262 261 155 364
 0
 0
 8
 409 237 441 291 236 62 290 417
 9
 276 433 247 164 283 357 248 356 351
 6
 201 433 203 435 402 302
 0
 20
 151 116 263 72 125 152 71 428 278 74 339 250 17 70 118 348 37 302 347 444
 11
 320 78 79 284 310 283 309 398 361 323 321
 17
 409 400 138 75 390 76 229 253 140 268 219 269 398 451 452 422 135
 0
 0
 0
