450 822
8.247979 6.817800 1
8.113981 6.873288 1
8.217145 6.704888 1
8.089259 6.724121 1
8.820605 5.021739 1
8.722643 4.893626 1
8.893986 4.907285 1
8.833369 4.807293 1
9.238634 6.557529 1
9.209997 6.687902 1
9.073569 6.634866 1
9.437507 7.231271 2
9.319554 7.073822 2
9.461488 7.110020 1
8.564707 5.134566 1
8.709617 5.112521 1
8.627939 5.212504 1
8.199057 5.447165 1
8.251304 5.295807 2
8.331640 5.457134 1
9.364298 5.069196 1
9.440231 4.961960 1
9.521749 5.133544 1
9.128688 6.469355 1
8.873552 5.163724 1
8.990396 5.045081 1
8.583735 5.031181 1
8.627259 5.314714 1
8.528218 5.353157 1
8.491294 5.224998 1
7.331566 6.341513 2
7.210431 6.242014 2
7.370585 6.231817 1
9.130545 5.131914 1
9.106349 4.979466 1
9.232071 5.051641 1
8.517939 6.968341 1
8.467883 6.821981 1
8.634856 6.903939 1
9.218946 7.016593 1
9.114326 7.037601 1
9.116414 6.888556 1
9.493650 4.264837 2
9.630780 4.212965 2
9.569606 4.362883 1
9.701820 4.346334 1
8.599419 6.770926 1
7.708025 5.982225 1
7.537745 5.993568 1
7.569298 5.891051 2
8.554075 6.198953 1
8.398484 6.284443 1
8.440294 6.124748 1
8.397983 5.325667 1
9.782336 6.375421 1
9.714513 6.491006 1
9.647049 6.309723 1
8.889911 6.068428 1
8.876207 5.943291 1
9.011252 6.006241 1
9.449766 6.670732 1
9.491693 6.805404 1
9.328373 6.770059 1
8.370704 5.826476 1
8.212707 5.784408 1
8.353352 5.703722 1
9.655478 5.224209 1
9.658634 5.078186 1
9.803578 5.156919 1
9.763619 4.995296 1
9.516789 5.717927 1
9.396482 5.642149 1
9.580210 5.622232 1
9.512300 5.505040 1
9.573372 6.456118 1
9.144129 4.504739 1
9.057297 4.639683 1
8.979750 4.530584 1
9.565700 4.992430 1
9.475797 6.554090 1
9.598319 6.671058 1
8.641073 7.230170 2
8.528239 7.101644 1
8.660903 7.060245 1
8.537523 6.316555 1
7.865252 6.520246 1
7.986753 6.414214 1
8.011275 6.557845 1
10.000000 6.805555 0
9.831214 6.780807 1
9.877488 6.669086 1
8.998612 6.515900 1
8.508942 5.730789 1
8.491449 5.882424 1
9.510895 6.232086 1
9.597271 6.130297 1
9.711719 6.175150 1
8.883080 4.651967 1
7.588943 6.084669 1
8.224382 5.129714 2
8.161983 4.972324 3
8.308622 5.038104 1
9.026536 5.614038 1
9.006129 5.434222 1
9.121614 5.499931 1
8.001240 6.125637 1
8.113116 6.052567 1
8.129907 6.199393 1
9.656452 4.903107 1
7.702898 5.823640 2
8.291259 6.184776 1
8.223780 6.085759 1
7.867022 6.172415 1
7.878946 6.014209 1
7.785075 6.078959 1
9.365487 4.864355 1
9.463585 4.799226 1
7.880129 5.779633 2
7.827161 5.898561 1
9.389372 6.885819 1
9.276552 6.921955 1
9.633027 6.555438 1
8.893339 5.523998 1
9.389235 6.324122 1
9.279037 6.403996 1
9.273932 6.211929 1
9.151763 6.320628 1
7.622010 6.659157 2
7.784500 6.655800 1
7.683464 6.786697 2
9.545782 4.888039 1
8.982921 4.773951 1
8.480675 5.451016 1
8.248270 5.643020 1
9.789417 5.397940 1
9.743815 5.500126 1
9.629246 5.391258 1
7.711292 6.550242 1
7.432375 6.025464 1
7.330631 6.014463 2
7.445928 5.925075 2
9.239473 5.574383 1
9.357913 5.466718 1
7.292564 6.143494 1
9.203280 7.127573 2
9.026397 7.154194 2
8.993132 6.994118 1
9.166834 6.086993 1
9.019207 6.168121 1
8.390642 6.695442 1
8.346403 6.799728 1
9.185892 4.630215 1
9.013980 4.902018 1
8.157369 5.343278 2
7.547746 6.456608 1
7.570994 6.315656 1
7.653225 6.422995 1
9.740313 5.638144 1
9.818915 5.770711 1
9.723989 5.769244 1
8.470879 5.998748 1
8.331203 6.030407 1
7.451898 6.332393 1
8.128344 6.504840 1
8.153173 6.393335 1
9.201405 4.935510 1
8.221743 6.270603 1
8.735496 6.378618 1
8.753009 6.218511 1
8.849186 6.340629 1
8.799455 6.008124 1
9.024271 4.401928 2
9.164279 4.330723 2
8.295546 6.352772 1
7.416350 6.133093 1
7.492447 6.216510 1
10.000000 6.666667 0
8.210576 7.000502 1
8.259361 7.106859 2
8.104674 7.104176 2
8.608825 5.841091 1
8.750695 5.904475 1
8.598965 5.957848 1
9.878208 5.660171 1
8.868824 6.204435 1
9.405770 5.171740 1
8.746495 5.791094 1
9.843989 4.287328 2
9.836925 4.437894 1
9.261940 4.191768 2
9.314569 4.342330 1
8.322412 6.618354 1
8.929633 6.639293 1
8.847431 6.494970 1
8.786765 6.643507 1
9.643438 5.532288 1
8.751380 4.564247 1
8.791797 4.408943 2
8.861794 4.526571 1
8.747341 7.151793 2
8.648005 5.639409 1
8.803871 5.700864 1
8.645694 5.751071 1
9.268643 4.448486 1
8.491088 7.224000 2
9.643176 6.816199 1
9.038133 5.778345 1
8.926873 5.746908 1
9.407954 6.992599 1
9.443776 5.274645 1
9.352675 5.348751 1
9.293259 5.209572 1
8.960310 5.866012 1
9.569804 4.571433 1
9.660564 4.490055 1
9.656548 4.656291 1
9.775171 4.579339 1
7.647130 6.204130 1
7.906146 6.626646 1
8.948379 6.302454 1
8.703649 6.529664 1
9.035880 6.385995 1
9.749074 5.293266 1
9.599318 7.152754 2
8.573090 6.070598 1
8.410294 5.534955 1
8.678182 4.436863 2
9.507947 6.351065 1
9.136582 5.963425 1
9.259523 5.967681 1
9.387253 6.096727 1
9.282792 6.069672 1
10.000000 5.416667 0
10.000000 5.555555 0
9.862366 5.518735 1
9.017595 5.197884 1
8.943007 5.300575 1
9.305101 5.776990 1
9.427407 5.788477 1
9.403490 6.204954 1
8.391196 6.923357 1
8.392323 7.113672 2
9.206174 6.801451 1
9.893568 5.066491 1
8.699404 6.020217 1
9.143147 5.736123 1
8.444735 5.075212 1
8.351130 5.181495 1
7.991849 6.253964 1
9.184378 5.857446 1
10.000000 6.111111 0
10.000000 6.250000 0
9.862522 6.180937 1
9.060925 5.898763 1
8.893772 5.636862 1
8.600173 6.425545 1
9.238060 5.686774 1
7.514866 6.585629 2
7.421852 6.461104 2
8.860770 7.173469 2
8.851854 7.031663 1
8.795938 5.589827 1
8.834460 5.291018 1
9.886647 6.882835 1
9.153767 5.622250 1
8.747673 7.001902 1
7.766601 6.415366 1
8.875700 6.782248 1
9.000566 6.760541 1
8.784682 6.896964 1
8.725403 6.775643 1
9.336540 5.877294 1
10.000000 5.972222 0
9.890016 6.067082 1
9.884097 5.897996 1
10.000000 7.083333 0
9.875747 7.204134 2
9.858798 7.079720 1
8.010467 7.001027 1
7.938938 6.872695 1
8.494654 4.948745 1
10.000000 7.222222 0
9.476225 5.378482 1
8.877501 5.404268 1
8.761273 5.468201 1
8.984689 6.868281 1
9.894346 5.389453 1
9.240016 5.359257 1
8.901613 6.914772 1
9.408763 4.670970 1
9.303288 4.563451 1
9.457863 4.560836 1
9.392477 4.455444 1
9.557239 5.283425 1
8.297964 5.907558 1
9.624385 7.011266 1
9.720688 7.050440 1
8.764432 4.697741 1
8.626511 5.438052 1
8.739789 5.350778 1
7.991162 5.553521 2
8.053024 5.415451 2
8.133616 5.564425 1
9.647109 5.717340 1
9.346112 6.510459 1
9.334600 6.631521 1
9.124958 4.842820 1
9.758457 7.177536 2
8.711639 4.780706 1
8.196648 5.955211 1
7.698123 6.095406 1
7.808046 6.816317 1
7.713061 6.929952 3
9.218525 5.468232 1
8.912887 4.440127 1
7.876116 6.314047 1
7.873680 6.415968 1
8.688021 5.006658 1
8.282659 4.921088 1
10.000000 4.444445 0
9.895347 4.543991 1
10.000000 5.694445 0
8.237376 6.574747 1
8.260412 6.466754 1
8.372476 6.533932 1
8.737043 5.234947 1
9.786703 5.994103 1
8.112045 6.987551 1
8.265223 6.914089 1
8.547714 5.569932 1
8.370759 6.427242 1
8.471024 6.393604 1
9.161214 5.261732 1
9.048803 5.312334 1
8.071892 6.321529 1
8.648626 6.277834 1
7.996258 6.763969 1
8.675888 5.541084 1
9.428583 6.433308 1
8.425138 7.016284 1
9.476728 6.925831 1
9.764725 6.604926 1
9.719796 6.723753 1
8.902892 4.323374 2
8.648938 4.663811 2
7.998260 6.668141 1
8.516747 6.686068 1
8.661390 6.660290 1
7.965806 5.893101 1
8.087477 5.855208 1
8.088157 5.952601 1
8.012184 6.007595 1
9.289888 4.673587 1
9.775592 6.264836 1
9.515800 4.473945 1
10.000000 4.861111 0
10.000000 5.000000 0
9.878259 4.909756 1
10.000000 4.583333 0
10.000000 4.722222 0
9.880175 4.672441 1
8.391885 5.929610 1
7.826413 6.922435 1
7.895785 7.002352 2
9.121345 6.754663 1
9.114153 4.730761 1
8.581032 6.579071 1
7.901898 6.730320 1
9.139549 6.204449 1
9.797285 6.954320 1
9.755142 6.843324 1
7.609828 6.534926 1
9.918821 4.368527 1
9.861631 5.285372 1
10.000000 5.138889 0
9.914859 5.194705 1
9.885636 6.303110 1
7.759062 6.161599 1
8.936102 6.409224 1
9.854586 6.498920 1
10.000000 6.527778 0
9.898450 6.405153 1
8.469175 4.823543 2
8.508940 4.682758 2
8.601311 4.799692 1
8.068089 5.721681 1
8.781055 6.104211 1
9.544719 5.824807 1
9.655012 5.846220 1
8.230309 4.827884 2
10.000000 6.388889 0
9.334420 4.761513 1
8.482416 6.500474 1
7.666794 6.311472 1
9.789057 6.096117 1
9.058955 6.276330 1
8.933039 7.088361 1
9.734552 4.243294 2
9.444994 4.357610 1
10.000000 5.277778 0
8.668210 6.148387 1
7.769765 6.274017 1
9.531137 4.677654 1
9.915918 6.578643 1
8.589025 4.907459 1
10.000000 5.833333 0
9.217078 4.741789 1
9.261843 4.849654 1
8.388100 4.946356 1
8.339474 5.584421 1
8.255172 5.537175 1
9.602942 4.783470 1
9.717548 4.796529 1
9.763075 4.695080 1
8.651186 4.533991 2
8.350130 4.829906 2
7.176009 6.071414 2
9.524220 7.030573 1
10.000000 4.305555 0
8.052216 5.626583 1
7.937647 5.676692 2
9.383889 4.243562 2
10.000000 6.944445 0
7.987830 5.785263 1
8.151960 5.664776 1
9.816274 4.791667 1
9.921261 4.791667 1
9.906357 6.987324 1
9.132717 5.389285 1
9.577426 6.911754 1
8.121071 6.622148 1
9.924757 5.763889 1
7.958073 7.099554 2
9.310996 4.960452 1
9.367978 5.986574 1
9.763405 4.883244 1
9.758597 5.873807 1
8.438113 5.630522 1
8.845331 5.824608 1
9.495859 6.116432 1
9.674578 5.954826 1
9.565812 5.926412 1
8.450120 6.602623 1
9.458397 5.899045 1
9.592882 6.025506 1
9.483365 6.009024 1
9.685886 6.927042 1
9.694324 6.063309 1
8.323970 7.012460 1
7.793717 7.009913 2
 0 1 2
 1 3 2
 4 5 6
 6 5 7
 8 9 10
 11 12 13
 14 15 16
 17 18 19
 20 21 22
 23 8 10
 24 4 25
 26 15 14
 27 28 29
 30 31 32
 33 34 35
 16 27 29
 36 37 38
 39 40 41
 42 43 44
 45 44 43
 46 38 37
 47 48 49
 50 51 52
 53 19 18
 54 55 56
 57 58 59
 60 61 62
 63 64 65
 66 67 68
 69 68 67
 70 71 72
 73 72 71
 74 56 55
 75 76 77
 78 22 21
 60 79 80
 81 82 83
 50 84 51
 85 86 87
 88 89 90
 91 23 10
 92 93 63
 94 95 56
 95 96 56
 97 77 76
 47 98 48
 99 100 101
 102 103 104
 4 6 25
 92 63 65
 105 106 107
 78 108 67
 47 49 109
 110 107 111
 105 112 113
 113 112 114
 115 116 21
 109 117 118
 62 61 119
 120 39 41
 80 79 121
 102 122 103
 123 124 125
 126 125 124
 127 128 129
 116 130 21
 97 76 131
 53 132 19
 133 65 64
 134 135 136
 127 137 128
 138 139 140
 141 142 71
 73 71 142
 53 29 28
 143 32 31
 69 67 108
 36 38 83
 144 145 40
 146 40 145
 147 148 59
 149 150 2
 75 151 76
 152 25 6
 17 153 18
 154 155 156
 157 158 159
 160 52 161
 154 162 155
 87 86 163
 164 163 86
 165 35 34
 110 166 107
 167 168 169
 107 106 111
 24 15 4
 57 170 58
 75 171 172
 173 166 51
 138 98 174
 175 174 98
 176 88 90
 177 178 179
 180 181 182
 157 183 158
 168 184 169
 166 110 51
 20 22 185
 186 181 180
 45 187 188
 189 190 172
 149 2 191
 91 192 193
 194 193 192
 136 135 195
 196 197 198
 33 25 34
 81 83 199
 200 201 202
 75 172 203
 81 204 82
 60 80 61
 205 61 80
 102 206 207
 110 161 52
 36 83 82
 120 119 208
 209 210 211
 120 208 12
 58 212 59
 213 214 215
 216 215 214
 175 98 217
 85 87 218
 57 148 184
 219 184 148
 167 193 220
 97 131 7
 91 221 23
 126 23 221
 66 68 222
 13 223 11
 160 224 52
 134 136 222
 66 222 136
 225 19 132
 226 197 196
 123 94 227
 147 228 229
 78 67 22
 230 125 231
 232 233 234
 24 235 236
 237 71 238
 230 239 125
 36 240 37
 147 229 231
 186 202 201
 45 188 214
 216 214 188
 241 82 204
 138 48 98
 120 242 62
 69 243 68
 53 28 132
 244 182 181
 102 245 206
 246 29 247
 246 26 14
 105 107 248
 237 249 245
 250 251 252
 120 41 242
 253 59 212
 92 180 93
 102 207 254
 209 211 185
 167 220 255
 50 52 224
 237 256 71
 123 239 94
 154 257 258
 73 136 195
 259 199 260
 261 201 200
 172 190 203
 24 236 262
 88 263 89
 141 264 104
 260 199 265
 126 124 23
 85 137 266
 194 192 267
 268 267 192
 269 38 270
 237 271 249
 272 273 274
 275 276 277
 278 279 1
 246 280 26
 75 77 171
 275 281 276
 194 220 193
 73 282 136
 246 247 101
 283 122 284
 102 104 264
 164 166 173
 147 59 228
 268 285 267
 229 249 271
 57 59 148
 232 234 286
 233 183 234
 261 284 122
 287 211 210
 53 247 29
 267 285 288
 157 72 195
 289 290 291
 292 291 290
 66 136 293
 175 162 32
 30 32 162
 63 294 64
 295 296 223
 97 7 297
 298 27 299
 92 202 180
 300 301 302
 17 302 301
 46 270 38
 157 303 72
 245 249 206
 253 206 249
 70 238 71
 304 79 305
 60 305 79
 152 131 306
 0 2 150
 186 180 202
 307 223 296
 5 308 7
 309 161 111
 246 14 29
 146 41 40
 209 22 293
 66 293 22
 47 310 98
 237 245 256
 102 264 245
 129 311 312
 298 28 27
 141 104 313
 314 198 197
 315 248 86
 85 316 86
 5 4 317
 175 217 155
 292 290 203
 66 22 67
 318 101 100
 141 71 256
 33 35 211
 20 211 35
 319 320 188
 233 321 183
 322 323 324
 7 131 6
 24 325 15
 283 299 262
 75 290 151
 152 6 131
 309 111 106
 23 124 8
 304 8 124
 326 274 273
 60 62 305
 9 305 62
 177 179 327
 73 142 282
 85 128 137
 177 1 328
 92 329 200
 173 51 330
 331 330 51
 157 159 303
 33 332 235
 333 235 332
 45 214 44
 164 334 166
 164 173 323
 167 255 335
 97 198 77
 3 1 336
 9 62 242
 200 329 337
 337 329 298
 26 317 15
 74 338 227
 283 284 299
 74 79 338
 241 339 82
 110 52 51
 340 119 61
 53 18 247
 94 56 227
 341 90 342
 89 342 90
 314 343 171
 92 200 202
 298 299 284
 344 196 297
 97 297 196
 147 231 125
 87 345 218
 0 328 1
 20 185 211
 46 346 347
 348 349 350
 348 350 351
 289 352 290
 167 169 193
 16 29 14
 54 56 353
 33 211 332
 287 332 211
 44 214 354
 105 113 351
 348 351 113
 47 109 118
 141 313 142
 287 142 313
 47 118 113
 154 258 162
 120 62 119
 268 41 285
 355 356 357
 358 359 360
 74 121 79
 160 161 361
 362 279 363
 216 188 320
 105 351 106
 341 80 121
 364 41 268
 1 279 336
 75 203 290
 167 335 168
 131 365 306
 123 125 239
 366 255 220
 78 21 130
 96 353 56
 24 25 235
 33 235 25
 24 262 325
 348 113 118
 129 128 311
 367 311 128
 362 312 311
 99 101 247
 278 363 279
 177 327 1
 83 38 265
 147 125 368
 126 368 125
 369 370 263
 127 371 137
 319 188 372
 68 373 222
 209 185 22
 261 200 337
 371 154 156
 146 285 41
 292 203 190
 341 342 80
 205 80 342
 137 371 156
 287 210 142
 298 132 28
 374 375 243
 309 294 161
 251 376 252
 377 114 112
 110 111 161
 91 193 378
 341 55 379
 54 379 55
 380 379 381
 382 383 384
 344 384 383
 149 346 37
 46 37 346
 269 288 260
 385 64 349
 269 270 267
 331 51 84
 36 339 240
 268 192 10
 57 184 386
 168 386 184
 213 354 214
 322 324 191
 4 15 317
 144 39 12
 309 64 294
 83 265 199
 70 303 387
 388 387 303
 318 100 389
 269 267 288
 307 277 276
 123 338 124
 304 124 338
 91 10 192
 309 349 64
 390 380 381
 74 227 56
 89 263 370
 289 116 391
 115 391 116
 366 392 255
 331 255 392
 250 252 273
 86 248 334
 356 374 243
 96 252 353
 393 156 155
 96 394 252
 194 347 220
 147 368 148
 146 260 288
 219 148 395
 259 396 145
 319 358 320
 255 84 335
 366 347 346
 45 397 187
 157 234 183
 354 292 398
 99 247 18
 137 156 266
 107 166 334
 146 145 396
 399 232 286
 399 286 373
 50 400 335
 362 311 279
 393 401 266
 315 266 401
 278 1 327
 44 354 398
 213 402 291
 69 357 243
 331 84 255
 341 379 403
 229 228 249
 251 390 376
 168 335 400
 26 404 317
 68 243 375
 309 106 350
 194 267 270
 120 12 39
 367 279 311
 405 272 274
 406 407 306
 165 306 407
 272 250 273
 240 328 150
 47 113 114
 324 323 330
 253 228 59
 314 171 77
 356 243 357
 340 208 119
 30 162 258
 382 280 408
 225 409 19
 19 409 410
 152 34 25
 42 44 398
 13 12 208
 411 215 412
 240 150 37
 143 139 174
 215 413 412
 16 15 325
 160 93 182
 289 291 402
 76 365 131
 344 414 196
 382 408 415
 143 416 139
 269 265 38
 358 360 320
 180 182 93
 46 347 270
 226 196 414
 295 223 417
 0 150 328
 344 308 384
 382 384 404
 142 210 282
 188 187 372
 418 372 187
 36 82 339
 300 419 420
 385 420 419
 216 320 360
 341 403 90
 341 121 55
 292 190 398
 209 293 282
 136 282 293
 269 260 265
 366 220 347
 134 286 234
 189 421 190
 164 86 334
 88 422 263
 45 43 397
 385 423 420
 382 404 280
 97 196 198
 209 282 210
 133 64 424
 385 424 64
 146 396 260
 85 218 128
 425 426 357
 355 357 426
 193 169 378
 5 317 404
 165 34 306
 152 306 34
 307 296 277
 369 277 296
 333 236 235
 324 330 392
 331 392 330
 359 426 360
 425 360 426
 275 277 427
 299 27 325
 259 260 396
 344 297 308
 85 266 316
 315 316 266
 333 428 103
 104 103 428
 367 336 279
 315 86 316
 393 266 156
 377 401 217
 393 217 401
 340 429 417
 9 364 10
 422 275 427
 283 103 122
 205 429 61
 340 61 429
 26 280 404
 13 417 223
 16 325 27
 3 345 430
 87 430 345
 144 40 39
 298 329 132
 138 174 139
 175 155 162
 41 364 242
 158 431 274
 405 274 431
 393 155 217
 102 254 122
 54 381 379
 278 179 432
 213 215 402
 149 37 150
 385 349 423
 380 403 379
 314 77 198
 348 118 117
 289 391 352
 73 195 72
 425 413 360
 216 360 413
 299 325 262
 314 197 343
 165 433 35
 20 35 433
 133 302 410
 17 410 302
 9 242 364
 230 231 434
 295 417 429
 348 423 349
 377 112 401
 315 401 112
 425 357 435
 69 435 357
 91 378 221
 157 135 234
 278 327 179
 7 308 297
 143 31 416
 134 234 135
 70 72 303
 326 436 274
 158 274 436
 322 191 2
 253 249 228
 411 116 402
 369 427 277
 92 437 329
 390 381 376
 244 400 224
 229 434 231
 105 248 112
 315 112 248
 57 386 170
 268 10 364
 134 222 373
 146 288 285
 380 176 403
 289 402 116
 418 319 372
 219 221 378
 374 399 375
 207 438 201
 76 151 365
 406 365 151
 399 373 375
 134 373 286
 194 270 347
 17 301 153
 261 122 254
 411 402 215
 304 338 79
 359 355 426
 157 195 135
 123 227 338
 252 376 353
 54 353 376
 143 174 32
 225 132 329
 321 405 431
 219 395 221
 126 221 395
 68 375 373
 106 351 350
 406 391 407
 115 407 391
 94 239 439
 230 439 239
 406 306 365
 50 224 400
 283 262 236
 5 384 308
 160 182 224
 388 440 441
 366 346 442
 5 404 384
 70 387 238
 443 238 387
 50 335 84
 444 439 445
 388 303 159
 300 302 419
 133 424 302
 411 412 108
 149 191 442
 216 413 215
 244 386 400
 246 408 280
 115 433 407
 165 407 433
 244 224 182
 295 446 296
 369 296 446
 225 329 437
 444 95 439
 411 130 116
 318 408 101
 246 101 408
 158 183 431
 321 431 183
 74 55 121
 333 103 236
 283 236 103
 324 442 191
 207 201 254
 54 376 381
 369 446 370
 219 169 184
 115 21 433
 20 433 21
 444 447 95
 96 95 447
 309 350 349
 92 65 437
 133 409 65
 340 417 208
 3 430 2
 322 2 430
 69 108 435
 186 201 438
 366 442 392
 420 423 117
 173 330 323
 326 440 436
 107 334 248
 411 108 130
 104 428 313
 287 313 428
 176 90 403
 9 8 305
 304 305 8
 78 130 108
 326 447 440
 177 328 448
 148 368 395
 126 395 368
 367 128 218
 261 337 284
 406 151 352
 290 352 151
 298 284 337
 49 48 140
 138 140 48
 369 263 427
 318 415 408
 164 323 163
 322 163 323
 96 447 394
 149 442 346
 318 389 415
 444 441 440
 377 217 310
 98 310 217
 333 332 428
 287 428 332
 278 432 363
 141 256 264
 245 264 256
 367 345 336
 160 361 93
 63 93 361
 388 436 440
 388 441 387
 240 448 328
 17 19 410
 237 238 271
 295 429 446
 422 427 263
 443 271 238
 175 32 174
 108 412 435
 205 342 370
 89 370 342
 205 446 429
 186 438 181
 58 181 438
 190 421 398
 444 440 447
 161 294 361
 348 117 423
 230 434 445
 177 448 178
 362 363 449
 253 212 206
 207 206 212
 443 441 445
 444 445 441
 362 449 312
 87 163 430
 367 218 345
 3 336 345
 388 159 436
 158 436 159
 443 445 434
 219 378 169
 261 254 201
 406 352 391
 326 273 394
 322 430 163
 154 371 257
 425 412 413
 13 208 417
 42 398 421
 252 394 273
 127 257 371
 324 392 442
 443 434 271
 168 400 386
 326 394 447
 230 445 439
 292 354 291
 213 291 354
 241 178 448
 229 271 434
 133 410 409
 244 170 386
 207 212 438
 58 438 212
 443 387 441
 47 114 310
 244 181 170
 58 170 181
 94 439 95
 205 370 446
 302 424 419
 385 419 424
 425 435 412
 63 361 294
 377 310 114
 241 448 339
 240 339 448
 65 409 437
 225 437 409
 0
 0
 0
 0
 18
 226 189 382 344 42 172 187 43 171 100 383 197 343 415 421 397 389 414
 0
 0
 0
 0
 18
 81 307 144 259 241 145 204 12 223 179 276 199 178 432 363 312 11 449
 20
 127 30 300 99 49 129 109 18 420 100 301 416 139 117 31 257 140 312 258 153
 0
 0
 0
 0
 0
 0
