444 805
5.257092 4.951127 1
5.213462 4.793371 1
5.330429 4.858052 1
5.151765 4.907310 1
4.623034 6.302894 1
4.483908 6.449684 1
4.452465 6.301439 1
4.723909 5.068506 1
4.847394 4.979242 1
4.890870 5.132880 1
5.017903 4.996035 1
4.410115 6.599568 1
4.332772 6.515707 1
4.330570 6.401648 1
3.828752 6.011590 1
3.775733 5.907977 1
3.940711 5.922763 1
4.970822 4.493345 2
5.151458 4.531467 1
5.054547 4.627533 1
3.720820 6.912322 1
3.724187 6.781441 1
3.827966 6.839842 1
3.906242 5.805687 1
4.596781 5.505511 1
4.767055 5.487215 1
4.696230 5.614021 1
4.550435 6.184982 1
5.782885 4.915845 1
5.654538 5.009116 1
5.613523 4.876764 1
5.510816 4.964171 1
5.056756 4.851300 1
5.088861 4.732314 1
5.222429 5.423650 1
5.284202 5.287165 1
5.358247 5.399813 1
4.243496 4.933706 1
4.234445 4.810615 2
4.356071 4.907642 1
4.682370 6.145089 1
4.738197 6.044947 1
4.770121 6.206210 1
3.989424 5.286408 1
4.150170 5.339636 1
4.049580 5.430021 1
4.102524 5.218718 1
3.623137 6.846333 1
4.390341 4.809024 2
4.844717 6.127686 1
5.103247 4.421588 1
5.087639 5.919766 1
5.172787 6.042550 1
5.027209 6.035408 1
3.481136 6.425205 2
3.351527 6.339208 2
3.475854 6.270106 1
3.313665 6.154677 2
5.219138 6.610251 1
5.205322 6.783471 2
5.094726 6.711517 1
4.741090 4.800401 2
4.777213 4.665328 2
4.865252 4.762175 1
3.406950 5.209372 1
3.306184 5.104462 1
3.421729 5.051481 2
4.634031 5.393753 1
4.209164 6.676344 1
4.083702 6.608777 1
4.210244 6.520789 1
4.047033 6.461767 1
3.213394 5.191581 1
3.298322 5.287309 1
5.146527 5.660914 1
5.281844 5.563485 1
5.260324 5.714407 1
3.965637 4.859202 2
4.098414 4.774844 2
4.116724 4.919291 1
3.598216 6.522669 1
3.456605 6.579809 2
3.615132 6.728545 1
3.629506 5.674319 1
3.675593 5.526574 1
3.741936 5.683527 1
3.789196 5.580353 1
5.458508 4.842330 1
5.128078 5.529068 1
3.589037 5.975732 1
3.508303 6.124942 1
3.423122 6.009644 1
3.945071 5.537083 1
3.889776 5.689489 1
3.447616 5.752425 1
3.519192 5.612889 1
3.560547 5.764571 1
5.427352 5.250156 1
5.711236 4.758887 1
4.403582 5.393932 1
4.367148 5.274304 1
4.506149 5.309174 1
4.519849 5.664965 1
4.478020 5.792209 1
4.405655 5.647001 1
3.621964 6.380307 1
3.617217 6.218404 1
4.358768 5.740221 1
3.036210 5.285058 3
3.164217 5.324009 1
3.073294 5.462520 2
5.330009 6.659079 3
4.374683 7.131568 2
4.237511 7.038578 1
4.349758 7.017886 1
3.285072 4.974949 2
4.218152 7.147321 2
4.725826 4.925068 1
3.777973 6.416477 1
3.922608 6.355734 1
3.912579 6.474751 1
4.566793 6.573065 1
4.145229 7.234875 2
4.059261 7.122772 1
3.510746 5.861794 1
3.652773 5.830866 1
4.059628 6.004992 1
3.938392 6.086611 1
3.309231 5.982487 2
3.927176 6.221677 1
3.770183 6.156655 1
5.057843 6.603064 1
3.522639 5.143044 2
5.944004 4.749156 3
5.838029 4.800569 1
5.821872 4.670084 1
5.155808 4.309731 1
5.021509 4.346021 2
5.072066 4.195681 2
3.803937 5.090874 1
3.644509 5.074558 2
3.738236 4.948034 2
3.559541 7.424548 1
3.627092 7.551364 3
3.447775 7.505364 2
5.915690 4.628152 2
5.452739 5.522282 1
5.566566 4.755843 1
3.754881 5.387010 1
3.830001 5.262227 1
3.897923 5.397285 1
4.633508 5.739126 1
4.783075 5.736701 1
5.307677 5.989727 1
5.244080 6.136095 1
4.800302 5.598439 1
3.714106 6.028776 1
3.818583 5.480961 1
4.974689 6.722596 2
4.848577 6.738701 1
4.914988 6.591507 1
4.793907 6.642322 1
4.559124 5.076210 1
4.616161 4.974397 1
4.121198 7.040025 1
4.886099 5.298410 1
4.771914 5.224289 1
4.928779 4.868985 1
5.479351 5.804839 1
5.619124 5.899089 1
5.482297 5.971089 1
5.635381 6.053502 2
3.416707 5.654121 1
3.519774 5.432137 1
3.819483 6.289340 1
3.572550 6.630432 1
3.721129 6.618779 1
4.613519 6.446199 1
4.440813 5.201459 1
4.168963 6.230496 1
4.053305 6.149411 1
4.156271 6.085233 1
4.882155 5.653976 1
5.004355 5.621849 1
4.936058 5.781611 1
5.055205 5.730065 1
4.261810 6.154975 1
3.720242 7.024384 1
3.818640 6.978978 1
3.808242 7.139900 1
4.050350 6.303873 1
5.162831 5.003466 1
4.650256 5.168060 1
5.338184 6.231318 1
5.399867 6.102345 1
5.459824 6.216411 1
5.223313 4.165204 3
3.710642 6.294157 1
5.580335 6.184878 2
5.550116 6.335684 2
5.135509 6.219526 1
5.055723 6.299394 1
4.986338 6.169107 1
4.955557 6.285827 1
5.740473 5.837762 1
5.763447 5.978761 2
5.396432 5.675292 1
3.387095 5.854040 2
5.523358 5.669412 1
5.322007 5.177429 1
3.635663 6.101223 1
4.774349 6.316844 1
5.106018 6.117599 1
5.280290 6.342507 1
5.411267 6.342228 1
5.295508 6.477823 1
5.448219 6.482357 2
5.589419 4.442449 2
5.489552 4.544328 1
5.448073 4.418504 1
5.156132 5.318573 1
3.481774 7.339940 1
3.377903 7.389180 1
5.669859 5.435611 1
5.576156 5.295096 1
5.721006 5.298769 1
4.417337 6.191537 1
4.965833 5.912179 1
4.420889 5.943147 1
4.356926 6.065837 1
4.294610 5.933435 1
4.228453 5.249140 1
4.223283 5.113678 1
4.090350 5.075854 1
4.772575 5.352796 1
4.897430 5.420352 1
4.607901 5.981206 1
4.605456 6.088699 1
5.577623 5.550125 1
3.189896 5.445690 1
4.009738 4.968693 1
5.804010 5.401198 1
4.932013 4.647442 1
3.919438 7.045442 1
3.616906 5.228161 1
3.632662 5.360464 1
3.724198 5.187801 1
4.045402 7.234003 1
5.004020 5.485520 1
5.105770 5.420438 1
3.798507 5.780425 1
5.020781 5.135246 1
5.666567 5.153465 1
5.531351 5.169324 1
5.788845 5.072317 1
4.979389 5.225710 1
5.810320 5.634842 1
5.925596 5.599349 2
5.888014 5.768173 2
4.303561 6.275100 1
5.733994 5.716205 1
5.693315 5.570797 1
3.838081 6.567790 1
4.349597 5.130523 1
5.149235 6.503205 1
5.611839 4.572730 1
5.608884 5.769507 1
5.930738 4.904496 2
5.911179 5.023998 2
3.102245 5.190632 2
3.193439 5.063548 2
4.836123 5.901148 1
3.538919 6.806466 1
3.826000 6.707777 1
4.771996 6.822196 2
4.921848 6.875056 2
5.126162 5.097726 1
5.054564 6.800837 2
4.504116 4.885536 2
5.353764 4.366374 1
5.331782 4.453492 1
5.237947 4.414595 1
4.186042 5.012258 1
5.261233 5.065129 1
5.372214 4.965160 1
5.429159 5.090853 1
4.701678 5.877624 1
3.969505 6.572711 1
4.187191 6.370886 1
5.292158 4.288077 1
5.233618 6.250854 1
4.888825 6.027974 1
5.545734 5.434110 1
5.721786 4.621486 1
5.838165 4.542286 2
4.593714 5.602470 1
4.246490 6.045128 1
3.947360 5.059838 1
3.918432 5.171042 1
5.375283 5.875870 1
5.038819 5.830047 1
5.711939 4.496269 2
4.982566 4.748600 1
3.755050 7.484173 2
3.678781 7.358489 1
3.839210 7.390600 1
3.572624 7.136677 1
3.620426 6.995499 1
3.674249 7.116525 1
3.512885 7.022688 1
4.449084 4.999966 1
3.924407 6.778689 1
3.918741 6.904608 1
3.706648 6.508783 1
5.466787 5.362625 1
4.498084 6.058089 1
4.380692 6.783002 1
4.327588 6.682076 1
4.485376 6.682701 1
5.622384 5.656478 1
4.282556 6.957081 1
4.143545 6.940578 1
4.203537 6.832942 1
5.267864 5.847190 1
5.149359 5.806612 1
4.701714 6.395284 1
3.251264 5.385256 1
3.381427 5.371530 1
3.278691 5.499142 1
3.409681 5.515831 1
5.351101 5.778658 1
4.102388 6.731255 1
4.042965 6.835967 1
5.193571 5.926731 1
5.461146 4.733736 1
3.914390 6.657681 1
5.557873 5.064461 1
4.350440 5.843766 1
3.578867 7.278636 1
4.291726 6.598414 1
4.274296 5.361598 1
4.867213 4.558381 2
4.543251 6.941085 2
4.476462 7.048297 2
4.404589 6.915154 1
4.689008 6.623161 1
4.802021 6.536401 1
3.875270 4.965647 1
4.314944 5.007007 1
4.692145 6.510069 1
3.770442 7.300319 1
5.373848 4.542871 1
5.515975 6.101072 1
4.818504 4.870011 1
4.203794 5.453638 1
4.104136 5.545857 1
3.704860 7.213806 1
3.874635 7.269837 1
5.791789 5.519647 1
4.107207 7.367772 2
3.971478 7.312364 1
3.968200 7.421478 2
5.911627 5.479372 2
3.510435 5.292639 1
4.650166 5.279795 1
4.212558 5.854231 1
4.248597 5.748077 1
4.038553 5.658641 1
3.338020 5.587583 1
4.464545 5.116072 1
3.440204 7.103339 2
3.397062 6.972573 2
5.089581 5.223879 1
5.208089 5.193843 1
4.517680 5.427602 1
5.923215 5.140003 2
5.802876 5.196856 1
4.504460 6.802976 1
3.943378 7.179153 1
4.598559 5.847157 1
4.526024 5.917530 1
4.460289 5.534797 1
4.314150 5.465457 1
4.337113 5.571017 1
4.021440 5.155866 1
5.175752 4.646007 1
4.309435 6.850822 1
5.430542 4.274333 2
5.560513 4.315344 2
3.713630 5.288313 1
4.008707 5.781964 1
3.305654 7.465668 2
5.018191 5.345380 1
4.001836 6.698579 1
5.627614 4.668246 1
4.286083 6.765038 1
4.595124 6.705735 1
4.651010 6.849020 2
5.821927 5.301469 1
4.712487 6.733693 1
5.209268 6.416811 1
4.546166 5.191502 1
4.022027 6.978586 1
5.102062 6.414493 1
5.008130 6.495294 1
5.298054 4.647369 1
3.182012 5.557523 2
4.169448 5.653909 1
5.359335 4.752727 1
3.243331 5.637528 2
3.467101 7.227109 1
5.829604 5.902960 2
3.481405 6.723879 1
3.350997 6.695115 2
3.414002 6.824035 2
4.894711 5.543684 1
4.085330 5.881739 1
4.123805 5.761951 1
5.263251 4.540002 1
5.345887 6.568316 2
5.353297 4.189147 2
5.907853 5.249306 2
3.315720 5.737246 2
3.652785 7.454267 1
5.906826 5.361221 2
3.245531 7.230278 3
3.366880 7.285813 1
3.278885 7.344421 2
4.901669 6.452595 1
3.350084 7.183947 2
4.228028 5.563161 1
4.799413 6.423173 1
4.168519 5.965186 1
3.519023 6.909560 1
4.984843 6.382586 1
3.834062 4.861106 2
4.284595 5.652598 1
5.170027 6.324827 1
3.892871 7.484823 2
4.620383 4.846562 2
4.880465 6.349662 1
5.413896 4.651574 1
5.527368 4.655096 1
4.866957 6.236947 1
 0 1 2
 3 1 0
 4 5 6
 7 8 9
 10 9 8
 11 12 5
 13 5 12
 14 15 16
 17 18 19
 20 21 22
 16 15 23
 24 25 26
 4 6 27
 28 29 30
 31 30 29
 1 32 33
 34 35 36
 37 38 39
 40 41 42
 43 44 45
 46 44 43
 47 21 20
 39 38 48
 42 41 49
 17 50 18
 3 32 1
 51 52 53
 54 55 56
 57 56 55
 58 59 60
 61 62 63
 64 65 66
 24 67 25
 68 69 70
 71 70 69
 72 65 73
 74 75 76
 77 78 79
 54 80 81
 82 21 47
 73 65 64
 34 36 75
 83 84 85
 86 85 84
 31 87 30
 88 75 74
 89 90 91
 92 93 86
 94 95 96
 97 36 35
 28 30 98
 99 100 101
 57 91 90
 102 103 104
 54 56 105
 106 105 56
 103 107 104
 108 109 110
 58 111 59
 112 113 114
 115 66 65
 112 116 113
 7 117 8
 118 119 120
 11 5 121
 116 122 123
 89 124 125
 126 127 16
 57 128 91
 129 130 127
 14 127 130
 58 60 131
 64 66 132
 83 96 95
 133 134 135
 89 125 15
 136 137 138
 139 140 141
 142 143 144
 133 135 145
 146 75 36
 30 87 147
 148 149 150
 43 150 149
 151 26 152
 71 120 119
 14 16 127
 153 154 52
 26 155 152
 89 15 156
 92 86 157
 158 159 160
 161 160 159
 7 162 163
 151 103 102
 164 116 123
 165 166 9
 7 9 166
 10 8 167
 168 169 170
 171 170 169
 94 172 95
 83 95 84
 173 84 95
 118 174 119
 82 175 176
 4 177 5
 129 174 130
 178 101 100
 57 90 56
 179 180 181
 182 183 184
 185 184 183
 179 181 186
 13 6 5
 187 188 189
 129 180 190
 179 190 180
 10 3 191
 7 192 162
 193 194 195
 136 138 196
 7 163 117
 106 130 197
 195 198 199
 28 98 134
 200 201 202
 203 202 201
 125 124 96
 204 205 169
 171 169 205
 146 206 75
 76 75 206
 91 128 207
 146 208 206
 158 160 131
 97 35 209
 154 194 193
 106 210 130
 4 42 211
 4 40 42
 200 212 154
 213 214 215
 216 215 214
 217 218 219
 34 220 35
 221 142 144
 222 221 144
 223 224 225
 226 27 6
 51 53 227
 228 229 230
 231 46 232
 233 232 46
 25 234 235
 236 41 237
 40 237 41
 148 157 84
 91 207 124
 146 238 208
 110 109 239
 14 130 156
 10 32 3
 77 79 240
 71 119 190
 223 225 241
 17 19 242
 89 91 124
 243 189 188
 244 132 140
 154 212 52
 148 84 245
 139 246 140
 244 140 246
 54 105 80
 153 194 154
 247 123 122
 248 249 88
 250 23 15
 86 84 157
 82 176 21
 10 251 9
 92 150 45
 43 45 150
 176 175 80
 252 224 253
 97 253 224
 252 29 254
 28 254 29
 165 9 255
 256 257 258
 74 185 183
 34 75 88
 83 85 125
 250 125 85
 226 186 229
 226 259 186
 256 260 261
 118 120 262
 231 232 263
 165 235 234
 231 263 100
 58 131 264
 248 88 183
 217 265 218
 204 169 266
 28 267 268
 72 269 270
 173 245 84
 271 184 227
 82 47 272
 176 262 273
 88 74 183
 274 159 275
 10 191 276
 59 277 60
 278 39 48
 158 131 60
 233 240 79
 106 56 90
 279 280 281
 200 202 212
 126 180 127
 233 79 282
 133 267 134
 283 284 285
 89 210 90
 28 268 254
 271 286 152
 4 27 40
 71 287 120
 13 288 259
 130 174 197
 34 88 249
 250 85 93
 289 279 281
 200 154 290
 97 209 285
 38 79 78
 38 37 79
 53 202 291
 223 292 224
 135 293 294
 151 102 295
 296 230 229
 182 152 155
 139 297 298
 139 298 149
 168 170 299
 153 299 170
 184 300 227
 301 294 293
 63 242 302
 271 41 286
 303 304 305
 306 307 308
 309 307 306
 278 163 310
 162 310 163
 97 285 253
 179 259 288
 86 93 85
 22 311 312
 80 105 313
 204 266 260
 71 190 288
 179 288 190
 146 36 314
 151 152 286
 228 315 229
 63 302 167
 118 262 313
 316 317 318
 319 261 260
 320 321 322
 13 70 288
 236 286 41
 76 323 324
 28 134 267
 4 211 325
 118 313 105
 71 69 287
 216 214 199
 326 327 328
 10 167 32
 223 238 292
 327 329 328
 168 330 206
 68 322 331
 332 331 322
 51 333 52
 334 147 87
 17 137 50
 71 288 70
 335 273 262
 195 199 214
 153 170 194
 49 291 202
 217 301 265
 320 114 113
 31 285 284
 187 189 308
 63 62 242
 153 323 299
 252 336 29
 271 152 184
 182 184 152
 97 224 314
 129 127 180
 107 103 337
 142 338 304
 256 258 260
 68 70 339
 146 314 292
 22 273 311
 130 210 156
 176 80 313
 228 337 103
 204 260 258
 99 340 100
 17 242 341
 31 336 285
 233 297 240
 153 333 323
 342 343 344
 161 345 346
 136 196 289
 139 347 297
 348 310 263
 349 346 345
 304 350 305
 218 351 219
 176 273 21
 68 331 69
 195 352 198
 43 149 298
 278 310 39
 326 239 109
 167 8 353
 354 355 45
 11 121 318
 356 189 350
 357 350 189
 223 261 238
 256 261 358
 252 253 336
 226 315 27
 139 141 347
 247 122 359
 92 45 355
 247 359 360
 361 360 359
 362 257 358
 256 358 257
 64 363 327
 173 327 363
 364 67 101
 158 275 159
 283 285 209
 63 167 353
 252 225 224
 13 259 6
 226 6 259
 153 52 333
 365 366 337
 92 367 93
 329 172 368
 95 172 329
 81 80 175
 76 330 323
 171 352 170
 310 369 263
 136 289 281
 343 114 344
 92 157 150
 361 305 360
 357 360 305
 309 370 371
 173 95 329
 72 270 65
 356 304 338
 250 15 125
 372 373 220
 101 67 374
 53 52 212
 301 293 265
 375 376 254
 25 67 234
 316 377 344
 342 344 377
 58 264 215
 35 220 373
 151 295 26
 357 378 360
 236 379 286
 13 12 70
 168 299 330
 320 113 321
 236 315 380
 228 380 315
 99 381 382
 383 382 381
 233 384 297
 33 385 1
 195 194 352
 320 322 386
 135 294 145
 168 206 208
 247 360 378
 387 388 219
 77 240 347
 297 347 240
 148 389 149
 139 149 246
 316 318 377
 165 234 166
 364 166 234
 390 93 367
 129 119 174
 356 338 306
 222 144 391
 372 220 392
 332 311 393
 394 265 293
 83 125 96
 332 393 331
 280 219 351
 64 132 363
 244 363 132
 68 395 322
 396 397 377
 342 377 397
 53 291 227
 11 318 317
 217 219 388
 242 19 302
 33 302 19
 398 241 225
 161 159 399
 118 105 197
 332 322 321
 168 266 169
 215 264 400
 94 96 124
 250 93 23
 271 291 41
 151 379 103
 118 197 174
 164 113 116
 162 192 401
 49 41 291
 76 206 330
 92 355 367
 243 402 123
 97 314 36
 403 264 404
 236 380 379
 126 181 180
 224 292 314
 405 1 385
 228 103 380
 110 239 406
 102 381 295
 407 367 355
 129 190 119
 173 363 245
 244 245 363
 117 353 8
 53 212 202
 136 50 137
 390 23 93
 51 227 300
 24 295 381
 405 408 1
 2 1 408
 368 409 328
 406 328 409
 354 45 44
 365 337 230
 142 221 338
 356 308 189
 283 0 284
 410 306 338
 204 411 205
 375 254 268
 394 98 147
 332 321 402
 131 404 264
 332 312 311
 173 329 327
 30 147 98
 135 134 98
 33 19 385
 332 402 312
 14 156 15
 204 258 411
 43 384 46
 231 44 46
 76 324 74
 372 251 276
 410 370 306
 309 306 370
 274 399 159
 396 318 121
 372 276 373
 252 254 376
 178 401 101
 364 101 401
 176 313 262
 64 327 73
 326 73 327
 10 276 251
 285 336 253
 81 412 413
 414 413 412
 25 235 415
 392 220 249
 396 121 345
 349 345 121
 334 87 408
 2 408 87
 390 416 16
 126 16 416
 283 373 276
 407 417 367
 31 29 336
 165 255 392
 72 73 109
 326 109 73
 146 292 238
 106 90 210
 89 156 210
 226 229 315
 43 298 384
 405 385 418
 348 232 282
 51 324 333
 323 333 324
 106 197 105
 58 215 419
 243 123 378
 196 420 289
 24 26 295
 171 198 352
 362 358 241
 22 312 188
 364 192 166
 7 166 192
 357 189 378
 5 177 121
 349 121 177
 375 421 376
 315 237 27
 94 207 422
 356 350 304
 25 155 26
 142 304 423
 31 284 87
 2 87 284
 271 227 291
 248 235 392
 165 392 235
 396 399 397
 274 397 399
 390 367 417
 303 423 304
 161 346 160
 107 337 366
 362 241 424
 368 328 329
 243 188 312
 319 260 266
 372 392 255
 425 426 427
 428 160 346
 319 208 238
 323 330 299
 115 65 270
 425 429 426
 164 402 321
 231 340 44
 354 44 340
 243 378 189
 236 237 315
 348 263 232
 283 276 191
 354 430 355
 303 143 423
 248 183 415
 182 415 183
 243 312 402
 178 100 263
 348 37 39
 142 423 143
 179 186 259
 296 229 186
 407 355 430
 348 282 37
 242 62 341
 4 325 177
 151 286 379
 216 419 215
 161 399 345
 102 104 381
 18 418 385
 2 284 0
 296 186 181
 170 352 194
 185 300 184
 178 369 401
 162 401 369
 248 392 249
 297 384 298
 187 308 307
 349 431 346
 365 230 432
 296 432 230
 164 123 402
 349 325 431
 356 306 308
 168 208 266
 383 381 104
 365 417 366
 428 404 160
 81 175 412
 82 412 175
 148 150 157
 368 172 422
 94 422 172
 364 234 67
 131 160 404
 244 389 245
 24 374 67
 233 282 232
 309 433 307
 213 215 400
 58 419 111
 47 307 433
 94 124 207
 309 371 433
 164 321 113
 372 255 251
 22 21 273
 387 289 420
 18 385 19
 414 433 371
 403 404 434
 410 429 370
 414 412 272
 99 101 374
 33 32 302
 167 302 32
 141 435 347
 126 416 432
 365 432 416
 135 98 293
 107 436 104
 407 366 417
 11 317 339
 233 46 384
 72 109 269
 108 269 109
 162 369 310
 18 281 418
 319 238 261
 35 373 209
 283 209 373
 410 338 221
 11 339 12
 396 377 318
 158 60 277
 195 214 193
 213 193 214
 365 416 417
 368 422 409
 403 201 437
 148 245 389
 319 266 208
 403 434 201
 303 305 438
 79 37 282
 387 219 279
 280 279 219
 222 391 427
 69 393 287
 414 272 433
 99 374 381
 24 381 374
 364 401 192
 348 39 310
 354 382 430
 383 430 382
 394 293 98
 390 16 23
 126 432 181
 223 241 358
 223 358 261
 335 311 273
 18 50 281
 34 249 220
 112 114 343
 357 305 350
 398 421 424
 40 27 237
 335 287 393
 390 417 416
 403 400 264
 231 100 340
 320 344 114
 244 246 389
 387 279 289
 252 376 225
 398 225 376
 398 424 241
 99 382 340
 354 340 382
 280 418 281
 107 366 436
 361 438 305
 69 331 393
 117 163 439
 278 439 163
 9 251 255
 120 287 262
 335 262 287
 203 434 440
 428 440 434
 398 376 421
 22 188 20
 428 434 404
 383 104 436
 405 351 441
 77 347 435
 182 155 415
 25 415 155
 335 393 311
 248 415 235
 396 345 399
 185 74 324
 82 272 412
 200 290 437
 136 281 50
 203 201 434
 228 230 337
 211 431 325
 187 20 188
 394 442 265
 218 265 442
 247 378 123
 149 389 246
 410 221 426
 222 426 221
 405 418 351
 178 263 369
 218 441 351
 349 177 325
 203 443 202
 49 202 443
 320 386 344
 316 344 386
 211 440 431
 117 61 353
 63 353 61
 334 408 441
 405 441 408
 51 300 324
 185 324 300
 296 181 432
 213 400 437
 68 317 395
 428 346 431
 47 433 272
 213 437 290
 403 437 400
 200 437 201
 187 307 20
 47 20 307
 334 441 442
 218 442 441
 103 379 380
 222 427 426
 407 436 366
 283 191 0
 410 426 429
 68 339 317
 280 351 418
 428 431 440
 406 239 328
 326 328 239
 316 395 317
 394 147 442
 211 443 440
 334 442 147
 70 12 339
 407 430 436
 3 0 191
 211 42 443
 213 290 193
 383 436 430
 203 440 443
 117 439 61
 154 193 290
 49 443 42
 322 395 386
 316 386 395
 0
 22
 17 278 108 38 115 77 66 140 48 141 196 137 138 132 78 341 269 270 62 435 439 61
 0
 0
 0
 0
 0
 9
 133 387 217 301 196 388 294 420 145
 0
 0
 17
 133 375 171 216 362 199 267 205 198 258 268 257 111 424 421 419 411
 0
 17
 361 158 342 303 274 112 59 359 116 275 143 397 343 111 122 277 438
 0
 17
 54 108 425 57 414 110 81 55 406 413 422 371 370 429 128 207 409
 5
 425 143 144 427 391
 0
