416 755
8.339095 1.891838 1
8.250751 1.812134 1
8.411804 1.768777 1
8.284565 1.715435 1
7.959190 1.754323 1
7.802344 1.756332 1
7.856203 1.616465 1
9.678115 2.511569 1
9.574879 2.350617 1
9.721053 2.365102 1
9.342519 2.234407 1
9.423470 2.119010 1
9.476007 2.231205 1
7.552849 0.916855 1
7.494326 1.025363 2
7.374181 0.926226 2
8.273797 1.127248 1
8.220457 1.287513 1
8.120080 1.172185 1
9.198662 1.198950 1
9.071326 1.130480 1
9.183449 1.047596 1
7.438138 0.557798 1
7.316076 0.631051 1
7.295281 0.481153 2
7.731541 1.104297 2
7.749978 1.235802 1
7.601613 1.214993 2
8.478637 0.790780 1
8.313864 0.866223 1
8.331158 0.720848 1
8.474099 1.616217 1
8.340574 1.625544 1
7.486001 0.809553 1
7.691458 1.625557 1
9.444846 1.334896 1
9.589488 1.426591 1
9.434002 1.466554 1
8.917900 1.739587 1
8.872846 1.871586 1
8.745080 1.755492 1
8.729655 1.919936 1
9.789246 2.448795 1
10.000000 1.527778 0
10.000000 1.666667 0
9.835932 1.589848 1
8.333333 0.000000 0
8.472222 0.000000 0
8.423933 0.166367 1
9.421269 2.339659 1
7.986232 1.946766 1
8.040218 1.849507 1
8.114106 1.990244 1
9.610342 1.305229 1
8.175214 0.985853 1
8.030745 1.035779 1
9.788682 0.868734 1
9.713545 0.964521 1
9.630043 0.812346 1
9.362967 1.582600 1
9.205578 1.586031 1
9.297521 1.444892 1
9.132903 1.455321 1
8.578965 1.700395 1
8.587470 1.848912 1
10.000000 1.805556 0
9.864987 1.903467 1
9.873762 1.734081 1
8.194445 0.000000 0
8.260237 0.127251 1
8.090914 0.133506 1
8.801836 1.218172 1
8.738236 1.350614 1
8.659156 1.181875 1
9.331212 0.311474 1
9.391139 0.467381 1
9.270160 0.442229 1
8.457720 1.950579 1
8.611111 0.000000 0
8.713051 0.149972 1
8.541667 0.099357 1
10.000000 1.388889 0
9.897661 1.451688 1
9.849624 1.291612 1
7.753994 1.900319 1
7.777062 2.059184 2
7.613626 1.986608 3
9.668290 1.618358 1
9.513515 1.559231 1
9.691791 1.495906 1
7.471699 0.439762 2
8.980727 1.969311 1
9.107937 2.061746 1
8.974391 2.102736 1
8.387761 0.339635 1
8.240078 0.418746 1
8.276791 0.268489 1
10.000000 0.833333 0
9.878537 0.952749 1
9.881005 0.771428 1
9.166667 0.000000 0
9.228572 0.118995 1
9.047251 0.121463 1
8.461967 0.900401 1
9.482075 0.375573 1
7.660341 0.578731 1
7.567696 0.509109 1
7.710315 0.439928 1
8.669917 0.579927 1
8.757948 0.693155 1
8.605878 0.699880 1
8.874151 2.322065 2
8.764855 2.203482 2
8.916048 2.203379 1
9.703095 1.224287 1
9.545672 1.202538 1
9.670074 1.086883 1
8.419788 1.204282 1
8.332795 1.276246 1
8.841307 1.604082 1
8.569086 0.210360 1
8.508806 0.309166 1
9.446910 0.269519 1
9.595981 0.268505 1
8.146174 1.859522 1
8.761953 0.916679 1
8.900838 0.965835 1
8.822564 1.031494 1
7.639262 1.456599 1
7.763267 1.366998 1
7.753578 1.515011 1
7.949999 0.693922 1
8.057818 0.785259 1
7.934078 0.862031 1
7.588399 0.399238 1
8.101618 0.647294 1
9.438756 2.449300 1
8.432035 1.083317 1
9.510171 0.191461 1
9.188523 1.345006 1
8.024765 1.279948 1
7.894146 1.289960 1
7.976189 1.160414 1
9.172133 0.340190 1
8.902877 0.859163 1
8.103052 1.556893 1
8.175099 1.426256 1
8.266163 1.530432 1
7.809556 0.964260 1
7.810327 0.850372 1
8.014078 0.559529 1
9.587537 0.409535 1
8.750000 0.000000 0
10.000000 1.250000 0
9.655199 0.142591 1
9.735977 0.293416 1
8.865435 0.507339 1
9.008142 0.563142 1
8.853737 0.619008 1
9.803100 0.196901 1
8.838311 2.114829 1
9.788435 1.428417 1
7.660153 1.319150 1
8.018033 1.414853 1
9.089385 0.963276 1
7.638889 0.000000 0
7.777778 0.000000 0
7.724136 0.155138 2
7.670127 1.770020 1
7.205846 0.625018 2
9.805383 0.494141 1
9.708761 0.426389 1
9.861273 0.354120 1
9.587098 0.955972 1
8.469637 0.651486 1
8.516606 0.998214 1
8.661506 1.034647 1
8.562360 1.096392 1
8.581209 0.914497 1
7.949980 0.968231 1
9.697988 2.218618 1
9.586776 2.199703 1
8.693430 1.612268 1
8.933568 0.705132 1
10.000000 2.083333 0
10.000000 2.222222 0
9.869110 2.155257 1
9.700066 0.677595 1
9.550171 0.644156 1
9.701771 0.555341 1
9.589083 0.519273 1
9.538357 2.507281 1
8.584172 1.311510 1
8.248993 0.587877 1
8.138595 0.527782 1
9.843488 2.564197 2
9.691846 2.643283 2
9.298770 1.322060 1
8.168266 0.324664 1
8.117494 1.321646 1
8.206525 0.729662 1
8.809734 0.800232 1
8.646532 0.810924 1
7.846552 0.756488 1
7.850990 1.168013 1
8.994673 1.019990 1
8.215405 1.627476 1
7.457663 0.674062 1
9.128722 1.940146 1
9.290168 1.126688 1
9.905188 2.023133 1
9.662862 0.349809 1
9.755339 1.802902 1
8.182172 0.226299 1
9.002016 1.284990 1
8.919353 1.130524 1
7.856003 1.453294 1
9.518946 2.138441 1
9.135469 0.213983 1
7.897685 1.866148 1
8.990734 1.636586 1
9.061483 1.732573 1
8.124784 1.717798 1
10.000000 0.555556 0
10.000000 0.694444 0
9.846493 0.624231 1
9.305555 0.000000 0
9.444445 0.000000 0
9.376101 0.152226 1
8.071854 0.420917 1
8.515110 2.065522 1
8.402747 2.097991 2
7.994965 1.638687 1
9.451973 1.710454 1
8.167719 0.849068 1
7.965651 1.536039 1
8.375373 0.580966 1
8.335576 1.998213 1
9.770711 0.759233 1
8.750494 1.494737 1
8.623773 1.464182 1
9.019844 1.846440 1
9.719865 1.341398 1
9.386144 1.831876 1
9.426682 1.973511 1
9.272293 1.925536 1
9.312862 2.071491 1
7.893880 1.056013 1
8.295401 1.002043 1
8.576487 1.580054 1
9.529906 1.061277 1
9.431851 0.943857 1
9.414834 1.117136 1
9.284926 1.728074 1
8.558815 0.590910 1
8.866799 1.345885 1
8.773729 0.568243 1
9.059108 1.544757 1
9.100688 1.645534 1
8.512167 1.507207 1
9.285225 0.878031 1
9.180266 0.778876 1
9.297025 0.717826 1
9.756651 1.691617 1
8.347806 0.472575 1
9.909224 0.487143 1
9.513889 0.086995 1
7.376606 0.756333 1
9.570928 2.643228 2
9.429109 2.581689 2
7.554602 1.571620 2
9.169523 0.630066 1
9.150927 0.492288 1
9.290156 0.592840 1
9.470921 0.786546 1
9.167747 1.818970 1
8.897501 1.244893 1
10.000000 0.277778 0
10.000000 0.416667 0
9.583333 0.000000 0
9.722222 0.000000 0
9.567870 1.672118 1
8.758950 1.115047 1
8.592486 0.390641 1
8.721608 0.441784 1
8.581511 0.496440 1
7.781382 0.302012 1
7.657166 0.302552 2
8.860346 1.458757 1
7.632497 1.874329 1
10.000000 1.944444 0
8.055555 0.000000 0
9.097796 2.162515 1
8.605382 1.994545 1
9.791840 2.029161 1
8.227109 1.928613 1
7.462380 1.464749 2
7.538618 1.349015 2
7.874085 0.115023 1
9.440208 1.223186 1
9.179708 0.910307 1
10.000000 0.972222 0
9.027778 0.000000 0
7.265856 0.824856 2
9.347087 1.226026 1
9.296770 1.003319 1
7.617286 0.798666 1
7.523554 1.866925 2
8.996217 1.414830 1
9.045720 0.407763 1
9.037647 0.280749 1
8.995839 0.799050 1
9.214856 2.026828 1
9.644619 2.075948 1
9.705174 1.928411 1
9.574646 1.942917 1
7.925094 0.350582 1
8.070436 0.288870 1
7.973966 0.206973 1
7.855732 0.225946 1
8.660844 0.299258 1
8.787876 0.304244 1
9.364137 0.804001 1
9.815688 1.058497 1
8.941504 0.184312 1
9.063309 0.711231 1
8.942284 0.437769 1
7.753076 0.535534 1
9.411857 0.588144 1
9.490500 0.513241 1
8.288482 1.412666 1
9.517835 2.037037 1
8.395570 0.967330 1
8.391410 1.494926 1
8.528203 1.201904 1
7.559259 0.720355 1
9.209607 2.173393 1
7.646367 0.999774 2
7.916667 0.000000 0
10.000000 0.000000 0
10.000000 0.138889 0
9.885746 0.114254 1
9.861111 0.000000 0
9.523350 0.877952 1
8.452407 1.297043 1
9.894957 1.152123 1
8.848654 0.104976 1
8.843869 1.998749 1
10.000000 2.361111 0
9.892401 2.436659 1
9.895423 2.288904 1
7.542164 1.765435 2
9.171988 1.708324 1
10.000000 2.500000 0
9.407576 0.694410 1
9.498965 1.854079 1
9.623045 1.834179 1
9.248697 0.227374 1
7.595392 1.680493 1
8.493809 1.396836 1
8.733887 2.060268 1
8.621247 2.130070 1
8.052592 0.914370 1
9.216706 2.307020 1
9.786070 1.153550 1
8.846450 0.213930 1
9.811171 2.366446 1
9.910024 0.216388 1
9.780123 0.091278 1
9.091424 0.829501 1
8.387638 1.378407 1
7.889970 1.982472 2
9.019978 2.214086 1
9.752971 2.126009 1
7.281088 0.725714 2
9.111723 2.262382 1
9.555644 1.759653 1
8.920775 0.319502 1
8.888889 0.000000 0
10.000000 1.111111 0
9.328279 2.460347 2
9.111744 1.268035 1
8.941441 1.532904 1
7.740407 0.769692 1
7.662305 0.690173 1
7.794248 0.634852 1
9.312048 2.352547 1
9.651586 1.719057 1
8.232973 2.033170 1
8.630102 2.254541 2
8.504636 2.169859 2
7.702896 0.885367 1
8.467130 0.526815 1
7.954675 0.465097 1
7.830323 0.394099 1
8.844203 0.402869 1
8.473415 0.416624 1
9.113731 2.401212 2
9.001876 2.310028 2
9.280375 1.826902 1
8.086451 2.148384 2
7.999796 2.044643 2
8.195121 2.129306 2
7.849445 0.496616 1
7.904535 0.585217 1
9.791131 2.269420 1
7.517454 0.318836 2
9.086759 1.357789 1
7.983811 0.092829 1
7.491823 1.669027 2
9.918360 1.047968 1
8.952032 0.081641 1
7.557285 0.622383 1
8.995237 0.904912 1
8.298698 2.112085 2
9.229127 2.416507 2
 0 1 2
 1 3 2
 4 5 6
 7 8 9
 10 11 12
 13 14 15
 16 17 18
 19 20 21
 22 23 24
 25 26 27
 28 29 30
 31 2 32
 13 15 33
 32 2 3
 34 6 5
 35 36 37
 38 39 40
 41 40 39
 7 9 42
 43 44 45
 46 47 48
 49 10 12
 50 51 52
 35 53 36
 16 18 54
 55 54 18
 56 57 58
 59 60 61
 62 61 60
 63 64 2
 65 66 67
 68 69 70
 71 72 73
 74 75 76
 77 2 64
 41 64 40
 63 40 64
 78 79 80
 81 82 83
 84 85 86
 87 88 89
 36 89 88
 22 24 90
 91 92 93
 94 95 96
 97 98 99
 100 101 102
 28 103 29
 74 104 75
 105 106 107
 108 109 110
 111 112 113
 114 115 116
 16 117 118
 16 118 17
 38 40 119
 120 121 48
 104 122 123
 51 124 52
 125 126 127
 128 129 130
 94 48 121
 131 132 133
 134 107 106
 131 135 132
 49 8 136
 16 137 117
 59 61 37
 138 123 122
 62 139 61
 140 141 142
 74 76 143
 125 144 126
 145 146 147
 133 148 149
 131 150 135
 104 123 151
 78 152 79
 153 81 83
 63 2 31
 154 155 123
 77 0 2
 156 157 158
 159 155 154
 160 113 112
 161 45 89
 162 129 128
 145 163 146
 21 20 164
 87 89 45
 165 166 167
 34 5 168
 24 23 169
 170 171 172
 172 171 155
 173 58 57
 28 174 110
 35 115 53
 175 176 177
 178 176 175
 179 148 133
 180 8 181
 63 182 40
 183 158 157
 184 185 186
 187 188 189
 190 189 188
 7 191 8
 74 122 104
 192 73 72
 193 135 194
 7 195 196
 180 9 8
 197 35 61
 95 198 96
 163 199 146
 61 35 37
 193 200 135
 109 201 202
 131 133 203
 204 142 141
 205 164 20
 145 147 206
 22 207 23
 91 208 92
 125 202 201
 19 21 209
 184 186 210
 211 151 123
 212 67 66
 213 70 69
 214 215 20
 34 130 6
 216 6 130
 125 127 176
 120 80 79
 161 83 82
 217 12 11
 36 88 37
 56 99 98
 218 102 101
 120 48 80
 161 82 45
 4 219 5
 183 201 109
 38 220 221
 4 222 51
 223 224 225
 226 227 228
 229 95 194
 193 194 95
 230 231 77
 43 45 82
 47 80 48
 44 67 45
 46 48 69
 4 6 232
 4 232 222
 59 88 233
 234 29 54
 216 235 6
 17 199 18
 193 236 30
 231 237 77
 56 58 238
 8 191 136
 239 182 240
 38 221 241
 183 109 158
 36 242 89
 243 244 245
 246 245 244
 216 130 129
 141 129 26
 204 25 247
 148 247 25
 16 248 137
 204 141 26
 200 29 234
 30 29 200
 40 182 119
 182 249 240
 173 250 251
 252 251 250
 162 27 26
 49 12 8
 59 253 60
 110 174 254
 170 225 189
 187 189 225
 71 255 72
 108 256 109
 62 60 257
 258 257 60
 63 31 249
 259 249 31
 260 261 262
 87 45 263
 94 96 48
 94 264 95
 223 225 265
 227 266 228
 140 18 199
 267 23 207
 7 268 191
 269 191 268
 34 270 128
 91 39 241
 271 272 273
 76 273 272
 115 250 116
 187 58 188
 274 188 58
 275 245 208
 84 168 5
 214 276 215
 193 95 264
 277 278 172
 279 280 154
 38 241 39
 88 281 233
 30 236 174
 71 282 215
 127 215 282
 267 33 15
 125 176 178
 8 12 181
 109 202 110
 183 144 201
 177 176 73
 229 198 95
 283 284 285
 286 287 167
 255 288 72
 288 239 72
 84 86 289
 65 290 66
 291 68 70
 92 292 93
 77 64 293
 41 293 64
 294 210 186
 161 89 242
 54 29 248
 124 295 52
 296 128 270
 28 202 178
 108 285 284
 296 297 128
 162 128 297
 166 298 167
 35 299 115
 28 30 174
 260 300 261
 97 301 98
 302 100 102
 193 30 200
 267 15 303
 19 304 197
 234 132 200
 135 200 132
 59 37 88
 19 197 139
 124 51 222
 21 300 305
 260 305 300
 170 265 225
 138 228 266
 13 33 306
 34 128 130
 216 141 163
 140 163 141
 307 289 86
 140 142 18
 140 199 163
 214 308 255
 125 201 144
 309 310 143
 218 143 310
 183 311 144
 245 312 208
 294 313 314
 315 314 313
 229 316 317
 318 317 316
 77 237 0
 28 110 202
 286 167 319
 7 42 195
 252 305 251
 260 251 305
 120 79 320
 321 320 79
 145 222 232
 252 250 115
 274 251 322
 323 57 98
 324 102 310
 213 317 70
 318 70 317
 294 314 66
 212 66 314
 283 320 284
 205 20 215
 271 325 157
 183 157 325
 156 326 157
 260 322 251
 105 107 327
 271 157 272
 309 272 157
 114 53 115
 328 329 188
 213 96 198
 328 273 75
 76 75 273
 260 262 322
 205 215 126
 224 99 225
 226 228 101
 271 262 261
 17 118 330
 279 154 266
 278 265 172
 244 331 11
 332 137 248
 252 115 299
 259 31 333
 127 126 215
 177 334 137
 56 98 57
 218 310 102
 335 306 33
 271 273 262
 138 266 154
 170 172 265
 243 253 233
 59 233 253
 246 10 336
 73 176 282
 13 337 14
 246 244 11
 117 137 334
 166 338 298
 148 179 247
 339 340 341
 339 341 342
 74 228 122
 138 122 228
 124 222 1
 3 1 222
 84 5 219
 239 119 182
 274 343 251
 187 238 58
 192 344 334
 91 241 208
 275 208 241
 153 83 345
 152 346 79
 36 53 242
 229 194 150
 135 150 194
 91 93 347
 160 347 93
 348 349 350
 168 289 351
 91 347 39
 28 178 103
 7 196 268
 351 289 307
 145 235 163
 60 253 352
 76 272 143
 309 143 272
 190 188 329
 321 284 320
 353 195 349
 41 39 347
 309 157 326
 328 188 354
 55 18 142
 145 206 222
 125 178 202
 173 251 343
 315 355 356
 187 225 238
 74 357 228
 332 29 103
 34 168 358
 44 65 67
 68 46 69
 50 219 51
 4 51 219
 167 298 319
 192 240 359
 160 112 360
 361 360 112
 21 305 209
 258 221 220
 84 289 168
 234 54 362
 246 336 312
 185 350 186
 363 336 10
 41 360 293
 361 293 360
 114 364 83
 321 79 365
 214 255 276
 71 276 255
 145 232 235
 366 350 349
 277 172 367
 159 367 172
 159 154 368
 280 368 154
 369 261 300
 224 97 99
 100 226 101
 17 330 146
 370 330 118
 192 359 344
 84 371 85
 372 93 292
 262 273 354
 328 354 273
 211 123 155
 55 362 54
 239 288 119
 259 359 240
 366 42 9
 294 186 373
 258 60 352
 217 331 313
 267 374 23
 363 375 336
 376 356 355
 361 230 293
 173 116 250
 323 116 57
 324 310 377
 152 378 346
 379 153 345
 274 354 188
 159 172 155
 138 154 123
 211 155 171
 269 380 136
 133 132 362
 214 20 381
 19 381 20
 283 121 320
 120 320 121
 92 312 336
 161 242 83
 114 83 242
 108 110 254
 259 240 249
 315 313 331
 255 308 288
 3 222 206
 382 220 119
 148 25 337
 35 197 304
 383 384 385
 105 385 384
 315 244 355
 243 355 244
 134 287 107
 286 107 287
 38 119 220
 336 375 292
 147 333 32
 217 313 181
 74 143 357
 382 119 288
 218 357 143
 49 386 10
 363 10 386
 335 33 207
 267 207 33
 212 387 263
 204 247 142
 55 142 247
 173 343 58
 274 58 343
 376 355 233
 243 233 355
 212 356 387
 318 316 319
 286 319 316
 147 330 333
 84 219 371
 388 52 295
 16 54 248
 217 11 331
 234 362 132
 361 389 390
 269 136 191
 13 306 391
 275 241 221
 180 181 313
 392 254 174
 87 281 88
 177 73 334
 229 393 316
 216 163 235
 49 136 380
 173 57 116
 309 377 310
 31 32 333
 225 99 238
 228 357 101
 49 380 386
 114 116 364
 323 364 116
 324 377 365
 321 365 377
 92 208 312
 370 359 333
 259 333 359
 216 129 141
 294 373 313
 180 313 373
 286 316 394
 34 358 270
 45 67 263
 212 263 67
 213 69 96
 48 96 69
 104 151 329
 148 391 149
 383 149 391
 252 304 209
 77 293 230
 192 334 73
 361 390 230
 321 377 395
 13 391 337
 321 395 284
 109 256 158
 192 72 240
 252 299 304
 160 360 347
 41 347 360
 315 356 314
 148 337 391
 94 396 264
 397 398 375
 131 203 385
 383 385 203
 185 348 350
 243 245 399
 400 401 52
 348 353 349
 400 52 402
 388 402 52
 62 257 308
 382 308 257
 403 404 385
 156 256 284
 108 284 256
 83 364 345
 79 346 365
 370 333 330
 275 399 245
 19 209 304
 246 312 245
 315 331 244
 246 11 10
 403 385 327
 186 405 373
 134 90 406
 229 317 198
 133 362 179
 133 149 203
 180 373 405
 271 261 325
 63 249 182
 47 78 80
 81 43 82
 131 385 404
 392 264 396
 382 288 308
 309 326 377
 71 73 282
 19 139 381
 229 150 393
 156 284 395
 204 26 25
 61 139 197
 275 253 399
 239 240 72
 35 304 299
 275 352 253
 134 406 287
 162 297 27
 17 146 199
 376 233 281
 147 146 330
 252 209 305
 105 327 385
 131 404 150
 243 399 253
 369 325 261
 388 295 237
 0 237 295
 62 407 139
 316 393 394
 71 215 276
 50 371 219
 318 298 408
 338 408 298
 332 248 29
 104 329 75
 127 282 176
 290 184 210
 338 291 408
 340 277 367
 280 342 368
 290 210 66
 291 70 408
 372 398 113
 403 394 393
 50 401 371
 318 408 70
 294 66 210
 409 270 358
 111 113 398
 162 26 129
 117 334 344
 6 235 232
 278 223 265
 227 279 266
 190 171 189
 55 179 362
 190 151 171
 392 396 285
 190 329 151
 212 314 356
 301 379 410
 378 302 411
 23 374 169
 403 107 394
 286 394 107
 318 319 298
 403 327 107
 56 238 99
 218 101 357
 134 106 90
 22 106 412
 22 412 207
 361 112 389
 392 174 236
 283 285 396
 369 311 325
 183 325 311
 369 300 164
 214 407 308
 369 164 413
 324 346 411
 378 411 346
 323 410 345
 379 345 410
 231 414 237
 388 237 414
 114 242 53
 363 397 375
 55 247 179
 372 113 93
 231 230 390
 22 90 106
 105 384 412
 363 415 397
 403 393 404
 150 404 393
 366 349 42
 195 42 349
 383 391 306
 193 264 236
 392 236 264
 340 367 341
 342 341 368
 92 336 292
 160 93 113
 335 412 384
 50 52 401
 213 198 317
 62 308 407
 186 350 405
 372 292 375
 177 137 175
 332 175 137
 283 396 121
 267 303 374
 205 126 413
 144 413 126
 366 405 350
 105 412 106
 170 189 171
 211 171 151
 217 181 12
 301 410 98
 302 102 411
 87 263 387
 94 121 396
 335 207 412
 392 285 254
 323 345 364
 324 365 346
 214 381 407
 383 203 149
 274 322 354
 262 354 322
 376 387 356
 328 75 329
 324 411 102
 323 98 410
 159 368 341
 159 341 367
 156 158 256
 124 1 295
 0 295 1
 144 311 413
 366 9 405
 370 344 359
 372 375 398
 180 405 9
 363 386 415
 382 257 220
 178 175 103
 117 344 118
 370 118 344
 258 220 257
 380 415 386
 377 326 395
 139 407 381
 335 384 306
 383 306 384
 369 413 311
 21 164 300
 108 254 285
 147 32 206
 3 206 32
 168 351 358
 87 387 281
 156 395 326
 205 413 164
 388 414 402
 376 281 387
 275 221 352
 332 103 175
 258 352 221
 409 358 351
 0
 0
 0
 0
 0
 0
 20
 307 296 409 24 86 15 167 25 270 303 297 14 337 287 406 90 27 169 351 374
 0
 20
 269 400 231 86 268 195 111 380 85 112 397 390 196 389 371 402 415 398 414 401
 0
 0
 0
 0
 0
 0
 0
 0
 0
