427 776
0.863356 3.491082 2
1.054199 3.509120 2
0.929897 3.592054 1
1.447017 5.148707 1
1.284539 5.081104 1
1.429996 5.052123 1
0.316807 3.985194 1
0.296819 4.080687 1
0.191424 3.991625 1
1.372061 5.212504 1
1.597471 5.537529 2
1.534143 5.440955 1
1.696365 5.417908 2
1.605105 5.323936 2
1.470755 6.498024 1
1.542161 6.396385 1
1.577821 6.558721 3
0.208946 4.153841 1
1.659293 6.444950 2
1.336604 3.931155 1
1.411892 4.023517 1
1.257768 4.007148 1
1.318588 4.106539 1
1.625208 4.773975 1
1.634479 4.644356 1
1.755826 4.672694 1
1.747181 4.815470 1
0.635702 5.069196 1
0.478251 5.133544 1
0.559542 4.962142 1
1.127223 5.153876 1
1.141149 5.001644 1
1.541535 4.288084 1
1.435274 4.418665 1
1.363267 4.263799 1
0.260440 3.850509 1
1.512895 5.982413 2
1.443898 6.091654 1
1.365815 5.952167 1
1.321293 6.079159 1
1.845991 4.317462 1
1.710832 4.271868 1
1.848897 4.146701 1
0.698432 5.772837 1
0.575890 5.792314 1
0.596135 5.650707 1
1.372741 5.314714 1
1.516472 5.222009 1
1.473827 5.352179 1
1.823967 3.799310 1
1.844278 3.966350 2
1.713768 3.849500 1
1.678203 3.965249 1
0.869467 5.131529 1
0.769390 5.051095 1
0.900624 4.981236 1
1.152876 3.345575 2
1.205574 3.476413 1
1.046198 4.122622 1
1.052132 4.303879 1
0.954772 4.204939 1
1.157460 4.226938 1
0.000000 3.611111 0
0.145812 3.516792 2
0.107255 3.641623 1
0.737325 5.669270 1
1.972178 4.097893 2
0.344523 5.224209 1
0.196422 5.156919 1
0.341365 5.078186 1
0.236381 4.995296 1
0.987016 3.751022 1
1.114635 3.829833 1
0.950544 3.894858 1
0.434300 4.992430 1
1.011520 5.057606 1
1.287651 4.420591 1
0.304373 6.188498 1
0.458075 6.124873 1
0.439970 6.285912 1
0.725570 4.565895 1
0.832983 4.618250 1
0.676561 4.652657 1
0.782922 4.741789 1
1.545395 3.612684 1
1.708498 3.610493 1
1.647203 3.724900 1
0.972894 5.614025 1
0.889425 5.497691 1
1.003072 5.424653 1
1.091373 3.977587 1
1.554171 5.074500 1
1.484426 4.911976 1
0.568905 4.559208 1
0.682309 4.460582 1
1.708725 4.146117 1
0.343548 4.903107 1
0.717624 3.718441 1
0.684755 3.851752 1
0.575425 3.706501 1
0.543499 3.861286 1
0.634513 4.864355 1
0.533296 4.801731 1
1.108239 5.522227 1
1.025232 4.906744 1
1.173181 4.840536 1
1.388970 3.318665 2
1.514504 3.315554 2
1.492873 3.422162 1
1.373677 4.553658 1
0.453549 4.888576 1
0.849315 6.312347 1
0.956951 6.196434 1
0.972829 6.363189 1
0.117865 3.862267 1
0.576647 4.440132 1
0.439510 4.421194 1
0.420596 4.557470 1
1.264026 5.770383 1
1.328080 5.670756 1
1.360249 5.814812 1
1.130480 3.678314 1
0.833166 6.086993 1
0.965494 6.052625 1
1.098112 6.129204 1
0.210583 5.397940 1
0.354821 5.390138 1
0.249973 5.502886 1
0.802402 3.915571 1
0.782489 4.064852 1
0.647741 3.997498 1
1.246724 4.592386 1
1.981885 4.254064 2
0.555792 6.480118 1
0.661663 6.433148 1
0.692328 6.567451 2
0.404852 3.911410 1
0.596528 6.329490 1
0.575201 6.206668 1
0.682058 4.177941 1
0.552354 4.113791 1
1.189196 5.700500 1
1.264962 3.777778 1
0.531076 3.469311 1
0.501801 3.344194 2
0.664800 3.365109 2
0.648033 3.496348 1
0.798703 4.935954 1
1.348485 3.453827 1
0.616793 5.524652 1
0.753121 5.474871 1
0.704196 5.575406 1
0.101495 4.079753 1
1.153041 4.501813 1
1.165372 4.363902 1
0.239582 5.637921 1
0.279358 5.768495 1
0.178162 5.768868 1
1.249943 5.883609 1
0.356925 5.562954 1
0.360935 5.703599 1
0.323862 6.067037 1
1.557101 4.441323 1
0.110544 5.656777 1
0.404601 3.755174 1
0.589610 5.172690 1
0.455974 3.598279 1
0.303318 3.536052 2
0.405477 3.463461 2
1.305190 4.892964 1
1.246485 4.971503 1
0.298179 4.346334 1
0.163075 4.437894 1
0.155146 4.289350 1
0.751689 6.471792 1
0.559112 6.615945 2
0.402159 6.651262 2
0.465655 6.555604 1
0.938187 4.303159 1
0.983424 4.420954 1
1.538939 3.726226 1
1.316966 3.563776 1
1.649491 5.183521 2
1.051319 6.259661 1
0.340842 3.651117 1
1.256852 3.379022 1
1.073092 5.746907 1
0.953502 5.786160 1
1.106335 4.660254 1
1.050924 4.792417 1
0.961264 4.723523 1
0.512555 3.990443 1
1.210548 6.020026 1
0.967973 4.616813 1
0.890913 4.840916 1
0.345145 4.655893 1
0.317155 4.493004 1
0.224829 4.579339 1
1.456560 4.158369 1
1.666563 4.399127 1
1.070193 6.356997 1
1.158510 6.252482 1
1.198241 6.407594 1
1.288719 6.310036 1
0.732483 6.352259 1
0.721417 6.205487 1
0.960186 5.918945 1
1.060478 5.867939 1
1.075357 5.997949 1
0.460374 5.629442 1
1.511669 4.565185 1
1.487731 4.716579 1
1.620126 4.919281 1
1.745081 4.939768 1
0.249671 5.295481 1
1.592145 4.171113 1
1.690180 5.050747 2
1.948714 4.534981 2
1.852256 4.457335 1
1.952836 4.392175 2
1.371875 6.417456 1
1.438828 6.301654 1
0.623057 5.404192 1
0.838054 3.780471 1
0.000000 5.555555 0
0.000000 5.416667 0
0.132429 5.509089 1
1.246031 5.221209 1
0.840212 6.200315 1
1.935556 3.863652 3
1.225959 3.886014 1
1.590164 6.121782 2
0.106432 5.066491 1
0.759355 5.356022 1
0.844892 5.723430 1
0.241087 6.594317 2
0.362887 6.551648 1
0.000000 6.250000 0
0.000000 6.111111 0
0.144028 6.180555 1
1.757389 4.056217 1
1.106314 5.636593 1
0.821548 5.858727 1
1.241030 6.163182 1
1.368997 6.188184 1
0.736492 3.530544 1
0.746491 3.433412 1
0.273826 3.722991 1
1.492842 5.722325 2
0.492459 5.721128 1
0.495417 5.508823 1
1.203689 5.589727 1
0.481959 6.387649 1
1.592284 6.279613 2
0.311214 6.299680 1
0.877540 4.413786 1
1.583376 3.502321 1
0.000000 5.972222 0
0.116808 5.897958 1
0.111832 6.061011 1
0.823822 5.596280 1
0.498943 5.377163 1
0.420228 6.023907 1
1.230318 4.716856 1
1.336670 4.690624 1
0.755263 5.973875 1
0.867131 5.978233 1
1.258429 3.661305 1
1.407226 3.692912 1
0.957793 6.520961 2
1.070850 6.471199 1
0.717251 6.064655 1
0.105653 5.389453 1
0.805133 4.493316 1
0.441826 5.283202 1
1.484004 5.872913 2
1.372863 5.437885 1
1.260954 5.351810 1
1.252662 4.198272 1
1.495888 6.199917 1
1.376183 4.959968 1
1.289464 4.793635 1
0.462606 5.832233 1
0.344942 5.846585 1
1.738686 4.527773 1
1.624204 4.521267 1
1.333971 6.646914 2
1.205009 6.635832 2
1.276242 6.520332 1
1.017475 3.636533 1
0.556224 5.274645 1
1.136453 5.394846 1
1.235183 5.467110 1
1.374240 3.826074 1
0.148263 3.745319 1
0.833898 4.203212 1
0.903448 4.091822 1
1.383168 6.525343 1
1.478751 6.592216 1
1.444627 6.706367 2
0.955230 5.303747 1
0.838786 5.261732 1
0.989375 5.185784 1
0.718892 5.204931 1
0.000000 4.444445 0
0.104653 4.543991 1
0.000000 5.694445 0
1.605948 3.264765 2
1.757735 3.323189 3
1.609873 3.384493 1
1.693205 3.467392 1
0.000000 3.750000 0
0.671950 5.881313 1
1.079771 4.434591 1
0.220288 5.997429 1
1.190860 3.579062 1
1.458034 5.570761 2
1.319570 5.547248 1
1.438288 3.555330 1
1.180613 4.103860 1
0.672693 3.611420 1
1.768899 4.404296 1
1.243384 4.290224 1
1.065321 5.294051 1
1.171018 5.288370 1
0.661354 5.299221 1
0.000000 4.305555 0
0.107323 4.186213 1
0.000000 3.888889 0
0.849335 6.431480 1
1.824021 3.453087 2
0.214986 3.612837 1
1.032397 4.539159 1
0.831033 6.551325 2
0.000000 5.000000 0
0.000000 4.861111 0
0.121741 4.909756 1
0.920518 4.531152 1
0.000000 4.722222 0
0.000000 4.583333 0
0.119825 4.672441 1
0.605128 6.093863 1
1.164663 6.531327 1
0.414330 4.068227 1
0.808822 3.631481 1
0.081024 4.368888 1
0.138369 5.285372 1
1.774530 3.699827 1
0.352246 6.389323 1
0.000000 5.138889 0
0.085142 5.194705 1
0.000000 4.166667 0
0.114363 6.303110 1
0.215323 6.379928 1
0.286639 6.485198 1
0.145565 6.498655 1
0.000000 6.527778 0
0.101550 6.405153 1
1.494057 3.828117 1
1.147493 5.921739 1
1.519705 4.078920 1
1.541506 3.965039 1
0.000000 6.388889 0
0.569405 4.688503 1
0.657364 4.762203 1
1.424073 4.634500 1
1.401960 4.827195 1
0.220797 6.099459 1
0.217860 6.270355 1
0.646802 4.323534 1
0.770799 4.381408 1
0.571542 3.574226 1
0.519351 6.007927 1
0.253715 4.248518 1
1.071071 6.610753 2
0.000000 5.277778 0
1.431660 3.914780 1
0.457483 4.687528 1
0.084081 6.578643 1
0.898227 3.693818 1
0.738157 4.849654 1
0.000000 4.027778 0
0.546788 5.903909 1
0.424369 5.926633 1
0.817296 3.350409 2
0.000000 5.833333 0
0.967439 4.006477 1
0.876311 3.995480 1
1.857689 3.579554 2
1.632625 4.071932 1
1.866666 4.740505 2
1.845996 4.885234 2
1.825933 5.051859 2
1.847712 4.590309 1
0.418895 6.471860 1
0.397058 4.783470 1
0.282452 4.796529 1
1.516116 4.814785 1
0.239060 4.693612 1
1.602232 3.849742 1
0.403314 4.311971 1
0.489652 4.263585 1
0.537349 4.347873 1
1.885537 3.695536 2
1.961541 3.763787 2
0.124206 6.674959 2
0.352589 4.204545 1
1.940171 4.651053 2
0.078739 4.791667 1
0.183726 4.791667 1
0.460118 4.163203 1
0.866498 5.386453 1
0.749340 4.281882 1
0.075243 5.763889 1
0.581823 4.228570 1
0.833953 4.316689 1
1.769243 3.527869 1
0.689004 4.960452 1
0.320373 5.961413 1
1.256936 3.262984 2
0.236595 4.883244 1
0.243322 5.873458 1
0.000000 6.666667 0
1.164038 5.815179 1
0.076489 3.962608 1
0.633783 5.986217 1
1.542193 6.684094 2
 0 1 2
 3 4 5
 6 7 8
 9 4 3
 10 11 12
 11 13 12
 14 15 16
 8 7 17
 16 15 18
 19 20 21
 21 20 22
 23 24 25
 23 25 26
 27 28 29
 30 31 4
 32 33 34
 35 6 8
 36 37 38
 39 38 37
 40 41 42
 43 44 45
 46 47 48
 49 50 51
 52 51 50
 53 54 55
 1 56 57
 9 47 46
 58 59 60
 61 59 58
 62 63 64
 43 45 65
 66 42 50
 67 68 69
 70 69 68
 71 72 73
 74 29 28
 30 75 31
 76 34 33
 77 78 79
 80 81 82
 82 81 83
 84 85 86
 87 88 89
 90 73 72
 91 5 92
 80 93 94
 95 42 41
 74 69 96
 97 98 99
 100 99 98
 101 29 102
 87 89 103
 104 105 31
 106 107 108
 76 33 109
 102 29 110
 111 112 113
 35 8 114
 115 93 116
 117 116 93
 118 119 120
 71 121 72
 122 123 112
 124 112 123
 125 126 127
 128 129 130
 13 48 47
 76 109 131
 70 96 69
 40 42 132
 133 134 135
 35 136 6
 128 130 98
 100 98 130
 137 79 138
 104 31 75
 139 140 130
 118 141 119
 142 72 121
 143 144 145
 146 143 145
 147 55 54
 106 108 148
 149 150 151
 17 152 8
 76 153 154
 155 156 157
 120 158 118
 38 158 120
 155 159 160
 80 82 93
 115 94 93
 77 161 78
 32 162 33
 155 157 163
 100 136 164
 76 131 153
 27 165 28
 166 167 168
 169 170 105
 139 130 129
 171 172 173
 174 135 134
 175 176 177
 126 159 127
 178 59 179
 84 86 180
 181 57 148
 91 182 47
 35 164 136
 53 55 75
 112 183 113
 166 184 167
 57 185 148
 87 186 187
 188 189 190
 100 130 191
 39 192 38
 188 190 193
 175 133 135
 83 190 194
 117 195 196
 197 196 195
 32 34 198
 32 41 199
 200 201 202
 203 202 201
 111 204 205
 206 207 208
 160 159 209
 210 24 211
 23 211 24
 23 26 212
 213 212 26
 32 199 162
 166 99 164
 100 164 99
 67 214 68
 206 208 123
 32 215 41
 67 126 214
 125 214 126
 91 216 182
 217 218 219
 15 220 221
 222 150 149
 83 81 190
 15 14 220
 74 28 69
 105 170 31
 97 223 98
 128 98 223
 224 225 226
 9 227 4
 30 4 227
 111 205 228
 197 172 196
 171 196 172
 49 229 50
 90 72 230
 36 231 37
 70 68 232
 233 150 222
 13 11 48
 87 187 234
 32 198 215
 235 236 176
 237 238 239
 52 50 240
 87 241 186
 188 105 189
 90 230 21
 43 234 242
 203 243 244
 245 146 246
 35 247 164
 248 120 119
 9 3 47
 249 45 44
 250 159 126
 203 201 243
 251 119 141
 137 252 79
 253 18 15
 77 79 254
 124 183 112
 178 179 255
 84 256 85
 257 258 259
 87 234 260
 250 126 261
 91 92 212
 87 260 88
 262 78 161
 188 131 263
 264 263 131
 122 265 266
 142 267 268
 264 131 109
 269 113 270
 122 271 265
 104 189 105
 91 47 3
 164 247 184
 225 272 226
 224 226 163
 80 273 81
 146 145 246
 67 274 126
 36 38 275
 50 42 240
 122 112 228
 111 228 112
 79 78 138
 276 277 46
 22 34 278
 91 3 5
 279 244 37
 188 263 105
 4 280 5
 169 105 281
 249 282 160
 283 160 282
 284 285 199
 286 287 288
 1 289 2
 67 28 274
 290 274 28
 227 9 46
 277 227 46
 104 194 189
 190 189 194
 291 292 103
 251 103 292
 276 46 48
 19 230 293
 66 132 42
 43 65 234
 35 114 294
 139 129 295
 296 295 129
 297 298 286
 299 286 298
 181 268 267
 178 60 59
 300 301 302
 137 205 204
 67 69 28
 248 275 120
 53 303 54
 27 54 303
 304 172 305
 306 224 163
 71 73 223
 128 223 73
 142 293 230
 307 308 309
 310 309 308
 53 302 301
 311 294 114
 4 170 280
 43 242 312
 313 179 59
 314 259 258
 13 47 182
 71 289 121
 315 121 1
 121 289 1
 142 121 267
 203 220 202
 210 109 33
 248 119 316
 316 317 276
 119 317 316
 250 261 222
 100 191 136
 108 256 318
 90 21 319
 245 320 146
 310 85 256
 284 199 321
 142 268 293
 76 322 34
 22 198 34
 276 292 277
 291 89 323
 300 323 89
 30 227 324
 30 324 323
 90 319 58
 303 325 165
 326 327 173
 210 33 162
 291 277 292
 328 311 114
 111 329 204
 174 204 329
 310 308 330
 95 41 215
 202 220 288
 331 64 63
 331 63 167
 27 303 165
 279 231 253
 188 193 332
 279 221 244
 233 303 301
 53 301 303
 174 333 135
 151 65 45
 206 242 187
 234 187 242
 334 335 336
 337 81 273
 338 339 340
 233 222 325
 197 305 172
 122 205 271
 341 271 205
 265 312 242
 297 286 288
 122 228 205
 342 288 287
 343 6 136
 74 110 29
 341 205 138
 137 138 205
 166 164 184
 291 324 277
 4 31 170
 97 344 223
 251 317 119
 304 345 172
 290 165 325
 68 214 346
 290 28 165
 22 319 21
 343 136 191
 86 347 51
 124 201 183
 290 325 222
 313 154 153
 79 252 348
 276 48 11
 349 232 350
 326 351 327
 279 253 221
 15 221 253
 237 239 352
 233 325 303
 84 268 318
 181 318 268
 353 354 355
 235 355 354
 356 357 355
 200 270 113
 250 222 149
 53 75 302
 30 302 75
 84 180 268
 358 268 180
 358 293 268
 290 222 261
 155 160 156
 269 329 113
 92 5 280
 359 208 207
 311 64 294
 49 51 347
 279 37 231
 360 20 361
 117 196 116
 171 116 196
 356 362 357
 360 215 198
 363 364 102
 101 102 364
 264 109 365
 188 153 131
 264 211 366
 238 259 239
 239 367 77
 368 239 77
 115 369 94
 370 94 369
 349 334 232
 166 143 371
 262 372 78
 341 78 372
 84 318 256
 171 173 373
 34 322 278
 92 280 366
 39 37 244
 339 304 305
 342 287 374
 155 163 226
 97 99 320
 130 140 191
 343 191 140
 225 375 272
 363 93 82
 375 346 272
 38 192 158
 311 62 64
 166 168 143
 200 113 183
 108 318 148
 19 21 230
 122 266 123
 206 123 266
 361 20 376
 284 25 24
 117 93 377
 70 232 336
 88 260 150
 235 378 355
 223 344 379
 362 237 352
 169 366 280
 68 350 232
 40 132 219
 83 194 380
 16 298 14
 351 381 152
 382 372 383
 384 0 246
 257 385 258
 384 246 145
 90 58 386
 296 386 58
 238 257 259
 147 380 194
 128 387 129
 200 202 270
 342 270 202
 388 347 85
 52 389 361
 360 361 389
 390 26 25
 334 336 232
 213 391 392
 124 123 208
 245 0 344
 2 344 0
 390 25 393
 394 348 252
 142 230 72
 104 75 55
 395 396 195
 23 397 211
 106 148 185
 199 285 162
 195 396 398
 169 280 170
 363 377 93
 264 365 211
 86 399 180
 95 240 42
 210 285 24
 178 295 60
 296 60 295
 390 391 26
 250 209 159
 174 329 333
 339 305 340
 92 397 212
 210 211 365
 400 401 402
 116 400 402
 151 150 260
 146 371 143
 137 133 252
 234 65 260
 300 302 323
 49 403 404
 91 212 216
 213 216 212
 61 58 319
 128 73 387
 23 212 397
 17 173 327
 49 404 229
 172 345 173
 326 173 345
 197 340 305
 235 405 378
 79 348 254
 17 373 173
 284 24 285
 235 354 236
 171 406 400
 394 133 177
 175 177 133
 171 373 406
 125 226 272
 358 180 399
 115 116 402
 390 393 407
 39 244 243
 22 278 319
 38 120 275
 86 85 347
 359 192 208
 124 208 192
 171 400 116
 30 323 302
 335 408 336
 409 336 408
 144 143 168
 382 383 282
 338 340 408
 409 408 340
 181 315 57
 331 167 184
 265 242 266
 401 406 410
 343 410 406
 300 89 411
 88 411 89
 401 400 406
 17 406 373
 17 7 406
 343 406 7
 331 294 64
 217 393 218
 284 218 393
 341 138 78
 291 103 89
 90 386 73
 139 412 369
 124 243 201
 147 194 55
 104 55 194
 331 247 294
 35 294 247
 166 371 99
 139 295 412
 203 221 220
 284 321 218
 203 244 221
 61 322 154
 269 270 374
 342 374 270
 276 11 316
 1 57 315
 245 344 320
 97 320 344
 71 379 289
 157 258 413
 385 413 258
 87 103 241
 353 355 357
 394 252 133
 52 361 399
 139 414 140
 137 134 133
 370 369 412
 388 403 347
 249 209 45
 250 45 209
 124 192 243
 39 243 192
 139 369 414
 115 402 369
 297 220 14
 117 377 195
 296 58 60
 249 160 209
 40 219 218
 140 414 410
 178 415 295
 356 355 378
 310 330 416
 310 416 85
 388 85 416
 351 152 327
 2 289 379
 83 364 82
 200 183 201
 343 140 410
 197 398 340
 409 340 398
 283 156 160
 147 54 417
 27 417 54
 314 418 161
 213 26 391
 106 185 419
 56 419 185
 151 260 65
 401 410 414
 70 336 420
 409 420 336
 61 154 59
 359 158 192
 155 226 127
 125 127 226
 395 377 102
 52 240 389
 95 389 240
 362 352 357
 92 366 397
 233 411 150
 88 150 411
 245 246 0
 296 129 387
 314 258 421
 157 421 258
 125 346 214
 314 161 367
 342 202 288
 422 356 378
 188 332 153
 363 102 377
 56 185 57
 52 399 51
 304 326 345
 375 349 350
 186 141 423
 181 267 315
 262 383 372
 111 113 329
 375 350 346
 125 272 346
 206 266 242
 251 241 103
 395 195 377
 71 223 379
 353 348 354
 335 338 408
 155 127 159
 210 162 285
 358 399 361
 297 288 220
 337 273 255
 370 255 273
 10 316 11
 385 306 413
 68 346 350
 291 323 324
 381 328 424
 199 41 321
 40 321 41
 83 380 364
 101 364 380
 277 324 227
 181 148 318
 249 44 282
 382 282 44
 77 254 368
 264 366 281
 269 333 329
 76 154 322
 211 397 366
 284 393 25
 40 218 321
 105 263 281
 86 51 399
 395 96 396
 313 153 332
 369 402 414
 401 414 402
 290 261 274
 197 195 398
 343 7 6
 360 198 20
 22 20 198
 99 371 320
 250 149 45
 147 417 380
 101 380 417
 73 386 387
 8 152 424
 381 424 152
 395 102 110
 283 418 421
 331 184 247
 157 413 163
 306 163 413
 126 274 261
 210 365 109
 394 354 348
 186 241 141
 353 357 352
 27 29 417
 101 417 29
 314 421 418
 394 236 354
 276 317 292
 353 254 348
 95 215 389
 358 361 376
 70 420 96
 307 309 107
 108 107 309
 353 352 368
 118 423 141
 283 421 156
 17 327 152
 169 281 366
 395 110 96
 313 332 179
 337 179 332
 422 378 405
 353 368 254
 19 376 20
 157 156 421
 239 259 367
 314 367 259
 74 96 110
 264 281 263
 388 416 330
 360 389 215
 251 292 317
 239 368 352
 49 347 403
 80 94 273
 370 273 94
 265 271 425
 341 425 271
 313 59 154
 151 45 149
 337 332 193
 2 379 344
 146 320 371
 213 392 216
 178 255 415
 370 415 255
 297 14 298
 233 301 411
 300 411 301
 310 256 309
 108 309 256
 19 293 376
 358 376 293
 337 255 179
 121 315 267
 61 319 278
 359 423 158
 118 158 423
 337 193 81
 262 161 418
 96 420 396
 16 426 298
 61 278 322
 190 81 193
 299 298 426
 137 204 134
 174 134 204
 8 424 114
 328 114 424
 206 187 207
 186 207 187
 394 177 236
 176 236 177
 251 141 241
 363 82 364
 217 407 393
 409 398 396
 283 383 418
 262 418 383
 77 367 161
 265 425 312
 382 312 425
 283 282 383
 382 425 372
 341 372 425
 295 415 412
 370 412 415
 382 44 312
 43 312 44
 359 207 423
 186 423 207
 296 387 386
 409 396 420
 0
 0
 0
 0
 0
 0
 0
 0
 0
 0
 6
 388 308 330 403 229 404
 0
 14
 1 106 307 144 56 384 308 145 168 63 419 167 107 0
 23
 390 36 13 66 248 217 16 10 50 132 316 182 18 219 391 253 275 229 231 216 392 12 407
 0
 13
 299 235 175 269 16 176 286 374 405 135 333 287 426
 0
 0
