421 768
2.778845 2.835404 1
2.722581 2.737618 2
2.902174 2.798072 2
2.045098 3.303173 1
2.145648 3.373467 1
1.976770 3.446197 1
2.119670 3.493098 1
5.075511 3.255838 2
4.968703 3.179825 1
5.122739 3.104407 3
4.814559 2.925099 1
4.701535 3.049531 1
4.676769 2.899004 1
3.777970 3.146677 1
3.652420 3.199282 1
3.661256 3.088212 1
3.743002 3.263467 1
3.813725 3.367210 1
3.647573 3.329685 1
2.746652 3.966335 1
2.786584 3.867271 1
2.905543 3.942552 1
3.035245 2.932065 1
2.925088 2.947470 1
4.845317 3.097768 1
2.578471 3.951762 1
2.670653 4.094378 1
5.007074 3.044911 2
2.571431 3.205691 1
2.535318 3.365102 1
2.434222 3.215888 1
2.399718 3.322978 1
3.458855 4.122495 1
3.606796 4.177765 1
3.483129 4.255417 1
3.598774 4.337320 1
4.499614 3.585040 1
4.366788 3.584994 1
4.446567 3.471965 1
2.741634 3.009562 1
2.625647 3.073562 1
2.667062 2.893990 1
3.445907 2.659313 1
3.518409 2.790100 1
3.368222 2.742452 1
4.334121 3.451462 1
4.356071 4.907642 2
4.234445 4.810615 2
4.390341 4.809024 1
2.461796 4.161706 1
2.524874 4.329898 2
2.368239 4.274683 2
3.894337 4.620393 1
3.841367 4.732700 2
3.757726 4.591319 2
2.802897 4.053679 1
2.972581 3.152143 1
3.051320 3.237915 1
2.891829 3.294670 1
2.913982 3.504823 1
3.083112 3.536109 1
2.906021 3.610849 1
2.991431 3.677116 1
3.083775 2.826700 1
2.770490 3.248269 1
2.759542 3.399570 1
3.663119 3.911580 1
3.826711 3.869400 1
3.770090 3.992099 1
4.639359 4.733263 1
4.777213 4.665328 2
4.741090 4.800401 2
2.529397 2.962426 1
3.368343 3.309905 1
3.518182 3.389859 1
3.370279 3.428877 1
3.451608 3.228068 1
1.857689 3.579554 2
2.015769 3.551778 1
2.186648 3.695920 1
2.264641 3.792607 1
2.162940 3.843647 1
2.857611 3.172049 1
2.081096 3.728491 1
4.473174 3.256110 1
4.567456 3.148981 1
4.605954 3.329224 1
4.706223 3.210999 1
3.683997 3.444801 1
3.390509 2.852428 1
3.758397 3.758531 1
5.003970 3.950645 1
5.087319 4.059354 2
4.940084 4.025068 1
4.666161 4.606328 1
3.486349 2.979638 1
3.405792 3.076089 1
3.373044 2.967898 1
3.287072 3.032096 1
2.868498 3.815696 1
2.000322 3.658331 1
4.979978 4.129759 1
2.681637 4.256405 1
2.677975 4.403424 2
2.328976 4.094757 2
3.560399 3.252693 1
3.544816 3.119268 1
2.288267 3.928280 2
2.362937 3.794144 1
2.445605 3.866630 1
2.582572 4.189142 1
4.694458 3.842130 1
4.748693 3.756030 1
4.857194 3.886184 1
4.854363 3.730528 1
4.038846 3.000278 1
4.123266 2.867643 2
4.188133 2.985779 1
3.739409 2.992201 1
4.312762 2.854862 1
4.226376 2.765024 2
4.375290 2.773214 2
2.438004 4.007002 1
3.549135 2.892482 1
3.672231 4.470662 1
3.522887 4.489528 1
3.686920 3.654907 1
3.811975 3.609040 1
3.898018 3.736639 1
3.158106 4.022573 1
3.266143 3.958967 1
3.291701 4.098896 1
4.576276 2.986893 1
2.658534 3.302438 1
1.907914 3.243223 2
2.029438 3.159523 2
3.669930 4.054786 1
3.553286 4.052860 1
2.896825 4.090075 1
4.011201 4.580757 1
3.989231 4.708849 2
5.014447 3.851910 1
4.905974 2.997900 1
3.026370 3.348619 1
4.029822 3.147438 1
3.900661 3.036299 1
3.218712 2.513155 3
3.355587 2.533348 2
3.277953 2.669799 1
4.097756 4.656532 1
3.114750 3.650118 1
3.760977 4.141288 1
3.865321 4.286638 1
3.730860 4.287013 1
4.101400 3.641224 1
4.029352 3.743405 1
3.953509 3.619774 1
2.609238 3.517793 1
2.523007 3.648184 1
2.486100 3.502004 1
3.510444 3.945162 1
4.667202 3.462225 1
4.769167 3.354741 1
4.384297 4.111179 1
4.321894 4.212945 1
4.274329 4.054249 1
3.204232 3.703293 1
3.226218 3.840267 1
3.088363 3.763826 1
3.890006 4.160296 1
4.935095 3.324694 2
4.208792 4.172944 1
3.196591 2.947488 1
4.640522 2.762918 2
4.562850 2.864707 1
4.475300 2.761858 2
3.405697 4.008058 1
3.134465 3.448697 1
3.206612 3.570246 1
4.896239 2.810410 2
4.979111 2.910539 2
2.818202 2.930408 1
3.158952 4.149160 1
3.355225 4.213881 1
4.840199 3.236122 1
4.095340 3.866561 1
4.196617 3.755592 1
3.590630 2.684185 1
2.123543 3.972538 2
3.485222 4.369045 1
2.675906 3.858227 1
3.233610 2.820423 1
4.946111 4.241687 1
5.072066 4.195681 2
5.021509 4.346021 2
2.940133 4.188791 1
2.794811 4.175054 1
2.859029 4.264322 1
4.370944 3.065555 1
4.445385 2.912859 1
4.486003 3.063442 1
2.556775 3.810593 1
3.313319 3.773828 1
3.105634 3.030736 1
3.334796 3.669358 1
3.130578 3.901307 1
3.253668 3.446566 1
3.038144 2.689117 2
4.531424 4.616923 1
4.485788 4.489397 1
4.613379 4.491912 1
3.004563 3.449836 1
2.875806 3.413953 1
3.905096 3.170962 1
3.613718 4.608540 2
3.447032 4.666956 2
4.293717 4.469721 1
4.224833 4.577634 1
4.176639 4.432660 1
2.042769 3.837402 1
1.997262 3.961263 2
2.653286 3.746954 1
4.030450 3.517035 1
3.717463 2.749289 1
3.705432 2.642207 2
3.843473 2.645442 2
2.772818 3.517823 1
2.540742 4.074995 1
4.267220 3.534466 1
4.759320 3.939040 1
4.299214 2.967769 1
3.259622 3.307623 1
2.276365 3.172421 1
2.319116 3.273398 1
4.892799 3.621217 1
4.877970 3.460608 2
4.980274 3.545190 2
4.805853 3.550478 1
2.385357 3.105984 1
3.308843 3.184427 1
3.145880 2.740204 1
4.113810 4.543948 1
4.359907 3.812293 1
4.230332 3.864177 1
2.969521 4.300983 1
2.823711 4.393661 2
2.964751 3.791596 1
2.956564 4.427278 2
4.314122 4.746890 1
1.824021 3.453087 2
3.944857 3.279537 1
4.080956 3.284735 1
3.979446 3.402946 1
4.129733 3.082790 1
3.033436 3.865733 1
3.839779 3.241144 1
4.835374 3.996528 1
4.329508 3.709597 1
4.153842 4.086401 1
4.099603 4.201324 1
3.998106 4.081865 1
3.977496 4.237344 1
2.313524 3.484680 1
2.376864 3.565907 1
2.233952 3.561823 1
3.959849 2.875437 2
4.385042 4.553868 1
3.478721 3.539876 1
2.141032 3.189655 1
2.398672 3.432443 1
5.000618 3.700143 2
5.123907 3.795362 2
4.555039 3.463412 1
2.267133 3.651647 1
4.514215 4.754536 1
3.384558 3.882700 1
2.798532 3.650784 1
3.631456 2.815304 1
4.931655 3.792191 1
4.504116 4.885536 3
3.621327 2.565028 2
3.485706 2.552667 2
4.224841 2.889864 1
4.106912 3.411744 1
3.026547 4.078624 1
3.601517 3.546279 1
2.451574 3.748473 1
3.827495 2.795848 2
3.295975 2.916973 1
3.837439 2.919240 1
3.739827 2.848954 1
3.784562 3.477700 1
3.659046 2.917655 1
2.677222 3.628210 1
3.565874 3.649191 1
3.447007 3.652848 1
4.910671 4.378747 1
3.152739 2.636584 2
4.518124 4.381610 1
3.519101 3.834054 1
1.899794 3.359475 1
1.885537 3.695536 2
2.200313 3.282825 1
4.426431 4.309072 1
4.467340 4.192899 1
4.499074 3.366894 1
3.234506 4.368670 1
3.086691 4.360928 1
3.178654 4.262046 1
4.292946 3.352727 1
4.196562 3.299059 1
4.326914 3.215930 1
4.328856 4.652014 1
4.216404 4.703088 1
3.160703 4.445453 1
3.398920 4.532316 1
2.174151 3.085896 2
4.421032 4.682944 1
3.180450 3.215299 1
3.155227 3.341714 1
4.836103 4.272596 1
3.204031 3.102371 1
4.185935 3.189254 1
2.614172 2.762391 2
4.767579 2.825063 2
2.364691 3.674391 1
2.768164 4.308964 1
3.622774 3.758597 1
4.310056 3.929770 1
2.667090 3.420545 1
4.522327 3.976162 1
4.433736 3.897782 1
4.591756 3.867225 1
3.905245 3.963724 1
3.856679 4.061239 1
3.698494 4.373678 1
3.808077 4.401528 1
3.818960 4.513000 1
4.232365 3.643092 1
3.892028 3.497513 1
2.765425 3.758421 1
2.754933 3.122748 1
2.676207 3.190542 1
3.306064 4.596165 2
3.173604 4.555604 2
3.296501 4.470175 1
3.065319 4.494302 2
4.620383 4.846562 2
4.013083 3.953603 1
4.633486 4.354214 1
4.189739 3.956672 1
4.158294 3.530331 1
3.609040 2.999769 1
4.042265 4.458383 1
3.921630 4.489553 1
3.952791 4.375410 1
4.491944 4.086090 1
4.394097 4.005012 1
4.097208 3.997294 1
3.050842 3.962158 1
4.508618 3.793003 1
3.062189 4.222247 1
4.396381 3.339750 1
2.291043 3.043742 2
2.404053 3.000973 1
2.293576 2.914561 2
2.998208 3.041924 1
3.083927 3.128006 1
4.844534 4.120267 1
4.098414 4.774844 2
4.067450 4.328677 1
4.746282 4.023415 1
4.615785 4.052131 1
4.648560 3.952608 1
4.770158 3.460246 1
2.111428 3.605422 1
4.695701 4.120321 1
4.444899 3.150003 1
4.751874 4.209885 1
3.714086 3.543481 1
4.296638 4.351752 1
1.757735 3.323189 3
4.189581 4.291617 1
3.252874 4.200253 1
4.747875 4.543130 1
4.256149 3.096748 1
4.439803 3.695257 1
4.970822 4.493345 2
3.351694 3.548263 1
3.371267 4.340522 1
3.422117 4.438757 1
2.499911 3.088206 1
4.838349 4.462823 1
3.965398 3.853828 1
4.223198 3.429797 1
2.872922 3.056670 1
2.429618 2.873436 2
4.555874 4.268365 1
3.279840 4.277283 1
3.416794 3.773523 1
4.723359 4.428094 1
2.540833 2.848108 2
5.120804 3.930712 2
4.867213 4.558381 2
4.396034 4.419438 1
4.810153 4.375240 1
3.516917 3.732760 1
2.284962 3.372878 1
1.935556 3.863652 3
2.219551 3.457190 1
4.629376 3.767317 1
4.562174 3.680274 1
4.655750 4.229373 1
4.732930 4.312341 1
4.589895 4.154187 1
2.883663 3.715283 1
4.608068 3.572247 1
4.670556 3.665241 1
4.779534 3.649229 1
4.710295 3.562259 1
1.961541 3.763787 2
 0 1 2
 3 4 5
 5 4 6
 7 8 9
 10 11 12
 13 14 15
 16 17 18
 19 20 21
 22 23 2
 10 24 11
 25 19 26
 9 8 27
 28 29 30
 31 30 29
 32 33 34
 35 34 33
 36 37 38
 39 40 41
 42 43 44
 38 37 45
 46 47 48
 49 50 51
 52 53 54
 19 21 55
 56 57 58
 59 60 61
 62 61 60
 63 22 2
 64 58 65
 66 67 68
 69 70 71
 72 41 40
 73 74 75
 73 76 74
 77 5 78
 79 80 81
 56 58 82
 79 81 83
 84 85 86
 87 86 85
 18 17 88
 43 89 44
 66 90 67
 91 92 93
 69 94 70
 95 96 97
 98 97 96
 99 21 20
 77 78 100
 93 92 101
 102 103 50
 13 16 14
 49 51 104
 105 76 106
 27 8 24
 107 108 109
 49 110 50
 102 50 110
 111 112 113
 96 106 76
 114 113 112
 115 116 117
 13 15 118
 119 120 121
 105 106 14
 107 109 122
 25 122 109
 43 123 89
 95 89 123
 35 124 125
 126 127 90
 128 90 127
 129 130 131
 132 12 11
 64 65 133
 134 135 3
 136 137 66
 49 104 122
 138 55 21
 52 139 140
 141 91 113
 10 142 24
 143 58 57
 87 11 24
 115 144 145
 146 147 148
 42 148 147
 149 140 139
 62 60 150
 151 152 153
 154 155 156
 93 113 91
 157 158 159
 137 160 66
 161 86 162
 87 162 86
 163 164 165
 166 167 168
 107 80 108
 151 169 152
 170 8 7
 164 171 165
 63 172 22
 173 174 175
 32 131 176
 60 177 178
 10 179 180
 35 33 153
 151 153 33
 0 2 181
 23 181 2
 95 106 96
 60 178 150
 129 131 182
 32 183 131
 27 24 142
 87 24 184
 185 155 186
 42 187 43
 107 188 81
 35 125 189
 25 190 19
 191 172 63
 192 193 194
 195 196 138
 197 196 195
 198 199 200
 25 109 201
 166 202 167
 203 22 172
 191 148 44
 166 204 202
 105 74 76
 167 205 168
 206 178 177
 207 63 2
 208 209 210
 143 211 212
 144 213 145
 214 215 125
 216 217 218
 154 186 155
 219 188 220
 221 201 158
 143 212 58
 154 156 222
 157 159 29
 191 44 89
 223 224 225
 59 61 226
 132 11 85
 87 85 11
 49 122 227
 228 45 37
 111 113 229
 198 230 199
 206 231 75
 232 30 233
 234 235 236
 237 235 234
 238 30 232
 98 96 239
 191 240 148
 217 241 218
 186 242 243
 197 244 245
 73 239 76
 99 246 21
 247 245 244
 166 150 178
 219 81 188
 47 248 48
 77 249 5
 250 251 252
 115 117 253
 254 21 246
 6 78 5
 15 14 106
 13 255 16
 93 256 113
 257 242 186
 258 259 260
 261 260 259
 262 263 264
 59 211 60
 115 265 116
 208 266 209
 267 75 74
 135 268 3
 214 124 54
 59 226 212
 31 29 269
 141 270 271
 129 205 130
 161 272 86
 263 273 264
 208 69 274
 275 130 167
 276 226 61
 223 277 187
 141 113 278
 223 187 224
 279 48 274
 280 187 281
 119 282 120
 279 46 48
 283 252 251
 250 144 251
 138 21 284
 267 74 285
 88 285 74
 158 201 286
 223 225 287
 191 89 288
 167 130 205
 39 41 181
 28 133 29
 208 94 69
 73 75 231
 96 76 239
 36 38 272
 166 178 204
 289 118 290
 88 17 291
 292 290 118
 107 122 104
 157 293 158
 221 158 293
 275 167 202
 92 193 101
 254 168 205
 267 294 295
 267 285 294
 0 181 41
 29 159 269
 158 263 159
 42 44 148
 192 194 296
 146 148 297
 209 298 210
 107 81 80
 66 160 299
 134 3 300
 5 300 3
 73 231 239
 77 100 301
 302 3 268
 303 164 304
 163 304 164
 86 272 305
 42 281 187
 306 307 308
 309 310 311
 132 199 174
 312 313 217
 314 307 306
 215 315 125
 170 235 162
 316 268 135
 216 266 217
 312 217 266
 312 248 313
 208 317 266
 318 319 57
 192 296 320
 214 125 124
 102 26 196
 203 172 321
 289 265 145
 115 145 265
 322 251 144
 289 287 265
 323 1 41
 0 41 1
 132 200 199
 322 311 310
 10 324 179
 325 263 158
 103 326 245
 65 212 226
 148 240 297
 126 90 327
 66 327 90
 328 243 242
 151 33 136
 35 189 34
 119 121 199
 175 199 121
 95 97 89
 114 278 113
 157 29 329
 261 169 260
 330 331 332
 10 180 142
 32 34 183
 275 299 160
 141 278 270
 333 260 334
 132 174 12
 35 335 124
 336 337 124
 257 338 37
 48 248 317
 250 252 17
 339 17 252
 276 340 293
 39 341 40
 128 156 155
 120 282 116
 115 253 144
 322 144 253
 40 341 342
 119 199 230
 343 344 345
 314 345 344
 275 160 176
 314 344 346
 279 274 347
 333 348 260
 349 210 298
 328 165 350
 154 222 351
 283 351 222
 221 293 340
 19 55 26
 25 26 227
 102 110 26
 325 158 286
 128 67 90
 15 352 118
 353 354 355
 292 118 352
 66 299 327
 143 57 319
 250 213 144
 330 356 357
 228 37 338
 170 162 184
 87 184 162
 258 260 358
 151 136 68
 21 359 284
 333 68 67
 360 332 331
 219 83 81
 98 321 172
 69 347 274
 361 284 182
 129 182 284
 289 145 118
 13 118 145
 43 187 277
 336 124 335
 207 240 63
 309 311 362
 124 337 54
 191 63 240
 238 363 364
 257 186 338
 339 127 291
 365 364 363
 56 366 367
 343 315 215
 361 182 308
 79 273 80
 325 80 273
 336 153 152
 192 320 368
 149 369 140
 353 370 218
 325 108 80
 371 372 373
 312 317 248
 203 367 366
 48 317 274
 161 162 374
 100 375 83
 371 376 372
 175 174 199
 84 86 305
 280 224 187
 84 377 85
 114 270 278
 84 362 311
 378 368 320
 173 12 174
 102 326 103
 52 54 337
 328 357 165
 131 130 176
 336 355 354
 236 270 234
 114 234 270
 25 227 122
 127 379 291
 318 239 231
 303 380 164
 221 340 190
 32 137 33
 134 300 381
 42 147 281
 371 368 376
 378 376 368
 24 8 184
 382 218 370
 182 383 308
 160 137 176
 32 176 137
 206 319 231
 132 85 200
 339 252 222
 283 222 252
 208 210 94
 384 94 210
 198 311 385
 322 385 311
 65 226 329
 157 329 226
 360 242 386
 173 324 12
 64 82 58
 105 18 74
 88 74 18
 336 152 355
 336 335 153
 353 355 370
 65 58 212
 154 338 186
 339 222 156
 387 296 194
 206 75 388
 345 306 389
 390 189 125
 163 357 356
 143 177 211
 325 273 263
 330 357 331
 143 319 177
 151 68 334
 28 30 391
 102 196 326
 59 212 211
 197 326 196
 387 392 296
 275 176 130
 28 391 40
 128 393 67
 66 68 136
 283 251 310
 228 351 394
 190 340 20
 283 310 394
 206 388 178
 185 393 155
 56 82 395
 28 342 133
 52 337 354
 260 169 334
 382 164 380
 72 364 396
 365 396 364
 390 125 315
 52 140 53
 390 345 389
 302 4 3
 27 142 180
 261 152 169
 258 165 171
 185 186 243
 203 321 367
 343 345 315
 390 315 345
 117 116 282
 72 40 391
 192 101 193
 79 83 375
 25 201 190
 13 145 213
 303 304 397
 261 355 152
 353 139 354
 35 153 335
 216 218 380
 382 380 218
 228 338 351
 154 351 338
 398 183 389
 34 389 183
 138 284 195
 361 195 284
 276 293 226
 384 70 94
 88 379 285
 126 285 379
 339 156 127
 261 370 355
 192 368 101
 275 399 299
 23 395 181
 39 181 395
 228 394 45
 117 230 385
 198 385 230
 349 400 210
 384 210 400
 33 137 136
 129 284 359
 258 350 165
 149 313 369
 170 184 8
 52 354 139
 31 233 30
 198 377 311
 72 396 401
 353 218 241
 333 393 348
 141 271 402
 84 311 377
 93 101 368
 261 259 370
 382 370 259
 100 78 375
 185 348 393
 387 403 392
 303 397 298
 318 57 367
 185 350 358
 238 391 30
 254 359 21
 128 155 393
 216 404 266
 159 263 269
 262 269 263
 56 395 366
 405 320 296
 316 232 268
 302 268 232
 126 327 294
 406 294 327
 10 12 324
 406 327 299
 16 255 17
 250 17 255
 382 171 164
 162 235 374
 23 366 395
 126 379 127
 128 127 156
 26 55 196
 92 91 402
 204 295 399
 302 407 4
 157 226 293
 209 266 404
 361 307 244
 117 385 253
 322 253 385
 330 332 373
 219 220 408
 323 41 401
 72 401 41
 395 82 341
 85 377 200
 185 358 348
 149 241 217
 257 386 242
 360 331 242
 38 305 272
 109 286 201
 149 217 313
 247 307 346
 314 346 307
 64 133 342
 72 391 364
 361 308 307
 221 190 201
 381 300 249
 407 409 4
 185 243 350
 28 40 342
 39 395 341
 360 410 332
 207 297 240
 105 14 18
 16 18 14
 303 298 404
 209 404 298
 151 334 169
 361 244 195
 47 369 313
 371 256 368
 93 368 256
 260 348 358
 360 411 410
 312 266 317
 98 172 288
 49 227 110
 26 110 227
 398 389 306
 406 295 294
 64 342 341
 247 244 307
 406 399 295
 238 232 363
 283 394 351
 47 313 248
 318 321 239
 322 310 251
 126 294 285
 349 412 413
 98 288 97
 333 67 393
 309 394 310
 349 397 412
 197 245 326
 406 299 399
 414 397 304
 204 399 202
 303 404 380
 29 133 329
 65 329 133
 316 363 232
 238 364 391
 204 388 295
 302 232 233
 318 367 321
 382 259 171
 163 165 357
 267 388 75
 204 178 388
 31 269 407
 262 407 269
 276 415 340
 99 340 415
 314 306 345
 414 304 356
 237 374 235
 318 231 319
 258 171 259
 98 239 321
 56 367 57
 258 358 350
 328 331 357
 328 350 243
 371 373 229
 111 229 373
 197 195 244
 339 291 17
 36 416 411
 417 411 416
 289 290 287
 405 296 392
 267 295 388
 138 196 55
 336 354 337
 208 274 317
 161 416 272
 349 298 397
 309 45 394
 64 341 82
 250 255 213
 34 189 389
 390 389 189
 163 356 304
 302 233 407
 398 308 383
 405 400 413
 349 413 400
 206 177 319
 131 383 182
 5 249 300
 111 373 332
 36 411 386
 216 380 404
 19 190 20
 333 334 68
 384 403 70
 360 386 411
 31 407 233
 198 200 377
 330 373 372
 60 211 177
 309 362 45
 38 45 362
 414 356 372
 398 306 308
 36 386 37
 117 282 230
 119 230 282
 237 234 418
 114 418 234
 398 383 183
 131 183 383
 223 287 290
 378 412 376
 414 376 412
 141 402 91
 353 241 139
 149 139 241
 161 419 416
 88 291 379
 414 372 376
 6 409 264
 262 264 409
 262 409 407
 237 419 374
 161 374 419
 36 272 416
 191 288 172
 328 242 331
 6 264 375
 275 202 399
 257 37 386
 6 375 78
 417 410 411
 62 168 246
 254 246 168
 100 420 301
 405 413 320
 378 320 413
 330 372 356
 79 264 273
 111 332 410
 13 213 255
 79 375 264
 95 352 106
 15 106 352
 99 20 340
 89 97 288
 62 415 61
 276 61 415
 6 4 409
 99 415 246
 203 366 22
 23 22 366
 292 123 277
 405 392 400
 384 400 392
 62 150 168
 417 419 418
 100 83 420
 219 420 83
 384 392 403
 371 229 256
 113 256 229
 219 408 420
 166 168 150
 414 412 397
 84 305 362
 38 362 305
 378 413 412
 417 112 410
 237 418 419
 43 277 123
 417 418 112
 417 416 419
 292 352 123
 111 410 112
 62 246 415
 69 71 347
 109 108 286
 325 286 108
 129 359 205
 254 205 359
 114 112 418
 292 277 290
 95 123 352
 223 290 277
 0
 0
 0
 0
 0
 17
 387 279 92 170 236 7 270 194 193 235 402 271 9 403 70 347 71
 0
 0
 0
 18
 27 146 173 175 280 225 120 179 147 116 180 265 287 9 281 324 224 121
 0
 0
 14
 134 146 316 207 323 365 135 381 2 396 297 401 1 363
 22
 279 247 343 47 214 107 50 188 215 104 103 54 51 140 245 220 344 369 53 408 346 46
 6
 77 381 249 301 408 420
 0
 0
 0
