428 780
5.221864 8.314909 1
5.194563 8.453780 1
5.103426 8.308444 1
5.039473 8.409187 1
4.843771 7.742307 1
4.766234 7.666049 1
4.942622 7.631082 1
6.324848 6.482803 1
6.340768 6.646847 1
6.250611 6.565264 1
4.821928 7.549235 1
6.025010 7.132655 1
5.983438 7.024341 1
6.124147 7.063564 1
6.063959 6.945081 1
6.336443 7.604251 1
6.425355 7.527565 1
6.428321 7.684815 1
6.523942 7.618282 1
6.434163 6.527350 1
6.244118 7.184323 1
6.266187 7.027318 1
6.347591 7.127566 1
4.711200 8.307444 2
4.741633 8.163024 1
4.860852 8.234040 1
4.410115 6.599568 1
4.332772 6.515707 2
4.483908 6.449684 2
5.725996 8.491804 1
5.840215 8.416333 1
5.846289 8.591111 1
5.982413 8.487105 1
6.144520 8.261088 1
6.017505 8.310702 1
6.014330 8.187575 1
5.899400 8.271502 1
4.835890 8.349513 1
5.996070 7.736128 1
5.958368 7.915096 1
5.865686 7.811341 1
6.362182 7.384542 1
6.409706 7.225019 1
6.497157 7.378639 1
4.595613 8.187726 2
4.511151 8.049745 2
4.657690 8.056572 1
6.296477 6.291746 2
6.178900 6.299035 1
6.199009 6.150740 2
4.543251 6.941085 1
4.651010 6.849020 1
4.676975 7.006541 1
6.462371 6.286243 3
6.550437 6.430156 1
6.375656 6.392724 1
5.219138 6.610251 1
5.205322 6.783471 1
5.094726 6.711517 1
5.838173 7.692947 1
5.571858 7.994799 1
5.702821 7.933967 1
5.684880 8.078018 1
4.209164 6.676344 1
4.083702 6.608777 2
4.210244 6.520789 3
5.326624 8.394687 1
5.455002 8.323562 1
5.448535 8.493784 1
6.126753 7.757062 1
6.265494 7.724443 1
6.192368 7.834031 1
5.281036 8.087737 1
5.183760 7.973964 1
5.325183 7.953028 1
5.229473 7.854873 1
5.602718 6.699167 1
5.685526 6.823863 1
5.533053 6.801820 1
6.232662 6.425375 1
4.176283 7.510770 1
4.021476 7.534031 3
4.107207 7.367772 2
5.667077 8.750273 1
5.786549 8.751596 2
5.704263 8.908795 2
6.036715 7.571488 1
6.139481 7.641781 1
4.928938 8.408052 1
4.815514 8.530622 2
5.339095 9.054036 2
5.474401 8.974982 1
5.467297 9.110331 2
6.090784 7.860630 1
5.316194 8.940395 2
5.317335 8.524278 1
5.448219 6.482357 1
5.550116 6.335684 2
5.598416 6.473492 1
5.385935 6.762380 1
5.444646 6.913848 1
5.285058 6.963790 1
5.303810 6.851843 1
5.664499 7.207910 1
5.646004 7.361714 1
5.534051 7.227073 1
5.494450 7.360512 1
5.330009 6.659079 1
4.374683 7.131568 1
4.237511 7.038578 1
4.349758 7.017886 1
5.704483 6.374544 1
4.218152 7.147321 1
5.749829 6.701849 1
4.566793 6.573065 1
4.145229 7.234875 2
4.059261 7.122772 2
6.086353 6.241210 1
4.813176 7.911351 1
4.948983 7.864202 1
5.057843 6.603064 1
6.528897 7.259480 1
6.290893 6.904168 1
6.397560 6.995712 1
6.405883 6.864030 1
5.928920 7.612831 1
5.534955 8.410294 1
5.204967 6.904642 1
5.076235 6.911542 1
5.040743 7.991185 1
5.087064 7.877637 1
5.054564 6.800837 1
5.724779 7.792501 1
5.813758 7.908040 1
5.087629 7.126500 1
5.238856 7.112688 1
5.122115 7.262406 1
5.279744 7.252313 1
4.534422 7.490746 1
4.536436 7.376394 1
4.672927 7.475581 1
4.652640 7.350923 1
5.914955 8.744390 2
4.834458 7.281233 1
4.974308 7.230979 1
4.991446 7.348893 1
5.115304 7.631296 1
5.248849 7.594256 1
5.241812 7.726308 1
4.973298 8.502631 2
5.830169 8.029728 1
5.214862 8.622054 2
4.743224 8.436479 2
4.900292 7.423846 1
5.125394 7.766198 1
6.098043 7.995399 1
5.970793 8.053564 1
5.374543 7.049115 1
5.942912 7.503657 1
5.844851 7.405440 1
5.952569 7.343401 1
4.576108 7.607667 1
5.568016 7.505361 1
5.421016 7.473299 1
4.974689 6.722596 1
4.848577 6.738701 1
4.914988 6.591507 1
4.793907 6.642322 1
5.663185 8.228879 1
5.791213 8.162083 1
6.600378 7.433842 2
6.654553 7.582757 2
6.542108 7.522443 1
4.121198 7.040025 1
4.711037 7.794382 1
4.598866 7.059680 1
6.175334 6.712549 1
5.956855 8.621002 2
5.582434 7.111613 1
5.730698 7.082888 1
4.623034 6.302894 2
4.613519 6.446199 1
6.036983 7.427572 1
4.971705 8.284924 1
4.976001 8.131276 1
5.722375 7.494719 1
5.690073 7.627812 1
5.553058 7.626899 1
5.878323 6.748794 1
6.016706 6.747408 1
5.954902 6.877563 1
5.135509 6.219526 2
5.055723 6.299394 1
4.986338 6.169107 2
5.848434 6.998054 1
5.808165 6.849018 1
4.955557 6.285827 1
6.095220 6.845009 1
4.468042 7.715165 1
4.502781 7.876628 2
4.367325 7.805503 2
5.725727 6.942658 1
4.584562 7.758676 1
6.579016 7.137706 1
6.660239 7.031088 2
6.706936 7.148492 2
4.770121 6.206210 3
4.774349 6.316844 1
4.771996 6.822196 1
4.921848 6.875056 1
4.776976 6.939325 1
5.280290 6.342507 1
5.411267 6.342228 1
5.295508 6.477823 1
6.111039 8.111499 1
4.581967 7.159510 1
4.698600 7.260993 1
4.564543 7.276639 1
5.989936 6.513116 1
6.079998 6.386104 1
6.131536 6.546044 1
5.592066 7.860765 1
5.601561 9.025578 1
5.607803 9.159656 3
4.715678 7.142967 1
5.072101 8.187603 1
5.946052 6.642387 1
6.460231 6.637274 1
5.305802 8.228199 1
4.707977 7.588343 1
4.770649 7.392766 1
5.097023 7.394842 1
6.308508 6.782358 1
4.951414 7.741698 1
5.019200 7.792492 1
6.387387 8.152041 1
6.332718 8.297338 1
6.266655 8.219926 1
5.720436 8.623577 1
5.606541 8.533944 1
5.626664 7.003680 1
5.425395 8.066589 1
5.626382 8.655936 1
6.453265 8.234514 2
4.597871 7.963859 1
5.180929 8.201887 1
5.401987 8.855069 1
6.225852 8.136789 1
6.304467 8.089989 1
4.856603 7.145395 1
6.572844 8.041079 2
6.430508 8.018143 1
6.515550 7.910473 2
5.447165 8.199057 1
4.900376 8.008267 1
5.368001 7.803230 1
5.149235 6.503205 1
6.396385 8.457839 2
6.266117 8.525078 2
6.303124 8.424181 1
5.342384 7.156353 1
6.232851 8.354238 1
6.092814 8.423142 1
6.677935 6.532219 3
6.720660 6.397946 2
5.554943 8.137086 1
5.906887 8.149755 1
6.158843 7.484761 1
6.214417 7.341128 1
6.287699 7.489812 1
6.475371 8.127416 2
6.065762 6.644947 1
6.488848 6.925975 1
5.281466 7.474548 1
5.354449 7.365193 1
4.872307 7.020385 1
4.252996 7.294376 1
4.354853 7.244166 1
6.045297 6.091761 2
6.618821 6.336739 2
5.020481 7.500053 1
4.783399 8.029253 1
5.519876 8.638554 1
5.384756 8.631455 1
5.327545 8.743096 1
6.138964 8.533108 1
6.067565 8.626242 2
5.001524 7.020991 1
5.720968 9.035899 2
5.957688 6.180433 2
6.552126 6.569087 1
6.538285 6.701602 1
6.654490 6.668553 2
6.628255 6.795046 2
5.884179 7.129126 1
6.233740 7.586770 1
6.203375 6.835410 1
5.449233 7.590049 1
6.395429 7.818680 1
6.379520 7.921695 1
5.480383 8.766965 1
4.921330 7.526054 1
5.774346 8.272356 1
6.173964 6.936758 1
5.102235 8.506653 2
4.852577 8.123547 1
4.963239 7.116050 1
6.311791 7.282618 1
5.778982 7.195742 1
5.513087 7.016447 1
5.599947 6.895392 1
6.124454 7.204599 1
6.631719 7.227518 2
6.070055 7.308872 1
5.284117 8.831192 2
4.231218 7.410373 1
4.380692 6.783002 1
4.327588 6.682076 1
4.485376 6.682701 1
4.282556 6.957081 1
4.143545 6.940578 1
4.203537 6.832942 1
4.446509 7.322335 1
4.440694 7.457618 1
5.209591 7.373124 1
4.701714 6.395284 1
5.830730 7.559935 1
5.775057 6.563979 1
5.705297 6.482441 1
5.842587 6.430380 1
5.576140 8.729132 1
4.347909 7.403681 1
5.713191 8.365657 1
4.102388 6.731255 1
4.042965 6.835967 2
5.154410 7.012564 1
5.459824 6.216411 2
5.493474 7.799499 1
5.460635 7.695292 1
5.590402 8.831272 1
5.533744 6.581156 1
5.462663 7.912985 1
5.124939 8.088936 1
5.983962 7.228858 1
4.291726 6.598414 1
5.778348 6.292717 2
5.895851 6.288805 1
5.344021 7.672044 1
6.494907 7.791564 1
5.958299 8.386499 1
5.215215 8.747265 2
5.348897 7.561344 1
4.476462 7.048297 1
4.404589 6.915154 1
4.689008 6.623161 1
4.802021 6.536401 1
5.864811 7.265457 1
5.756623 7.304313 1
4.692145 6.510069 1
5.648269 6.275876 2
6.533076 7.023215 1
6.465974 7.128116 1
6.205282 8.463008 1
4.667230 7.685610 1
4.614072 7.870597 1
4.361379 7.659491 1
4.454059 7.580986 1
4.141549 7.641022 2
5.881123 6.555159 1
4.357193 7.543555 1
5.477098 6.708196 1
4.504460 6.802976 1
5.028214 7.709449 1
6.303704 7.978455 1
5.436562 6.612066 1
4.309435 6.850822 1
4.001836 6.698579 2
5.544349 8.245235 1
5.585395 7.733250 1
4.286083 6.765038 1
4.595124 6.705735 1
5.960152 6.379493 1
6.122543 7.390570 1
4.712487 6.733693 1
5.209268 6.416811 1
5.162119 7.494687 1
6.571133 7.724998 1
6.706133 7.730347 2
4.251238 7.728322 2
5.102062 6.414493 1
5.008130 6.495294 1
5.743260 7.394180 1
4.776282 7.054303 1
6.427768 6.742944 1
5.345887 6.568316 1
4.022027 6.978586 2
5.402276 7.244334 1
6.621301 7.323880 2
4.464261 7.193318 1
5.846077 6.642434 1
5.994973 6.290595 1
5.450286 7.125034 1
6.594790 6.921363 2
4.258708 7.599420 1
6.512930 6.825555 1
5.591185 8.333581 1
5.363317 8.144968 1
6.289138 7.868203 1
4.901669 6.452595 1
4.274262 7.493560 1
6.422322 8.355339 2
5.660082 6.583299 1
4.698055 7.935896 1
4.799413 6.423173 1
5.581451 8.925284 1
5.636427 8.427858 1
6.624644 7.818213 2
4.984843 6.382586 1
5.508369 8.877736 1
6.198315 7.931916 1
5.837869 6.177964 2
5.338184 6.231318 2
5.170027 6.324827 1
6.201482 8.650692 2
4.880465 6.349662 1
5.233618 6.250854 2
6.212695 8.034580 1
4.866957 6.236947 2
 0 1 2
 2 1 3
 4 5 6
 7 8 9
 5 10 6
 11 12 13
 12 14 13
 15 16 17
 17 16 18
 19 8 7
 20 21 22
 20 13 21
 23 24 25
 26 27 28
 29 30 31
 32 31 30
 33 34 35
 36 35 34
 37 23 25
 38 39 40
 41 42 43
 44 45 46
 47 48 49
 50 51 52
 53 54 55
 19 55 54
 56 57 58
 38 40 59
 60 61 62
 63 64 65
 66 67 68
 69 70 71
 72 73 74
 75 74 73
 66 1 0
 76 77 78
 79 47 55
 80 81 82
 83 84 85
 38 86 87
 37 88 89
 90 91 92
 38 93 39
 90 94 91
 66 95 1
 96 97 98
 99 78 100
 101 102 100
 99 100 102
 103 104 105
 106 105 104
 99 57 107
 56 107 57
 108 109 110
 111 98 97
 108 112 109
 76 113 77
 26 28 114
 112 115 116
 87 70 69
 117 49 48
 118 4 119
 56 58 120
 42 121 43
 21 122 123
 124 123 122
 38 125 86
 126 68 67
 57 127 128
 129 119 130
 131 57 128
 132 59 40
 132 133 61
 134 135 136
 137 136 135
 138 139 140
 141 140 139
 132 40 133
 84 31 142
 143 144 145
 146 147 148
 89 88 149
 150 62 61
 151 1 95
 37 89 152
 143 145 153
 146 148 154
 155 156 39
 101 100 157
 158 159 160
 138 140 161
 99 102 57
 106 162 163
 164 165 166
 167 166 165
 168 62 169
 170 171 172
 173 112 116
 118 174 4
 50 52 175
 176 9 8
 31 177 142
 44 46 24
 103 178 179
 53 55 47
 180 181 28
 158 160 182
 183 25 184
 185 186 162
 187 162 186
 134 136 144
 66 68 95
 188 189 190
 79 48 47
 191 192 193
 194 195 190
 196 193 192
 14 190 197
 189 197 190
 198 199 200
 132 186 59
 194 201 195
 198 202 199
 203 204 205
 164 166 120
 188 195 113
 77 113 195
 180 206 207
 208 209 210
 211 212 213
 96 213 212
 106 104 162
 155 214 156
 215 216 217
 218 219 220
 79 220 219
 60 221 61
 222 223 92
 215 224 216
 144 136 145
 225 183 184
 35 156 214
 150 133 39
 150 39 156
 52 51 210
 188 226 189
 19 227 8
 38 69 93
 155 39 93
 66 0 228
 33 35 214
 140 229 161
 141 230 140
 38 59 125
 231 145 136
 21 123 22
 101 157 135
 176 8 232
 4 233 119
 234 130 119
 235 236 237
 238 239 29
 240 179 178
 72 74 241
 242 239 238
 141 216 230
 235 243 236
 45 199 244
 66 228 67
 0 2 245
 2 225 245
 246 91 94
 10 230 153
 247 248 237
 143 249 144
 250 251 252
 176 197 189
 253 67 228
 129 254 119
 75 255 74
 56 120 256
 257 258 259
 248 235 237
 38 87 69
 135 157 260
 33 261 262
 263 54 264
 168 265 62
 36 266 35
 267 268 269
 41 269 268
 235 270 243
 215 175 224
 52 224 175
 218 271 226
 124 272 123
 33 262 34
 273 274 163
 106 163 274
 275 210 209
 276 112 277
 108 277 112
 117 278 49
 218 220 271
 29 31 238
 53 279 54
 153 145 280
 46 281 24
 33 214 247
 282 239 242
 151 283 284
 208 165 209
 151 95 283
 285 286 32
 262 285 32
 57 131 58
 275 209 287
 128 287 209
 84 238 31
 164 120 58
 222 288 223
 117 289 278
 10 140 230
 263 290 54
 19 54 290
 291 292 293
 231 280 145
 150 169 62
 194 294 179
 87 295 70
 176 296 197
 187 297 162
 163 162 297
 298 252 299
 246 284 300
 10 153 301
 168 169 302
 143 224 249
 14 303 13
 151 304 1
 305 24 281
 275 306 249
 307 20 22
 42 307 22
 179 294 308
 240 309 310
 20 268 311
 79 55 7
 276 82 115
 275 287 306
 203 205 312
 32 177 31
 33 247 237
 208 210 51
 313 311 268
 267 87 86
 100 310 309
 246 314 284
 176 220 9
 284 283 300
 276 315 82
 134 144 306
 267 295 87
 36 30 302
 316 317 318
 84 83 238
 282 300 283
 319 320 321
 322 139 323
 273 324 274
 137 274 324
 222 92 91
 180 207 325
 59 186 326
 96 212 97
 176 189 271
 327 328 329
 282 242 330
 4 6 233
 322 323 331
 29 332 30
 146 6 280
 63 321 333
 334 333 321
 134 287 335
 128 335 287
 46 45 244
 242 238 83
 336 97 212
 60 62 265
 337 255 338
 111 328 98
 339 83 85
 319 110 109
 143 153 230
 41 307 42
 172 18 16
 96 98 340
 185 162 104
 252 251 299
 337 341 255
 176 232 296
 129 342 184
 11 311 343
 111 329 328
 63 65 344
 322 331 277
 276 277 331
 111 345 329
 346 329 345
 347 338 255
 185 326 186
 298 348 252
 32 30 349
 44 24 23
 101 135 335
 74 255 341
 235 248 251
 305 184 25
 151 284 350
 74 341 241
 60 241 341
 273 163 351
 15 17 70
 298 70 17
 39 133 40
 143 230 216
 50 352 353
 167 354 355
 356 159 357
 358 355 354
 111 97 359
 203 360 204
 63 333 64
 129 184 254
 234 119 233
 26 114 318
 134 335 135
 194 179 201
 240 201 179
 42 361 121
 362 262 261
 363 174 202
 364 202 174
 198 365 366
 164 209 165
 3 1 304
 80 367 81
 79 9 220
 203 121 361
 132 61 221
 327 329 368
 369 366 365
 352 110 353
 36 349 30
 30 332 302
 80 82 315
 3 304 149
 313 343 311
 14 12 190
 364 244 199
 99 370 78
 316 371 353
 50 353 371
 363 202 161
 198 161 202
 4 174 5
 185 159 326
 158 326 159
 56 256 213
 15 70 295
 146 372 6
 37 152 23
 373 251 248
 374 370 107
 370 99 107
 319 109 320
 60 341 221
 96 340 374
 10 301 6
 319 321 375
 150 61 133
 77 201 310
 240 310 201
 316 318 371
 10 229 140
 218 368 329
 305 25 24
 334 376 333
 168 377 265
 194 190 12
 235 251 270
 132 378 186
 187 186 378
 172 16 43
 41 43 16
 63 379 321
 380 51 371
 50 371 51
 26 318 317
 218 329 381
 262 32 349
 34 262 349
 346 381 329
 267 382 268
 167 165 383
 137 135 260
 36 34 349
 54 279 264
 334 321 320
 363 5 174
 75 73 130
 129 130 73
 213 256 384
 273 147 385
 72 342 73
 103 105 178
 356 160 159
 386 171 387
 103 357 104
 173 109 112
 100 78 310
 198 200 365
 388 365 200
 276 115 112
 225 184 342
 389 256 390
 150 266 169
 0 245 228
 20 307 268
 143 216 224
 72 245 342
 141 217 216
 153 280 301
 231 136 324
 137 324 136
 11 13 311
 41 268 307
 185 104 391
 189 226 271
 313 268 382
 60 265 241
 253 241 265
 52 392 224
 150 156 266
 364 199 202
 146 385 147
 363 161 229
 124 232 393
 96 374 394
 188 190 195
 194 12 294
 11 294 12
 334 320 395
 120 390 256
 282 283 68
 106 396 105
 397 43 121
 215 398 352
 108 352 398
 224 392 249
 106 274 396
 218 226 368
 185 391 159
 347 148 147
 267 86 182
 158 182 86
 8 393 232
 128 209 131
 164 131 209
 234 154 130
 75 130 154
 188 113 399
 208 383 165
 380 318 114
 117 400 289
 72 228 245
 95 68 283
 21 13 303
 401 105 396
 402 204 360
 75 154 148
 188 399 226
 137 396 274
 117 219 400
 380 114 354
 358 354 114
 80 403 367
 305 254 184
 305 281 254
 118 254 281
 291 293 404
 59 326 125
 158 125 326
 231 385 280
 225 2 183
 37 25 183
 76 370 340
 126 67 405
 159 391 357
 388 367 403
 218 381 219
 3 88 183
 273 385 324
 374 340 370
 15 269 16
 76 78 370
 67 377 405
 146 154 372
 56 213 394
 275 249 392
 401 260 157
 77 310 78
 41 16 269
 168 302 332
 79 219 48
 282 68 239
 250 270 251
 28 181 114
 358 114 181
 276 331 315
 284 314 350
 146 280 385
 50 175 352
 3 183 2
 231 324 385
 117 48 219
 75 148 255
 72 241 406
 172 171 18
 380 383 51
 208 51 383
 37 183 88
 386 18 171
 167 355 166
 373 299 251
 313 182 160
 71 70 407
 298 407 70
 176 271 220
 408 166 355
 337 221 341
 118 119 254
 77 195 201
 173 395 320
 101 335 127
 282 330 300
 71 93 69
 263 292 290
 144 249 306
 36 169 266
 158 86 125
 291 290 292
 291 227 290
 19 290 227
 138 323 139
 20 311 13
 126 239 68
 72 406 228
 253 228 406
 32 286 177
 369 365 403
 198 366 161
 234 372 154
 347 255 148
 362 259 258
 369 409 331
 35 266 156
 236 410 259
 180 325 181
 96 394 213
 167 383 354
 79 7 9
 253 265 377
 327 399 113
 219 381 400
 103 179 308
 337 338 378
 187 378 338
 402 404 293
 76 411 113
 327 113 411
 369 331 323
 36 302 169
 118 281 412
 128 127 335
 46 412 281
 19 7 55
 134 306 287
 240 178 309
 222 85 288
 358 413 355
 6 301 280
 173 116 395
 358 325 413
 137 260 396
 3 149 88
 172 43 170
 397 170 43
 408 390 166
 339 85 414
 222 414 85
 126 415 239
 29 239 415
 120 166 390
 386 387 416
 267 269 295
 132 221 378
 337 378 221
 211 213 384
 401 178 105
 56 394 107
 118 412 174
 364 174 412
 173 320 109
 356 308 294
 389 390 417
 168 332 405
 124 404 272
 252 348 416
 386 416 348
 129 73 342
 246 300 418
 339 418 300
 246 94 314
 388 403 365
 124 393 404
 111 359 345
 222 91 414
 26 317 344
 57 102 127
 101 127 102
 155 93 419
 71 419 93
 138 161 366
 386 17 18
 346 420 289
 29 415 332
 291 404 393
 257 259 410
 26 344 27
 346 345 420
 313 382 182
 380 371 318
 313 160 343
 164 58 131
 336 212 421
 211 421 212
 389 192 422
 386 348 17
 298 17 348
 347 297 338
 389 417 192
 356 343 160
 423 286 285
 15 295 269
 226 399 368
 273 351 147
 347 147 351
 347 351 297
 296 122 303
 21 303 122
 356 294 343
 11 343 294
 275 392 210
 52 210 392
 253 406 241
 339 300 330
 267 182 382
 108 110 352
 203 312 121
 225 342 245
 246 418 91
 373 419 407
 362 285 262
 215 352 175
 103 308 357
 80 409 403
 203 361 360
 123 360 361
 389 384 256
 319 353 110
 402 272 404
 42 22 361
 401 396 260
 64 333 376
 346 289 400
 291 393 227
 196 417 424
 408 424 417
 76 340 411
 98 411 340
 369 403 409
 408 417 390
 397 121 312
 71 407 419
 10 5 229
 380 354 383
 8 227 393
 322 217 139
 356 357 308
 191 425 422
 296 232 122
 124 122 232
 373 407 299
 253 377 67
 196 192 417
 123 361 22
 322 277 398
 108 398 277
 331 409 315
 207 413 325
 236 259 261
 123 272 360
 402 360 272
 346 400 381
 33 237 261
 236 261 237
 155 426 214
 247 214 426
 141 139 217
 327 368 399
 104 357 391
 358 181 325
 196 427 193
 319 375 353
 316 353 375
 207 424 413
 401 309 178
 211 384 422
 46 244 412
 364 412 244
 296 303 197
 14 197 303
 401 157 309
 322 398 217
 63 317 379
 408 355 413
 91 418 414
 211 422 425
 389 422 384
 191 422 192
 327 411 328
 98 328 411
 374 107 394
 298 299 407
 187 338 297
 362 258 285
 423 285 258
 63 344 317
 155 419 426
 373 426 419
 215 217 398
 236 243 410
 408 413 424
 100 309 157
 247 426 248
 373 248 426
 80 315 409
 332 415 405
 242 83 330
 339 330 83
 316 379 317
 207 427 424
 369 323 366
 138 366 323
 65 27 344
 163 297 351
 207 206 427
 363 229 5
 211 425 421
 196 424 427
 168 405 377
 339 414 418
 234 233 372
 6 372 233
 362 261 259
 321 379 375
 316 375 379
 126 405 415
 27
 257 84 263 423 250 402 397 205 252 223 85 171 204 286 387 293 292 142 258 270 416 288 243 312 170 410 177
 0
 0
 0
 4
 263 53 264 279
 16
 336 191 53 47 278 97 49 289 359 420 193 345 206 421 425 427
 0
 0
 0
 0
 0
 0
 0
 5
 180 28 65 27 206
 0
 9
 334 64 65 82 81 395 115 116 376
 19
 388 44 151 90 89 92 45 23 200 223 81 367 149 314 199 152 350 94 304
 0
