425 752
6.801157 9.515192 1
6.687997 9.444273 1
6.839583 9.404687 1
6.547130 9.231997 1
6.642835 9.095756 1
6.670410 9.223898 1
6.759707 9.315547 1
7.196783 8.586221 1
7.200417 8.693474 1
7.050214 8.601746 1
6.485560 9.116166 1
7.098999 8.730274 1
6.329707 9.377750 1
6.492596 9.347685 1
6.401016 9.473169 1
6.985586 7.796449 1
6.940618 7.663868 1
7.081625 7.688628 1
7.047115 7.545722 1
6.023907 9.579772 1
5.876548 9.535896 1
6.006768 9.473273 1
7.580945 7.964810 1
7.718913 8.041488 2
7.572391 8.086435 2
6.783435 9.018176 1
6.778850 9.177019 1
7.275660 8.213222 1
7.137843 8.159833 1
7.227174 8.086565 1
6.686429 8.234365 1
6.638235 8.363351 1
6.535256 8.299313 1
6.993425 6.836701 1
7.114738 6.939888 1
6.971315 7.008838 1
6.567698 8.175380 1
6.406180 9.252308 1
6.515550 7.910473 2
6.624644 7.818213 2
6.686428 7.967595 1
7.144457 7.206719 1
7.307000 7.237937 1
7.226987 7.311540 1
7.695690 7.911520 2
6.646036 8.522911 1
6.661362 8.674201 1
6.551526 8.651682 1
7.265111 7.137614 1
5.942748 9.666035 1
6.522646 8.522436 1
7.193438 8.308837 1
6.673309 9.597209 1
6.560266 9.486866 1
5.786549 8.751596 2
5.831116 8.859455 1
5.704263 8.908795 2
6.344052 9.144920 1
6.398485 9.020336 1
6.805555 10.000000 0
6.669086 9.877488 1
6.780723 9.831198 1
6.572844 8.041079 2
6.551444 8.971073 1
7.548998 7.737122 2
7.428339 7.792615 1
7.404126 7.691044 2
5.840853 8.968827 1
6.024354 9.014854 1
5.875474 9.096663 1
7.017651 7.162090 1
7.078317 7.069114 1
5.951161 8.879012 1
6.555438 9.633027 1
7.331566 6.341513 2
7.227332 6.377385 1
7.210431 6.242014 3
6.713991 8.770042 1
6.679886 8.911281 1
6.559259 8.790221 1
7.622010 6.659157 1
7.784500 6.655800 2
7.683464 6.786697 2
5.777870 9.287535 1
5.914904 9.298908 1
5.802255 9.410053 1
5.912392 9.415397 1
7.203186 8.425324 1
7.341808 8.373205 1
6.911581 7.128113 1
7.135184 9.459273 1
7.014851 9.497261 1
7.063276 9.350357 1
6.750058 7.850803 1
6.952539 9.398787 1
6.862116 6.880311 1
7.499422 8.836214 1
7.567285 8.700944 1
7.614100 8.825500 1
7.711292 6.550242 2
7.547463 6.782708 1
7.610132 6.881110 1
7.777778 10.000000 0
7.638889 10.000000 0
7.724136 9.844862 1
6.186282 9.712640 1
6.141191 9.618241 1
6.285971 9.581976 1
7.569445 9.905751 1
7.084967 8.269139 1
7.204169 7.596014 1
7.380812 9.350439 1
7.468836 9.518209 1
7.334869 9.455361 1
7.493327 9.372643 1
7.158516 9.235254 1
7.226109 9.365529 1
6.696742 7.478108 1
6.654553 7.582757 2
6.600378 7.433842 2
6.755052 6.772868 1
6.775290 6.640496 1
6.890939 6.756567 1
6.811966 9.642995 1
6.899935 9.120657 1
7.410687 9.658910 1
7.521936 9.691813 1
5.617157 9.754135 2
5.728519 9.697784 1
5.782080 9.823995 1
6.666667 10.000000 0
5.658605 9.881393 1
6.894502 8.629272 1
6.754989 8.622025 1
6.789530 8.518266 1
6.628255 6.795046 2
6.654490 6.668553 2
7.430632 7.238840 2
7.408843 7.126603 1
7.552121 7.134439 2
6.902410 8.501462 1
7.591715 9.599132 1
7.460124 9.079474 1
7.479390 9.224616 1
7.369483 9.136706 1
7.358087 8.091799 1
6.155670 9.054038 1
6.189645 8.950685 1
6.979998 8.732032 1
7.190681 7.054890 1
6.099037 8.875254 1
6.812208 7.044554 1
7.452580 8.715000 1
6.415514 8.787515 1
6.440328 8.675400 1
7.380548 7.964545 1
7.327610 7.829855 1
7.459446 7.887070 1
6.153409 9.522855 1
6.396385 8.457839 2
6.343915 8.611896 1
6.266117 8.525078 2
6.900599 6.621822 1
6.979423 6.705133 1
7.119430 6.782479 1
7.078156 6.658418 1
7.269433 7.976513 1
6.802744 7.636057 1
6.841384 7.754109 1
6.265505 9.053463 1
6.464293 9.583187 1
7.678721 8.743058 1
7.158202 7.461568 1
6.990125 7.435170 1
7.130754 7.349192 1
7.201718 7.753582 1
7.292130 7.686495 1
5.555555 10.000000 0
5.416667 10.000000 0
5.510119 9.866122 2
6.882695 7.457458 1
6.758337 7.389542 1
6.906394 7.355773 1
5.676312 9.257267 1
5.751612 9.154735 1
7.006534 8.433873 1
7.028942 8.053897 1
6.919601 8.113318 1
6.924795 7.945973 1
6.806640 8.055938 1
7.361111 10.000000 0
7.296700 9.920088 1
7.432374 9.886025 1
6.453265 8.234514 2
6.475371 8.127416 2
7.042936 6.486008 1
6.936630 6.474407 2
7.051257 6.380390 2
7.574777 9.791536 1
7.408272 9.765462 1
6.250000 10.000000 0
6.111111 10.000000 0
6.181142 9.858657 1
6.901500 8.367714 1
7.266487 8.507080 1
7.559837 9.099396 1
7.500000 10.000000 0
6.808378 8.875128 1
6.901810 8.967202 1
7.121701 8.888822 1
7.252378 8.899221 1
7.108465 9.000947 1
6.388434 9.671264 1
7.547746 6.456608 2
7.514866 6.585629 1
7.421852 6.461104 1
7.396502 6.566244 1
7.451444 6.685929 1
7.303811 6.638126 1
6.784105 7.514131 1
7.584832 9.331422 1
7.660341 9.421269 1
7.579844 9.484646 1
7.139313 6.342252 1
7.220484 9.031564 1
6.302894 9.706076 1
6.443992 8.575473 1
6.882627 9.886447 1
5.860522 9.198224 1
7.559846 7.847754 2
7.004992 9.053137 1
7.022418 9.191932 1
5.982752 9.153278 1
5.972222 10.000000 0
5.898700 9.885500 1
6.060734 9.888889 1
7.271050 9.722310 1
7.253049 9.606718 1
6.830453 7.287535 1
7.083333 10.000000 0
7.079720 9.858798 1
7.202360 9.863933 1
7.781382 9.697988 1
7.656583 9.697560 1
7.222222 10.000000 0
6.706936 7.148492 2
6.660239 7.031088 2
8.194445 10.000000 0
8.055555 10.000000 0
8.096696 9.865049 2
6.916779 9.288080 1
7.154130 9.733686 1
7.124003 9.594628 1
6.297576 8.948071 1
6.219924 8.820246 1
7.719052 9.561968 1
6.862159 7.857463 1
7.346310 6.753424 1
5.836073 9.651634 1
7.058541 7.923673 1
7.376606 9.243668 1
7.329925 8.650030 1
7.874085 9.884976 1
7.355088 9.564360 1
6.817110 8.413960 1
5.607803 9.159656 3
5.720968 9.035899 2
7.102448 7.810996 1
6.909560 7.540865 1
6.099948 9.147806 1
7.713061 6.929952 2
7.384907 8.518030 1
6.624095 9.338402 1
6.244683 9.457056 1
6.817706 7.185980 1
6.100932 9.407632 1
6.199639 9.344516 1
7.041790 9.729144 1
7.482370 8.449934 1
5.567767 9.303588 1
5.444541 9.386308 2
5.476700 9.225661 2
7.467947 8.026443 1
7.316314 9.819341 1
7.705776 8.620243 2
7.795235 8.738968 2
6.054611 9.284513 1
6.808969 7.939981 1
7.024794 7.314281 1
6.336432 8.839258 1
7.004952 9.625604 1
7.973966 9.793027 1
7.926123 9.647036 2
8.071431 9.707599 2
7.563559 8.551735 2
6.780162 8.311740 1
5.694445 10.000000 0
7.515350 8.324350 1
7.409687 8.238256 1
7.575780 8.206882 2
7.473275 8.137273 1
7.855938 9.773578 1
5.870399 9.754210 1
6.922612 7.239156 1
6.706133 7.730347 2
5.993177 9.780726 1
6.730762 8.424308 1
6.008992 8.708517 1
6.067565 8.626242 2
6.106747 8.749391 1
6.201482 8.650692 2
6.722287 6.909847 1
5.914955 8.744390 2
5.956855 8.621002 2
6.324863 8.732353 1
7.389845 8.909194 1
7.382853 8.800762 1
7.606037 8.950572 1
7.479389 8.979532 1
7.277528 8.773541 1
7.460085 8.602646 1
6.441116 8.889874 1
6.723753 9.719796 1
6.604926 9.764725 1
7.130146 9.110865 1
7.266002 9.152352 1
5.513700 9.525151 2
5.640282 9.603033 1
5.532137 9.655560 2
7.451898 6.332393 2
7.916667 10.000000 0
7.457831 7.028260 1
6.953569 9.795262 1
6.845856 9.760732 1
7.725531 8.872280 2
7.346021 9.026924 1
6.842145 8.742575 1
7.420647 6.829785 1
7.499552 6.909820 1
6.164565 9.233966 1
7.761899 9.464337 1
7.123057 8.487046 1
7.609828 6.534926 2
7.003452 6.582570 1
7.201639 6.555224 1
7.141817 6.454616 1
7.288534 6.484237 1
6.806112 6.512841 2
6.303110 9.885636 1
6.929001 8.841491 1
6.498373 9.849589 1
6.485882 9.713652 1
6.379928 9.784677 1
6.527778 10.000000 0
6.405153 9.898450 1
7.307018 7.490772 1
7.657934 9.067125 1
7.683282 9.289816 2
7.806282 9.365907 2
6.532987 8.414411 1
7.256520 6.959765 1
6.677935 6.532219 3
6.388889 10.000000 0
7.612805 9.195540 1
5.997921 9.375944 1
6.264444 9.787251 1
7.707360 7.080917 2
7.583470 6.996770 1
6.019511 8.795521 1
6.096767 9.787628 1
6.594790 6.921363 2
7.276907 9.262949 1
6.621301 7.323880 2
7.236239 9.498988 1
7.181079 7.889103 1
7.146385 8.006252 1
6.578643 9.915918 1
6.910433 9.478945 1
7.660402 8.315230 2
7.598155 8.429619 2
5.833333 10.000000 0
6.690825 8.109853 1
7.180607 6.662320 1
7.334547 7.043273 1
7.861919 9.508206 2
7.830669 9.606924 1
7.056210 8.818560 1
7.358154 7.360455 2
7.413948 7.496979 2
7.020594 8.927916 1
6.276409 9.249656 1
7.343606 7.591983 2
7.764816 9.034150 2
7.712763 9.154874 2
6.944445 10.000000 0
6.422322 8.355339 2
5.565848 9.414798 1
7.209267 6.859083 1
6.987856 9.906951 1
7.246343 6.760936 1
7.250477 7.403278 1
6.907895 9.580243 1
7.000827 8.307480 1
6.901956 8.237766 1
6.800545 8.175446 1
7.705962 8.971114 2
5.763889 9.924757 1
5.727032 9.496281 1
5.626346 9.486788 1
5.761691 9.596926 1
7.983394 9.908610 1
5.676509 9.380824 1
7.010829 8.189888 1
7.105238 6.561436 1
6.056384 9.693966 1
7.309304 6.852346 1
7.178983 8.806170 1
7.377767 6.940284 1
6.217739 9.146187 1
6.922500 9.688689 1
6.725146 7.264184 1
7.102002 8.371950 1
7.062410 6.272943 2
7.793717 7.009913 3
6.631719 7.227518 2
 0 1 2
 3 4 5
 1 6 2
 7 8 9
 10 4 3
 8 11 9
 12 13 14
 15 16 17
 18 17 16
 19 20 21
 22 23 24
 25 26 4
 27 28 29
 30 31 32
 33 34 35
 30 32 36
 12 37 13
 38 39 40
 41 42 43
 44 23 22
 45 46 47
 48 42 41
 19 49 20
 45 47 50
 27 51 28
 1 52 53
 54 55 56
 57 58 10
 59 60 61
 62 38 40
 63 4 10
 64 65 66
 67 68 69
 70 35 71
 67 72 68
 52 73 53
 57 10 37
 74 75 76
 77 78 79
 80 81 82
 83 84 85
 86 85 84
 87 51 88
 89 35 70
 90 91 92
 93 40 39
 86 21 20
 91 94 92
 33 35 95
 96 97 98
 80 99 81
 80 82 100
 101 100 82
 77 79 46
 102 103 104
 105 106 107
 103 108 104
 109 28 51
 18 110 17
 27 88 51
 111 112 113
 114 112 111
 115 116 92
 90 92 116
 117 118 119
 120 121 122
 1 0 52
 123 52 0
 25 124 26
 125 112 126
 127 128 129
 59 130 60
 127 129 131
 132 133 134
 120 135 136
 137 138 139
 132 134 140
 141 126 112
 142 143 144
 27 29 145
 146 68 147
 11 148 9
 48 41 149
 150 147 68
 47 46 79
 63 79 78
 151 35 89
 152 97 96
 153 154 79
 47 79 154
 155 156 157
 63 10 58
 107 106 158
 159 160 161
 132 9 148
 5 4 26
 71 35 34
 162 122 121
 163 164 33
 165 164 163
 155 145 166
 167 16 168
 57 169 58
 170 107 14
 171 98 97
 172 173 174
 17 110 175
 175 110 176
 177 178 179
 180 181 182
 83 183 184
 132 140 9
 185 9 140
 186 187 188
 189 188 187
 190 191 192
 36 193 194
 195 196 197
 198 192 199
 15 168 16
 198 199 126
 198 104 108
 200 201 202
 185 140 203
 87 88 204
 142 205 143
 206 190 192
 25 207 208
 65 157 156
 209 210 211
 170 212 107
 213 214 215
 71 149 41
 216 217 218
 219 167 118
 117 219 118
 220 221 222
 223 76 75
 18 173 172
 211 210 224
 114 220 222
 105 107 225
 159 226 160
 59 61 227
 83 184 228
 64 229 65
 230 231 124
 232 84 228
 233 234 235
 125 236 237
 238 182 181
 239 240 241
 18 172 110
 232 69 68
 10 3 37
 242 104 243
 198 243 104
 244 239 241
 151 245 246
 247 248 249
 44 22 229
 155 166 156
 250 6 26
 251 252 237
 253 147 254
 221 255 222
 250 26 124
 251 236 241
 45 133 46
 177 179 131
 93 168 256
 217 257 218
 258 20 49
 15 259 188
 260 144 143
 7 204 261
 102 104 262
 63 78 4
 25 4 78
 125 237 263
 264 203 140
 184 265 266
 15 17 267
 18 268 173
 150 254 147
 146 269 68
 101 82 270
 271 261 204
 1 53 272
 13 272 53
 107 273 14
 150 68 72
 151 274 245
 230 124 208
 25 208 124
 275 273 158
 67 69 266
 275 276 273
 251 277 252
 120 136 121
 271 88 278
 184 266 69
 279 280 281
 155 282 145
 283 192 191
 271 204 88
 232 68 269
 171 284 285
 283 241 236
 232 286 84
 93 256 287
 288 70 41
 253 254 289
 290 252 277
 291 292 293
 294 284 97
 171 97 284
 30 295 31
 296 177 131
 151 95 35
 151 89 274
 251 237 236
 141 222 255
 297 298 299
 300 299 298
 242 301 104
 12 14 273
 129 128 302
 288 303 70
 167 168 304
 305 235 234
 13 53 14
 31 295 306
 307 308 309
 310 309 308
 232 228 69
 291 293 249
 297 88 298
 27 298 88
 29 166 145
 151 311 95
 307 312 313
 25 78 207
 310 160 314
 258 302 128
 288 174 173
 216 215 214
 315 210 316
 65 156 66
 176 66 156
 317 205 318
 32 193 36
 319 316 210
 310 161 160
 180 173 268
 271 278 320
 253 321 58
 47 226 50
 61 60 322
 323 322 60
 180 219 181
 250 231 92
 115 92 231
 230 324 231
 18 16 268
 47 154 226
 224 325 324
 115 324 325
 150 309 254
 310 254 309
 253 58 169
 186 188 259
 297 278 88
 120 122 95
 326 327 328
 250 124 231
 213 215 329
 232 269 286
 170 53 73
 310 314 254
 323 73 52
 330 102 262
 113 116 111
 331 139 138
 120 95 311
 332 227 333
 125 199 236
 171 285 334
 315 335 210
 77 133 336
 132 336 133
 337 100 338
 339 276 286
 275 286 276
 221 340 255
 101 338 100
 224 210 335
 224 335 325
 7 341 204
 80 342 99
 162 196 343
 7 9 341
 15 188 256
 63 321 79
 344 345 346
 162 347 196
 323 52 322
 123 322 52
 216 218 346
 344 346 218
 93 304 168
 13 37 3
 167 304 118
 200 202 348
 349 208 207
 323 350 351
 352 351 350
 353 354 350
 355 110 172
 294 320 278
 184 183 265
 5 26 6
 104 301 262
 317 356 205
 61 333 227
 1 272 6
 5 6 272
 346 345 75
 151 246 311
 221 357 358
 45 50 359
 71 34 149
 360 149 34
 251 241 240
 189 287 188
 87 204 341
 361 347 121
 45 359 31
 353 362 354
 363 143 205
 253 289 321
 242 243 255
 141 255 243
 86 84 364
 201 235 202
 337 217 100
 15 267 259
 167 268 16
 105 365 202
 366 139 367
 19 21 158
 275 158 21
 150 72 368
 33 164 34
 105 202 369
 370 311 246
 153 79 321
 279 281 265
 116 371 111
 127 131 179
 331 367 139
 83 228 84
 48 138 42
 67 55 72
 250 2 6
 127 328 327
 117 119 181
 372 181 119
 33 95 122
 90 116 373
 113 373 116
 374 156 166
 186 375 28
 323 376 350
 362 200 348
 114 111 143
 260 143 111
 325 335 144
 159 359 50
 377 94 91
 63 58 321
 7 261 8
 297 378 379
 125 263 112
 185 341 9
 114 222 112
 349 336 148
 132 148 336
 115 371 116
 233 380 234
 30 36 381
 62 381 36
 165 382 164
 48 149 383
 360 383 149
 201 233 235
 67 56 55
 384 292 385
 370 135 311
 15 256 168
 349 148 386
 300 145 282
 74 329 215
 355 387 388
 29 28 375
 216 214 217
 80 217 214
 127 327 128
 291 301 292
 242 292 301
 349 386 389
 142 335 318
 315 318 335
 297 299 378
 288 41 174
 43 174 41
 297 379 278
 115 231 324
 120 311 135
 339 286 269
 80 100 217
 12 390 37
 366 367 270
 101 270 367
 300 298 145
 27 145 298
 176 110 391
 283 236 199
 45 134 133
 392 393 356
 323 60 376
 107 212 225
 323 351 73
 242 385 292
 374 175 156
 319 261 316
 152 316 261
 394 59 227
 355 391 110
 159 395 359
 77 46 133
 206 192 108
 198 108 192
 137 42 138
 279 396 280
 326 280 396
 377 0 2
 294 278 379
 22 282 157
 162 121 347
 360 34 397
 239 398 240
 113 112 263
 237 252 373
 90 373 252
 374 259 267
 399 164 382
 142 318 205
 355 172 400
 12 276 390
 317 98 334
 171 334 98
 239 394 398
 115 325 371
 137 387 42
 43 42 387
 305 302 49
 117 181 219
 71 41 70
 363 393 357
 337 257 217
 377 401 0
 123 0 401
 185 203 402
 74 215 346
 403 404 187
 189 187 404
 77 207 78
 317 334 405
 251 240 277
 332 277 240
 380 406 234
 129 234 406
 67 266 56
 352 350 354
 361 121 136
 48 383 138
 384 340 358
 374 267 175
 407 327 408
 326 408 327
 30 381 404
 189 404 381
 407 409 327
 283 199 192
 141 243 126
 198 126 243
 22 157 229
 399 397 164
 170 14 53
 141 112 222
 317 318 96
 315 96 318
 189 381 40
 353 350 376
 290 401 91
 221 358 340
 250 92 94
 103 206 108
 264 306 295
 291 410 262
 330 262 410
 83 85 411
 407 411 85
 238 274 303
 89 303 274
 384 255 340
 248 330 410
 109 402 412
 165 413 382
 57 37 390
 279 265 183
 305 49 414
 248 410 249
 155 157 282
 32 31 359
 237 373 263
 113 263 373
 399 218 257
 319 8 261
 62 40 381
 384 385 255
 242 255 385
 291 249 410
 403 412 402
 305 234 302
 129 302 234
 107 158 273
 332 240 398
 377 91 401
 362 348 354
 153 314 154
 160 154 314
 5 272 3
 13 3 272
 221 220 357
 130 353 376
 152 96 316
 315 316 96
 403 295 404
 264 140 134
 399 415 397
 339 390 276
 159 50 226
 260 111 371
 62 36 194
 344 382 413
 374 166 375
 29 375 166
 186 259 375
 19 158 106
 271 320 261
 152 261 320
 355 400 387
 43 387 400
 45 31 306
 186 412 187
 176 156 175
 363 357 220
 189 40 287
 209 416 210
 184 69 228
 125 126 199
 190 244 191
 331 383 417
 331 417 338
 352 212 351
 260 325 144
 93 39 304
 291 262 301
 101 367 338
 230 389 211
 209 211 389
 380 296 406
 72 312 368
 307 368 312
 319 210 416
 363 220 143
 12 273 276
 339 418 390
 186 28 412
 332 419 277
 290 277 419
 238 420 274
 260 371 325
 77 336 207
 349 207 336
 407 85 20
 86 20 85
 279 183 411
 105 225 365
 93 287 40
 185 402 421
 403 187 412
 230 208 389
 349 389 208
 216 346 215
 153 321 289
 172 174 400
 43 400 174
 83 411 183
 109 412 28
 152 320 97
 294 97 320
 317 405 356
 153 289 314
 254 314 289
 317 96 98
 332 333 419
 65 229 157
 407 408 411
 30 404 295
 109 421 402
 296 131 406
 129 406 131
 307 313 308
 374 375 259
 170 73 351
 170 351 212
 57 390 418
 363 356 393
 279 411 396
 209 386 416
 327 409 128
 392 356 405
 245 274 420
 352 354 348
 363 205 356
 258 49 302
 399 382 218
 344 218 382
 223 422 76
 290 91 252
 90 252 91
 352 225 212
 195 343 196
 188 287 256
 32 359 395
 146 147 169
 253 169 147
 300 24 299
 352 348 365
 11 416 386
 34 164 397
 74 346 75
 403 203 295
 150 368 309
 224 324 211
 142 144 335
 89 70 303
 130 376 60
 352 365 225
 162 343 163
 165 163 343
 11 386 148
 258 128 409
 33 122 163
 105 369 414
 202 365 348
 17 175 267
 307 309 368
 360 417 383
 332 398 227
 399 257 415
 337 415 257
 244 241 191
 360 415 417
 195 197 345
 223 345 197
 223 75 345
 337 338 417
 238 181 420
 337 417 415
 331 338 367
 372 420 181
 283 191 241
 72 55 312
 54 312 55
 230 211 324
 185 421 341
 290 419 401
 394 227 398
 165 343 413
 114 143 220
 331 138 383
 19 414 49
 355 388 391
 209 389 386
 319 416 8
 11 8 416
 258 409 20
 61 322 333
 123 333 322
 162 163 122
 160 226 154
 202 235 369
 305 369 235
 87 341 421
 84 286 364
 275 364 286
 305 414 369
 288 182 303
 250 94 2
 366 270 423
 195 345 413
 264 295 203
 109 51 421
 87 421 51
 407 20 409
 146 418 269
 288 173 182
 411 408 396
 238 303 182
 22 24 282
 300 282 24
 176 391 66
 344 413 345
 360 397 415
 213 342 214
 377 2 94
 146 169 418
 339 269 418
 80 214 342
 195 413 343
 45 306 134
 264 134 306
 19 106 414
 123 401 419
 105 414 106
 372 424 420
 57 418 169
 180 182 173
 32 395 193
 86 364 21
 403 402 203
 275 21 364
 180 268 219
 167 219 268
 123 419 333
 245 420 424
 326 396 408
 223 197 422
 0
 27
 159 54 361 310 62 370 372 245 38 265 56 118 246 308 304 135 136 312 161 194 39 266 193 424 119 395 313
 29
 392 64 44 384 137 294 366 284 292 139 334 358 378 387 249 229 293 285 357 23 299 379 391 388 66 423 393 24 405
 10
 74 213 82 99 329 81 76 270 423 342
 6
 361 347 76 196 422 197
 0
 0
 0
 0
 0
 0
 0
 0
 0
 0
 0
 7
 326 127 280 179 265 328 281
 0
