423 766
8.136876 4.213919 1
8.233779 4.208621 1
8.197956 4.353964 1
8.043000 4.266956 1
8.283409 4.508610 1
8.329446 4.403931 1
8.401311 4.564542 2
7.164596 2.778845 1
7.262382 2.722581 1
7.201928 2.902174 1
8.446996 4.428215 2
7.342909 2.799273 1
6.849532 3.776139 1
6.800718 3.652420 1
6.911029 3.660890 1
6.810746 4.185935 1
6.771570 4.326343 1
6.666837 4.183290 1
6.642293 4.299617 1
7.068633 3.034311 1
7.052530 2.925088 1
7.223019 5.959930 1
7.327240 5.856607 1
7.330631 6.014463 2
7.340687 3.445907 1
7.209900 3.518409 1
7.257548 3.368222 1
6.577372 6.121279 1
6.721230 6.140491 1
6.586689 6.236336 1
7.173300 3.083775 1
6.690095 3.368343 1
6.610770 3.517084 1
6.571198 3.370148 1
6.771995 3.451471 1
7.445928 5.925075 2
8.363518 4.296433 1
8.541680 4.309810 2
6.850639 5.821062 1
6.764899 5.732218 1
6.949240 5.690904 1
7.474355 3.948735 1
7.362502 3.998096 1
7.354558 3.843473 1
7.787800 3.842246 1
7.717743 3.712051 1
7.853895 3.704172 1
6.765488 4.794387 1
6.921344 4.852563 1
6.792965 4.944991 1
7.147572 3.390509 1
7.484683 5.762489 1
7.258852 3.938286 1
6.807890 5.608046 1
7.507003 3.833107 1
7.411201 5.419500 1
7.443591 5.267010 1
7.530152 5.345335 1
6.506629 3.889209 1
6.371160 3.918404 2
6.453152 3.767231 2
7.248505 4.062547 1
6.967904 3.287072 1
7.032102 3.373044 1
6.923911 3.405792 1
7.020362 3.486349 1
8.224382 5.129714 2
8.161983 4.972324 1
8.308622 5.038104 2
6.707098 6.267285 1
7.432907 3.754267 1
7.680612 4.592384 1
7.803439 4.691078 1
7.654087 4.696296 1
7.793516 4.580345 1
7.331261 5.717915 1
8.116965 5.102116 1
8.499805 4.198955 2
7.695964 5.158335 1
7.704840 4.993128 1
7.798072 5.105775 1
7.488338 5.133633 1
7.391780 5.076591 1
7.464369 4.987767 1
7.435950 4.462722 1
7.340311 4.526483 1
7.320731 4.347878 1
7.238105 4.475309 1
6.733642 3.740400 1
7.198951 5.742980 1
7.176685 5.859831 1
7.908357 4.798086 1
7.962013 4.663584 1
6.747306 3.560399 1
6.880623 3.544763 1
7.733526 5.338585 1
7.612352 5.241457 1
7.774418 5.233129 1
8.348732 4.179103 1
6.764845 5.204879 2
6.863762 5.336168 1
6.685428 5.362820 2
6.824794 5.472210 1
7.124092 5.526034 1
7.204670 5.405964 1
7.296735 5.500678 1
6.712580 3.932482 1
6.708884 4.073019 1
6.595653 3.964163 1
6.999556 4.038641 1
7.132358 4.123266 1
7.014201 4.188108 1
7.007150 3.739095 1
7.719899 4.769942 1
7.677336 4.871897 1
7.584693 4.797374 1
6.946815 5.205117 1
7.145138 4.312762 1
7.234975 4.226376 1
7.226786 4.375290 1
7.569298 5.891051 2
6.684817 5.529173 2
6.690910 5.668113 1
6.574519 5.663994 2
7.481462 4.203020 1
7.581713 4.284287 1
7.450148 4.327531 1
7.550530 3.698022 1
7.434972 3.621327 1
7.107476 3.549114 1
7.590600 4.173781 1
7.310883 3.038144 1
7.393803 2.920684 1
7.442627 3.070481 1
6.740088 4.479023 1
6.844259 4.575675 1
6.694670 4.607204 1
8.134847 3.534906 1
8.141157 3.688168 1
7.999675 3.667001 1
6.677935 6.532219 3
6.720660 6.397946 2
6.806112 6.512841 2
6.840518 4.024195 1
6.958953 3.898711 1
8.119693 3.335945 1
8.203995 3.214273 2
8.225669 3.402265 2
6.970466 5.038136 1
7.072138 5.117852 1
6.584668 4.109902 1
7.901470 4.551707 1
7.226384 5.625953 1
8.142313 4.540506 1
7.521933 5.446952 1
8.164438 4.105258 1
8.303850 4.077287 1
7.518536 2.990162 1
6.933664 4.371037 1
7.087327 4.451959 1
6.923322 4.490115 1
7.486845 3.218712 1
7.466652 3.355587 1
7.330201 3.277953 1
7.940942 4.044223 1
7.829739 4.154537 1
7.810811 3.992948 1
7.683034 4.079422 1
6.621573 3.804765 1
6.669802 3.646270 1
6.840674 6.409237 1
6.560232 3.675211 1
7.589087 5.067315 1
6.726094 5.043987 2
6.687865 4.905247 2
8.014758 5.026240 1
7.912322 5.070052 1
7.905993 4.939065 1
6.978658 5.457349 1
6.631111 6.026497 1
7.236230 4.640737 1
7.596216 5.791795 2
7.919750 3.793797 1
8.010725 4.891712 1
7.646689 3.834103 1
7.589310 3.951665 1
7.076392 4.822713 1
7.184811 4.897837 1
7.085773 4.974476 1
7.355974 4.133937 1
7.511289 4.077076 1
8.280723 3.514709 2
6.631879 4.698171 1
6.770990 4.672834 1
7.819833 4.993639 1
7.592319 3.433949 1
7.679657 3.570265 1
7.536464 3.555036 1
7.052512 3.196591 1
7.136845 4.570757 1
8.140535 3.900856 1
8.224384 3.983773 1
8.077665 4.032224 1
8.044079 3.806587 1
8.028935 3.941008 1
6.950447 6.333149 1
6.936630 6.474407 2
7.068888 2.818274 1
6.635351 4.809585 1
7.293615 4.802448 1
7.301553 4.971611 1
7.381545 4.884879 1
6.848817 5.063982 1
7.670146 4.365158 1
7.547561 4.413340 1
8.261129 3.719571 1
8.343011 3.622439 2
8.418548 3.747811 2
7.315815 3.590630 1
6.822093 3.892826 1
7.051257 6.380390 2
8.068411 4.410639 1
7.845436 3.518463 1
7.950570 3.409978 1
7.993028 3.524222 1
6.908397 4.961698 1
7.179577 3.233610 1
6.836936 6.272779 1
8.224896 3.609948 1
7.060996 6.145112 1
6.950093 6.061373 1
7.052244 6.037927 1
6.506563 4.665459 1
6.403944 4.719996 2
6.436944 4.559677 2
8.426278 4.109686 1
7.640458 4.476840 1
7.769440 4.469009 1
6.969264 3.105634 1
8.040832 4.749102 1
6.958768 6.202483 1
7.250711 3.717463 1
7.357793 3.705432 1
7.176009 6.071414 2
6.485501 4.018254 1
6.366496 4.075804 2
7.628674 5.388248 1
8.281182 3.844628 1
8.184880 3.793109 1
6.734489 6.014736 1
7.032129 4.300321 1
7.924122 3.904215 1
6.553434 3.253668 2
6.692377 3.259622 1
6.815573 3.308843 1
7.259796 3.145880 1
7.991162 5.553521 2
7.851661 5.591433 2
7.907560 5.478063 1
7.190773 5.054635 1
6.917846 4.123974 1
8.045205 4.134794 1
7.949552 4.167972 1
6.748885 3.832602 1
7.739520 3.436522 1
7.909980 4.274614 1
6.644121 4.409723 1
7.124539 3.959820 1
7.010106 4.599801 1
6.460124 3.478721 2
8.432581 3.883755 2
7.879289 3.139514 2
7.888206 3.296390 1
7.778308 3.199289 1
7.544069 4.540211 1
7.431479 4.611162 1
7.543818 4.675114 1
7.428025 4.762900 1
7.316336 5.349784 1
7.112624 5.953517 1
7.184696 3.631456 1
6.900465 4.703477 1
7.651947 2.850164 1
7.775370 2.930329 2
7.640660 2.984742 1
7.447333 3.485706 1
7.110127 4.224920 1
6.462371 6.286243 3
6.448305 6.119336 2
7.801664 4.312671 1
7.579435 4.927200 1
6.455020 3.605576 2
7.839534 3.393071 1
7.204153 3.827495 1
7.083027 3.295975 1
6.991859 2.737978 2
7.108499 2.672402 3
7.971704 3.223093 1
7.759981 2.779103 2
7.019033 5.579883 1
6.922052 5.560655 1
7.490658 2.861258 1
7.440787 2.773346 1
7.080760 3.837439 1
7.151046 3.739827 1
7.082345 3.659046 1
7.387219 5.170876 1
7.428337 5.656695 1
7.695502 4.225101 1
8.282659 4.921088 1
7.871242 4.409590 1
8.117463 4.823249 1
7.008394 4.908817 1
7.447411 5.545475 1
7.343417 5.616569 1
7.363416 3.152739 1
7.009689 4.730780 1
7.348605 4.683610 1
7.175807 4.768098 1
7.925807 5.372638 1
7.976167 5.274621 1
8.053024 5.415451 2
6.634635 4.507141 1
7.706547 3.940217 1
8.336599 3.943409 1
7.180489 5.198416 1
7.730455 3.088658 1
7.657597 3.226219 1
7.582279 3.102443 1
8.164157 4.693324 1
8.086248 5.279668 1
7.971057 4.363525 1
6.784701 3.180450 1
6.655578 3.156748 2
6.763456 3.051121 2
7.291842 5.136604 1
6.897636 3.204002 1
7.787888 3.623500 1
7.237609 2.614172 2
7.102363 5.654710 1
7.083399 5.771421 1
7.574619 3.319385 1
6.839843 4.438451 1
6.972481 5.823722 1
6.618821 6.336739 2
7.797813 4.871843 1
7.089032 5.409372 1
7.118725 5.312184 1
7.224258 5.305674 1
8.079580 3.432795 1
6.886796 5.934924 1
7.112457 4.685982 1
7.348937 4.244239 1
8.263885 4.623531 1
7.907538 3.607256 1
6.867051 6.143633 1
6.557072 4.237191 1
6.475811 4.160089 2
8.066018 4.637471 1
7.006169 5.945679 1
8.230309 4.827884 1
8.295834 4.735635 1
8.397052 4.694332 1
7.773939 3.304002 1
6.999979 3.608918 1
7.001209 5.322127 1
6.746459 5.836737 1
6.783448 5.935107 1
6.552555 5.914373 2
6.643902 5.788945 2
6.681101 5.925217 1
7.597425 5.533714 1
7.845520 3.024067 2
7.672304 3.346754 1
7.059162 5.227658 1
6.848816 2.968618 2
6.962265 2.992604 1
6.872154 3.083266 1
7.622765 2.702036 2
6.568055 4.580277 1
8.020779 4.540840 1
6.542387 4.470530 1
6.441395 4.412462 2
7.569988 2.907280 1
7.718904 5.458847 1
7.723514 5.584177 2
7.627986 5.690001 2
8.469175 4.823543 3
8.350130 4.829906 1
8.022291 5.169083 1
7.890661 5.195217 1
7.797246 5.508894 1
7.320543 5.240543 1
6.903252 4.256149 1
8.154737 5.215671 1
8.388100 4.946356 2
7.526029 5.635945 1
6.451737 3.351694 3
8.508940 4.682758 2
7.968187 4.453945 1
8.004569 3.123369 2
6.527680 4.768586 2
8.251304 5.295807 2
6.839781 6.036135 1
6.949171 2.859374 2
7.487613 4.872024 1
7.377967 2.654471 2
6.527028 6.032881 2
7.825233 5.408347 1
8.019016 3.320478 1
7.500171 2.698773 2
7.858644 5.299185 1
7.210431 6.242014 3
8.075289 3.231018 2
8.420769 4.007967 2
8.538924 4.070376 2
6.453289 4.285913 2
8.157369 5.343278 2
7.549659 2.792630 1
6.546760 4.352573 1
7.062775 5.862608 1
7.062410 6.272943 2
6.561650 4.911911 2
 0 1 2
 3 0 2
 4 5 6
 7 8 9
 5 10 6
 8 11 9
 12 13 14
 15 16 17
 18 17 16
 19 20 9
 21 22 23
 24 25 26
 27 28 29
 30 19 9
 31 32 33
 31 34 32
 22 35 23
 36 37 10
 38 39 40
 36 2 1
 41 42 43
 44 45 46
 47 48 49
 25 50 26
 51 35 22
 43 42 52
 39 53 40
 41 43 54
 55 56 57
 58 59 60
 61 52 42
 62 63 64
 65 64 63
 66 67 68
 69 29 28
 43 70 54
 71 72 73
 74 72 71
 51 22 75
 66 76 67
 36 77 37
 78 79 80
 81 82 83
 84 85 86
 87 86 85
 12 88 13
 89 22 90
 21 90 22
 91 72 92
 93 34 94
 95 96 97
 36 98 77
 99 100 101
 102 101 100
 64 94 34
 103 104 105
 106 107 108
 109 110 111
 12 14 112
 113 114 115
 99 116 100
 117 118 119
 51 120 35
 121 122 123
 89 75 22
 93 94 13
 124 125 126
 127 70 128
 118 86 119
 25 129 50
 65 50 129
 124 130 125
 131 132 133
 134 135 136
 137 138 139
 102 121 101
 140 141 142
 109 143 144
 145 146 147
 113 115 73
 148 149 116
 150 108 107
 92 72 151
 103 105 152
 153 2 4
 55 57 154
 155 156 1
 157 133 132
 158 159 160
 161 162 163
 24 163 162
 164 165 166
 167 166 165
 88 168 169
 170 142 141
 169 168 171
 81 83 172
 49 173 174
 175 176 177
 102 100 178
 27 179 28
 47 49 174
 180 87 85
 51 181 120
 44 46 182
 175 177 183
 184 185 54
 186 187 188
 189 42 190
 137 147 191
 47 192 193
 194 80 79
 195 196 197
 127 197 196
 30 198 19
 171 168 60
 180 199 87
 200 201 202
 203 200 204
 124 189 190
 203 182 139
 46 139 182
 170 205 206
 78 97 96
 20 207 9
 7 9 207
 65 94 64
 47 208 192
 136 193 192
 54 185 41
 187 209 210
 210 209 211
 99 212 116
 127 128 197
 125 213 214
 215 216 217
 148 116 212
 24 218 25
 143 219 144
 61 118 110
 205 220 206
 153 221 2
 222 223 224
 49 225 212
 74 151 72
 226 198 30
 170 141 227
 69 227 141
 137 228 138
 229 230 231
 232 233 234
 78 172 79
 235 77 98
 236 237 71
 74 71 237
 238 19 198
 11 132 9
 226 163 26
 91 92 239
 106 143 107
 93 32 34
 200 202 204
 49 212 173
 229 240 230
 131 30 9
 82 210 83
 210 211 83
 122 121 53
 102 53 121
 226 26 50
 241 242 43
 229 231 243
 58 244 59
 245 59 244
 95 246 96
 215 217 247
 203 248 200
 1 156 98
 249 28 179
 158 250 159
 44 251 166
 164 166 251
 127 196 45
 81 172 96
 78 96 172
 252 253 33
 62 64 254
 226 255 163
 3 2 221
 58 60 168
 36 5 2
 236 214 213
 31 254 34
 256 257 258
 259 188 187
 155 202 201
 137 191 228
 109 111 260
 14 13 94
 261 3 262
 12 263 88
 222 196 264
 195 264 196
 262 3 265
 47 174 208
 18 16 266
 109 267 110
 268 160 159
 269 33 32
 170 227 205
 217 270 247
 271 272 273
 84 86 126
 84 274 275
 44 184 45
 127 45 184
 134 266 16
 276 277 275
 55 278 56
 231 279 243
 241 280 218
 268 281 135
 47 281 48
 282 283 284
 241 218 242
 128 218 285
 117 286 118
 287 288 29
 27 29 288
 289 165 265
 290 115 114
 269 32 291
 171 291 32
 222 292 223
 241 43 293
 226 50 294
 295 296 207
 297 272 271
 282 298 283
 61 189 118
 103 299 178
 31 33 253
 64 34 254
 43 242 70
 102 178 300
 301 132 302
 302 132 11
 131 9 132
 303 112 304
 305 304 112
 81 306 82
 171 60 291
 113 73 72
 61 110 267
 175 67 76
 7 207 296
 51 75 307
 167 165 308
 309 68 67
 276 275 274
 237 310 151
 175 183 67
 311 67 183
 24 26 163
 157 132 301
 186 188 312
 55 313 105
 314 105 313
 161 163 315
 203 204 251
 186 48 316
 275 317 85
 317 180 85
 186 318 187
 319 320 321
 134 136 322
 31 253 254
 167 323 166
 44 182 251
 24 285 218
 324 247 270
 259 325 149
 268 159 199
 326 327 328
 259 187 210
 74 237 151
 211 209 277
 311 239 329
 41 190 42
 289 265 310
 259 149 188
 40 53 300
 102 300 53
 148 212 225
 330 321 320
 265 331 310
 332 333 334
 259 210 335
 109 260 143
 15 143 260
 203 139 138
 238 198 336
 15 107 143
 303 267 144
 109 144 267
 222 337 196
 303 293 267
 106 219 143
 7 296 8
 338 8 296
 40 339 340
 161 327 341
 134 342 135
 40 340 343
 195 285 162
 164 251 204
 82 335 210
 289 308 165
 41 185 190
 319 321 258
 164 262 165
 287 29 344
 163 255 315
 46 45 337
 125 214 126
 161 328 327
 91 345 72
 113 72 345
 103 178 346
 167 185 323
 87 159 119
 117 119 159
 103 346 104
 347 104 346
 65 63 50
 48 281 316
 347 348 104
 137 349 147
 161 341 162
 256 258 321
 127 184 54
 49 48 225
 167 190 185
 350 38 343
 268 199 351
 86 352 126
 326 284 283
 148 188 149
 6 353 4
 222 224 354
 355 227 28
 69 28 227
 150 356 357
 118 286 110
 89 152 75
 314 75 152
 329 239 358
 137 139 224
 267 293 52
 150 17 356
 153 4 353
 117 159 250
 350 343 359
 311 329 360
 361 360 329
 136 135 193
 6 362 353
 44 323 184
 128 285 197
 363 327 273
 326 273 327
 124 190 130
 127 54 70
 81 96 56
 57 56 96
 203 138 248
 290 172 83
 311 183 239
 91 239 183
 195 197 285
 84 275 85
 14 364 112
 178 299 300
 311 360 67
 309 67 360
 12 144 219
 305 112 364
 178 100 365
 245 244 357
 150 357 244
 236 71 274
 276 274 71
 366 38 367
 46 354 139
 368 369 370
 371 154 246
 326 283 372
 350 367 38
 167 308 130
 36 1 98
 276 73 115
 268 135 160
 153 353 329
 62 336 198
 155 1 0
 12 112 144
 303 144 112
 363 373 327
 25 218 280
 131 255 30
 149 325 374
 87 119 86
 226 30 255
 118 352 86
 186 312 48
 375 376 377
 282 378 298
 57 96 246
 136 192 379
 61 42 189
 153 380 221
 381 234 382
 238 377 376
 36 10 5
 324 201 247
 99 173 212
 104 278 105
 55 105 278
 282 284 383
 87 199 159
 128 242 218
 205 227 240
 347 346 365
 178 365 346
 371 246 384
 21 243 279
 371 385 386
 180 351 199
 326 328 284
 387 388 362
 355 240 227
 125 130 308
 135 342 160
 175 389 176
 390 176 389
 332 254 253
 122 53 39
 44 166 323
 363 273 272
 89 339 152
 103 152 339
 194 79 345
 195 162 341
 187 318 209
 24 162 285
 131 133 315
 391 258 257
 91 183 177
 124 126 352
 157 301 383
 200 247 201
 268 316 281
 84 214 274
 252 333 253
 145 147 349
 47 193 281
 135 281 193
 392 56 278
 158 16 393
 15 393 16
 184 323 185
 128 70 242
 58 168 108
 106 108 168
 2 5 4
 330 389 394
 180 318 351
 268 351 316
 93 169 32
 171 32 169
 387 395 388
 277 209 317
 21 23 243
 371 386 396
 252 33 397
 215 138 228
 116 365 100
 51 386 181
 387 362 398
 389 76 394
 196 337 45
 136 379 322
 399 151 310
 361 353 362
 345 79 114
 203 251 182
 297 271 400
 51 396 386
 232 401 233
 167 130 190
 180 209 318
 350 359 230
 66 402 394
 366 370 369
 238 336 377
 111 110 286
 399 221 380
 355 28 403
 249 403 28
 289 237 213
 236 213 237
 276 115 277
 148 312 188
 15 17 107
 326 372 271
 347 374 325
 314 152 105
 161 133 328
 20 404 207
 295 207 404
 194 177 176
 211 277 405
 111 250 393
 158 393 250
 55 154 313
 157 284 328
 338 406 8
 11 8 406
 361 329 353
 92 358 239
 150 244 108
 158 342 16
 122 369 123
 236 274 214
 290 79 172
 332 334 377
 232 379 192
 361 362 388
 27 288 407
 91 177 345
 375 404 376
 134 16 342
 235 98 156
 164 204 202
 20 376 404
 186 351 318
 366 39 38
 116 149 374
 391 384 408
 363 292 264
 231 230 359
 223 409 349
 275 277 317
 391 385 384
 40 300 299
 40 299 339
 410 302 406
 11 406 302
 155 0 261
 164 202 261
 111 393 260
 15 260 393
 186 316 351
 371 396 313
 95 411 408
 95 408 384
 324 156 201
 139 354 224
 148 225 312
 229 243 412
 290 83 405
 3 331 265
 392 325 335
 259 335 325
 222 264 292
 371 313 154
 157 328 133
 232 234 379
 381 379 234
 153 329 358
 371 384 385
 223 349 224
 276 71 73
 191 216 228
 297 400 413
 180 317 209
 122 39 369
 366 369 39
 165 262 265
 95 97 411
 347 325 348
 235 414 415
 326 271 273
 61 267 52
 84 126 214
 58 108 244
 125 308 213
 289 213 308
 416 357 356
 6 398 362
 330 417 321
 88 263 168
 106 168 263
 131 315 255
 93 13 169
 88 169 13
 314 307 75
 145 413 146
 40 343 38
 391 257 385
 194 176 80
 390 80 176
 297 409 272
 392 348 325
 195 373 264
 350 230 403
 235 156 414
 324 414 156
 164 261 262
 314 313 307
 3 221 331
 62 198 294
 363 264 373
 57 246 154
 18 356 17
 390 389 320
 332 336 254
 78 80 97
 390 97 80
 330 394 417
 402 417 394
 62 294 63
 355 230 240
 155 261 202
 3 261 0
 223 272 409
 155 201 156
 194 345 177
 327 373 341
 215 228 216
 89 340 339
 211 405 83
 277 115 405
 399 331 221
 289 310 237
 324 270 414
 282 383 418
 332 377 336
 103 339 299
 301 418 383
 161 315 133
 235 415 77
 215 248 138
 330 320 389
 269 397 33
 175 76 389
 309 395 68
 18 266 419
 18 419 356
 332 253 333
 157 383 284
 290 405 115
 150 107 17
 145 349 409
 62 254 336
 69 141 344
 420 359 343
 375 377 334
 81 56 306
 392 306 56
 229 412 421
 363 272 292
 208 422 401
 303 304 293
 399 310 331
 134 322 266
 381 266 322
 222 354 337
 46 337 354
 420 343 340
 48 312 225
 158 160 342
 21 279 90
 420 90 279
 229 421 240
 205 240 421
 89 90 340
 420 340 90
 309 388 395
 113 345 114
 69 344 29
 137 224 349
 309 360 388
 361 388 360
 282 418 378
 410 378 418
 170 206 142
 208 174 422
 12 219 263
 368 179 407
 111 286 250
 117 250 286
 92 151 380
 399 380 151
 223 292 272
 390 320 411
 241 293 304
 116 374 365
 347 365 374
 392 278 348
 381 419 266
 381 382 419
 416 356 419
 416 419 382
 43 52 293
 350 403 367
 249 367 403
 195 341 373
 410 418 302
 301 302 418
 95 384 246
 226 294 198
 231 359 279
 420 279 359
 319 408 411
 319 258 408
 391 408 258
 290 114 79
 313 396 307
 215 247 248
 82 306 335
 319 411 320
 14 94 364
 65 364 94
 50 63 294
 392 335 306
 232 192 401
 208 401 192
 20 19 376
 238 376 19
 200 248 247
 305 129 280
 368 370 179
 249 179 370
 390 411 97
 297 413 409
 106 263 219
 104 348 278
 66 394 76
 118 189 352
 124 352 189
 381 322 379
 25 280 129
 366 367 370
 355 403 230
 27 407 179
 145 409 413
 249 370 367
 51 307 396
 305 364 129
 153 358 380
 92 380 358
 205 421 220
 305 280 304
 65 129 364
 241 304 280
 6
 140 142 412 206 421 220
 4
 140 287 141 344
 0
 17
 256 387 66 120 386 402 321 385 243 23 412 68 35 181 395 417 257
 0
 24
 269 416 368 99 287 245 101 59 121 233 173 234 357 291 288 60 174 382 369 123 422 397 401 407
 8
 252 375 295 404 296 333 334 397
 0
 25
 6 387 338 410 37 191 217 283 10 406 271 398 146 296 298 147 378 216 77 372 415 413 400 270 414
 0
 0
 0
 0
 0
 0
 0
 0
 0
