416 754
2.224255 0.306330 1
2.388637 0.301507 1
2.347324 0.430043 1
3.475663 0.888661 1
3.630861 0.810948 2
3.620797 0.962889 2
2.234407 0.657481 1
2.120073 0.575014 1
2.240137 0.511258 1
3.526508 0.747543 1
2.646301 0.922937 1
2.670109 0.789847 1
2.774578 0.915790 1
1.198950 0.801339 1
1.130480 0.928674 1
1.047596 0.816552 1
2.809502 0.795452 1
0.790780 1.521364 1
0.866223 1.686136 1
0.720848 1.668843 1
3.339667 0.912487 1
3.270177 0.973470 1
3.207373 0.855838 1
2.810024 0.456545 1
2.953604 0.456908 1
2.865226 0.576531 1
2.902658 1.497932 2
2.858719 1.367423 1
3.032295 1.365025 2
1.616217 1.525900 1
1.768777 1.588196 2
1.625544 1.659426 2
3.472222 0.000000 0
3.611111 0.000000 0
3.516792 0.145812 1
1.334896 0.555154 1
1.426591 0.410512 1
1.466554 0.565998 1
3.641623 0.107255 1
1.919936 1.270345 1
1.755492 1.254920 1
1.871586 1.127154 1
1.739587 1.082100 1
2.271795 0.209714 1
1.527778 0.000000 0
1.666667 0.000000 0
1.589848 0.164068 1
0.000000 1.666667 0
0.000000 1.527778 0
0.166367 1.576067 2
3.350452 0.817033 1
2.339659 0.578731 1
1.305229 0.389658 1
0.868734 0.211318 1
0.964521 0.286455 1
0.812346 0.369957 1
1.582600 0.637034 1
1.586031 0.794422 1
1.444892 0.702479 1
1.455321 0.867097 1
1.700395 1.421035 1
1.848912 1.412530 1
1.805556 0.000000 0
1.903467 0.135013 1
1.734081 0.126238 1
1.218172 1.198164 1
1.350614 1.261764 1
1.181875 1.340844 1
2.581689 0.570891 1
2.727676 0.657350 1
2.592718 0.699527 1
0.311474 0.668788 1
0.467381 0.608861 1
0.442229 0.729840 1
1.950579 1.542280 2
0.000000 1.388889 0
0.149972 1.286949 1
0.099357 1.458333 1
1.388889 0.000000 0
1.451688 0.102339 1
1.291612 0.150376 1
1.618358 0.331709 1
1.559231 0.486486 1
1.495906 0.308210 1
1.969311 1.019273 1
2.061746 0.892063 1
2.102736 1.025609 1
0.833333 0.000000 0
0.952749 0.121463 1
0.771428 0.118995 1
0.000000 0.833333 0
0.118995 0.771428 1
0.121463 0.952749 1
0.900401 1.538032 1
2.650289 0.424858 1
2.789191 0.325970 1
0.375573 0.517925 1
0.579927 1.330083 1
0.693155 1.242052 1
0.699880 1.394122 1
2.322065 1.125849 1
2.203482 1.235145 1
2.203379 1.083952 1
3.215673 0.712031 1
1.224287 0.296905 1
1.202538 0.454328 1
1.086883 0.329925 1
1.127248 1.726203 2
1.204282 1.580212 1
1.276246 1.667205 2
3.351627 0.668842 1
1.604082 1.158693 1
0.210360 1.430914 1
0.309166 1.491194 1
0.269519 0.553090 1
0.268505 0.404020 1
0.916679 1.238047 1
0.965835 1.099162 1
1.031494 1.177436 1
2.530812 1.259939 1
2.437385 1.333153 1
2.440845 1.158403 1
0.339635 1.612239 2
2.344617 1.257511 1
2.523767 0.807827 1
2.500000 0.000000 0
2.638889 0.000000 0
2.580803 0.155104 1
2.446260 0.545086 1
1.083317 1.567965 1
0.191461 0.489829 1
1.345006 0.811477 1
3.021576 1.079524 1
3.150005 1.136741 1
3.024085 1.210747 1
3.136336 1.263274 1
3.039363 0.550608 1
2.615546 1.082204 1
2.523352 0.955785 1
0.340190 0.827867 1
0.859163 1.097124 1
0.409535 0.412463 1
0.000000 1.250000 0
1.250000 0.000000 0
2.705536 0.097139 1
0.142591 0.344801 1
0.293416 0.264023 1
0.507339 1.134566 1
0.563142 0.991858 1
0.619008 1.146263 1
0.196901 0.196901 1
2.114829 1.161689 1
1.428417 0.211565 1
0.963276 0.910615 1
0.494141 0.194617 1
0.426389 0.291239 1
0.354120 0.138728 1
2.897116 0.362254 1
0.955972 0.412901 1
0.651486 1.530363 1
2.529763 0.315156 1
2.496198 0.441729 1
0.998214 1.483394 1
1.034647 1.338494 1
1.096392 1.437640 1
0.914497 1.418791 1
2.201414 0.412802 1
1.612268 1.306570 1
0.705132 1.066432 1
2.083333 0.000000 0
2.222222 0.000000 0
2.155499 0.130976 1
0.677595 0.299934 1
0.644156 0.449829 1
0.555341 0.298229 1
0.519273 0.410918 1
2.513322 1.423509 2
2.630529 1.357583 1
1.311510 1.415828 1
2.705582 0.204520 1
2.647284 0.296403 1
1.322060 0.701230 1
3.404548 0.268258 1
3.461062 0.404400 1
3.328546 0.382219 1
3.377062 0.515177 1
0.800232 1.190266 1
0.810924 1.353468 1
2.763805 1.037202 1
3.601026 0.455091 1
3.536094 0.303084 1
1.019990 1.005327 1
1.940146 0.871278 1
2.910152 0.242337 1
3.056968 0.169976 1
3.022608 0.329511 1
1.126688 0.709832 1
2.023181 0.094830 1
0.349809 0.337138 1
1.802902 0.244661 1
3.484943 0.629437 1
1.284990 0.997983 1
1.130524 1.080647 1
3.181105 0.357897 1
3.139652 0.247285 1
3.290539 0.264936 1
3.651117 0.340842 1
2.765934 1.452646 2
2.749717 1.333528 1
2.138441 0.481055 1
3.358270 0.132785 1
0.213983 0.864530 1
2.983404 0.661308 1
1.636586 1.009266 1
1.732573 0.938516 1
3.424379 0.747733 1
0.555556 0.000000 0
0.694444 0.000000 0
0.624231 0.153507 1
0.000000 0.694444 0
0.000000 0.555556 0
0.152226 0.623898 1
2.649626 1.500520 2
1.710454 0.548027 1
0.849068 1.832281 1
0.985853 1.824786 2
3.333333 0.000000 0
0.587877 1.751007 2
0.580966 1.624627 1
0.759233 0.229289 1
1.494737 1.249506 1
1.464182 1.376227 1
1.846440 0.980156 1
2.864636 0.691966 1
1.341398 0.280135 1
1.831876 0.613857 1
1.973511 0.573318 1
1.925536 0.727707 1
2.071491 0.687137 1
1.002043 1.704599 1
0.729831 1.793274 2
1.580054 1.423513 1
1.117136 0.585166 1
0.943857 0.568149 1
1.061277 0.470094 1
2.713194 0.536243 1
1.728074 0.715074 1
0.590910 1.441185 1
1.345885 1.133201 1
0.568243 1.226271 1
1.645534 0.899312 1
1.544757 0.940892 1
1.507207 1.487833 1
0.878031 0.714775 1
0.778876 0.819733 1
0.717826 0.702975 1
1.691617 0.243349 1
0.472575 1.652194 1
0.418746 1.759923 2
3.136050 0.991132 1
0.487143 0.090776 1
0.086995 0.486111 1
0.630066 0.830477 1
0.492288 0.849073 1
0.592840 0.709844 1
2.928959 1.278061 1
0.786546 0.529079 1
1.818970 0.832252 1
1.244893 1.102499 1
0.277778 0.000000 0
0.416667 0.000000 0
0.000000 0.416667 0
0.000000 0.277778 0
1.672118 0.432130 1
3.055556 0.000000 0
2.952795 0.107677 1
1.115047 1.241050 1
2.865752 0.975219 1
2.901945 1.074872 1
2.819974 1.143045 1
0.390641 1.407513 1
0.441784 1.278391 1
0.496440 1.418488 1
3.754119 0.403516 2
3.702993 0.565209 2
1.458757 1.139654 1
1.944444 0.000000 0
2.162515 0.902203 1
1.994545 1.394618 1
2.029161 0.208161 1
3.080878 0.732427 1
3.040666 0.853878 1
3.722780 0.273609 2
1.223186 0.559792 1
2.725824 1.139400 1
2.811653 1.245847 1
3.204315 1.379568 2
3.259067 1.085353 1
0.910307 0.820293 1
0.972222 0.000000 0
0.000000 0.972222 0
1.226026 0.652913 1
0.783778 1.939588 2
1.003319 0.703230 1
3.258112 1.230243 2
2.420148 1.007251 1
2.662411 1.226015 1
2.777778 0.000000 0
2.916667 0.000000 0
2.824630 0.126071 1
3.155647 0.105018 1
1.414830 1.003783 1
0.407763 0.954280 1
0.280749 0.962352 1
0.799050 1.004161 1
2.026828 0.785144 1
2.076653 0.355921 1
1.928411 0.294825 1
1.942917 0.425354 1
0.304244 1.212124 1
0.299258 1.339156 1
0.804001 0.635863 1
1.058497 0.184312 1
0.184312 1.058497 1
3.522048 1.072109 2
3.394670 1.027432 1
3.345389 1.153100 1
0.711231 0.936692 1
0.437769 1.057717 1
3.504400 0.508635 1
2.507634 1.068091 1
3.231197 0.473336 1
0.588144 0.588144 1
0.513241 0.509499 1
3.097116 0.451777 1
2.463426 0.213157 1
2.378560 0.187229 1
2.361500 1.418024 2
2.254541 1.369898 2
2.037129 0.482115 1
3.606921 0.671055 2
3.612837 0.214986 1
0.967330 1.604430 1
1.494926 1.608590 2
1.201904 1.471797 1
2.173393 0.790393 1
0.000000 0.000000 0
0.138889 0.000000 0
0.114254 0.114254 1
0.000000 0.138889 0
0.877952 0.476651 1
1.297043 1.547593 1
1.152123 0.105043 1
0.104976 1.151346 1
1.998749 1.156131 1
2.361111 0.000000 0
2.439367 0.106791 1
2.293406 0.104691 1
2.985061 0.969088 1
3.254211 0.592756 1
1.708324 0.828011 1
0.694410 0.592424 1
1.854079 0.501035 1
1.834179 0.376955 1
0.227374 0.751302 1
2.937374 0.769187 1
2.537799 1.157463 1
3.240989 0.167097 1
3.750000 0.000000 0
3.745319 0.148263 2
1.396836 1.506192 1
2.060268 1.266113 1
2.130070 1.378753 1
0.912848 1.945715 2
2.307020 0.783294 1
1.153550 0.213930 1
0.213930 1.153550 1
0.216388 0.089976 1
0.091278 0.219877 1
0.829501 0.908576 1
2.310028 0.998124 1
2.915656 1.182207 1
3.128230 0.636367 1
2.214086 0.980023 1
2.401212 0.886268 1
2.132638 0.245777 1
2.262382 0.888277 1
1.759653 0.444356 1
2.065522 1.484890 2
0.319502 1.079225 1
0.000000 1.111111 0
1.111111 0.000000 0
2.460347 0.671721 1
1.268035 0.888256 1
3.154818 0.542404 1
1.532904 1.058559 1
2.352547 0.687952 1
1.719057 0.348415 1
3.194444 0.000000 0
2.902155 0.879769 1
2.169859 1.495364 2
0.526815 1.532871 1
2.416507 0.770873 1
1.378407 1.612362 2
0.402869 1.155797 1
0.416624 1.526584 1
1.826902 0.719624 1
2.807389 0.224724 1
3.593017 0.564681 1
1.357789 0.913241 1
3.448032 1.143824 2
3.256537 0.080980 1
1.047968 0.081641 1
0.081641 1.047968 1
3.391597 1.254465 3
0.904912 1.004763 1
 0 1 2
 3 4 5
 6 7 8
 9 4 3
 10 11 12
 13 14 15
 12 11 16
 17 18 19
 20 21 22
 23 24 25
 26 27 28
 29 30 31
 32 33 34
 35 36 37
 33 38 34
 39 40 41
 42 41 40
 0 43 1
 44 45 46
 47 48 49
 50 20 22
 51 6 8
 35 52 36
 53 54 55
 56 57 58
 59 58 57
 60 61 30
 62 63 64
 65 66 67
 68 69 70
 71 72 73
 74 30 61
 39 61 40
 60 40 61
 75 76 77
 78 79 80
 81 82 83
 36 83 82
 84 85 86
 87 88 89
 90 91 92
 17 93 18
 23 94 95
 71 96 72
 97 98 99
 100 101 102
 103 50 22
 104 105 106
 107 108 109
 103 110 50
 42 40 111
 112 113 49
 96 114 115
 116 117 118
 119 120 121
 122 49 113
 120 123 121
 124 11 10
 125 126 127
 16 11 69
 51 2 128
 107 129 108
 56 58 37
 130 115 114
 59 131 58
 132 133 134
 135 134 133
 24 136 25
 137 138 10
 71 73 139
 116 140 117
 96 115 141
 75 142 76
 143 78 80
 60 30 29
 126 144 127
 145 146 115
 147 148 149
 69 11 70
 150 146 145
 151 102 101
 152 46 83
 15 14 153
 81 83 46
 123 101 100
 154 155 156
 156 155 146
 23 157 24
 158 55 54
 17 159 99
 35 105 52
 1 160 161
 2 1 161
 162 163 164
 165 163 162
 0 2 166
 60 167 40
 168 149 148
 169 170 171
 172 173 174
 175 174 173
 71 114 96
 176 119 177
 178 67 66
 179 180 127
 160 127 180
 181 35 58
 176 120 119
 182 183 184
 185 184 183
 58 35 37
 98 186 187
 137 10 188
 189 183 190
 191 153 14
 84 192 85
 193 194 195
 116 187 186
 13 15 196
 169 171 197
 198 141 115
 199 64 63
 185 200 110
 201 202 14
 203 204 205
 116 118 163
 189 190 206
 207 177 208
 112 77 76
 152 80 79
 209 8 7
 36 82 37
 32 34 210
 53 89 88
 211 92 91
 212 25 136
 112 49 77
 152 79 46
 168 186 98
 42 213 214
 9 3 215
 50 215 3
 216 217 218
 219 220 221
 44 46 79
 48 77 49
 222 177 207
 203 205 184
 45 64 46
 56 82 223
 224 18 225
 226 32 210
 94 180 95
 227 228 19
 53 55 229
 124 10 138
 2 161 128
 230 167 231
 42 214 232
 16 69 233
 168 98 149
 36 234 83
 235 236 237
 238 237 236
 179 127 144
 107 239 129
 240 18 224
 19 18 240
 40 167 111
 167 241 231
 242 243 244
 158 244 243
 68 245 69
 51 8 2
 56 246 57
 99 159 247
 154 218 174
 172 174 218
 65 248 66
 97 249 98
 250 251 57
 59 57 251
 60 29 241
 252 241 29
 253 254 255
 81 46 256
 122 257 258
 132 259 133
 216 218 260
 220 261 221
 160 94 161
 68 161 94
 9 215 200
 84 41 232
 262 263 264
 73 264 263
 265 28 27
 105 244 106
 266 173 55
 172 55 173
 267 237 192
 201 268 202
 227 258 257
 269 270 156
 271 272 145
 42 232 41
 82 273 223
 19 228 159
 274 194 275
 65 276 202
 118 202 276
 116 163 165
 2 8 166
 277 278 188
 279 188 278
 98 187 99
 168 140 186
 164 163 67
 280 281 282
 189 283 284
 285 230 66
 248 285 66
 62 286 63
 85 287 86
 39 288 61
 74 61 288
 289 197 171
 103 22 290
 291 290 22
 283 206 292
 152 83 234
 225 18 239
 17 187 165
 97 282 281
 123 100 121
 35 293 105
 294 279 295
 200 215 110
 135 296 28
 17 19 159
 133 259 297
 253 298 254
 87 299 88
 300 90 92
 227 19 240
 13 301 181
 224 302 240
 56 37 82
 13 181 131
 15 298 303
 253 303 298
 135 133 304
 291 22 259
 21 297 259
 154 260 218
 130 221 261
 305 121 100
 23 25 245
 69 245 25
 194 204 195
 193 275 194
 306 294 295
 307 308 309
 274 310 194
 201 311 248
 116 186 140
 312 313 139
 211 139 313
 168 314 140
 237 315 192
 289 316 317
 318 317 316
 17 99 187
 242 303 243
 253 243 303
 319 320 76
 112 76 320
 242 244 105
 266 243 321
 322 54 88
 323 92 313
 289 317 63
 199 63 317
 280 320 281
 324 325 3
 133 297 304
 191 14 202
 326 304 297
 262 327 148
 168 148 327
 147 328 148
 176 177 222
 253 321 243
 185 329 200
 137 330 138
 262 148 263
 312 263 148
 203 184 331
 104 52 105
 332 333 173
 203 331 334
 160 335 127
 336 1 43
 332 264 72
 73 72 264
 253 255 321
 191 202 117
 217 89 218
 219 221 91
 123 337 338
 262 255 254
 271 145 261
 270 260 156
 236 339 7
 9 200 340
 341 34 38
 342 129 239
 182 34 190
 341 190 34
 242 105 293
 252 29 343
 118 117 202
 176 337 120
 164 344 129
 53 88 54
 211 313 92
 262 264 255
 130 261 145
 154 156 260
 235 246 223
 56 223 246
 238 6 345
 67 163 276
 238 236 7
 108 129 344
 21 259 22
 346 347 348
 346 348 349
 71 221 114
 130 114 221
 135 28 134
 265 134 28
 230 111 167
 266 350 243
 172 229 55
 178 351 344
 267 192 232
 84 232 192
 143 80 352
 142 353 76
 36 52 234
 68 94 245
 189 206 283
 84 86 354
 151 354 86
 355 356 357
 84 354 41
 291 259 358
 17 165 93
 160 180 94
 103 359 110
 23 245 94
 182 210 34
 123 120 337
 57 246 360
 73 263 139
 312 139 263
 175 173 333
 319 281 320
 125 127 356
 39 41 354
 312 148 328
 332 173 361
 119 306 177
 208 177 306
 116 165 187
 324 3 5
 308 274 275
 208 306 295
 158 243 350
 318 362 363
 172 218 229
 71 364 221
 342 18 93
 45 62 64
 212 290 365
 291 365 290
 137 306 366
 119 366 306
 367 205 204
 368 369 38
 178 231 370
 50 3 20
 151 101 371
 372 371 101
 15 303 196
 250 214 213
 179 95 180
 224 225 373
 238 345 315
 170 357 171
 308 275 309
 374 345 6
 372 288 371
 39 371 288
 104 375 80
 319 76 376
 201 248 268
 65 268 248
 336 357 356
 269 156 377
 150 377 156
 150 145 378
 272 378 145
 379 254 298
 305 100 380
 23 95 157
 217 87 89
 90 219 91
 132 134 381
 212 136 382
 178 370 351
 132 381 278
 383 86 287
 255 264 361
 332 361 264
 198 115 146
 230 285 111
 212 382 290
 252 370 231
 124 138 384
 305 384 138
 185 110 359
 289 171 385
 135 304 296
 250 57 360
 209 339 316
 33 368 38
 185 183 329
 374 386 345
 387 363 362
 372 388 288
 158 106 244
 322 106 54
 323 313 389
 142 390 353
 391 143 352
 266 361 173
 124 70 11
 150 156 146
 130 145 115
 198 146 155
 124 392 70
 68 392 128
 13 393 14
 201 14 393
 280 113 320
 112 320 113
 85 315 345
 394 334 331
 152 234 80
 104 80 234
 182 205 210
 193 309 275
 97 99 247
 252 231 241
 318 316 339
 132 358 259
 248 311 285
 50 110 215
 395 213 111
 35 181 301
 318 236 362
 235 362 236
 42 111 213
 345 386 287
 209 316 166
 71 139 364
 395 111 285
 211 364 139
 51 396 6
 374 6 396
 199 397 256
 158 350 55
 266 55 350
 387 362 223
 235 223 362
 199 363 397
 274 398 310
 182 190 183
 107 225 239
 185 331 184
 209 7 339
 224 373 302
 16 399 12
 372 338 400
 68 128 161
 267 232 214
 0 166 316
 401 247 159
 81 273 82
 305 380 384
 164 67 344
 68 70 392
 203 195 204
 182 184 205
 51 128 392
 158 54 106
 312 389 313
 29 31 343
 218 89 229
 221 364 91
 51 392 396
 124 402 392
 104 106 375
 322 375 106
 319 376 389
 323 389 376
 85 192 315
 193 157 95
 252 343 370
 403 370 343
 289 385 316
 0 316 385
 46 64 256
 199 256 64
 367 210 205
 96 141 333
 242 301 196
 137 294 306
 74 288 388
 307 309 144
 179 144 309
 123 338 101
 178 344 67
 372 400 388
 319 389 404
 319 404 281
 98 249 149
 178 66 231
 9 340 4
 171 43 385
 242 293 301
 151 371 354
 39 354 371
 318 363 317
 212 365 233
 122 405 257
 384 380 386
 170 355 357
 235 237 406
 0 385 43
 355 125 356
 59 251 311
 395 311 251
 189 329 183
 277 12 399
 147 249 281
 97 281 249
 80 375 352
 76 353 376
 341 206 190
 267 406 237
 13 196 301
 238 315 237
 277 358 278
 132 278 358
 318 339 236
 341 38 369
 238 7 6
 341 369 292
 179 407 95
 262 254 327
 60 241 167
 284 340 408
 78 44 79
 48 75 77
 193 95 407
 212 233 25
 401 257 405
 395 285 311
 203 334 195
 24 195 334
 312 328 389
 65 67 276
 13 131 393
 147 281 404
 58 131 181
 267 246 406
 230 231 66
 35 301 293
 267 360 246
 387 223 273
 242 196 303
 235 406 246
 379 327 254
 16 365 399
 59 409 131
 65 202 268
 194 310 204
 367 204 310
 137 188 294
 291 399 365
 342 239 18
 96 333 72
 193 407 309
 16 233 365
 118 276 163
 286 169 197
 347 269 377
 272 349 378
 21 325 297
 326 297 325
 10 12 188
 277 188 12
 189 284 408
 286 197 63
 179 309 407
 383 380 102
 126 307 144
 103 382 359
 289 63 197
 305 330 121
 100 102 380
 326 325 410
 324 410 325
 119 121 366
 193 195 157
 24 157 195
 108 344 351
 394 359 382
 270 216 260
 220 271 261
 175 155 174
 175 141 155
 401 405 282
 398 226 411
 175 333 141
 199 317 363
 299 391 412
 390 300 413
 279 294 188
 326 414 304
 3 325 20
 305 138 330
 53 229 89
 211 91 364
 372 101 338
 401 159 228
 280 282 405
 185 359 331
 379 314 327
 168 327 314
 21 20 325
 379 298 153
 291 358 399
 394 331 359
 201 409 311
 226 210 411
 379 153 415
 322 412 352
 391 352 412
 323 353 413
 390 413 353
 69 25 233
 367 411 210
 341 292 206
 104 234 52
 374 384 386
 394 382 136
 383 102 86
 326 410 414
 374 402 384
 103 290 382
 227 257 228
 401 228 257
 347 377 348
 349 348 378
 85 345 287
 151 86 102
 171 357 43
 124 384 402
 59 311 409
 383 287 386
 164 129 162
 342 162 129
 280 405 113
 208 27 207
 26 207 27
 191 117 415
 140 415 117
 265 381 134
 154 174 155
 198 155 141
 209 166 8
 299 412 88
 300 92 413
 336 43 357
 277 399 358
 81 256 397
 127 335 356
 336 356 335
 122 113 405
 401 282 247
 322 352 375
 323 376 353
 201 393 409
 266 321 361
 255 361 321
 387 397 363
 200 408 340
 332 72 333
 279 381 295
 265 295 381
 323 413 92
 322 88 412
 150 378 348
 150 348 377
 147 149 249
 140 314 415
 24 334 136
 394 136 334
 265 27 295
 208 295 27
 403 351 370
 383 386 380
 279 278 381
 374 396 402
 367 310 411
 395 251 213
 165 162 93
 403 109 351
 108 351 109
 160 1 335
 250 213 251
 398 411 310
 392 402 396
 389 328 404
 189 408 329
 200 329 408
 131 409 393
 379 415 314
 15 153 298
 97 247 282
 81 397 273
 147 404 328
 191 415 153
 387 273 397
 267 214 360
 336 335 1
 342 93 162
 250 360 214
 121 330 366
 137 366 330
 0
 0
 0
 0
 0
 0
 0
 0
 0
 10
 324 283 369 284 4 5 340 292 410 414
 0
 0
 27
 403 122 107 227 74 176 49 258 337 26 30 222 225 302 304 296 373 400 343 28 338 240 109 388 207 414 31
 0
 0
 0
 0
 0
