320 572
2.778845 2.835404 1
2.722581 2.737618 1
2.902174 2.798072 1
2.799273 2.657090 1
2.045098 3.303173 1
2.145648 3.373467 1
1.976770 3.446197 1
2.119670 3.493098 1
2.583424 2.501775 1
2.701661 2.377132 1
2.695099 2.498819 1
1.941770 2.558034 2
1.986268 2.386796 2
2.062971 2.489299 1
2.746652 3.966335 2
2.786584 3.867271 1
2.905543 3.942552 2
3.035245 2.932065 1
2.925088 2.947470 1
2.578471 3.951762 1
2.670653 4.094378 2
1.823967 3.799310 1
1.844278 3.966350 2
1.713768 3.849500 3
2.571431 3.205691 1
2.535318 3.365102 1
2.434222 3.215888 1
2.399718 3.322978 1
2.344383 2.780520 1
2.410020 2.636260 1
2.463959 2.742223 1
2.741634 3.009562 1
2.625647 3.073562 1
2.667062 2.893990 1
3.445907 2.659313 1
3.518409 2.790100 1
3.368222 2.742452 1
2.260671 2.687577 1
2.461796 4.161706 1
2.524874 4.329898 3
2.368239 4.274683 2
2.972581 3.152143 1
3.051320 3.237915 1
2.891829 3.294670 1
2.913982 3.504823 1
3.083112 3.536109 1
2.906021 3.610849 1
2.991431 3.677116 1
3.083775 2.826700 1
2.770490 3.248269 1
2.759542 3.399570 1
2.529397 2.962426 1
3.368343 3.309905 1
3.518182 3.389859 2
3.370279 3.428877 1
3.451608 3.228068 1
1.857689 3.579554 2
2.015769 3.551778 1
2.186648 3.695920 1
2.264641 3.792607 1
2.162940 3.843647 1
2.857611 3.172049 1
2.556905 2.379816 1
2.081096 3.728491 1
3.390509 2.852428 1
3.084625 1.710023 1
3.214273 1.796005 1
3.044488 1.817739 1
2.641909 2.265342 1
2.293576 2.914561 1
2.211674 2.801809 1
2.157629 2.901798 1
3.486349 2.979638 1
3.405792 3.076089 1
3.373044 2.967898 1
3.287072 3.032096 1
2.868498 3.815696 1
2.218435 4.216924 1
2.195001 4.360684 2
2.288267 3.928280 1
2.194062 4.086891 1
2.123543 3.972538 1
2.000322 3.658331 1
3.469650 1.397828 2
3.586089 1.443134 1
3.520157 1.563006 1
1.907914 3.243223 1
1.757735 3.323189 2
1.793190 3.163004 2
3.635818 1.537494 1
3.698988 1.429815 2
3.747811 1.581453 2
3.408179 1.538060 1
2.328976 4.094757 1
3.560399 3.252693 2
3.544816 3.119268 2
2.362937 3.794144 1
2.445605 3.866630 1
2.582572 4.189142 2
2.303614 2.080386 1
2.467033 2.125870 1
2.314073 2.205104 1
2.414804 2.274356 1
2.438004 4.007002 1
3.549135 2.892482 1
2.658534 3.302438 1
3.038144 2.689117 1
2.920684 2.606197 1
3.070481 2.557373 1
3.534906 1.865153 1
3.688168 1.858842 2
3.667001 2.000325 1
2.054163 4.363466 1
2.077769 4.478052 3
2.029438 3.159523 1
3.298969 1.696324 1
3.402265 1.774331 1
3.335945 1.880307 1
3.126991 1.895258 1
2.990162 2.481465 1
3.026370 3.348619 1
2.715771 1.861416 2
2.616538 1.926217 1
2.582546 1.762051 2
3.218712 2.513155 1
3.355587 2.533348 1
3.277953 2.669799 1
3.114750 3.650118 1
1.904876 3.102249 1
2.609238 3.517793 1
2.523007 3.648184 1
2.486100 3.502004 1
3.193962 1.666452 1
2.174151 3.085896 1
2.100081 2.995924 1
1.980043 3.005756 1
3.514709 1.719278 1
3.433949 2.407681 1
3.570265 2.320343 1
3.555036 2.463536 1
3.698022 2.449470 2
3.196591 2.947488 1
2.529548 2.292510 1
3.134465 3.448697 1
3.206612 3.570246 1
3.806587 1.955921 3
3.793797 2.080250 2
3.704172 2.146105 2
2.518943 1.873322 1
2.818202 2.930408 1
2.709339 2.016364 1
2.803290 1.965028 1
2.404523 1.959093 2
3.621327 2.565028 2
1.972178 4.097893 2
1.997262 3.961263 1
3.622439 1.656989 1
3.719571 1.738871 2
3.590630 2.684185 2
3.518463 2.154564 1
3.409978 2.049430 1
3.524222 2.006972 1
2.675906 3.858227 1
2.305499 2.586493 1
2.329350 2.436040 1
2.447927 2.498250 1
2.426300 1.809981 2
3.233610 2.820423 1
3.609948 1.775104 1
2.429618 2.873436 1
2.556775 3.810593 1
3.105634 3.030736 1
3.212515 1.527108 1
3.306975 1.590395 1
2.212756 2.982619 1
3.253668 3.446566 1
1.952836 4.392175 2
3.004563 3.449836 1
2.875806 3.413953 1
2.586313 2.176878 1
2.042769 3.837402 1
2.653286 3.746954 1
2.772818 3.517823 1
2.262336 1.955468 2
2.540742 4.074995 1
1.935556 3.863652 1
3.322062 1.462646 2
3.712051 2.282257 2
3.259622 3.307623 1
2.276365 3.172421 1
2.319116 3.273398 1
1.774427 3.040984 2
2.385357 3.105984 1
3.308843 3.184427 1
3.145880 2.740204 1
2.057900 2.608670 1
2.111815 2.711766 1
1.976511 2.685504 2
2.005661 2.793774 1
2.964751 3.791596 1
3.204232 3.703293 2
1.824021 3.453087 2
3.108794 1.581715 1
3.033436 3.865733 2
3.436522 2.260481 1
2.313524 3.484680 1
2.376864 3.565907 1
2.233952 3.561823 1
2.059149 2.222981 2
2.107658 2.346035 1
1.910382 2.878036 2
1.864057 2.985655 1
1.750556 2.901249 2
3.478721 3.539876 2
2.141032 3.189655 1
1.981885 4.254064 2
2.118942 4.284904 1
2.398672 3.432443 1
2.087509 2.079071 2
2.189418 2.140769 1
2.199541 2.264792 1
3.139514 2.120711 1
3.296390 2.111793 1
3.199289 2.221692 1
2.171318 2.578232 1
2.267133 3.651647 1
2.093771 4.187382 1
2.798532 3.650784 1
2.850164 2.348053 1
2.930329 2.224630 1
2.984742 2.359340 1
2.105972 2.821742 1
2.241171 2.489126 1
3.485706 2.552667 1
2.451574 3.748473 1
3.393071 2.160466 1
2.601359 2.058598 1
2.521679 1.988620 1
3.204315 1.379568 2
3.121882 1.466238 1
3.032295 1.365025 3
3.295975 2.916973 1
3.223093 2.028296 1
2.826248 2.103138 1
2.779103 2.240019 1
2.861258 2.509342 1
2.772994 2.559116 1
3.334796 3.669358 2
2.085275 4.074595 1
2.677222 3.628210 1
3.152739 2.636584 1
1.899794 3.359475 1
1.885537 3.695536 1
2.200313 3.282825 1
3.088658 2.269545 1
3.226219 2.342403 1
3.102443 2.417721 1
2.614172 2.762391 1
2.540833 2.848108 1
3.180450 3.215299 1
3.155227 3.341714 1
3.204031 3.102371 1
3.623500 2.212112 1
3.319385 2.425381 1
2.953717 1.735142 2
2.992458 1.606666 2
2.364691 3.674391 1
2.168581 2.022651 2
3.615175 1.304414 2
2.667090 3.420545 1
3.432795 1.920420 1
2.547752 2.677674 1
2.765425 3.758421 1
2.754933 3.122748 1
3.607256 2.092462 1
2.654012 2.621906 1
2.676207 3.190542 1
2.691714 2.142068 1
3.304002 2.226061 1
1.774530 3.699827 2
3.659046 2.917655 2
3.739409 2.992201 3
3.609040 2.999769 2
3.024067 2.154481 1
2.942861 2.108407 1
3.346754 2.327696 1
3.631456 2.815304 2
2.291043 3.043742 1
2.404053 3.000973 1
2.998208 3.041924 1
3.083927 3.128006 1
2.157194 2.450393 1
2.111428 3.605422 1
2.907280 2.430012 1
2.910770 2.004319 1
2.508872 2.577290 1
2.909976 1.879384 1
2.822122 1.771414 2
1.961541 3.763787 1
3.351694 3.548263 2
2.321094 2.322698 1
2.499911 3.088206 1
2.226640 2.377940 1
2.872922 3.056670 1
3.123369 1.995431 1
3.022892 2.055470 1
3.021968 1.940591 1
2.812789 1.869311 1
3.231018 1.924711 1
2.043079 2.899563 1
3.029496 1.489282 2
2.284962 3.372878 1
3.320478 1.980983 1
1.887796 2.758913 2
2.442154 2.377958 1
2.219551 3.457190 1
3.406164 1.651777 1
2.792107 2.450197 1
2.883663 3.715283 1
3.088363 3.763826 2
 0 1 2
 1 3 2
 4 5 6
 6 5 7
 8 9 10
 11 12 13
 14 15 16
 17 18 2
 19 14 20
 21 22 23
 24 25 26
 27 26 25
 28 29 30
 31 32 33
 34 35 36
 28 37 29
 38 39 40
 41 42 43
 44 45 46
 47 46 45
 48 17 2
 49 43 50
 51 33 32
 52 53 54
 52 55 53
 56 6 57
 58 59 60
 41 43 61
 62 9 8
 58 60 63
 35 64 36
 65 66 67
 68 9 62
 28 69 70
 71 70 69
 72 73 74
 75 74 73
 76 16 15
 77 40 78
 79 80 81
 56 57 82
 83 84 85
 86 87 88
 89 90 91
 92 83 85
 77 93 40
 38 40 93
 94 55 95
 79 96 97
 38 98 39
 99 100 101
 102 101 100
 73 95 55
 79 97 103
 19 103 97
 35 104 64
 72 64 104
 49 50 105
 106 107 108
 109 110 111
 112 78 113
 86 114 4
 38 93 103
 115 116 66
 117 66 116
 118 67 66
 119 108 107
 120 43 42
 121 122 123
 124 125 126
 34 126 125
 47 45 127
 86 128 114
 129 130 131
 79 59 96
 65 132 66
 133 114 134
 135 134 114
 109 116 136
 137 138 139
 140 139 138
 48 141 17
 68 62 142
 86 88 128
 45 143 144
 145 146 111
 147 111 146
 148 123 122
 102 100 142
 0 2 149
 18 149 2
 72 95 73
 122 121 150
 150 121 151
 45 144 127
 99 152 100
 140 153 139
 154 22 155
 79 93 80
 89 91 156
 157 156 91
 34 158 35
 79 81 60
 159 160 161
 19 162 14
 163 164 165
 148 152 166
 167 141 48
 109 168 110
 28 169 69
 19 97 170
 171 17 141
 172 173 132
 3 107 2
 167 126 36
 94 53 55
 71 69 174
 175 144 143
 112 113 176
 106 48 2
 120 177 178
 100 179 142
 180 81 155
 181 170 130
 120 178 43
 129 131 25
 167 36 64
 44 46 182
 99 183 152
 38 103 184
 21 185 22
 92 186 83
 140 138 187
 175 188 54
 189 26 190
 191 128 88
 192 26 189
 75 73 193
 167 194 126
 195 196 197
 198 197 196
 28 30 169
 52 193 55
 76 199 16
 200 127 144
 180 60 81
 56 201 6
 109 136 168
 172 132 202
 203 16 199
 7 57 6
 159 138 204
 137 204 138
 205 206 207
 12 208 209
 44 177 45
 210 211 212
 213 54 53
 114 214 4
 112 215 216
 44 182 178
 27 25 217
 218 219 208
 220 208 219
 221 222 223
 195 224 196
 206 225 207
 215 226 216
 227 182 46
 228 229 230
 198 196 231
 163 232 164
 153 158 233
 163 165 29
 130 170 234
 159 235 160
 236 100 237
 238 239 240
 167 64 241
 31 33 149
 24 105 25
 242 222 221
 191 212 211
 243 229 244
 228 244 229
 52 54 188
 73 55 193
 245 107 246
 246 107 3
 200 144 247
 106 2 107
 79 103 93
 89 85 84
 154 155 248
 129 249 130
 181 130 249
 154 226 215
 0 149 33
 25 131 217
 130 206 131
 135 114 128
 34 36 126
 119 107 245
 124 126 250
 79 60 59
 81 248 155
 86 4 251
 6 251 4
 52 188 193
 56 82 252
 253 4 214
 34 233 158
 254 255 256
 133 214 114
 257 258 30
 259 260 42
 145 111 110
 171 141 261
 159 262 138
 257 1 33
 0 33 1
 124 255 263
 65 264 265
 137 233 125
 266 206 130
 50 178 182
 126 194 250
 99 219 267
 147 187 262
 124 256 255
 268 84 83
 68 244 9
 99 267 183
 72 74 64
 129 25 269
 109 270 116
 100 152 237
 124 263 125
 257 30 271
 236 179 100
 254 230 229
 148 166 123
 227 272 249
 31 273 32
 159 161 274
 191 211 128
 109 111 161
 77 226 80
 3 1 275
 32 273 276
 77 80 93
 68 277 244
 153 233 139
 254 223 255
 278 255 223
 181 249 272
 195 13 224
 19 20 184
 266 130 234
 137 139 233
 21 23 279
 280 281 282
 120 42 260
 147 274 111
 254 229 283
 3 275 246
 115 132 173
 180 63 60
 75 261 141
 243 150 151
 163 29 37
 243 284 229
 278 285 255
 35 158 286
 106 194 48
 167 48 194
 192 287 288
 69 288 287
 41 289 290
 291 224 13
 228 9 244
 58 225 59
 266 59 225
 30 258 169
 12 209 13
 291 13 209
 266 96 59
 171 290 289
 82 292 63
 228 230 293
 112 176 215
 243 151 294
 172 238 186
 254 256 230
 220 209 208
 22 185 155
 19 184 103
 243 277 150
 259 193 188
 295 29 165
 278 223 222
 296 297 264
 181 272 162
 268 90 84
 137 125 263
 86 251 87
 34 125 233
 106 108 250
 243 244 277
 119 245 293
 296 294 151
 175 260 188
 117 116 270
 62 8 165
 295 165 8
 50 182 269
 129 269 182
 49 61 43
 50 43 178
 21 252 298
 175 54 299
 257 275 1
 157 110 168
 220 101 300
 21 298 185
 138 262 187
 120 143 177
 266 225 206
 120 260 143
 24 26 301
 44 178 177
 24 301 32
 220 300 302
 162 272 15
 175 299 144
 41 61 303
 24 276 105
 242 221 304
 305 304 221
 51 288 169
 69 169 288
 253 5 4
 99 101 219
 220 219 101
 77 78 216
 68 142 179
 171 261 290
 296 67 306
 77 216 226
 51 32 301
 10 275 8
 295 8 275
 58 63 292
 115 66 132
 65 265 202
 19 170 162
 121 307 151
 296 151 307
 254 283 221
 227 249 182
 124 108 256
 296 264 67
 18 303 149
 31 149 303
 163 37 224
 196 224 37
 10 246 275
 118 308 304
 119 230 256
 27 190 26
 295 271 29
 30 29 271
 51 169 258
 82 57 292
 118 66 308
 259 42 290
 192 301 26
 56 252 279
 236 277 179
 68 179 277
 198 309 210
 135 210 309
 131 206 217
 205 217 206
 41 303 289
 226 248 80
 296 307 297
 154 248 226
 121 297 307
 133 189 214
 253 214 189
 112 216 78
 310 202 265
 148 237 152
 18 289 303
 253 311 5
 129 182 249
 195 11 13
 89 84 90
 278 235 204
 160 312 270
 111 274 161
 310 240 239
 198 210 313
 89 156 85
 136 85 156
 310 239 202
 172 202 239
 180 155 185
 257 33 258
 51 258 33
 305 221 283
 159 204 235
 303 61 273
 119 256 108
 295 275 271
 257 271 275
 164 232 302
 291 302 232
 160 270 161
 236 122 150
 136 156 168
 242 304 308
 164 300 314
 97 234 170
 65 202 132
 49 105 276
 51 301 288
 254 221 223
 181 162 170
 87 251 201
 311 315 5
 24 32 276
 31 303 273
 106 250 194
 117 308 66
 242 312 222
 137 285 204
 75 141 241
 278 204 285
 38 184 98
 20 98 184
 236 150 277
 49 276 273
 192 189 287
 164 314 165
 259 261 193
 75 241 74
 291 232 224
 163 224 232
 160 222 312
 135 128 211
 255 285 263
 157 168 156
 136 116 316
 115 316 116
 229 284 283
 25 105 269
 50 269 105
 133 287 189
 192 288 301
 228 293 317
 253 189 190
 296 306 294
 305 294 306
 259 290 261
 172 239 238
 245 317 293
 124 250 108
 213 299 54
 247 144 299
 27 217 311
 205 311 217
 227 318 272
 76 272 318
 81 80 248
 220 302 209
 291 209 302
 259 188 260
 119 293 230
 28 70 37
 196 37 70
 172 186 173
 92 173 186
 117 270 312
 75 193 261
 218 267 219
 41 290 42
 135 211 210
 195 197 11
 278 222 235
 102 314 300
 118 304 306
 305 306 304
 243 294 284
 159 274 262
 147 262 274
 49 273 61
 92 85 316
 136 316 85
 118 306 67
 253 190 311
 175 143 260
 21 279 252
 6 201 251
 14 162 15
 65 67 264
 109 161 270
 92 316 173
 115 173 316
 27 311 190
 228 317 9
 45 177 143
 102 142 314
 62 314 142
 10 9 317
 71 134 309
 135 309 134
 160 235 222
 102 300 101
 62 165 314
 7 315 207
 205 207 315
 205 315 311
 305 284 294
 137 263 285
 245 246 317
 10 317 246
 71 174 134
 167 241 141
 7 207 292
 133 134 174
 7 292 57
 47 319 199
 203 199 319
 82 298 252
 58 207 225
 58 292 207
 72 282 95
 76 15 272
 64 74 241
 47 318 46
 227 46 318
 7 5 315
 76 318 199
 171 289 17
 18 17 289
 280 104 286
 164 302 300
 47 127 319
 82 63 298
 180 298 63
 180 185 298
 200 319 127
 242 308 312
 69 287 174
 133 174 287
 148 122 237
 236 237 122
 305 283 284
 196 70 231
 71 309 231
 198 231 309
 198 313 197
 35 286 104
 117 312 308
 280 282 104
 47 199 318
 97 96 234
 266 234 96
 72 104 282
 71 231 70
 0
 0
 0
 0
 0
 0
 10
 145 268 157 91 83 90 110 238 240 186
 10
 140 145 147 153 280 187 281 158 146 286
 16
 213 200 94 39 14 203 247 20 53 16 281 98 95 319 299 282
 0
 0
 26
 310 218 56 191 121 12 88 87 208 297 152 123 210 201 264 183 265 240 23 166 212 279 313 197 11 267
 0
 0
 0
 0
 0
 0
 0
 0
 0
 6
 154 22 215 113 23 176
 4
 39 78 40 113
 0
