326 582
6.515219 5.280851 1
6.635678 5.241629 1
6.685428 5.362820 1
6.546347 5.390184 1
8.199057 5.447165 1
8.251304 5.295807 2
8.331640 5.457134 2
6.070206 3.682619 1
6.214737 3.731762 1
6.058446 3.837669 1
6.213589 3.874769 1
7.223019 5.959930 1
7.327240 5.856607 1
7.330631 6.014463 2
5.782885 4.915845 1
5.654538 5.009116 1
5.613523 4.876764 1
5.510816 4.964171 2
6.577372 6.121279 1
6.721230 6.140491 3
6.586689 6.236336 2
7.445928 5.925075 2
5.977030 3.962249 1
5.876711 3.891672 1
6.850639 5.821062 1
6.764899 5.732218 1
6.949240 5.690904 1
6.124452 5.399304 1
6.250869 5.309196 1
6.212828 5.480120 1
6.765488 4.794387 1
6.921344 4.852563 1
6.792965 4.944991 1
6.197004 5.609816 1
6.292776 5.740302 1
6.176824 5.767386 1
5.957494 3.764695 1
7.484683 5.762489 1
6.807890 5.608046 1
7.411201 5.419500 1
7.443591 5.267010 1
7.530152 5.345335 1
6.506629 3.889209 2
6.371160 3.918404 1
6.453152 3.767231 2
5.458508 4.842330 2
6.324090 5.449898 1
6.206203 4.558007 1
6.139965 4.456416 1
6.238244 4.398286 1
6.365672 4.825902 1
6.262121 4.844088 1
6.236480 4.716629 1
6.318694 4.601766 1
6.332431 4.471969 1
6.436944 4.559677 1
7.331261 5.717915 1
5.711236 4.758887 1
7.695964 5.158335 1
7.704840 4.993128 2
7.798072 5.105775 1
7.488338 5.133633 1
7.391780 5.076591 1
7.464369 4.987767 1
6.458292 4.860746 1
6.561650 4.911911 1
6.449646 4.988196 1
7.198951 5.742980 1
7.176685 5.859831 1
5.589419 4.442449 1
5.690715 4.356841 1
5.711939 4.496269 1
5.812953 4.400337 1
6.420067 5.386676 1
6.411714 5.261772 1
7.733526 5.338585 1
7.612352 5.241457 1
7.774418 5.233129 1
6.764845 5.204879 1
6.863762 5.336168 1
6.824794 5.472210 1
7.124092 5.526034 1
7.204670 5.405964 1
7.296735 5.500678 1
6.315060 3.798978 1
6.946815 5.205117 1
6.403944 4.719996 1
7.569298 5.891051 2
5.944004 4.749156 1
5.838029 4.800569 1
5.821872 4.670084 1
6.529588 5.553187 1
6.684817 5.529173 1
6.574519 5.663994 1
6.690910 5.668113 1
6.136762 4.092844 1
6.245292 4.146565 1
6.110779 4.221756 1
6.244764 4.271516 1
5.546039 4.041147 2
5.645875 3.954549 2
5.657291 4.098102 1
5.915690 4.628152 1
6.740088 4.479023 1
6.844259 4.575675 1
6.694670 4.607204 1
8.248270 5.643020 1
8.353352 5.703722 2
8.212707 5.784408 2
6.541129 5.048256 1
5.566566 4.755843 1
6.970466 5.038136 1
7.072138 5.117852 1
7.226384 5.625953 1
7.521933 5.446952 1
6.933664 4.371037 2
7.087327 4.451959 2
6.923322 4.490115 1
8.157369 5.343278 1
6.438160 5.975036 1
6.448305 6.119336 2
6.348578 6.008866 2
5.938301 3.649847 3
6.056940 3.532387 2
7.589087 5.067315 1
6.687865 4.905247 1
6.726094 5.043987 1
6.631585 5.002763 1
8.014758 5.026240 2
7.912322 5.070052 1
7.905993 4.939065 2
6.978658 5.457349 1
6.311346 5.599753 1
6.330822 5.175495 1
6.223165 5.123343 1
6.127608 5.195673 1
6.631111 6.026497 1
7.596216 5.791795 1
7.076392 4.822713 1
7.184811 4.897837 1
7.085773 4.974476 1
6.631879 4.698171 1
6.770990 4.672834 1
7.819833 4.993639 2
6.635351 4.809585 1
7.293615 4.802448 2
7.301553 4.971611 1
7.381545 4.884879 1
6.848817 5.063982 1
6.076811 4.962896 1
6.038838 5.092997 1
5.911179 5.023998 1
5.489552 4.544328 2
5.448073 4.418504 2
6.638291 5.119759 1
6.908397 4.961698 1
5.930738 4.904496 1
7.779768 5.695951 2
7.702898 5.823640 4
7.627986 5.690001 1
7.060996 6.145112 2
6.950093 6.061373 2
7.052244 6.037927 1
6.506563 4.665459 1
6.012780 4.101611 1
5.754136 3.997911 1
5.877999 4.044163 1
7.176009 6.071414 2
6.485501 4.018254 2
6.366496 4.075804 1
7.628674 5.388248 1
6.734489 6.014736 1
6.339557 4.936695 1
6.110510 5.681526 1
5.986840 4.235795 1
7.991162 5.553521 1
7.851661 5.591433 1
7.907560 5.478063 1
7.190773 5.054635 1
6.207385 3.602029 2
5.666567 5.153465 2
5.788845 5.072317 1
5.654665 4.222553 1
5.793844 4.270030 1
6.001570 5.691066 1
5.888014 5.768173 3
5.925596 5.599349 2
6.202116 5.874313 1
6.049241 5.823913 2
6.425797 5.666373 1
7.937647 5.676692 2
6.107842 5.934070 2
6.642293 4.299617 2
6.771570 4.326343 2
6.644121 4.409723 1
5.611839 4.572730 1
7.010106 4.599801 1
5.748894 3.857811 2
6.408441 5.539903 1
6.062716 5.543975 1
7.316336 5.349784 1
7.112624 5.953517 1
6.900465 4.703477 1
6.015033 4.338188 1
6.133647 4.350860 1
6.042073 4.442723 1
8.053024 5.415451 1
8.133616 5.564425 1
6.103865 3.968939 1
6.618520 5.443135 1
6.091345 5.299238 1
7.019033 5.579883 1
6.922052 5.560655 1
5.770917 4.139910 1
5.721786 4.621486 1
5.838165 4.542286 1
6.248830 4.009155 1
7.387219 5.170876 1
7.428337 5.656695 1
7.008394 4.908817 1
7.447411 5.545475 1
7.343417 5.616569 1
6.177315 4.920896 1
6.246135 5.013011 1
6.330319 3.680072 2
7.009689 4.730780 1
6.552555 5.914373 1
6.448441 5.864358 1
6.516156 5.774285 1
7.175807 4.768098 1
7.925807 5.372638 1
7.976167 5.274621 1
6.634635 4.507141 1
6.643902 5.788945 1
7.180489 5.198416 1
7.136845 4.570757 2
7.428025 4.762900 2
8.086248 5.279668 1
5.461146 4.733736 1
7.291842 5.136604 1
7.102363 5.654710 1
7.083399 5.771421 1
6.441395 4.412462 1
6.839843 4.438451 1
6.972481 5.823722 1
6.122160 4.639272 1
5.557873 5.064461 2
7.089032 5.409372 1
7.118725 5.312184 1
6.332316 5.886735 1
7.224258 5.305674 1
6.130311 4.813898 1
6.886796 5.934924 1
7.112457 4.685982 1
6.530414 5.177039 1
6.432092 5.129369 1
5.843804 3.761670 2
5.549659 4.177384 2
6.584668 4.109902 2
6.557072 4.237191 2
6.475811 4.160089 1
7.006169 5.945679 1
5.889726 4.184255 1
6.403038 5.775277 1
7.579435 4.927200 2
6.527028 6.032881 1
7.001209 5.322127 1
5.911627 5.479372 2
6.746459 5.836737 1
6.783448 5.935107 1
6.681101 5.925217 1
7.597425 5.533714 1
5.923215 5.140003 1
5.802876 5.196856 2
5.904289 4.310095 1
7.059162 5.227658 1
6.010065 5.411418 1
6.568055 4.580277 1
5.627614 4.668246 1
7.723514 5.584177 1
6.036800 4.862010 1
6.542387 4.470530 1
5.560513 4.315344 2
7.718904 5.458847 1
7.236230 4.640737 2
8.022291 5.169083 1
7.890661 5.195217 1
6.143450 5.044470 1
8.339474 5.584421 2
8.255172 5.537175 1
7.797246 5.508894 1
6.075419 4.729247 1
6.504592 5.462617 1
7.320543 5.240543 1
8.154737 5.215671 1
6.354817 4.210866 1
6.080802 4.545942 1
7.526029 5.635945 1
8.116965 5.102116 2
8.052216 5.626583 1
8.068089 5.721681 2
6.527680 4.768586 1
6.336903 5.061018 1
8.224382 5.129714 3
5.359335 4.752727 3
8.151960 5.664776 1
6.453289 4.285913 1
6.867051 6.143633 2
6.839781 6.036135 1
7.487613 4.872024 2
5.987270 5.305165 1
5.907853 5.249306 1
7.825233 5.408347 1
7.858644 5.299185 1
6.236439 5.984707 2
5.962838 4.537652 1
6.345994 4.337882 1
6.011571 4.641583 1
5.927338 4.431966 1
6.015219 5.208495 1
6.546760 4.352573 1
7.062775 5.862608 1
5.821927 5.301469 2
5.906826 5.361221 2
5.527368 4.655096 1
5.413896 4.651574 2
 0 1 2
 3 0 2
 4 5 6
 7 8 9
 10 9 8
 11 12 13
 14 15 16
 17 16 15
 18 19 20
 12 21 13
 22 23 9
 24 25 26
 27 28 29
 30 31 32
 33 34 35
 9 23 36
 37 21 12
 25 38 26
 39 40 41
 42 43 44
 17 45 16
 46 29 28
 47 48 49
 50 51 52
 53 54 55
 54 47 49
 37 12 56
 53 47 54
 14 16 57
 58 59 60
 61 62 63
 64 65 66
 67 12 68
 11 68 12
 69 70 71
 72 71 70
 46 28 73
 28 74 73
 75 76 77
 78 79 2
 80 2 79
 81 82 83
 43 84 44
 78 85 79
 86 50 52
 37 87 21
 88 89 90
 91 92 93
 92 94 93
 67 56 12
 95 96 97
 98 97 96
 99 100 101
 88 90 102
 103 104 105
 106 107 108
 80 92 2
 66 65 109
 16 45 110
 111 112 85
 81 83 113
 39 41 114
 115 116 117
 4 118 5
 119 120 121
 7 122 123
 61 63 124
 125 126 127
 32 126 125
 128 129 130
 80 79 131
 33 132 34
 133 28 134
 135 134 28
 18 136 19
 30 32 125
 37 137 87
 138 139 140
 30 141 142
 143 60 59
 14 57 89
 133 74 28
 58 77 76
 30 144 141
 105 142 141
 139 145 146
 146 145 147
 78 148 85
 149 150 151
 111 85 148
 69 152 153
 78 1 154
 32 155 148
 149 151 156
 157 158 159
 160 161 162
 163 86 55
 53 55 86
 95 97 164
 58 124 59
 165 23 166
 32 148 126
 78 154 126
 62 146 63
 146 147 63
 94 92 38
 80 38 92
 160 162 167
 42 168 43
 169 43 168
 75 170 76
 171 19 136
 64 66 172
 53 86 52
 61 124 76
 58 76 124
 33 35 173
 97 174 164
 175 176 177
 178 140 139
 7 123 179
 180 15 181
 14 181 15
 182 183 70
 184 185 186
 35 187 188
 189 91 93
 175 190 176
 191 188 187
 30 125 144
 192 193 194
 69 195 152
 196 117 116
 165 101 100
 165 197 23
 189 198 91
 14 156 151
 103 194 193
 27 29 199
 33 199 29
 39 200 40
 162 201 167
 196 202 104
 30 202 31
 203 204 205
 175 206 207
 4 207 206
 18 20 120
 10 208 9
 22 9 208
 88 156 89
 3 2 209
 27 210 28
 14 151 181
 81 211 131
 80 131 212
 182 213 183
 90 214 215
 46 132 29
 10 43 216
 61 217 62
 71 215 214
 78 2 1
 184 199 173
 37 56 218
 138 140 219
 39 220 83
 221 83 220
 135 28 210
 7 9 36
 222 51 172
 223 222 172
 224 8 179
 138 31 225
 10 216 208
 226 227 228
 169 216 43
 138 229 139
 230 231 206
 103 105 232
 189 93 228
 226 228 233
 14 89 156
 178 234 112
 196 116 235
 178 139 146
 147 145 236
 178 112 140
 26 38 212
 80 212 38
 111 148 155
 237 206 231
 238 110 45
 95 208 216
 178 146 239
 184 188 185
 26 240 241
 69 71 195
 54 242 55
 103 243 104
 26 241 244
 184 186 199
 62 239 146
 226 119 227
 230 206 177
 53 52 47
 245 47 52
 33 173 199
 180 246 15
 35 188 173
 81 131 247
 95 164 208
 22 208 164
 2 92 209
 81 247 82
 248 82 247
 203 97 204
 48 205 204
 31 202 225
 249 187 34
 248 250 82
 175 177 206
 35 34 187
 32 31 155
 51 251 52
 252 24 244
 196 235 253
 254 74 255
 256 36 23
 111 140 112
 182 257 101
 127 109 65
 7 36 122
 258 259 260
 67 113 56
 221 56 113
 99 101 257
 72 70 183
 133 255 74
 252 244 261
 105 104 142
 262 166 164
 46 198 132
 189 228 263
 158 137 159
 184 173 188
 61 76 40
 41 40 76
 72 215 71
 264 124 63
 131 211 212
 119 265 120
 131 79 266
 267 199 186
 169 168 260
 258 260 168
 268 24 269
 226 233 270
 271 114 170
 252 269 24
 249 227 119
 22 164 166
 10 84 43
 71 214 195
 272 273 181
 262 174 274
 196 104 117
 254 0 74
 272 151 150
 112 234 275
 90 215 102
 138 219 31
 262 274 183
 267 276 199
 27 199 276
 41 76 170
 105 141 277
 278 195 214
 91 209 92
 224 44 84
 157 159 279
 149 156 280
 281 55 242
 262 213 166
 251 222 280
 88 280 156
 226 265 119
 78 126 148
 69 153 282
 280 222 149
 82 200 83
 39 83 200
 249 119 121
 248 247 266
 131 266 247
 22 166 23
 271 170 283
 11 167 201
 271 279 159
 284 253 235
 33 29 132
 104 243 117
 128 285 129
 286 129 285
 94 38 25
 165 166 213
 51 222 251
 46 73 198
 87 137 158
 135 150 287
 67 240 113
 81 113 240
 95 216 96
 169 96 216
 139 229 145
 262 183 213
 6 288 289
 290 177 176
 196 225 202
 135 287 134
 189 34 132
 30 142 202
 104 202 142
 251 291 52
 198 73 292
 293 40 200
 237 285 294
 284 229 253
 196 253 225
 262 164 174
 64 172 50
 11 13 167
 272 181 151
 278 57 110
 169 260 295
 48 47 296
 271 159 297
 16 110 57
 245 52 291
 85 266 79
 37 159 137
 90 89 57
 285 298 294
 175 299 190
 300 190 299
 182 282 257
 182 70 282
 105 277 232
 180 181 273
 254 154 1
 98 204 97
 69 282 70
 37 297 159
 7 179 8
 163 301 86
 64 86 301
 223 302 134
 284 145 229
 252 261 161
 303 5 294
 98 96 295
 238 45 304
 106 108 305
 300 305 108
 268 270 233
 256 122 36
 17 15 246
 10 8 84
 157 176 190
 182 101 213
 306 295 260
 307 19 308
 171 308 19
 91 292 209
 169 295 96
 111 219 140
 133 134 302
 165 213 101
 88 291 280
 203 174 97
 248 275 234
 221 113 83
 143 130 129
 147 236 309
 224 84 8
 310 210 276
 27 276 210
 39 114 220
 272 311 273
 251 280 291
 115 243 193
 94 233 93
 228 93 233
 254 255 109
 264 59 124
 163 277 141
 18 120 265
 127 126 154
 245 296 47
 103 193 243
 138 253 229
 268 25 24
 85 112 275
 290 283 312
 64 50 86
 256 23 197
 162 161 261
 106 207 289
 4 289 207
 290 279 283
 26 212 211
 26 211 240
 138 225 253
 271 297 220
 75 313 312
 75 312 283
 111 155 219
 264 63 309
 293 234 239
 178 239 234
 271 220 114
 249 314 187
 163 55 277
 281 277 55
 74 0 73
 3 73 0
 315 102 215
 271 283 279
 249 121 314
 149 222 287
 98 295 316
 94 25 233
 268 233 25
 75 77 313
 157 279 176
 248 234 250
 254 1 0
 249 34 263
 223 287 222
 306 260 259
 237 118 206
 4 206 118
 191 187 314
 165 100 197
 221 218 56
 249 263 227
 26 244 24
 88 102 317
 290 176 279
 143 129 60
 286 60 129
 66 109 255
 293 250 234
 306 242 316
 54 316 242
 252 161 308
 221 220 218
 3 209 292
 41 170 114
 189 132 198
 286 285 231
 203 274 174
 90 57 214
 58 60 77
 286 77 60
 237 294 118
 5 118 294
 175 207 299
 106 305 207
 228 227 263
 306 316 295
 67 241 240
 48 296 205
 147 309 63
 81 240 211
 315 215 318
 48 204 49
 237 231 285
 128 298 285
 272 150 319
 135 319 150
 192 194 320
 192 320 259
 278 214 57
 315 318 205
 321 261 244
 61 40 217
 293 217 40
 51 50 172
 106 288 107
 254 109 154
 144 65 301
 64 301 65
 322 311 323
 310 323 311
 72 318 215
 103 232 194
 281 194 232
 223 172 302
 321 244 241
 31 219 155
 72 183 274
 115 117 243
 11 201 68
 321 68 201
 149 287 150
 67 68 241
 321 241 68
 322 273 311
 203 205 318
 91 198 292
 310 311 319
 272 319 311
 189 263 34
 66 302 172
 127 65 125
 144 125 65
 226 136 265
 4 6 289
 267 323 276
 310 276 323
 278 324 195
 152 195 324
 66 255 302
 133 302 255
 286 231 313
 310 319 210
 135 210 319
 85 275 266
 248 266 275
 293 200 250
 281 320 194
 281 242 320
 306 259 320
 306 320 242
 252 308 269
 171 269 308
 75 283 170
 238 304 325
 162 261 201
 321 201 261
 230 312 313
 230 177 312
 290 312 177
 315 205 296
 220 297 218
 62 217 239
 230 313 231
 238 325 324
 152 324 325
 72 274 318
 293 239 217
 98 49 204
 223 134 287
 315 296 317
 245 317 296
 163 141 301
 144 301 141
 98 316 49
 54 49 316
 226 270 136
 171 136 270
 286 313 77
 203 318 274
 245 291 317
 88 317 291
 106 289 288
 278 110 324
 127 154 109
 82 250 200
 3 292 73
 303 294 298
 238 324 110
 281 232 277
 315 317 102
 268 269 270
 307 308 161
 18 265 136
 171 270 269
 37 218 297
 207 305 299
 300 299 305
 10
 157 303 300 158 5 190 108 107 6 288
 25
 143 42 284 224 128 258 264 115 303 192 116 123 122 193 236 145 168 44 179 235 59 130 298 259 309
 0
 0
 0
 0
 0
 0
 11
 256 99 152 122 197 153 257 282 304 100 325
 0
 0
 0
 8
 191 314 185 120 188 19 20 121
 0
 0
 0
 9
 160 307 87 158 19 167 13 21 161
 1
 158
 0
 0
 0
 0
 0
 11
 17 180 267 322 185 45 186 273 304 323 246
