316 560
4.843771 7.742307 1
4.766234 7.666049 1
4.942622 7.631082 1
6.324848 6.482803 1
6.340768 6.646847 1
6.250611 6.565264 1
4.821928 7.549235 1
6.025010 7.132655 1
5.983438 7.024341 1
6.124147 7.063564 1
6.063959 6.945081 1
6.336443 7.604251 1
6.425355 7.527565 1
6.428321 7.684815 1
6.523942 7.618282 1
6.434163 6.527350 1
6.244118 7.184323 1
6.266187 7.027318 1
6.347591 7.127566 1
4.711200 8.307444 2
4.741633 8.163024 1
4.860852 8.234040 1
6.144520 8.261088 2
6.017505 8.310702 1
6.014330 8.187575 1
5.899400 8.271502 2
4.835890 8.349513 3
5.996070 7.736128 1
5.958368 7.915096 1
5.865686 7.811341 1
6.362182 7.384542 1
6.409706 7.225019 1
6.497157 7.378639 1
4.595613 8.187726 2
4.511151 8.049745 2
4.657690 8.056572 1
6.296477 6.291746 1
6.178900 6.299035 1
6.199009 6.150740 1
6.515550 7.910473 1
6.624644 7.818213 2
6.686428 7.967595 2
6.462371 6.286243 1
6.550437 6.430156 1
6.375656 6.392724 1
5.838173 7.692947 1
5.571858 7.994799 1
5.702821 7.933967 1
5.684880 8.078018 1
6.126753 7.757062 1
6.265494 7.724443 1
6.192368 7.834031 1
5.281036 8.087737 2
5.183760 7.973964 1
5.325183 7.953028 1
5.229473 7.854873 1
5.602718 6.699167 1
5.685526 6.823863 1
5.533053 6.801820 1
6.232662 6.425375 1
6.036715 7.571488 1
6.139481 7.641781 1
6.090784 7.860630 1
6.572844 8.041079 1
6.707098 6.267285 2
6.586689 6.236336 2
6.721230 6.140491 3
5.448219 6.482357 2
5.550116 6.335684 2
5.598416 6.473492 1
5.385935 6.762380 1
5.444646 6.913848 1
5.285058 6.963790 1
5.303810 6.851843 1
6.348578 6.008866 2
6.448305 6.119336 2
6.317267 6.096814 1
5.664499 7.207910 1
5.646004 7.361714 1
5.534051 7.227073 1
5.494450 7.360512 1
5.205322 6.783471 2
5.330009 6.659079 2
5.704483 6.374544 1
5.749829 6.701849 1
6.086353 6.241210 1
4.813176 7.911351 1
4.948983 7.864202 1
6.528897 7.259480 1
6.290893 6.904168 1
6.397560 6.995712 1
6.405883 6.864030 1
5.928920 7.612831 1
5.040743 7.991185 1
5.087064 7.877637 1
5.892580 6.036529 1
5.829604 5.902960 1
5.930879 5.901834 1
6.348769 6.192240 1
5.635381 6.053502 2
5.708464 6.179259 1
5.580335 6.184878 2
5.724779 7.792501 1
5.813758 7.908040 1
5.087629 7.126500 2
5.238856 7.112688 1
5.122115 7.262406 1
5.279744 7.252313 1
4.534422 7.490746 1
4.536436 7.376394 1
4.672927 7.475581 1
4.652640 7.350923 1
4.834458 7.281233 1
4.974308 7.230979 1
4.991446 7.348893 1
5.115304 7.631296 1
5.248849 7.594256 1
5.241812 7.726308 1
5.830169 8.029728 1
4.900292 7.423846 1
5.125394 7.766198 1
6.098043 7.995399 1
5.970793 8.053564 1
5.374543 7.049115 1
5.942912 7.503657 1
5.844851 7.405440 1
5.952569 7.343401 1
4.576108 7.607667 1
5.568016 7.505361 1
5.421016 7.473299 1
5.663185 8.228879 2
5.791213 8.162083 2
6.600378 7.433842 2
6.654553 7.582757 2
6.542108 7.522443 1
4.711037 7.794382 1
6.175334 6.712549 1
5.582434 7.111613 1
5.730698 7.082888 1
6.036983 7.427572 1
4.971705 8.284924 2
4.976001 8.131276 1
5.722375 7.494719 1
5.690073 7.627812 1
5.553058 7.626899 1
5.878323 6.748794 1
6.016706 6.747408 1
5.954902 6.877563 1
6.755052 6.772868 2
6.628255 6.795046 1
6.654490 6.668553 2
5.848434 6.998054 1
5.808165 6.849018 1
6.095220 6.845009 1
5.740473 5.837762 2
5.763447 5.978761 1
5.619124 5.899089 2
4.468042 7.715165 1
4.502781 7.876628 1
4.367325 7.805503 1
5.725727 6.942658 1
4.584562 7.758676 1
6.579016 7.137706 1
6.660239 7.031088 1
6.706936 7.148492 1
6.011650 5.978821 1
5.768535 6.088666 1
4.386937 7.957093 2
6.111039 8.111499 1
5.989936 6.513116 1
6.079998 6.386104 1
6.131536 6.546044 1
5.592066 7.860765 1
5.072101 8.187603 2
5.946052 6.642387 1
6.460231 6.637274 1
4.707977 7.588343 1
4.770649 7.392766 1
5.097023 7.394842 1
6.308508 6.782358 1
4.951414 7.741698 1
5.019200 7.792492 1
6.567698 8.175380 2
6.453265 8.234514 2
6.475371 8.127416 1
5.626664 7.003680 1
5.425395 8.066589 1
4.698600 7.260993 2
4.597871 7.963859 1
6.225852 8.136789 1
6.304467 8.089989 1
6.266655 8.219926 2
4.856603 7.145395 2
6.430508 8.018143 1
5.447165 8.199057 1
5.455002 8.323562 2
5.305802 8.228199 2
4.900376 8.008267 1
5.368001 7.803230 1
6.387387 8.152041 2
5.342384 7.156353 1
6.677935 6.532219 2
6.720660 6.397946 2
5.554943 8.137086 1
5.906887 8.149755 1
6.158843 7.484761 1
6.214417 7.341128 1
6.287699 7.489812 1
6.812208 7.044554 2
6.065762 6.644947 1
6.488848 6.925975 1
6.092814 8.423142 2
5.281466 7.474548 1
5.354449 7.365193 1
6.045297 6.091761 1
6.618821 6.336739 1
5.020481 7.500053 1
4.783399 8.029253 1
4.251044 7.871155 2
5.957688 6.180433 1
6.552126 6.569087 1
6.538285 6.701602 1
6.817706 7.185980 2
5.884179 7.129126 1
6.233740 7.586770 1
6.203375 6.835410 1
5.449233 7.590049 1
6.395429 7.818680 1
6.379520 7.921695 1
4.921330 7.526054 1
4.715678 7.142967 2
6.173964 6.936758 1
4.852577 8.123547 1
6.311791 7.282618 1
6.236439 5.984707 2
5.778982 7.195742 1
5.513087 7.016447 1
5.599947 6.895392 1
6.124454 7.204599 1
6.631719 7.227518 1
6.070055 7.308872 1
4.963239 7.116050 2
4.446509 7.322335 2
4.440694 7.457618 2
5.209591 7.373124 1
5.830730 7.559935 1
5.775057 6.563979 1
5.705297 6.482441 1
5.842587 6.430380 1
5.888014 5.768173 3
6.049241 5.823913 2
5.493474 7.799499 1
5.460635 7.695292 1
5.533744 6.581156 1
5.462663 7.912985 1
6.107842 5.934070 2
5.124939 8.088936 2
5.983962 7.228858 1
5.778348 6.292717 1
5.895851 6.288805 1
5.344021 7.672044 1
6.494907 7.791564 1
5.154410 7.012564 2
5.348897 7.561344 1
5.864811 7.265457 1
5.756623 7.304313 1
5.648269 6.275876 1
4.251238 7.728322 1
6.533076 7.023215 1
4.142662 7.770654 3
6.465974 7.128116 1
4.667230 7.685610 1
4.614072 7.870597 1
4.361379 7.659491 1
4.454059 7.580986 1
5.881123 6.555159 1
4.357193 7.543555 2
6.722287 6.909847 2
5.477098 6.708196 1
6.134613 6.033668 1
5.028214 7.709449 1
6.303704 7.978455 1
5.436562 6.612066 1
6.594790 6.921363 1
6.621301 7.323880 1
6.758337 7.389542 2
5.544349 8.245235 2
5.585395 7.733250 1
5.960152 6.379493 1
5.958299 8.386499 2
6.122543 7.390570 1
5.162119 7.494687 1
6.571133 7.724998 1
6.706133 7.730347 2
6.690825 8.109853 3
4.564543 7.276639 2
5.743260 7.394180 1
6.427768 6.742944 1
5.345887 6.568316 2
5.402276 7.244334 1
5.846077 6.642434 1
5.994973 6.290595 1
5.450286 7.125034 1
6.512930 6.825555 1
4.141549 7.641022 3
4.258708 7.599420 2
5.363317 8.144968 1
6.289138 7.868203 1
5.204967 6.904642 2
5.660082 6.583299 1
4.698055 7.935896 1
6.830453 7.287535 2
6.725146 7.264184 1
6.198315 7.931916 1
5.837869 6.177964 1
6.212695 8.034580 1
 0 1 2
 3 4 5
 1 6 2
 7 8 9
 8 10 9
 11 12 13
 13 12 14
 15 4 3
 16 17 18
 16 9 17
 19 20 21
 22 23 24
 25 24 23
 26 19 21
 27 28 29
 30 31 32
 33 34 35
 36 37 38
 39 40 41
 42 43 44
 15 44 43
 27 29 45
 46 47 48
 49 50 51
 52 53 54
 55 54 53
 56 57 58
 59 36 44
 27 60 61
 27 62 28
 63 39 41
 64 65 66
 67 68 69
 70 58 71
 72 73 71
 70 71 73
 74 75 76
 77 78 79
 80 79 78
 70 81 82
 83 69 68
 56 84 57
 61 50 49
 85 38 37
 86 0 87
 31 88 32
 17 89 90
 91 90 89
 27 92 60
 93 87 94
 95 96 97
 36 38 98
 99 100 101
 102 45 29
 102 103 47
 104 105 106
 107 106 105
 108 109 110
 111 110 109
 102 29 103
 112 113 114
 115 116 117
 118 48 47
 112 114 119
 115 117 120
 121 122 28
 72 71 123
 124 125 126
 108 110 127
 70 73 81
 80 128 129
 130 48 131
 132 133 134
 86 135 0
 136 5 4
 33 35 20
 77 137 138
 42 44 36
 124 126 139
 140 21 141
 142 143 128
 144 128 143
 104 106 113
 145 146 147
 59 37 36
 148 149 150
 151 152 147
 10 147 153
 154 155 156
 99 156 155
 146 153 147
 157 158 159
 102 143 45
 151 160 152
 157 161 158
 162 163 164
 95 97 165
 145 152 84
 99 166 100
 57 84 152
 76 98 38
 80 78 128
 167 158 34
 121 168 122
 169 170 171
 59 171 170
 42 36 98
 46 172 47
 113 106 114
 173 140 141
 24 122 168
 118 103 28
 118 28 122
 145 174 146
 15 175 4
 27 49 62
 121 28 62
 22 24 168
 110 176 127
 111 177 110
 27 45 92
 178 114 106
 17 90 18
 95 155 96
 72 123 105
 136 4 179
 0 180 87
 181 94 87
 182 183 184
 185 138 137
 52 54 186
 111 187 177
 34 158 188
 6 177 119
 189 190 191
 112 192 113
 63 193 39
 136 153 146
 194 195 196
 93 197 87
 55 198 54
 190 199 191
 27 61 49
 105 123 200
 201 43 202
 130 203 48
 25 204 24
 205 206 207
 30 207 206
 199 184 183
 208 164 163
 169 209 174
 91 210 90
 22 211 23
 212 213 129
 80 129 213
 85 214 38
 169 171 209
 42 215 43
 119 114 216
 35 217 20
 22 168 189
 167 218 159
 85 219 214
 42 75 65
 6 110 177
 201 220 43
 15 43 220
 221 150 149
 178 216 114
 118 131 48
 208 222 164
 151 223 138
 61 224 50
 136 225 153
 144 226 128
 129 128 226
 227 39 228
 6 119 229
 112 230 192
 10 231 9
 232 20 217
 95 165 214
 233 16 18
 31 233 18
 76 38 234
 138 223 235
 185 236 237
 16 206 238
 59 44 3
 162 164 239
 22 189 191
 240 238 206
 205 61 60
 71 237 236
 136 171 5
 104 113 241
 205 224 61
 242 109 243
 212 244 213
 107 213 244
 45 143 245
 136 146 209
 246 247 248
 0 2 180
 115 2 216
 35 34 188
 46 48 203
 97 249 250
 251 198 252
 83 247 69
 112 119 177
 30 233 31
 134 14 12
 67 69 253
 142 128 78
 39 193 228
 42 65 215
 95 214 219
 251 254 198
 136 179 225
 255 165 250
 97 250 165
 93 256 141
 7 238 257
 83 248 247
 83 258 248
 259 248 258
 260 252 198
 142 245 143
 227 261 39
 33 20 19
 72 105 262
 54 198 254
 199 190 193
 232 141 21
 54 254 186
 46 186 254
 212 129 263
 11 13 50
 227 50 13
 28 103 29
 112 177 187
 264 125 265
 83 68 266
 267 159 218
 162 268 163
 93 141 197
 181 87 180
 267 218 269
 104 262 105
 151 138 160
 185 160 138
 31 270 88
 271 135 161
 272 161 135
 157 273 274
 99 155 166
 59 5 171
 162 88 270
 102 47 172
 68 101 266
 246 248 275
 276 274 273
 208 163 277
 240 257 238
 10 8 147
 272 188 158
 70 278 58
 271 161 127
 157 127 161
 0 135 1
 142 125 245
 124 245 125
 38 279 234
 11 50 224
 115 280 2
 281 193 190
 282 278 82
 278 70 82
 46 254 172
 283 277 163
 67 253 282
 6 229 2
 118 47 103
 57 160 237
 185 237 160
 284 285 132
 6 176 110
 169 275 248
 232 21 20
 130 286 203
 151 147 8
 199 193 184
 102 287 143
 144 143 287
 134 12 32
 30 32 12
 169 248 288
 23 211 289
 259 288 248
 205 290 206
 107 105 200
 25 23 289
 43 215 202
 271 1 135
 55 53 94
 93 94 53
 212 116 291
 52 256 53
 77 79 137
 264 126 125
 292 133 293
 63 294 182
 77 265 78
 71 58 237
 157 159 273
 267 273 159
 173 141 256
 118 204 131
 16 233 206
 283 149 277
 112 187 230
 111 295 187
 119 216 229
 178 106 244
 107 244 106
 7 9 238
 30 206 233
 142 78 296
 146 174 209
 240 206 290
 46 203 186
 194 186 203
 167 159 158
 118 122 204
 272 158 161
 115 291 116
 148 277 149
 154 96 155
 271 127 176
 91 179 297
 67 282 298
 145 147 152
 151 8 223
 7 223 8
 80 299 79
 284 32 88
 80 213 299
 95 166 155
 42 98 75
 169 174 275
 154 249 96
 97 96 249
 142 296 125
 260 117 116
 205 60 139
 124 139 60
 4 297 179
 181 120 94
 55 94 120
 145 84 300
 85 301 219
 17 9 231
 302 79 299
 283 163 268
 55 120 117
 145 300 174
 107 299 213
 85 170 301
 232 197 141
 232 217 197
 86 197 217
 221 149 303
 45 245 92
 124 92 245
 178 291 216
 26 21 140
 56 278 253
 125 296 265
 100 266 101
 267 304 305
 169 288 170
 212 291 244
 282 253 278
 11 207 12
 56 58 278
 115 120 280
 302 200 123
 57 237 58
 30 12 207
 59 170 37
 63 184 193
 115 216 291
 178 244 291
 85 37 170
 55 117 198
 52 186 306
 134 133 14
 292 14 133
 281 228 193
 240 139 126
 51 50 307
 227 307 50
 136 209 171
 251 172 254
 86 87 197
 57 152 160
 72 262 308
 51 62 49
 214 165 279
 255 279 165
 201 150 220
 113 192 241
 25 131 204
 124 60 92
 221 220 150
 221 175 220
 15 220 175
 108 243 109
 16 238 9
 52 306 196
 194 196 306
 276 273 305
 157 274 127
 181 280 120
 260 198 117
 24 204 122
 63 41 294
 59 3 5
 194 203 286
 246 300 84
 267 269 304
 170 288 301
 214 279 38
 77 138 235
 251 252 287
 144 287 252
 283 303 149
 56 309 84
 246 84 309
 86 217 310
 35 310 217
 15 3 44
 185 137 236
 2 229 216
 63 182 184
 107 200 299
 134 32 132
 284 132 32
 292 293 40
 205 207 224
 102 172 287
 251 287 172
 302 137 79
 255 234 279
 86 310 135
 272 135 310
 264 235 223
 91 303 210
 39 261 40
 292 40 261
 93 53 256
 311 312 222
 267 305 273
 76 234 74
 91 297 303
 83 266 258
 100 258 266
 81 73 308
 72 308 73
 121 62 313
 51 313 62
 76 75 98
 108 127 274
 292 13 14
 259 314 219
 95 219 314
 221 303 297
 259 258 314
 100 314 258
 240 290 139
 240 126 257
 292 261 13
 227 13 261
 260 226 252
 264 257 126
 11 224 207
 174 300 275
 212 263 116
 260 116 263
 164 222 312
 260 263 226
 225 89 231
 17 231 89
 264 223 257
 7 257 223
 64 202 215
 194 306 186
 205 139 290
 162 239 88
 281 313 307
 77 235 265
 162 270 268
 90 268 270
 283 210 303
 31 18 270
 302 299 200
 259 219 301
 221 297 175
 56 253 309
 69 309 253
 64 215 65
 284 88 239
 95 314 166
 51 307 313
 311 285 312
 6 1 176
 4 175 297
 242 295 109
 264 265 235
 225 179 89
 91 89 179
 284 312 285
 100 166 314
 281 307 228
 194 286 195
 90 270 18
 90 210 268
 283 268 210
 259 301 288
 121 315 168
 189 168 315
 111 109 295
 246 275 300
 78 265 296
 302 236 137
 35 188 310
 272 310 188
 225 231 153
 10 153 231
 302 123 236
 246 309 247
 69 247 309
 282 82 298
 227 228 307
 144 252 226
 284 239 312
 121 313 315
 281 315 313
 71 236 123
 189 315 190
 281 190 315
 276 243 274
 108 274 243
 129 226 263
 271 176 1
 164 312 239
 181 180 280
 2 280 180
 0
 0
 8
 255 234 249 75 250 66 65 74
 0
 0
 0
 0
 0
 0
 0
 0
 0
 0
 19
 130 52 199 22 25 173 26 140 196 131 182 294 195 211 256 183 286 191 289
 7
 33 167 26 34 19 218 269
 0
 17
 148 64 311 208 201 133 277 293 202 66 294 41 285 150 40 222 132
 0
 2
 304 269
 0
 0
 0
 0
 23
 154 99 104 67 242 276 81 68 156 230 101 192 304 249 262 305 82 308 241 295 243 187 298
