314 562
0.863356 3.491082 2
1.054199 3.509120 2
0.929897 3.592054 1
1.447017 5.148707 1
1.284539 5.081104 1
1.429996 5.052123 1
0.316807 3.985194 1
0.296819 4.080687 1
0.191424 3.991625 1
1.372061 5.212504 1
0.208946 4.153841 1
1.336604 3.931155 1
1.411892 4.023517 1
1.257768 4.007148 1
1.318588 4.106539 1
1.625208 4.773975 2
1.634479 4.644356 1
1.755826 4.672694 2
0.635702 5.069196 1
0.478251 5.133544 1
0.559542 4.962142 1
1.127223 5.153876 1
1.141149 5.001644 1
1.541535 4.288084 1
1.435274 4.418665 1
1.363267 4.263799 1
0.260440 3.850509 1
1.845991 4.317462 1
1.710832 4.271868 1
1.848897 4.146701 1
0.698432 5.772837 1
0.575890 5.792314 1
0.596135 5.650707 1
1.372741 5.314714 1
1.516472 5.222009 2
1.473827 5.352179 2
1.678203 3.965249 1
1.713768 3.849500 3
1.844278 3.966350 2
0.869467 5.131529 1
0.769390 5.051095 1
0.900624 4.981236 1
1.046198 4.122622 1
1.052132 4.303879 1
0.954772 4.204939 1
0.000000 3.611111 0
0.000000 3.472222 0
0.145812 3.516792 2
1.157460 4.226938 1
0.107255 3.641623 1
0.737325 5.669270 1
1.972178 4.097893 2
0.344523 5.224209 1
0.196422 5.156919 1
0.341365 5.078186 1
0.236381 4.995296 1
0.987016 3.751022 1
1.114635 3.829833 1
0.950544 3.894858 1
0.434300 4.992430 1
1.948714 4.534981 1
1.952836 4.392175 2
2.077769 4.478052 3
1.011520 5.057606 1
1.287651 4.420591 1
0.725570 4.565895 1
0.832983 4.618250 1
0.676561 4.652657 1
0.782922 4.741789 1
0.972894 5.614025 1
0.889425 5.497691 1
1.003072 5.424653 1
1.091373 3.977587 1
1.554171 5.074500 2
1.484426 4.911976 1
0.568905 4.559208 1
0.682309 4.460582 1
1.708725 4.146117 1
0.343548 4.903107 1
0.717624 3.718441 1
0.684755 3.851752 1
0.575425 3.706501 1
0.543499 3.861286 1
0.634513 4.864355 1
0.533296 4.801731 1
1.108239 5.522227 1
1.025232 4.906744 1
1.173181 4.840536 1
1.373677 4.553658 1
0.453549 4.888576 1
0.117865 3.862267 1
0.576647 4.440132 1
0.439510 4.421194 1
0.420596 4.557470 1
1.264026 5.770383 1
1.328080 5.670756 1
1.360249 5.814812 1
1.130480 3.678314 2
0.210583 5.397940 1
0.354821 5.390138 1
0.249973 5.502886 1
0.802402 3.915571 1
0.782489 4.064852 1
0.647741 3.997498 1
1.246724 4.592386 1
1.981885 4.254064 2
0.404852 3.911410 1
0.682058 4.177941 1
0.552354 4.113791 1
1.189196 5.700500 1
1.264962 3.777778 1
0.648033 3.496348 1
0.531076 3.469311 2
0.664800 3.365109 2
0.798703 4.935954 1
0.616793 5.524652 1
0.753121 5.474871 1
0.704196 5.575406 1
0.101495 4.079753 1
1.153041 4.501813 1
1.165372 4.363902 1
0.239582 5.637921 1
0.279358 5.768495 1
0.178162 5.768868 1
1.249943 5.883609 2
1.365815 5.952167 3
0.356925 5.562954 1
0.360935 5.703599 1
0.304373 6.188498 2
0.323862 6.067037 1
0.458075 6.124873 2
1.557101 4.441323 1
0.110544 5.656777 1
0.404601 3.755174 1
0.589610 5.172690 1
1.305190 4.892964 1
1.246485 4.971503 1
0.298179 4.346334 1
0.163075 4.437894 1
0.155146 4.289350 1
0.938187 4.303159 1
0.983424 4.420954 1
0.455974 3.598279 2
0.340842 3.651117 1
0.303318 3.536052 2
1.073092 5.746907 1
0.953502 5.786160 2
1.106335 4.660254 1
1.050924 4.792417 1
0.961264 4.723523 1
0.512555 3.990443 1
0.967973 4.616813 1
0.890913 4.840916 1
0.345145 4.655893 1
0.317155 4.493004 1
0.224829 4.579339 1
1.456560 4.158369 1
1.666563 4.399127 1
0.460374 5.629442 1
1.511669 4.565185 1
1.487731 4.716579 1
0.249671 5.295481 1
1.592145 4.171113 1
1.852256 4.457335 1
0.623057 5.404192 1
0.838054 3.780471 1
0.000000 5.555555 0
0.000000 5.416667 0
0.132429 5.509089 1
1.246031 5.221209 1
1.225959 3.886014 1
0.106432 5.066491 1
0.759355 5.356022 1
0.844892 5.723430 1
1.757389 4.056217 1
1.106314 5.636593 1
0.821548 5.858727 2
0.736492 3.530544 1
0.746491 3.433412 2
0.273826 3.722991 1
1.492842 5.722325 2
0.492459 5.721128 1
0.495417 5.508823 1
1.203689 5.589727 1
0.877540 4.413786 1
0.000000 5.972222 0
0.116808 5.897958 1
0.111832 6.061011 1
0.823822 5.596280 1
0.498943 5.377163 1
1.620126 4.919281 2
0.420228 6.023907 1
1.230318 4.716856 1
1.336670 4.690624 1
1.258429 3.661305 2
1.407226 3.692912 2
0.105653 5.389453 1
0.805133 4.493316 1
0.441826 5.283202 1
1.372863 5.437885 1
1.260954 5.351810 1
1.252662 4.198272 1
1.376183 4.959968 1
1.289464 4.793635 1
0.462606 5.832233 1
0.344942 5.846585 1
1.738686 4.527773 1
1.624204 4.521267 1
1.017475 3.636533 1
0.556224 5.274645 1
1.136453 5.394846 1
1.235183 5.467110 1
1.374240 3.826074 1
0.148263 3.745319 1
0.833898 4.203212 1
0.903448 4.091822 1
0.955230 5.303747 1
0.838786 5.261732 1
0.989375 5.185784 1
1.484004 5.872913 2
0.718892 5.204931 1
0.000000 4.444445 0
0.104653 4.543991 1
0.000000 5.694445 0
0.000000 3.750000 0
0.671950 5.881313 2
1.079771 4.434591 1
0.220288 5.997429 1
1.458034 5.570761 2
1.319570 5.547248 1
1.180613 4.103860 1
0.672693 3.611420 1
1.768899 4.404296 1
1.243384 4.290224 1
2.056813 4.649498 2
1.065321 5.294051 1
1.171018 5.288370 1
0.661354 5.299221 1
0.000000 4.305555 0
0.107323 4.186213 1
0.000000 3.888889 0
0.214986 3.612837 1
1.032397 4.539159 1
0.000000 5.000000 0
0.000000 4.861111 0
0.121741 4.909756 1
0.920518 4.531152 1
0.000000 4.722222 0
0.000000 4.583333 0
0.119825 4.672441 1
0.414330 4.068227 1
0.808822 3.631481 1
0.081024 4.368888 1
0.138369 5.285372 1
1.534143 5.440955 2
0.000000 5.138889 0
0.085142 5.194705 1
0.000000 4.166667 0
1.494057 3.828117 1
1.538939 3.726226 2
1.519705 4.078920 1
1.541506 3.965039 1
0.569405 4.688503 1
0.657364 4.762203 1
1.424073 4.634500 1
1.401960 4.827195 1
0.000000 6.111111 0
0.144028 6.180555 2
0.220797 6.099459 1
0.646802 4.323534 1
0.770799 4.381408 1
0.571542 3.574226 1
0.519351 6.007927 1
0.605128 6.093863 2
0.253715 4.248518 1
0.000000 5.277778 0
1.431660 3.914780 1
0.457483 4.687528 1
0.898227 3.693818 1
0.738157 4.849654 1
0.000000 4.027778 0
0.546788 5.903909 1
0.424369 5.926633 1
0.000000 5.833333 0
0.967439 4.006477 1
0.876311 3.995480 1
1.632625 4.071932 1
0.397058 4.783470 1
0.282452 4.796529 1
1.516116 4.814785 1
0.239060 4.693612 1
0.403314 4.311971 1
0.489652 4.263585 1
0.537349 4.347873 1
0.352589 4.204545 1
1.602232 3.849742 2
0.078739 4.791667 1
0.183726 4.791667 1
0.460118 4.163203 1
0.866498 5.386453 1
1.847712 4.590309 2
0.749340 4.281882 1
0.075243 5.763889 1
1.940171 4.651053 2
0.581823 4.228570 1
0.833953 4.316689 1
0.689004 4.960452 1
0.320373 5.961413 1
0.236595 4.883244 1
0.243322 5.873458 1
1.164038 5.815179 2
0.076489 3.962608 1
1.060478 5.867939 2
0.633783 5.986217 2
 0 1 2
 3 4 5
 6 7 8
 9 4 3
 8 7 10
 11 12 13
 13 12 14
 15 16 17
 18 19 20
 21 22 4
 23 24 25
 26 6 8
 27 28 29
 30 31 32
 33 34 35
 36 37 38
 39 40 41
 9 34 33
 42 43 44
 45 46 47
 48 43 42
 45 47 49
 30 32 50
 51 29 38
 52 53 54
 55 54 53
 56 57 58
 59 20 19
 60 61 62
 21 63 22
 64 25 24
 65 66 67
 67 66 68
 69 70 71
 72 58 57
 73 5 74
 65 75 76
 77 29 28
 59 54 78
 79 80 81
 82 81 80
 83 20 84
 69 71 85
 86 87 22
 64 24 88
 84 20 89
 26 8 90
 91 75 92
 93 92 75
 94 95 96
 56 97 57
 98 99 100
 101 102 103
 64 88 104
 55 78 54
 27 29 105
 26 106 6
 101 103 80
 82 80 103
 86 22 63
 107 108 103
 94 109 95
 110 57 97
 111 112 113
 114 41 40
 115 116 117
 10 118 8
 64 119 120
 121 122 123
 96 124 94
 125 124 96
 121 126 127
 65 67 75
 91 76 75
 128 129 130
 23 131 24
 121 123 132
 82 106 133
 64 104 119
 18 134 19
 135 136 87
 107 103 102
 137 138 139
 99 126 100
 140 43 141
 26 133 106
 39 41 63
 142 143 144
 69 145 146
 147 148 149
 82 103 150
 147 149 151
 68 149 152
 93 153 154
 155 154 153
 23 25 156
 23 28 157
 127 126 158
 159 16 160
 15 160 16
 23 157 131
 142 81 133
 82 133 81
 52 161 53
 23 162 28
 52 99 161
 98 161 99
 60 163 61
 164 116 115
 68 66 149
 59 19 54
 87 136 22
 79 165 80
 101 80 165
 166 167 168
 9 169 4
 21 4 169
 155 138 154
 137 154 138
 72 57 170
 55 53 171
 172 116 164
 69 146 173
 23 156 162
 36 38 174
 69 175 145
 147 87 148
 72 170 13
 30 173 176
 177 111 178
 26 179 133
 180 96 95
 9 3 34
 181 32 31
 182 126 99
 183 95 109
 140 141 184
 185 186 187
 69 173 188
 182 99 189
 73 74 190
 69 188 70
 191 130 129
 147 104 192
 193 192 104
 110 194 195
 193 104 88
 86 148 87
 73 34 3
 133 179 143
 167 196 168
 166 168 132
 65 197 66
 111 113 178
 52 198 99
 38 29 174
 199 200 33
 14 25 201
 73 3 5
 147 192 87
 4 202 5
 135 87 203
 181 204 127
 205 127 204
 206 207 157
 1 208 2
 52 19 198
 209 198 19
 169 9 33
 200 169 33
 86 152 148
 149 148 152
 210 211 85
 183 85 211
 199 33 35
 11 170 212
 51 105 29
 30 50 173
 26 90 213
 107 102 214
 215 214 102
 140 44 43
 216 217 218
 52 54 19
 180 219 96
 39 220 40
 18 40 220
 221 138 222
 223 166 132
 56 58 165
 101 165 58
 110 212 170
 39 218 217
 224 213 90
 4 136 202
 30 176 225
 226 141 43
 227 187 186
 56 208 97
 97 208 1
 110 97 194
 159 88 24
 180 95 228
 228 229 199
 95 229 228
 182 189 164
 82 150 106
 72 13 230
 177 231 111
 206 157 232
 110 195 212
 64 233 25
 14 156 25
 60 62 234
 199 211 200
 210 71 235
 216 235 71
 21 169 236
 21 236 235
 72 230 42
 220 237 134
 238 239 139
 159 24 131
 210 200 211
 240 224 90
 77 28 162
 241 49 47
 241 47 144
 18 220 134
 147 151 242
 172 220 217
 39 217 220
 117 50 32
 173 146 176
 243 244 245
 246 66 197
 247 248 249
 172 164 237
 155 222 138
 250 6 106
 59 89 20
 142 133 143
 210 236 200
 4 22 136
 79 251 165
 183 229 95
 221 252 138
 209 134 237
 53 161 253
 209 19 134
 14 230 13
 250 106 150
 209 237 164
 226 120 119
 199 35 254
 255 171 256
 238 257 239
 172 237 220
 182 164 115
 39 63 218
 21 218 63
 258 195 259
 258 212 195
 209 164 189
 121 127 122
 74 5 202
 224 49 213
 260 12 261
 93 154 92
 137 92 154
 260 162 156
 262 263 84
 83 84 263
 193 88 264
 147 119 104
 193 160 265
 266 187 267
 267 268 128
 91 269 76
 270 76 269
 255 243 171
 142 112 271
 191 272 130
 273 130 272
 137 139 274
 25 233 201
 74 202 265
 248 221 222
 121 132 168
 79 81 231
 103 108 150
 250 150 108
 167 275 196
 262 75 67
 275 253 196
 224 45 49
 11 13 170
 261 12 276
 206 17 16
 93 75 277
 55 171 245
 70 188 116
 165 251 278
 135 265 202
 53 256 171
 27 105 61
 68 152 279
 257 280 118
 281 272 282
 185 283 186
 72 42 284
 215 284 42
 266 185 187
 114 279 152
 101 285 102
 36 286 261
 260 261 286
 243 245 171
 177 0 251
 2 251 0
 110 170 57
 86 63 41
 287 288 153
 15 289 160
 157 207 131
 153 288 290
 135 202 136
 262 277 75
 193 264 160
 77 174 29
 159 207 16
 140 214 44
 215 44 214
 182 158 126
 248 222 249
 74 289 190
 159 160 264
 291 292 293
 92 291 293
 117 116 188
 111 271 112
 173 50 188
 216 218 235
 48 42 230
 101 58 285
 15 190 289
 10 139 239
 138 252 139
 238 139 252
 155 249 222
 10 274 139
 206 16 207
 137 294 291
 137 274 294
 98 168 196
 258 259 295
 91 92 293
 14 201 230
 125 96 219
 137 291 92
 21 235 218
 244 296 245
 297 245 296
 281 282 204
 247 249 296
 297 296 249
 241 144 143
 292 294 298
 250 298 294
 216 71 299
 70 299 71
 292 291 294
 10 294 274
 10 7 294
 250 294 7
 241 213 49
 60 300 163
 206 163 300
 210 85 71
 72 284 58
 107 301 269
 114 152 41
 86 41 152
 241 179 213
 26 213 179
 142 271 81
 107 214 301
 206 232 163
 48 233 120
 199 254 228
 177 251 231
 79 231 251
 56 278 208
 123 186 302
 283 302 186
 60 234 303
 69 85 175
 36 261 295
 107 304 108
 270 269 301
 181 158 32
 182 32 158
 107 269 304
 91 293 269
 93 277 153
 215 42 44
 181 127 158
 27 61 163
 108 304 298
 140 305 214
 257 118 239
 2 208 278
 68 263 67
 250 108 298
 155 290 249
 297 249 290
 205 122 127
 114 40 306
 18 306 40
 227 307 129
 117 188 50
 292 298 304
 55 245 308
 297 308 245
 48 120 43
 121 168 100
 98 100 168
 287 277 84
 36 174 286
 77 286 174
 74 265 289
 172 299 116
 70 116 299
 177 178 0
 215 102 285
 227 186 309
 123 309 186
 98 253 161
 227 129 268
 147 242 119
 262 84 277
 36 295 37
 221 238 252
 275 255 256
 145 109 310
 191 282 272
 275 256 253
 98 196 253
 183 175 85
 287 153 277
 56 165 278
 244 247 296
 121 100 126
 159 131 207
 258 295 261
 246 197 184
 270 184 197
 283 223 302
 53 253 256
 210 235 236
 280 240 311
 157 28 232
 27 232 28
 68 279 263
 83 263 279
 200 236 169
 181 31 204
 281 204 31
 193 265 203
 64 120 233
 160 289 265
 206 300 17
 27 163 232
 87 192 203
 287 78 288
 226 119 242
 269 293 304
 292 304 293
 209 189 198
 155 153 290
 250 7 6
 260 156 12
 14 12 156
 81 271 231
 182 115 32
 114 306 279
 83 279 306
 58 284 285
 8 118 311
 280 311 118
 287 84 89
 205 307 309
 241 143 179
 123 302 132
 223 132 302
 99 198 189
 159 264 88
 145 175 109
 18 20 306
 83 306 20
 227 309 307
 199 229 211
 77 162 286
 258 261 276
 55 308 78
 94 310 109
 205 309 122
 10 239 118
 135 203 265
 287 89 78
 226 242 141
 246 141 242
 11 276 12
 123 122 309
 267 187 268
 227 268 187
 59 78 89
 193 203 192
 260 286 162
 183 211 229
 65 76 197
 270 197 76
 226 43 120
 117 32 115
 246 242 151
 2 278 251
 111 231 271
 140 184 305
 270 305 184
 172 217 299
 216 299 217
 11 212 276
 258 276 212
 246 184 141
 48 230 201
 94 124 310
 246 151 66
 191 129 307
 78 308 288
 48 201 233
 149 66 151
 8 311 90
 240 90 311
 145 312 146
 183 109 175
 262 67 263
 60 303 300
 297 290 288
 205 282 307
 191 307 282
 128 268 129
 281 225 313
 205 204 282
 281 313 272
 273 272 313
 214 305 301
 270 301 305
 281 31 225
 30 225 31
 145 310 312
 215 285 284
 297 288 308
 0
 0
 0
 0
 0
 0
 0
 0
 0
 0
 6
 51 38 105 62 37 61
 14
 1 142 97 195 113 47 144 37 194 259 295 0 112 178
 0
 0
 0
 0
 0
 0
 0
 12
 273 128 125 267 130 176 124 146 313 312 310 225
 0
 0
 15
 73 180 15 125 34 35 234 228 190 62 17 219 300 254 303
 0
