323 583
2.266543 4.837543 1
2.354569 4.780239 1
2.362011 4.940258 1
2.475768 4.831185 1
3.232097 6.046488 1
3.313665 6.154677 3
3.153175 6.102249 2
2.064463 5.800741 1
1.933685 5.698942 1
2.098961 5.691370 1
3.309231 5.982487 1
3.141533 5.941434 1
1.945885 5.835670 1
3.291459 5.875754 1
1.597471 5.537529 1
1.534143 5.440955 2
1.696365 5.417908 1
2.866452 6.026040 1
2.981438 5.978270 1
2.938483 6.124635 2
1.605105 5.323936 1
3.052152 6.061598 2
2.395749 6.336443 1
2.472568 6.425853 2
2.316118 6.431808 2
2.973837 5.854323 1
2.857029 5.780483 1
3.046258 5.754431 1
2.916168 5.671409 1
1.625208 4.773975 2
1.755826 4.672694 2
1.747181 4.815470 1
2.628444 4.929286 1
2.494393 5.003564 1
3.757726 4.591319 2
3.841367 4.732700 2
3.696275 4.709718 1
1.723917 5.896436 1
1.803463 6.010889 1
1.660720 6.017687 1
1.720692 6.157330 1
1.512895 5.982413 1
1.443898 6.091654 2
1.365815 5.952167 3
4.243496 4.933706 1
4.234445 4.810615 2
4.356071 4.907642 2
3.989424 5.286408 1
4.150170 5.339636 2
4.049580 5.430021 2
4.102524 5.218718 1
2.848079 5.061532 1
2.716476 5.031258 1
2.764699 4.932348 1
2.881194 4.935314 1
2.107111 6.010770 1
2.195521 6.087101 1
2.088281 6.169971 1
3.406950 5.209372 1
3.306184 5.104462 1
3.421729 5.051481 1
2.005201 5.571858 1
3.213394 5.191581 1
3.298322 5.287309 1
2.677975 4.403424 2
2.632258 4.578031 1
2.560628 4.436356 1
3.965637 4.859202 2
4.098414 4.774844 2
4.116724 4.919291 1
1.998426 6.103631 1
3.629506 5.674319 1
3.675593 5.526574 1
3.741936 5.683527 2
3.789196 5.580353 2
2.748864 4.504391 1
1.696916 6.314753 1
1.592284 6.279613 2
2.319805 4.424444 1
2.195001 4.360684 2
2.368239 4.274683 2
2.162099 4.878536 1
2.217421 4.707479 1
3.447616 5.752425 1
3.519192 5.612889 1
3.560547 5.764571 1
3.203882 5.822182 1
2.076948 4.795655 1
3.001331 5.595352 1
3.073294 5.462520 1
3.104973 5.640267 1
3.036210 5.285058 1
3.164217 5.324009 1
2.639488 5.494450 1
2.767023 5.534519 1
2.638286 5.646004 1
2.791103 5.659033 1
3.285072 4.974949 1
1.590164 6.121782 2
3.423122 6.009644 2
3.420814 4.912316 1
3.522639 5.143044 1
3.803937 5.090874 1
3.644509 5.074558 1
3.738236 4.948034 1
2.883681 5.235128 1
2.739348 5.145971 1
2.747687 5.279744 1
2.211415 4.472812 1
2.077769 4.478052 3
3.754881 5.387010 1
3.830001 5.262227 1
3.897923 5.397285 1
1.473827 5.352179 2
1.516472 5.222009 2
2.559604 4.702583 1
2.620094 4.801671 1
2.369568 5.111186 1
2.405827 5.246504 1
2.282167 5.236704 1
3.189224 4.781227 1
3.283570 4.849749 1
3.133970 4.921449 1
2.723489 4.742270 1
3.945071 5.537083 2
3.818583 5.480961 1
2.249674 5.133719 1
2.958092 5.380297 1
2.482970 5.945004 1
2.594559 5.844851 1
2.656853 5.952880 1
2.499365 5.572994 1
2.526701 5.421016 1
3.049341 4.632110 1
2.900057 4.632640 1
2.965014 4.544440 1
2.946177 4.744067 1
1.819209 5.788214 1
2.266217 6.002661 1
2.244823 5.896971 1
2.139534 5.880462 1
3.416707 5.654121 1
3.519774 5.432137 1
2.056813 4.649498 2
1.783377 6.277089 1
2.573590 6.040870 1
3.306064 4.596165 2
3.447032 4.666956 2
3.290806 4.717952 1
3.381533 4.790601 1
2.505281 5.722375 1
2.360957 5.697104 1
3.482398 4.827260 1
2.614580 5.068915 1
2.373101 5.553058 1
3.565191 4.752255 1
2.196571 6.194947 1
2.346585 6.143816 1
2.282090 6.289904 1
2.958561 5.491240 1
3.652773 5.830866 2
3.510746 5.861794 2
1.554171 5.074500 2
1.649491 5.183521 1
3.387095 5.854040 1
2.215323 5.675426 1
2.220497 5.793075 1
3.182012 5.557523 1
2.170873 4.567527 1
2.334530 5.834524 1
2.293629 4.533353 1
2.364146 4.641335 1
2.146028 5.581932 1
1.620126 4.919281 2
1.745081 4.939768 1
4.228453 5.249140 2
4.223283 5.113678 1
4.090350 5.075854 1
1.690180 5.050747 1
1.884973 6.114752 1
3.189896 5.445690 1
4.009738 4.968693 1
3.616906 5.228161 1
3.632662 5.360464 1
3.724198 5.187801 1
1.914454 5.282464 1
2.052919 5.351081 1
1.933411 5.425395 1
1.939620 5.144183 1
1.848137 5.192117 1
1.825933 5.051859 1
1.959572 5.977446 1
3.749798 4.799947 1
2.468989 4.628735 1
2.523161 4.529856 1
1.862262 6.226519 1
1.912050 6.310066 1
4.349597 5.130523 2
1.659293 6.444950 2
1.954613 6.582535 2
1.978818 6.434281 1
2.088911 6.516935 2
2.142704 5.215140 1
2.197273 5.369653 1
1.949055 4.990519 1
2.078709 4.956062 1
2.046958 5.102517 1
3.185332 5.716519 1
1.492842 5.722325 2
1.599322 5.826808 1
1.484004 5.872913 2
1.854272 5.900525 1
1.853078 6.394500 1
2.843946 5.346820 1
1.758602 5.662060 1
1.720629 5.535300 1
1.859047 5.557207 1
2.515239 6.158843 1
2.660096 6.213124 2
2.510188 6.287699 2
2.019053 5.225721 1
2.823711 4.393661 2
3.102245 5.190632 1
3.193439 5.063548 1
3.065319 4.494302 2
3.173604 4.555604 2
2.442650 4.721149 1
1.758916 5.154770 1
2.525452 5.281466 1
2.634807 5.354449 1
1.963672 4.855675 1
3.613718 4.608540 2
1.753081 6.410414 1
3.554677 4.894423 1
3.533933 5.005734 1
1.762708 6.517904 1
1.701525 6.607427 2
3.077426 5.065394 1
2.976465 4.996763 1
2.980428 4.866797 1
2.161426 5.086014 1
2.191758 4.977833 1
4.186042 5.012258 1
2.411268 6.239966 1
2.411756 5.449990 1
2.181320 6.395429 2
2.078305 6.379520 1
3.947360 5.059838 1
3.918432 5.171042 1
2.776603 4.618862 1
2.465141 6.063437 1
3.315720 5.737246 1
2.849089 4.819247 1
2.815677 6.244118 2
2.796990 6.126307 1
2.264250 4.935091 1
2.862094 4.510117 1
2.703638 6.067058 1
2.384405 6.022806 1
2.839083 4.711417 1
1.812431 5.456323 1
2.524874 4.329898 3
2.440646 4.411197 1
2.626641 5.202529 1
2.444946 5.828526 1
2.717163 4.844965 1
3.251264 5.385256 1
3.381427 5.371530 1
3.278691 5.499142 1
3.077367 4.789127 1
1.632814 5.711406 1
3.409681 5.515831 1
3.649375 4.834450 1
3.166606 4.677914 1
2.986669 5.144243 1
2.200501 5.493474 1
2.304739 5.460426 1
1.762124 5.277796 1
1.837731 5.358323 1
2.089673 5.470119 1
2.327956 5.344021 1
1.860227 6.496627 1
2.438673 5.348428 1
2.771141 5.990453 1
2.741679 5.866411 1
2.704592 5.756721 1
3.875270 4.965647 1
4.314944 5.007007 1
4.449084 4.999966 3
1.845996 4.885234 1
2.506077 5.152360 1
3.510435 5.292639 1
3.338020 5.587583 1
3.624146 4.951439 1
1.866666 4.740505 1
1.598852 5.928372 1
2.274977 5.033824 1
1.708726 5.785487 1
2.359648 5.921749 1
2.021545 6.303704 1
4.021440 5.155866 1
3.713630 5.288313 1
3.834062 4.861106 1
2.266949 5.578924 1
2.043949 5.901158 1
2.613141 6.119974 1
2.885120 5.567744 1
1.980952 4.739970 1
1.847712 4.590309 2
2.861234 5.904022 1
2.606400 5.743266 1
3.243331 5.637528 1
2.401201 4.527609 1
2.755666 5.402276 1
1.940171 4.651053 2
2.874966 5.450286 1
2.138969 6.287920 1
2.956564 4.427278 2
1.458034 5.570761 2
1.556930 5.627866 1
1.823849 6.603411 3
1.654394 5.613462 1
1.962033 6.206042 1
 0 1 2
 1 3 2
 4 5 6
 7 8 9
 10 4 11
 12 8 7
 13 10 11
 14 15 16
 17 18 19
 15 20 16
 18 21 19
 22 23 24
 25 26 27
 26 28 27
 29 30 31
 3 32 33
 34 35 36
 37 38 39
 40 39 38
 41 42 43
 44 45 46
 47 48 49
 50 48 47
 3 33 2
 51 52 53
 51 53 54
 55 56 57
 58 59 60
 61 9 8
 25 27 11
 62 59 63
 64 65 66
 67 68 69
 70 55 57
 63 59 58
 21 11 6
 71 72 73
 74 73 72
 75 65 64
 11 4 6
 40 76 77
 78 79 80
 0 81 82
 83 84 85
 11 27 86
 82 81 87
 88 89 90
 91 92 89
 93 94 95
 96 95 94
 97 60 59
 40 77 98
 5 10 99
 97 100 60
 58 60 101
 71 85 84
 102 103 104
 51 105 106
 107 106 105
 5 4 10
 79 108 109
 110 111 112
 47 112 111
 20 113 114
 3 115 116
 117 118 119
 120 121 122
 123 115 65
 124 74 125
 3 116 32
 117 119 126
 91 89 127
 128 129 130
 93 131 132
 133 134 135
 133 136 134
 12 137 8
 138 55 139
 140 139 55
 83 141 84
 71 84 72
 142 72 84
 87 143 82
 40 144 76
 128 130 145
 146 147 148
 149 148 147
 97 122 121
 150 151 131
 149 147 152
 153 32 52
 53 52 32
 154 131 151
 147 155 152
 156 157 158
 88 159 89
 160 161 85
 162 163 114
 99 10 164
 165 166 9
 9 166 7
 93 95 131
 89 167 90
 168 82 143
 169 166 151
 168 170 82
 171 82 170
 61 172 9
 29 31 173
 174 173 31
 165 151 166
 175 50 176
 177 176 50
 110 125 72
 162 178 163
 99 164 161
 40 38 179
 89 92 180
 67 69 181
 91 127 105
 182 101 103
 110 72 183
 102 184 103
 182 103 184
 41 98 42
 138 157 56
 156 56 157
 20 15 113
 185 186 187
 74 72 125
 156 57 56
 188 189 190
 124 112 49
 47 49 112
 70 179 191
 38 191 179
 192 36 35
 71 73 160
 193 194 65
 115 193 65
 195 196 144
 194 66 65
 175 176 197
 76 198 77
 117 2 33
 199 200 201
 202 203 186
 204 205 206
 207 86 27
 208 209 210
 37 211 38
 196 212 144
 105 127 213
 214 215 216
 214 216 8
 25 11 18
 21 18 11
 217 218 219
 202 186 220
 185 220 186
 13 164 10
 75 64 221
 62 222 223
 133 224 225
 3 226 115
 227 190 189
 228 229 132
 93 132 229
 12 211 137
 142 183 72
 41 39 98
 204 230 205
 231 155 147
 212 232 144
 153 33 32
 233 234 100
 87 205 230
 40 179 195
 235 236 198
 237 238 122
 239 122 238
 41 43 210
 177 181 69
 240 205 241
 206 205 240
 177 69 242
 13 11 86
 214 8 137
 70 191 55
 157 243 158
 123 116 115
 154 244 131
 132 131 244
 245 201 246
 45 69 68
 45 44 69
 102 247 248
 102 248 111
 123 65 249
 217 157 250
 237 223 222
 13 86 251
 239 252 136
 253 218 254
 0 2 255
 40 195 144
 134 249 256
 257 254 218
 138 258 157
 204 188 190
 217 243 157
 20 114 163
 252 259 136
 260 216 215
 261 262 80
 107 229 263
 228 263 229
 169 151 264
 53 32 265
 266 267 268
 120 122 269
 208 270 209
 267 271 268
 202 220 206
 168 143 109
 192 104 272
 204 206 188
 146 148 273
 51 238 274
 237 274 238
 51 106 52
 61 8 216
 275 203 276
 76 144 232
 150 131 95
 201 200 246
 88 27 28
 277 278 16
 275 279 203
 13 251 164
 146 273 225
 233 100 152
 280 276 203
 150 264 151
 91 105 274
 186 203 279
 227 163 178
 212 196 200
 212 200 281
 186 279 187
 61 187 279
 228 132 282
 17 254 283
 22 24 158
 245 158 24
 75 256 249
 177 247 181
 284 129 285
 102 286 247
 103 101 234
 287 288 197
 260 16 278
 155 36 272
 204 289 230
 231 36 155
 47 111 248
 60 100 234
 266 180 92
 204 190 289
 117 33 290
 51 274 105
 102 104 286
 140 7 166
 228 118 290
 58 291 267
 142 267 291
 133 273 269
 271 141 292
 165 9 172
 84 141 271
 103 293 104
 294 230 289
 37 295 209
 284 285 26
 96 26 285
 133 269 136
 124 125 112
 134 136 259
 20 163 277
 142 84 271
 62 223 59
 117 296 2
 20 277 16
 239 269 122
 37 209 297
 206 220 188
 150 129 264
 128 264 129
 22 158 243
 128 298 264
 299 200 196
 133 135 224
 61 279 172
 237 122 223
 97 223 122
 177 300 247
 51 54 238
 199 281 200
 67 181 286
 247 286 181
 110 301 111
 87 81 205
 102 111 184
 257 283 254
 192 302 104
 71 160 85
 165 303 151
 154 151 303
 58 101 291
 182 291 101
 104 293 272
 140 55 304
 117 290 118
 138 56 55
 202 206 240
 207 251 86
 257 218 305
 107 105 213
 37 39 295
 60 234 101
 227 277 163
 78 80 262
 239 54 252
 235 232 281
 96 94 306
 83 85 161
 284 130 129
 37 137 211
 96 285 95
 38 211 191
 212 281 232
 294 31 30
 174 289 190
 14 16 215
 169 264 298
 87 230 307
 153 106 263
 107 263 106
 294 30 308
 25 18 309
 67 302 35
 17 19 254
 89 180 167
 12 191 211
 294 307 230
 214 137 297
 150 95 310
 53 265 252
 123 252 265
 142 291 183
 182 183 291
 0 82 1
 171 1 82
 96 306 28
 217 305 218
 41 295 39
 61 216 187
 260 187 216
 214 297 270
 292 311 268
 167 268 311
 134 256 135
 153 290 33
 17 309 18
 294 289 31
 40 98 39
 171 312 193
 142 271 267
 93 313 94
 162 173 178
 174 178 173
 228 290 263
 93 229 313
 239 238 54
 150 310 129
 47 300 50
 175 48 50
 280 119 118
 157 258 250
 78 108 79
 58 267 63
 266 63 267
 53 252 54
 294 308 314
 315 94 313
 202 126 119
 107 313 229
 171 170 312
 194 262 66
 227 189 277
 185 277 189
 62 63 92
 266 92 63
 168 109 108
 47 248 300
 194 312 262
 129 310 285
 192 272 36
 231 34 36
 87 307 143
 185 278 277
 22 219 23
 287 176 242
 117 126 296
 261 64 66
 315 213 127
 202 240 126
 123 259 252
 25 309 26
 83 164 251
 185 187 278
 209 270 297
 233 155 272
 55 191 304
 202 119 203
 75 249 65
 299 246 200
 257 145 130
 156 158 316
 245 316 158
 292 268 271
 317 256 221
 97 121 100
 149 100 121
 233 152 155
 241 205 81
 275 172 279
 284 26 309
 97 59 223
 91 274 222
 153 263 290
 41 210 295
 209 295 210
 287 197 176
 287 44 46
 253 254 19
 185 188 220
 287 242 44
 174 31 289
 12 304 191
 167 311 90
 207 90 311
 280 203 119
 317 135 256
 241 296 240
 126 240 296
 194 193 312
 275 276 303
 154 303 276
 237 222 274
 247 300 248
 120 269 273
 208 318 319
 78 170 108
 88 306 159
 75 221 256
 107 213 313
 149 152 100
 120 148 121
 149 121 148
 96 28 26
 128 258 298
 110 112 125
 128 145 250
 292 141 251
 83 251 141
 182 301 183
 217 219 243
 177 242 176
 275 303 172
 165 172 303
 315 306 94
 153 52 106
 120 273 148
 88 90 27
 207 27 90
 83 161 164
 199 320 281
 37 297 137
 14 318 15
 208 319 270
 78 312 170
 317 224 135
 260 278 187
 104 302 286
 185 189 188
 177 50 300
 239 136 269
 32 116 265
 62 92 222
 91 222 92
 214 270 321
 217 145 305
 292 251 311
 284 283 130
 110 183 301
 280 244 276
 69 44 242
 233 272 293
 128 250 258
 22 243 219
 207 311 251
 241 81 255
 88 28 306
 287 46 288
 257 130 283
 280 118 282
 228 282 118
 280 282 244
 217 250 145
 284 309 283
 235 198 232
 257 305 145
 299 57 316
 143 307 314
 17 283 309
 14 319 318
 133 225 273
 182 184 301
 315 313 213
 235 320 236
 192 35 302
 168 108 170
 227 178 190
 174 190 178
 67 286 302
 156 316 57
 0 255 81
 76 232 198
 261 66 262
 299 316 246
 260 215 16
 294 314 307
 115 226 193
 171 226 1
 111 301 184
 70 322 179
 195 179 322
 171 193 226
 235 281 320
 138 298 258
 95 285 310
 315 159 306
 214 321 215
 14 215 321
 315 127 159
 134 259 249
 123 249 259
 169 139 166
 78 262 312
 245 246 316
 154 276 244
 299 322 57
 70 57 322
 123 265 116
 89 159 127
 167 180 268
 266 268 180
 233 293 234
 103 234 293
 299 196 322
 195 322 196
 270 319 321
 3 1 226
 132 244 282
 2 296 255
 241 255 296
 169 298 139
 138 139 298
 12 7 304
 140 304 7
 140 166 139
 14 321 319
 0
 0
 0
 0
 0
 0
 0
 0
 16
 317 146 45 231 67 261 147 64 34 221 288 225 68 35 224 46
 0
 4
 261 79 80 109
 0
 0
 0
 0
 0
 0
 0
 13
 21 245 253 5 199 201 218 19 24 219 23 320 6
 7
 43 198 42 77 98 320 236
 0
 15
 162 208 29 43 114 113 143 318 173 109 30 210 308 15 314
 0
 12
 5 124 175 74 99 160 49 161 288 197 48 73
