327 588
1.470755 6.498024 1
1.542161 6.396385 1
1.577821 6.558721 1
1.659293 6.444950 2
1.305696 7.883720 1
1.208009 7.992225 1
1.205268 7.860732 1
0.586217 8.671837 1
0.717139 8.653090 1
0.688054 8.781419 2
0.510559 7.108503 1
0.395163 7.165545 1
0.409375 7.016966 1
1.556666 6.985476 1
1.596790 6.824622 1
1.680047 6.992041 1
1.753950 6.896599 2
1.321293 6.079159 1
1.365815 5.952167 3
1.443898 6.091654 2
0.559112 6.615945 1
0.663739 6.708256 1
0.514937 6.747599 1
0.302012 7.781382 1
0.448479 7.727332 1
0.365202 7.918355 1
0.518228 7.867599 1
1.353558 7.981986 1
0.000000 8.472222 0
0.000000 8.333333 0
0.166292 8.423943 1
0.206973 7.973966 1
0.290860 8.070413 1
1.499858 7.947772 2
1.398136 7.838314 1
0.000000 8.194445 0
0.133506 8.090914 1
0.127202 8.260216 1
1.786778 7.275660 2
1.674321 7.205916 1
1.840102 7.137749 2
1.085593 8.281207 1
1.211066 8.256941 1
1.196026 8.392241 1
0.577212 8.273679 1
0.521991 8.149955 1
0.693256 8.164474 1
0.812300 7.631135 1
0.853759 7.789952 1
0.733534 7.748320 1
0.540023 7.005441 1
0.304373 6.188498 2
0.458075 6.124873 2
0.439970 6.285912 1
0.000000 6.805555 0
0.124206 6.674959 1
0.168758 6.780949 1
0.000000 8.611111 0
0.099357 8.541667 1
0.149972 8.713051 2
0.354021 7.393651 1
0.435442 7.313666 1
0.446700 7.459182 1
0.738248 7.897949 1
0.613699 7.946341 1
0.604607 7.778429 1
0.402159 6.651262 1
0.624954 8.078673 1
0.210358 8.569089 1
0.309136 8.508445 1
0.578731 7.660341 1
0.515410 7.559653 1
0.400869 7.591715 1
1.551207 7.285677 1
1.564610 7.186412 1
0.339019 8.387820 1
0.758679 8.431259 1
0.733248 8.305851 1
0.866699 8.310026 1
0.267082 8.277399 1
0.413076 8.244780 1
1.317680 8.269543 1
1.451239 8.326179 2
1.309117 8.378160 2
1.066928 8.429412 1
1.630993 7.365955 1
1.716988 6.784972 1
0.849315 6.312347 1
0.956951 6.196434 1
0.972829 6.363189 1
1.398905 8.200853 2
0.607504 6.824253 1
0.247466 7.171700 1
0.311634 7.287780 1
0.190436 7.302215 1
1.500886 7.797293 2
0.950514 7.675474 1
0.124253 7.204134 1
0.616477 8.393044 1
0.473950 8.361743 1
0.833166 6.086993 1
0.965494 6.052625 1
1.098112 6.129204 1
0.858725 8.722531 2
0.795406 8.565123 1
0.908448 8.586155 1
0.000000 8.750000 0
0.883070 7.929007 1
0.997349 7.815324 1
1.146914 7.747867 1
1.091823 7.907299 1
1.258960 7.182138 1
1.125977 7.093374 1
1.247292 7.029595 1
0.546415 8.787341 1
1.118547 7.236432 1
1.287874 8.131318 1
0.864869 8.475965 1
0.555792 6.480118 1
0.661663 6.433148 1
0.692328 6.567451 1
0.000000 7.777778 0
0.000000 7.638889 0
0.155138 7.724136 1
0.553257 7.346814 1
0.094249 7.569445 1
0.526764 8.467170 1
1.730406 7.084311 1
0.596528 6.329490 1
0.575201 6.206668 1
1.463800 6.891809 1
0.506783 7.991428 1
0.000000 6.666667 0
1.126392 6.947610 1
0.987395 6.885596 1
1.114545 6.819599 1
1.015840 6.738435 1
0.283384 7.047626 1
1.346684 6.950495 1
1.439220 7.024059 1
1.345919 7.083216 1
0.751689 6.471792 1
0.465655 6.555604 1
0.886363 6.750875 1
0.414963 8.071552 1
0.225961 8.181989 1
1.051319 6.259661 1
1.266389 7.642892 1
1.177508 7.507638 1
1.326424 7.547935 1
1.210548 6.020026 1
0.322388 8.169227 1
1.071089 8.570249 2
0.990099 8.657994 2
0.983326 8.514839 1
0.371069 6.795438 1
1.283737 7.430814 1
1.204557 7.331199 1
0.293526 8.784400 2
0.435687 8.704444 1
0.441780 8.860373 2
1.070193 6.356997 1
1.158510 6.252482 1
1.198241 6.407594 1
1.288719 6.310036 1
0.235199 7.868153 1
1.051147 8.044083 1
1.144988 8.142914 1
0.981902 8.191603 1
0.732483 6.352259 1
0.721417 6.205487 1
0.960186 5.918945 1
1.060478 5.867939 2
1.075357 5.997949 1
0.997649 7.156612 1
0.906328 7.288684 1
0.844803 7.132699 1
1.390459 7.691524 1
1.501852 7.678027 1
0.739847 7.167933 1
0.668488 7.268610 1
0.630688 7.118028 1
1.090806 7.389845 1
0.795127 8.045098 1
1.371875 6.417456 1
1.438828 6.301654 1
0.270356 6.722905 1
0.241087 6.594317 1
0.756333 7.376606 1
0.669728 7.526626 1
0.642332 7.395194 1
0.695885 8.017605 1
0.840212 6.200315 1
0.832334 8.181274 1
0.532266 7.220194 1
0.563854 7.457312 1
0.000000 7.361111 0
0.081500 7.298603 1
0.115371 7.430360 1
0.636902 8.530614 1
0.208464 7.574777 1
0.250566 7.417533 1
0.323471 7.516419 1
0.362887 6.551648 1
0.814496 7.491768 1
0.000000 6.250000 0
0.000000 6.111111 0
0.144028 6.180555 2
1.241030 6.163182 1
1.368997 6.188184 1
0.000000 7.500000 0
0.481959 6.387649 1
1.592284 6.279613 2
0.311214 6.299680 1
0.113225 6.883154 1
0.000000 7.083333 0
0.141202 7.079720 1
0.390550 8.588207 1
0.499662 8.572626 1
1.364042 6.804653 1
0.790186 7.268943 1
0.303171 7.658401 1
0.000000 7.222222 0
0.755263 5.973875 1
0.867131 5.978233 1
0.000000 8.055555 0
1.490665 6.790922 1
0.598355 8.906145 2
0.957793 6.520961 1
1.070850 6.471199 1
0.717251 6.064655 1
1.155098 7.636156 1
0.984513 8.316355 1
0.929986 7.017158 1
0.862778 6.878037 1
0.804398 6.970953 1
0.115023 7.874085 1
1.701525 6.607427 2
1.495888 6.199917 1
0.996799 7.950277 1
1.333971 6.646914 1
1.205009 6.635832 1
1.276242 6.520332 1
0.930958 7.556477 1
1.590732 7.730081 2
1.463472 7.365602 1
1.532278 7.479693 1
0.664117 6.992033 1
0.692460 6.894339 1
0.768840 6.814992 1
0.799684 6.671224 1
0.323504 6.922027 1
0.479855 6.892079 1
0.736771 7.076329 1
1.040813 7.011794 1
1.383168 6.525343 1
1.478751 6.592216 1
1.444627 6.706367 1
0.299041 8.656504 1
1.334587 7.310613 1
1.675653 7.515348 2
1.761743 7.409687 2
0.920541 7.459746 1
1.396366 7.460019 1
1.021153 7.292825 1
0.683349 7.644981 1
1.288095 7.776429 1
0.849335 6.431480 1
1.590164 6.121782 2
1.429399 8.087277 2
0.831033 6.551325 1
0.953595 8.408203 1
1.236438 6.883706 1
0.821548 5.858727 2
0.953502 5.786160 2
0.605128 6.093863 2
0.000000 7.916667 0
0.671950 5.881313 2
1.164663 6.531327 1
1.181810 8.551363 2
1.451279 7.567094 1
0.352246 6.389323 1
1.542193 6.684094 1
0.114363 6.303110 1
0.215323 6.379928 1
0.286639 6.485198 1
0.145565 6.498655 1
0.000000 6.527778 0
0.101550 6.405153 1
0.201777 6.955204 1
0.241448 6.843279 1
1.644509 6.699808 1
1.456548 7.228272 1
1.516216 7.100515 1
1.147493 5.921739 1
0.000000 6.388889 0
0.217860 6.270355 1
1.226046 6.755610 1
1.420698 7.120935 1
1.071071 6.610753 1
1.128930 6.714970 1
1.249943 5.883609 2
0.923397 8.056890 1
0.084081 6.578643 1
1.049190 7.700259 1
0.935367 6.645044 1
0.418895 6.471860 1
1.575904 7.604143 3
0.000000 6.944445 0
0.093535 6.987447 1
1.031805 7.484908 1
1.056095 7.595831 1
1.765391 6.700409 1
1.888285 6.699817 2
1.824299 6.803420 2
1.363342 7.185035 1
0.418376 8.475342 1
0.981706 7.387838 1
0.857799 7.383876 1
0.092829 7.983811 1
0.575413 6.917888 1
1.811099 7.010266 2
1.623212 7.089769 1
1.305023 8.488237 2
1.823849 6.603411 3
0.633783 5.986217 2
1.164038 5.815179 2
 0 1 2
 2 1 3
 4 5 6
 7 8 9
 10 11 12
 13 14 15
 16 15 14
 17 18 19
 20 21 22
 23 24 25
 26 25 24
 27 5 4
 28 29 30
 31 25 32
 33 27 34
 35 36 37
 38 39 40
 41 42 43
 44 45 46
 47 48 49
 10 12 50
 51 52 53
 54 55 56
 57 58 59
 60 61 62
 63 64 65
 20 22 66
 67 46 45
 68 30 69
 70 24 71
 72 71 24
 73 74 39
 75 69 30
 76 77 78
 75 79 80
 81 82 83
 41 43 84
 85 73 39
 16 14 86
 87 88 89
 81 90 82
 91 22 21
 92 93 94
 33 34 95
 47 96 48
 92 94 97
 44 98 99
 100 101 88
 102 88 101
 103 104 105
 106 57 59
 63 48 107
 108 109 110
 6 110 109
 111 112 113
 7 9 114
 103 8 104
 111 115 112
 116 5 27
 76 78 117
 118 119 120
 63 65 49
 121 122 123
 61 124 62
 122 125 123
 126 99 98
 127 40 39
 128 53 129
 116 81 42
 38 85 39
 13 130 14
 103 9 8
 67 45 131
 63 49 48
 60 93 61
 54 132 55
 133 134 135
 136 135 134
 12 11 137
 138 139 140
 138 140 113
 141 120 119
 20 66 142
 136 134 143
 144 32 25
 145 37 36
 88 146 89
 147 148 149
 17 150 18
 80 79 151
 152 153 154
 155 66 22
 20 118 120
 68 59 58
 156 148 157
 68 58 30
 158 159 160
 105 154 153
 161 162 163
 164 163 162
 31 165 25
 166 167 168
 41 168 167
 87 169 170
 171 172 173
 174 175 176
 177 178 95
 179 180 181
 28 30 58
 29 37 30
 43 42 83
 182 157 148
 63 107 183
 171 173 101
 1 184 185
 108 107 48
 1 0 184
 155 186 66
 187 66 186
 188 189 190
 183 46 191
 92 137 11
 87 170 192
 193 168 78
 180 194 181
 70 71 189
 195 189 71
 196 197 198
 144 131 45
 34 177 95
 7 199 8
 200 198 201
 75 30 79
 200 201 202
 187 203 66
 188 204 189
 200 123 125
 205 206 207
 164 208 209
 210 196 198
 44 80 45
 44 99 80
 144 45 80
 164 162 208
 128 211 53
 75 80 99
 212 3 1
 51 53 213
 116 42 167
 54 56 214
 102 146 88
 215 216 97
 116 90 81
 217 218 159
 7 159 218
 138 219 130
 175 220 176
 23 123 221
 200 221 123
 222 215 97
 103 105 153
 144 80 151
 100 223 224
 26 65 64
 81 83 42
 35 225 36
 130 219 226
 227 160 114
 228 89 229
 193 46 183
 100 230 223
 147 231 148
 168 232 78
 111 157 115
 76 104 199
 67 191 46
 134 233 234
 235 234 233
 8 199 104
 121 123 236
 237 2 3
 44 46 77
 100 88 192
 87 192 88
 53 52 129
 195 62 124
 133 113 112
 227 114 9
 238 209 19
 70 65 24
 108 239 107
 240 241 242
 47 204 243
 174 112 115
 244 95 178
 245 85 246
 235 247 248
 91 21 249
 250 249 21
 12 251 252
 155 252 251
 26 24 65
 235 253 247
 156 149 148
 94 198 197
 188 180 220
 179 220 180
 133 254 134
 255 256 240
 257 240 256
 166 5 167
 235 233 176
 128 170 169
 44 77 98
 23 165 123
 23 221 24
 72 24 221
 68 258 59
 158 59 258
 111 259 157
 164 184 163
 108 48 96
 31 32 36
 145 36 32
 260 85 261
 38 261 85
 262 243 204
 195 190 189
 156 259 263
 245 263 259
 145 151 79
 235 176 253
 245 246 263
 250 143 249
 166 110 5
 174 264 175
 56 55 186
 187 186 55
 47 49 265
 147 266 109
 6 109 266
 87 267 169
 141 169 267
 61 93 11
 163 184 242
 260 246 85
 238 268 212
 193 78 77
 116 27 269
 238 185 209
 141 270 120
 271 117 78
 76 98 77
 133 272 113
 138 113 272
 171 273 274
 33 269 27
 100 170 230
 275 230 170
 116 167 5
 276 121 236
 223 277 273
 255 240 242
 100 192 170
 278 242 241
 275 170 129
 128 129 170
 47 265 189
 235 248 249
 155 22 252
 43 279 84
 152 84 279
 47 189 204
 193 77 46
 134 234 143
 102 162 146
 280 263 246
 53 211 281
 70 189 265
 174 115 264
 14 226 282
 238 212 185
 1 185 212
 205 207 283
 235 249 234
 284 285 286
 187 286 285
 287 288 286
 289 214 290
 161 229 89
 14 282 291
 174 254 112
 29 35 37
 245 73 85
 123 165 236
 228 267 89
 74 292 293
 294 173 172
 91 249 248
 6 5 110
 7 218 199
 280 177 149
 238 19 268
 92 97 216
 23 25 165
 182 115 157
 91 252 22
 287 295 288
 94 93 201
 174 233 254
 296 207 51
 297 240 219
 257 219 240
 247 181 50
 10 50 181
 298 293 292
 56 290 214
 67 131 64
 17 19 209
 245 259 292
 278 241 299
 147 149 177
 26 131 25
 144 25 131
 299 241 300
 92 11 93
 60 201 93
 41 84 232
 188 190 180
 158 258 159
 217 159 258
 18 150 301
 161 89 146
 156 157 259
 107 302 183
 61 11 194
 10 194 11
 100 224 101
 171 101 224
 250 120 270
 193 302 168
 187 303 286
 295 205 283
 2 256 0
 182 264 115
 68 69 258
 217 258 69
 193 183 302
 179 176 220
 160 159 114
 271 232 84
 7 114 159
 108 110 239
 10 181 194
 147 109 231
 289 137 216
 92 216 137
 108 304 109
 161 163 229
 278 229 163
 297 219 272
 138 272 219
 76 199 98
 102 101 173
 250 305 143
 70 265 65
 49 65 265
 306 281 211
 12 252 50
 166 168 302
 260 307 246
 34 27 4
 141 267 270
 128 118 211
 107 239 302
 41 167 42
 41 232 168
 187 55 303
 53 281 213
 187 285 203
 257 226 219
 306 118 142
 20 142 118
 111 113 140
 30 37 79
 145 79 37
 250 270 305
 34 266 177
 147 177 266
 17 209 208
 308 54 214
 200 125 198
 210 198 125
 294 150 173
 102 173 150
 174 176 233
 134 254 233
 280 246 307
 215 309 216
 133 135 272
 297 272 135
 223 273 224
 116 269 90
 275 129 52
 47 243 96
 166 302 239
 126 98 199
 215 308 309
 72 202 62
 298 140 139
 102 208 162
 144 151 32
 164 185 184
 164 209 185
 228 229 299
 278 299 229
 57 28 58
 126 199 218
 182 148 310
 311 310 148
 284 286 288
 306 211 118
 128 119 118
 13 139 130
 102 150 208
 17 208 150
 312 313 314
 94 201 198
 255 184 0
 200 202 221
 72 221 202
 63 183 191
 111 315 259
 60 62 202
 126 316 99
 75 99 316
 287 286 303
 175 317 318
 20 120 21
 250 21 120
 122 210 125
 133 112 254
 161 146 162
 276 236 319
 31 319 236
 91 320 252
 225 276 319
 127 15 321
 179 253 176
 311 148 231
 225 319 36
 294 301 150
 228 299 305
 136 305 299
 31 36 319
 16 321 15
 249 143 234
 289 216 309
 295 283 288
 259 315 292
 297 241 240
 152 154 84
 271 84 154
 278 163 242
 132 287 303
 136 143 305
 13 293 139
 87 89 267
 166 239 110
 171 224 273
 60 202 201
 196 222 197
 284 281 285
 311 96 243
 138 130 139
 255 242 184
 31 236 165
 16 86 314
 72 62 71
 312 86 291
 271 78 232
 51 213 296
 262 318 317
 297 135 300
 136 300 135
 228 270 267
 108 96 304
 312 314 86
 217 316 218
 175 264 317
 257 282 226
 127 321 40
 14 291 86
 188 220 318
 175 318 220
 311 304 96
 136 299 300
 228 305 270
 280 178 177
 306 285 281
 13 15 322
 127 322 15
 126 218 316
 26 64 131
 284 288 283
 105 117 154
 280 149 263
 306 203 285
 195 71 62
 280 307 178
 43 323 279
 284 213 281
 74 73 292
 245 292 73
 298 139 293
 14 130 226
 284 283 296
 289 290 251
 289 251 137
 12 137 251
 247 253 181
 188 318 204
 262 204 318
 132 303 55
 284 296 213
 311 231 304
 109 304 231
 145 32 151
 312 237 324
 207 296 283
 34 4 266
 6 266 4
 312 291 237
 2 237 291
 217 69 316
 223 230 325
 275 325 230
 289 309 214
 312 324 313
 222 97 197
 271 154 117
 255 0 256
 156 263 149
 298 292 315
 2 291 282
 63 191 64
 75 316 69
 67 64 191
 56 186 290
 155 290 186
 94 197 97
 311 243 310
 308 214 309
 294 326 301
 43 83 323
 127 39 322
 74 322 39
 2 282 256
 262 310 243
 74 293 322
 257 256 282
 179 181 253
 128 169 119
 141 119 169
 247 320 248
 91 248 320
 105 104 117
 171 274 172
 244 178 307
 306 142 203
 66 203 142
 61 194 124
 180 124 194
 247 50 320
 252 320 50
 223 325 277
 297 300 241
 182 317 264
 182 310 317
 262 317 310
 294 172 326
 155 251 290
 76 117 104
 180 190 124
 195 124 190
 13 322 293
 298 315 140
 111 140 315
 0
 0
 0
 0
 0
 0
 0
 0
 0
 0
 0
 0
 0
 0
 0
 0
 0
 0
 10
 38 260 16 261 313 314 307 40 321 324
 0
 18
 244 152 103 158 33 227 160 59 9 269 153 82 307 323 279 90 95 83
 12
 275 51 18 207 52 273 301 274 325 172 326 277
 7
 18 3 19 212 268 324 237
 0
