311 559
2.224255 0.306330 1
2.388637 0.301507 1
2.347324 0.430043 1
2.234407 0.657481 1
2.120073 0.575014 1
2.240137 0.511258 1
1.127248 1.726203 1
1.287513 1.779542 2
1.172185 1.879920 2
1.198950 0.801339 1
1.130480 0.928674 1
1.047596 0.816552 1
0.790780 1.521364 1
0.866223 1.686136 1
0.720848 1.668843 1
1.616217 1.525900 1
1.768777 1.588196 2
1.625544 1.659426 2
1.334896 0.555154 1
1.426591 0.410512 1
1.466554 0.565998 1
1.919936 1.270345 1
1.755492 1.254920 1
1.871586 1.127154 1
1.739587 1.082100 1
2.271795 0.209714 1
1.527778 0.000000 0
1.666667 0.000000 0
1.589848 0.164068 1
2.339659 0.578731 1
1.305229 0.389658 1
0.985853 1.824786 1
1.035779 1.969255 2
0.868734 0.211318 1
0.964521 0.286455 1
0.812346 0.369957 1
1.582600 0.637034 1
1.586031 0.794422 1
1.444892 0.702479 1
1.455321 0.867097 1
1.700395 1.421035 1
1.848912 1.412530 1
1.805556 0.000000 0
1.903467 0.135013 1
1.734081 0.126238 1
1.218172 1.198164 1
1.350614 1.261764 1
1.181875 1.340844 1
0.311474 0.668788 1
0.467381 0.608861 1
0.442229 0.729840 1
1.950579 1.542280 2
0.000000 1.388889 0
0.149972 1.286949 1
0.099357 1.458333 1
1.388889 0.000000 0
1.451688 0.102339 1
1.291612 0.150376 1
1.618358 0.331709 1
1.559231 0.486486 1
1.495906 0.308210 1
1.969311 1.019273 1
2.061746 0.892063 1
2.102736 1.025609 1
0.833333 0.000000 0
0.952749 0.121463 1
0.771428 0.118995 1
0.000000 0.833333 0
0.118995 0.771428 1
0.121463 0.952749 1
0.900401 1.538032 1
0.375573 0.517925 1
0.579927 1.330083 1
0.693155 1.242052 1
0.699880 1.394122 1
2.322065 1.125849 1
2.203482 1.235145 1
2.203379 1.083952 1
1.224287 0.296905 1
1.202538 0.454328 1
1.086883 0.329925 1
1.204282 1.580212 1
1.276246 1.667205 1
1.604082 1.158693 1
0.210360 1.430914 1
0.309166 1.491194 1
0.166367 1.576067 2
0.269519 0.553090 1
0.268505 0.404020 1
0.916679 1.238047 1
0.965835 1.099162 1
1.031494 1.177436 1
2.530812 1.259939 2
2.437385 1.333153 2
2.440845 1.158403 1
0.339635 1.612239 2
2.344617 1.257511 2
2.500000 0.000000 0
2.638889 0.000000 0
2.580803 0.155104 2
2.446260 0.545086 1
1.083317 1.567965 1
0.191461 0.489829 1
1.345006 0.811477 1
0.340190 0.827867 1
0.859163 1.097124 1
0.409535 0.412463 1
0.000000 1.250000 0
1.250000 0.000000 0
0.142591 0.344801 1
0.293416 0.264023 1
0.507339 1.134566 1
0.563142 0.991858 1
0.619008 1.146263 1
0.196901 0.196901 1
2.114829 1.161689 1
1.428417 0.211565 1
0.963276 0.910615 1
0.494141 0.194617 1
0.426389 0.291239 1
0.354120 0.138728 1
0.955972 0.412901 1
0.651486 1.530363 1
2.529763 0.315156 2
2.496198 0.441729 1
0.998214 1.483394 1
1.034647 1.338494 1
1.096392 1.437640 1
0.914497 1.418791 1
2.201414 0.412802 1
1.612268 1.306570 1
0.705132 1.066432 1
2.083333 0.000000 0
2.222222 0.000000 0
2.155499 0.130976 1
0.677595 0.299934 1
0.644156 0.449829 1
0.555341 0.298229 1
0.519273 0.410918 1
1.311510 1.415828 1
1.322060 0.701230 1
0.587877 1.751007 2
0.729831 1.793274 1
0.651550 1.897666 2
0.800232 1.190266 1
0.810924 1.353468 1
1.019990 1.005327 1
1.940146 0.871278 1
1.126688 0.709832 1
2.023181 0.094830 1
0.349809 0.337138 1
1.802902 0.244661 1
1.284990 0.997983 1
1.130524 1.080647 1
2.138441 0.481055 1
0.213983 0.864530 1
1.636586 1.009266 1
1.732573 0.938516 1
0.555556 0.000000 0
0.694444 0.000000 0
0.624231 0.153507 1
0.000000 0.694444 0
0.000000 0.555556 0
0.152226 0.623898 1
0.000000 1.527778 0
1.710454 0.548027 1
0.849068 1.832281 1
0.580966 1.624627 1
0.759233 0.229289 1
1.494737 1.249506 1
1.464182 1.376227 1
1.846440 0.980156 1
1.341398 0.280135 1
1.831876 0.613857 1
1.973511 0.573318 1
1.925536 0.727707 1
2.071491 0.687137 1
1.002043 1.704599 1
1.580054 1.423513 1
1.117136 0.585166 1
0.943857 0.568149 1
1.061277 0.470094 1
1.728074 0.715074 1
0.590910 1.441185 1
1.345885 1.133201 1
0.568243 1.226271 1
1.645534 0.899312 1
1.544757 0.940892 1
1.507207 1.487833 1
0.878031 0.714775 1
0.778876 0.819733 1
0.717826 0.702975 1
1.691617 0.243349 1
0.487143 0.090776 1
0.086995 0.486111 1
2.650289 0.424858 2
2.581689 0.570891 2
0.630066 0.830477 1
0.492288 0.849073 1
0.592840 0.709844 1
0.786546 0.529079 1
1.818970 0.832252 1
1.244893 1.102499 1
0.277778 0.000000 0
0.416667 0.000000 0
0.000000 0.416667 0
0.000000 0.277778 0
1.672118 0.432130 1
1.115047 1.241050 1
0.390641 1.407513 1
0.441784 1.278391 1
0.496440 1.418488 1
1.458757 1.139654 1
1.944444 0.000000 0
2.162515 0.902203 1
1.994545 1.394618 1
2.029161 0.208161 1
1.223186 0.559792 1
0.910307 0.820293 1
0.972222 0.000000 0
0.000000 0.972222 0
1.226026 0.652913 1
0.783778 1.939588 2
1.003319 0.703230 1
2.420148 1.007251 1
1.414830 1.003783 1
0.407763 0.954280 1
0.280749 0.962352 1
0.799050 1.004161 1
2.026828 0.785144 1
2.076653 0.355921 1
1.928411 0.294825 1
1.942917 0.425354 1
0.304244 1.212124 1
0.299258 1.339156 1
0.804001 0.635863 1
1.058497 0.184312 1
0.184312 1.058497 1
0.711231 0.936692 1
0.437769 1.057717 1
2.615546 1.082204 2
2.507634 1.068091 1
2.523352 0.955785 2
0.588144 0.588144 1
0.513241 0.509499 1
2.463426 0.213157 1
2.378560 0.187229 1
1.412666 1.711518 2
2.037129 0.482115 1
0.967330 1.604430 1
1.494926 1.608590 2
1.201904 1.471797 1
2.173393 0.790393 1
0.000000 0.000000 0
0.138889 0.000000 0
0.114254 0.114254 1
0.000000 0.138889 0
0.877952 0.476651 1
1.297043 1.547593 1
1.152123 0.105043 1
0.104976 1.151346 1
1.998749 1.156131 1
2.361111 0.000000 0
2.439367 0.106791 1
2.293406 0.104691 1
1.708324 0.828011 1
0.694410 0.592424 1
1.854079 0.501035 1
1.834179 0.376955 1
0.227374 0.751302 1
2.662411 1.226015 3
2.537799 1.157463 1
1.396836 1.506192 1
2.060268 1.266113 1
2.130070 1.378753 2
0.912848 1.945715 2
2.307020 0.783294 1
1.153550 0.213930 1
0.213930 1.153550 1
0.216388 0.089976 1
0.091278 0.219877 1
0.829501 0.908576 1
2.310028 0.998124 1
1.378407 1.612362 1
2.214086 0.980023 1
2.523767 0.807827 2
2.401212 0.886268 1
2.132638 0.245777 1
2.262382 0.888277 1
1.759653 0.444356 1
2.065522 1.484890 2
0.319502 1.079225 1
0.000000 1.111111 0
1.111111 0.000000 0
2.460347 0.671721 1
2.592718 0.699527 2
1.268035 0.888256 1
1.532904 1.058559 1
2.352547 0.687952 1
1.719057 0.348415 1
0.526815 1.532871 1
2.416507 0.770873 1
2.254541 1.369898 2
0.402869 1.155797 1
0.416624 1.526584 1
0.472575 1.652194 2
1.826902 0.719624 1
1.357789 0.913241 1
1.047968 0.081641 1
0.081641 1.047968 1
0.904912 1.004763 1
 0 1 2
 3 4 5
 6 7 8
 9 10 11
 12 13 14
 15 16 17
 18 19 20
 21 22 23
 24 23 22
 0 25 1
 26 27 28
 29 3 5
 18 30 19
 6 8 31
 32 31 8
 33 34 35
 36 37 38
 39 38 37
 40 41 16
 42 43 44
 45 46 47
 48 49 50
 51 16 41
 21 41 22
 40 22 41
 52 53 54
 55 56 57
 58 59 60
 19 60 59
 61 62 63
 64 65 66
 67 68 69
 12 70 13
 48 71 49
 72 73 74
 75 76 77
 78 79 80
 6 81 82
 6 82 7
 24 22 83
 84 85 86
 71 87 88
 89 90 91
 92 93 94
 95 86 85
 93 96 94
 97 98 99
 29 2 100
 6 101 81
 36 38 20
 102 88 87
 39 103 38
 48 50 104
 89 105 90
 71 88 106
 52 107 53
 108 55 57
 40 16 15
 109 110 88
 111 112 113
 114 110 109
 115 77 76
 116 28 60
 11 10 117
 58 60 28
 96 76 75
 118 119 120
 120 119 110
 121 35 34
 12 122 74
 18 79 30
 1 123 124
 2 1 124
 125 126 127
 128 126 125
 0 2 129
 40 130 22
 131 113 112
 132 133 134
 135 136 137
 138 137 136
 48 87 71
 139 47 46
 140 18 38
 38 18 20
 141 142 143
 73 144 145
 146 117 10
 61 147 62
 89 145 144
 9 11 148
 132 134 149
 150 106 88
 151 44 43
 152 153 10
 89 91 126
 84 54 53
 116 57 56
 154 5 4
 19 59 20
 33 66 65
 155 69 68
 84 86 54
 116 56 28
 131 144 73
 24 156 157
 158 159 160
 161 162 163
 26 28 56
 164 54 86
 27 44 28
 36 59 165
 166 13 31
 141 167 14
 33 35 168
 2 124 100
 169 130 170
 24 157 171
 131 73 113
 19 172 60
 173 174 175
 176 175 174
 6 177 101
 142 13 166
 14 13 142
 22 130 83
 130 178 170
 179 180 181
 121 181 180
 29 5 2
 36 182 37
 74 122 183
 118 160 137
 135 137 160
 45 184 46
 72 185 73
 186 187 37
 39 37 187
 40 15 178
 188 178 15
 189 190 191
 58 28 192
 158 160 193
 162 194 163
 123 195 124
 196 124 195
 61 23 171
 197 198 199
 50 199 198
 79 181 80
 200 136 35
 135 35 136
 201 175 147
 152 202 153
 203 204 120
 205 206 109
 24 171 23
 59 207 165
 14 167 122
 45 208 153
 91 153 208
 89 126 128
 2 5 129
 73 145 74
 131 105 144
 127 126 47
 209 210 211
 212 169 46
 184 212 46
 42 213 43
 62 214 63
 21 215 41
 51 41 215
 216 149 134
 116 60 172
 31 13 177
 12 145 128
 72 211 210
 96 75 94
 18 217 79
 12 14 122
 189 218 190
 64 219 65
 220 67 69
 141 14 142
 9 221 140
 166 222 142
 143 142 222
 36 20 59
 9 140 103
 11 218 223
 189 223 218
 118 193 160
 102 163 194
 224 94 75
 152 225 184
 89 144 105
 226 227 104
 155 104 227
 131 228 105
 175 229 147
 216 230 231
 232 231 230
 12 74 145
 179 223 180
 189 180 223
 233 234 53
 84 53 234
 179 181 79
 200 180 235
 236 34 65
 237 69 227
 216 231 43
 151 43 231
 209 234 210
 146 10 153
 197 238 112
 131 112 238
 111 239 112
 189 235 180
 240 241 242
 197 112 198
 226 198 112
 78 30 79
 243 244 136
 123 245 99
 246 1 25
 243 199 49
 50 49 199
 189 191 235
 146 153 90
 159 66 160
 161 163 68
 197 191 190
 7 82 247
 205 109 194
 204 193 120
 174 248 4
 249 101 177
 179 79 217
 188 15 250
 91 90 153
 127 251 101
 33 65 34
 155 227 69
 197 199 191
 102 194 109
 118 120 193
 173 182 165
 36 165 182
 176 3 252
 47 126 208
 176 174 4
 81 101 251
 253 254 255
 253 255 256
 48 163 87
 102 87 163
 169 83 130
 200 257 180
 135 168 35
 139 258 251
 201 147 171
 61 171 147
 108 57 259
 107 260 53
 19 30 172
 61 63 261
 115 261 63
 262 263 264
 61 261 23
 12 128 70
 37 182 265
 50 198 104
 226 104 198
 138 136 244
 233 210 234
 97 99 263
 21 23 261
 226 112 239
 243 136 266
 89 128 145
 121 180 257
 232 267 268
 135 160 168
 48 269 163
 249 13 70
 27 42 44
 240 270 271
 92 271 270
 139 170 272
 115 76 273
 274 273 76
 11 223 148
 186 157 156
 166 31 275
 176 252 229
 133 264 134
 276 252 3
 274 215 273
 21 273 215
 78 277 57
 233 53 278
 152 184 202
 45 202 184
 246 264 263
 203 120 279
 114 279 120
 114 109 280
 206 280 109
 281 190 218
 224 75 282
 159 64 66
 67 161 68
 283 247 82
 139 272 258
 284 63 214
 191 199 266
 243 266 199
 150 88 110
 32 275 31
 169 212 83
 188 272 170
 285 242 286
 224 286 242
 216 134 287
 186 37 265
 154 248 230
 276 288 252
 289 268 267
 274 290 215
 121 80 181
 236 80 34
 237 227 291
 107 292 260
 293 108 259
 200 266 136
 114 120 110
 102 109 88
 150 110 119
 285 294 295
 196 294 100
 9 296 10
 152 10 296
 209 85 234
 84 234 85
 62 229 252
 116 172 57
 78 57 172
 72 74 183
 188 170 178
 232 230 248
 184 225 212
 297 156 83
 18 140 221
 232 174 267
 173 267 174
 24 83 156
 252 288 214
 154 230 129
 48 104 269
 297 83 212
 155 269 104
 29 298 3
 276 3 298
 151 299 192
 121 257 35
 200 35 257
 289 267 165
 173 165 267
 151 268 299
 6 31 177
 154 4 248
 166 275 222
 196 100 124
 201 171 157
 0 129 230
 300 183 122
 58 207 59
 224 282 286
 127 47 251
 196 295 294
 29 100 294
 121 34 80
 226 291 227
 15 17 250
 160 66 168
 163 269 68
 29 294 298
 285 301 294
 78 80 277
 236 277 80
 233 278 291
 237 291 278
 62 147 229
 188 250 272
 283 272 250
 216 287 230
 0 230 287
 28 44 192
 151 192 44
 71 106 244
 179 221 148
 51 215 290
 96 302 76
 139 251 47
 233 291 303
 233 303 210
 73 185 113
 139 46 170
 134 25 287
 179 217 221
 115 273 261
 21 261 273
 232 268 231
 95 304 305
 286 282 288
 133 262 264
 173 175 306
 0 287 25
 262 97 263
 39 187 225
 297 225 187
 111 185 210
 72 210 185
 57 277 259
 53 260 278
 283 250 247
 201 306 175
 9 148 221
 176 229 175
 232 248 174
 176 4 3
 197 190 238
 40 178 130
 55 26 56
 164 52 54
 300 305 304
 297 212 225
 226 239 291
 45 47 208
 9 103 296
 111 210 303
 38 103 140
 201 182 306
 169 170 46
 18 221 217
 201 265 182
 289 165 207
 179 148 223
 173 306 182
 281 238 190
 39 307 103
 45 153 202
 249 177 13
 71 244 49
 91 208 126
 213 132 149
 254 203 279
 206 256 280
 213 149 43
 284 282 77
 216 43 149
 224 241 94
 75 77 282
 92 94 271
 81 251 258
 204 158 193
 162 205 194
 138 119 137
 138 106 119
 300 304 211
 138 244 106
 151 231 268
 219 293 308
 292 220 309
 224 242 241
 33 168 66
 155 68 269
 274 76 302
 300 122 167
 209 211 304
 281 228 238
 131 238 228
 281 218 117
 152 307 225
 281 117 310
 236 308 259
 293 259 308
 237 260 309
 292 309 260
 78 172 30
 276 286 288
 284 77 63
 276 301 286
 141 305 167
 300 167 305
 254 279 255
 256 255 280
 62 252 214
 115 63 77
 134 264 25
 285 286 301
 39 225 307
 284 214 288
 127 101 125
 249 125 101
 209 304 85
 146 90 310
 105 310 90
 118 137 119
 150 119 106
 154 129 5
 219 308 65
 220 69 309
 246 25 264
 58 192 299
 99 245 263
 246 263 245
 95 85 304
 300 211 183
 236 259 277
 237 278 260
 152 296 307
 200 235 266
 191 266 235
 289 299 268
 243 49 244
 237 309 69
 236 65 308
 114 280 255
 114 255 279
 111 113 185
 105 228 310
 283 258 272
 284 288 282
 276 298 301
 297 187 156
 128 125 70
 283 82 258
 81 258 82
 123 1 245
 186 156 187
 294 301 298
 291 239 303
 103 307 296
 281 310 228
 11 117 218
 72 183 211
 58 299 207
 111 303 239
 146 310 117
 289 207 299
 201 157 265
 246 245 1
 249 70 125
 186 265 157
 94 241 271
 240 271 241
 0
 0
 0
 0
 0
 0
 9
 240 123 285 196 195 99 270 242 295
 0
 0
 0
 0
 22
 95 96 141 51 32 274 92 143 7 86 16 8 270 222 305 275 250 93 302 290 247 17
 0
 0
 0
 0
 0
 0
 0
 0
 0
 0
 0
 0
