317 565
5.221864 8.314909 1
5.194563 8.453780 1
5.103426 8.308444 1
5.039473 8.409187 1
4.900708 8.889679 2
4.900336 8.739722 2
5.018963 8.822566 1
6.801157 9.515192 1
6.687997 9.444273 1
6.839583 9.404687 1
6.547130 9.231997 1
6.642835 9.095756 1
6.670410 9.223898 1
6.759707 9.315547 1
7.196783 8.586221 2
7.200417 8.693474 1
7.050214 8.601746 1
6.485560 9.116166 1
7.098999 8.730274 1
5.725996 8.491804 1
5.840215 8.416333 1
5.846289 8.591111 1
5.982413 8.487105 1
6.329707 9.377750 1
6.492596 9.347685 1
6.401016 9.473169 1
6.023907 9.579772 1
5.876548 9.535896 1
6.006768 9.473273 1
5.033668 8.974723 2
5.160952 8.874516 1
6.783435 9.018176 1
6.778850 9.177019 1
5.117629 9.121278 1
5.054770 9.226753 1
4.976250 9.108380 2
6.686429 8.234365 1
6.638235 8.363351 1
6.535256 8.299313 1
6.567698 8.175380 2
6.406180 9.252308 1
6.646036 8.522911 1
6.661362 8.674201 1
6.551526 8.651682 1
5.104562 9.353175 1
5.100862 9.495233 2
4.955625 9.444233 2
5.326624 8.394687 1
5.455002 8.323562 2
5.448535 8.493784 1
5.942748 9.666035 1
6.522646 8.522436 1
6.673309 9.597209 1
6.560266 9.486866 1
5.786549 8.751596 1
5.831116 8.859455 1
5.704263 8.908795 1
5.667077 8.750273 1
6.344052 9.144920 1
6.398485 9.020336 1
6.805555 10.000000 0
6.669086 9.877488 1
6.780723 9.831198 1
4.835890 8.349513 3
4.928938 8.408052 1
4.815514 8.530622 2
5.339095 9.054036 1
5.474401 8.974982 1
5.467297 9.110331 1
6.551444 8.971073 1
4.921981 8.624599 1
4.799302 8.686742 2
5.316194 8.940395 1
5.494482 9.751087 1
5.389594 9.632672 1
5.532137 9.655560 1
5.317335 8.524278 1
5.214862 8.622054 1
5.107150 8.727748 1
5.044873 8.595980 1
5.840853 8.968827 1
6.024354 9.014854 1
5.875474 9.096663 1
5.248151 9.549439 1
5.089444 9.635806 2
5.225109 9.663507 1
5.951161 8.879012 1
6.555438 9.633027 1
6.713991 8.770042 1
6.679886 8.911281 1
6.559259 8.790221 1
5.777870 9.287535 1
5.914904 9.298908 1
5.802255 9.410053 1
5.912392 9.415397 1
5.397138 9.790697 1
5.534955 8.410294 1
7.135184 9.459273 1
7.014851 9.497261 1
7.063276 9.350357 1
6.952539 9.398787 1
5.914955 8.744390 1
4.973298 8.502631 1
6.186282 9.712640 1
6.141191 9.618241 1
6.285971 9.581976 1
7.158516 9.235254 1
7.226109 9.365529 2
4.938622 9.210174 2
6.811966 9.642995 1
5.956855 8.621002 1
6.899935 9.120657 1
5.617157 9.754135 1
5.728519 9.697784 1
5.782080 9.823995 1
6.666667 10.000000 0
5.658605 9.881393 1
6.894502 8.629272 1
6.754989 8.622025 1
6.789530 8.518266 1
6.902410 8.501462 1
5.361442 9.235927 1
5.476700 9.225661 1
5.444541 9.386308 1
6.155670 9.054038 1
6.189645 8.950685 1
6.979998 8.732032 1
6.099037 8.875254 1
7.452580 8.715000 1
7.567285 8.700944 3
7.499422 8.836214 2
6.415514 8.787515 1
6.440328 8.675400 1
6.153409 9.522855 1
6.396385 8.457839 1
6.343915 8.611896 1
6.266117 8.525078 1
5.601561 9.025578 1
5.607803 9.159656 1
5.287799 9.750173 1
6.265505 9.053463 1
6.464293 9.583187 1
5.305802 8.228199 2
5.513700 9.525151 1
5.555555 10.000000 0
5.416667 10.000000 0
5.510119 9.866122 1
5.194096 9.013437 1
5.676312 9.257267 1
5.751612 9.154735 1
7.006534 8.433873 2
5.102235 8.506653 1
5.407197 9.504215 1
6.387387 8.152041 2
6.332718 8.297338 1
6.266655 8.219926 2
5.720436 8.623577 1
5.606541 8.533944 1
5.019590 9.767318 2
5.151985 9.824062 1
5.070296 9.897686 1
5.626382 8.655936 1
5.311906 9.455657 1
6.453265 8.234514 2
5.147015 9.724869 1
6.250000 10.000000 0
6.111111 10.000000 0
6.181142 9.858657 1
6.901500 8.367714 1
5.180929 8.201887 1
6.808378 8.875128 1
6.901810 8.967202 1
5.072101 8.187603 2
7.121701 8.888822 1
7.252378 8.899221 1
7.108465 9.000947 1
6.388434 9.671264 1
5.230484 9.305805 1
5.261732 9.161214 1
5.323923 9.351140 1
5.401987 8.855069 1
7.220484 9.031564 1
6.302894 9.706076 1
5.284117 8.831192 1
6.443992 8.575473 1
6.882627 9.886447 1
5.860522 9.198224 1
7.004992 9.053137 1
7.022418 9.191932 1
4.998565 8.691900 1
6.303124 8.424181 1
5.982752 9.153278 1
5.972222 10.000000 0
5.898700 9.885500 1
6.060734 9.888889 1
5.153835 9.233645 1
6.144520 8.261088 2
6.232851 8.354238 1
6.092814 8.423142 2
6.916779 9.288080 1
6.297576 8.948071 1
6.219924 8.820246 1
5.215716 9.421371 1
5.389453 9.894346 1
5.836073 9.651634 1
5.519876 8.638554 1
5.384756 8.631455 1
5.327545 8.743096 1
6.138964 8.533108 1
6.067565 8.626242 1
6.817110 8.413960 1
5.720968 9.035899 1
6.099948 9.147806 1
5.375149 9.146306 1
6.624095 9.338402 1
6.244683 9.457056 1
6.100932 9.407632 1
6.199639 9.344516 1
5.480383 8.766965 1
5.663185 8.228879 2
5.791213 8.162083 2
5.774346 8.272356 1
5.567767 9.303588 1
6.054611 9.284513 1
6.336432 8.839258 1
7.004952 9.625604 1
7.124003 9.594628 2
7.041790 9.729144 2
6.780162 8.311740 1
5.694445 10.000000 0
5.215215 8.747265 1
5.870399 9.754210 1
5.899400 8.271502 2
5.993177 9.780726 1
6.730762 8.424308 1
6.008992 8.708517 1
6.106747 8.749391 1
6.201482 8.650692 1
6.324863 8.732353 1
5.576140 8.729132 1
5.713191 8.365657 1
7.389845 8.909194 2
7.382853 8.800762 1
7.277528 8.773541 1
6.441116 8.889874 1
6.723753 9.719796 1
6.604926 9.764725 1
5.590402 8.831272 1
7.130146 9.110865 1
7.266002 9.152352 2
5.640282 9.603033 1
5.958299 8.386499 2
6.953569 9.795262 1
6.845856 9.760732 1
7.346021 9.026924 2
6.842145 8.742575 1
6.164565 9.233966 1
5.284987 9.862564 1
7.123057 8.487046 2
5.138889 10.000000 0
5.198089 9.915951 1
6.303110 9.885636 1
6.929001 8.841491 1
6.205282 8.463008 1
6.498373 9.849589 1
6.485882 9.713652 1
6.379928 9.784677 1
6.527778 10.000000 0
6.405153 9.898450 1
6.532987 8.414411 1
6.388889 10.000000 0
5.997921 9.375944 1
6.264444 9.787251 1
5.000000 10.000000 0
6.019511 8.795521 1
6.096767 9.787628 1
5.277778 10.000000 0
7.236239 9.498988 2
4.913227 9.878787 2
6.578643 9.915918 1
6.910433 9.478945 1
7.329925 8.650030 2
7.276907 9.262949 2
5.833333 10.000000 0
6.690825 8.109853 3
7.056210 8.818560 1
5.281036 8.087737 2
5.124939 8.088936 2
7.020594 8.927916 1
6.276409 9.249656 1
6.944445 10.000000 0
6.422322 8.355339 1
5.565848 9.414798 1
7.083333 10.000000 0
6.987856 9.906951 1
7.079720 9.858798 2
4.971705 8.284924 2
5.591185 8.333581 1
5.544349 8.245235 2
6.907895 9.580243 1
7.000827 8.307480 2
5.763889 9.924757 1
5.727032 9.496281 1
5.626346 9.486788 1
6.800545 8.175446 2
5.761691 9.596926 1
5.676509 9.380824 1
4.961455 9.310482 2
6.056384 9.693966 1
6.901956 8.237766 2
7.460085 8.602646 2
5.581451 8.925284 1
5.636427 8.427858 1
7.178983 8.806170 1
6.217739 9.146187 1
5.508369 8.877736 1
6.922500 9.688689 1
 0 1 2
 2 1 3
 4 5 6
 7 8 9
 10 11 12
 8 13 9
 14 15 16
 17 11 10
 15 18 16
 19 20 21
 22 21 20
 23 24 25
 26 27 28
 6 29 4
 30 29 6
 31 32 11
 33 34 35
 36 37 38
 36 38 39
 23 40 24
 41 42 43
 44 45 46
 47 48 49
 26 50 27
 41 43 51
 47 1 0
 8 52 53
 54 55 56
 57 54 56
 58 59 17
 60 61 62
 63 64 65
 66 67 68
 69 11 17
 65 70 71
 66 72 67
 73 74 75
 47 76 1
 77 78 79
 80 81 82
 45 83 84
 83 85 84
 80 86 81
 52 87 53
 58 17 40
 88 89 90
 30 6 78
 91 92 93
 94 93 92
 95 74 73
 96 49 48
 97 98 99
 94 28 27
 98 100 99
 54 21 101
 65 64 102
 88 90 42
 77 1 76
 103 104 105
 106 107 99
 97 99 107
 108 35 34
 8 7 52
 109 52 7
 21 110 101
 31 111 32
 112 113 114
 60 115 61
 112 114 116
 117 118 119
 47 49 76
 117 119 120
 121 122 123
 33 35 29
 124 81 125
 18 126 16
 127 125 81
 43 42 90
 69 90 89
 128 129 130
 131 132 90
 43 90 132
 69 17 59
 105 104 133
 134 135 136
 137 138 68
 117 16 126
 12 11 32
 95 139 74
 85 74 139
 58 140 59
 141 105 25
 47 0 142
 143 75 74
 144 145 146
 30 72 147
 91 148 149
 117 120 16
 150 16 120
 77 79 151
 74 83 152
 153 154 155
 156 157 19
 158 159 160
 161 157 156
 162 152 83
 153 163 154
 158 164 159
 165 166 167
 150 120 168
 47 142 48
 0 2 169
 31 170 171
 2 172 169
 173 174 175
 141 176 105
 121 177 178
 85 83 74
 121 123 179
 180 67 72
 175 174 181
 103 105 182
 30 183 72
 134 184 135
 60 62 185
 91 149 186
 187 188 111
 5 189 6
 134 136 190
 191 92 186
 192 193 194
 44 195 177
 196 197 198
 191 82 81
 17 10 40
 5 71 70
 199 13 32
 143 74 152
 200 125 201
 44 202 45
 199 32 111
 145 203 146
 19 21 156
 41 118 42
 144 146 116
 204 27 50
 205 157 161
 77 206 207
 77 76 206
 208 209 22
 198 208 22
 54 156 21
 69 89 11
 31 11 89
 210 168 120
 149 138 211
 137 211 138
 127 201 125
 124 212 81
 66 68 213
 8 53 214
 24 214 53
 105 215 25
 127 81 86
 187 111 171
 31 171 111
 216 215 133
 80 82 211
 216 217 215
 180 207 218
 219 220 221
 149 211 82
 222 123 122
 77 151 1
 191 81 212
 191 223 92
 200 201 224
 225 226 227
 44 34 195
 36 228 37
 229 144 116
 22 110 21
 44 177 202
 30 78 230
 180 183 207
 23 25 215
 207 206 218
 114 113 231
 232 20 221
 54 57 156
 205 218 206
 233 194 193
 24 53 25
 37 228 234
 235 209 236
 237 236 209
 191 186 82
 137 68 67
 68 138 122
 235 101 110
 6 189 78
 31 89 170
 66 178 147
 33 147 178
 237 135 238
 205 161 239
 204 231 113
 19 240 20
 241 174 242
 38 163 39
 243 242 174
 237 136 135
 161 156 57
 200 244 59
 43 184 51
 62 61 245
 246 245 61
 199 188 99
 106 99 188
 247 57 56
 187 248 188
 43 132 184
 181 249 248
 106 248 249
 127 236 201
 237 201 236
 200 59 140
 143 250 75
 199 111 188
 191 212 223
 141 53 87
 237 238 201
 246 87 52
 22 20 251
 159 164 139
 252 185 253
 77 207 230
 241 254 174
 177 195 178
 88 118 255
 117 255 118
 33 29 147
 30 147 29
 256 217 223
 216 223 217
 181 174 254
 181 254 249
 159 139 257
 14 16 258
 69 244 90
 246 52 245
 109 245 52
 121 179 177
 259 160 260
 24 40 10
 79 78 189
 165 167 261
 262 171 170
 263 198 197
 246 264 265
 266 265 264
 267 268 264
 3 1 151
 149 148 138
 12 32 13
 62 253 185
 8 214 13
 12 13 214
 30 230 183
 232 251 20
 20 240 221
 41 51 269
 41 269 37
 267 270 268
 3 151 102
 79 102 151
 200 224 244
 94 92 271
 166 194 167
 103 272 167
 259 273 160
 158 84 164
 26 28 133
 216 133 28
 127 86 274
 103 167 275
 131 90 244
 222 122 138
 112 116 146
 91 186 92
 80 55 86
 199 9 13
 112 75 250
 145 276 203
 276 257 203
 97 107 277
 77 230 78
 158 160 278
 198 22 251
 246 279 264
 270 165 261
 159 260 160
 134 269 51
 280 100 98
 69 59 244
 14 281 15
 150 258 16
 262 255 126
 117 126 255
 106 282 107
 192 283 193
 36 39 284
 166 192 194
 80 56 55
 0 169 142
 273 278 160
 262 126 285
 286 169 287
 112 250 113
 262 285 288
 79 189 70
 106 188 248
 256 223 212
 23 289 40
 205 206 49
 41 119 118
 162 202 179
 177 179 202
 246 61 279
 105 176 182
 246 265 87
 95 146 203
 286 142 169
 162 179 123
 243 281 242
 128 242 281
 76 49 206
 290 60 185
 134 291 269
 88 42 118
 222 292 123
 143 123 292
 85 139 164
 280 7 9
 162 123 152
 143 152 123
 66 147 72
 293 294 295
 172 2 296
 97 277 226
 79 70 102
 96 48 297
 23 217 289
 3 64 296
 293 290 294
 48 298 297
 106 249 282
 233 231 50
 280 299 7
 109 7 299
 219 221 240
 205 49 157
 150 168 300
 88 170 89
 207 183 230
 3 296 2
 252 227 295
 283 301 193
 114 193 301
 63 296 64
 80 211 56
 266 264 268
 302 250 303
 143 303 250
 36 284 304
 302 305 250
 141 25 53
 267 264 279
 205 239 218
 225 299 98
 199 99 100
 5 70 189
 210 234 228
 91 93 306
 302 306 93
 108 34 307
 44 307 34
 58 40 289
 96 157 49
 222 138 148
 233 50 308
 38 37 269
 22 209 110
 263 190 136
 154 291 190
 243 15 281
 112 146 73
 233 193 231
 114 231 193
 105 133 215
 252 295 294
 280 98 299
 270 261 268
 121 213 122
 68 122 213
 131 238 132
 135 132 238
 232 221 220
 95 73 146
 95 257 139
 12 214 10
 24 10 214
 115 267 279
 128 130 242
 241 242 130
 309 228 304
 210 120 119
 256 289 217
 137 56 211
 134 51 184
 276 259 260
 3 102 64
 26 133 104
 276 260 257
 128 281 310
 95 203 257
 247 56 311
 137 311 56
 96 312 157
 19 157 312
 41 37 234
 173 313 174
 85 164 84
 149 82 186
 266 176 265
 187 288 175
 173 175 288
 283 229 301
 86 101 274
 235 274 101
 219 240 297
 243 174 313
 159 257 260
 23 215 217
 256 314 289
 180 218 315
 247 315 218
 252 316 227
 225 227 316
 88 255 170
 262 170 255
 180 72 183
 302 93 27
 94 27 93
 222 148 306
 103 182 272
 137 67 311
 187 171 288
 262 288 171
 131 244 224
 162 83 202
 45 202 83
 91 306 148
 19 312 240
 134 190 291
 112 73 75
 128 310 129
 131 224 238
 201 238 224
 237 209 208
 252 253 316
 302 303 306
 36 304 228
 65 102 70
 229 116 301
 114 301 116
 235 110 209
 141 87 265
 141 265 176
 58 289 314
 222 306 292
 173 285 313
 250 305 113
 266 268 261
 44 46 307
 204 50 231
 247 218 239
 225 98 226
 97 226 98
 266 182 176
 172 287 169
 180 315 67
 38 269 291
 124 125 140
 200 140 125
 263 208 198
 266 261 272
 18 313 285
 309 168 228
 127 274 236
 181 248 175
 115 279 61
 266 272 182
 18 285 126
 33 178 195
 204 113 305
 103 275 308
 167 272 261
 235 236 274
 252 294 185
 33 195 34
 66 213 178
 121 178 213
 86 55 101
 54 101 55
 187 175 248
 225 316 299
 290 185 294
 26 308 50
 154 190 197
 173 288 285
 196 155 197
 154 197 155
 243 313 15
 18 15 313
 204 305 27
 62 245 253
 109 253 245
 135 184 132
 167 194 275
 233 275 194
 92 223 271
 216 271 223
 233 308 275
 199 100 9
 210 228 168
 302 27 305
 124 314 212
 306 303 292
 67 315 311
 280 9 100
 124 140 314
 256 212 314
 41 234 119
 210 119 234
 263 136 208
 237 208 136
 26 104 308
 109 299 316
 103 308 104
 154 163 291
 58 314 140
 240 312 297
 161 57 239
 247 239 57
 38 291 163
 94 271 28
 309 300 168
 216 28 271
 109 316 253
 219 297 298
 143 292 303
 247 311 315
 263 197 190
 96 297 312
 0
 0
 0
 0
 0
 0
 0
 0
 0
 0
 0
 0
 19
 219 286 153 196 232 172 63 296 142 220 39 284 48 198 287 163 298 155 251
 0
 14
 5 158 63 108 65 45 29 278 84 46 307 71 35 4
 11
 241 107 295 249 130 254 226 129 277 227 282
 10
 150 309 14 284 281 304 129 310 300 258
 0
 0
 0
 0
 0
 0
 0
