832 1541
5.257092 4.951127 1
5.213462 4.793371 1
5.330429 4.858052 1
6.515219 5.280851 2
6.635678 5.241629 1
6.685428 5.362820 2
5.151765 4.907310 1
4.723909 5.068506 1
4.847394 4.979242 1
4.890870 5.132880 1
5.017903 4.996035 1
3.777970 3.146677 1
3.652420 3.199282 1
3.661256 3.088212 1
6.849532 3.776139 1
6.800718 3.652420 1
6.911029 3.660890 1
3.743002 3.263467 1
3.813725 3.367210 1
3.647573 3.329685 1
6.810746 4.185935 1
6.771570 4.326343 1
6.666837 4.183290 1
2.746652 3.966335 2
2.786584 3.867271 1
2.905543 3.942552 2
4.970822 4.493345 1
5.151458 4.531467 1
5.054547 4.627533 1
6.642293 4.299617 1
3.035245 2.932065 1
2.925088 2.947470 1
2.902174 2.798072 2
7.068633 3.034311 1
7.052530 2.925088 2
7.201928 2.902174 2
6.070206 3.682619 1
6.214737 3.731762 1
6.058446 3.837669 1
6.213589 3.874769 1
3.940711 5.922763 2
3.775733 5.907977 3
3.906242 5.805687 1
4.596781 5.505511 1
4.767055 5.487215 1
4.696230 5.614021 1
5.782885 4.915845 1
5.654538 5.009116 1
5.613523 4.876764 1
5.510816 4.964171 1
5.056756 4.851300 1
5.088861 4.732314 1
5.222429 5.423650 1
5.284202 5.287165 1
5.358247 5.399813 1
4.243496 4.933706 1
4.234445 4.810615 1
4.356071 4.907642 1
3.458855 4.122495 2
3.606796 4.177765 1
3.483129 4.255417 2
3.598774 4.337320 2
3.989424 5.286408 1
4.150170 5.339636 1
4.049580 5.430021 1
4.102524 5.218718 1
5.507239 3.685842 1
5.535018 3.555948 2
5.619704 3.700251 1
5.682586 3.599695 1
4.499614 3.585040 1
4.366788 3.584994 1
4.446567 3.471965 1
2.741634 3.009562 1
2.625647 3.073562 2
2.667062 2.893990 2
3.445907 2.659313 1
3.518409 2.790100 1
3.368222 2.742452 1
7.340687 3.445907 1
7.209900 3.518409 1
7.257548 3.368222 1
4.334121 3.451462 1
4.390341 4.809024 1
3.894337 4.620393 1
3.841367 4.732700 2
3.757726 4.591319 2
5.103247 4.421588 1
5.087639 5.919766 1
5.172787 6.042550 2
5.027209 6.035408 2
2.972581 3.152143 1
3.051320 3.237915 1
2.891829 3.294670 1
2.913982 3.504823 1
3.083112 3.536109 1
2.906021 3.610849 1
2.991431 3.677116 1
3.083775 2.826700 1
7.173300 3.083775 1
2.770490 3.248269 1
2.759542 3.399570 1
4.741090 4.800401 1
4.777213 4.665328 1
4.865252 4.762175 1
3.663119 3.911580 1
3.826711 3.869400 1
3.770090 3.992099 1
4.639359 4.733263 1
3.368343 3.309905 1
3.518182 3.389859 1
3.370279 3.428877 1
6.690095 3.368343 1
6.610770 3.517084 1
6.571198 3.370148 1
4.634031 5.393753 1
3.451608 3.228068 1
6.771995 3.451471 1
2.857611 3.172049 1
5.977030 3.962249 1
5.876711 3.891672 1
7.474355 3.948735 1
7.362502 3.998096 1
7.354558 3.843473 1
7.787800 3.842246 2
7.717743 3.712051 1
7.853895 3.704172 2
3.683997 3.444801 1
6.124452 5.399304 1
6.250869 5.309196 2
6.212828 5.480120 2
6.765488 4.794387 1
6.921344 4.852563 2
6.792965 4.944991 1
3.390509 2.852428 1
7.147572 3.390509 1
5.214097 3.331745 2
5.065293 3.368719 1
5.075511 3.255838 2
5.146527 5.660914 1
5.281844 5.563485 1
5.260324 5.714407 1
3.965637 4.859202 1
4.098414 4.774844 1
4.116724 4.919291 1
5.957494 3.764695 1
3.758397 3.758531 1
5.345166 4.081958 1
5.223313 4.165204 1
5.225334 4.010153 1
5.087319 4.059354 1
7.258852 3.938286 1
5.003970 3.950645 1
4.940084 4.025068 1
4.666161 4.606328 1
7.507003 3.833107 1
3.629506 5.674319 2
3.675593 5.526574 2
3.741936 5.683527 1
3.789196 5.580353 1
6.506629 3.889209 1
6.371160 3.918404 1
6.453152 3.767231 1
5.458508 4.842330 1
7.248505 4.062547 1
3.486349 2.979638 1
3.405792 3.076089 1
3.373044 2.967898 1
3.287072 3.032096 1
6.967904 3.287072 1
7.032102 3.373044 1
6.923911 3.405792 1
7.020362 3.486349 1
6.206203 4.558007 1
6.139965 4.456416 1
6.238244 4.398286 1
6.365672 4.825902 1
6.262121 4.844088 1
6.236480 4.716629 1
2.868498 3.815696 1
5.128078 5.529068 1
6.318694 4.601766 1
6.332431 4.471969 1
6.436944 4.559677 1
3.945071 5.537083 1
3.889776 5.689489 1
3.843473 2.645442 2
3.754267 2.567093 1
3.833107 2.492996 2
7.432907 3.754267 1
5.427352 5.250156 1
5.711236 4.758887 1
4.979978 4.129759 1
4.403582 5.393932 1
4.367148 5.274304 1
4.506149 5.309174 1
4.519849 5.664965 1
4.478020 5.792209 1
4.405655 5.647001 1
4.358768 5.740221 1
6.458292 4.860746 1
6.561650 4.911911 1
6.449646 4.988196 1
6.733642 3.740400 1
5.589419 4.442449 1
5.690715 4.356841 1
5.711939 4.496269 1
3.560399 3.252693 1
3.544816 3.119268 1
6.747306 3.560399 1
6.880623 3.544763 1
5.118882 3.475273 1
5.812953 4.400337 1
4.725826 4.925068 1
6.411714 5.261772 1
6.420067 5.386676 2
4.694458 3.842130 1
4.748693 3.756030 1
4.857194 3.886184 1
6.764845 5.204879 1
6.863762 5.336168 2
4.935095 3.324694 2
6.712580 3.932482 1
6.708884 4.073019 1
6.595653 3.964163 1
4.854363 3.730528 1
6.999556 4.038641 1
7.132358 4.123266 1
7.014201 4.188108 1
6.315060 3.798978 1
3.739409 2.992201 1
7.007150 3.739095 1
6.946815 5.205117 2
6.403944 4.719996 1
7.145138 4.312762 1
7.234975 4.226376 1
7.226786 4.375290 1
5.944004 4.749156 1
5.838029 4.800569 1
5.821872 4.670084 1
3.698022 2.449470 2
3.621327 2.565028 1
7.550530 3.698022 1
7.434972 3.621327 1
5.155808 4.309731 1
5.021509 4.346021 1
5.072066 4.195681 1
6.136762 4.092844 1
6.245292 4.146565 1
6.110779 4.221756 1
6.244764 4.271516 1
7.320731 4.347878 2
3.549135 2.892482 1
7.107476 3.549114 1
5.546039 4.041147 1
5.645875 3.954549 1
5.657291 4.098102 1
3.686920 3.654907 1
3.811975 3.609040 1
3.898018 3.736639 1
3.158106 4.022573 1
3.266143 3.958967 1
3.291701 4.098896 2
2.658534 3.302438 1
5.915690 4.628152 1
6.740088 4.479023 1
6.844259 4.575675 1
6.694670 4.607204 1
5.452739 5.522282 1
3.669930 4.054786 1
3.553286 4.052860 1
6.541129 5.048256 1
5.566566 4.755843 1
3.897923 5.397285 2
3.830001 5.262227 2
6.840518 4.024195 1
6.958953 3.898711 1
4.633508 5.739126 1
4.783075 5.736701 1
3.989231 4.708849 1
4.011201 4.580757 1
6.584668 4.109902 1
4.800302 5.598439 1
5.014447 3.851910 1
6.933664 4.371037 1
7.087327 4.451959 1
6.923322 4.490115 1
3.026370 3.348619 1
3.818583 5.480961 2
4.038846 3.000278 2
4.029822 3.147438 1
3.900661 3.036299 1
3.218712 2.513155 1
3.355587 2.533348 1
3.277953 2.669799 1
7.486845 3.218712 1
7.466652 3.355587 1
7.330201 3.277953 1
4.097756 4.656532 1
3.114750 3.650118 1
6.621573 3.804765 1
6.669802 3.646270 1
5.404654 3.643694 2
4.559124 5.076210 1
4.616161 4.974397 1
4.886099 5.298410 1
4.771914 5.224289 1
4.928779 4.868985 1
3.760977 4.141288 1
3.865321 4.286638 1
3.730860 4.287013 1
4.101400 3.641224 1
4.029352 3.743405 1
3.953509 3.619774 1
5.479351 5.804839 1
5.619124 5.899089 2
5.482297 5.971089 3
2.609238 3.517793 1
2.523007 3.648184 2
2.486100 3.502004 2
4.980274 3.545190 1
4.992145 3.435794 1
5.938301 3.649847 1
6.056940 3.532387 1
5.894660 3.516148 2
5.076163 3.588451 1
3.510444 3.945162 1
6.560232 3.675211 1
4.667202 3.462225 1
4.605954 3.329224 2
4.769167 3.354741 2
4.384297 4.111179 1
4.321894 4.212945 1
4.274329 4.054249 1
6.687865 4.905247 1
6.726094 5.043987 1
6.631585 5.002763 1
4.440813 5.201459 1
3.204232 3.703293 1
3.226218 3.840267 1
3.088363 3.763826 1
4.882155 5.653976 1
5.004355 5.621849 1
4.936058 5.781611 1
5.055205 5.730065 1
3.890006 4.160296 1
6.330822 5.175495 1
6.223165 5.123343 1
6.127608 5.195673 1
4.208792 4.172944 1
7.646689 3.834103 1
7.589310 3.951665 2
7.355974 4.133937 1
7.511289 4.077076 2
5.162831 5.003466 1
6.631879 4.698171 1
6.770990 4.672834 1
4.650256 5.168060 1
3.433949 2.407681 2
3.570265 2.320343 3
3.555036 2.463536 1
7.592319 3.433949 1
7.679657 3.570265 1
7.536464 3.555036 1
3.196591 2.947488 1
7.052512 3.196591 1
3.405697 4.008058 1
3.134465 3.448697 1
3.206612 3.570246 1
7.481462 4.203020 2
2.778845 2.835404 2
2.818202 2.930408 1
6.635351 4.809585 1
5.396432 5.675292 1
6.848817 5.063982 2
3.158952 4.149160 2
6.076811 4.962896 1
6.038838 5.092997 1
5.911179 5.023998 1
5.253133 3.592055 2
5.149763 3.675928 1
5.523358 5.669412 1
5.322007 5.177429 1
4.095340 3.866561 1
4.196617 3.755592 1
3.590630 2.684185 1
7.315815 3.590630 1
6.822093 3.892826 1
5.489552 4.544328 1
5.448073 4.418504 1
5.156132 5.318573 1
6.638291 5.119759 1
6.908397 4.961698 2
5.669859 5.435611 1
5.576156 5.295096 1
5.721006 5.298769 1
5.930738 4.904496 1
3.233610 2.820423 1
7.179577 3.233610 1
4.946111 4.241687 1
4.965833 5.912179 1
4.420889 5.943147 1
4.356926 6.065837 2
4.294610 5.933435 2
4.228453 5.249140 1
4.223283 5.113678 1
4.090350 5.075854 1
6.848816 2.968618 2
6.763456 3.051121 1
6.708418 2.887866 2
6.506563 4.665459 1
6.012780 4.101611 1
4.772575 5.352796 1
4.897430 5.420352 1
5.809717 3.636134 1
3.313319 3.773828 1
5.754136 3.997911 1
5.877999 4.044163 1
4.607901 5.981206 1
4.738197 6.044947 2
4.605456 6.088699 2
3.105634 3.030736 1
6.969264 3.105634 1
3.334796 3.669358 1
6.296707 3.204232 2
6.332080 3.337939 1
6.220135 3.313431 2
3.130578 3.901307 1
3.253668 3.446566 1
6.553434 3.253668 1
6.429959 3.207061 2
6.551127 3.130996 2
5.577623 5.550125 1
3.038144 2.689117 2
7.310883 3.038144 2
4.531424 4.616923 1
4.485788 4.489397 1
4.613379 4.491912 1
3.004563 3.449836 1
2.875806 3.413953 1
3.905096 3.170962 1
4.293717 4.469721 1
4.224833 4.577634 1
4.176639 4.432660 1
2.653286 3.746954 1
2.556775 3.810593 2
5.254696 3.469616 2
4.030450 3.517035 1
2.535318 3.365102 2
3.717463 2.749289 1
3.705432 2.642207 1
7.250711 3.717463 1
7.357793 3.705432 1
2.772818 3.517823 1
4.009738 4.968693 1
6.485501 4.018254 1
6.366496 4.075804 1
5.804010 5.401198 1
4.267220 3.534466 1
4.932013 4.647442 1
4.759320 3.939040 1
7.032129 4.300321 1
6.339557 4.936695 1
3.259622 3.307623 1
6.692377 3.259622 1
4.892799 3.621217 1
4.877970 3.460608 1
4.805853 3.550478 1
5.004020 5.485520 1
5.105770 5.420438 1
3.308843 3.184427 1
6.815573 3.308843 1
3.145880 2.740204 1
7.259796 3.145880 1
4.113810 4.543948 1
3.798507 5.780425 1
6.197004 5.609816 2
6.176824 5.767386 2
6.110510 5.681526 1
5.020781 5.135246 1
4.359907 3.812293 1
4.230332 3.864177 1
2.964751 3.791596 1
5.535244 3.911534 1
5.986840 4.235795 1
6.207385 3.602029 1
5.666567 5.153465 1
5.531351 5.169324 1
5.788845 5.072317 1
4.979389 5.225710 1
5.810320 5.634842 1
5.925596 5.599349 1
5.888014 5.768173 2
5.654665 4.222553 1
5.793844 4.270030 1
4.314122 4.746890 1
3.652773 5.830866 2
6.001570 5.691066 1
3.944857 3.279537 1
4.080956 3.284735 1
3.979446 3.402946 1
5.733994 5.716205 1
5.693315 5.570797 1
6.917846 4.123974 1
4.349597 5.130523 1
3.033436 3.865733 1
3.839779 3.241144 1
6.748885 3.832602 1
7.845436 3.518463 3
7.739520 3.436522 2
4.835374 3.996528 1
4.329508 3.709597 1
4.153842 4.086401 1
4.099603 4.201324 1
3.998106 4.081865 1
3.977496 4.237344 1
6.644121 4.409723 1
7.124539 3.959820 1
6.648148 3.030420 2
5.611839 4.572730 1
7.010106 4.599801 1
4.385042 4.553868 1
5.330670 3.718760 1
5.229077 3.752170 1
5.748894 3.857811 1
3.478721 3.539876 1
6.460124 3.478721 1
5.740473 5.837762 2
5.608884 5.769507 1
5.000618 3.700143 1
5.123907 3.795362 1
5.672415 3.443717 2
4.555039 3.463412 1
4.514215 4.754536 1
6.062716 5.543975 1
4.836123 5.901148 1
3.384558 3.882700 1
2.798532 3.650784 1
3.631456 2.815304 1
7.184696 3.631456 1
4.931655 3.792191 1
6.900465 4.703477 1
6.015033 4.338188 1
6.133647 4.350860 1
6.042073 4.442723 1
5.126162 5.097726 1
4.504116 4.885536 1
3.485706 2.552667 1
7.447333 3.485706 1
7.110127 4.224920 1
5.353764 4.366374 1
5.331782 4.453492 1
5.237947 4.414595 1
6.103865 3.968939 1
4.106912 3.411744 1
3.601517 3.546279 1
6.455020 3.605576 1
4.186042 5.012258 1
5.261233 5.065129 1
5.372214 4.965160 1
5.429159 5.090853 1
5.769532 3.529817 1
3.827495 2.795848 1
7.204153 3.827495 1
6.091345 5.299238 1
3.295975 2.916973 1
7.083027 3.295975 1
6.177589 3.490413 1
2.571431 3.205691 3
4.701678 5.877624 1
5.292158 4.288077 1
5.770917 4.139910 1
5.545734 5.434110 1
5.721786 4.621486 1
5.838165 4.542286 1
4.593714 5.602470 1
3.837439 2.919240 1
3.739827 2.848954 1
7.080760 3.837439 1
7.151046 3.739827 1
3.784562 3.477700 1
3.659046 2.917655 1
7.082345 3.659046 1
3.803937 5.090874 2
3.947360 5.059838 1
3.918432 5.171042 1
5.375283 5.875870 1
5.307677 5.989727 2
6.248830 4.009155 1
5.038819 5.830047 1
2.677222 3.628210 1
4.982566 4.748600 1
6.330319 3.680072 1
3.565874 3.649191 1
3.447007 3.652848 1
6.346057 3.572299 1
6.348061 3.445958 1
4.449084 4.999966 1
4.910671 4.378747 1
6.177315 4.920896 1
6.246135 5.013011 1
3.152739 2.636584 1
7.363416 3.152739 1
5.466787 5.362625 1
5.353297 4.189147 1
5.444251 4.126675 1
5.430542 4.274333 1
5.549659 4.177384 1
4.518124 4.381610 1
4.498084 6.058089 2
3.519101 3.834054 1
6.634635 4.507141 1
5.622384 5.656478 1
4.426431 4.309072 1
4.467340 4.192899 1
4.499074 3.366894 1
5.267864 5.847190 1
5.149359 5.806612 1
4.292946 3.352727 1
4.196562 3.299059 1
4.326914 3.215930 2
7.136845 4.570757 2
4.328856 4.652014 1
4.216404 4.703088 1
5.729296 3.741757 1
5.351101 5.778658 1
5.193571 5.926731 1
5.461146 4.733736 1
4.421032 4.682944 1
3.180450 3.215299 1
3.155227 3.341714 1
6.784701 3.180450 1
6.655578 3.156748 1
4.836103 4.272596 1
3.204031 3.102371 1
6.897636 3.204002 1
3.959849 2.875437 2
7.787888 3.623500 1
4.185935 3.189254 1
6.049241 5.823913 2
6.441395 4.412462 1
3.226219 2.342403 2
3.319385 2.425381 1
7.657597 3.226219 2
7.574619 3.319385 1
6.839843 4.438451 1
6.122160 4.639272 1
5.557873 5.064461 1
5.843804 3.761670 1
3.102443 2.417721 2
7.582279 3.102443 2
3.622774 3.758597 1
4.350440 5.843766 1
4.310056 3.929770 1
7.238105 4.475309 2
2.667090 3.420545 1
7.009689 4.730780 2
4.522327 3.976162 1
4.433736 3.897782 1
4.591756 3.867225 1
4.274296 5.361598 1
4.867213 4.558381 1
3.905245 3.963724 1
3.856679 4.061239 1
6.130311 4.813898 1
7.112457 4.685982 2
6.125888 3.393376 1
6.066569 3.266784 2
6.530414 5.177039 1
6.432092 5.129369 1
3.698494 4.373678 1
3.672231 4.470662 2
3.808077 4.401528 1
3.818960 4.513000 1
4.232365 3.643092 1
3.875270 4.965647 2
3.892028 3.497513 1
4.314944 5.007007 1
2.765425 3.758421 1
2.754933 3.122748 1
5.373848 4.542871 1
6.557072 4.237191 1
6.475811 4.160089 1
4.818504 4.870011 1
4.203794 5.453638 1
4.104136 5.545857 1
3.938292 2.741144 2
4.129733 3.082790 2
2.676207 3.190542 1
5.791789 5.519647 1
4.620383 4.846562 1
4.013083 3.953603 1
5.889726 4.184255 1
5.911627 5.479372 1
6.013796 3.411810 2
4.650166 5.279795 1
4.633486 4.354214 1
7.706547 3.940217 2
4.189739 3.956672 1
4.158294 3.530331 1
4.212558 5.854231 1
4.248597 5.748077 1
4.038553 5.658641 1
4.464545 5.116072 1
6.999979 3.608918 1
3.609040 2.999769 1
4.042265 4.458383 1
3.921630 4.489553 1
3.952791 4.375410 1
4.491944 4.086090 1
4.394097 4.005012 1
4.097208 3.997294 1
3.050842 3.962158 1
3.026547 4.078624 2
5.089581 5.223879 1
5.208089 5.193843 1
4.517680 5.427602 1
4.508618 3.793003 1
5.923215 5.140003 1
5.802876 5.196856 1
5.904289 4.310095 1
4.598559 5.847157 1
4.526024 5.917530 1
4.460289 5.534797 1
4.314150 5.465457 1
4.337113 5.571017 1
4.396381 3.339750 1
4.021440 5.155866 1
5.175752 4.646007 1
7.348937 4.244239 2
5.560513 4.315344 1
6.010065 5.411418 1
4.008707 5.781964 1
2.998208 3.041924 1
3.083927 3.128006 1
6.962265 2.992604 1
6.872154 3.083266 1
5.018191 5.345380 1
6.568055 4.580277 1
5.627614 4.668246 1
4.844534 4.120267 1
4.067450 4.328677 1
6.036800 4.862010 1
4.746282 4.023415 1
4.615785 4.052131 1
4.648560 3.952608 1
4.888825 6.027974 2
6.542387 4.470530 1
4.770158 3.460246 1
4.695701 4.120321 1
4.473174 3.256110 2
5.821927 5.301469 1
4.751874 4.209885 1
4.546166 5.191502 1
3.714086 3.543481 1
6.143450 5.044470 1
4.296638 4.351752 1
2.675906 3.858227 2
5.298054 4.647369 1
3.834062 4.861106 2
4.169448 5.653909 1
3.070481 2.557373 2
7.442627 3.070481 2
4.189581 4.291617 1
6.075419 4.729247 1
4.747875 4.543130 1
4.256149 3.096748 2
6.903252 4.256149 1
5.359335 4.752727 1
4.439803 3.695257 1
5.231665 3.874136 1
5.332923 3.944551 1
5.120804 3.930712 1
6.354817 4.210866 1
6.080802 4.545942 1
3.351694 3.548263 1
6.451737 3.351694 1
5.440802 3.996083 1
5.425378 3.879509 1
5.329196 3.825469 1
4.838349 4.462823 1
3.965398 3.853828 1
4.223198 3.429797 1
5.633647 3.820791 1
5.519513 3.798273 1
2.872922 3.056670 1
4.894711 5.543684 1
6.527680 4.768586 1
6.336903 5.061018 1
4.085330 5.881739 1
4.059628 6.004992 2
4.123805 5.761951 1
6.453289 4.285913 1
6.268794 3.508210 1
5.795193 3.431835 2
4.555874 4.268365 1
5.263251 4.540002 1
3.416794 3.773523 1
4.723359 4.428094 1
5.987270 5.305165 1
5.907853 5.249306 1
5.906826 5.361221 1
4.396034 4.419438 1
6.949171 2.859374 2
4.810153 4.375240 1
3.516917 3.732760 1
4.228028 5.563161 1
5.962838 4.537652 1
6.240714 3.415223 1
6.345994 4.337882 1
4.168519 5.965186 2
5.419442 3.758591 1
4.629376 3.767317 1
6.011571 4.641583 1
7.672304 3.346754 2
4.562174 3.680274 1
4.284595 5.652598 1
4.655750 4.229373 1
4.732930 4.312341 1
4.589895 4.154187 1
3.346754 2.327696 2
5.927338 4.431966 1
6.015219 5.208495 1
6.546760 4.352573 1
2.883663 3.715283 1
4.608068 3.572247 1
4.670556 3.665241 1
7.907538 3.607256 2
5.413896 4.651574 1
4.779534 3.649229 1
5.527368 4.655096 1
4.710295 3.562259 1
 0 1 2
 3 4 5
 6 1 0
 7 8 9
 10 9 8
 11 12 13
 14 15 16
 17 18 19
 20 21 22
 23 24 25
 26 27 28
 29 22 21
 30 31 32
 33 34 35
 36 37 38
 39 38 37
 40 41 42
 43 44 45
 46 47 48
 49 48 47
 1 50 51
 52 53 54
 55 56 57
 58 59 60
 61 60 59
 62 63 64
 65 63 62
 66 67 68
 69 68 67
 70 71 72
 73 74 75
 76 77 78
 79 80 81
 72 71 82
 57 56 83
 84 85 86
 26 87 27
 6 50 1
 88 89 90
 91 92 93
 94 95 96
 97 96 95
 98 30 32
 99 33 35
 100 93 101
 102 103 104
 105 106 107
 108 103 102
 109 110 111
 112 113 114
 43 115 44
 109 116 110
 112 117 113
 91 93 118
 119 120 38
 121 122 123
 124 125 126
 19 18 127
 128 129 130
 131 132 133
 77 134 78
 80 135 81
 136 137 138
 139 140 141
 142 143 144
 38 120 145
 105 146 106
 147 148 149
 150 149 148
 123 122 151
 152 150 153
 52 54 140
 108 154 103
 121 123 155
 156 157 158
 159 158 157
 160 161 162
 49 163 48
 164 151 122
 165 166 167
 168 167 166
 169 170 171
 172 171 170
 173 174 175
 176 177 178
 179 25 24
 180 140 139
 181 182 183
 182 173 175
 184 185 159
 186 187 188
 123 189 155
 181 173 182
 190 54 53
 46 48 191
 153 150 192
 193 194 195
 196 197 198
 197 199 198
 200 201 202
 11 17 12
 14 203 15
 204 205 206
 207 116 208
 209 117 210
 136 211 137
 212 206 205
 7 213 8
 129 214 215
 216 217 218
 219 220 5
 171 210 117
 166 208 116
 221 138 137
 222 223 224
 225 218 217
 226 227 228
 161 229 162
 11 13 230
 14 16 231
 219 232 220
 233 176 178
 234 235 236
 237 238 239
 207 208 12
 209 210 15
 240 187 241
 242 189 243
 244 245 246
 247 248 249
 250 249 248
 235 251 236
 77 252 134
 165 134 252
 80 253 135
 172 135 253
 254 255 256
 257 258 146
 259 146 258
 260 261 262
 100 101 263
 237 239 264
 265 266 267
 268 140 54
 269 270 105
 202 201 271
 48 163 272
 62 273 274
 226 275 276
 277 45 278
 142 279 143
 84 280 279
 281 224 223
 45 282 278
 283 152 218
 284 285 286
 287 93 92
 184 159 288
 289 290 291
 292 293 294
 76 294 293
 295 296 297
 79 297 296
 298 279 280
 97 95 299
 203 300 301
 66 302 67
 7 303 304
 277 197 196
 305 306 9
 7 9 306
 10 8 307
 308 309 310
 311 312 313
 314 315 316
 153 218 152
 317 318 319
 320 321 211
 36 322 323
 324 323 322
 320 211 325
 270 326 105
 301 300 327
 328 329 330
 331 332 333
 334 335 336
 133 335 334
 337 195 194
 338 339 340
 341 342 343
 344 343 342
 308 345 309
 346 129 347
 348 347 129
 332 349 333
 131 133 334
 350 351 155
 352 122 353
 10 6 354
 131 355 356
 7 357 303
 358 359 360
 240 360 359
 361 362 363
 242 363 362
 244 246 148
 98 364 30
 99 365 33
 327 300 162
 58 262 366
 7 304 213
 95 367 368
 369 352 353
 46 191 238
 61 59 310
 308 310 59
 346 214 129
 370 32 371
 31 371 32
 165 208 166
 172 210 171
 131 372 355
 267 356 355
 268 373 140
 141 140 373
 155 351 121
 95 368 299
 219 374 232
 240 241 360
 242 243 363
 260 262 375
 376 377 378
 211 379 325
 380 325 379
 268 381 373
 190 53 382
 383 312 384
 76 385 77
 79 386 80
 275 387 276
 164 235 227
 204 388 389
 52 390 53
 219 4 391
 133 392 374
 393 394 395
 376 378 396
 397 364 98
 398 365 99
 399 246 245
 88 90 400
 401 402 403
 404 65 405
 406 405 65
 407 408 409
 410 233 183
 181 183 233
 247 249 411
 44 412 413
 324 322 414
 338 415 339
 416 120 417
 418 419 420
 421 30 364
 422 33 365
 397 294 78
 398 297 81
 338 423 415
 424 425 426
 222 275 223
 207 110 116
 209 113 117
 339 427 340
 133 374 335
 428 368 367
 429 430 431
 268 432 381
 433 98 32
 434 99 35
 219 391 335
 435 436 437
 287 438 439
 290 440 291
 441 442 443
 311 384 312
 444 445 318
 136 446 211
 287 439 93
 311 313 447
 317 319 448
 397 78 134
 398 81 135
 449 450 186
 451 452 123
 94 96 453
 10 50 6
 142 144 454
 160 455 161
 456 161 455
 393 395 457
 458 82 71
 26 28 459
 216 218 460
 284 461 285
 200 202 462
 181 233 178
 242 362 125
 428 463 111
 429 464 114
 465 466 320
 467 466 465
 468 469 180
 168 166 470
 169 171 471
 397 472 294
 398 473 297
 442 474 443
 475 42 41
 159 157 288
 476 477 478
 160 162 300
 10 479 9
 384 480 481
 184 273 64
 62 64 273
 109 470 116
 112 471 117
 179 482 25
 254 483 255
 249 484 411
 36 323 485
 486 394 487
 190 487 394
 486 47 488
 46 488 47
 305 9 489
 338 299 368
 490 491 492
 139 344 342
 493 494 205
 56 495 83
 52 140 180
 156 158 496
 475 496 158
 497 492 491
 498 499 500
 490 501 502
 226 228 503
 404 405 504
 505 25 482
 305 413 412
 13 12 208
 16 15 210
 11 506 17
 404 504 194
 14 507 203
 508 362 509
 361 509 362
 153 510 218
 511 480 384
 131 334 372
 512 513 514
 515 514 513
 468 180 342
 150 148 246
 94 438 95
 29 21 516
 226 517 227
 518 409 408
 204 519 388
 520 286 285
 416 256 255
 435 521 436
 522 523 379
 416 524 120
 525 111 110
 526 114 113
 527 315 528
 46 396 378
 94 453 439
 283 529 530
 260 427 261
 69 67 531
 328 532 329
 124 350 125
 242 125 350
 435 108 533
 265 516 21
 128 130 534
 476 534 130
 535 343 400
 536 261 339
 537 453 96
 180 139 342
 449 538 385
 451 539 386
 283 218 540
 520 541 266
 131 541 132
 542 543 544
 449 385 450
 451 386 452
 10 354 545
 546 83 533
 241 385 547
 243 386 548
 234 549 235
 546 57 83
 406 454 144
 550 551 552
 39 553 38
 119 38 553
 554 500 499
 498 290 499
 211 321 137
 525 110 555
 127 555 110
 526 113 556
 327 556 113
 406 144 557
 237 396 238
 558 559 560
 324 414 561
 449 186 562
 451 123 563
 380 379 523
 128 564 129
 397 134 565
 398 135 566
 323 567 485
 339 261 427
 73 75 371
 568 263 448
 46 378 488
 535 569 278
 435 154 108
 164 352 235
 52 180 469
 109 111 463
 112 114 464
 475 158 185
 166 116 470
 171 117 471
 570 550 552
 186 450 187
 123 452 189
 190 382 560
 56 144 143
 56 55 144
 493 571 494
 393 572 394
 239 573 574
 70 72 532
 277 196 575
 338 368 423
 424 430 425
 341 278 282
 576 230 577
 578 231 579
 127 18 580
 581 577 230
 582 579 231
 583 584 585
 583 585 274
 314 316 586
 587 586 316
 39 161 588
 343 589 400
 317 590 318
 444 318 590
 536 339 415
 206 574 573
 104 459 591
 327 162 556
 592 556 162
 522 379 302
 535 419 569
 150 246 192
 219 5 4
 497 534 478
 164 227 517
 505 340 427
 525 593 594
 526 595 596
 546 304 597
 303 597 304
 525 555 593
 526 556 595
 370 371 75
 380 530 529
 190 560 487
 159 185 158
 76 78 294
 79 81 297
 399 245 598
 527 528 501
 348 129 564
 36 38 145
 599 177 462
 600 599 462
 292 294 601
 295 297 602
 268 54 603
 277 278 569
 604 605 606
 592 37 485
 605 607 606
 436 608 437
 401 609 402
 39 588 553
 105 326 610
 104 591 307
 456 588 161
 265 267 611
 109 463 470
 112 464 471
 612 502 501
 613 332 614
 331 614 332
 329 532 615
 418 569 419
 76 547 385
 79 548 386
 141 616 617
 46 238 396
 618 619 620
 520 285 621
 622 623 442
 10 307 50
 393 432 572
 221 466 330
 121 353 122
 69 414 624
 314 625 373
 592 485 595
 441 521 442
 622 442 521
 88 626 89
 622 495 623
 627 272 163
 435 628 521
 247 553 588
 629 630 92
 631 632 408
 399 598 633
 26 245 87
 226 503 275
 20 275 503
 421 364 634
 422 365 635
 20 223 275
 576 636 291
 289 291 636
 578 517 276
 226 276 517
 508 637 362
 638 499 290
 497 639 492
 576 562 636
 578 563 517
 222 387 275
 638 620 619
 204 206 519
 182 640 183
 292 641 642
 295 643 644
 265 645 266
 358 547 293
 361 548 296
 497 491 534
 49 560 559
 104 103 459
 121 351 353
 587 616 586
 181 178 173
 646 173 178
 476 478 534
 486 647 47
 101 439 453
 535 278 343
 341 343 278
 477 639 478
 190 394 603
 294 472 601
 297 473 602
 648 414 322
 126 125 637
 292 649 641
 295 650 643
 257 146 651
 199 197 652
 105 651 146
 653 481 480
 490 492 501
 247 411 553
 119 553 411
 308 59 269
 654 285 236
 234 236 285
 542 249 543
 174 544 543
 268 603 572
 165 167 134
 172 170 135
 225 540 218
 317 448 655
 132 541 656
 515 345 514
 657 658 659
 401 652 197
 527 501 492
 292 642 293
 295 644 296
 193 660 194
 536 610 326
 242 350 155
 133 132 392
 26 459 661
 283 540 529
 49 647 560
 662 514 663
 177 664 178
 520 621 665
 406 584 454
 587 626 616
 244 148 570
 666 667 426
 668 214 669
 61 670 671
 672 673 671
 648 145 120
 511 674 71
 583 675 584
 83 495 628
 493 607 256
 498 500 18
 676 18 500
 336 271 201
 677 597 504
 36 145 322
 537 678 590
 73 679 74
 388 680 389
 142 85 279
 259 313 312
 281 681 682
 62 274 585
 235 549 227
 546 597 57
 254 256 607
 307 8 683
 684 685 64
 517 563 151
 636 562 686
 69 624 68
 289 687 290
 638 290 687
 212 205 494
 74 679 688
 281 22 681
 234 285 461
 393 502 432
 490 502 689
 486 487 647
 536 326 366
 346 669 214
 546 533 690
 267 266 356
 184 64 685
 662 691 514
 692 417 411
 693 491 689
 490 689 491
 324 694 323
 695 115 195
 696 437 608
 124 697 350
 558 560 382
 241 547 360
 243 548 363
 104 307 683
 653 333 698
 497 478 639
 311 447 699
 554 699 447
 240 188 187
 242 155 189
 69 531 561
 444 590 678
 486 395 394
 212 574 206
 587 89 626
 700 701 652
 184 702 185
 141 625 616
 358 360 547
 361 363 548
 259 106 146
 597 703 504
 244 570 552
 16 704 231
 13 705 230
 706 707 708
 14 276 387
 581 230 705
 582 231 704
 184 288 273
 105 610 651
 693 534 491
 287 92 630
 518 408 632
 498 440 290
 456 455 682
 281 682 455
 657 709 710
 458 71 674
 512 514 711
 308 269 107
 25 712 713
 119 411 417
 39 229 161
 475 41 496
 714 715 390
 195 115 716
 662 107 106
 717 659 658
 206 573 519
 147 604 148
 718 719 488
 44 115 412
 692 484 720
 520 266 286
 168 634 364
 169 635 365
 53 390 715
 108 690 533
 277 575 45
 260 375 713
 418 721 569
 314 586 625
 576 291 230
 11 230 291
 14 231 276
 578 276 231
 668 3 214
 77 385 538
 80 386 539
 672 671 670
 418 609 722
 401 722 609
 718 378 377
 193 723 724
 725 724 723
 433 472 98
 434 473 99
 618 620 726
 406 727 584
 51 728 1
 239 574 264
 671 673 86
 654 236 251
 314 373 381
 397 98 472
 398 99 473
 235 729 251
 380 529 325
 320 325 529
 606 730 389
 142 454 675
 584 675 454
 692 720 494
 693 731 534
 128 534 731
 511 384 674
 305 412 306
 695 306 412
 676 258 580
 732 185 702
 91 733 734
 407 735 736
 714 390 737
 267 355 738
 672 310 309
 739 519 573
 399 633 740
 298 143 279
 551 389 680
 164 122 352
 706 741 443
 592 162 229
 376 396 742
 743 744 745
 90 746 400
 747 183 640
 622 628 495
 421 734 733
 422 736 735
 692 571 417
 83 628 533
 664 599 742
 328 330 748
 743 749 744
 237 742 396
 219 335 374
 204 389 730
 742 599 376
 459 28 591
 51 591 28
 654 621 285
 750 329 615
 241 450 385
 243 452 386
 751 457 395
 225 529 540
 750 726 620
 752 740 633
 119 417 120
 314 528 315
 475 185 42
 535 746 419
 277 721 197
 84 86 673
 653 710 333
 266 645 286
 262 261 366
 672 708 707
 303 357 753
 320 529 465
 225 465 529
 141 373 625
 184 685 702
 190 603 54
 258 754 580
 629 470 463
 631 471 464
 416 417 571
 177 599 664
 418 722 721
 348 377 755
 613 756 332
 444 678 757
 247 588 248
 456 248 588
 358 293 642
 361 296 644
 58 270 59
 692 494 571
 394 572 603
 758 1 728
 401 197 722
 76 293 547
 79 296 548
 142 759 85
 196 723 575
 760 702 685
 433 761 601
 434 762 602
 743 740 749
 752 749 740
 520 656 541
 763 443 741
 326 270 366
 58 366 270
 213 683 8
 428 630 463
 429 632 464
 348 755 347
 244 87 245
 732 42 185
 131 356 541
 676 500 447
 554 447 500
 266 541 356
 664 764 178
 435 437 154
 765 154 437
 638 766 620
 284 21 767
 20 767 21
 88 400 589
 43 575 723
 350 697 351
 758 768 1
 2 1 768
 101 453 655
 317 655 453
 684 64 63
 241 187 450
 243 189 452
 700 652 403
 160 300 224
 222 224 300
 717 480 769
 100 118 93
 558 0 559
 520 665 656
 770 771 149
 692 411 484
 200 462 176
 207 19 110
 127 110 19
 209 301 113
 327 113 301
 666 323 694
 672 309 708
 718 488 378
 672 670 310
 706 708 741
 101 93 439
 739 191 272
 311 674 384
 770 149 772
 150 772 149
 666 567 323
 456 682 773
 606 607 730
 676 447 313
 26 598 245
 174 173 774
 428 111 775
 429 114 776
 48 272 191
 646 178 764
 239 238 191
 254 777 483
 778 483 777
 51 28 728
 362 637 125
 331 710 709
 62 727 65
 404 63 65
 493 730 607
 770 779 771
 493 205 730
 287 367 438
 141 617 139
 657 710 658
 287 630 367
 518 632 431
 308 107 663
 714 479 545
 94 439 438
 267 738 611
 26 780 598
 221 137 321
 536 366 261
 259 781 106
 714 545 715
 105 107 269
 554 499 619
 458 699 782
 486 488 719
 337 753 195
 695 195 753
 668 391 4
 783 784 68
 66 68 784
 757 678 24
 554 619 782
 10 545 479
 560 647 487
 250 543 249
 428 775 368
 429 776 430
 383 781 312
 204 730 205
 91 118 785
 44 413 786
 568 688 263
 84 673 707
 514 345 663
 763 332 756
 84 279 85
 36 485 37
 737 390 469
 410 787 233
 200 233 787
 600 788 347
 250 248 773
 627 163 768
 2 768 163
 648 624 414
 515 309 345
 732 789 40
 790 40 789
 512 333 349
 558 715 545
 383 384 481
 760 791 702
 421 634 734
 422 635 736
 648 322 145
 49 47 647
 39 37 229
 305 489 737
 493 256 571
 228 227 549
 792 773 682
 793 595 485
 268 572 432
 399 192 246
 456 773 248
 531 794 561
 11 291 440
 62 585 727
 613 614 795
 20 22 223
 515 708 309
 706 280 707
 61 310 670
 441 443 756
 763 756 443
 458 674 699
 311 699 674
 346 347 788
 758 728 796
 537 590 453
 416 571 256
 765 103 154
 127 754 555
 257 555 754
 676 313 258
 237 764 742
 515 741 708
 542 484 249
 648 524 624
 399 740 192
 677 405 557
 88 617 626
 616 626 617
 292 761 649
 295 762 650
 536 797 610
 31 785 371
 73 371 785
 458 782 82
 228 461 767
 284 767 461
 696 798 437
 765 437 798
 592 229 37
 148 604 570
 799 564 731
 128 731 564
 324 561 794
 43 45 575
 59 270 269
 260 713 712
 512 698 333
 693 689 457
 298 623 143
 84 707 280
 695 357 306
 7 306 357
 718 800 719
 664 742 764
 783 624 524
 44 282 45
 281 455 224
 49 559 163
 2 163 559
 284 645 21
 706 443 474
 535 400 746
 468 413 737
 305 737 413
 662 781 691
 770 772 530
 283 530 772
 732 702 791
 668 669 271
 153 192 740
 515 513 741
 763 741 513
 383 691 781
 26 661 780
 613 795 608
 199 652 701
 629 92 734
 631 408 736
 410 738 355
 383 698 711
 693 457 801
 505 712 25
 336 335 391
 259 312 781
 441 802 521
 646 774 173
 612 501 528
 91 785 733
 407 803 735
 714 737 489
 265 21 645
 778 784 483
 783 483 784
 612 381 432
 804 633 598
 257 651 593
 805 593 651
 616 625 586
 211 446 379
 805 651 610
 404 660 63
 684 63 660
 17 506 18
 498 18 506
 763 349 332
 418 420 609
 677 504 405
 330 466 748
 31 733 785
 34 735 803
 257 754 258
 558 545 354
 259 258 313
 684 806 685
 150 152 772
 200 176 233
 423 594 797
 317 453 590
 468 342 786
 341 786 342
 337 194 504
 436 521 802
 677 55 57
 648 120 524
 760 685 806
 677 557 55
 638 687 766
 228 767 503
 20 503 767
 459 103 661
 147 149 771
 657 659 745
 69 561 414
 277 569 721
 196 198 723
 785 118 679
 27 796 728
 2 559 0
 383 711 691
 410 183 738
 747 738 183
 214 3 215
 298 474 442
 807 264 574
 344 589 343
 425 596 808
 511 769 480
 337 703 753
 303 753 703
 717 658 480
 376 599 755
 468 737 469
 584 727 585
 250 773 809
 72 615 532
 298 442 623
 783 524 255
 221 321 466
 100 263 688
 700 403 810
 668 4 3
 444 757 445
 314 381 528
 164 517 151
 725 723 198
 700 791 701
 66 811 302
 383 481 698
 160 224 455
 600 755 599
 792 682 681
 695 412 115
 783 255 483
 203 507 300
 222 300 507
 416 255 524
 43 716 115
 406 557 405
 568 74 688
 73 785 679
 717 812 659
 433 601 472
 434 602 473
 207 12 19
 17 19 12
 209 15 301
 203 301 15
 613 608 802
 436 802 608
 308 663 345
 237 264 813
 56 143 623
 147 771 777
 202 271 669
 743 510 740
 153 740 510
 792 640 809
 182 809 640
 714 489 479
 514 691 711
 361 814 509
 717 815 812
 606 570 604
 27 728 28
 622 521 628
 168 364 565
 169 365 566
 29 681 22
 666 694 667
 193 195 716
 805 594 593
 793 596 595
 51 50 591
 307 591 50
 100 688 679
 790 789 810
 700 810 789
 805 797 594
 542 720 484
 239 191 573
 199 816 198
 760 701 791
 554 782 699
 56 623 495
 783 68 624
 629 634 470
 631 635 471
 638 619 499
 257 593 555
 592 595 556
 696 817 818
 168 565 167
 169 566 170
 662 106 781
 406 65 727
 618 782 619
 696 795 817
 805 610 797
 819 795 614
 303 703 597
 641 820 642
 643 814 644
 793 485 567
 27 552 796
 612 432 502
 53 715 382
 558 382 715
 792 809 773
 174 774 544
 423 797 415
 613 802 756
 254 607 605
 448 263 655
 101 655 263
 700 789 791
 423 775 594
 425 776 596
 66 784 811
 629 734 634
 631 736 635
 612 528 381
 763 513 349
 793 808 596
 144 55 557
 807 574 821
 606 389 550
 551 550 389
 174 543 175
 292 601 761
 295 602 762
 331 333 710
 525 775 111
 526 776 114
 423 368 775
 425 430 776
 718 377 822
 348 822 377
 29 516 823
 29 823 681
 537 824 678
 179 678 824
 819 614 709
 425 808 426
 193 716 723
 43 723 716
 467 748 466
 695 753 357
 677 57 597
 629 463 630
 631 464 632
 684 724 806
 725 806 724
 281 223 22
 739 573 191
 807 821 544
 512 349 513
 168 470 634
 169 471 635
 732 40 42
 91 734 92
 407 736 408
 393 457 689
 393 689 502
 512 711 698
 320 466 321
 653 658 710
 177 176 462
 653 698 481
 27 87 552
 743 745 460
 216 460 745
 52 469 390
 676 580 18
 668 271 391
 372 201 787
 200 787 201
 70 825 815
 826 815 825
 576 577 562
 578 579 563
 804 598 780
 525 594 775
 526 596 776
 672 707 673
 751 800 801
 799 801 800
 435 533 628
 212 821 574
 328 825 532
 732 791 789
 265 611 516
 747 516 611
 600 462 788
 508 827 637
 126 637 827
 696 608 795
 404 194 660
 618 82 782
 100 679 118
 606 550 570
 498 506 440
 486 719 395
 751 395 719
 751 801 457
 193 724 660
 684 660 724
 212 494 720
 284 286 645
 147 777 605
 254 605 777
 551 796 552
 199 701 816
 331 709 614
 213 304 690
 546 690 304
 9 479 489
 147 605 604
 770 530 523
 380 523 530
 804 798 818
 696 818 798
 376 755 377
 428 367 630
 429 431 632
 216 745 659
 751 719 800
 70 815 769
 542 544 821
 441 756 802
 23 757 24
 770 523 779
 522 779 523
 662 663 107
 765 661 103
 717 769 815
 725 198 816
 758 680 828
 522 302 811
 142 675 759
 778 771 779
 799 800 822
 718 822 800
 341 282 786
 44 786 282
 657 745 744
 95 438 367
 468 786 413
 618 726 82
 72 82 726
 344 139 617
 202 788 462
 336 201 334
 372 334 201
 14 387 507
 819 709 744
 244 552 87
 70 769 71
 228 549 461
 234 461 549
 467 465 829
 225 829 465
 693 801 731
 799 731 801
 401 403 652
 739 830 519
 388 519 830
 202 669 788
 346 788 669
 778 777 771
 799 822 564
 348 564 822
 449 562 577
 451 563 579
 752 817 749
 819 749 817
 283 772 152
 747 823 516
 747 640 823
 792 681 823
 792 823 640
 706 474 280
 298 280 474
 328 831 825
 127 580 754
 186 686 562
 123 151 563
 758 796 680
 337 504 703
 819 744 749
 666 426 808
 358 642 820
 361 644 814
 388 828 680
 467 831 748
 328 748 831
 70 532 825
 213 102 683
 104 683 102
 397 565 364
 398 566 365
 653 480 658
 627 768 828
 758 828 768
 536 415 797
 88 589 617
 344 617 589
 511 71 769
 826 812 815
 97 340 482
 505 482 340
 807 544 774
 804 818 633
 752 633 818
 657 744 709
 216 659 812
 11 440 506
 165 705 208
 13 208 705
 16 210 704
 172 704 210
 627 828 830
 388 830 828
 197 721 722
 179 24 678
 134 167 565
 135 170 566
 97 824 96
 537 96 824
 212 720 821
 666 808 567
 250 175 543
 600 347 755
 179 824 482
 807 774 813
 646 813 774
 410 355 787
 372 787 355
 421 733 30
 31 30 733
 34 33 735
 422 735 33
 760 816 701
 250 809 175
 182 175 809
 778 811 784
 581 252 538
 582 253 539
 558 354 0
 793 567 808
 804 780 798
 765 798 780
 97 299 340
 826 831 829
 551 680 796
 765 780 661
 743 460 510
 218 510 460
 338 340 299
 819 817 795
 750 615 726
 72 726 615
 542 821 720
 752 818 817
 646 764 813
 237 813 764
 739 272 830
 222 507 387
 826 217 812
 336 391 271
 627 830 272
 467 829 831
 235 352 729
 369 729 352
 760 806 816
 6 0 354
 747 611 738
 77 538 252
 80 539 253
 807 813 264
 725 816 806
 826 829 217
 778 779 811
 522 811 779
 826 825 831
 581 705 252
 582 704 253
 216 812 217
 97 482 824
 108 102 690
 213 690 102
 260 712 427
 505 427 712
 225 217 829
 581 538 577
 582 539 579
 165 252 705
 172 253 704
 449 577 538
 451 579 539
 14
 587 790 90 316 89 419 609 40 41 403 402 746 810 420
 0
 0
 31
 508 527 124 369 476 654 232 126 477 5 316 129 132 251 315 353 220 665 351 492 639 374 621 130 215 827 3 656 697 392 729
 12
 358 433 568 370 359 641 32 74 75 649 761 820
 27
 61 583 156 58 568 262 23 448 60 318 274 671 496 157 319 86 25 273 713 375 757 41 85 445 675 759 288
 0
 42
 34 240 136 508 424 221 750 324 289 434 407 518 138 186 359 643 531 330 329 409 35 67 620 379 803 509 636 794 650 430 687 426 667 766 694 446 762 814 302 188 431 686
 0
