818 1516
4.197526 1.870366 1
4.205878 1.765920 1
4.353964 1.802044 1
6.701519 1.785672 1
6.879232 1.891371 1
6.723532 1.909799 1
6.805418 1.728012 2
6.567963 2.290683 1
6.680757 2.396833 1
6.582386 2.496284 1
6.484631 2.419052 1
4.266956 1.957000 1
5.021739 1.179394 1
4.893626 1.277357 1
4.907285 1.106014 1
4.807293 1.166631 1
4.508610 1.716591 1
4.403931 1.670555 1
4.564542 1.598689 1
6.442039 2.093051 1
6.397256 1.985062 1
6.536678 1.996341 1
7.164596 2.778845 1
7.262382 2.722581 1
7.201928 2.902174 2
4.428215 1.553005 1
5.530592 1.588824 1
5.418162 1.689044 1
5.438151 1.531744 1
5.320665 1.604995 1
7.342909 2.799273 1
6.542043 2.143331 1
5.075511 3.255838 2
4.968703 3.179825 1
5.122739 3.104407 1
5.530718 0.481856 1
5.695170 0.474101 1
5.646289 0.628994 1
4.814559 2.925099 1
4.701535 3.049531 1
4.676769 2.899004 1
6.048975 2.539656 1
6.016453 2.402017 1
6.128496 2.422999 1
7.498225 2.583424 1
7.622765 2.702036 1
7.500171 2.698773 1
5.069196 0.635702 1
4.961960 0.559769 1
5.133544 0.478251 1
6.692447 1.608083 1
5.697073 2.217800 1
5.866033 2.207757 1
5.789660 2.318496 1
5.163724 1.126447 1
5.045081 1.009605 1
4.309810 1.458320 1
4.284656 1.344871 1
4.423867 1.436994 1
3.850509 0.260440 1
3.979503 0.179251 1
4.005759 0.298898 1
4.845317 3.097768 1
5.007074 3.044911 1
5.292080 1.380322 1
5.350010 1.474343 1
5.214271 1.518538 1
5.131914 0.869455 1
4.979466 0.893651 1
5.051641 0.767929 1
5.167317 1.389628 1
7.219480 2.344383 1
7.363740 2.410020 1
7.257778 2.463959 1
6.184692 2.536127 1
5.707364 1.638875 1
5.555358 1.705302 1
5.626503 1.565697 1
6.505392 2.912363 1
6.463891 3.083112 1
6.394594 2.906682 1
6.322877 2.991369 1
7.312423 2.260671 1
4.264837 0.506349 1
4.212965 0.369220 1
4.362883 0.430394 1
4.346334 0.298179 1
4.131754 0.207418 1
5.644777 1.756792 1
6.008340 2.139752 1
6.117687 2.149634 1
6.089433 2.274208 1
6.831847 1.586057 2
6.361014 1.300424 1
6.245265 1.175609 1
6.418029 1.163651 1
6.311475 1.063067 1
5.981593 2.283386 1
5.380229 0.370990 1
5.504284 0.305714 1
4.436863 1.321819 1
5.343924 2.289512 1
5.340167 2.452921 1
5.228862 2.401259 1
6.534350 1.620327 1
6.507941 1.506101 1
6.676695 1.483973 2
4.995296 0.236381 1
5.156919 0.196422 1
5.078186 0.341365 1
5.224209 0.344523 1
5.832567 1.649027 1
5.784334 1.788280 1
4.296433 1.636482 1
3.828493 1.142571 1
3.683397 1.093184 2
3.767156 0.999493 1
4.504739 0.855871 1
4.639683 0.942703 1
4.530584 1.020250 1
4.992430 0.434300 1
7.620184 2.556905 1
3.948735 2.525645 1
3.998096 2.637498 1
3.843473 2.645442 2
3.842246 2.212200 1
3.712051 2.282257 1
3.704172 2.146105 2
4.473174 3.256110 2
4.567456 3.148981 1
4.605954 3.329224 2
4.706223 3.210999 1
5.433549 2.599946 1
5.274381 2.564524 1
5.846843 3.183881 1
5.884804 3.080605 1
5.940642 3.220175 1
3.938292 2.741144 2
7.734658 2.641909 1
6.232086 0.489105 1
6.130297 0.402729 1
6.309723 0.352951 2
6.175150 0.288281 1
5.137704 2.516743 1
5.070802 2.638387 1
4.988203 2.540515 1
4.651967 1.116920 1
7.085173 2.293885 1
7.198239 2.211733 1
7.098757 2.157671 1
3.833107 2.492996 2
4.062547 2.751495 1
5.129714 1.775617 1
4.972393 1.838057 1
5.032820 1.697711 1
5.614038 0.973464 1
5.434222 0.993871 1
5.499931 0.878386 1
6.619639 1.893718 1
6.669048 2.050785 1
3.903397 1.006895 1
4.592384 2.319388 1
4.691078 2.196561 1
4.696296 2.345913 1
4.580345 2.206484 1
6.124938 2.025252 1
6.055794 1.888699 1
6.204272 1.876331 1
5.102249 1.883111 1
5.997469 3.137192 1
5.043925 1.413306 1
5.104763 1.279750 1
4.198955 1.500195 1
4.462722 2.564050 1
4.526483 2.659689 1
4.347877 2.679267 1
4.475300 2.761858 1
6.453895 2.610102 1
6.349832 2.687730 1
6.323233 2.547328 1
6.232348 2.645741 1
3.849503 1.421999 1
3.747811 1.581453 2
3.698988 1.429815 2
5.238379 2.222766 1
6.458221 2.769819 1
6.590697 2.811427 1
4.903107 0.343548 1
4.798086 2.091643 1
4.663584 2.037987 1
6.230560 1.344904 1
6.201416 1.471436 1
6.086552 1.410100 1
3.714597 0.708935 2
3.702993 0.565209 2
3.848248 0.685716 1
3.848161 0.545098 1
6.197185 1.710938 1
6.084925 1.777562 1
4.178657 1.655982 1
4.864355 0.634513 1
4.799226 0.536415 1
5.745697 3.173218 1
5.735101 3.058170 1
6.561868 2.666827 1
4.038846 3.000278 2
4.123266 2.867643 1
4.188133 2.985779 1
6.130081 1.262278 1
5.523998 1.106661 1
5.616538 0.374448 1
4.769942 2.280101 1
4.871974 2.324351 1
4.797622 2.415462 1
4.888039 0.454218 1
4.312762 2.854862 1
4.226376 2.765024 1
4.375290 2.773214 1
4.773951 1.017079 1
3.969128 1.361352 1
3.956628 1.481164 1
5.458736 2.481935 1
4.203020 2.518538 1
4.284287 2.418287 1
4.327531 2.549852 1
3.862222 0.115869 1
4.173781 2.409400 1
4.576276 2.986893 1
7.310883 3.038144 2
7.393803 2.920684 1
7.442627 3.070481 2
4.266639 1.208421 1
4.162879 1.264773 1
4.154629 1.098465 1
5.889647 2.035367 1
5.574383 0.760526 1
5.472854 0.651649 1
8.119693 3.335945 1
8.203995 3.214273 2
8.225669 3.402265 2
8.104742 3.126991 1
8.182261 3.044488 2
5.677823 2.356534 1
5.157799 2.308057 1
4.991894 2.301419 1
5.106811 2.203736 1
4.551707 2.098530 1
5.430822 2.384359 1
4.540506 1.857687 1
4.072998 1.832016 1
4.070199 1.692867 1
3.981842 1.107964 1
4.033360 0.990844 1
4.905974 2.997900 1
4.630215 0.814108 1
7.518536 2.990162 1
3.911410 0.404852 1
5.929688 2.502023 1
5.965956 2.652368 1
5.839457 2.581542 1
4.191768 0.738060 1
4.064754 0.862926 1
4.016786 0.705493 1
5.214097 3.331745 2
5.382433 3.262294 1
5.349648 3.407403 1
5.069596 2.414073 1
4.902018 0.986021 1
8.138584 2.715771 2
8.073783 2.616538 1
8.237949 2.582546 2
6.033929 2.753751 1
6.050534 2.866902 1
5.894266 2.803605 1
6.422426 1.621216 1
6.284449 1.579454 1
6.390977 1.521575 1
4.034224 1.931055 1
3.923554 1.853063 1
4.330723 0.835721 1
4.198482 0.880987 1
5.944719 2.927681 1
4.044223 2.059058 1
4.154537 2.170261 1
3.992948 2.189189 1
4.079422 2.316966 1
6.350657 3.114302 1
3.695457 1.200774 2
6.012587 0.979377 1
5.989002 1.095738 1
5.884440 1.047806 1
6.331472 1.699374 1
5.899824 0.937686 1
4.935510 0.798596 1
4.408943 1.208203 1
5.176482 3.200482 1
6.086993 0.833166 1
6.152033 0.968888 1
5.613404 0.247793 1
5.775684 0.178337 1
5.738230 0.320551 1
5.846208 1.398244 1
5.911312 1.262849 1
5.969497 1.377423 1
6.437969 2.501460 1
5.056581 2.785297 1
5.135196 2.938230 1
4.979111 2.910539 1
6.580320 1.413871 1
6.676661 1.313509 2
5.815335 0.449445 1
4.076138 0.103667 1
4.769167 3.354741 2
5.026401 1.985366 1
5.070536 2.087768 1
4.939309 2.094151 1
4.264057 0.989583 1
4.401928 0.975729 1
6.296707 3.204232 2
6.185885 3.204252 1
6.239849 3.085736 1
5.244003 3.003819 1
4.935095 3.324694 2
4.640522 2.762918 1
3.793797 2.080250 1
4.891725 1.989285 1
3.834103 2.353311 1
3.951665 2.410690 1
5.656200 0.116656 1
5.387218 3.530872 1
5.535018 3.555948 2
5.404654 3.643694 2
4.133937 2.644026 1
4.077076 2.488711 1
3.754119 0.403516 2
5.171740 0.594230 1
4.970611 2.699820 1
4.802077 2.705404 1
4.884775 2.618406 1
4.896239 2.810410 1
6.727134 2.194557 1
6.807657 2.096110 1
4.562850 2.864707 1
5.791094 1.253505 1
6.623591 1.689522 1
7.707490 2.529548 2
4.287328 0.156011 1
4.437894 0.163075 1
4.342330 0.685432 1
5.491504 3.133132 1
5.603273 3.042680 1
5.642973 3.185237 1
6.551127 3.130996 2
6.429959 3.207061 2
3.806587 1.955921 1
3.944605 1.966865 1
3.667001 2.000325 2
4.564247 1.248620 1
4.526571 1.138205 1
8.126678 2.518943 1
7.052530 2.925088 2
7.068888 2.818274 1
4.323374 1.097108 1
7.983636 2.709339 1
8.034971 2.803290 1
3.615175 1.304414 2
3.761477 1.293916 1
5.639409 1.351996 1
5.700864 1.196129 1
5.751071 1.354306 1
4.448486 0.731356 1
5.853254 2.683828 1
4.550630 1.464148 1
5.776108 0.965661 1
5.746908 1.073127 1
4.365158 2.329854 1
4.413340 2.452439 1
6.800164 1.985727 1
4.840199 3.236122 1
4.066500 1.192001 1
6.021003 1.303025 1
5.274645 0.556224 1
5.348751 0.647325 1
5.209572 0.706741 1
4.410639 1.931589 1
5.521235 3.272081 1
7.845436 3.518463 3
7.950570 3.409978 1
7.993028 3.524222 2
4.571433 0.430196 1
4.490055 0.339435 1
4.656291 0.343453 1
4.579339 0.224829 1
7.413507 2.305499 1
7.563960 2.329350 2
7.501750 2.447927 2
8.040907 2.404523 2
8.190020 2.426300 2
6.600846 2.932975 1
4.109686 1.573721 1
4.370944 3.065555 1
4.445385 2.912859 1
4.486003 3.063442 1
7.126564 2.429618 1
4.065104 0.412415 1
4.131865 0.522479 1
6.220135 3.313431 2
4.476840 2.359542 1
4.469009 2.230560 1
5.293349 0.250840 1
6.111645 3.123548 1
4.749104 1.959170 1
5.924449 1.697210 1
6.317006 1.807146 1
7.015406 2.209645 1
5.401428 0.214096 1
6.498818 1.877933 1
5.544936 3.387389 1
5.672415 3.443717 2
5.817223 2.939673 1
6.404159 1.871603 1
6.919560 2.163072 1
6.833597 2.217250 1
6.324122 0.610765 1
6.351065 0.492053 2
5.964937 0.861226 1
5.967681 0.740476 1
7.874130 2.467033 2
7.823123 2.586313 1
5.356595 3.148484 1
5.688493 2.933833 1
3.620797 0.962889 2
6.096727 0.612747 1
6.209965 0.725599 1
6.069672 0.717208 1
5.416667 0.000000 0
5.555555 0.000000 0
5.504745 0.142925 1
4.135249 0.629142 1
5.197884 0.982405 1
5.300575 1.056993 1
6.319388 0.847432 1
6.376384 0.726212 2
6.351488 2.797552 1
5.559829 2.921219 1
5.639620 2.821225 1
5.776990 0.694899 1
5.785912 0.573163 1
6.204954 0.596510 1
3.719571 1.738871 2
3.845217 1.716956 1
3.796619 1.824731 1
5.275603 3.211721 1
4.299214 2.967769 1
3.904215 2.075878 1
6.412480 2.222630 1
6.109220 1.114250 1
3.698022 2.449470 2
3.570265 2.320343 3
3.970571 1.752461 1
6.017458 1.194945 1
7.001577 1.985255 1
6.904934 2.032708 1
6.177104 2.218388 1
5.066491 0.106432 1
5.736123 0.856853 1
6.259442 2.007288 1
5.053280 1.586605 1
5.171651 1.655489 1
4.117604 0.318278 1
5.094077 1.486866 1
5.857598 0.815424 1
4.995025 2.181149 1
6.111111 0.000000 0
6.250000 0.000000 0
6.180937 0.137478 1
5.898433 2.361704 1
5.636862 1.106228 1
5.982413 1.512895 1
5.834264 1.546674 1
5.553351 2.008258 1
5.591503 2.147502 1
5.479326 2.095993 1
6.949171 2.859374 2
6.831521 2.857825 1
6.882554 2.715508 1
6.474845 0.818576 2
6.385768 0.954320 1
6.515819 0.965129 2
6.025159 1.666218 1
6.119349 1.567009 1
6.462369 1.397370 1
6.324215 1.436751 1
3.722780 0.273609 2
5.678832 0.759675 1
5.847640 0.347198 1
5.674036 2.063046 1
4.129733 3.082790 2
5.589827 1.204062 1
6.571663 1.316208 2
6.483446 1.273219 1
5.291018 1.165540 1
4.133654 1.954951 1
4.167809 2.050471 1
5.622250 0.846234 1
4.274614 2.090020 1
5.878862 0.239091 1
5.876892 0.663522 1
5.972222 0.000000 0
6.067082 0.109985 1
5.898426 0.116071 1
3.957970 0.911975 1
3.959849 2.875437 2
6.066569 3.266784 2
6.659159 2.606412 1
6.840494 2.576562 1
6.760593 2.649564 1
6.707620 2.517997 1
3.883708 1.567199 1
7.879289 3.139514 1
7.888206 3.296390 1
7.778308 3.199289 1
5.387472 0.522666 1
4.540211 2.455931 1
4.611162 2.568521 1
3.915571 0.802402 1
5.404268 1.122500 1
5.468201 1.238726 1
4.675114 2.456182 1
4.762679 2.571348 1
3.959123 0.513422 1
5.389453 0.105653 1
5.932649 1.802741 1
5.252491 3.116881 1
5.789452 2.447912 1
5.654687 2.474114 1
3.726347 0.895825 1
3.941152 0.610507 1
7.651947 2.850164 1
7.775370 2.930329 1
7.640660 2.984742 1
4.067390 1.302073 1
4.148262 1.378936 1
4.070376 1.461076 1
5.359257 0.759984 1
7.510874 2.241171 2
6.553916 3.018667 1
4.224841 2.889864 1
4.455444 0.607523 1
4.560836 0.542137 1
4.563451 0.696712 1
4.670970 0.591237 1
3.878421 1.282080 1
5.283319 0.442716 1
4.697741 1.235568 1
5.553119 2.562042 1
5.494925 2.694721 1
5.621850 2.687035 1
5.438052 1.373489 1
5.350778 1.260211 1
5.708072 1.483647 1
5.457215 1.809657 1
5.567788 1.866657 1
5.416706 1.952760 1
4.312671 2.198335 1
4.928566 2.422585 1
4.842820 0.875042 1
7.839534 3.393071 1
7.941402 2.601359 1
8.011380 2.521679 1
6.991859 2.737978 1
7.108499 2.672402 1
7.971704 3.223093 1
4.780706 1.288361 1
7.759981 2.779103 1
7.896862 2.826248 1
5.358227 2.687617 1
5.303451 2.895233 1
5.403417 2.797689 1
5.429600 2.915470 1
7.490658 2.861258 1
7.440787 2.773346 1
6.144776 3.030098 1
4.682758 1.491060 1
4.663811 1.351062 1
5.468232 0.781475 1
4.440127 1.087113 1
4.143056 0.964561 1
3.745319 0.148263 2
5.004983 1.311464 1
6.321735 2.117894 1
4.225101 2.304498 1
4.921088 1.717341 1
4.409590 2.128758 1
6.574481 1.762843 1
6.460699 1.758031 1
4.444445 0.000000 0
4.543991 0.104653 1
5.694445 0.000000 0
4.823249 1.882537 1
5.300817 2.774872 1
7.000378 1.790072 2
7.104016 1.896052 2
6.992469 1.889416 1
5.232052 1.265720 1
4.683551 2.651215 1
3.750000 0.000000 0
6.799769 2.448540 1
4.033442 0.602806 1
5.994103 0.213297 1
5.372931 2.074364 1
5.278401 2.024982 1
3.940217 2.293453 1
6.913921 1.734840 2
5.148560 2.706254 1
5.566142 1.451249 1
3.942056 1.661629 1
5.198067 2.804463 1
5.373013 3.032829 1
7.730455 3.088658 1
7.657597 3.226219 2
7.582279 3.102443 2
5.312334 0.951196 1
5.261732 0.838786 1
3.630861 0.810948 2
3.842282 0.902299 1
4.693324 1.835843 1
5.174839 2.619743 1
5.540326 1.323904 1
5.254696 3.469616 2
7.237609 2.614172 1
7.153166 2.542537 1
5.253133 3.592055 2
4.363525 2.028943 1
5.274411 1.744259 1
5.348793 1.834921 1
5.279668 1.913752 1
3.688168 1.858842 2
6.787325 2.759643 1
6.708418 2.887866 2
6.678010 2.730290 1
6.848816 2.968618 2
4.305555 0.000000 0
4.188107 0.103704 1
6.035318 3.017223 1
5.921306 1.142314 1
6.006395 1.997754 1
4.767579 2.825063 1
3.888889 0.000000 0
4.673587 0.710112 1
3.623500 2.212112 2
6.375421 0.217663 2
6.264836 0.224408 1
4.473945 0.484199 1
4.871843 2.202187 1
6.424726 2.335515 1
6.958165 2.625986 1
4.861111 0.000000 0
5.000000 0.000000 0
4.909756 0.121741 1
4.583333 0.000000 0
4.722222 0.000000 0
4.672441 0.119825 1
5.736414 2.540970 1
8.134847 3.534906 3
8.079580 3.432795 1
6.209862 1.066738 1
7.422709 2.508872 1
7.377967 2.654471 1
4.730761 0.885847 1
7.322326 2.547752 1
5.525003 2.804276 1
5.843597 1.911012 1
5.949358 1.913687 1
6.626881 2.198417 1
4.244239 2.651063 1
5.449541 3.355074 1
4.623531 1.736114 1
6.590637 1.189853 2
4.368527 0.081179 1
5.285372 0.138369 1
6.201790 0.855314 1
4.637472 1.933982 1
5.740881 3.308495 1
5.795193 3.431835 2
5.922396 1.609534 1
5.138889 0.000000 0
5.194705 0.085142 1
4.166667 0.000000 0
7.857933 2.691714 1
4.827893 1.769695 1
4.735635 1.704167 1
6.303110 0.114363 1
6.317778 1.914775 1
6.104757 2.647847 1
6.433274 0.580817 2
4.823543 1.530825 1
4.799692 1.398689 1
4.694332 1.602949 1
7.773939 3.304002 1
5.718493 1.931503 1
4.960206 1.506675 1
5.491444 3.009066 1
7.040461 2.535963 1
7.845520 3.024067 1
5.781999 2.106490 1
5.449452 3.446203 1
4.761513 0.665579 1
6.886305 2.395355 1
6.789903 2.320815 1
6.932283 2.288611 1
5.627527 3.318141 1
7.891593 2.942861 1
7.672304 3.346754 2
6.096117 0.210944 1
6.511671 1.081840 2
3.783251 0.797203 1
6.417073 1.053950 1
4.243562 0.616111 1
5.755952 2.834142 1
4.243294 0.265448 1
4.357610 0.555006 1
6.322611 2.328206 1
6.273861 2.219225 1
5.277778 0.000000 0
4.540840 1.979222 1
6.998342 2.405602 1
4.677654 0.468864 1
7.569988 2.907280 1
6.388889 0.000000 0
5.845794 3.290335 1
5.897887 3.398452 1
4.444899 3.150003 1
4.908827 1.410845 1
6.119900 2.949749 1
4.027778 0.000000 0
7.995681 2.910770 1
5.544065 2.402545 1
5.833333 0.000000 0
4.829906 1.649870 1
4.741789 0.782922 1
4.849654 0.738157 1
5.195613 2.110418 1
5.169352 1.977927 1
4.936807 1.614838 1
6.675809 2.285191 1
4.783470 0.397058 1
4.796529 0.282452 1
8.120616 2.909976 2
6.152049 2.750640 1
6.176887 2.866034 1
4.533991 1.348814 1
5.509090 2.200744 1
6.251194 2.425773 1
5.213384 1.838588 1
4.695080 0.236925 1
4.326914 3.215930 2
4.256149 3.096748 2
5.781554 2.009484 1
4.453945 2.031813 1
5.626534 1.947606 1
5.584702 2.271896 1
7.944530 3.022892 1
8.004569 3.123369 1
6.648148 3.030420 2
5.665025 1.848221 1
6.918958 2.495602 1
5.242271 2.693950 1
4.791667 0.183726 1
4.791667 0.078739 1
5.662192 2.588951 1
8.059409 3.021968 1
8.130690 2.812789 1
5.389285 0.867283 1
5.894660 3.516148 2
6.013796 3.411810 2
4.872369 2.513663 1
6.263386 0.959293 1
7.288234 2.111815 2
7.421768 2.171318 2
8.075289 3.231018 1
5.467221 2.294885 1
5.763889 0.075243 1
7.100437 2.043079 2
3.965343 1.219341 1
8.228585 2.822122 2
6.210627 2.120456 1
6.257380 2.762722 1
6.287323 2.882153 1
7.739520 3.436522 2
4.960452 0.689004 1
8.019016 3.320478 1
5.986506 0.632032 1
4.883244 0.236595 1
5.410939 2.180963 1
6.405153 0.101550 2
5.306698 2.150501 1
4.006957 1.578603 1
5.825987 1.162622 1
5.950565 3.323470 1
3.958333 0.073239 1
6.116432 0.504141 1
5.955906 0.325406 1
5.925706 0.435554 1
5.899045 0.541603 1
6.025506 0.407118 1
6.009024 0.516635 1
7.549659 2.792630 1
5.792207 2.744799 1
6.063309 0.305677 1
5.744256 2.653518 1
6.372652 2.421640 1
6.207363 2.318223 1
5.713305 2.748901 1
7.622042 2.442154 2
7.013205 2.100784 1
6.221040 2.971697 1
7.178379 2.105992 2
 0 1 2
 3 4 5
 6 4 3
 7 8 9
 10 7 9
 11 0 2
 12 13 14
 14 13 15
 16 17 18
 19 20 21
 22 23 24
 17 25 18
 26 27 28
 27 29 28
 23 30 24
 31 19 21
 32 33 34
 35 36 37
 38 39 40
 41 42 43
 44 45 46
 47 48 49
 50 6 3
 51 52 53
 54 12 55
 56 57 58
 59 60 61
 38 62 39
 34 33 63
 64 65 66
 67 68 69
 70 64 66
 71 72 73
 41 43 74
 75 76 77
 78 79 80
 81 80 79
 71 82 72
 83 84 85
 86 85 84
 87 61 60
 88 76 75
 89 90 91
 50 92 6
 93 94 95
 96 95 94
 97 89 91
 35 98 99
 58 57 100
 101 102 103
 104 105 106
 107 108 109
 110 109 108
 111 112 75
 113 56 25
 114 115 116
 117 118 119
 120 49 48
 121 45 44
 113 2 1
 122 123 124
 125 126 127
 128 129 130
 131 130 129
 132 133 102
 50 104 106
 134 135 136
 124 123 137
 138 45 121
 139 140 141
 141 140 142
 143 144 145
 146 119 118
 71 147 148
 149 148 147
 122 124 150
 151 137 123
 152 153 154
 155 156 157
 21 158 159
 12 14 55
 114 116 160
 161 162 163
 164 162 161
 158 5 159
 165 166 167
 152 168 153
 136 135 169
 70 170 171
 113 172 56
 173 174 175
 176 175 174
 177 178 179
 180 179 178
 181 182 183
 101 103 184
 26 77 76
 78 185 186
 120 187 109
 188 162 189
 190 191 192
 193 194 195
 196 195 194
 63 33 62
 197 167 198
 113 199 172
 200 201 48
 202 203 135
 134 202 135
 177 9 204
 205 206 207
 208 190 192
 155 209 156
 35 210 36
 211 212 213
 48 201 214
 215 216 217
 146 118 218
 181 219 220
 35 99 210
 132 102 221
 222 223 224
 59 225 60
 216 175 217
 222 226 223
 227 40 39
 88 75 112
 228 229 230
 231 232 233
 97 52 89
 234 89 52
 235 236 37
 35 37 236
 29 66 65
 237 238 239
 211 213 163
 240 241 238
 51 53 242
 107 109 187
 243 244 245
 189 162 246
 101 247 102
 248 2 16
 249 250 1
 114 160 251
 252 251 160
 38 253 62
 117 254 118
 255 230 229
 59 61 256
 257 258 259
 131 39 62
 260 261 262
 263 264 265
 143 145 266
 267 55 14
 268 269 270
 271 272 273
 274 275 276
 249 277 278
 260 279 280
 281 273 272
 282 283 284
 285 284 283
 81 79 286
 114 287 115
 288 289 290
 291 275 274
 292 288 290
 293 69 68
 100 57 294
 263 32 295
 296 297 288
 298 299 300
 301 302 303
 260 280 261
 177 304 9
 305 306 307
 63 307 306
 308 309 106
 36 300 310
 87 60 311
 131 312 130
 313 314 315
 54 171 12
 316 279 317
 117 317 279
 318 319 320
 306 321 34
 322 33 32
 323 176 174
 125 127 324
 313 315 325
 326 327 150
 298 328 299
 167 166 198
 329 330 331
 332 123 333
 196 334 256
 31 21 159
 47 49 335
 336 337 338
 339 337 336
 243 184 103
 41 258 257
 340 159 341
 323 342 176
 78 80 185
 343 302 301
 50 3 344
 138 121 345
 86 346 347
 260 348 279
 349 350 351
 203 351 350
 79 352 353
 354 278 355
 222 332 333
 354 324 356
 127 356 324
 38 339 307
 357 294 358
 359 270 269
 360 361 24
 22 24 361
 231 233 362
 59 256 334
 269 268 363
 150 327 122
 363 268 364
 67 55 68
 365 366 183
 181 183 366
 79 353 286
 367 368 369
 117 279 370
 371 259 258
 63 62 253
 18 25 372
 155 373 374
 223 375 376
 5 377 159
 131 62 378
 379 233 232
 380 208 192
 151 216 206
 381 382 383
 197 275 291
 248 384 2
 349 385 264
 386 387 388
 389 390 391
 392 391 390
 341 159 377
 393 394 395
 359 396 397
 78 186 398
 164 246 162
 380 303 302
 399 172 199
 400 401 402
 71 403 147
 146 218 15
 404 84 405
 83 405 84
 318 406 319
 407 408 161
 164 161 408
 110 108 409
 319 410 320
 30 229 24
 188 189 411
 111 412 112
 197 413 167
 149 147 414
 278 277 355
 110 409 98
 415 98 409
 63 306 34
 21 20 416
 417 418 330
 203 419 135
 100 294 357
 420 416 20
 421 422 341
 340 341 422
 243 103 266
 143 266 103
 423 139 424
 296 425 426
 427 428 345
 349 264 429
 203 430 419
 115 431 116
 120 109 49
 432 433 434
 435 436 437
 260 262 438
 54 439 440
 441 433 442
 423 442 433
 227 39 129
 131 129 39
 443 185 80
 444 445 430
 446 37 447
 432 448 433
 449 182 450
 354 451 278
 1 250 199
 296 426 434
 343 369 368
 263 452 264
 336 338 145
 144 336 145
 177 179 304
 400 453 401
 282 284 454
 125 454 284
 86 347 390
 392 390 347
 31 7 455
 180 74 179
 456 288 297
 457 458 126
 249 278 459
 380 460 208
 456 208 460
 461 462 4
 463 91 90
 107 464 108
 29 65 28
 155 465 373
 11 2 384
 165 167 466
 71 73 403
 467 66 468
 87 469 61
 70 470 170
 446 471 465
 472 245 244
 473 474 475
 113 17 2
 53 52 476
 41 257 42
 407 376 375
 155 374 477
 478 479 301
 480 481 482
 483 484 485
 381 383 335
 441 486 487
 488 487 486
 197 489 490
 93 491 492
 59 334 493
 446 494 37
 318 286 353
 423 448 139
 495 310 300
 480 496 481
 456 94 208
 205 207 497
 498 368 367
 499 491 500
 93 95 500
 279 348 370
 54 440 501
 502 11 503
 235 504 157
 503 11 505
 299 506 300
 444 430 350
 446 507 471
 508 509 510
 243 266 244
 97 476 52
 252 160 511
 205 512 206
 169 410 513
 252 233 251
 379 251 233
 308 491 499
 196 194 334
 514 204 9
 117 119 317
 36 210 300
 415 437 99
 298 99 437
 515 516 517
 182 518 450
 114 366 287
 316 362 233
 519 520 521
 4 462 377
 208 94 190
 94 93 190
 35 522 98
 173 175 224
 467 468 154
 173 523 524
 271 273 258
 93 500 491
 525 195 262
 125 326 126
 457 126 326
 415 99 98
 305 307 339
 181 518 182
 526 209 527
 155 157 504
 495 300 506
 528 529 524
 404 405 530
 197 291 413
 426 471 507
 435 437 531
 478 490 489
 532 112 412
 533 34 321
 436 328 437
 498 527 209
 242 534 535
 536 116 431
 195 537 262
 538 539 540
 541 542 543
 544 383 382
 29 468 66
 393 545 394
 478 192 490
 231 294 57
 78 546 79
 219 541 543
 215 547 216
 548 549 550
 551 550 549
 181 552 219
 110 98 553
 146 15 554
 132 555 556
 557 556 555
 558 64 559
 560 369 301
 561 562 563
 480 563 562
 564 283 505
 478 301 303
 565 213 212
 292 373 471
 465 471 373
 393 395 72
 36 447 37
 267 218 566
 386 567 387
 568 427 569
 93 492 190
 343 301 369
 570 571 361
 572 520 519
 13 573 15
 70 66 470
 381 49 553
 110 553 49
 538 574 539
 575 539 574
 532 489 198
 151 332 216
 132 576 133
 155 504 465
 446 465 494
 577 578 579
 558 65 64
 580 229 581
 581 229 30
 582 320 410
 228 24 229
 18 372 583
 584 583 372
 235 157 585
 586 358 294
 316 280 279
 252 261 587
 313 153 168
 59 588 225
 13 12 589
 570 483 485
 211 163 162
 548 550 370
 191 490 192
 151 206 512
 590 466 20
 22 361 571
 285 283 591
 371 258 273
 110 49 109
 592 154 153
 528 524 523
 408 593 246
 235 37 494
 594 595 104
 67 69 383
 47 383 69
 596 597 347
 436 598 328
 15 218 14
 560 301 479
 599 153 325
 313 325 153
 577 600 578
 255 229 580
 319 513 410
 601 602 603
 54 604 171
 197 490 275
 542 57 172
 56 172 57
 354 355 454
 525 261 511
 252 511 261
 50 106 92
 526 559 501
 524 605 174
 606 225 588
 117 550 254
 515 517 607
 267 14 218
 608 530 405
 174 605 323
 609 510 509
 610 611 563
 35 236 522
 285 612 284
 532 198 166
 125 324 454
 601 4 613
 144 614 305
 336 144 305
 560 615 367
 616 450 518
 227 401 342
 305 617 306
 577 306 617
 349 429 618
 619 620 621
 181 220 518
 622 439 623
 67 623 439
 421 341 462
 10 9 304
 86 390 85
 536 431 624
 164 408 246
 536 625 116
 146 358 119
 599 411 626
 143 627 144
 122 333 123
 564 505 593
 143 103 133
 102 133 103
 628 615 558
 367 615 628
 170 589 171
 329 629 265
 630 631 73
 329 331 632
 526 527 559
 219 543 220
 525 262 261
 505 633 593
 634 27 635
 636 563 611
 29 634 468
 354 356 637
 638 639 640
 186 640 639
 139 141 424
 641 639 484
 642 346 643
 169 135 644
 22 571 23
 630 23 571
 227 402 401
 169 513 136
 316 317 362
 586 362 317
 645 290 289
 560 367 369
 234 646 89
 165 89 646
 558 559 527
 584 357 554
 146 554 357
 610 563 482
 6 613 4
 296 288 425
 296 434 433
 38 647 339
 606 648 225
 282 454 355
 564 591 283
 122 327 333
 47 335 383
 308 106 105
 551 649 550
 282 503 283
 467 470 66
 53 534 242
 127 126 650
 305 339 336
 223 376 224
 651 141 652
 67 383 623
 544 623 383
 85 390 653
 138 574 45
 181 366 552
 404 530 256
 188 654 162
 211 162 654
 329 632 629
 7 655 455
 544 236 585
 235 585 236
 570 656 571
 285 327 612
 215 217 401
 176 401 217
 532 412 489
 338 337 529
 657 658 659
 660 661 662
 392 347 597
 663 535 534
 664 665 239
 427 396 569
 456 297 666
 117 370 550
 441 442 486
 667 44 668
 218 669 566
 38 307 253
 111 75 479
 560 479 75
 480 482 563
 561 76 562
 88 562 76
 404 256 61
 423 433 448
 601 603 4
 457 326 150
 630 73 670
 120 48 214
 165 646 166
 285 333 327
 142 652 141
 54 55 439
 67 439 55
 578 671 579
 186 639 398
 54 501 604
 234 672 673
 227 342 40
 29 27 634
 568 428 427
 281 644 135
 234 673 646
 340 674 159
 152 154 468
 175 675 224
 264 385 676
 319 406 513
 619 540 539
 533 321 618
 577 618 321
 359 397 270
 18 677 16
 678 500 95
 596 347 679
 108 680 409
 381 335 49
 498 367 628
 441 681 433
 296 433 681
 216 547 206
 626 411 682
 548 370 348
 296 681 297
 544 382 236
 248 16 677
 215 401 453
 683 684 418
 478 489 685
 558 28 65
 686 687 464
 688 642 643
 138 689 574
 599 626 690
 691 690 626
 474 692 475
 20 466 693
 197 198 489
 271 258 694
 423 695 442
 696 583 697
 584 697 583
 18 698 677
 5 4 377
 125 612 326
 10 655 7
 699 620 521
 619 521 620
 222 333 226
 191 275 490
 700 112 672
 25 58 372
 638 485 484
 50 344 104
 594 104 344
 389 653 390
 354 637 451
 188 411 325
 599 325 411
 467 701 470
 170 470 701
 12 171 589
 173 524 174
 444 579 671
 565 266 145
 191 492 275
 276 275 492
 349 618 702
 533 618 429
 703 571 656
 599 690 153
 592 153 690
 577 321 306
 298 210 99
 577 579 618
 407 161 523
 528 523 161
 532 672 112
 322 312 378
 131 378 312
 619 539 704
 51 705 52
 285 591 226
 417 330 706
 478 685 479
 113 1 199
 528 163 213
 551 201 707
 200 707 201
 196 256 530
 473 475 509
 667 668 670
 248 677 626
 575 363 364
 249 1 0
 561 635 27
 308 105 491
 276 491 105
 708 709 710
 658 686 464
 417 711 418
 683 418 711
 393 72 82
 142 475 652
 575 712 539
 699 713 620
 142 714 475
 678 95 715
 536 716 625
 96 717 95
 83 718 405
 472 244 654
 719 430 445
 160 116 625
 596 660 597
 176 217 175
 86 720 346
 216 675 175
 298 437 328
 193 716 624
 536 624 716
 653 548 721
 709 422 710
 152 468 634
 405 718 438
 722 723 455
 590 455 723
 724 435 531
 420 413 595
 291 595 413
 724 531 680
 538 45 574
 461 4 603
 73 631 403
 151 123 332
 248 725 384
 708 710 726
 147 726 710
 281 272 644
 514 517 516
 56 58 25
 113 25 17
 85 653 721
 389 727 549
 107 659 464
 538 540 728
 426 425 471
 176 342 401
 474 729 692
 684 730 731
 128 732 129
 170 733 589
 644 272 734
 108 464 687
 193 195 716
 525 716 195
 683 730 684
 735 688 311
 276 492 491
 575 364 736
 165 90 89
 234 52 705
 263 265 629
 532 166 673
 51 496 705
 323 40 342
 654 244 212
 132 221 555
 737 555 221
 738 508 510
 619 621 540
 696 739 698
 740 741 566
 293 566 741
 261 280 587
 508 473 509
 223 226 591
 104 595 274
 683 351 202
 292 425 288
 46 668 44
 608 438 262
 575 689 363
 114 552 366
 365 287 366
 586 317 119
 742 314 743
 313 743 314
 125 284 612
 667 72 395
 699 521 520
 658 464 659
 26 76 27
 31 159 674
 696 701 744
 683 711 351
 8 7 745
 31 674 7
 683 202 730
 203 202 351
 188 325 315
 267 68 55
 83 85 721
 349 351 385
 575 574 689
 222 224 675
 255 580 728
 746 391 747
 62 33 378
 41 694 258
 748 736 364
 271 749 272
 750 272 749
 584 372 751
 752 482 481
 173 376 523
 237 239 665
 227 129 402
 121 44 395
 667 395 44
 179 74 753
 636 743 754
 391 755 747
 70 171 604
 400 756 757
 326 612 327
 551 549 727
 514 640 204
 2 17 16
 323 647 40
 708 607 709
 8 709 607
 118 669 218
 638 484 639
 87 346 720
 584 751 357
 696 744 739
 578 576 556
 660 662 597
 515 485 516
 203 350 430
 743 168 754
 281 135 419
 100 357 751
 104 274 105
 276 105 274
 132 556 576
 134 730 202
 97 91 42
 43 42 91
 557 445 671
 257 534 476
 584 573 697
 696 698 583
 87 643 346
 696 697 733
 458 650 126
 236 382 522
 347 346 679
 642 679 346
 392 597 662
 700 758 496
 737 535 555
 339 647 337
 456 666 94
 548 348 721
 271 694 749
 381 553 522
 98 522 553
 298 300 210
 759 246 593
 372 58 751
 415 531 437
 260 718 348
 691 677 698
 100 751 58
 700 496 760
 480 760 496
 51 242 761
 417 676 385
 354 454 324
 762 763 519
 572 519 763
 764 398 639
 703 726 403
 147 403 726
 404 469 84
 86 84 720
 285 226 333
 696 733 701
 700 765 112
 88 112 765
 152 634 754
 146 357 358
 381 522 382
 63 253 307
 703 656 766
 308 499 309
 329 265 706
 456 289 288
 557 671 556
 138 345 428
 767 133 576
 719 419 430
 768 769 659
 657 659 769
 557 555 770
 323 337 647
 443 178 185
 177 185 178
 13 589 733
 267 566 68
 293 68 566
 748 241 771
 207 206 547
 622 440 439
 768 662 769
 661 769 662
 759 384 725
 737 761 242
 329 706 330
 564 408 375
 407 375 408
 559 64 604
 584 554 573
 528 213 529
 43 753 74
 264 676 265
 268 772 364
 622 773 156
 157 156 773
 764 352 546
 748 364 772
 51 481 496
 619 704 519
 281 419 273
 719 273 419
 529 337 605
 774 731 775
 472 315 314
 349 702 350
 186 204 640
 526 156 209
 338 529 776
 96 666 777
 31 455 19
 590 19 455
 360 483 361
 570 361 483
 316 233 587
 778 779 82
 393 82 779
 207 453 757
 400 757 453
 59 493 588
 341 377 462
 170 701 733
 565 244 266
 240 780 763
 70 604 64
 255 540 621
 101 781 247
 722 455 655
 257 476 42
 322 378 33
 420 20 693
 667 670 72
 73 72 670
 558 615 28
 630 668 23
 30 23 668
 691 626 677
 189 682 411
 400 732 756
 703 403 631
 299 782 510
 738 510 782
 128 756 732
 407 523 376
 297 777 666
 240 238 780
 155 477 209
 737 242 535
 691 698 739
 608 262 537
 186 185 204
 568 689 428
 138 428 689
 461 602 783
 188 315 654
 219 784 541
 389 391 727
 53 476 534
 630 670 668
 748 772 785
 268 785 772
 399 199 250
 282 355 277
 177 204 185
 590 723 786
 590 20 19
 38 40 647
 586 119 358
 750 787 788
 359 569 396
 688 643 311
 551 707 649
 263 295 452
 565 145 776
 392 662 755
 768 755 662
 515 766 656
 444 350 702
 559 604 501
 699 567 789
 231 362 294
 586 294 362
 293 790 69
 47 69 790
 387 791 665
 515 656 485
 524 529 605
 432 434 792
 46 581 668
 30 668 581
 249 0 502
 282 277 502
 207 757 497
 463 786 723
 252 587 233
 542 232 57
 231 57 232
 641 484 483
 461 603 602
 107 793 659
 768 659 793
 249 459 250
 708 766 607
 515 607 766
 15 573 554
 11 633 505
 101 794 781
 752 781 794
 560 77 615
 609 506 510
 299 510 506
 594 344 3
 630 571 631
 703 631 571
 762 519 704
 386 789 567
 255 621 230
 129 732 402
 292 471 425
 746 201 727
 248 626 682
 729 795 692
 638 516 485
 426 792 434
 387 665 388
 101 796 794
 568 269 363
 528 161 163
 180 694 74
 415 409 680
 572 763 780
 283 503 505
 551 727 201
 737 781 761
 41 74 694
 220 543 797
 399 797 543
 642 596 679
 278 450 459
 616 459 450
 686 724 687
 374 798 368
 619 519 521
 742 245 314
 472 314 245
 151 512 137
 118 254 669
 740 669 254
 700 672 758
 173 224 376
 724 680 687
 316 587 280
 101 184 796
 415 680 531
 564 375 591
 223 591 375
 18 583 698
 404 61 469
 750 749 787
 636 635 563
 561 563 635
 590 786 466
 799 136 513
 498 209 477
 746 727 391
 237 780 238
 219 552 784
 488 717 487
 323 605 337
 305 614 617
 767 617 614
 661 657 769
 572 791 520
 423 424 695
 51 761 481
 616 797 250
 399 250 797
 282 502 503
 234 758 672
 11 384 633
 475 692 652
 651 652 692
 26 28 615
 598 738 782
 703 766 726
 84 469 720
 87 720 469
 678 499 500
 699 789 713
 108 687 680
 648 735 800
 752 761 781
 767 600 617
 577 617 600
 165 466 786
 799 513 775
 568 363 689
 478 303 192
 740 707 741
 200 741 707
 742 743 611
 139 448 801
 432 801 448
 740 566 669
 533 429 452
 169 644 410
 582 410 644
 526 501 440
 13 697 573
 166 646 673
 495 802 803
 742 184 245
 243 245 184
 13 733 697
 249 502 277
 36 310 447
 804 447 310
 11 502 0
 636 754 635
 634 635 754
 393 779 545
 387 520 791
 616 250 459
 380 192 303
 805 801 806
 191 190 492
 529 213 776
 472 654 315
 380 302 460
 645 460 302
 88 765 562
 480 562 760
 539 712 704
 496 758 705
 746 747 187
 759 633 384
 564 593 408
 616 518 797
 220 797 518
 196 537 195
 111 479 685
 538 728 807
 748 771 736
 762 736 771
 379 541 784
 392 755 391
 96 777 487
 26 615 77
 467 744 701
 580 807 728
 200 790 741
 293 741 790
 636 611 743
 313 168 743
 338 776 145
 542 172 543
 399 543 172
 449 451 637
 735 311 800
 60 800 311
 805 140 801
 746 214 201
 592 744 154
 467 154 744
 598 782 328
 299 328 782
 96 94 666
 526 440 156
 622 156 440
 374 368 477
 443 787 178
 180 178 787
 255 728 540
 778 82 148
 71 148 82
 264 452 429
 97 42 476
 651 692 795
 767 627 133
 200 48 790
 47 790 48
 143 133 627
 565 776 213
 237 665 791
 719 808 273
 351 711 385
 371 273 808
 805 809 140
 142 140 809
 5 158 3
 594 3 158
 532 673 672
 752 481 761
 560 75 77
 699 520 567
 107 187 793
 443 788 787
 417 385 711
 343 368 798
 291 274 595
 8 745 709
 340 709 745
 240 763 771
 762 771 763
 87 311 643
 759 593 633
 609 802 506
 663 770 535
 555 535 770
 488 715 717
 746 187 214
 575 736 712
 157 773 585
 544 585 773
 180 749 694
 371 808 810
 722 811 753
 167 693 466
 340 422 709
 441 777 681
 297 681 777
 240 771 241
 663 259 810
 371 810 259
 737 247 781
 120 214 187
 8 607 517
 609 809 802
 514 516 640
 618 579 702
 444 702 579
 441 487 777
 722 812 723
 463 723 812
 557 813 445
 719 445 813
 799 731 730
 179 753 811
 498 628 527
 737 221 247
 550 649 254
 740 254 649
 8 517 9
 444 671 445
 558 527 628
 592 739 744
 78 398 546
 774 684 731
 211 654 212
 142 809 714
 420 595 416
 594 416 595
 664 388 665
 691 739 690
 592 690 739
 144 627 614
 805 803 802
 400 402 732
 544 773 623
 622 623 773
 538 807 45
 708 726 766
 799 775 731
 96 487 717
 167 413 693
 420 693 413
 514 9 517
 121 814 345
 46 45 807
 525 625 716
 608 405 438
 235 494 504
 465 504 494
 557 810 813
 421 462 815
 582 644 734
 742 611 796
 43 91 812
 463 812 91
 421 710 422
 557 770 810
 570 485 656
 495 506 802
 207 547 453
 215 453 547
 495 803 310
 578 600 576
 114 251 784
 759 725 246
 189 246 725
 561 27 76
 663 810 770
 387 567 520
 722 753 812
 446 447 507
 804 507 447
 565 212 244
 421 815 414
 542 541 232
 187 747 793
 121 395 814
 196 530 537
 608 537 530
 43 812 753
 343 798 302
 645 302 798
 533 452 295
 348 718 721
 805 802 809
 461 815 462
 767 576 600
 260 438 718
 533 295 34
 489 412 685
 648 800 225
 60 225 800
 102 247 221
 762 712 736
 21 416 158
 180 787 749
 379 784 251
 432 792 806
 114 784 552
 461 783 815
 46 807 581
 580 581 807
 610 796 611
 292 290 373
 374 373 290
 805 806 803
 804 803 806
 767 614 627
 663 534 259
 257 259 534
 752 794 482
 610 482 794
 81 320 816
 582 816 320
 610 794 796
 804 806 792
 498 477 368
 740 649 707
 609 509 714
 594 158 416
 449 450 451
 165 786 90
 764 546 398
 768 747 755
 421 414 710
 147 710 414
 578 556 671
 10 811 655
 443 80 788
 81 788 80
 750 816 734
 750 788 816
 83 721 718
 10 304 811
 475 714 509
 742 796 184
 32 34 295
 804 792 507
 278 451 450
 149 815 783
 525 511 625
 160 625 511
 234 705 758
 609 714 809
 81 286 320
 79 546 352
 149 414 815
 432 806 801
 810 808 813
 548 653 549
 389 549 653
 379 232 541
 318 320 286
 572 780 791
 568 569 269
 359 269 569
 750 734 272
 426 507 792
 762 704 712
 265 676 706
 417 706 676
 778 148 817
 645 289 460
 456 460 289
 645 798 290
 374 290 798
 152 754 168
 804 310 803
 95 717 715
 149 783 817
 216 332 675
 222 675 332
 340 745 674
 7 674 745
 134 136 730
 799 730 136
 638 640 516
 463 90 786
 139 801 140
 237 791 780
 722 655 811
 700 760 765
 562 765 760
 582 734 816
 81 816 788
 248 682 725
 189 725 682
 179 811 304
 111 685 412
 768 793 747
 719 813 808
 149 817 148
 0
 0
 0
 3
 386 664 388
 18
 365 449 193 127 115 182 458 356 334 588 183 194 637 624 431 650 493 287
 0
 38
 678 748 601 664 488 651 268 6 778 394 427 486 141 309 785 396 270 238 602 779 442 92 239 424 395 106 397 345 695 783 715 545 241 795 814 499 817 613
 0
 42
 360 457 263 386 318 322 128 774 205 228 641 764 32 124 458 620 418 312 130 639 24 330 756 632 483 789 512 684 621 353 497 406 513 757 775 629 230 713 331 150 352 137
