810 1516
9.189115 7.268899 1
9.026397 7.154194 1
9.203280 7.127573 1
9.066470 7.300193 1
8.863484 7.510697 1
8.787069 7.324305 1
8.909194 7.389845 1
8.739079 7.475795 1
6.801157 9.515192 1
6.687997 9.444273 1
6.839583 9.404687 1
6.547130 9.231997 1
6.642835 9.095756 1
6.670410 9.223898 1
6.759707 9.315547 1
9.238634 6.557529 2
9.209997 6.687902 1
9.073569 6.634866 2
8.098322 8.315125 1
8.191681 8.238590 1
8.229992 8.408799 1
9.437507 7.231271 1
9.319554 7.073822 1
9.461488 7.110020 1
9.295344 7.235176 1
8.284565 8.284565 1
7.196783 8.586221 1
7.200417 8.693474 1
7.050214 8.601746 1
6.485560 9.116166 1
8.860770 7.173469 1
8.949093 7.276841 1
7.098999 8.730274 1
8.057467 7.442184 1
8.013730 7.613206 1
7.937085 7.511055 1
6.985586 7.796449 1
6.940618 7.663868 1
7.081625 7.688628 1
7.047115 7.545722 1
7.670910 7.193274 1
7.707360 7.080917 2
7.787960 7.192854 2
6.144520 8.261088 1
6.017505 8.310702 2
6.014330 8.187575 2
8.872752 8.273797 1
8.712487 8.220457 1
8.827452 8.119555 1
8.801050 9.198662 1
8.869520 9.071326 1
8.952404 9.183449 1
8.229831 7.968397 1
8.261547 7.818151 1
8.329817 7.931155 1
7.580945 7.964810 1
7.718913 8.041488 1
7.572391 8.086435 1
6.783435 9.018176 1
6.778850 9.177019 1
8.660706 9.433530 1
8.734312 9.573100 1
8.588496 9.554889 1
8.139606 7.515463 1
8.517939 6.968341 1
8.467883 6.821981 2
8.634856 6.903939 1
7.275660 8.213222 1
7.137843 8.159833 1
7.227174 8.086565 1
6.686429 8.234365 1
6.638235 8.363351 1
6.535256 8.299313 1
9.209220 8.478637 1
9.133777 8.313864 1
9.279152 8.331158 1
6.567698 8.175380 1
8.383783 8.474099 1
8.366885 8.338261 1
6.515550 7.910473 1
6.624644 7.818213 1
6.686428 7.967595 1
8.402851 7.835985 1
8.328498 8.202458 1
8.373713 7.688981 1
9.218946 7.016593 1
9.114326 7.037601 1
9.116414 6.888556 1
8.532495 9.432484 1
8.599419 6.770926 2
8.080065 8.729655 1
8.244508 8.745080 1
8.128414 8.872846 1
8.260413 8.917900 1
7.695690 7.911520 1
8.472222 10.000000 0
8.333333 10.000000 0
8.410002 9.835957 1
10.000000 8.333333 0
10.000000 8.472222 0
9.833633 8.423933 1
6.646036 8.522911 1
6.661362 8.674201 1
6.551526 8.651682 1
9.449766 6.670732 1
9.491693 6.805404 1
9.328373 6.770059 1
8.964221 8.030745 1
9.014147 8.175214 1
8.417400 9.362967 1
8.413969 9.205578 1
8.555108 9.297521 1
8.544679 9.132903 1
6.522646 8.522436 1
8.299604 8.578965 1
8.150883 8.586969 1
8.194445 10.000000 0
8.096696 9.865049 1
8.265920 9.873768 1
10.000000 8.194445 0
9.872749 8.260237 1
9.866494 8.090914 1
7.193438 8.308837 1
6.673309 9.597209 1
6.560266 9.486866 2
9.475797 6.554090 2
9.598319 6.671058 2
8.781828 8.801836 1
8.649385 8.738236 1
8.818125 8.659156 1
9.130144 7.937394 1
9.225966 7.866392 1
9.220140 8.040486 1
6.344052 9.144920 2
6.398485 9.020336 1
8.641073 7.230170 1
8.528239 7.101644 1
8.660903 7.060245 1
9.688526 9.331212 1
9.532619 9.391139 1
9.557771 9.270160 1
8.330523 7.491629 1
8.214594 7.419095 1
8.358824 7.344438 1
6.805555 10.000000 0
6.669086 9.877488 1
6.780723 9.831198 1
10.000000 6.805555 0
9.831214 6.780807 1
9.877488 6.669086 1
8.425339 7.441966 1
8.049421 8.457720 1
9.319926 7.938755 1
10.000000 8.611111 0
9.850028 8.713051 1
9.900642 8.541667 1
8.611111 10.000000 0
8.541667 9.900642 1
8.713051 9.850028 1
9.758457 7.177536 1
9.807975 7.302424 1
9.676048 7.282984 1
8.099681 7.753994 1
7.956195 7.781517 1
8.381642 9.668290 1
8.440768 9.513515 1
8.504643 9.684635 1
8.392323 7.113672 1
8.491088 7.224000 1
8.321747 7.212061 1
9.441229 7.448674 1
9.530840 7.331017 1
9.560238 7.471699 1
9.642888 7.392735 1
8.030688 8.980727 1
7.947371 9.103440 1
7.889166 8.981995 1
9.660365 8.387761 1
9.581254 8.240078 1
9.731511 8.276791 1
9.166667 10.000000 0
9.060560 9.875159 1
9.228572 9.881005 1
10.000000 9.166667 0
9.881005 9.228572 1
9.878537 9.047251 1
6.572844 8.041079 1
9.099599 8.461967 1
6.551444 8.971073 1
8.133303 7.330774 1
9.624427 9.482075 1
9.421269 7.660341 1
9.493247 7.573498 1
9.560072 7.710315 1
9.420495 8.666971 1
9.306875 8.757733 1
9.300120 8.605878 1
7.548998 7.737122 1
7.428339 7.792615 1
7.404126 7.691044 1
8.795718 8.419788 1
8.723754 8.332795 1
8.395918 8.841307 1
9.789640 8.569086 1
9.690856 8.508653 1
8.204013 8.135688 1
7.430632 7.238840 2
7.552121 7.134439 2
7.569978 7.274607 1
9.730481 9.446910 1
9.731496 9.595981 1
9.083322 8.761953 1
9.034164 8.900838 1
8.968506 8.822564 1
9.389372 6.885819 1
9.276552 6.921955 1
6.555438 9.633027 2
6.406180 9.252308 2
9.600762 7.588399 1
9.609865 8.588952 1
9.558648 8.718589 1
9.508277 8.578885 1
6.713991 8.770042 1
6.679886 8.911281 1
6.559259 8.790221 1
9.355014 8.099744 1
8.916683 8.432035 1
7.203186 8.425324 1
7.341808 8.373205 1
9.808538 9.510171 1
8.654994 9.188523 1
9.659810 9.172133 1
9.140837 8.902877 1
9.381773 7.344525 1
7.135184 9.459273 1
7.014851 9.497261 1
7.063276 9.350357 1
7.547637 7.627882 1
8.456162 8.111847 1
8.573744 8.175099 1
8.469419 8.267972 1
6.750058 7.850803 1
9.440724 8.011049 1
6.952539 9.398787 1
9.875747 7.204134 1
9.590465 9.587537 1
10.000000 8.750000 0
8.750000 10.000000 0
7.669065 8.139335 1
7.499422 8.836214 1
7.567285 8.700944 1
7.614100 8.825500 1
9.857409 9.655199 1
9.706584 9.735977 1
9.492661 8.865435 1
9.436858 9.008142 1
9.380994 8.853726 1
8.165002 7.887933 1
9.803100 9.803100 1
8.747341 7.151793 1
7.693719 7.424534 1
7.667307 7.567999 1
7.550650 7.502038 1
8.568278 9.788975 1
8.580176 8.027264 1
9.036724 9.089385 1
8.993132 6.994118 1
10.000000 7.638889 0
10.000000 7.777778 0
9.844862 7.724136 1
7.777778 10.000000 0
7.638889 10.000000 0
7.724136 9.844862 1
8.218075 7.644967 1
9.905751 7.569445 1
7.569445 9.905751 1
9.505859 9.805383 1
9.573610 9.708761 1
9.645881 9.861273 1
8.545636 7.859164 1
8.439276 7.975345 1
7.084967 8.269139 1
7.204169 7.596014 1
8.943639 9.813982 1
9.063405 9.701385 1
8.789272 9.702189 1
8.879976 9.577625 1
8.928077 9.695581 1
9.348514 8.469637 1
7.380812 9.350439 1
7.468836 9.518209 1
7.334869 9.455361 1
7.493327 9.372643 1
9.001785 8.516606 1
8.965353 8.661506 1
8.903607 8.562360 1
9.085503 8.581209 1
7.158516 9.235254 1
7.226109 9.365529 1
9.039663 7.817400 1
9.031474 7.947983 1
8.387732 8.693430 1
9.294868 8.933568 1
9.322405 9.700066 1
9.356080 9.550115 1
9.444659 9.701771 1
9.480726 9.589083 1
8.688490 8.584172 1
9.412123 8.248993 1
9.472584 8.137895 1
6.811966 9.642995 1
8.678230 9.297966 1
9.675336 8.168266 1
8.677230 8.118213 1
6.899935 9.120657 1
8.641857 7.558207 1
8.648011 7.383770 1
9.270805 8.205359 1
9.199769 8.809722 1
9.189078 8.646520 1
9.042658 7.419219 1
7.410687 9.658910 1
7.521936 9.691813 1
9.148010 7.811317 1
8.535125 7.462648 1
6.666667 10.000000 0
10.000000 6.666667 0
8.210576 7.000502 1
8.259361 7.106859 1
8.104674 7.104176 1
8.980009 8.994673 1
6.894502 8.629272 1
6.754989 8.622025 1
6.789530 8.518266 1
7.720278 7.311679 1
7.588938 7.384161 1
8.061770 9.128206 1
6.902410 8.501462 1
7.591715 9.599132 1
8.880564 9.289346 1
9.650190 9.662862 1
8.197098 9.755339 1
9.773701 8.182172 1
7.460124 9.079474 1
7.479390 9.224616 1
7.369483 9.136706 1
8.715010 9.002016 1
8.869476 8.919353 1
8.483023 7.750613 1
7.358087 8.091799 1
6.979998 8.732032 1
9.643176 6.816199 1
7.829123 9.124092 1
9.407954 6.992599 1
9.131266 9.788682 1
9.786017 9.135469 1
7.452580 8.715000 1
6.415514 8.787515 1
6.440328 8.675400 1
7.380548 7.964545 1
7.327610 7.829855 1
7.459446 7.887070 1
8.363414 8.990734 1
8.267426 9.061483 1
6.396385 8.457839 1
6.343915 8.611896 1
6.266117 8.525078 1
9.599318 7.152754 1
9.444445 10.000000 0
9.305555 10.000000 0
9.375769 9.846493 1
10.000000 9.305555 0
10.000000 9.444445 0
9.847774 9.376101 1
9.579082 8.071854 1
7.923119 8.516538 1
7.902009 8.402747 1
8.289546 9.451973 1
9.150931 8.167719 1
9.419034 8.375373 1
7.995249 8.344823 1
9.189544 9.629596 1
9.243043 9.770309 1
7.269433 7.976513 1
6.802744 7.636057 2
6.841384 7.754109 1
6.265505 9.053463 2
8.505263 8.750494 1
8.535817 8.623773 1
8.153561 9.019844 1
6.111039 8.111499 2
7.678721 8.743058 1
7.158202 7.461568 1
6.990125 7.435170 2
7.130754 7.349192 2
7.201718 7.753582 1
8.168123 9.386144 1
8.029886 9.428067 1
8.076845 9.273692 1
7.941777 9.321276 1
7.292130 7.686495 1
8.997957 8.295401 1
8.419946 8.576487 1
8.391196 6.923357 2
7.924693 7.911226 1
8.045691 7.919219 1
7.006534 8.433873 1
7.028942 8.053897 1
6.919601 8.113318 1
6.924795 7.945973 1
6.806640 8.055938 1
8.271926 9.284926 1
9.404091 8.558254 1
9.206174 6.801451 1
10.000000 7.361111 0
9.884402 7.430390 1
9.916790 7.300453 1
7.361111 10.000000 0
7.296700 9.920088 1
7.432374 9.886025 1
6.387387 8.152041 1
6.332718 8.297338 1
6.266655 8.219926 1
6.453265 8.234514 1
6.475371 8.127416 1
8.654115 8.866799 1
9.431934 8.772491 1
8.354466 9.100688 1
8.455243 9.059108 1
8.492793 8.512167 1
9.121969 9.285225 1
9.221124 9.180266 1
9.282174 9.297025 1
8.157418 8.042859 1
9.791536 7.574777 1
9.752471 7.414346 1
7.574777 9.791536 1
7.408272 9.765462 1
8.308353 9.756657 1
9.680796 7.517345 1
9.527425 8.347806 1
9.512856 9.909224 1
9.913005 9.513889 1
8.717513 8.021095 1
7.994339 7.206226 1
8.021855 7.314355 1
7.888251 7.288100 1
7.942094 7.391339 1
8.315578 8.057897 1
8.654727 9.690136 1
6.901500 8.367714 1
7.266487 8.507080 1
7.559837 9.099396 1
10.000000 7.500000 0
7.500000 10.000000 0
8.426731 7.554425 1
8.538711 7.638179 1
9.369934 9.169523 1
9.507711 9.150927 1
9.407161 9.290156 1
6.808378 8.875128 1
6.901810 8.967202 1
9.213453 9.470921 1
7.121701 8.888822 1
7.252378 8.899221 1
7.108465 9.000947 1
8.181029 9.167747 1
8.851854 7.031663 1
8.755107 8.897501 1
6.225852 8.136789 1
6.304467 8.089989 1
9.722222 10.000000 0
9.583333 10.000000 0
10.000000 9.583333 0
10.000000 9.722222 0
7.584832 9.331422 1
7.660341 9.421269 1
7.579844 9.484646 1
7.220484 9.031564 1
8.327882 9.567870 1
6.443992 8.575473 1
6.882627 9.886447 1
9.886647 6.882835 1
6.430508 8.018143 1
8.884953 8.758950 1
8.747673 7.001902 1
7.559846 7.847754 1
7.004992 9.053137 1
7.022418 9.191932 1
8.786765 6.643507 2
8.929633 6.639293 2
8.875700 6.782248 1
9.000566 6.760541 1
8.192064 7.196077 1
8.784682 6.896964 1
8.725403 6.775643 2
6.303124 8.424181 1
7.894087 7.659541 1
7.666224 8.507869 1
7.710230 8.424544 1
7.797597 8.493773 1
7.271050 9.722310 1
7.253049 9.606718 1
10.000000 7.083333 0
9.858798 7.079720 1
7.083333 10.000000 0
7.079720 9.858798 1
7.202360 9.863933 1
6.232851 8.354238 1
6.092814 8.423142 1
7.781382 9.697988 1
7.656583 9.697560 1
9.697988 7.781382 1
9.697448 7.657166 1
8.844609 9.791304 1
8.541244 8.860346 1
10.000000 7.222222 0
7.222222 10.000000 0
7.764816 9.034150 1
7.806349 7.866779 1
7.800468 7.735221 1
8.117773 7.631908 1
8.055555 10.000000 0
10.000000 8.055555 0
7.705776 8.620243 1
6.916779 9.288080 1
7.154130 9.733686 1
7.124003 9.594628 1
7.778578 9.234900 1
7.881345 9.226439 1
7.806282 9.365907 1
7.827438 7.419106 1
8.004167 8.605570 1
7.719052 9.561968 1
8.984689 6.868281 1
9.255507 7.360882 1
6.862159 7.857463 1
7.058541 7.923673 1
7.376606 9.243668 1
7.754587 7.508244 1
6.138964 8.533108 1
6.067565 8.626242 2
5.982413 8.487105 2
8.901613 6.914772 1
7.329925 8.650030 1
9.884976 7.874085 1
7.874085 9.884976 1
7.355088 9.564360 1
6.817110 8.413960 1
7.102448 7.810996 1
9.624385 7.011266 1
9.720688 7.050440 1
7.894273 7.177075 2
6.909560 7.540865 2
8.681143 7.679514 1
9.089998 9.179560 1
8.590138 7.746810 1
7.384907 8.518030 1
6.624095 9.338402 1
6.492596 9.347685 2
9.334600 6.631521 2
9.027778 10.000000 0
10.000000 9.027778 0
8.781221 9.350517 1
9.001717 9.294336 1
8.901231 9.415819 1
8.789835 9.467961 1
9.084099 7.575365 1
9.182749 7.480721 1
9.200134 7.619064 1
7.041790 9.729144 1
6.395429 7.818680 1
6.379520 7.921695 1
7.482370 8.449934 1
7.467947 8.026443 1
7.316314 9.819341 1
8.846429 7.983572 1
7.987757 8.241926 1
8.092755 8.164125 1
7.862401 8.622876 1
7.795235 8.738968 1
8.585171 8.996217 1
6.808969 7.939981 1
8.051931 8.055278 1
9.719251 9.037647 1
9.592237 9.045720 1
6.297576 8.948071 2
6.219924 8.820246 2
6.336432 8.839258 1
9.200950 8.995839 1
7.981822 9.210610 1
7.004952 9.625604 1
7.973966 9.793027 1
7.926123 9.647036 1
8.071431 9.707599 1
8.057083 9.574646 1
9.793027 7.973966 1
9.711129 8.070436 1
9.649418 7.925094 1
7.563559 8.551735 1
6.780162 8.311740 1
7.515350 8.324350 1
7.409687 8.238256 1
7.575780 8.206882 1
7.473275 8.137273 1
7.681553 7.796613 1
7.855938 9.773578 1
9.774055 7.855732 1
9.067988 9.416265 1
9.045720 9.592237 1
9.700743 8.660844 1
9.695756 8.787876 1
8.780966 7.599359 1
6.706133 7.730347 1
8.112045 6.987551 1
6.730762 8.424308 1
6.201482 8.650692 1
6.106747 8.749391 2
9.195999 9.364137 1
9.815688 8.941504 1
8.113981 6.873288 2
8.265223 6.914089 2
8.568451 7.303868 1
8.475490 7.356688 1
9.288770 9.063309 1
9.562283 8.942449 1
8.971289 7.542330 1
6.324863 8.732353 1
9.461425 7.753967 1
7.683282 9.289816 1
9.411857 9.411857 1
9.486769 9.490499 1
7.389845 8.909194 1
7.382853 8.800762 1
7.606037 8.950572 1
7.479389 8.979532 1
8.425138 7.016284 1
7.277528 8.773541 1
9.476728 6.925831 1
7.460085 8.602646 1
6.441116 8.889874 1
8.587319 8.288657 1
6.723753 9.719796 1
6.604926 9.764725 1
9.764725 6.604926 2
9.719796 6.723753 1
7.130146 9.110865 1
7.266002 9.152352 1
8.969739 9.506767 1
9.032669 8.395570 1
9.360974 7.795764 1
9.230308 7.740407 1
7.830132 7.981082 1
8.505053 8.391668 1
8.798096 8.528203 1
9.279855 7.560593 1
8.243887 7.530795 1
9.121345 6.754663 1
6.494907 7.791564 1
10.000000 7.916667 0
7.916667 10.000000 0
8.938119 7.904119 1
10.000000 10.000000 0
9.861111 10.000000 0
9.892176 9.892176 1
10.000000 9.861111 0
6.953569 9.795262 1
6.845856 9.760732 1
9.113083 9.518191 1
8.702957 8.452410 1
7.858946 8.846169 1
7.725531 8.872280 1
7.346021 9.026924 1
6.842145 8.742575 1
9.895024 8.848654 1
8.849010 9.894740 1
7.989208 8.853703 1
6.265494 7.724443 2
6.428321 7.684815 3
7.761899 9.464337 1
7.123057 8.487046 1
9.797285 6.954320 1
9.755142 6.843324 1
8.816823 7.728460 1
8.696080 7.813788 1
8.830438 7.855295 1
8.316641 7.582819 1
8.291677 9.171988 1
9.305600 9.407574 1
7.945772 8.015533 1
6.654553 7.582757 2
6.929001 8.841491 1
8.146068 9.499043 1
8.165795 9.623449 1
6.205282 8.463008 1
6.498373 9.849589 2
6.485882 9.713652 2
9.772626 9.248697 1
7.307018 7.490772 1
7.657934 9.067125 1
7.452387 7.587508 1
8.603163 8.493831 1
6.532987 8.414411 1
7.935765 8.731040 1
9.085225 8.050256 1
7.612805 9.195540 1
7.660402 8.315230 1
7.803555 8.367072 1
7.778971 8.259164 1
9.786070 8.846450 1
6.303704 7.978455 1
9.784898 9.911309 1
9.908722 9.780123 1
9.170499 9.091424 1
8.621593 8.387638 1
8.896052 7.641379 1
9.003117 7.679253 1
8.920702 7.770984 1
8.933039 7.088361 1
7.276907 9.262949 1
7.842809 7.549614 1
7.861919 9.508206 1
7.967513 9.517891 1
7.236239 9.498988 1
7.181079 7.889103 1
8.240347 9.555644 1
7.146385 8.006252 1
9.680498 8.920775 1
7.491128 7.422709 1
7.413948 7.496979 1
7.358154 7.360455 2
8.010467 7.001027 2
10.000000 8.888889 0
8.888889 10.000000 0
5.958299 8.386499 2
6.578643 9.915918 1
6.910433 9.478945 1
8.731964 9.111744 1
7.598155 8.429619 1
6.571133 7.724998 1
6.690825 8.109853 1
8.660126 7.930956 1
7.471661 7.326222 1
8.467096 8.941441 1
9.309827 7.662305 1
9.319504 7.459493 1
7.830669 9.606924 1
7.056210 8.818560 1
8.280940 9.651610 1
8.757175 7.928904 1
7.020594 8.927916 1
9.113971 7.694994 1
9.473185 8.467130 1
7.669476 7.682158 1
7.343606 7.591983 1
9.524220 7.030573 1
9.534204 7.948786 1
7.712763 9.154874 1
9.915918 6.578643 2
9.605901 7.830323 1
8.104228 7.239747 1
8.225373 7.289495 1
7.773861 7.628350 1
9.598125 8.847374 1
10.000000 6.944445 0
6.944445 10.000000 0
6.422322 8.355339 1
9.147300 7.365983 1
9.583376 8.473415 1
8.174481 9.278128 1
9.503384 7.849445 1
9.414783 7.904535 1
6.987856 9.906951 1
9.906357 6.987324 1
7.250477 7.403278 1
7.919417 9.419112 1
9.577426 6.911754 1
7.968060 8.127023 1
6.907895 9.580243 1
7.000827 8.307480 1
6.901956 8.237766 1
6.800545 8.175446 1
7.804010 8.931683 1
7.705962 8.971114 1
6.523942 7.618282 2
7.958073 7.099554 2
6.289138 7.868203 2
6.527778 10.000000 0
8.642211 9.086759 1
7.763533 8.158393 1
7.846719 8.090850 1
9.907170 7.983811 1
7.983394 9.908610 1
7.010829 8.189888 1
7.688800 8.220469 1
9.377488 7.560817 1
7.226987 7.311540 2
8.953975 9.916777 1
9.918360 8.952032 1
7.178983 8.806170 1
6.922500 9.688689 1
7.102002 8.371950 1
9.095088 8.995237 1
9.685886 6.927042 1
7.889706 8.301809 1
6.198315 7.931916 2
8.323970 7.012460 1
7.870694 8.195121 1
6.098043 7.995399 2
6.212695 8.034580 1
 0 1 2
 3 1 0
 4 5 6
 7 5 4
 8 9 10
 11 12 13
 9 14 10
 15 16 17
 18 19 20
 21 22 23
 24 22 21
 19 25 20
 26 27 28
 29 12 11
 30 31 5
 27 32 28
 33 34 35
 36 37 38
 39 38 37
 40 41 42
 43 44 45
 46 47 48
 49 50 51
 52 53 54
 55 56 57
 58 59 12
 60 61 62
 63 34 33
 64 65 66
 67 68 69
 70 71 72
 73 74 75
 70 72 76
 77 20 78
 79 80 81
 82 54 53
 83 25 19
 78 20 25
 84 82 53
 85 86 87
 60 62 88
 89 66 65
 90 91 92
 93 92 91
 94 56 55
 95 96 97
 98 99 100
 101 102 103
 104 105 106
 107 108 48
 46 48 108
 109 110 111
 112 111 110
 101 103 113
 114 115 20
 116 117 118
 119 120 121
 67 122 68
 9 123 124
 104 125 126
 127 128 129
 130 131 132
 133 134 29
 135 136 137
 138 139 140
 141 142 143
 144 145 146
 147 148 149
 150 141 143
 151 20 115
 131 152 132
 114 91 115
 90 115 91
 153 154 155
 156 157 158
 159 160 161
 162 163 34
 164 165 166
 62 166 165
 167 168 169
 170 171 172
 173 172 171
 174 175 176
 177 178 179
 180 181 182
 183 184 185
 186 79 81
 73 187 74
 188 12 29
 189 142 33
 138 190 139
 191 192 193
 194 195 196
 197 198 199
 46 200 201
 46 201 47
 93 91 202
 203 204 100
 205 83 19
 206 207 208
 190 209 210
 143 169 168
 6 5 31
 211 212 213
 177 100 204
 106 105 214
 215 85 87
 123 216 124
 133 29 217
 218 193 192
 219 220 221
 221 220 194
 222 223 224
 152 225 132
 46 226 200
 109 111 88
 227 122 228
 2 22 24
 229 210 209
 112 230 111
 138 140 231
 211 232 212
 170 233 171
 234 235 236
 197 199 237
 238 239 240
 241 81 80
 152 242 225
 235 243 236
 159 244 160
 190 210 245
 153 246 154
 247 156 158
 248 57 56
 114 20 77
 249 250 251
 252 253 210
 151 18 20
 254 255 256
 52 257 53
 258 253 252
 30 5 259
 260 261 262
 263 97 166
 33 142 63
 238 264 239
 222 224 102
 64 66 137
 51 50 265
 2 1 86
 266 86 1
 164 166 97
 267 268 269
 270 271 272
 84 53 273
 267 269 274
 271 275 272
 276 277 278
 278 277 253
 279 280 82
 281 68 122
 39 282 38
 283 284 181
 285 286 287
 73 288 196
 67 228 122
 289 290 291
 292 290 289
 293 294 295
 296 294 293
 297 298 236
 234 236 298
 299 130 300
 114 301 91
 302 256 255
 303 304 305
 306 305 304
 138 209 190
 307 129 128
 308 225 309
 9 8 123
 310 123 8
 311 60 111
 178 312 179
 264 313 239
 58 314 59
 111 60 88
 7 315 316
 308 317 225
 195 318 319
 6 31 320
 3 320 31
 321 290 322
 299 323 130
 324 316 315
 144 325 145
 326 147 149
 40 207 41
 327 328 329
 330 265 50
 238 240 83
 331 332 333
 208 334 335
 174 336 175
 331 333 337
 211 319 318
 338 322 290
 49 51 339
 340 245 210
 341 118 117
 342 121 120
 343 344 345
 135 137 259
 135 168 136
 346 347 50
 279 82 348
 84 348 82
 211 213 294
 67 69 349
 32 350 28
 104 126 105
 351 105 126
 64 137 136
 175 352 176
 103 102 224
 203 155 154
 263 158 157
 188 224 223
 62 165 88
 215 214 353
 354 182 181
 355 185 184
 356 250 249
 215 353 22
 203 100 155
 263 157 97
 357 358 224
 103 224 358
 302 318 195
 359 360 361
 93 362 363
 188 29 134
 40 334 208
 364 365 366
 171 21 367
 368 369 370
 371 372 373
 374 178 309
 308 309 178
 375 376 151
 331 28 350
 95 97 157
 99 155 100
 13 12 59
 173 171 161
 96 118 97
 98 100 120
 109 165 377
 23 367 21
 354 181 284
 378 74 108
 47 313 48
 308 379 75
 376 380 151
 354 381 382
 359 349 383
 384 37 385
 133 386 134
 387 301 388
 354 284 381
 93 363 389
 43 45 390
 391 251 250
 392 393 394
 302 195 256
 38 282 395
 396 397 398
 399 398 397
 395 282 400
 46 401 226
 317 74 378
 75 74 317
 91 301 202
 301 402 388
 64 403 65
 404 163 405
 162 405 163
 331 337 28
 406 28 337
 167 136 168
 407 408 409
 410 409 408
 109 411 110
 196 288 412
 215 413 106
 276 370 305
 303 305 370
 414 415 416
 417 418 419
 420 421 422
 76 423 424
 127 425 128
 194 426 195
 427 428 110
 112 110 428
 114 77 402
 429 402 77
 430 431 432
 405 257 433
 434 435 415
 436 419 437
 164 97 438
 177 179 100
 36 385 37
 434 439 435
 436 437 322
 177 440 178
 368 370 441
 372 442 373
 443 48 313
 260 262 335
 444 445 446
 447 446 445
 420 423 421
 205 448 83
 434 274 269
 436 272 275
 285 61 286
 263 449 158
 285 158 449
 215 87 413
 406 337 450
 227 228 451
 343 452 344
 414 453 415
 454 417 419
 84 455 456
 174 92 389
 457 458 459
 58 460 461
 140 459 458
 198 361 360
 462 304 381
 303 381 304
 463 464 465
 466 398 336
 162 273 53
 30 259 467
 346 468 347
 308 178 440
 469 470 422
 471 472 278
 473 474 252
 475 476 477
 93 389 92
 39 393 392
 465 464 478
 165 479 377
 292 475 477
 75 379 288
 364 480 365
 144 146 481
 147 482 148
 186 483 79
 127 484 347
 213 347 484
 467 259 485
 197 486 198
 487 488 314
 489 490 491
 492 491 490
 211 294 296
 493 329 328
 494 66 495
 364 366 496
 34 163 497
 498 499 500
 195 319 196
 321 501 502
 302 232 318
 295 294 129
 470 420 422
 503 244 504
 505 506 507
 374 312 178
 43 508 509
 39 392 282
 29 11 217
 510 272 511
 436 511 272
 512 513 269
 434 269 513
 285 287 514
 425 515 128
 515 387 128
 420 424 423
 503 516 244
 517 505 507
 135 259 5
 518 176 352
 404 519 163
 520 163 519
 162 34 521
 116 522 117
 523 119 121
 524 498 500
 94 55 486
 40 208 207
 359 383 360
 525 14 59
 526 527 502
 528 529 530
 447 531 446
 43 509 44
 90 532 115
 151 115 532
 476 533 477
 525 59 314
 526 501 507
 492 534 491
 101 332 102
 2 24 0
 535 0 24
 108 74 401
 241 385 536
 52 433 257
 43 390 469
 36 537 409
 538 345 344
 324 456 455
 260 539 261
 540 541 542
 509 540 542
 491 534 543
 160 435 161
 73 319 296
 26 451 544
 268 545 269
 270 272 546
 188 223 12
 58 12 223
 321 502 547
 548 450 337
 36 38 549
 550 551 367
 444 446 552
 39 553 393
 73 75 288
 554 456 315
 324 315 456
 430 555 431
 89 495 66
 554 556 456
 557 544 451
 62 61 449
 9 124 558
 559 558 124
 104 560 125
 180 561 181
 562 183 185
 308 75 317
 171 233 21
 49 563 311
 378 132 317
 225 317 132
 109 88 165
 49 311 230
 430 564 555
 51 555 564
 487 314 461
 58 461 314
 565 286 566
 159 367 551
 276 441 370
 229 373 442
 266 87 86
 567 568 569
 399 530 529
 526 570 527
 84 456 348
 571 79 572
 557 228 573
 535 24 233
 63 521 34
 359 574 349
 160 416 415
 575 419 418
 557 451 228
 443 576 48
 443 313 264
 577 578 18
 579 580 524
 391 524 580
 575 507 501
 346 581 425
 211 318 232
 279 264 280
 241 536 582
 583 405 433
 355 231 584
 585 584 231
 586 587 588
 302 589 232
 398 590 336
 591 527 570
 592 593 594
 595 594 593
 596 597 598
 374 598 597
 599 524 250
 391 250 524
 70 600 71
 151 380 18
 526 502 501
 338 477 533
 73 196 319
 43 469 422
 601 602 603
 604 603 602
 94 486 605
 510 606 272
 512 269 607
 430 608 564
 565 564 608
 609 287 286
 203 154 610
 611 610 154
 7 612 315
 384 385 613
 104 106 560
 16 560 106
 327 329 614
 71 600 615
 616 617 541
 462 608 618
 619 185 584
 596 121 597
 342 597 121
 592 594 117
 341 117 594
 173 161 435
 219 610 220
 327 620 621
 601 228 602
 67 602 228
 324 622 316
 330 50 347
 324 623 622
 69 383 349
 457 624 255
 302 255 624
 254 625 255
 58 223 460
 6 320 626
 430 618 608
 616 365 627
 191 193 628
 528 530 629
 457 255 458
 585 458 255
 630 631 304
 342 179 312
 577 18 380
 16 106 413
 260 335 334
 632 464 633
 579 524 500
 198 360 199
 400 199 360
 634 452 635
 630 459 139
 140 139 459
 430 432 618
 167 636 136
 330 347 212
 72 423 76
 637 633 464
 616 366 365
 369 182 370
 371 373 184
 638 214 105
 457 432 431
 557 573 639
 586 640 134
 283 287 284
 47 201 641
 103 480 113
 146 145 642
 643 642 145
 644 149 645
 148 645 149
 473 252 442
 472 441 278
 525 488 236
 297 236 488
 487 646 488
 39 37 553
 103 358 480
 478 647 646
 297 646 647
 609 286 648
 79 483 572
 171 367 161
 616 587 617
 586 134 386
 649 226 401
 407 409 537
 601 573 228
 152 131 650
 651 650 131
 565 648 286
 94 519 652
 429 77 653
 213 212 347
 295 654 226
 355 584 185
 655 569 568
 525 314 488
 457 459 432
 229 442 252
 276 278 441
 143 168 623
 215 106 214
 396 411 377
 109 377 411
 94 652 56
 492 87 534
 129 294 484
 616 627 587
 63 142 656
 52 448 433
 205 433 448
 643 216 123
 657 87 492
 200 226 654
 571 658 79
 268 659 545
 660 270 546
 291 298 289
 299 300 661
 662 663 664
 662 664 665
 666 481 667
 229 209 373
 138 373 209
 6 626 4
 420 470 483
 321 437 501
 387 202 301
 462 668 608
 303 382 381
 307 669 654
 670 671 580
 391 580 671
 632 672 464
 222 332 673
 331 673 332
 466 336 389
 174 389 336
 246 674 154
 247 158 675
 374 309 242
 225 242 309
 3 31 1
 670 676 176
 174 176 676
 571 677 678
 30 1 31
 174 676 92
 73 296 187
 7 316 5
 476 679 533
 478 464 672
 554 315 612
 478 672 647
 327 614 620
 137 66 485
 26 680 451
 681 682 482
 63 273 521
 554 683 684
 685 684 683
 609 381 284
 84 273 686
 26 28 680
 110 411 687
 140 458 231
 585 231 458
 266 534 87
 306 304 631
 36 409 536
 611 220 610
 188 640 224
 90 92 676
 585 255 625
 630 304 688
 107 48 576
 643 123 642
 310 642 123
 644 645 126
 351 126 645
 197 605 486
 211 296 319
 404 405 689
 583 689 405
 135 5 316
 241 613 385
 559 217 11
 384 613 690
 238 448 280
 691 461 460
 595 692 693
 694 509 508
 643 695 696
 494 543 467
 303 370 382
 138 697 373
 698 282 392
 599 639 573
 494 495 491
 649 74 187
 63 656 273
 64 636 403
 96 116 118
 119 98 120
 492 490 17
 13 59 14
 272 606 546
 269 545 607
 447 35 531
 634 699 452
 700 237 199
 2 85 22
 137 485 259
 307 388 701
 146 667 481
 9 558 14
 13 14 558
 286 61 566
 476 629 530
 494 491 543
 101 113 702
 670 580 703
 579 703 580
 526 507 506
 159 504 244
 51 564 339
 427 363 362
 410 582 409
 162 521 273
 227 451 680
 378 108 704
 101 702 71
 705 344 452
 148 482 682
 565 608 648
 586 588 640
 510 511 533
 338 533 511
 499 706 707
 708 707 706
 90 703 532
 579 532 703
 285 514 158
 611 154 709
 36 549 537
 710 483 470
 384 553 37
 127 468 425
 346 425 468
 471 278 711
 258 711 278
 258 252 712
 474 712 252
 713 431 555
 369 180 182
 183 371 184
 47 641 239
 357 224 640
 714 641 201
 307 701 669
 266 467 543
 715 716 717
 30 718 1
 630 688 459
 432 459 688
 162 257 405
 298 719 289
 135 622 168
 340 210 253
 107 704 108
 387 515 202
 159 161 367
 285 449 61
 143 623 150
 525 10 14
 429 701 388
 266 1 718
 720 531 35
 427 110 687
 721 722 593
 234 298 723
 291 723 298
 724 360 383
 420 483 424
 725 693 692
 34 497 35
 720 35 497
 579 375 532
 407 726 68
 619 584 727
 728 729 730
 731 620 614
 246 732 674
 733 247 675
 509 542 734
 44 509 734
 462 688 304
 567 716 626
 643 735 695
 258 278 253
 229 252 210
 567 320 568
 292 289 344
 538 344 289
 340 253 277
 647 672 345
 263 166 449
 62 449 166
 364 702 113
 130 132 704
 736 243 235
 346 50 737
 49 737 50
 188 134 640
 203 610 204
 219 204 610
 489 491 495
 215 22 85
 26 544 27
 715 717 683
 601 706 738
 321 547 290
 406 680 28
 292 477 290
 691 673 350
 331 350 673
 739 690 613
 448 54 280
 297 719 298
 194 196 412
 429 388 402
 595 593 722
 70 76 740
 186 740 76
 279 741 264
 162 53 257
 206 208 742
 425 581 515
 743 362 202
 60 311 563
 520 497 163
 191 650 744
 651 744 650
 595 397 692
 396 692 397
 535 745 568
 218 513 193
 512 193 513
 93 202 362
 240 653 78
 138 231 697
 743 202 515
 721 593 746
 655 568 745
 355 697 231
 583 433 578
 205 578 433
 36 536 385
 691 350 747
 604 349 574
 638 353 214
 84 686 455
 698 730 729
 341 748 438
 107 576 661
 685 661 576
 69 68 726
 554 684 556
 609 668 381
 462 381 668
 396 377 692
 725 692 377
 341 693 748
 238 280 264
 23 22 353
 685 749 684
 592 606 593
 510 593 606
 596 598 607
 512 607 598
 691 747 750
 240 641 653
 599 498 524
 343 672 635
 632 635 672
 46 108 401
 601 603 706
 567 751 716
 279 684 741
 378 704 132
 601 738 573
 297 488 646
 700 729 262
 728 262 729
 567 569 751
 466 389 363
 443 749 576
 752 412 288
 494 485 66
 604 602 349
 67 349 602
 261 753 237
 164 479 165
 400 282 754
 443 264 741
 295 129 654
 575 501 437
 550 367 755
 374 756 598
 520 605 753
 565 566 563
 60 563 566
 585 727 584
 77 78 653
 370 182 382
 373 697 184
 101 333 332
 518 757 699
 64 136 636
 611 709 727
 619 727 709
 175 336 590
 644 758 149
 643 145 735
 429 653 701
 714 701 653
 238 83 448
 643 696 216
 510 746 593
 60 566 61
 512 598 759
 724 395 360
 189 760 761
 494 467 485
 97 118 438
 341 438 118
 342 120 179
 100 179 120
 190 245 631
 565 563 339
 520 753 762
 637 544 633
 356 633 544
 151 532 375
 307 654 129
 579 500 375
 611 727 763
 141 656 142
 611 763 220
 147 764 482
 765 144 481
 195 426 256
 307 128 388
 698 754 282
 518 352 757
 364 766 702
 222 102 332
 728 335 262
 454 419 275
 436 275 419
 434 415 274
 453 274 415
 90 676 703
 670 703 676
 595 693 594
 320 767 568
 177 768 440
 736 8 10
 396 398 769
 266 718 467
 520 519 605
 94 605 519
 283 514 287
 599 573 738
 159 551 504
 681 504 551
 112 428 581
 743 581 428
 55 574 361
 770 771 650
 505 772 506
 503 504 773
 254 426 220
 194 220 426
 291 290 547
 502 527 723
 234 723 527
 30 467 718
 724 537 549
 154 674 709
 158 514 675
 714 653 641
 343 635 452
 499 738 706
 698 392 774
 466 769 398
 49 339 563
 721 530 775
 399 775 530
 609 648 668
 608 668 648
 399 590 398
 684 749 741
 595 722 397
 399 397 775
 638 776 755
 16 657 17
 634 251 671
 391 671 251
 493 761 760
 770 650 628
 505 765 772
 764 503 773
 297 647 719
 218 172 439
 374 597 312
 351 776 105
 638 105 776
 130 704 300
 528 629 757
 705 757 629
 577 777 578
 583 578 777
 130 323 131
 260 334 531
 446 531 334
 736 778 8
 310 8 778
 23 755 367
 141 455 686
 457 431 624
 2 86 85
 114 402 301
 186 424 483
 406 450 779
 99 153 155
 156 95 157
 780 781 408
 410 408 781
 222 460 223
 670 782 671
 634 671 783
 87 657 413
 152 650 771
 752 440 768
 728 730 742
 743 515 581
 526 506 570
 666 570 506
 739 784 690
 7 4 612
 710 572 483
 585 625 727
 127 129 484
 49 230 737
 261 237 262
 374 242 756
 731 329 785
 444 785 329
 721 679 530
 254 220 763
 111 230 311
 571 786 677
 466 411 769
 724 549 395
 387 388 128
 70 740 781
 410 781 740
 499 707 500
 376 500 707
 575 437 419
 160 415 435
 466 687 411
 338 511 322
 436 322 511
 218 439 513
 434 513 439
 55 361 486
 47 239 313
 725 377 479
 240 239 641
 565 339 564
 338 290 477
 173 439 172
 191 628 650
 152 771 242
 396 769 411
 634 635 249
 632 249 635
 410 740 81
 713 624 431
 787 695 735
 591 778 235
 476 530 679
 112 788 230
 598 756 759
 525 236 243
 453 267 274
 271 454 275
 127 347 468
 548 615 600
 248 56 789
 790 789 56
 24 21 233
 279 556 684
 596 545 791
 659 791 545
 592 792 546
 660 546 792
 649 401 74
 567 626 320
 190 631 139
 721 533 679
 447 33 35
 444 329 760
 493 760 329
 213 484 294
 522 660 792
 659 523 791
 281 779 793
 16 413 657
 663 471 711
 474 665 712
 522 792 117
 523 121 791
 359 361 574
 72 71 702
 550 755 776
 502 723 547
 291 547 723
 770 759 756
 694 496 366
 421 766 496
 197 237 753
 637 27 544
 731 614 329
 186 81 740
 721 746 533
 510 533 746
 596 791 121
 592 117 792
 780 793 779
 715 626 716
 666 506 772
 681 773 504
 736 235 778
 324 150 623
 261 539 762
 720 762 539
 357 627 358
 365 358 627
 200 654 669
 492 17 657
 472 368 441
 372 473 442
 18 578 19
 13 558 11
 559 11 558
 476 475 629
 266 543 534
 325 787 735
 356 249 633
 632 633 249
 780 600 781
 548 337 333
 206 742 730
 306 277 305
 299 717 716
 708 706 794
 364 113 480
 538 289 719
 107 300 704
 186 76 424
 306 245 277
 324 455 150
 170 795 745
 189 761 142
 685 717 661
 715 683 612
 554 612 683
 724 383 726
 69 726 383
 208 335 742
 728 742 335
 407 537 726
 170 192 795
 790 652 689
 557 639 544
 356 544 639
 306 631 245
 698 774 730
 796 730 774
 101 71 615
 739 613 80
 341 594 693
 407 793 408
 561 733 797
 732 562 798
 400 360 395
 705 629 475
 770 193 759
 512 759 193
 410 81 582
 463 799 464
 535 233 745
 173 435 439
 321 322 437
 516 414 416
 417 517 418
 299 661 717
 240 78 83
 25 83 78
 538 647 345
 241 80 613
 592 546 606
 596 607 545
 143 142 761
 487 750 465
 463 465 750
 770 628 193
 170 745 233
 790 689 777
 355 184 697
 354 382 182
 218 192 172
 637 464 799
 705 475 344
 407 68 793
 752 288 379
 79 658 80
 739 80 658
 666 800 570
 591 570 800
 538 719 647
 222 673 460
 691 460 673
 713 589 624
 302 624 589
 241 582 81
 52 54 448
 406 779 801
 780 408 793
 720 539 531
 260 531 539
 487 461 750
 691 750 461
 713 555 265
 357 640 588
 392 394 774
 796 774 394
 3 767 320
 739 678 784
 346 788 581
 299 751 323
 651 323 751
 715 4 626
 364 496 766
 281 793 68
 189 33 445
 713 265 802
 685 683 717
 609 284 287
 168 622 623
 356 639 250
 599 250 639
 135 316 622
 205 19 578
 299 716 751
 634 783 699
 706 603 794
 619 674 798
 732 798 674
 733 675 797
 283 797 675
 739 658 678
 571 678 658
 167 169 328
 357 588 627
 587 627 588
 634 249 251
 616 541 540
 550 803 551
 681 551 803
 666 667 800
 198 486 361
 70 781 600
 40 42 334
 446 334 42
 376 804 380
 577 380 804
 281 801 779
 724 726 537
 520 762 497
 720 497 762
 705 699 757
 463 747 799
 518 699 783
 715 612 4
 681 803 682
 705 452 699
 279 348 556
 456 556 348
 141 150 455
 107 661 300
 404 652 519
 599 738 498
 376 375 500
 170 172 192
 447 445 33
 591 235 527
 234 527 235
 770 756 771
 242 771 756
 409 582 536
 638 755 353
 710 805 786
 72 702 766
 670 176 782
 694 540 509
 3 0 767
 535 767 0
 248 603 57
 604 57 603
 32 799 747
 651 751 569
 780 450 600
 752 379 440
 308 440 379
 663 711 664
 665 664 712
 478 646 465
 343 345 672
 325 735 145
 326 149 758
 342 312 597
 16 15 560
 32 747 350
 443 741 749
 112 581 788
 327 621 806
 685 576 749
 38 395 549
 295 226 293
 649 293 226
 528 757 352
 219 768 204
 666 772 481
 681 482 773
 516 416 244
 517 507 418
 330 212 802
 232 802 212
 191 744 795
 655 795 744
 82 280 54
 276 305 277
 340 277 245
 561 797 181
 562 185 798
 248 794 603
 518 782 176
 164 438 748
 219 221 768
 493 328 169
 790 777 807
 577 807 777
 655 745 795
 700 262 237
 177 204 768
 191 795 192
 575 418 507
 160 244 416
 487 465 646
 406 801 680
 194 412 221
 403 806 621
 710 786 572
 143 761 169
 283 675 514
 619 709 674
 346 737 788
 790 56 652
 550 776 803
 591 800 778
 197 753 605
 765 481 772
 764 773 482
 651 131 323
 462 618 688
 432 688 618
 404 689 652
 725 748 693
 292 344 475
 630 139 631
 421 496 508
 700 754 729
 698 729 754
 619 798 185
 283 181 797
 258 712 664
 258 664 711
 463 750 747
 351 645 682
 148 682 645
 752 768 221
 351 803 776
 43 422 508
 421 508 422
 637 799 27
 32 27 799
 808 809 390
 469 390 809
 146 642 667
 310 667 642
 365 480 358
 535 568 767
 499 498 738
 227 680 801
 254 256 426
 327 806 328
 175 529 352
 232 589 802
 525 243 10
 548 600 450
 281 122 801
 227 801 122
 714 669 701
 55 57 574
 604 574 57
 700 199 754
 400 754 199
 583 777 689
 743 428 362
 736 10 243
 189 445 760
 296 293 187
 23 353 755
 200 669 201
 714 201 669
 571 572 786
 427 362 428
 101 615 333
 548 333 615
 694 366 540
 616 540 366
 790 807 789
 708 789 807
 528 352 529
 721 775 722
 397 722 775
 310 778 800
 727 625 763
 230 788 737
 808 805 809
 710 809 805
 651 569 744
 655 744 569
 261 762 753
 713 802 589
 51 265 555
 421 423 766
 752 221 412
 167 328 806
 446 42 552
 708 804 707
 469 809 470
 710 470 809
 376 707 804
 273 656 686
 164 748 479
 254 763 625
 708 807 804
 330 802 265
 577 804 807
 725 479 748
 466 363 687
 72 766 423
 444 552 785
 780 779 450
 493 169 761
 444 760 445
 708 794 789
 518 783 782
 671 782 783
 175 590 529
 351 682 803
 649 187 293
 427 687 363
 310 800 667
 141 686 656
 694 508 496
 167 806 636
 403 636 806
 248 789 794
 399 529 590
 22
 808 542 133 586 559 45 587 44 695 217 677 124 696 678 541 617 805 786 386 390 216 734
 0
 0
 31
 489 796 384 644 731 206 89 41 126 403 620 207 65 490 730 690 17 125 678 495 560 785 393 784 553 15 42 394 552 621 758
 0
 0
 0
 0
 0
