572 1045
5.221864 8.314909 1
5.194563 8.453780 1
5.103426 8.308444 1
5.039473 8.409187 1
4.843771 7.742307 1
4.766234 7.666049 1
4.942622 7.631082 1
4.792192 8.827494 1
4.900336 8.739722 1
4.900708 8.889679 1
5.018963 8.822566 1
4.821928 7.549235 1
6.547130 9.231997 1
6.642835 9.095756 1
6.670410 9.223898 1
6.336443 7.604251 1
6.425355 7.527565 2
6.428321 7.684815 1
6.523942 7.618282 2
6.485560 9.116166 1
4.711200 8.307444 2
4.741633 8.163024 1
4.860852 8.234040 1
5.725996 8.491804 1
5.840215 8.416333 1
5.846289 8.591111 1
5.982413 8.487105 1
6.329707 9.377750 1
6.492596 9.347685 1
6.401016 9.473169 1
6.985586 7.796449 1
6.940618 7.663868 1
7.081625 7.688628 1
7.047115 7.545722 2
6.144520 8.261088 1
6.017505 8.310702 1
6.014330 8.187575 1
5.899400 8.271502 1
4.835890 8.349513 1
5.996070 7.736128 1
5.958368 7.915096 1
5.865686 7.811341 1
6.023907 9.579772 1
5.876548 9.535896 1
6.006768 9.473273 1
5.033668 8.974723 1
4.887443 9.018431 1
5.160952 8.874516 1
6.783435 9.018176 1
6.778850 9.177019 2
5.117629 9.121278 1
5.054770 9.226753 1
4.976250 9.108380 1
7.275660 8.213222 1
7.137843 8.159833 1
7.227174 8.086565 1
6.686429 8.234365 1
6.638235 8.363351 1
6.535256 8.299313 1
4.595613 8.187726 2
4.511151 8.049745 2
4.657690 8.056572 1
6.567698 8.175380 1
6.406180 9.252308 1
6.515550 7.910473 1
6.624644 7.818213 1
6.686428 7.967595 1
4.543251 6.941085 1
4.651010 6.849020 1
4.676975 7.006541 1
5.838173 7.692947 1
6.646036 8.522911 1
6.661362 8.674201 1
6.551526 8.651682 1
4.992723 9.561673 1
4.955625 9.444233 1
5.100862 9.495233 1
5.104562 9.353175 1
5.571858 7.994799 1
5.702821 7.933967 1
5.684880 8.078018 1
5.326624 8.394687 1
5.455002 8.323562 1
5.448535 8.493784 1
5.942748 9.666035 1
6.126753 7.757062 1
6.265494 7.724443 1
6.192368 7.834031 1
6.522646 8.522436 1
5.281036 8.087737 1
5.183760 7.973964 1
5.325183 7.953028 1
5.229473 7.854873 1
7.193438 8.308837 1
6.687997 9.444273 2
6.673309 9.597209 2
6.560266 9.486866 1
5.786549 8.751596 1
5.831116 8.859455 1
5.704263 8.908795 1
4.176283 7.510770 1
4.021476 7.534031 2
4.107207 7.367772 2
5.667077 8.750273 1
6.344052 9.144920 1
6.398485 9.020336 1
6.036715 7.571488 1
6.139481 7.641781 1
4.928938 8.408052 1
4.815514 8.530622 2
5.339095 9.054036 1
5.474401 8.974982 1
5.467297 9.110331 1
6.090784 7.860630 1
6.572844 8.041079 1
6.551444 8.971073 1
4.623083 9.182564 2
4.752560 9.091887 1
4.753585 9.217464 1
4.643481 9.022559 2
4.921981 8.624599 1
4.799302 8.686742 2
5.316194 8.940395 1
5.494482 9.751087 1
5.389594 9.632672 1
5.532137 9.655560 1
5.317335 8.524278 1
7.548998 7.737122 2
7.428339 7.792615 1
7.404126 7.691044 2
5.214862 8.622054 1
5.107150 8.727748 1
5.044873 8.595980 1
5.664499 7.207910 1
5.646004 7.361714 1
5.534051 7.227073 1
5.494450 7.360512 1
4.374683 7.131568 1
4.237511 7.038578 1
4.349758 7.017886 1
5.840853 8.968827 1
6.024354 9.014854 1
5.875474 9.096663 1
4.659850 8.878281 2
4.771643 8.955138 1
4.218152 7.147321 1
4.145229 7.234875 2
4.059261 7.122772 2
5.248151 9.549439 1
5.089444 9.635806 1
5.225109 9.663507 1
4.864355 9.365487 1
4.799243 9.464533 1
4.813176 7.911351 1
4.948983 7.864202 1
5.951161 8.879012 1
6.555438 9.633027 1
6.713991 8.770042 1
6.679886 8.911281 1
6.559259 8.790221 1
5.777870 9.287535 1
5.914904 9.298908 1
5.802255 9.410053 1
5.912392 9.415397 1
4.888464 9.546127 1
7.203186 8.425324 1
7.341808 8.373205 2
5.928920 7.612831 1
5.397138 9.790697 1
5.534955 8.410294 1
5.040743 7.991185 1
5.087064 7.877637 1
6.750058 7.850803 1
5.724779 7.792501 1
5.813758 7.908040 1
4.557470 9.579404 1
4.409207 9.553614 2
4.558940 9.462377 2
5.087629 7.126500 1
5.238856 7.112688 1
5.122115 7.262406 1
5.279744 7.252313 1
4.534422 7.490746 1
4.536436 7.376394 1
4.672927 7.475581 1
4.652640 7.350923 1
5.914955 8.744390 1
4.834458 7.281233 1
4.974308 7.230979 1
4.991446 7.348893 1
5.115304 7.631296 1
5.248849 7.594256 1
5.241812 7.726308 1
4.973298 8.502631 1
5.830169 8.029728 1
4.743224 8.436479 2
4.900292 7.423846 1
6.186282 9.712640 1
6.141191 9.618241 1
6.285971 9.581976 1
5.125394 7.766198 1
4.911258 9.657254 1
6.098043 7.995399 1
5.970793 8.053564 1
5.285058 6.963790 2
5.444646 6.913848 2
5.374543 7.049115 1
7.084967 8.269139 1
5.942912 7.503657 1
5.844851 7.405440 1
5.952569 7.343401 1
7.204169 7.596014 2
4.576108 7.607667 1
5.568016 7.505361 1
5.421016 7.473299 1
4.938622 9.210174 1
5.663185 8.228879 1
5.791213 8.162083 1
4.121198 7.040025 1
4.711037 7.794382 1
4.598866 7.059680 1
5.956855 8.621002 1
6.899935 9.120657 2
5.582434 7.111613 1
5.730698 7.082888 1
6.036983 7.427572 1
4.971705 8.284924 1
4.976001 8.131276 1
5.722375 7.494719 1
5.690073 7.627812 1
5.019590 9.767318 1
5.617157 9.754135 1
5.728519 9.697784 1
5.782080 9.823995 1
5.553058 7.626899 1
5.658605 9.881393 1
6.894502 8.629272 1
6.754989 8.622025 1
6.789530 8.518266 1
6.902410 8.501462 1
5.361442 9.235927 1
5.476700 9.225661 1
5.444541 9.386308 1
4.468042 7.715165 1
4.502781 7.876628 1
4.367325 7.805503 1
4.584562 7.758676 1
7.358087 8.091799 2
6.155670 9.054038 1
6.189645 8.950685 1
6.099037 8.875254 1
4.771996 6.822196 2
4.921848 6.875056 2
4.776976 6.939325 1
4.386937 7.957093 2
6.415514 8.787515 1
6.440328 8.675400 1
4.579339 9.775171 1
4.491577 9.682027 1
4.655893 9.654855 1
7.380548 7.964545 1
7.327610 7.829855 1
7.459446 7.887070 2
6.111039 8.111499 1
6.153409 9.522855 1
4.581967 7.159510 1
4.698600 7.260993 1
4.564543 7.276639 1
6.396385 8.457839 1
6.343915 8.611896 1
6.266117 8.525078 1
5.592066 7.860765 1
5.601561 9.025578 1
5.607803 9.159656 1
4.715678 7.142967 1
7.050214 8.601746 2
6.979998 8.732032 2
5.072101 8.187603 1
5.287799 9.750173 1
7.269433 7.976513 1
6.802744 7.636057 2
6.841384 7.754109 1
6.265505 9.053463 1
6.464293 9.583187 1
5.305802 8.228199 1
4.707977 7.588343 1
5.513700 9.525151 1
4.770649 7.392766 1
5.097023 7.394842 1
7.201718 7.753582 1
7.292130 7.686495 1
5.555555 10.000000 0
5.416667 10.000000 0
5.510119 9.866122 1
5.194096 9.013437 1
4.346334 9.701820 2
4.437894 9.836925 2
4.951414 7.741698 1
5.676312 9.257267 1
5.751612 9.154735 1
7.006534 8.433873 1
7.028942 8.053897 1
6.919601 8.113318 1
6.924795 7.945973 1
6.806640 8.055938 1
5.019200 7.792492 1
5.102235 8.506653 1
5.407197 9.504215 1
6.387387 8.152041 1
6.332718 8.297338 1
6.266655 8.219926 1
6.453265 8.234514 1
6.475371 8.127416 1
5.720436 8.623577 1
5.606541 8.533944 1
5.626664 7.003680 1
5.151985 9.824062 1
5.070296 9.897686 1
5.425395 8.066589 1
5.626382 8.655936 1
5.311906 9.455657 1
5.147015 9.724869 1
6.250000 10.000000 0
6.111111 10.000000 0
6.181142 9.858657 1
4.597871 7.963859 1
6.901500 8.367714 1
7.266487 8.507080 2
5.180929 8.201887 1
6.808378 8.875128 1
6.901810 8.967202 2
6.388434 9.671264 1
5.230484 9.305805 1
5.261732 9.161214 1
5.323923 9.351140 1
5.401987 8.855069 1
6.225852 8.136789 1
6.304467 8.089989 1
4.856603 7.145395 1
6.302894 9.706076 1
5.284117 8.831192 1
6.443992 8.575473 1
6.430508 8.018143 1
5.860522 9.198224 1
5.447165 8.199057 1
7.559846 7.847754 2
4.900376 8.008267 1
5.368001 7.803230 1
4.998565 8.691900 1
6.303124 8.424181 1
5.982752 9.153278 1
5.972222 10.000000 0
5.898700 9.885500 1
6.060734 9.888889 1
5.153835 9.233645 1
5.342384 7.156353 1
6.232851 8.354238 1
6.092814 8.423142 1
5.554943 8.137086 1
5.906887 8.149755 1
6.158843 7.484761 1
6.214417 7.341128 2
6.287699 7.489812 2
5.281466 7.474548 1
5.354449 7.365193 1
6.297576 8.948071 1
6.219924 8.820246 1
4.872307 7.020385 1
4.252996 7.294376 1
4.354853 7.244166 1
5.215716 9.421371 1
5.389453 9.894346 1
5.020481 7.500053 1
4.783399 8.029253 1
6.862159 7.857463 1
5.836073 9.651634 1
5.519876 8.638554 1
5.384756 8.631455 1
5.327545 8.743096 1
7.058541 7.923673 1
6.138964 8.533108 1
6.067565 8.626242 1
4.859877 9.151567 1
4.251044 7.871155 2
5.001524 7.020991 1
5.076235 6.911542 2
6.817110 8.413960 1
5.720968 9.035899 1
7.102448 7.810996 1
6.099948 9.147806 1
5.375149 9.146306 1
6.624095 9.338402 1
6.244683 9.457056 1
6.100932 9.407632 1
5.848434 6.998054 2
5.884179 7.129126 2
6.233740 7.586770 1
6.199639 9.344516 1
5.449233 7.590049 1
6.395429 7.818680 1
6.379520 7.921695 1
5.480383 8.766965 1
4.921330 7.526054 1
5.774346 8.272356 1
5.567767 9.303588 1
7.467947 8.026443 2
4.852577 8.123547 1
4.963239 7.116050 1
6.054611 9.284513 1
6.808969 7.939981 1
6.336432 8.839258 1
5.778982 7.195742 1
5.513087 7.016447 1
5.599947 6.895392 2
6.780162 8.311740 1
4.444445 10.000000 0
4.543991 9.895347 1
5.694445 10.000000 0
6.070055 7.308872 1
6.124454 7.204599 2
5.215215 8.747265 1
4.231218 7.410373 1
5.870399 9.754210 1
6.706133 7.730347 1
5.993177 9.780726 1
6.730762 8.424308 1
6.008992 8.708517 1
6.106747 8.749391 1
6.201482 8.650692 1
4.282556 6.957081 1
4.143545 6.940578 1
4.203537 6.832942 2
4.446509 7.322335 1
4.440694 7.457618 1
5.209591 7.373124 1
7.409687 8.238256 2
4.698592 8.771091 2
5.830730 7.559935 1
6.324863 8.732353 1
5.576140 8.729132 1
4.347909 7.403681 1
5.713191 8.365657 1
4.042965 6.835967 2
4.102388 6.731255 3
5.154410 7.012564 1
6.441116 8.889874 1
5.493474 7.799499 1
5.460635 7.695292 1
5.590402 8.831272 1
6.909560 7.540865 2
5.462663 7.912985 1
5.640282 9.603033 1
5.124939 8.088936 1
5.000000 10.000000 0
4.861111 10.000000 0
4.913227 9.878787 1
4.722222 10.000000 0
4.583333 10.000000 0
4.672441 9.880175 1
5.344021 7.672044 1
6.604926 9.764725 2
6.494907 7.791564 1
5.958299 8.386499 1
6.842145 8.742575 1
5.348897 7.561344 1
6.164565 9.233966 1
4.476462 7.048297 1
4.404589 6.915154 1
5.864811 7.265457 1
5.756623 7.304313 1
4.368891 9.918979 2
5.284987 9.862564 1
4.251238 7.728322 2
5.138889 10.000000 0
5.198089 9.915951 1
6.654553 7.582757 2
6.303110 9.885636 1
5.725727 6.942658 2
6.929001 8.841491 2
6.205282 8.463008 1
6.498373 9.849589 2
6.485882 9.713652 1
6.379928 9.784677 1
6.527778 10.000000 0
6.405153 9.898450 1
4.667230 7.685610 1
4.614072 7.870597 1
4.361379 7.659491 1
4.454059 7.580986 1
4.141549 7.641022 2
6.759707 9.315547 2
4.357193 7.543555 1
6.532987 8.414411 1
7.123057 8.487046 2
6.388889 10.000000 0
5.983962 7.228858 2
4.671092 9.415395 1
4.757458 9.336107 1
4.380692 6.783002 2
4.504460 6.802976 1
5.997921 9.375944 1
5.028214 7.709449 1
4.565258 9.317526 2
6.303704 7.978455 1
6.264444 9.787251 1
6.019511 8.795521 1
6.096767 9.787628 1
4.309435 6.850822 1
4.485376 6.682701 2
5.277778 10.000000 0
4.670959 9.291055 1
5.544349 8.245235 1
7.181079 7.889103 1
5.954902 6.877563 3
5.983438 7.024341 2
5.585395 7.733250 1
7.146385 8.006252 1
4.595124 6.705735 1
4.679265 9.535705 1
6.122543 7.390570 1
5.162119 7.494687 1
6.571133 7.724998 1
5.833333 10.000000 0
6.690825 8.109853 1
4.783470 9.602942 1
4.796529 9.717548 1
5.743260 7.394180 1
4.693612 9.760940 1
4.776282 7.054303 1
6.276409 9.249656 1
4.022027 6.978586 2
7.343606 7.591983 2
5.402276 7.244334 1
4.464261 7.193318 1
4.566793 6.573065 3
5.450286 7.125034 1
6.422322 8.355339 1
4.689008 6.623161 2
4.258708 7.599420 1
5.565848 9.414798 1
4.791667 9.921261 1
4.791667 9.816274 1
5.591185 8.333581 1
7.000827 8.307480 1
6.901956 8.237766 1
6.800545 8.175446 1
5.363317 8.144968 1
5.763889 9.924757 1
4.712487 6.733693 2
6.289138 7.868203 1
5.727032 9.496281 1
5.626346 9.486788 1
5.761691 9.596926 1
5.204967 6.904642 2
5.676509 9.380824 1
7.010829 8.189888 1
4.961455 9.310482 1
6.056384 9.693966 1
4.886454 9.767436 1
4.274262 7.493560 1
4.698055 7.935896 1
4.305555 10.000000 0
5.581451 8.925284 1
5.636427 8.427858 1
6.217739 9.146187 1
4.850798 9.263067 1
5.508369 8.877736 1
7.102002 8.371950 1
6.198315 7.931916 1
6.212695 8.034580 1
7.452387 7.587508 3
4.286083 6.765038 2
 0 1 2
 2 1 3
 4 5 6
 7 8 9
 9 8 10
 5 11 6
 12 13 14
 15 16 17
 17 16 18
 19 13 12
 20 21 22
 23 24 25
 26 25 24
 27 28 29
 30 31 32
 33 32 31
 34 35 36
 37 36 35
 38 20 22
 39 40 41
 42 43 44
 9 45 46
 10 45 9
 47 45 10
 48 49 13
 50 51 52
 53 54 55
 56 57 58
 59 60 61
 56 58 62
 27 63 28
 64 65 66
 67 68 69
 39 41 70
 71 72 73
 74 75 76
 77 76 75
 78 79 80
 81 82 83
 42 84 43
 85 86 87
 71 73 88
 89 90 91
 92 91 90
 53 93 54
 81 1 0
 94 95 96
 97 98 99
 100 101 102
 103 97 99
 104 105 19
 39 106 107
 38 108 109
 110 111 112
 39 113 40
 114 64 66
 115 13 19
 116 117 118
 119 117 116
 109 120 121
 110 122 111
 123 124 125
 81 126 1
 127 128 129
 130 131 132
 133 134 135
 136 135 134
 137 138 139
 140 141 142
 143 144 119
 137 145 138
 145 146 147
 76 148 149
 148 150 149
 151 75 152
 107 86 85
 153 4 154
 140 155 141
 95 156 96
 104 19 63
 157 158 159
 47 10 131
 160 161 162
 163 162 161
 152 75 164
 165 93 166
 39 167 106
 168 124 123
 169 83 82
 170 154 171
 172 66 65
 163 44 43
 173 70 41
 173 174 79
 175 176 177
 178 179 180
 181 180 179
 182 183 184
 185 184 183
 173 41 174
 97 25 186
 187 188 189
 190 191 192
 109 108 193
 194 80 79
 157 159 72
 130 1 126
 38 109 195
 187 189 196
 197 198 199
 190 192 200
 74 149 201
 202 203 40
 204 205 206
 207 54 93
 208 209 210
 33 211 32
 182 184 212
 136 213 214
 53 166 93
 215 52 51
 216 80 217
 218 145 147
 153 219 4
 67 69 220
 25 221 186
 59 61 21
 48 222 49
 133 223 224
 208 210 225
 226 22 227
 228 229 213
 230 201 149
 231 232 233
 234 213 229
 231 233 235
 178 180 188
 236 237 238
 81 83 126
 236 238 239
 240 241 242
 243 244 245
 50 52 45
 173 229 70
 243 246 244
 53 55 247
 248 141 249
 250 249 141
 73 72 159
 251 252 253
 115 159 158
 136 134 213
 254 244 60
 255 256 159
 73 159 256
 257 258 259
 175 259 258
 260 261 262
 202 263 203
 115 19 105
 199 198 264
 265 266 267
 268 269 270
 78 271 79
 272 273 112
 265 274 266
 236 275 276
 188 180 189
 277 226 227
 36 203 263
 14 13 49
 74 76 149
 194 174 40
 194 40 203
 69 68 253
 168 278 124
 150 124 278
 260 247 279
 280 31 281
 39 85 113
 104 282 105
 202 40 113
 283 199 29
 81 0 284
 34 36 263
 184 285 212
 286 125 124
 185 287 184
 39 70 167
 288 189 180
 32 211 289
 289 211 290
 291 292 293
 47 122 294
 204 206 179
 295 258 296
 257 296 258
 4 297 154
 160 298 299
 236 239 275
 300 275 239
 301 302 303
 304 303 302
 305 171 154
 130 132 306
 124 148 307
 308 309 310
 62 311 312
 313 314 23
 315 224 223
 230 316 317
 89 91 318
 319 314 313
 185 266 287
 30 281 31
 320 307 148
 308 311 309
 230 321 316
 322 323 324
 60 244 325
 300 239 326
 165 166 327
 81 284 82
 0 2 328
 48 329 330
 2 277 328
 128 262 261
 283 331 199
 240 332 333
 150 148 124
 240 242 334
 335 111 122
 11 287 196
 336 337 310
 187 338 188
 197 199 339
 47 340 122
 268 341 269
 114 342 64
 160 299 343
 344 82 284
 127 345 128
 170 346 154
 92 347 91
 8 348 10
 268 270 349
 350 161 343
 351 352 353
 337 308 310
 77 354 332
 39 107 85
 179 206 355
 34 356 357
 350 142 141
 19 12 63
 216 358 80
 37 359 36
 360 361 362
 308 312 311
 265 220 274
 69 274 220
 8 121 120
 260 279 261
 286 124 307
 34 357 35
 363 364 214
 136 214 364
 365 249 366
 367 253 252
 368 145 369
 137 369 145
 77 370 76
 292 371 293
 23 25 313
 71 237 72
 196 189 372
 291 293 235
 61 373 21
 172 281 374
 34 263 336
 375 43 84
 376 314 319
 130 377 378
 30 379 303
 130 126 377
 380 381 26
 46 52 382
 254 383 245
 357 380 26
 367 252 384
 385 384 252
 97 313 25
 115 158 13
 48 13 158
 386 326 239
 299 273 387
 272 387 273
 30 32 388
 46 382 117
 250 366 249
 248 389 141
 110 112 390
 11 184 287
 288 372 189
 94 96 391
 28 391 96
 199 392 29
 250 141 155
 194 217 80
 48 330 222
 393 392 264
 140 142 387
 394 395 224
 107 396 86
 393 397 392
 234 398 213
 214 213 398
 399 64 400
 335 378 401
 11 196 402
 216 217 403
 187 274 338
 299 387 142
 404 242 241
 143 7 144
 260 405 247
 130 306 1
 406 21 373
 367 407 338
 350 141 389
 350 408 161
 172 374 409
 365 366 410
 77 51 354
 224 395 411
 315 412 413
 368 102 146
 56 414 57
 415 296 416
 417 291 235
 367 384 407
 26 221 25
 34 336 310
 77 332 370
 251 253 68
 418 419 361
 360 107 106
 47 131 420
 205 413 412
 335 340 378
 27 29 392
 378 377 401
 368 421 102
 178 188 407
 233 232 422
 360 396 107
 37 24 403
 97 103 313
 280 281 423
 376 401 377
 424 353 352
 28 96 29
 57 414 425
 426 381 427
 428 427 381
 429 430 431
 350 343 142
 8 7 121
 432 183 433
 363 434 364
 181 364 434
 53 435 166
 143 436 7
 272 112 111
 119 144 117
 70 229 437
 55 279 247
 112 273 241
 426 186 221
 10 348 131
 48 158 329
 110 333 294
 50 294 333
 428 269 438
 376 319 439
 4 6 297
 375 422 232
 432 433 440
 23 441 24
 190 6 372
 442 443 431
 128 261 129
 290 129 261
 58 311 62
 428 270 269
 178 384 444
 385 444 384
 61 60 325
 319 313 103
 365 445 105
 78 80 358
 73 341 88
 446 347 447
 448 103 99
 429 139 138
 33 31 449
 187 196 287
 73 256 341
 228 213 134
 64 342 400
 250 427 366
 428 366 427
 365 105 282
 301 303 379
 446 450 347
 286 451 125
 170 452 227
 432 440 369
 368 369 440
 453 454 455
 350 389 408
 456 457 458
 459 447 347
 283 96 156
 257 416 296
 428 438 366
 460 156 95
 228 437 229
 399 461 64
 26 24 462
 59 21 20
 316 321 278
 204 179 444
 91 347 450
 308 337 342
 406 227 22
 130 378 420
 332 354 333
 157 237 463
 236 463 237
 74 164 75
 91 450 318
 78 318 450
 363 214 464
 15 17 86
 399 86 17
 50 45 294
 47 294 45
 465 397 408
 393 408 397
 40 174 41
 187 287 266
 67 466 467
 468 209 469
 415 470 296
 316 278 471
 472 245 383
 30 303 374
 115 445 159
 170 227 346
 305 154 297
 172 423 281
 178 444 179
 240 334 332
 473 317 474
 28 63 12
 132 131 348
 280 423 475
 322 324 476
 394 224 477
 315 477 224
 478 330 329
 479 357 356
 460 480 481
 482 481 480
 483 484 480
 485 219 246
 486 246 219
 243 487 488
 3 1 306
 299 298 273
 100 489 101
 14 49 490
 173 79 271
 491 488 487
 466 139 467
 94 391 490
 14 490 391
 47 420 340
 46 117 144
 37 462 24
 24 441 403
 71 88 492
 304 409 303
 165 327 493
 100 102 421
 295 176 258
 175 258 176
 71 492 57
 483 494 484
 3 306 193
 132 193 306
 418 495 419
 486 325 244
 365 410 445
 496 497 152
 151 152 497
 498 499 467
 67 467 499
 485 246 212
 243 212 246
 163 161 500
 323 353 324
 4 219 5
 228 209 437
 208 437 209
 15 86 396
 30 388 379
 190 501 6
 496 177 502
 38 195 20
 503 342 337
 280 449 31
 197 504 324
 473 453 317
 429 138 430
 230 149 321
 42 44 264
 393 264 44
 250 155 505
 78 450 271
 197 324 506
 11 402 6
 255 159 445
 429 431 507
 194 79 174
 457 415 416
 404 241 273
 231 235 293
 315 413 477
 160 343 161
 498 508 499
 140 98 155
 231 125 451
 292 509 371
 509 471 371
 11 285 184
 496 502 510
 406 22 21
 216 511 358
 512 261 279
 394 513 514
 308 342 312
 173 515 229
 234 229 515
 301 516 54
 517 68 499
 67 499 68
 130 420 131
 175 177 518
 230 317 455
 357 26 462
 35 357 462
 494 322 476
 360 519 361
 181 179 355
 316 474 317
 37 35 462
 268 492 88
 442 431 430
 485 5 219
 92 90 171
 170 171 90
 115 105 445
 363 191 520
 89 452 90
 133 135 223
 300 493 275
 468 210 209
 478 463 276
 236 276 463
 521 475 423
 351 522 352
 56 62 523
 114 523 62
 133 469 134
 218 138 145
 323 351 353
 46 144 9
 243 245 487
 472 487 245
 368 146 145
 277 227 452
 194 359 217
 140 99 98
 0 328 284
 453 455 317
 30 374 281
 187 266 274
 89 328 452
 185 267 266
 196 372 402
 288 180 434
 181 434 180
 55 54 516
 46 45 52
 231 451 232
 524 525 259
 132 348 120
 228 134 526
 418 361 519
 259 525 527
 78 358 318
 344 318 358
 254 245 244
 69 528 274
 194 203 359
 496 518 177
 486 244 246
 190 520 191
 465 408 389
 485 212 285
 394 514 395
 27 529 63
 457 416 458
 442 430 530
 53 247 435
 290 211 531
 376 377 83
 136 532 135
 265 533 466
 137 466 533
 274 528 338
 136 364 532
 228 526 209
 71 238 237
 257 458 416
 320 370 334
 332 334 370
 459 192 191
 360 106 225
 208 225 106
 199 331 339
 460 481 156
 305 200 171
 92 171 200
 512 289 261
 517 508 534
 168 293 371
 7 9 144
 89 284 328
 320 334 242
 126 83 377
 535 135 532
 268 536 492
 157 72 237
 92 200 192
 181 532 364
 517 534 537
 100 538 489
 406 346 227
 404 539 242
 286 242 539
 150 278 321
 406 373 346
 153 346 373
 454 540 455
 541 455 540
 320 242 307
 286 307 242
 70 437 167
 208 167 437
 110 294 122
 288 520 372
 541 540 458
 456 458 540
 277 2 226
 38 22 226
 512 379 388
 132 120 193
 169 82 542
 209 526 469
 472 489 538
 27 397 529
 3 108 226
 363 520 434
 15 362 16
 82 511 542
 190 200 501
 424 422 84
 367 338 528
 535 355 206
 216 403 441
 376 83 314
 114 312 342
 300 326 543
 544 545 302
 304 302 545
 157 329 158
 368 440 421
 378 340 420
 190 372 520
 67 220 466
 3 226 2
 288 434 520
 92 192 347
 89 318 546
 522 547 352
 233 352 547
 517 548 68
 251 68 548
 38 226 108
 521 18 475
 140 387 99
 503 400 342
 418 225 210
 502 116 510
 482 480 484
 87 86 549
 399 549 86
 512 388 289
 550 451 551
 286 551 451
 56 523 545
 304 545 523
 550 552 451
 175 518 259
 118 117 382
 446 271 450
 283 29 96
 153 154 346
 304 523 66
 218 530 430
 204 444 553
 376 439 401
 87 113 85
 496 510 497
 8 120 348
 386 425 414
 188 338 407
 37 217 359
 208 106 167
 160 162 554
 550 554 162
 541 458 527
 257 527 458
 182 433 183
 207 543 555
 215 51 556
 77 556 51
 104 63 529
 169 314 83
 404 273 298
 424 84 557
 89 546 284
 344 284 546
 260 262 405
 58 57 492
 26 381 221
 491 487 538
 243 488 212
 305 501 200
 459 347 192
 479 349 270
 541 558 455
 230 455 558
 491 559 440
 36 359 203
 309 536 349
 114 66 523
 231 293 123
 344 358 511
 544 555 543
 424 352 422
 233 422 352
 199 264 392
 524 518 152
 494 476 484
 240 390 241
 112 241 390
 133 224 411
 446 447 515
 234 515 447
 491 440 433
 255 438 256
 269 256 438
 37 403 217
 153 373 560
 385 553 444
 61 560 373
 168 123 293
 168 471 278
 14 391 12
 28 12 391
 544 414 545
 386 239 238
 178 407 384
 465 529 397
 315 223 412
 272 99 387
 496 152 518
 268 88 341
 6 402 372
 218 147 530
 114 62 312
 415 561 470
 181 355 532
 509 473 474
 3 193 108
 512 279 516
 55 516 279
 301 379 516
 42 264 198
 509 474 471
 168 371 471
 448 99 562
 272 562 99
 215 382 52
 169 563 314
 23 314 563
 71 57 425
 521 423 65
 360 362 396
 301 555 302
 173 271 515
 446 515 271
 290 261 289
 524 259 518
 535 223 135
 304 66 409
 153 560 219
 150 321 149
 486 219 560
 299 142 343
 482 331 481
 454 456 540
 218 430 138
 172 65 423
 468 411 395
 522 417 547
 155 186 505
 426 505 186
 216 441 542
 316 471 474
 27 392 397
 465 564 529
 7 436 121
 301 54 555
 151 497 565
 118 565 497
 64 461 65
 521 65 461
 170 90 452
 335 401 566
 448 566 401
 157 463 329
 478 329 463
 335 122 340
 472 538 487
 550 162 43
 163 43 162
 404 298 554
 197 339 504
 172 409 66
 272 111 562
 300 543 567
 544 302 555
 255 445 410
 202 113 568
 87 568 113
 320 148 370
 76 370 148
 160 554 298
 182 212 488
 521 17 18
 23 563 441
 268 349 536
 231 123 125
 207 555 54
 418 519 225
 524 201 525
 517 499 508
 418 210 495
 257 259 527
 521 461 17
 399 17 461
 459 398 447
 255 410 438
 366 438 410
 468 495 210
 215 556 565
 151 565 556
 428 381 380
 15 396 362
 128 345 262
 550 551 554
 56 545 414
 109 193 120
 524 152 164
 207 567 543
 417 235 547
 233 547 235
 426 221 381
 512 516 379
 283 156 481
 283 481 331
 104 529 564
 404 554 539
 451 552 232
 363 464 191
 459 191 464
 459 464 398
 482 484 476
 151 556 75
 77 75 556
 468 395 495
 367 528 253
 69 253 528
 375 84 422
 344 546 318
 448 401 439
 360 225 519
 482 339 331
 137 139 466
 277 452 328
 303 409 374
 335 566 111
 503 568 549
 58 492 536
 248 249 282
 365 282 249
 230 558 201
 479 380 357
 482 476 504
 265 466 220
 133 411 469
 544 326 414
 250 505 427
 100 559 538
 524 164 201
 429 467 139
 482 504 339
 535 532 355
 50 333 354
 375 232 552
 74 201 164
 197 506 557
 118 382 565
 324 504 476
 32 289 388
 426 427 505
 491 538 559
 50 354 51
 110 390 333
 240 333 390
 118 510 116
 87 549 568
 11 5 285
 517 537 548
 432 267 183
 468 469 411
 155 98 186
 97 186 98
 300 567 493
 503 549 400
 344 511 82
 432 369 533
 137 533 369
 440 559 421
 42 557 84
 309 349 356
 201 558 525
 34 310 356
 309 356 310
 375 552 43
 202 569 263
 336 263 569
 185 183 267
 269 341 256
 324 353 506
 424 506 353
 165 493 567
 134 469 526
 161 408 500
 393 500 408
 429 507 467
 498 467 507
 424 557 506
 118 497 510
 535 412 223
 61 325 560
 486 560 325
 535 206 412
 432 533 267
 386 414 326
 207 93 567
 165 567 93
 550 43 552
 248 564 389
 554 551 539
 111 566 562
 570 129 531
 290 531 129
 541 527 525
 215 565 382
 248 282 564
 399 400 549
 465 389 564
 234 447 398
 71 425 238
 386 238 425
 479 270 380
 428 380 270
 42 198 557
 197 557 198
 202 568 569
 503 569 568
 265 267 533
 309 311 536
 205 412 206
 104 564 282
 336 569 337
 503 337 569
 100 421 559
 441 563 542
 319 103 439
 448 439 103
 58 536 311
 163 500 44
 544 543 326
 491 433 488
 182 488 433
 393 44 500
 214 398 464
 485 285 5
 216 542 511
 286 539 551
 448 562 566
 305 297 501
 6 501 297
 541 525 558
 479 356 349
 431 571 507
 498 507 571
 169 542 563
 0
 0
 0
 6
 498 431 534 443 508 571
 27
 143 472 295 59 442 254 119 109 296 60 102 20 502 176 101 489 383 443 116 195 177 121 530 146 436 147 470
 0
 0
 0
 0
 13
 204 394 385 251 205 513 252 534 477 537 553 413 548
 16
 33 280 570 361 513 475 211 362 16 395 514 495 419 531 18 449
 22
 127 94 460 478 570 95 166 490 222 275 480 247 345 276 435 49 330 493 129 327 262 405
 0
