589 1077
6.805418 1.728012 1
6.879232 1.891371 2
6.701519 1.785672 2
6.567963 2.290683 2
6.680757 2.396833 1
6.582386 2.496284 2
7.164596 2.778845 1
7.262382 2.722581 1
7.201928 2.902174 1
7.342909 2.799273 1
8.250751 1.812134 2
8.284565 1.715435 1
8.411804 1.768777 2
7.959190 1.754323 1
7.802344 1.756332 1
7.856203 1.616465 1
6.849532 3.776139 1
6.800718 3.652420 1
6.911029 3.660890 1
7.498225 2.583424 1
7.622765 2.702036 1
7.500171 2.698773 1
7.443472 1.942950 1
7.613626 1.986608 1
7.510754 2.063014 1
7.552849 0.916855 1
7.494326 1.025363 1
7.374181 0.926226 1
6.810746 4.185935 1
6.771570 4.326343 2
6.666837 4.183290 2
6.692447 1.608083 2
7.068633 3.034311 1
7.052530 2.925088 1
8.273797 1.127248 1
8.220457 1.287513 1
8.120080 1.172185 1
7.438138 0.557798 1
7.316076 0.631051 1
7.295281 0.481153 1
7.523554 1.866925 1
7.731541 1.104297 1
7.749978 1.235802 1
7.601613 1.214993 1
8.478637 0.790780 1
8.313864 0.866223 1
8.331158 0.720848 1
7.219480 2.344383 1
7.363740 2.410020 1
7.257778 2.463959 1
7.340687 3.445907 1
7.209900 3.518409 1
7.257548 3.368222 1
8.474099 1.616217 1
8.340574 1.625544 1
7.312423 2.260671 1
6.953347 1.488441 1
6.831847 1.586057 1
6.827979 1.453654 1
7.486001 0.809553 1
6.963366 1.048810 1
6.884698 0.923605 1
7.042629 0.903632 1
7.691458 1.625557 1
7.587032 1.102500 1
6.956197 1.599887 1
6.913921 1.734840 1
7.173300 3.083775 1
8.333333 0.000000 0
8.472222 0.000000 0
8.423933 0.166367 1
6.690095 3.368343 1
6.610770 3.517084 1
6.571198 3.370148 1
6.375421 0.217663 2
6.491006 0.285487 1
6.309723 0.352951 2
7.986232 1.946766 1
8.040218 1.849507 1
8.114106 1.990244 2
6.771995 3.451471 1
8.175214 0.985853 1
8.030745 1.035779 1
6.456118 0.426628 2
8.194445 0.000000 0
8.260237 0.127251 1
8.090914 0.133506 1
6.668028 0.549795 1
6.552711 0.526996 1
6.668671 0.402044 1
7.620184 2.556905 1
8.801836 1.218172 2
8.738236 1.350614 2
8.659156 1.181875 1
7.474355 3.948735 1
7.362502 3.998096 2
7.354558 3.843473 1
7.787800 3.842246 1
7.717743 3.712051 1
7.853895 3.704172 1
7.147572 3.390509 1
7.258852 3.938286 1
7.491823 1.669027 1
7.420715 1.784334 1
7.342836 1.639057 1
6.805555 0.000000 0
6.780949 0.168758 1
6.669086 0.122512 1
7.441488 1.573872 1
7.734658 2.641909 1
7.085173 2.293885 1
7.198239 2.211733 1
7.098757 2.157671 1
7.507003 3.833107 1
8.611111 0.000000 0
8.713051 0.149972 2
8.541667 0.099357 1
6.919063 1.345560 1
7.084176 1.397750 1
7.033436 1.283168 1
6.506629 3.889209 1
6.371160 3.918404 2
6.453152 3.767231 1
7.248505 4.062547 2
7.753994 1.900319 1
7.777062 2.059184 1
6.967904 3.287072 1
7.032102 3.373044 1
6.923911 3.405792 1
7.020362 3.486349 1
7.471699 0.439762 1
7.393651 0.354021 1
8.387761 0.339635 1
8.240078 0.418746 1
8.276791 0.268489 1
8.461967 0.900401 1
7.432907 3.754267 1
7.330197 1.864834 1
7.660341 0.578731 1
7.567696 0.509109 1
7.710315 0.439928 1
7.136683 0.529082 1
7.205846 0.625018 1
8.669917 0.579927 2
8.757948 0.693155 2
8.605878 0.699880 1
6.505392 2.912363 2
6.458221 2.769819 2
6.590697 2.811427 1
6.733642 3.740400 1
8.419788 1.204282 1
8.332795 1.276246 1
8.569086 0.210360 1
8.508806 0.309166 1
6.747306 3.560399 1
6.880623 3.544763 1
8.146174 1.859522 2
7.639262 1.456599 1
7.763267 1.366998 1
7.753578 1.515011 1
7.003982 0.388354 1
7.133464 0.392585 1
7.012825 0.504763 1
7.919614 2.303614 1
7.874130 2.467033 1
7.794896 2.314073 1
7.725644 2.414804 1
6.712580 3.932482 1
6.708884 4.073019 1
6.595653 3.964163 1
7.949999 0.693922 1
8.057818 0.785259 1
7.934078 0.862031 1
6.453895 2.610102 2
6.561868 2.666827 1
6.999556 4.038641 1
7.132358 4.123266 1
7.014201 4.188108 1
6.555438 0.366973 1
7.588399 0.399238 1
6.315060 3.798978 2
7.007150 3.739095 1
8.101618 0.647294 1
8.432035 1.083317 1
6.929450 0.775722 1
6.801984 0.823573 1
6.788272 0.705521 1
8.024765 1.279948 1
7.894146 1.289960 1
7.976189 1.160414 1
7.550530 3.698022 1
7.434972 3.621327 1
8.103052 1.556893 1
8.175099 1.426256 1
8.266163 1.530432 1
7.171700 0.247466 1
7.302215 0.190436 1
7.275958 0.316941 1
7.809556 0.964260 1
7.810327 0.850372 1
7.107476 3.549114 1
8.014078 0.559529 1
7.310883 3.038144 1
7.393803 2.920684 1
7.442627 3.070481 1
7.204134 0.124253 1
8.134847 3.534906 1
8.141157 3.688168 1
7.999675 3.667001 1
8.750000 0.000000 0
8.578965 1.700395 2
6.840518 4.024195 1
6.958953 3.898711 1
8.119693 3.335945 1
8.203995 3.214273 2
8.225669 3.402265 2
8.104742 3.126991 1
8.182261 3.044488 2
7.660153 1.319150 1
6.584668 4.109902 2
8.018033 1.414853 1
7.209929 1.679876 1
7.221816 1.512943 1
7.110541 1.619870 1
7.638889 0.000000 0
7.777778 0.000000 0
7.724136 0.155138 1
7.670127 1.770020 1
7.569445 0.094249 1
7.518536 2.990162 1
8.138584 2.715771 2
8.073783 2.616538 1
8.237949 2.582546 2
7.486845 3.218712 1
7.466652 3.355587 1
7.330201 3.277953 1
6.676661 1.313509 2
6.777507 1.361396 1
6.676695 1.483973 2
8.469637 0.651486 1
6.621573 3.804765 1
6.669802 3.646270 1
8.516606 0.998214 1
8.661506 1.034647 2
8.562360 1.096392 1
8.581209 0.914497 1
7.949980 0.968231 1
8.584172 1.311510 1
8.248993 0.587877 1
8.138595 0.527782 1
8.168266 0.324664 1
8.117494 1.321646 1
6.560232 3.675211 1
8.206525 0.729662 1
8.809734 0.800232 2
8.646532 0.810924 1
7.846552 0.756488 1
7.919750 3.793797 1
6.666667 0.000000 0
7.646689 3.834103 1
7.589310 3.951665 1
7.850990 1.168013 1
7.044038 0.280671 1
8.280723 3.514709 2
7.592319 3.433949 1
7.679657 3.570265 1
7.536464 3.555036 1
7.052512 3.196591 1
8.215405 1.627476 1
6.727134 2.194557 1
6.669048 2.050785 2
6.807657 2.096110 1
7.336075 1.231452 1
7.169745 1.239987 1
7.261079 1.146039 1
7.457663 0.674062 1
7.707490 2.529548 1
6.463891 3.083112 2
6.551127 3.130996 1
6.429959 3.207061 2
8.044079 3.806587 2
8.126678 2.518943 1
7.462380 1.464749 1
7.388029 1.351707 1
7.538618 1.349015 1
7.462672 1.262592 1
7.068888 2.818274 1
8.761953 0.916679 2
7.983636 2.709339 1
8.034971 2.803290 1
6.759270 1.021705 1
6.719118 1.165979 1
6.623026 1.060949 1
8.182172 0.226299 1
7.102610 1.031868 1
8.040907 2.404523 1
7.856003 1.453294 1
8.261129 3.719571 1
8.343011 3.622439 2
8.418548 3.747811 2
7.315815 3.590630 1
6.822093 3.892826 1
7.234975 4.226376 2
6.669121 0.801367 1
6.635121 0.669872 1
7.372607 1.087612 1
7.897685 1.866148 1
7.845436 3.518463 1
7.950570 3.409978 1
7.993028 3.524222 1
6.800164 1.985727 2
7.065910 1.528489 1
7.413507 2.305499 1
7.563960 2.329350 1
7.501750 2.447927 1
8.190020 2.426300 1
8.122610 2.331050 1
7.025963 1.672231 1
6.600846 2.932975 1
8.124784 1.717798 1
7.239058 1.351035 1
7.179577 3.233610 1
8.071854 0.420917 1
8.224896 3.609948 1
6.783769 0.483042 1
6.804168 0.361318 1
6.848816 2.968618 1
6.763456 3.051121 1
6.708418 2.887866 1
7.126564 2.429618 1
7.994965 1.638687 1
6.969264 3.105634 1
8.167719 0.849068 1
7.965651 1.536039 1
8.375373 0.580966 1
7.015406 2.209645 1
6.553434 3.253668 1
6.919560 2.163072 1
6.833597 2.217250 1
7.823123 2.586313 1
7.250711 3.717463 1
7.357793 3.705432 1
7.893880 1.056013 1
8.295401 1.002043 1
8.044533 2.262336 1
7.258426 1.044417 1
7.190665 0.931192 1
6.485501 4.018254 2
8.281182 3.844628 2
8.184880 3.793109 1
8.140535 3.900856 2
6.933664 4.371037 2
7.032129 4.300321 1
7.087327 4.451959 2
7.924122 3.904215 2
7.810811 3.992948 2
6.905020 0.667579 1
6.692377 3.259622 1
7.000378 1.790072 1
7.106781 1.745396 1
7.104016 1.896052 1
8.558815 0.590910 1
7.361111 0.000000 0
7.430360 0.115371 1
7.298603 0.081500 1
7.001577 1.985255 1
6.904934 2.032708 1
8.576487 1.580054 2
8.512167 1.507207 1
6.815573 3.308843 1
7.259796 3.145880 1
7.574777 0.208464 1
7.413603 0.246067 1
7.391330 2.057900 1
7.288234 2.111815 1
7.314125 1.977033 1
7.206226 2.005661 1
7.517454 0.318836 1
8.347806 0.472575 1
6.949171 2.859374 1
6.831521 2.857825 1
6.882554 2.715508 1
7.167843 0.736264 1
7.038102 0.646844 1
6.846932 1.120401 1
7.376606 0.756333 1
7.500000 0.000000 0
7.554602 1.571620 1
6.917846 4.123974 1
6.814268 1.252717 1
6.944895 1.193835 1
6.883154 0.113225 1
6.748885 3.832602 1
7.739520 3.436522 1
7.475721 1.154086 1
7.653986 2.107674 1
7.083333 0.000000 0
7.079720 0.141202 1
7.124539 3.959820 1
8.592486 0.390641 1
8.721608 0.441784 2
8.581511 0.496440 1
6.648148 3.030420 1
6.659159 2.606412 1
7.168542 1.126727 1
7.657166 0.302552 1
7.781382 0.302012 1
6.460124 3.478721 1
7.222222 0.000000 0
7.067441 0.778951 1
6.840494 2.576562 1
6.760593 2.649564 1
6.707620 2.517997 1
8.432581 3.883755 3
7.735209 2.199541 1
7.859236 2.189422 1
7.920929 2.087509 1
7.879289 3.139514 1
7.888206 3.296390 1
7.778308 3.199289 1
7.632497 1.874329 1
8.055555 0.000000 0
7.421768 2.171318 1
7.184696 3.631456 1
7.651947 2.850164 1
7.775370 2.930329 1
7.640660 2.984742 1
7.178379 2.105992 1
7.510874 2.241171 1
6.553916 3.018667 1
7.447333 3.485706 1
7.145138 4.312762 2
7.110127 4.224920 1
7.874085 0.115023 1
6.502028 0.681337 2
6.455020 3.605576 1
7.265856 0.824856 1
6.866995 1.028238 1
7.839534 3.393071 1
7.204153 3.827495 1
7.941402 2.601359 1
8.011380 2.521679 1
7.083027 3.295975 1
6.991859 2.737978 1
7.108499 2.672402 1
7.971704 3.223093 1
7.617286 0.798666 1
7.759981 2.779103 1
7.896862 2.826248 1
7.490658 2.861258 1
7.440787 2.773346 1
7.080760 3.837439 1
7.151046 3.739827 1
7.082345 3.659046 1
6.330319 3.680072 2
6.346057 3.572299 2
6.348061 3.445958 2
7.925094 0.350582 1
8.070436 0.288870 1
7.973966 0.206973 1
6.992469 1.889416 1
7.363416 3.152739 1
7.855732 0.225946 1
6.799769 2.448540 1
8.660844 0.299258 2
7.683034 4.079422 2
7.706547 3.940217 1
7.311299 1.434176 1
7.355800 1.524904 1
7.542164 1.765435 1
7.730455 3.088658 1
7.657597 3.226219 1
7.582279 3.102443 1
7.753076 0.535534 1
7.511289 4.077076 2
7.237609 2.614172 1
7.153166 2.542537 1
6.433274 0.580817 2
6.784701 3.180450 1
6.655578 3.156748 1
6.743394 0.907869 1
6.897636 3.204002 1
6.787325 2.759643 1
6.678010 2.730290 1
7.787888 3.623500 1
8.288482 1.412666 1
6.604926 0.235275 1
6.723753 0.280204 1
7.574619 3.319385 1
6.899308 0.555920 1
6.767800 0.593947 1
7.195971 1.807906 1
6.590637 1.189853 2
8.395570 0.967330 1
7.977349 2.168581 1
8.391410 1.494926 1
8.528203 1.201904 1
7.559259 0.720355 1
6.958165 2.625986 1
8.758950 1.115047 2
7.646367 0.999774 1
8.079580 3.432795 1
7.916667 0.000000 0
7.422709 2.508872 1
7.377967 2.654471 1
8.452407 1.297043 1
7.322326 2.547752 1
6.626881 2.198417 2
8.312034 2.436220 2
7.063766 1.154066 1
7.907538 3.607256 1
8.224897 2.317063 2
7.857933 2.691714 1
6.498920 0.145414 2
6.955204 0.201777 1
6.845220 0.241074 1
7.773939 3.304002 1
7.595392 1.680493 1
6.999979 3.608918 1
8.623773 1.464182 2
8.493809 1.396836 1
6.569833 0.765405 1
6.474845 0.818576 2
7.040461 2.535963 1
8.052592 0.914370 1
7.845520 3.024067 1
6.213589 3.874769 3
6.886305 2.395355 1
6.789903 2.320815 1
6.932283 2.288611 1
7.891593 2.942861 1
7.672304 3.346754 1
6.515819 0.965129 2
6.575046 0.857318 1
8.387638 1.378407 1
7.238861 1.890927 1
7.288260 1.771016 1
7.889970 1.982472 1
7.146887 0.834979 1
6.962265 2.992604 1
6.872154 3.083266 1
7.549607 2.157194 1
7.281088 0.725714 1
6.998342 2.405602 1
6.578643 0.084081 1
7.569988 2.907280 1
7.995681 2.910770 1
7.740407 0.769692 1
7.662305 0.690173 1
7.794248 0.634852 1
6.645611 0.936113 1
6.675809 2.285191 1
8.120616 2.909976 2
6.903252 4.256149 1
7.702896 0.885367 1
8.467130 0.526815 1
6.451737 3.351694 1
7.954675 0.465097 1
7.677302 2.321094 1
7.830323 0.394099 1
7.622062 2.226642 1
6.944445 0.000000 0
7.944530 3.022892 1
8.004569 3.123369 1
8.473415 0.416624 1
6.918958 2.495602 1
8.086451 2.148384 1
7.999796 2.044643 1
8.195121 2.129306 2
8.059409 3.021968 1
7.849445 0.496616 1
7.904535 0.585217 1
6.987447 0.093535 1
8.130690 2.812789 1
8.075289 3.231018 1
6.511671 1.081840 2
7.100437 2.043079 1
8.228585 2.822122 2
6.527778 0.000000 0
8.158250 2.233232 2
7.983811 0.092829 1
8.019016 3.320478 1
6.901521 0.436730 1
7.622042 2.442154 1
7.557285 0.622383 1
6.924089 0.321164 1
6.332080 3.337939 2
7.549659 2.792630 1
7.013205 2.100784 1
 0 1 2
 3 4 5
 6 7 8
 7 9 8
 10 11 12
 13 14 15
 16 17 18
 19 20 21
 22 23 24
 25 26 27
 28 29 30
 31 0 2
 32 33 8
 34 35 36
 37 38 39
 40 23 22
 41 42 43
 44 45 46
 47 48 49
 50 51 52
 53 12 54
 47 55 48
 56 57 58
 25 27 59
 60 61 62
 54 12 11
 63 15 14
 64 41 43
 65 66 57
 67 32 8
 68 69 70
 31 57 0
 71 72 73
 74 75 76
 77 78 79
 71 80 72
 34 36 81
 82 81 36
 83 76 75
 84 85 86
 87 88 89
 90 20 19
 91 92 93
 94 95 96
 97 98 99
 51 100 52
 96 95 101
 102 103 104
 105 106 107
 108 102 104
 109 20 90
 47 110 111
 112 111 110
 94 96 113
 114 115 116
 56 117 118
 119 118 117
 120 121 122
 123 101 95
 124 125 23
 126 127 128
 129 128 127
 37 39 130
 131 130 39
 132 133 134
 44 135 45
 96 136 113
 137 103 22
 138 139 140
 141 39 142
 143 144 145
 146 147 148
 16 149 17
 34 150 151
 34 151 35
 152 153 70
 154 80 155
 78 156 79
 157 158 159
 160 161 162
 132 70 153
 163 164 165
 166 165 164
 128 155 80
 167 168 169
 170 171 172
 173 5 174
 175 176 177
 89 88 178
 179 140 139
 121 180 122
 56 58 117
 16 18 181
 170 182 171
 34 183 150
 184 185 186
 187 188 189
 154 155 17
 190 136 191
 192 193 194
 195 196 197
 172 198 199
 51 200 100
 129 100 200
 170 201 182
 141 162 161
 202 203 204
 195 205 196
 206 207 208
 114 209 115
 66 0 57
 210 12 53
 175 211 212
 213 214 215
 216 217 214
 218 158 157
 219 169 168
 22 103 40
 192 220 193
 104 221 222
 223 222 221
 224 225 226
 63 14 227
 224 226 228
 229 204 203
 39 38 142
 230 231 232
 233 234 235
 50 235 234
 236 237 238
 44 239 145
 149 240 241
 242 243 244
 245 243 242
 246 198 172
 247 93 92
 248 182 249
 184 62 61
 133 250 134
 184 61 185
 220 251 193
 241 240 252
 56 65 57
 248 253 182
 144 254 255
 170 172 256
 131 39 197
 97 99 257
 258 105 107
 259 260 113
 261 189 188
 160 262 161
 206 215 263
 264 265 266
 190 266 265
 67 267 32
 192 194 268
 252 240 122
 269 270 271
 272 273 274
 37 275 38
 109 90 276
 277 278 279
 280 257 208
 99 208 257
 281 232 231
 282 283 284
 285 284 283
 166 164 276
 33 286 8
 6 8 286
 129 155 128
 287 255 254
 231 230 288
 113 260 94
 288 230 289
 290 291 292
 293 86 85
 60 62 294
 163 295 164
 63 159 15
 296 15 159
 190 191 266
 297 298 299
 50 300 51
 211 301 212
 152 116 115
 123 302 176
 303 304 186
 152 70 116
 305 27 26
 13 306 14
 307 308 309
 271 270 310
 56 311 65
 312 313 314
 281 295 315
 316 315 295
 65 311 317
 146 148 318
 13 319 78
 320 273 272
 321 267 67
 322 133 249
 248 249 133
 206 323 207
 69 116 70
 87 89 324
 325 324 89
 326 327 328
 47 329 110
 141 161 39
 68 70 85
 13 15 330
 13 330 319
 331 32 267
 9 203 8
 321 235 52
 332 45 81
 167 211 168
 154 72 80
 296 333 15
 35 251 36
 248 334 46
 112 110 335
 336 279 278
 202 67 8
 337 338 271
 269 271 338
 164 339 276
 296 159 158
 321 52 100
 188 158 42
 340 341 96
 261 41 342
 198 342 41
 34 343 183
 261 188 42
 163 344 295
 253 45 332
 46 45 253
 305 345 27
 346 27 345
 120 347 121
 195 161 262
 297 299 348
 280 349 350
 351 352 353
 97 354 355
 218 43 42
 184 186 356
 190 265 98
 336 357 73
 358 359 360
 145 239 361
 362 363 364
 365 366 1
 210 53 367
 368 367 53
 126 128 369
 321 370 235
 371 372 363
 132 134 70
 373 374 375
 376 375 374
 47 49 329
 303 186 185
 371 377 372
 132 378 133
 187 36 251
 120 122 240
 371 228 226
 379 380 381
 71 369 80
 382 383 142
 290 384 291
 385 38 275
 362 386 363
 320 222 118
 63 387 157
 206 263 323
 124 227 14
 248 133 378
 175 177 388
 389 390 117
 46 334 239
 18 17 155
 105 391 106
 16 392 149
 307 265 393
 264 393 265
 285 272 394
 305 394 272
 385 59 27
 287 243 245
 23 125 395
 144 255 145
 244 243 93
 396 205 397
 322 250 133
 175 398 176
 399 400 401
 402 328 327
 403 174 5
 404 274 273
 371 226 405
 406 405 226
 407 73 72
 396 408 205
 382 409 383
 410 411 412
 299 413 348
 414 125 415
 416 415 125
 417 418 419
 124 23 420
 1 366 310
 421 84 86
 373 422 374
 97 259 98
 190 98 259
 340 423 300
 81 45 343
 424 425 426
 376 374 427
 316 295 344
 312 428 313
 340 300 341
 282 157 387
 119 117 390
 146 429 277
 191 300 430
 431 432 302
 44 255 245
 143 401 400
 282 284 157
 218 157 284
 225 433 226
 44 46 239
 312 314 48
 434 88 304
 87 304 88
 407 72 435
 252 435 72
 248 46 253
 346 436 27
 385 27 436
 60 437 61
 332 171 253
 182 253 171
 307 438 308
 340 96 439
 440 164 441
 321 100 442
 443 444 286
 156 78 319
 445 418 417
 25 59 446
 424 447 425
 448 425 447
 63 157 159
 71 73 357
 128 80 369
 96 341 136
 296 188 220
 187 220 188
 449 203 450
 450 203 9
 40 420 23
 202 8 203
 451 181 452
 453 452 181
 196 364 363
 187 189 36
 187 251 220
 58 238 237
 252 122 435
 454 435 122
 443 379 381
 123 176 398
 407 455 456
 407 435 455
 6 286 444
 322 457 458
 459 458 457
 50 52 235
 229 203 449
 44 145 255
 358 360 460
 233 235 461
 320 118 273
 31 238 57
 58 57 238
 406 226 462
 410 412 463
 346 294 62
 152 115 464
 192 319 330
 71 357 369
 465 466 355
 282 467 283
 282 468 467
 97 257 354
 119 273 118
 358 1 66
 293 458 86
 459 86 458
 399 464 400
 50 430 300
 40 103 469
 470 471 472
 337 271 366
 138 140 473
 293 134 250
 94 474 95
 475 476 49
 83 88 477
 478 479 327
 404 294 345
 346 345 294
 175 388 211
 28 211 388
 280 208 207
 290 480 61
 331 267 481
 223 311 222
 482 328 483
 148 483 328
 28 168 211
 451 398 212
 175 212 398
 307 484 265
 326 328 380
 35 151 485
 451 439 398
 167 301 211
 486 107 487
 106 487 107
 6 444 7
 475 7 444
 233 471 488
 489 356 490
 0 66 1
 264 430 234
 491 360 359
 492 292 291
 39 161 197
 94 260 474
 493 183 343
 235 370 461
 163 415 494
 99 98 484
 223 317 311
 368 53 495
 233 472 471
 109 447 20
 186 304 490
 244 496 183
 290 61 437
 497 446 59
 58 237 117
 104 222 468
 443 498 444
 465 260 466
 163 494 344
 129 127 100
 93 243 499
 83 178 88
 25 500 26
 206 501 215
 164 295 441
 486 89 178
 150 183 496
 225 502 433
 503 19 504
 198 246 342
 141 142 383
 156 319 10
 11 10 319
 233 488 234
 124 14 306
 247 505 496
 358 460 1
 190 259 113
 475 49 506
 465 474 260
 322 249 201
 182 201 249
 148 328 318
 440 339 164
 227 420 469
 44 245 135
 269 507 270
 469 420 40
 470 426 425
 508 232 315
 281 315 232
 192 333 220
 285 283 272
 320 272 283
 119 509 273
 307 309 510
 302 432 176
 315 511 508
 82 36 189
 325 89 487
 486 487 89
 192 268 319
 206 208 309
 287 245 255
 398 439 101
 431 353 352
 222 311 118
 109 512 447
 486 75 513
 74 513 75
 514 515 391
 389 236 291
 97 466 259
 64 26 500
 191 430 266
 516 471 419
 470 419 471
 493 45 135
 389 384 390
 186 490 356
 190 113 136
 63 227 517
 482 381 380
 84 68 85
 77 306 78
 13 78 306
 226 433 462
 280 207 349
 373 24 422
 264 266 430
 18 518 181
 389 291 384
 247 519 520
 434 521 522
 523 444 498
 16 212 301
 453 181 518
 195 397 205
 402 327 479
 124 420 227
 99 510 208
 332 81 524
 470 425 525
 526 180 121
 196 372 197
 503 504 506
 126 481 267
 448 288 289
 527 528 529
 192 330 333
 184 383 409
 16 181 212
 451 212 181
 312 48 55
 448 530 425
 516 531 471
 51 300 423
 202 370 67
 532 522 533
 35 485 193
 534 485 151
 137 535 536
 247 520 505
 106 391 515
 124 537 125
 320 467 222
 321 67 370
 82 524 81
 195 197 161
 528 338 529
 492 291 236
 131 197 372
 104 468 108
 368 520 519
 346 62 538
 326 539 540
 541 422 24
 424 20 447
 385 542 38
 365 1 460
 49 476 329
 541 24 395
 23 395 24
 527 529 543
 110 543 529
 454 122 180
 403 412 411
 491 536 535
 331 540 539
 141 383 162
 489 162 383
 184 409 62
 486 513 544
 424 426 545
 191 341 300
 448 289 546
 172 171 524
 399 153 464
 152 464 153
 60 390 384
 102 469 103
 143 145 361
 368 519 367
 470 472 426
 11 319 268
 198 41 500
 414 395 125
 547 548 549
 138 549 548
 21 504 19
 179 405 140
 406 140 405
 195 262 397
 514 397 262
 448 512 288
 194 495 54
 478 369 357
 97 355 466
 404 273 509
 503 48 314
 516 419 418
 532 550 292
 264 234 488
 497 59 275
 385 275 59
 261 342 189
 82 189 342
 50 234 430
 4 3 551
 202 204 461
 290 292 550
 448 447 512
 459 457 462
 406 462 457
 229 449 545
 194 485 495
 552 546 289
 124 306 537
 336 479 357
 213 215 501
 90 19 314
 503 314 19
 34 81 343
 351 29 553
 28 553 29
 259 466 260
 332 524 171
 191 136 341
 120 240 169
 167 169 240
 403 483 174
 527 463 528
 4 528 463
 25 446 554
 154 241 72
 252 72 241
 482 380 328
 555 361 239
 489 490 324
 410 381 411
 244 93 496
 119 390 509
 336 73 556
 297 207 323
 322 557 457
 296 220 333
 305 272 274
 389 117 237
 414 165 558
 87 490 304
 53 54 495
 265 484 98
 64 500 41
 486 544 107
 534 520 495
 368 495 520
 296 158 188
 486 178 75
 290 437 384
 61 480 185
 402 479 278
 406 457 559
 63 517 387
 293 85 134
 70 134 85
 198 554 199
 547 199 554
 414 558 560
 247 496 93
 336 556 279
 184 356 383
 489 383 356
 25 554 500
 105 561 391
 247 92 519
 303 185 480
 280 354 257
 562 563 417
 445 417 563
 402 318 328
 523 543 329
 110 329 543
 371 363 228
 386 228 363
 198 500 554
 132 564 378
 523 498 565
 170 256 549
 547 549 256
 389 237 236
 566 567 79
 163 165 415
 414 415 165
 109 276 339
 331 481 540
 566 79 568
 552 217 569
 177 176 432
 570 571 549
 396 397 572
 303 480 550
 534 495 485
 566 494 567
 230 573 289
 28 30 168
 402 278 429
 552 289 573
 56 118 311
 470 525 417
 570 549 473
 561 396 572
 148 174 483
 233 204 472
 179 130 377
 33 379 286
 443 286 379
 322 458 250
 374 422 55
 312 55 422
 172 524 246
 177 352 553
 351 553 352
 271 310 366
 172 199 256
 216 574 563
 229 426 472
 416 125 537
 69 114 116
 503 506 48
 49 48 506
 475 504 7
 9 7 504
 60 384 437
 170 549 571
 555 378 564
 219 347 169
 523 329 476
 216 214 574
 478 327 540
 91 93 499
 322 201 557
 261 42 41
 492 575 292
 148 147 174
 440 512 339
 109 339 512
 376 576 360
 365 360 576
 326 379 539
 196 363 372
 179 377 405
 371 405 377
 218 284 43
 285 43 284
 475 506 504
 35 193 251
 194 193 485
 552 573 577
 137 536 103
 230 577 573
 131 377 130
 138 473 549
 170 571 201
 173 174 147
 578 544 513
 457 557 559
 386 224 228
 281 441 295
 33 539 379
 316 344 579
 566 579 344
 77 537 306
 459 433 580
 502 580 433
 493 343 45
 373 22 24
 410 565 498
 502 421 580
 516 438 393
 308 581 501
 410 498 381
 325 582 324
 489 324 582
 60 294 509
 404 509 294
 421 86 580
 21 450 504
 9 504 450
 177 553 388
 28 388 553
 570 559 557
 326 380 379
 365 460 360
 208 510 309
 77 567 537
 376 360 535
 491 535 360
 532 533 550
 527 565 463
 410 463 565
 459 580 86
 102 387 517
 475 444 476
 523 476 444
 562 417 525
 307 393 438
 229 472 204
 514 572 397
 482 411 381
 305 274 345
 282 108 468
 313 428 560
 541 560 428
 218 42 158
 308 501 309
 440 231 288
 150 496 505
 263 298 323
 15 333 330
 445 563 574
 313 558 583
 578 258 544
 62 409 538
 82 246 524
 282 387 108
 470 417 419
 123 398 101
 555 564 401
 160 162 582
 489 582 162
 120 169 347
 382 142 542
 149 392 240
 167 240 392
 202 461 370
 154 17 241
 149 241 17
 434 477 88
 38 542 142
 213 574 214
 570 140 559
 406 559 140
 131 372 377
 408 362 364
 445 581 418
 60 509 390
 264 531 393
 459 462 433
 64 394 26
 305 26 394
 570 473 140
 126 267 442
 523 565 543
 179 139 130
 516 393 531
 37 139 584
 37 584 275
 440 288 512
 416 537 567
 555 239 334
 399 401 564
 160 582 585
 325 585 582
 313 583 314
 532 292 575
 478 481 369
 454 455 435
 126 442 127
 312 422 428
 541 428 422
 308 418 581
 471 531 488
 297 323 298
 104 103 536
 425 530 525
 137 22 375
 586 556 456
 222 467 468
 87 324 490
 424 545 587
 320 283 467
 552 569 546
 562 546 569
 478 540 481
 449 587 545
 223 221 359
 233 461 204
 297 349 207
 407 556 73
 586 279 556
 303 550 533
 83 75 178
 414 560 395
 541 395 560
 478 357 479
 229 545 426
 374 55 111
 47 111 55
 219 168 30
 102 108 387
 213 501 581
 404 345 274
 126 369 481
 82 342 246
 416 494 415
 326 540 327
 37 130 139
 138 548 584
 373 375 22
 570 557 571
 201 571 557
 516 418 438
 166 583 558
 290 550 480
 451 452 439
 514 585 515
 407 456 556
 160 585 262
 514 262 585
 547 554 446
 248 378 334
 555 334 378
 382 436 538
 346 538 436
 4 551 528
 269 528 551
 216 563 569
 562 569 563
 448 546 530
 307 510 484
 99 484 510
 497 584 548
 434 304 521
 303 521 304
 77 79 567
 258 107 544
 293 250 458
 269 338 528
 216 569 217
 4 463 412
 403 411 483
 382 542 436
 336 278 479
 244 183 242
 493 242 183
 399 564 153
 4 412 5
 514 391 572
 385 436 542
 146 318 429
 408 364 205
 138 584 139
 206 309 501
 424 587 20
 527 543 565
 358 66 317
 403 5 412
 166 276 583
 90 583 276
 21 20 587
 416 567 494
 491 359 221
 64 43 394
 285 394 43
 337 366 588
 16 301 392
 337 529 338
 132 153 564
 443 381 498
 325 487 515
 106 515 487
 196 205 364
 177 432 352
 431 352 432
 223 359 317
 497 275 584
 555 401 361
 308 438 418
 566 344 494
 65 317 66
 166 558 165
 561 572 391
 547 256 199
 337 588 335
 316 511 315
 340 439 452
 90 314 583
 104 536 221
 365 588 366
 96 101 439
 562 530 546
 264 488 531
 365 576 588
 382 538 409
 21 587 450
 449 450 587
 321 442 267
 534 505 520
 297 348 349
 18 155 518
 129 518 155
 491 221 536
 402 429 318
 337 335 529
 110 529 335
 137 375 535
 100 127 442
 245 242 135
 150 505 151
 534 151 505
 358 317 359
 566 568 579
 33 32 539
 331 539 32
 350 349 348
 112 588 576
 453 200 423
 497 548 446
 547 446 548
 313 560 558
 143 361 401
 277 429 278
 112 335 588
 445 574 581
 440 441 231
 281 231 441
 194 54 268
 11 268 54
 227 469 517
 562 525 530
 374 111 427
 167 392 301
 325 515 585
 376 427 576
 112 576 427
 269 551 507
 3 507 551
 482 483 411
 376 535 375
 51 423 200
 303 533 521
 493 135 242
 213 581 574
 453 518 200
 102 517 469
 316 579 511
 522 521 533
 453 423 452
 129 200 518
 340 452 423
 112 427 111
 0
 0
 0
 0
 0
 0
 31
 146 83 492 173 31 454 526 532 74 434 277 586 522 1 76 3 236 513 270 147 279 5 2 180 238 477 575 507 456 455 310
 33
 143 552 210 91 287 508 230 156 144 263 299 12 115 400 577 243 232 214 79 92 215 519 298 464 499 254 413 568 367 579 217 10 511
 0
 20
 280 123 465 431 526 219 351 350 302 121 353 355 354 474 29 95 347 348 30 413
 0
 0
 0
