585 1052
3.232097 6.046488 1
3.313665 6.154677 1
3.153175 6.102249 1
3.173663 6.202900 1
2.064463 5.800741 1
1.933685 5.698942 1
2.098961 5.691370 1
1.372061 5.212504 1
1.284539 5.081104 2
1.447017 5.148707 2
3.309231 5.982487 1
3.141533 5.941434 1
1.945885 5.835670 1
3.291459 5.875754 1
1.597471 5.537529 1
1.534143 5.440955 1
1.696365 5.417908 1
2.866452 6.026040 1
2.981438 5.978270 1
2.938483 6.124635 1
1.605105 5.323936 1
3.052152 6.061598 1
2.395749 6.336443 1
2.472568 6.425853 1
2.316118 6.431808 1
1.470755 6.498024 2
1.542161 6.396385 1
1.577821 6.558721 2
1.659293 6.444950 2
2.973837 5.854323 1
2.857029 5.780483 1
3.046258 5.754431 1
2.381827 6.524349 1
2.916168 5.671409 1
4.623034 6.302894 2
4.483908 6.449684 2
4.452465 6.301439 1
4.723909 5.068506 1
4.847394 4.979242 2
4.890870 5.132880 2
2.815677 6.244118 1
2.974875 6.266385 1
2.871979 6.348311 1
4.410115 6.599568 1
4.332772 6.515707 1
4.330570 6.401648 1
1.127223 5.153876 1
1.141149 5.001644 2
3.828752 6.011590 1
3.775733 5.907977 1
3.940711 5.922763 1
1.723917 5.896436 1
1.803463 6.010889 1
1.660720 6.017687 1
1.720692 6.157330 1
1.512895 5.982413 1
1.443898 6.091654 1
1.365815 5.952167 1
1.321293 6.079159 1
3.906242 5.805687 1
0.698432 5.772837 1
0.575890 5.792314 1
0.596135 5.650707 1
4.596781 5.505511 1
4.767055 5.487215 1
4.696230 5.614021 1
4.550435 6.184982 1
1.372741 5.314714 1
1.516472 5.222009 2
1.473827 5.352179 1
4.243496 4.933706 1
4.234445 4.810615 1
4.356071 4.907642 1
2.615458 6.362182 1
2.774981 6.409706 2
2.621361 6.497158 2
4.682370 6.145089 1
4.738197 6.044947 2
4.770121 6.206210 2
3.989424 5.286408 1
4.150170 5.339636 1
4.049580 5.430021 1
4.102524 5.218718 1
2.088911 6.516935 1
2.178055 6.622899 2
2.038125 6.684228 2
4.390341 4.809024 1
3.481136 6.425205 2
3.351527 6.339208 2
3.475854 6.270106 1
2.107111 6.010770 1
2.195521 6.087101 1
2.088281 6.169971 1
4.741090 4.800401 1
4.777213 4.665328 2
4.865252 4.762175 2
4.639359 4.733263 1
0.737325 5.669270 1
3.406950 5.209372 1
3.306184 5.104462 1
3.421729 5.051481 1
2.005201 5.571858 1
4.634031 5.393753 1
4.209164 6.676344 1
4.083702 6.608777 2
4.210244 6.520789 1
4.047033 6.461767 2
3.213394 5.191581 1
3.298322 5.287309 1
1.011520 5.057606 2
0.304373 6.188498 1
0.458075 6.124873 1
0.439970 6.285912 1
3.965637 4.859202 1
4.098414 4.774844 1
4.116724 4.919291 1
1.998426 6.103631 1
4.666161 4.606328 1
3.629506 5.674319 1
3.675593 5.526574 1
3.741936 5.683527 1
3.789196 5.580353 1
0.972894 5.614025 1
0.889425 5.497691 1
1.003072 5.424653 1
1.696916 6.314753 1
1.592284 6.279613 1
1.954613 6.582535 1
3.131414 6.406967 2
2.996739 6.405838 2
3.095015 6.292739 1
3.589037 5.975732 1
3.508303 6.124942 1
3.423122 6.009644 1
3.945071 5.537083 1
3.889776 5.689489 1
3.447616 5.752425 1
3.519192 5.612889 1
3.560547 5.764571 1
3.203882 5.822182 1
4.403582 5.393932 1
4.367148 5.274304 1
4.506149 5.309174 1
4.519849 5.664965 1
4.478020 5.792209 1
4.405655 5.647001 1
3.621964 6.380307 2
3.617217 6.218404 1
4.358768 5.740221 1
3.001331 5.595352 1
3.073294 5.462520 1
3.104973 5.640267 1
3.036210 5.285058 1
3.164217 5.324009 1
2.639488 5.494450 1
2.767023 5.534519 1
2.638286 5.646004 1
2.791103 5.659033 1
3.285072 4.974949 1
1.590164 6.121782 1
4.725826 4.925068 1
4.566793 6.573065 3
3.510746 5.861794 1
3.652773 5.830866 1
4.059628 6.004992 1
3.938392 6.086611 1
1.108239 5.522227 1
3.927176 6.221677 1
3.770183 6.156655 1
3.420814 4.912316 1
3.522639 5.143044 1
0.849315 6.312347 1
0.956951 6.196434 1
0.972829 6.363189 1
3.803937 5.090874 1
3.644509 5.074558 1
3.738236 4.948034 1
1.264026 5.770383 1
1.328080 5.670756 1
1.360249 5.814812 1
2.848079 5.061532 2
2.883681 5.235128 1
2.739348 5.145971 2
2.747687 5.279744 1
0.833166 6.086993 1
0.965494 6.052625 1
1.098112 6.129204 1
0.210583 5.397940 1
0.354821 5.390138 1
0.249973 5.502886 1
3.754881 5.387010 1
3.830001 5.262227 1
3.897923 5.397285 1
4.633508 5.739126 1
4.783075 5.736701 2
3.989231 4.708849 2
3.222589 6.303521 1
2.369568 5.111186 2
2.405827 5.246504 1
2.282167 5.236704 2
3.189224 4.781227 1
3.283570 4.849749 1
3.133970 4.921449 1
4.800302 5.598439 2
0.555792 6.480118 1
0.661663 6.433148 1
0.692328 6.567451 2
3.714106 6.028776 1
3.818583 5.480961 1
2.958092 5.380297 1
2.482970 5.945004 1
2.594559 5.844851 1
2.656853 5.952880 1
0.596528 6.329490 1
0.575201 6.206668 1
2.499365 5.572994 1
2.526701 5.421016 1
1.189196 5.700500 1
4.559124 5.076210 1
4.616161 4.974397 1
1.819209 5.788214 1
4.886099 5.298410 2
4.771914 5.224289 1
2.266217 6.002661 1
2.244823 5.896971 1
2.139534 5.880462 1
3.416707 5.654121 1
3.519774 5.432137 1
3.777973 6.416477 2
3.819483 6.289340 1
3.922608 6.355734 2
0.616793 5.524652 1
0.753121 5.474871 1
0.704196 5.575406 1
1.783377 6.277089 1
0.239582 5.637921 1
0.279358 5.768495 1
0.178162 5.768868 1
1.249943 5.883609 1
0.356925 5.562954 1
0.360935 5.703599 1
4.440813 5.201459 1
2.573590 6.040870 1
3.306064 4.596165 2
3.447032 4.666956 2
3.290806 4.717952 1
3.381533 4.790601 1
0.323862 6.067037 1
4.168963 6.230496 1
4.053305 6.149411 1
4.156271 6.085233 1
2.505281 5.722375 1
2.360957 5.697104 1
4.261810 6.154975 1
3.482398 4.827260 1
2.373101 5.553058 1
0.110544 5.656777 1
4.050350 6.303873 1
4.650256 5.168060 1
0.635702 5.069196 2
0.589610 5.172690 1
0.478251 5.133544 2
3.565191 4.752255 1
3.710642 6.294157 1
0.751689 6.471792 1
2.196571 6.194947 1
2.346585 6.143816 1
2.282090 6.289904 1
2.958561 5.491240 1
1.051319 6.259661 1
3.387095 5.854040 1
1.073092 5.746907 1
0.953502 5.786160 1
1.210548 6.020026 1
2.215323 5.675426 1
2.220497 5.793075 1
3.635663 6.101223 1
0.559112 6.615945 2
3.182012 5.557523 1
2.334530 5.834524 1
1.070193 6.356997 1
1.158510 6.252482 1
1.198241 6.407594 1
1.288719 6.310036 1
0.732483 6.352259 1
0.721417 6.205487 1
4.417337 6.191537 1
0.960186 5.918945 1
1.060478 5.867939 1
1.075357 5.997949 1
0.460374 5.629442 1
2.146028 5.581932 1
4.420889 5.943147 1
4.356926 6.065837 1
4.294610 5.933435 1
4.228453 5.249140 1
4.223283 5.113678 1
4.090350 5.075854 1
4.772575 5.352796 1
4.897430 5.420352 1
4.607901 5.981206 1
4.605456 6.088699 1
0.344523 5.224209 2
0.249671 5.295481 1
0.196422 5.156919 2
1.371875 6.417456 1
1.438828 6.301654 1
0.623057 5.404192 1
4.531424 4.616923 1
4.485788 4.489397 1
4.613379 4.491912 1
1.884973 6.114752 1
3.189896 5.445690 1
4.293717 4.469721 2
4.224833 4.577634 1
4.176639 4.432660 2
0.000000 5.555555 0
0.000000 5.416667 0
0.132429 5.509089 1
4.009738 4.968693 1
1.246031 5.221209 1
0.840212 6.200315 1
3.616906 5.228161 1
3.632662 5.360464 1
3.724198 5.187801 1
0.759355 5.356022 1
0.844892 5.723430 1
4.113810 4.543948 2
3.798507 5.780425 1
0.000000 6.250000 0
0.000000 6.111111 0
0.144028 6.180555 1
1.106314 5.636593 1
1.959572 5.977446 1
0.821548 5.858727 1
1.241030 6.163182 1
1.368997 6.188184 1
1.492842 5.722325 1
3.749798 4.799947 1
3.696275 4.709718 2
3.841367 4.732700 2
4.314122 4.746890 1
0.492459 5.721128 1
4.303561 6.275100 1
0.495417 5.508823 1
1.862262 6.226519 1
1.912050 6.310066 1
4.349597 5.130523 1
1.203689 5.589727 1
0.481959 6.387649 1
0.311214 6.299680 1
1.978818 6.434281 1
3.185332 5.716519 1
0.000000 5.972222 0
0.116808 5.897958 1
0.111832 6.061011 1
1.599322 5.826808 1
1.484004 5.872913 1
1.854272 5.900525 1
0.823822 5.596280 1
1.853078 6.394500 1
2.843946 5.346820 1
3.064560 6.175085 1
1.758602 5.662060 1
1.720629 5.535300 1
1.859047 5.557207 1
0.498943 5.377163 1
4.385042 4.553868 1
2.515239 6.158843 1
2.660096 6.213124 1
2.510188 6.287699 1
0.420228 6.023907 1
0.755263 5.973875 1
0.867131 5.978233 1
3.102245 5.190632 1
3.193439 5.063548 1
0.957793 6.520961 2
1.070850 6.471199 1
2.525452 5.281466 1
2.634807 5.354449 1
4.514215 4.754536 1
0.717251 6.064655 1
3.613718 4.608540 2
1.753081 6.410414 1
0.105653 5.389453 1
3.554677 4.894423 1
3.533933 5.005734 1
4.504116 4.885536 1
3.077426 5.065394 1
2.976465 4.996763 1
2.980428 4.866797 2
0.441826 5.283202 1
1.372863 5.437885 1
1.260954 5.351810 1
1.495888 6.199917 1
4.186042 5.012258 1
0.462606 5.832233 1
0.344942 5.846585 1
2.411268 6.239966 1
0.556224 5.274645 1
2.411756 5.449990 1
2.181320 6.395429 1
2.078305 6.379520 1
4.187191 6.370886 1
1.136453 5.394846 1
1.235183 5.467110 1
4.593714 5.602470 1
4.246490 6.045128 1
3.947360 5.059838 1
3.918432 5.171042 1
2.465141 6.063437 1
0.955230 5.303747 1
0.838786 5.261732 2
0.989375 5.185784 2
3.315720 5.737246 1
4.449084 4.999966 1
2.717383 6.311791 1
2.796990 6.126307 1
0.000000 5.694445 0
4.701678 5.877624 2
2.703638 6.067058 1
2.384405 6.022806 1
4.518124 4.381610 2
4.498084 6.058089 1
0.671950 5.881313 1
4.380692 6.783002 2
4.327588 6.682076 1
4.485376 6.682701 2
0.220288 5.997429 1
1.649491 5.183521 2
1.812431 5.456323 1
2.626641 5.202529 1
1.458034 5.570761 1
1.319570 5.547248 1
2.444946 5.828526 1
4.328856 4.652014 1
4.216404 4.703088 1
3.251264 5.385256 1
3.381427 5.371530 1
3.278691 5.499142 1
3.077367 4.789127 1
1.632814 5.711406 1
3.409681 5.515831 1
4.203537 6.832942 2
4.102388 6.731255 3
3.649375 4.834450 1
1.065321 5.294051 1
4.421032 4.682944 1
1.171018 5.288370 1
3.166606 4.677914 2
2.986669 5.144243 1
0.718892 5.204931 2
0.661354 5.299221 1
2.200501 5.493474 1
2.197273 5.369653 2
2.304739 5.460426 1
2.477557 6.542108 2
0.849335 6.431480 1
1.276242 6.520332 2
1.762124 5.277796 2
1.837731 5.358323 1
2.089673 5.470119 2
0.831033 6.551325 2
4.350440 5.843766 1
4.291726 6.598414 1
2.327956 5.344021 1
0.605128 6.093863 1
2.208205 6.496840 1
1.164663 6.531327 1
1.205009 6.635832 2
4.274296 5.361598 1
1.860227 6.496627 1
1.933411 5.425395 2
2.438673 5.348428 1
2.771141 5.990453 1
2.741679 5.866411 1
2.704592 5.756721 1
3.875270 4.965647 1
4.314944 5.007007 1
0.138369 5.285372 1
4.203794 5.453638 1
4.104136 5.545857 1
2.494393 5.003564 2
2.506077 5.152360 1
0.352246 6.389323 1
0.000000 5.138889 0
0.106432 5.066491 2
0.085142 5.194705 1
4.620383 4.846562 1
0.114363 6.303110 1
0.215323 6.379928 1
0.286639 6.485198 1
0.145565 6.498655 1
0.241087 6.594317 2
0.000000 6.527778 0
0.101550 6.405153 1
3.510435 5.292639 1
4.650166 5.279795 1
3.049341 4.632110 2
4.633486 4.354214 3
4.212558 5.854231 1
4.248597 5.748077 1
4.038553 5.658641 1
3.338020 5.587583 1
1.147493 5.921739 1
4.464545 5.116072 1
3.624146 4.951439 1
1.598852 5.928372 1
2.946177 4.744067 2
0.000000 6.388889 0
4.517680 5.427602 1
1.708726 5.785487 1
0.220797 6.099459 1
2.359648 5.921749 1
2.021545 6.303704 1
0.217860 6.270355 1
4.598559 5.847157 1
0.519351 6.007927 1
4.526024 5.917530 1
4.460289 5.534797 1
4.314150 5.465457 1
4.337113 5.571017 1
4.021440 5.155866 1
2.881194 4.935314 2
1.071071 6.610753 2
3.713630 5.288313 1
0.000000 5.277778 0
3.834062 4.861106 1
4.008707 5.781964 1
4.097756 4.656532 2
2.266949 5.578924 1
4.286083 6.765038 2
2.043949 5.901158 1
0.084081 6.578643 1
2.613141 6.119974 1
1.762708 6.517904 2
0.546788 5.903909 1
0.424369 5.926633 1
2.885120 5.567744 1
2.275002 6.571133 1
2.417243 6.654553 3
2.269654 6.706133 2
0.000000 5.833333 0
4.546166 5.191502 1
2.614580 5.068915 2
2.861234 5.904022 1
0.418895 6.471860 1
4.169448 5.653909 1
2.606400 5.743266 1
4.818504 4.870011 2
4.747875 4.543130 2
3.243331 5.637528 1
2.755666 5.402276 1
0.124206 6.674959 2
0.362887 6.551648 2
0.465655 6.555604 2
4.894711 5.543684 2
2.874966 5.450286 1
4.085330 5.881739 1
4.123805 5.761951 1
0.866498 5.386453 1
1.914454 5.282464 2
4.723359 4.428094 2
5.004020 5.485520 2
5.018191 5.345380 2
0.075243 5.763889 1
2.138969 6.287920 1
4.396034 4.419438 2
1.383168 6.525343 2
4.228028 5.563161 1
3.256470 6.430376 2
0.320373 5.961413 1
1.888285 6.699817 2
0.243322 5.873458 1
1.823849 6.603411 2
0.000000 6.666667 0
1.556930 5.627866 1
4.168519 5.965186 1
1.164038 5.815179 1
4.284595 5.652598 1
1.654394 5.613462 1
2.870167 6.466660 2
0.633783 5.986217 1
4.867213 4.558381 3
1.962033 6.206042 1
 0 1 2
 1 3 2
 4 5 6
 7 8 9
 10 0 11
 12 5 4
 13 10 11
 14 15 16
 17 18 19
 15 20 16
 18 21 19
 22 23 24
 25 26 27
 27 26 28
 29 30 31
 24 23 32
 30 33 31
 34 35 36
 37 38 39
 40 41 42
 40 19 41
 43 44 35
 45 35 44
 46 47 8
 48 49 50
 51 52 53
 54 53 52
 55 56 57
 58 57 56
 50 49 59
 60 61 62
 63 64 65
 34 36 66
 67 68 69
 70 71 72
 7 68 67
 73 74 75
 76 77 78
 79 80 81
 82 80 79
 83 84 85
 72 71 86
 87 88 89
 1 89 88
 90 91 92
 93 94 95
 96 94 93
 60 62 97
 98 99 100
 101 6 5
 63 102 64
 103 104 105
 106 105 104
 29 31 11
 107 99 108
 46 109 47
 110 111 112
 113 114 115
 116 90 92
 108 99 98
 21 11 2
 96 117 94
 118 119 120
 121 120 119
 11 0 2
 122 123 124
 54 125 126
 127 83 85
 128 129 130
 41 130 129
 131 132 133
 134 135 121
 136 137 138
 11 31 139
 140 141 142
 1 133 132
 143 144 145
 87 89 146
 147 146 89
 144 148 145
 149 150 151
 152 153 150
 154 155 156
 157 156 155
 158 100 99
 54 126 159
 37 160 38
 43 35 161
 131 162 163
 164 165 50
 1 10 133
 122 124 166
 167 168 165
 48 165 168
 158 169 100
 98 100 170
 171 172 173
 118 138 137
 131 163 49
 174 175 176
 177 178 179
 180 181 182
 183 182 181
 184 185 172
 186 172 185
 1 0 10
 187 188 189
 190 191 192
 79 192 191
 20 69 68
 193 65 194
 113 195 114
 48 50 165
 1 88 196
 197 198 199
 200 201 202
 65 203 194
 204 205 206
 131 49 207
 134 121 208
 152 150 209
 210 211 212
 213 112 214
 1 196 3
 154 215 216
 177 217 178
 37 218 219
 193 144 143
 12 220 5
 221 222 39
 37 39 222
 223 90 224
 225 224 90
 136 226 137
 118 137 119
 227 119 137
 228 229 230
 231 232 233
 54 234 125
 235 236 237
 179 238 177
 57 238 179
 167 229 168
 235 239 240
 241 142 141
 210 212 242
 1 132 89
 243 244 245
 246 245 244
 110 247 111
 248 249 250
 158 202 201
 251 252 215
 248 250 253
 246 244 254
 45 36 35
 255 215 252
 235 237 256
 167 249 257
 248 257 249
 37 258 218
 259 260 261
 244 262 254
 37 219 160
 147 168 263
 264 206 205
 265 266 267
 188 239 189
 149 268 150
 163 162 138
 172 269 173
 133 10 270
 122 271 272
 58 273 57
 274 275 6
 6 275 4
 147 276 168
 34 76 78
 277 204 206
 154 156 215
 150 278 151
 279 275 252
 280 281 282
 283 282 281
 171 284 285
 286 66 36
 287 288 289
 240 239 290
 101 291 6
 292 293 294
 274 252 275
 295 82 296
 297 296 82
 64 298 299
 300 77 301
 76 301 77
 302 303 304
 190 208 119
 287 289 185
 302 188 303
 187 303 188
 133 270 162
 26 305 306
 307 232 231
 308 309 310
 54 52 311
 150 153 312
 26 25 305
 313 314 315
 48 168 207
 316 317 318
 113 115 319
 106 230 257
 7 320 8
 46 8 320
 171 285 321
 41 129 42
 131 133 162
 152 209 181
 322 170 175
 190 119 323
 174 324 175
 322 175 324
 55 159 56
 223 266 91
 265 91 266
 325 232 307
 20 15 69
 122 272 326
 314 327 315
 328 59 49
 121 119 208
 265 92 91
 329 330 331
 122 332 271
 134 192 81
 79 81 192
 116 311 333
 60 326 334
 283 335 336
 52 333 311
 337 179 178
 338 339 340
 7 9 68
 71 341 86
 342 62 61
 118 120 163
 328 163 120
 286 253 293
 286 343 253
 344 239 188
 345 346 234
 283 281 335
 295 296 347
 348 178 217
 213 349 112
 125 28 126
 126 28 26
 110 112 350
 221 299 298
 295 347 141
 186 269 172
 127 351 83
 352 139 31
 353 354 355
 337 356 357
 51 358 52
 122 326 359
 346 360 234
 181 209 361
 21 362 19
 363 364 365
 344 188 366
 122 359 123
 308 367 309
 363 365 5
 29 11 18
 21 18 11
 368 369 370
 73 370 369
 13 270 10
 371 111 247
 184 372 373
 107 374 375
 376 173 377
 378 379 216
 154 216 379
 308 96 380
 184 381 372
 12 358 220
 227 323 119
 55 53 159
 382 262 244
 360 383 234
 317 384 318
 385 386 169
 316 318 256
 54 311 345
 387 86 380
 388 389 202
 390 202 389
 387 72 86
 302 391 188
 55 57 357
 184 172 321
 171 321 172
 112 111 214
 392 393 67
 297 319 115
 147 89 132
 394 336 56
 164 249 165
 297 115 395
 13 11 139
 131 276 132
 363 5 220
 342 396 240
 397 240 396
 116 333 90
 266 398 267
 308 117 96
 34 66 76
 302 261 391
 399 391 261
 320 7 67
 393 320 67
 255 400 215
 216 215 400
 401 83 402
 45 403 343
 168 229 263
 328 120 135
 71 115 114
 404 405 166
 348 166 405
 71 70 115
 392 67 69
 193 143 406
 407 294 293
 174 408 409
 174 409 191
 60 97 326
 368 266 410
 388 375 374
 411 412 413
 13 139 414
 387 219 415
 218 415 219
 416 40 42
 74 416 42
 213 285 284
 248 343 403
 121 135 120
 40 369 417
 337 357 179
 418 316 256
 106 257 403
 248 403 257
 54 345 234
 193 194 419
 420 417 369
 223 421 266
 309 422 310
 292 423 293
 60 334 424
 368 398 266
 425 426 427
 428 355 354
 20 68 429
 283 305 282
 430 365 364
 45 105 403
 300 419 77
 183 379 431
 378 431 379
 337 178 432
 432 433 392
 178 433 432
 279 252 434
 344 366 307
 435 436 314
 437 438 439
 200 202 440
 337 441 356
 438 442 439
 103 443 444
 313 367 314
 435 314 367
 338 176 445
 392 405 393
 435 341 436
 404 124 446
 411 446 124
 308 447 367
 46 320 448
 243 245 449
 180 389 450
 388 450 389
 106 403 105
 46 448 446
 101 5 365
 451 452 260
 453 454 455
 404 393 405
 73 416 74
 456 32 23
 171 457 284
 264 284 457
 125 234 383
 251 215 156
 83 351 402
 282 305 458
 259 451 260
 394 159 126
 149 31 33
 459 460 16
 167 165 249
 394 306 336
 325 451 412
 453 461 454
 264 462 206
 148 144 463
 13 414 270
 103 105 464
 385 169 254
 233 97 62
 287 334 272
 326 272 334
 465 455 454
 325 307 452
 184 285 381
 466 381 285
 251 434 252
 401 467 83
 372 424 334
 184 321 285
 168 276 207
 152 181 450
 292 463 144
 360 346 351
 468 458 469
 140 470 141
 360 351 471
 466 285 214
 213 214 285
 101 472 461
 378 216 473
 17 417 474
 22 24 267
 401 267 24
 297 408 319
 475 211 476
 404 448 393
 174 477 408
 175 170 386
 86 341 447
 478 415 347
 113 340 195
 348 433 178
 430 16 460
 262 339 445
 399 260 452
 304 303 479
 399 261 260
 382 339 262
 103 444 104
 79 191 409
 387 415 72
 100 169 386
 186 281 269
 437 312 153
 399 452 307
 480 481 81
 43 161 427
 197 482 483
 112 349 484
 286 423 66
 180 450 181
 392 69 15
 485 486 487
 387 380 488
 174 176 477
 225 4 275
 394 126 306
 26 306 126
 329 331 489
 134 81 481
 325 452 451
 490 491 492
 493 492 491
 494 495 492
 378 198 483
 280 377 173
 344 307 231
 46 413 109
 98 496 438
 227 438 496
 497 102 142
 498 449 440
 499 310 422
 45 343 36
 286 36 343
 399 307 366
 235 240 236
 376 457 173
 500 501 463
 134 502 135
 442 226 503
 274 6 291
 41 19 362
 137 226 442
 504 289 288
 415 505 347
 175 506 176
 51 507 356
 475 476 30
 157 30 476
 498 440 508
 134 208 192
 394 56 159
 20 429 459
 227 137 442
 494 509 495
 107 375 99
 20 459 16
 328 49 163
 142 102 510
 390 440 202
 64 102 298
 51 356 511
 330 355 331
 251 211 434
 210 434 211
 96 488 380
 22 267 398
 193 406 65
 331 512 110
 210 513 434
 514 351 346
 515 331 110
 300 516 419
 45 44 105
 371 517 111
 466 111 517
 101 461 291
 300 423 518
 292 518 423
 388 202 375
 158 375 202
 140 519 520
 521 520 519
 297 522 408
 180 523 389
 58 56 336
 468 469 524
 235 256 318
 127 471 351
 113 319 477
 408 477 319
 190 525 191
 174 191 324
 420 474 417
 221 298 222
 497 222 298
 317 526 384
 338 527 176
 528 135 502
 167 230 229
 526 479 384
 57 273 238
 118 163 138
 280 173 269
 529 114 195
 274 530 252
 255 252 530
 73 75 23
 456 23 75
 98 170 496
 322 496 170
 103 531 443
 176 506 445
 184 373 185
 287 185 373
 43 427 426
 435 447 341
 225 90 532
 86 447 380
 123 359 232
 197 483 198
 223 91 90
 493 533 492
 509 329 489
 352 414 139
 420 369 534
 183 181 361
 304 487 486
 228 146 263
 51 53 507
 100 386 170
 535 383 471
 536 517 537
 157 155 538
 136 138 162
 475 212 211
 51 220 358
 539 540 541
 328 135 59
 193 516 144
 353 542 354
 228 263 229
 157 476 156
 330 353 355
 52 358 333
 218 258 543
 134 481 502
 360 471 383
 280 282 377
 468 377 282
 300 518 516
 40 416 369
 14 16 364
 186 185 289
 164 250 249
 279 434 513
 544 182 431
 183 431 182
 292 144 518
 29 18 545
 113 527 340
 17 19 417
 546 484 349
 150 312 278
 143 519 406
 547 502 481
 167 257 230
 12 333 358
 363 220 511
 73 369 416
 251 156 548
 227 496 323
 322 323 496
 160 549 38
 157 538 33
 528 59 135
 368 534 369
 55 507 53
 101 365 472
 430 472 365
 308 310 117
 550 117 310
 63 406 519
 363 511 441
 503 551 439
 278 439 551
 480 81 80
 500 463 294
 544 483 482
 17 545 18
 344 290 239
 54 159 53
 264 457 462
 233 232 359
 213 204 349
 326 97 359
 227 442 438
 411 413 446
 154 552 155
 378 483 431
 154 379 552
 390 389 523
 48 207 49
 251 548 211
 79 522 82
 295 80 82
 493 553 533
 465 199 198
 266 421 410
 112 484 350
 493 491 554
 546 204 555
 277 555 204
 187 318 384
 241 543 142
 497 142 543
 98 438 108
 437 108 438
 58 336 335
 57 179 357
 64 299 556
 557 155 552
 183 552 379
 504 273 289
 186 289 273
 46 446 413
 528 558 50
 164 50 558
 547 559 502
 536 537 396
 107 108 153
 437 153 108
 147 132 276
 131 207 276
 372 334 373
 286 293 423
 79 409 522
 411 124 560
 123 560 124
 211 548 476
 338 445 339
 550 94 117
 466 214 111
 561 460 459
 22 370 23
 478 296 395
 404 166 124
 147 263 146
 186 335 281
 499 562 310
 550 310 562
 283 306 305
 557 361 209
 73 23 370
 63 65 406
 283 336 306
 376 377 524
 468 524 377
 529 436 114
 497 258 222
 37 222 258
 423 301 66
 29 545 30
 136 270 414
 561 472 460
 392 15 432
 356 441 511
 385 262 445
 64 203 65
 90 333 532
 456 540 32
 563 299 564
 221 564 299
 237 354 565
 542 565 354
 528 502 559
 539 32 540
 122 166 332
 514 402 351
 148 463 501
 420 242 212
 490 492 495
 546 349 204
 213 205 204
 265 267 566
 401 566 267
 503 439 442
 342 290 62
 344 62 290
 186 273 335
 58 335 273
 158 201 169
 246 169 201
 313 567 367
 385 254 262
 568 305 25
 342 240 290
 453 291 461
 475 30 545
 158 99 375
 494 492 533
 152 450 374
 544 431 483
 55 357 507
 356 507 357
 295 470 80
 480 80 470
 300 301 423
 478 347 296
 480 569 481
 280 269 281
 397 236 240
 241 141 347
 309 367 567
 478 70 72
 40 417 19
 248 253 343
 128 196 570
 88 570 196
 428 571 247
 407 293 253
 547 481 569
 478 395 70
 12 532 333
 233 359 97
 278 551 151
 352 151 551
 465 454 199
 504 238 273
 235 318 189
 193 419 516
 127 85 572
 187 189 318
 143 145 519
 407 253 250
 529 327 314
 509 489 495
 325 560 232
 123 232 560
 241 505 543
 218 543 505
 453 455 530
 255 530 455
 428 354 573
 237 573 354
 127 572 574
 388 374 450
 408 522 409
 187 479 303
 428 247 512
 468 282 458
 529 314 436
 575 494 533
 200 440 449
 337 432 576
 149 538 268
 500 294 577
 407 577 294
 183 361 552
 526 485 487
 271 217 578
 246 254 169
 371 537 517
 521 519 145
 171 173 457
 526 487 479
 200 245 201
 246 201 245
 157 33 30
 500 559 501
 187 384 479
 210 421 513
 190 192 208
 210 242 410
 503 226 414
 136 414 226
 497 298 102
 322 525 323
 539 541 84
 287 373 334
 368 370 398
 63 510 102
 297 395 296
 453 530 291
 274 291 530
 348 332 166
 557 538 155
 309 567 422
 200 449 245
 149 151 31
 352 31 151
 71 114 436
 136 162 270
 490 484 491
 235 189 239
 127 574 471
 51 511 220
 568 458 305
 435 367 447
 14 432 15
 542 418 565
 337 576 441
 304 479 487
 404 446 448
 140 142 510
 393 448 320
 83 467 84
 539 84 467
 430 460 472
 176 527 477
 164 558 577
 500 577 558
 148 579 145
 547 501 559
 71 436 341
 342 61 396
 536 396 61
 110 350 515
 43 426 464
 297 82 522
 376 462 457
 390 508 440
 107 153 374
 152 374 153
 218 505 415
 539 24 32
 363 441 580
 43 464 44
 368 242 534
 500 558 559
 503 414 551
 475 474 212
 399 366 391
 190 323 525
 539 467 24
 401 24 467
 465 400 455
 344 231 62
 115 70 395
 385 445 506
 210 410 421
 22 398 370
 352 551 414
 397 571 573
 237 565 256
 418 256 565
 188 391 366
 546 491 484
 149 33 538
 140 510 519
 63 519 510
 497 543 258
 478 72 415
 271 332 217
 420 212 474
 465 198 473
 378 473 198
 480 520 569
 521 569 520
 465 473 400
 490 495 489
 528 50 59
 368 410 242
 164 577 250
 428 573 571
 546 554 491
 475 545 474
 392 433 405
 535 28 383
 420 534 242
 490 350 484
 514 92 566
 17 474 545
 490 489 515
 14 576 432
 177 578 217
 308 380 447
 76 66 301
 397 573 236
 528 559 558
 295 141 470
 322 324 525
 575 533 553
 74 42 581
 490 515 350
 140 520 470
 480 470 520
 237 236 573
 557 552 361
 331 355 512
 428 512 355
 338 340 527
 148 501 579
 160 219 488
 387 488 219
 348 405 433
 331 515 489
 372 381 582
 466 582 381
 233 62 231
 550 583 94
 325 412 560
 411 560 412
 521 145 579
 113 477 527
 64 556 203
 265 566 92
 563 556 299
 125 383 28
 3 130 362
 41 362 130
 514 566 402
 430 364 16
 129 581 42
 292 294 463
 504 578 238
 177 238 578
 371 247 571
 191 525 324
 128 130 196
 3 196 130
 116 584 311
 345 311 584
 535 471 574
 241 347 505
 213 284 205
 264 205 284
 223 513 421
 156 476 548
 557 268 538
 160 93 549
 95 549 93
 287 272 288
 271 288 272
 363 580 364
 14 364 580
 407 250 577
 557 209 268
 103 426 531
 546 555 554
 348 217 332
 279 224 275
 144 516 518
 397 537 571
 371 571 537
 110 512 247
 401 402 566
 372 582 424
 536 424 582
 255 455 400
 547 579 501
 397 396 537
 103 464 426
 514 584 92
 116 92 584
 536 582 517
 466 517 582
 150 268 209
 278 312 439
 437 439 312
 385 506 386
 175 386 506
 514 346 584
 345 584 346
 441 576 580
 425 531 426
 536 61 424
 60 424 61
 504 288 578
 271 578 288
 105 44 464
 547 569 579
 216 400 473
 521 579 569
 3 362 2
 21 2 362
 96 93 488
 160 488 93
 279 513 224
 223 224 513
 12 4 532
 225 532 4
 225 275 224
 14 580 576
 43
 390 313 259 544 561 243 499 302 382 180 498 197 529 304 8 261 68 451 244 47 109 459 195 182 482 454 472 508 413 429 315 412 486 340 523 199 339 422 327 449 461 567 9
 0
 0
 0
 16
 87 456 128 228 106 88 129 74 104 146 540 75 230 444 570 581
 22
 493 277 376 568 27 535 540 541 524 28 572 85 553 206 555 462 458 25 84 574 469 554
 4
 499 550 583 562
 0
 0
 18
 221 34 95 563 35 39 38 77 419 194 564 161 556 583 549 94 78 203
 0
 0
 6
 425 443 161 444 427 531
