585 1062
2.266543 4.837543 1
2.354569 4.780239 1
2.362011 4.940258 1
2.475768 4.831185 1
0.949779 3.404397 2
1.054199 3.509120 1
0.863356 3.491082 1
0.929897 3.592054 1
1.447017 5.148707 2
1.284539 5.081104 2
1.429996 5.052123 1
0.316807 3.985194 1
0.296819 4.080687 1
0.191424 3.991625 1
2.045098 3.303173 1
2.145648 3.373467 1
1.976770 3.446197 1
0.208946 4.153841 1
2.119670 3.493098 1
1.336604 3.931155 1
1.411892 4.023517 1
1.257768 4.007148 1
1.318588 4.106539 1
1.625208 4.773975 1
1.634479 4.644356 1
1.755826 4.672694 1
1.747181 4.815470 1
2.628444 4.929286 1
2.494393 5.003564 2
3.757726 4.591319 1
3.841367 4.732700 2
3.696275 4.709718 2
0.635702 5.069196 2
0.478251 5.133544 2
0.559542 4.962142 1
2.746652 3.966335 1
2.786584 3.867271 1
2.905543 3.942552 1
1.541535 4.288084 1
1.435274 4.418665 1
1.363267 4.263799 1
0.260440 3.850509 1
2.578471 3.951762 1
2.670653 4.094378 1
1.845991 4.317462 1
1.710832 4.271868 1
1.848897 4.146701 1
1.042573 3.357720 2
1.152876 3.345575 2
1.823967 3.799310 1
1.844278 3.966350 1
1.713768 3.849500 1
1.678203 3.965249 1
2.399718 3.322978 1
2.434222 3.215888 2
2.535318 3.365102 2
0.869467 5.131529 1
0.769390 5.051095 1
0.900624 4.981236 1
1.205574 3.476413 1
3.458855 4.122495 1
3.606796 4.177765 1
3.483129 4.255417 1
3.598774 4.337320 1
1.046198 4.122622 1
1.052132 4.303879 1
0.954772 4.204939 1
2.848079 5.061532 2
2.716476 5.031258 1
2.764699 4.932348 1
4.499614 3.585040 2
4.366788 3.584994 1
4.446567 3.471965 1
2.881194 4.935314 2
1.157460 4.226938 1
4.334121 3.451462 1
2.461796 4.161706 1
2.524874 4.329898 1
2.368239 4.274683 1
3.894337 4.620393 1
2.802897 4.053679 1
0.000000 3.611111 0
0.145812 3.516792 2
0.107255 3.641623 1
2.913982 3.504823 1
3.083112 3.536109 1
2.906021 3.610849 1
2.991431 3.677116 1
2.770490 3.248269 2
2.891829 3.294670 2
2.759542 3.399570 1
3.663119 3.911580 1
3.826711 3.869400 1
3.770090 3.992099 1
1.774427 3.040984 2
1.793190 3.163004 1
1.652687 3.096948 2
1.972178 4.097893 1
1.857689 3.579554 1
2.015769 3.551778 1
0.344523 5.224209 2
0.196422 5.156919 2
0.341365 5.078186 1
0.236381 4.995296 1
2.186648 3.695920 1
2.264641 3.792607 1
2.162940 3.843647 1
0.987016 3.751022 1
1.114635 3.829833 1
0.950544 3.894858 1
0.434300 4.992430 1
1.948714 4.534981 1
1.952836 4.392175 1
2.077769 4.478052 1
2.081096 3.728491 1
3.647573 3.329685 2
3.813725 3.367210 2
3.683997 3.444801 1
2.677975 4.403424 1
2.632258 4.578031 1
2.560628 4.436356 1
1.287651 4.420591 1
3.758397 3.758531 1
0.725570 4.565895 1
0.832983 4.618250 1
0.676561 4.652657 1
0.782922 4.741789 1
2.157629 2.901798 1
2.211674 2.801809 2
2.293576 2.914561 2
1.545395 3.612684 1
1.708498 3.610493 1
1.647203 3.724900 1
2.748864 4.504391 1
2.868498 3.815696 1
2.218435 4.216924 1
2.195001 4.360684 1
2.319805 4.424444 1
1.091373 3.977587 1
2.288267 3.928280 1
2.194062 4.086891 1
2.123543 3.972538 1
2.162099 4.878536 1
2.217421 4.707479 1
2.000322 3.658331 1
1.554171 5.074500 1
1.484426 4.911976 1
0.568905 4.559208 1
0.682309 4.460582 1
1.708725 4.146117 1
1.907914 3.243223 1
1.757735 3.323189 1
2.076948 4.795655 1
2.681637 4.256405 1
0.343548 4.903107 1
2.328976 4.094757 1
0.717624 3.718441 1
0.684755 3.851752 1
0.575425 3.706501 1
0.543499 3.861286 1
2.362937 3.794144 1
2.445605 3.866630 1
2.582572 4.189142 1
0.634513 4.864355 1
0.533296 4.801731 1
1.025232 4.906744 1
1.173181 4.840536 1
1.141149 5.001644 2
1.388970 3.318665 2
1.514504 3.315554 1
1.492873 3.422162 1
1.373677 4.553658 1
0.453549 4.888576 1
2.438004 4.007002 1
0.117865 3.862267 1
3.672231 4.470662 1
3.522887 4.489528 1
3.686920 3.654907 1
3.811975 3.609040 1
3.898018 3.736639 1
3.158106 4.022573 1
3.266143 3.958967 1
3.291701 4.098896 1
0.576647 4.440132 1
0.439510 4.421194 1
0.420596 4.557470 1
2.658534 3.302438 2
1.130480 3.678314 1
2.054163 4.363466 1
2.029438 3.159523 1
3.669930 4.054786 1
3.553286 4.052860 1
2.211415 4.472812 1
0.802402 3.915571 1
0.782489 4.064852 1
0.647741 3.997498 1
2.896825 4.090075 1
1.246724 4.592386 1
2.559604 4.702583 1
2.620094 4.801671 1
4.011201 4.580757 1
3.989231 4.708849 2
1.981885 4.254064 1
2.723489 4.742270 1
0.404852 3.911410 1
2.369568 5.111186 2
2.282167 5.236704 2
2.249674 5.133719 1
1.011520 5.057606 2
4.097756 4.656532 2
0.682058 4.177941 1
0.552354 4.113791 1
3.114750 3.650118 1
3.049341 4.632110 2
2.900057 4.632640 1
2.965014 4.544440 1
2.946177 4.744067 2
1.605948 3.264765 1
1.468642 3.218100 2
1.552569 3.145017 2
1.264962 3.777778 1
0.648033 3.496348 1
0.531076 3.469311 2
0.664800 3.365109 2
0.798703 4.935954 1
1.904876 3.102249 2
3.760977 4.141288 1
3.865321 4.286638 1
3.730860 4.287013 1
4.101400 3.641224 1
4.029352 3.743405 1
3.953509 3.619774 1
1.348485 3.453827 1
2.609238 3.517793 1
2.523007 3.648184 1
2.486100 3.502004 1
2.056813 4.649498 1
3.510444 3.945162 1
0.101495 4.079753 1
4.384297 4.111179 1
4.321894 4.212945 1
4.274329 4.054249 1
1.153041 4.501813 1
1.165372 4.363902 1
3.204232 3.703293 1
3.226218 3.840267 1
3.088363 3.763826 1
3.890006 4.160296 1
4.208792 4.172944 1
1.557101 4.441323 1
2.614580 5.068915 2
2.174151 3.085896 1
2.100081 2.995924 1
1.980043 3.005756 2
0.404601 3.755174 1
1.687407 3.196637 1
1.305190 4.892964 1
1.246485 4.971503 1
3.405697 4.008058 1
0.298179 4.346334 1
0.163075 4.437894 1
0.155146 4.289350 1
3.134465 3.448697 2
3.206612 3.570246 1
0.938187 4.303159 1
0.983424 4.420954 1
1.538939 3.726226 1
1.316966 3.563776 1
1.649491 5.183521 2
1.516472 5.222009 2
0.455974 3.598279 2
0.340842 3.651117 1
0.303318 3.536052 2
3.158952 4.149160 1
1.256852 3.379022 2
3.355225 4.213881 1
1.997262 3.961263 1
1.106335 4.660254 1
1.050924 4.792417 1
0.961264 4.723523 1
0.512555 3.990443 1
0.967973 4.616813 1
4.095340 3.866561 1
4.196617 3.755592 1
0.890913 4.840916 1
2.170873 4.567527 1
0.345145 4.655893 1
0.317155 4.493004 1
0.224829 4.579339 1
1.456560 4.158369 1
1.666563 4.399127 1
3.485222 4.369045 1
2.675906 3.858227 1
2.293629 4.533353 1
2.364146 4.641335 1
1.511669 4.565185 1
1.487731 4.716579 1
2.940133 4.188791 1
2.794811 4.175054 1
2.859029 4.264322 1
1.620126 4.919281 1
1.745081 4.939768 1
2.556775 3.810593 1
3.313319 3.773828 1
3.334796 3.669358 1
3.130578 3.901307 1
2.212756 2.982619 1
1.592145 4.171113 1
1.690180 5.050747 1
1.852256 4.457335 1
3.253668 3.446566 2
3.026370 3.348619 2
3.004563 3.449836 1
2.875806 3.413953 1
3.613718 4.608540 2
3.447032 4.666956 2
2.042769 3.837402 1
2.653286 3.746954 1
4.030450 3.517035 1
0.838054 3.780471 1
2.772818 3.517823 1
2.540742 4.074995 1
4.267220 3.534466 1
1.935556 3.863652 1
1.225959 3.886014 1
2.276365 3.172421 1
2.319116 3.273398 1
2.385357 3.105984 1
0.106432 5.066491 2
1.914454 5.282464 2
2.052919 5.351081 1
1.933411 5.425395 2
1.757389 4.056217 1
1.939620 5.144183 1
1.848137 5.192117 1
1.825933 5.051859 1
4.359907 3.812293 1
4.230332 3.864177 1
2.969521 4.300983 1
2.823711 4.393661 1
2.964751 3.791596 1
2.956564 4.427278 1
0.736492 3.530544 1
0.746491 3.433412 1
0.273826 3.722991 1
1.824021 3.453087 1
2.468989 4.628735 1
2.523161 4.529856 1
3.944857 3.279537 2
4.080956 3.284735 1
3.979446 3.402946 1
3.033436 3.865733 1
2.142704 5.215140 1
2.197273 5.369653 2
4.329508 3.709597 1
1.949055 4.990519 1
2.078709 4.956062 1
2.046958 5.102517 1
0.877540 4.413786 1
4.153842 4.086401 1
4.099603 4.201324 1
3.998106 4.081865 1
3.977496 4.237344 1
1.583376 3.502321 1
2.313524 3.484680 1
2.376864 3.565907 1
2.233952 3.561823 1
3.478721 3.539876 1
3.370279 3.428877 2
3.518182 3.389859 2
2.141032 3.189655 1
2.019053 5.225721 1
2.118942 4.284904 1
1.230318 4.716856 1
1.336670 4.690624 1
2.398672 3.432443 1
3.065319 4.494302 1
3.173604 4.555604 1
2.442650 4.721149 1
1.258429 3.661305 1
1.407226 3.692912 1
1.758916 5.154770 1
2.267133 3.651647 1
1.963672 4.855675 1
3.384558 3.882700 1
2.093771 4.187382 1
2.798532 3.650784 1
0.805133 4.493316 1
1.252662 4.198272 1
4.106912 3.411744 1
2.161426 5.086014 1
2.191758 4.977833 1
4.029822 3.147438 2
3.026547 4.078624 1
3.601517 3.546279 1
2.451574 3.748473 1
1.376183 4.959968 1
1.289464 4.793635 1
1.738686 4.527773 1
1.624204 4.521267 1
1.017475 3.636533 1
1.374240 3.826074 1
4.555039 3.463412 2
3.784562 3.477700 1
2.776603 4.618862 1
2.085275 4.074595 1
2.677222 3.628210 1
0.148263 3.745319 1
0.833898 4.203212 1
0.903448 4.091822 1
3.565874 3.649191 1
3.447007 3.652848 1
2.980428 4.866797 2
2.849089 4.819247 1
0.718892 5.204931 2
0.000000 4.444445 0
0.104653 4.543991 1
2.264250 4.935091 1
2.862094 4.510117 1
1.609873 3.384493 1
1.693205 3.467392 1
0.989375 5.185784 2
0.838786 5.261732 2
0.000000 3.750000 0
3.519101 3.834054 1
1.079771 4.434591 1
1.899794 3.359475 1
2.839083 4.711417 1
1.190860 3.579062 1
1.885537 3.695536 1
2.200313 3.282825 1
4.426431 4.309072 1
4.467340 4.192899 1
2.440646 4.411197 1
3.234506 4.368670 1
3.086691 4.360928 1
3.178654 4.262046 1
4.292946 3.352727 1
4.196562 3.299059 1
4.326914 3.215930 3
2.717163 4.844965 1
3.160703 4.445453 1
1.438288 3.555330 1
3.398920 4.532316 1
1.180613 4.103860 1
0.672693 3.611420 1
1.768899 4.404296 1
1.243384 4.290224 1
2.739348 5.145971 2
4.185935 3.189254 2
0.000000 4.305555 0
0.107323 4.186213 1
0.000000 3.888889 0
2.364691 3.674391 1
0.214986 3.612837 1
2.768164 4.308964 1
1.032397 4.539159 1
3.622774 3.758597 1
4.310056 3.929770 1
3.306064 4.596165 2
3.166606 4.677914 2
0.000000 5.000000 0
0.000000 4.861111 0
0.121741 4.909756 1
2.667090 3.420545 1
0.920518 4.531152 1
0.000000 4.722222 0
0.000000 4.583333 0
0.119825 4.672441 1
2.089673 5.470119 2
0.414330 4.068227 1
3.905245 3.963724 1
3.856679 4.061239 1
3.698494 4.373678 1
3.808077 4.401528 1
3.818960 4.513000 1
4.232365 3.643092 1
3.892028 3.497513 1
2.765425 3.758421 1
0.808822 3.631481 1
0.817296 3.350409 2
0.081024 4.368888 1
1.774530 3.699827 1
1.845996 4.885234 1
3.296501 4.470175 1
0.000000 4.166667 0
4.013083 3.953603 1
1.494057 3.828117 1
4.189739 3.956672 1
4.158294 3.530331 1
1.866666 4.740505 1
4.042265 4.458383 1
3.921630 4.489553 1
3.952791 4.375410 1
1.519705 4.078920 1
1.541506 3.965039 1
4.522327 3.976162 2
4.491944 4.086090 1
4.394097 4.005012 1
4.097208 3.997294 1
3.050842 3.962158 1
2.274977 5.033824 1
0.569405 4.688503 1
0.657364 4.762203 1
1.424073 4.634500 1
1.401960 4.827195 1
3.062189 4.222247 1
0.646802 4.323534 1
0.770799 4.381408 1
0.000000 5.138889 0
0.571542 3.574226 1
4.396381 3.339750 1
0.253715 4.248518 1
2.291043 3.043742 1
2.404053 3.000973 2
4.067450 4.328677 1
4.176639 4.432660 2
1.431660 3.914780 1
0.457483 4.687528 1
2.111428 3.605422 1
0.898227 3.693818 1
0.738157 4.849654 1
4.473174 3.256110 2
0.000000 4.027778 0
1.762124 5.277796 2
0.967439 4.006477 1
3.714086 3.543481 1
0.876311 3.995480 1
1.632625 4.071932 1
4.296638 4.351752 1
1.980952 4.739970 1
1.847712 4.590309 1
0.397058 4.783470 1
0.282452 4.796529 1
4.189581 4.291617 1
1.516116 4.814785 1
3.252874 4.200253 1
0.239060 4.693612 1
4.508618 3.793003 2
4.439803 3.695257 1
1.602232 3.849742 1
2.401201 4.527609 1
0.403314 4.311971 1
0.489652 4.263585 1
0.537349 4.347873 1
1.961541 3.763787 1
3.351694 3.548263 1
3.371267 4.340522 1
3.422117 4.438757 1
4.433736 3.897782 2
0.352589 4.204545 1
3.965398 3.853828 1
4.223198 3.429797 1
1.940171 4.651053 1
0.078739 4.791667 1
0.183726 4.791667 1
4.555874 4.268365 1
0.460118 4.163203 1
4.293717 4.469721 2
3.279840 4.277283 1
0.749340 4.281882 1
3.416794 3.773523 1
4.113810 4.543948 2
4.518124 4.381610 2
0.581823 4.228570 1
2.499911 3.088206 2
0.833953 4.316689 1
3.516917 3.732760 1
1.769243 3.527869 1
2.284962 3.372878 1
0.689004 4.960452 1
0.236595 4.883244 1
4.499074 3.366894 2
2.219551 3.457190 1
4.396034 4.419438 2
0.076489 3.962608 1
4.633486 4.354214 3
4.655750 4.229373 2
4.589895 4.154187 2
2.883663 3.715283 1
4.562174 3.680274 2
4.615785 4.052131 2
2.043079 2.899563 2
2.111815 2.711766 3
2.105972 2.821742 2
 0 1 2
 1 3 2
 4 5 6
 6 5 7
 8 9 10
 11 12 13
 14 15 16
 13 12 17
 16 15 18
 19 20 21
 21 20 22
 23 24 25
 23 25 26
 3 27 28
 29 30 31
 32 33 34
 35 36 37
 38 39 40
 41 11 13
 42 35 43
 44 45 46
 5 47 48
 49 50 51
 52 51 50
 53 54 55
 56 57 58
 5 48 59
 60 61 62
 63 62 61
 64 65 66
 3 28 2
 67 68 69
 70 71 72
 67 69 73
 74 65 64
 72 71 75
 76 77 78
 79 30 29
 35 37 80
 81 82 83
 84 85 86
 87 86 85
 88 89 90
 91 92 93
 94 95 96
 97 46 50
 98 16 99
 100 101 102
 103 102 101
 104 105 106
 107 108 109
 110 34 33
 111 112 113
 104 106 114
 115 116 117
 118 119 120
 121 40 39
 91 122 92
 123 124 125
 125 124 126
 127 128 129
 130 131 132
 133 119 118
 134 37 36
 135 78 136
 137 136 78
 138 109 108
 139 140 141
 0 142 143
 98 99 144
 145 10 146
 123 147 148
 149 46 45
 150 151 95
 143 142 152
 153 118 77
 110 102 154
 135 155 78
 76 78 155
 156 157 158
 159 158 157
 139 160 161
 76 162 77
 153 77 162
 163 34 164
 165 166 167
 168 169 170
 121 39 171
 164 34 172
 139 161 173
 42 173 161
 41 13 174
 63 175 176
 177 178 122
 179 122 178
 180 181 182
 183 147 184
 185 184 147
 88 90 186
 107 187 108
 188 136 113
 150 189 14
 190 191 91
 136 192 113
 193 194 195
 76 155 173
 196 80 37
 121 171 197
 3 198 199
 79 200 201
 103 154 102
 44 46 202
 203 198 119
 41 204 11
 3 199 27
 205 206 207
 193 195 157
 159 157 195
 165 167 208
 209 201 200
 210 211 195
 87 85 212
 213 214 215
 213 216 214
 217 218 219
 220 108 187
 221 222 223
 224 58 57
 150 225 189
 226 227 228
 229 230 231
 168 170 232
 233 234 235
 152 236 143
 191 237 91
 17 238 13
 239 240 241
 121 242 243
 123 125 147
 244 245 246
 183 148 147
 139 105 160
 226 247 227
 240 248 241
 38 249 39
 168 218 169
 250 27 68
 69 68 27
 251 189 252
 253 252 189
 159 204 254
 121 197 242
 217 219 255
 256 257 166
 210 195 194
 60 182 258
 259 260 261
 150 95 225
 85 262 263
 264 65 265
 63 61 228
 226 228 61
 130 132 266
 267 59 232
 145 268 269
 41 254 204
 56 58 208
 85 263 212
 270 271 272
 180 182 273
 59 274 232
 60 275 182
 97 50 276
 277 278 279
 139 155 140
 159 195 280
 277 279 281
 282 230 283
 126 279 284
 139 141 106
 285 143 236
 185 286 287
 288 287 286
 38 40 289
 38 45 290
 63 176 291
 42 292 35
 285 293 143
 294 143 293
 295 24 296
 23 296 24
 297 298 196
 299 298 297
 23 26 300
 301 300 26
 38 290 249
 42 161 302
 270 158 254
 159 254 158
 244 303 245
 244 304 303
 245 305 246
 127 129 306
 38 307 45
 145 308 268
 111 309 112
 310 263 262
 96 255 219
 188 113 112
 311 312 313
 126 124 279
 314 315 176
 229 283 230
 316 141 276
 317 302 234
 311 313 89
 229 231 318
 110 33 102
 166 257 167
 233 235 55
 156 319 157
 193 157 319
 84 86 320
 76 173 321
 322 75 71
 288 260 287
 259 287 260
 49 323 50
 138 108 324
 325 54 326
 94 225 95
 327 54 325
 103 101 328
 329 330 331
 217 169 218
 38 289 307
 52 50 332
 95 151 255
 333 334 335
 283 336 337
 299 338 339
 277 166 278
 138 324 21
 134 340 37
 341 339 338
 342 221 343
 41 344 254
 244 212 263
 316 106 141
 98 345 16
 346 347 119
 198 346 119
 348 349 350
 347 120 119
 351 37 340
 18 99 16
 205 2 28
 352 353 330
 354 336 283
 355 356 357
 264 265 358
 359 360 361
 362 361 360
 130 363 131
 364 365 366
 84 312 85
 145 146 300
 367 368 369
 189 370 14
 352 330 371
 329 371 330
 314 175 29
 188 202 372
 84 320 313
 277 197 373
 374 373 197
 53 55 375
 133 118 339
 213 376 377
 3 378 198
 220 379 380
 381 335 334
 180 305 181
 374 197 171
 365 382 366
 355 383 356
 165 278 166
 145 269 8
 254 344 271
 384 181 245
 202 385 372
 386 320 86
 250 28 27
 152 356 383
 123 387 124
 221 223 343
 50 46 332
 22 40 388
 389 350 349
 390 356 391
 357 356 390
 348 392 349
 196 37 393
 145 8 10
 367 369 394
 117 394 369
 234 302 395
 277 373 166
 9 396 10
 256 166 397
 245 181 305
 5 4 47
 398 399 290
 5 400 7
 203 199 198
 165 284 278
 279 278 284
 19 324 401
 97 202 46
 70 72 402
 244 263 304
 117 116 403
 139 173 155
 203 119 404
 97 276 405
 233 406 234
 317 234 406
 384 245 303
 97 385 202
 41 174 407
 210 194 408
 409 408 194
 267 380 379
 264 66 65
 351 246 305
 367 410 411
 367 394 410
 55 235 375
 100 102 33
 234 365 235
 412 413 216
 253 189 225
 56 414 57
 32 57 414
 415 260 416
 0 2 417
 107 109 319
 193 319 109
 220 401 324
 214 404 418
 217 151 419
 420 419 151
 56 421 422
 139 106 105
 423 407 174
 9 257 396
 355 333 335
 141 405 276
 91 237 424
 425 265 65
 150 14 426
 16 426 14
 107 400 187
 413 427 216
 428 187 5
 187 400 5
 220 187 379
 98 144 429
 295 171 39
 430 14 370
 431 240 432
 239 432 240
 77 433 78
 434 435 436
 437 438 439
 69 27 440
 159 280 204
 441 435 434
 170 363 442
 315 443 176
 138 21 444
 342 445 221
 420 131 363
 398 290 446
 220 380 401
 121 447 40
 22 289 40
 251 370 189
 352 371 357
 285 236 113
 111 113 236
 355 357 333
 314 176 175
 67 448 68
 153 43 298
 138 444 64
 449 349 392
 450 451 261
 449 439 438
 295 39 249
 452 423 174
 453 365 234
 420 151 345
 149 45 307
 454 83 82
 454 82 272
 118 455 339
 90 313 320
 277 281 456
 217 255 151
 56 422 414
 177 122 457
 91 457 122
 458 337 336
 459 460 377
 226 61 190
 63 291 62
 461 462 463
 233 55 464
 465 124 387
 466 467 468
 288 416 260
 362 247 361
 96 95 255
 60 62 275
 330 353 469
 381 268 308
 470 11 204
 384 424 237
 110 172 34
 330 469 331
 471 361 472
 270 254 271
 133 418 404
 63 473 175
 474 475 175
 354 476 71
 348 350 116
 477 116 350
 386 478 406
 9 167 257
 156 479 319
 480 4 6
 179 231 230
 415 481 260
 22 444 21
 470 204 280
 132 482 51
 355 483 383
 135 385 140
 425 243 242
 355 335 483
 459 377 484
 441 484 377
 384 237 258
 441 377 376
 135 140 155
 450 485 451
 130 380 442
 267 442 380
 471 486 361
 56 208 421
 130 266 380
 487 380 266
 487 401 380
 458 241 488
 229 318 489
 389 489 318
 317 406 478
 35 80 43
 146 10 396
 42 43 321
 153 162 43
 453 234 395
 179 92 122
 423 83 407
 490 383 483
 491 492 493
 49 51 482
 214 216 427
 91 424 457
 494 20 495
 185 287 184
 259 184 287
 496 497 498
 322 71 476
 359 361 499
 494 307 289
 226 190 93
 37 500 393
 205 501 2
 471 93 92
 502 503 164
 163 164 503
 374 171 504
 277 242 197
 374 296 505
 316 114 106
 357 371 333
 506 393 273
 180 273 393
 183 507 148
 508 148 507
 509 461 328
 213 215 376
 270 222 510
 474 175 473
 130 442 363
 437 439 511
 259 261 512
 40 447 388
 146 396 505
 467 415 416
 175 475 29
 327 513 514
 156 158 445
 152 142 356
 354 283 476
 477 178 403
 129 514 513
 195 211 280
 470 280 211
 502 147 125
 459 443 315
 423 81 83
 506 273 436
 104 382 105
 453 105 382
 474 228 227
 170 442 232
 19 21 324
 491 515 516
 453 160 105
 495 20 517
 398 25 24
 185 147 518
 103 328 463
 144 519 114
 319 479 520
 352 357 390
 256 505 396
 188 112 202
 44 202 112
 126 284 521
 522 511 439
 485 523 238
 381 524 268
 137 78 433
 412 73 413
 480 6 343
 153 455 118
 79 29 475
 480 343 223
 138 64 525
 409 525 64
 458 498 241
 224 521 284
 182 181 258
 50 323 276
 474 493 492
 42 321 173
 178 526 403
 193 527 194
 98 482 131
 52 528 495
 494 495 528
 490 26 25
 431 529 240
 461 463 328
 301 483 335
 317 478 292
 152 383 530
 60 191 61
 150 426 151
 342 6 479
 7 479 6
 490 25 531
 220 324 108
 490 530 383
 165 208 58
 532 533 286
 534 516 515
 69 440 413
 203 413 440
 23 535 296
 273 536 436
 237 191 258
 60 258 191
 0 143 1
 294 1 143
 168 232 274
 477 350 318
 389 318 350
 290 399 249
 286 533 537
 90 320 464
 233 464 320
 256 396 257
 502 518 147
 374 504 296
 214 418 215
 538 336 539
 132 540 266
 149 332 46
 295 399 24
 264 408 66
 409 66 408
 490 483 26
 117 369 115
 294 541 346
 474 227 493
 474 473 228
 467 416 468
 146 535 300
 295 296 504
 542 543 544
 184 542 544
 491 493 515
 221 510 222
 90 89 313
 229 476 283
 477 318 231
 49 429 545
 310 368 546
 145 300 308
 301 308 300
 484 434 547
 74 64 444
 548 291 176
 193 109 527
 23 300 535
 17 261 451
 49 545 323
 239 498 497
 260 481 261
 450 261 481
 288 468 416
 17 512 261
 398 24 399
 311 262 312
 453 382 365
 496 498 549
 226 93 472
 153 298 455
 259 550 542
 84 313 312
 259 512 550
 299 455 298
 384 258 181
 179 551 92
 137 192 136
 91 93 190
 389 349 438
 322 489 552
 487 266 540
 292 478 36
 389 438 552
 183 184 544
 69 413 73
 310 546 263
 490 531 553
 282 551 230
 22 388 444
 132 131 482
 79 475 492
 361 247 472
 534 240 529
 548 176 443
 352 207 206
 79 201 30
 548 484 547
 430 15 14
 294 293 541
 259 542 184
 347 433 120
 362 227 247
 381 334 524
 329 524 334
 359 241 248
 135 136 372
 462 554 463
 555 463 554
 282 283 337
 459 484 443
 548 443 484
 135 372 385
 466 468 554
 555 554 468
 267 428 59
 104 114 519
 285 113 192
 454 272 271
 42 302 292
 431 432 556
 362 493 227
 543 550 557
 470 557 550
 347 541 433
 491 200 492
 63 228 473
 543 542 550
 558 516 529
 534 529 516
 17 550 512
 322 476 489
 229 489 476
 314 29 31
 559 275 547
 62 547 275
 196 393 297
 506 297 393
 17 12 550
 470 550 12
 386 406 320
 454 407 83
 117 526 394
 177 394 526
 111 531 309
 398 309 531
 477 231 178
 152 530 236
 362 515 493
 138 525 109
 210 560 507
 205 207 501
 384 561 424
 322 552 75
 224 284 58
 165 58 284
 77 118 120
 454 344 407
 41 407 344
 270 510 158
 210 408 560
 398 446 309
 61 191 190
 352 390 207
 180 393 500
 359 488 241
 74 447 243
 203 427 413
 79 492 200
 53 326 54
 5 59 428
 342 479 445
 156 445 479
 352 206 353
 107 520 400
 491 516 562
 471 551 486
 133 404 119
 362 360 515
 534 515 360
 144 99 519
 111 236 553
 282 486 551
 431 556 563
 282 488 499
 52 495 540
 210 564 211
 327 565 54
 351 500 37
 508 507 560
 98 429 482
 341 418 339
 179 230 551
 210 507 564
 183 544 507
 235 365 375
 364 375 365
 185 518 286
 409 64 66
 391 356 142
 44 112 309
 385 405 140
 97 405 385
 251 325 370
 430 370 325
 211 564 557
 264 566 408
 177 457 410
 567 410 457
 188 372 136
 420 345 568
 567 457 424
 420 568 131
 98 131 568
 534 248 240
 485 238 451
 7 400 520
 177 526 178
 179 178 231
 126 503 125
 43 80 298
 304 411 561
 430 569 15
 233 320 406
 470 211 557
 288 537 468
 555 468 537
 224 57 570
 32 570 57
 506 435 338
 329 333 371
 301 26 483
 543 557 564
 103 463 571
 555 571 463
 74 243 65
 341 215 418
 316 276 323
 391 501 390
 207 390 501
 282 499 486
 532 518 164
 52 332 528
 149 528 332
 146 505 535
 347 346 541
 354 539 336
 342 343 6
 409 194 527
 538 549 336
 72 572 402
 161 395 302
 341 435 376
 441 376 435
 277 456 242
 137 293 192
 502 164 518
 48 274 59
 133 339 418
 52 540 51
 415 450 481
 506 436 435
 267 379 428
 317 292 302
 151 426 345
 569 573 15
 282 337 488
 532 286 518
 431 563 574
 107 319 520
 226 472 247
 506 338 297
 250 68 448
 462 466 554
 295 249 399
 487 540 495
 361 486 499
 465 387 358
 508 358 387
 523 452 575
 76 321 162
 43 162 321
 137 541 293
 559 547 434
 341 376 215
 567 411 410
 290 45 446
 44 446 45
 126 521 503
 163 503 521
 341 338 435
 329 334 333
 567 561 411
 327 325 513
 389 552 489
 267 232 442
 449 438 349
 177 410 394
 374 505 397
 471 92 551
 437 552 438
 27 199 440
 576 556 577
 299 339 455
 567 424 561
 121 243 447
 296 535 505
 578 556 432
 398 531 25
 44 309 446
 166 373 397
 304 561 303
 431 574 529
 132 51 540
 532 154 533
 55 186 464
 90 464 186
 251 513 325
 327 514 565
 304 546 411
 425 242 456
 507 544 564
 543 564 544
 430 325 326
 288 286 537
 470 12 11
 534 360 248
 494 289 20
 22 20 289
 158 510 445
 224 570 521
 163 521 570
 109 525 527
 13 238 575
 523 575 238
 239 241 498
 367 546 368
 532 164 172
 304 263 546
 53 375 569
 364 569 375
 386 579 478
 134 478 579
 441 434 484
 141 140 405
 578 432 497
 454 271 344
 391 142 417
 295 504 171
 32 34 570
 163 570 34
 359 248 360
 359 499 488
 458 549 498
 458 488 337
 299 297 338
 477 403 116
 149 307 528
 487 495 517
 236 530 553
 103 571 154
 217 419 169
 170 169 419
 367 411 546
 196 298 80
 474 492 475
 17 451 238
 256 397 505
 532 172 154
 213 377 460
 576 563 556
 425 456 265
 465 265 456
 437 75 552
 19 517 20
 110 154 172
 374 397 373
 62 291 547
 548 547 291
 98 568 345
 239 497 432
 430 326 569
 559 436 536
 494 528 307
 49 482 429
 123 148 387
 508 387 148
 425 65 243
 182 536 273
 16 345 426
 285 192 293
 70 580 539
 465 456 281
 558 529 574
 35 292 36
 471 472 93
 7 520 479
 221 445 510
 381 308 335
 301 335 308
 264 358 566
 508 566 358
 538 539 580
 53 569 326
 420 363 419
 170 419 363
 85 312 262
 19 401 517
 487 517 401
 437 511 75
 72 75 511
 0 417 142
 465 358 265
 578 497 581
 77 120 433
 187 428 379
 559 434 436
 70 539 71
 127 252 582
 74 444 388
 253 582 252
 490 553 530
 198 378 346
 559 536 275
 182 275 536
 294 378 1
 465 281 124
 154 571 533
 74 388 447
 491 562 200
 209 200 562
 117 403 526
 279 124 281
 294 346 378
 18 573 366
 364 366 573
 13 575 174
 452 174 575
 364 573 569
 127 306 252
 458 336 549
 18 366 519
 384 303 561
 251 252 306
 354 71 539
 18 519 99
 87 246 340
 351 340 246
 144 545 429
 214 427 404
 203 404 427
 496 581 497
 104 366 382
 502 125 503
 104 519 366
 137 433 541
 111 553 531
 555 537 533
 134 36 478
 87 579 86
 386 86 579
 18 15 573
 134 579 340
 87 212 246
 144 114 545
 316 545 114
 316 323 545
 203 440 199
 244 246 212
 408 566 560
 508 560 566
 129 513 306
 251 306 513
 578 577 556
 522 572 511
 72 511 572
 583 128 584
 3 1 378
 127 582 584
 409 527 525
 2 501 417
 391 417 501
 87 340 579
 161 160 395
 453 395 160
 180 500 305
 351 305 500
 555 533 571
 127 584 128
 0
 20
 270 168 94 253 48 480 218 96 583 4 223 82 225 272 582 47 219 274 222 584
 21
 449 88 310 348 311 129 583 55 392 89 369 439 116 368 186 514 54 565 115 128 262
 43
 412 558 32 250 329 459 576 100 314 67 213 205 209 101 9 33 269 414 315 167 208 524 201 448 28 353 331 216 421 268 516 422 328 30 73 206 31 563 562 460 469 574 8
 0
 0
 13
 576 538 522 578 70 496 439 549 580 402 581 572 577
 0
 0
 0
 0
 0
 0
