590 1075
8.820605 5.021739 2
8.722643 4.893626 1
8.893986 4.907285 1
8.833369 4.807293 1
8.339095 1.891838 1
8.250751 1.812134 2
8.411804 1.768777 2
9.678115 2.511569 1
9.574879 2.350617 1
9.721053 2.365102 1
9.364298 5.069196 1
9.440231 4.961960 1
9.521749 5.133544 2
9.111339 3.475663 1
9.189052 3.630861 1
9.037111 3.620797 1
9.342519 2.234407 1
9.423470 2.119010 1
9.476007 2.231205 1
8.541680 4.309810 1
8.655129 4.284656 1
8.563005 4.423867 1
9.739560 3.850509 1
9.820748 3.979503 1
9.701102 4.005759 1
9.252457 3.526508 1
9.077063 2.646301 1
9.210153 2.670109 1
9.084210 2.774578 1
9.198662 1.198950 1
9.071326 1.130480 1
9.183449 1.047596 1
9.204548 2.809502 1
8.475585 2.287620 1
8.630102 2.254541 1
8.581976 2.361500 1
8.504636 2.169859 1
9.087513 3.339667 1
9.026529 3.270177 1
9.144161 3.207373 1
9.543455 2.810024 1
9.543092 2.953604 1
9.423470 2.865226 1
10.000000 3.472222 0
10.000000 3.611111 0
9.854188 3.516792 1
9.444846 1.334896 1
9.589488 1.426591 1
9.434002 1.466554 1
9.892745 3.641623 1
9.493650 4.264837 1
9.630780 4.212965 1
9.569606 4.362883 1
9.701820 4.346334 1
8.917900 1.739587 1
8.872846 1.871586 1
8.745080 1.755492 1
8.729655 1.919936 1
9.789246 2.448795 1
9.792582 4.131754 1
10.000000 1.527778 0
10.000000 1.666667 0
9.835932 1.589848 1
9.182967 3.350452 1
9.421269 2.339659 1
8.678182 4.436863 1
9.610342 1.305229 1
9.655478 5.224209 1
9.658634 5.078186 1
9.803578 5.156919 1
9.763619 4.995296 1
9.788682 0.868734 1
9.713545 0.964521 1
9.630043 0.812346 1
9.362967 1.582600 1
9.205578 1.586031 1
9.297521 1.444892 1
9.132903 1.455321 1
8.578965 1.700395 2
8.587470 1.848912 1
8.363518 4.296433 2
8.446996 4.428215 2
8.857430 3.828493 1
8.906816 3.683397 1
9.000507 3.767156 1
10.000000 1.805556 0
9.864987 1.903467 1
9.873762 1.734081 1
9.144129 4.504739 1
9.057297 4.639683 1
8.979750 4.530584 1
9.565700 4.992430 1
9.429109 2.581689 1
9.342649 2.727676 1
9.300473 2.592718 1
9.331212 0.311474 1
9.391139 0.467381 1
9.270160 0.442229 1
8.289977 3.084625 1
8.203995 3.214273 2
8.182261 3.044488 2
8.457720 1.950579 1
8.883080 4.651967 1
10.000000 1.388889 0
9.897661 1.451688 1
9.849624 1.291612 1
9.668290 1.618358 1
9.513515 1.559231 1
9.691791 1.495906 1
8.980727 1.969311 1
9.107937 2.061746 1
8.974391 2.102736 1
8.990396 5.045081 2
10.000000 0.833333 0
9.878537 0.952749 1
9.881005 0.771428 1
9.166667 0.000000 0
9.228572 0.118995 1
9.047251 0.121463 1
8.993105 3.903397 1
9.570928 2.643228 1
9.666690 2.753694 1
8.512171 3.029562 1
8.501996 2.902117 1
8.635534 3.000477 1
9.482075 0.375573 1
8.312034 2.436220 2
8.406985 2.544760 1
8.237949 2.582546 2
8.499805 4.198955 2
8.602221 3.469974 1
8.556871 3.586126 1
8.437001 3.520203 1
8.632577 2.858719 1
8.874151 2.322065 1
8.764855 2.203482 1
8.916048 2.203379 1
9.287970 3.215673 1
8.462506 3.635818 1
8.570185 3.698988 1
8.418548 3.747811 2
8.578001 3.849503 1
8.461940 3.408179 1
9.656452 4.903107 1
9.703095 1.224287 1
9.545672 1.202538 1
9.670074 1.086883 1
9.331159 3.351627 1
8.841307 1.604082 1
9.446910 0.269519 1
9.595981 0.268505 1
9.454902 3.848161 1
9.314283 3.848248 1
9.434791 3.702993 1
9.291065 3.714597 1
8.761953 0.916679 2
8.900838 0.965835 1
8.822564 1.031494 1
8.740061 2.530812 1
8.666847 2.437385 1
8.841598 2.440845 1
9.365487 4.864355 1
9.463585 4.799226 1
8.742489 2.344617 1
9.192173 2.523767 1
10.000000 2.500000 0
10.000000 2.638889 0
9.843488 2.564197 1
8.652964 3.332888 1
8.745855 3.392673 1
8.746016 3.500659 1
9.438756 2.449300 1
9.545782 4.888039 1
8.982921 4.773951 1
8.638648 3.969128 1
8.518836 3.956628 2
9.510171 0.191461 1
9.188523 1.345006 1
8.920476 3.021576 1
8.855284 3.136485 1
8.782388 3.023703 1
8.719112 3.129190 1
9.449391 3.039363 1
8.917796 2.615546 1
9.044215 2.523352 1
9.172133 0.340190 1
8.902877 0.859163 1
9.884130 3.862222 1
8.791578 4.266639 1
8.735228 4.162879 1
8.901535 4.154629 1
9.587537 0.409535 1
10.000000 1.250000 0
9.789417 5.397940 1
9.743815 5.500126 2
9.629246 5.391258 2
8.927892 3.522048 1
9.902959 2.703294 1
9.655199 0.142591 1
9.735977 0.293416 1
8.303676 3.298969 1
8.225669 3.402265 2
8.865435 0.507339 1
9.008142 0.563142 1
8.853737 0.619008 1
9.803100 0.196901 1
8.838311 2.114829 1
9.788435 1.428417 1
8.393827 2.992672 1
8.366385 2.871074 1
9.089385 0.963276 1
8.892035 3.981842 1
9.009155 4.033360 1
9.185892 4.630215 1
9.595148 3.911410 1
9.805383 0.494141 1
9.708761 0.426389 1
9.861273 0.354120 1
9.261940 4.191768 1
9.137074 4.064754 1
9.294507 4.016786 1
9.013980 4.902018 1
9.661263 2.881736 1
9.164279 4.330723 1
9.119013 4.198482 1
9.587098 0.955972 1
8.799227 3.695459 1
9.201405 4.935510 1
9.232071 5.051641 2
9.106349 4.979466 2
8.791797 4.408943 1
9.697988 2.218618 1
9.586776 2.199703 1
8.693430 1.612268 1
8.933568 0.705132 1
10.000000 2.083333 0
10.000000 2.222222 0
9.869110 2.155257 1
9.700066 0.677595 1
9.550171 0.644156 1
9.701771 0.555341 1
9.589083 0.519273 1
9.538357 2.507281 1
8.576491 2.513322 1
8.642417 2.630529 1
9.795480 2.705582 1
9.691846 2.643283 1
9.298770 1.322060 1
9.896333 4.076138 1
9.731742 3.404548 1
9.595600 3.461062 1
9.617782 3.328546 1
9.484823 3.377062 1
8.365952 2.673563 1
9.010417 4.264057 1
9.024271 4.401928 1
8.334949 3.194570 1
8.962798 2.763805 1
9.596484 3.754119 1
9.405770 5.171740 2
9.544909 3.601026 1
9.696916 3.536094 1
8.994673 1.019990 1
9.843989 4.287328 1
9.836925 4.437894 1
9.314569 4.342330 1
8.751380 4.564247 1
8.861794 4.526571 1
8.695585 3.615175 1
9.128722 1.940146 1
8.902892 4.323374 1
9.774709 2.930579 1
9.830764 3.057855 1
9.671414 3.023718 1
9.290168 1.126688 1
9.905188 2.023133 1
9.662862 0.349809 1
9.755339 1.802902 1
9.370563 3.484943 1
8.706083 3.761477 1
9.268643 4.448486 1
9.002016 1.284990 1
8.919353 1.130524 1
9.642103 3.181105 1
9.752715 3.139652 1
9.735064 3.290539 1
8.661506 1.034647 2
9.659159 3.651117 1
8.401311 4.564542 2
8.535851 4.550630 1
8.547351 2.765906 1
8.666471 2.749717 1
8.808000 4.066500 1
8.343011 3.622439 2
9.518946 2.138441 1
9.867215 3.358270 1
9.135469 0.213983 1
9.338692 2.983404 1
9.569804 4.571433 1
9.660564 4.490055 1
9.656548 4.656291 1
9.775171 4.579339 1
8.809734 0.800232 2
8.757948 0.693155 2
8.990734 1.636586 1
9.061483 1.732573 1
9.252267 3.424379 1
10.000000 0.555556 0
10.000000 0.694444 0
9.846493 0.624231 1
9.305555 0.000000 0
9.444445 0.000000 0
9.376101 0.152226 1
8.515110 2.065522 1
8.402747 2.097991 1
8.499480 2.649626 1
9.587584 4.065104 1
9.477521 4.131865 1
9.749074 5.293266 1
8.486609 3.217386 1
8.413008 3.308919 1
9.451973 1.710454 1
10.000000 3.333333 0
8.578949 3.131859 1
8.421050 3.111072 1
8.335576 1.998213 1
9.770711 0.759233 1
8.822588 3.578330 1
8.750494 1.494737 1
8.623773 1.464182 2
9.019844 1.846440 1
9.308034 2.864636 1
9.719865 1.341398 1
9.386144 1.831876 1
9.426682 1.973511 1
9.272293 1.925536 1
9.312862 2.071491 1
9.370858 4.135249 1
8.576487 1.580054 2
9.529906 1.061277 1
9.431851 0.943857 1
9.414834 1.117136 1
8.542651 3.328246 1
9.463327 2.712473 1
9.284926 1.728074 1
8.801836 1.218172 2
8.866799 1.345885 1
8.738236 1.350614 2
8.669917 0.579927 2
8.773729 0.568243 1
9.059108 1.544757 1
9.100688 1.645534 1
9.893568 5.066491 1
9.285225 0.878031 1
9.180266 0.778876 1
9.297025 0.717826 1
9.756651 1.691617 1
8.450005 2.413283 1
9.007729 3.134118 1
9.909224 0.487143 1
9.513889 0.086995 1
9.681722 4.117604 1
9.726391 3.722780 1
9.169523 0.630066 1
9.150927 0.492288 1
9.290156 0.592840 1
9.470921 0.786546 1
9.167747 1.818970 1
8.897501 1.244893 1
10.000000 0.277778 0
10.000000 0.416667 0
9.583333 0.000000 0
9.722222 0.000000 0
9.567870 1.672118 1
10.000000 3.055556 0
9.896259 2.958136 1
8.758950 1.115047 2
9.024781 2.865752 1
8.925119 2.901931 1
8.856956 2.819974 1
9.088025 3.957970 1
8.860346 1.458757 1
10.000000 1.944444 0
9.097796 2.162515 1
9.197598 3.915571 1
8.605382 1.994545 1
9.791840 2.029161 1
8.432581 3.883755 3
9.267573 3.080878 1
9.146122 3.040666 1
9.486578 3.959123 1
10.000000 5.416667 0
9.862366 5.518735 2
9.894346 5.389453 1
9.104176 3.726347 1
8.146174 1.859522 2
8.227109 1.928613 1
8.114106 1.990244 2
9.389493 3.941152 1
8.697927 4.067390 1
8.621064 4.148262 1
8.538924 4.070376 2
9.408763 4.670970 1
9.303288 4.563451 1
9.457863 4.560836 1
9.392477 4.455444 1
8.717920 3.878421 1
9.440208 1.223186 1
9.557239 5.283425 2
8.860596 2.725816 1
8.754113 2.811574 1
8.764432 4.697741 1
8.913311 3.256656 1
9.179708 0.910307 1
10.000000 0.972222 0
9.027778 0.000000 0
9.124958 4.842820 1
9.347087 1.226026 1
8.340025 2.314593 1
9.296770 1.003319 1
8.770854 3.259098 1
8.711639 4.780706 1
8.721547 2.928189 1
8.992749 2.420148 1
8.644530 3.228079 1
8.508940 4.682758 1
8.648938 4.663811 1
8.912887 4.440127 1
9.035439 4.143056 1
9.851737 3.745319 1
8.773985 2.662411 1
8.688021 5.006658 2
10.000000 2.777778 0
10.000000 2.916667 0
9.875825 2.830022 1
9.894982 3.155647 1
8.996217 1.414830 1
8.264857 2.953717 1
9.045720 0.407763 1
9.037647 0.280749 1
8.995839 0.799050 1
9.214856 2.026828 1
9.644619 2.075948 1
9.705174 1.928411 1
9.574646 1.942917 1
9.293259 5.209572 2
10.000000 4.444445 0
9.895347 4.543991 1
10.000000 3.750000 0
9.397194 4.033442 1
8.787876 0.304244 1
8.660844 0.299258 2
8.713051 0.149972 2
9.364137 0.804001 1
9.815688 1.058497 1
8.941504 0.184312 1
8.972569 3.394670 1
8.846900 3.345389 1
9.063309 0.711231 1
8.942284 0.437769 1
8.434777 2.774361 1
9.491364 3.504400 1
8.931909 2.507634 1
9.526664 3.231197 1
9.097701 3.842282 1
9.411857 0.588144 1
9.490500 0.513241 1
9.548377 3.097301 1
10.000000 4.305555 0
9.896297 4.188107 1
9.517835 2.037037 1
10.000000 3.888889 0
9.328944 3.606921 1
9.785014 3.612837 1
8.138584 2.715771 2
8.258897 2.715691 1
9.289888 4.673587 1
9.515800 4.473945 1
10.000000 4.861111 0
10.000000 5.000000 0
9.878259 4.909756 1
9.209607 2.173393 1
10.000000 4.583333 0
10.000000 4.722222 0
9.880175 4.672441 1
10.000000 0.000000 0
10.000000 0.138889 0
9.885746 0.114254 1
9.861111 0.000000 0
9.114153 4.730761 1
9.523350 0.877952 1
9.894957 1.152123 1
8.750000 0.000000 0
8.848654 0.104976 1
8.843869 1.998749 1
10.000000 2.361111 0
9.892401 2.436659 1
9.895423 2.288904 1
9.030814 2.984897 1
9.407244 3.254211 1
8.228585 2.822122 2
9.918821 4.368527 1
9.861631 5.285372 1
9.171988 1.708324 1
8.721608 0.441784 2
8.224897 2.317063 2
9.407576 0.694410 1
10.000000 5.138889 0
9.914859 5.194705 1
10.000000 4.166667 0
9.498965 1.854079 1
9.623045 1.834179 1
8.469175 4.823543 3
8.601311 4.799692 1
9.248697 0.227374 1
9.230813 2.937374 1
8.842537 2.537799 1
9.832903 3.240989 1
8.733887 2.060268 1
8.621247 2.130070 1
8.856175 3.448032 1
9.758629 2.819886 1
9.216706 2.307020 1
9.334420 4.761513 1
9.786070 1.153550 1
8.846450 0.213930 1
9.811171 2.366446 1
9.910024 0.216388 1
9.780123 0.091278 1
9.091424 0.829501 1
9.001876 2.310028 1
8.817172 2.915550 1
9.202797 3.783251 1
9.363633 3.128230 1
9.383889 4.243562 1
9.019978 2.214086 1
9.734552 4.243294 1
9.444994 4.357610 1
10.000000 5.277778 0
9.113731 2.401212 1
9.752971 2.126009 1
9.111723 2.262382 1
9.555644 1.759653 1
8.920775 0.319502 1
8.888889 0.000000 0
10.000000 1.111111 0
9.531137 4.677654 1
10.000000 4.027778 0
9.328279 2.460347 1
9.111744 1.268035 1
9.457596 3.154818 1
9.217078 4.741789 1
9.261843 4.849654 1
8.941441 1.532904 1
8.120616 2.909976 2
9.312048 2.352547 1
9.651586 1.719057 1
9.602942 4.783470 1
9.717548 4.796529 1
10.000000 3.194444 0
8.651186 4.533991 1
9.763075 4.695080 1
8.232973 2.033170 1
9.120214 2.902128 1
8.397052 4.694332 2
8.589025 4.907459 2
9.229127 2.416507 1
8.844203 0.402869 1
9.280375 1.826902 1
9.816274 4.791667 1
9.921261 4.791667 1
8.195121 2.129306 2
9.791131 2.269420 1
9.435319 3.593017 1
8.380368 2.200007 1
8.780659 3.965343 1
8.330919 2.771362 1
9.086759 1.357789 1
9.310996 4.960452 1
9.763405 4.883244 1
8.260521 2.217895 1
8.280723 3.514709 2
9.919020 3.256537 1
9.918360 1.047968 1
8.952032 0.081641 1
9.926762 3.958333 1
8.348223 3.406164 1
8.995237 0.904912 1
8.298698 2.112085 1
8.158250 2.233232 2
 0 1 2
 2 1 3
 4 5 6
 7 8 9
 10 11 12
 13 14 15
 16 17 18
 19 20 21
 22 23 24
 25 14 13
 26 27 28
 29 30 31
 28 27 32
 33 34 35
 33 36 34
 37 38 39
 40 41 42
 43 44 45
 46 47 48
 44 49 45
 50 51 52
 53 52 51
 54 55 56
 57 56 55
 7 9 58
 59 24 23
 60 61 62
 63 37 39
 64 16 18
 21 20 65
 46 66 47
 67 68 69
 70 69 68
 71 72 73
 74 75 76
 77 76 75
 78 79 6
 80 19 81
 82 83 84
 85 86 87
 88 89 90
 91 12 11
 92 93 94
 95 96 97
 98 99 100
 101 6 79
 57 79 56
 78 56 79
 102 90 89
 103 104 105
 106 107 108
 47 108 107
 109 110 111
 0 2 112
 113 114 115
 116 117 118
 82 84 119
 40 120 121
 122 123 124
 95 125 96
 126 127 128
 80 129 19
 130 131 132
 123 133 124
 134 135 136
 137 63 39
 138 139 140
 141 140 139
 142 130 132
 91 143 68
 144 145 146
 137 147 63
 54 56 148
 125 149 150
 151 152 153
 154 153 152
 155 156 157
 158 159 160
 161 162 11
 159 163 160
 164 27 26
 165 166 167
 32 27 93
 168 169 130
 130 169 170
 64 8 171
 162 172 11
 74 76 48
 102 89 173
 141 174 175
 176 150 149
 77 177 76
 178 179 180
 181 180 179
 41 182 42
 183 184 26
 95 97 185
 155 186 156
 22 187 23
 188 189 190
 125 150 191
 192 103 105
 193 194 195
 196 15 83
 166 197 167
 198 199 150
 101 4 6
 200 201 99
 202 203 204
 93 27 94
 205 199 198
 206 136 135
 207 62 108
 70 68 143
 122 208 123
 209 123 208
 31 30 210
 106 108 62
 163 135 134
 82 119 211
 212 211 119
 88 213 89
 22 24 214
 215 216 217
 218 219 220
 221 112 2
 217 216 199
 40 222 41
 218 223 224
 225 73 72
 46 145 66
 82 226 83
 227 228 229
 65 20 230
 231 8 232
 78 233 56
 234 204 203
 235 236 237
 238 239 240
 241 240 239
 7 242 8
 95 149 125
 243 158 244
 218 224 219
 245 246 167
 7 167 246
 231 9 8
 247 46 76
 243 159 158
 59 23 248
 249 250 251
 252 251 250
 76 46 48
 253 128 127
 254 223 255
 88 255 223
 98 256 99
 183 26 257
 151 258 214
 10 12 259
 260 250 261
 262 210 30
 53 263 264
 218 265 223
 266 230 267
 268 130 170
 109 269 110
 188 190 270
 271 272 273
 22 214 258
 29 31 274
 235 237 275
 276 191 150
 277 87 86
 252 278 147
 268 279 139
 141 139 279
 88 223 280
 281 282 30
 283 284 285
 155 157 286
 260 261 287
 288 81 289
 290 244 291
 292 190 189
 138 140 293
 207 105 104
 294 18 17
 47 107 48
 43 45 295
 71 115 114
 296 118 117
 297 42 182
 207 104 62
 298 299 300
 301 300 299
 234 302 303
 54 304 305
 25 13 306
 63 306 13
 307 308 309
 310 311 312
 313 314 101
 60 62 104
 315 244 290
 102 173 3
 316 51 317
 50 317 51
 283 285 251
 61 87 62
 67 69 318
 319 320 256
 74 107 321
 322 43 295
 122 323 324
 319 324 323
 120 246 121
 314 325 101
 71 73 326
 193 195 318
 67 318 195
 196 83 327
 164 26 184
 65 230 266
 8 242 171
 328 233 329
 54 305 330
 32 93 331
 234 303 204
 47 332 108
 83 15 84
 91 68 12
 333 334 335
 336 335 334
 245 167 197
 218 220 337
 56 233 148
 233 338 329
 225 339 340
 341 340 339
 53 264 299
 301 299 264
 142 342 130
 168 130 342
 92 343 93
 64 18 8
 74 344 75
 215 309 240
 238 240 309
 345 346 347
 348 349 303
 77 75 350
 351 350 75
 70 352 69
 353 354 355
 106 62 356
 33 35 357
 178 358 179
 307 309 359
 311 360 312
 59 361 24
 22 258 362
 7 120 242
 92 242 120
 25 306 278
 109 55 330
 363 364 365
 97 365 364
 145 339 146
 238 73 239
 366 239 73
 367 335 269
 319 256 324
 281 368 282
 369 370 217
 371 372 198
 54 330 55
 107 373 321
 223 265 280
 374 272 375
 345 376 282
 157 282 376
 243 357 35
 8 18 232
 377 378 257
 379 257 378
 234 186 302
 212 119 380
 212 190 211
 292 211 190
 260 258 153
 151 153 258
 88 90 255
 346 381 347
 381 328 347
 82 279 226
 254 270 190
 85 382 86
 110 383 111
 384 152 220
 101 79 385
 57 385 79
 386 275 237
 141 387 140
 137 39 388
 389 388 39
 316 317 390
 258 287 362
 391 392 393
 207 108 332
 394 84 15
 395 396 397
 152 398 220
 399 400 401
 188 230 20
 174 399 401
 163 134 160
 402 403 404
 405 404 403
 141 406 174
 46 407 145
 67 195 408
 409 379 410
 278 306 147
 102 3 411
 179 358 412
 353 413 354
 113 414 114
 415 116 118
 221 173 416
 29 417 247
 33 357 418
 126 357 127
 74 48 107
 29 247 177
 31 413 419
 353 419 413
 181 179 420
 1 421 3
 389 39 358
 38 412 358
 215 359 309
 176 312 360
 422 124 133
 67 408 12
 423 160 134
 40 42 343
 93 343 42
 319 424 342
 288 289 425
 426 425 289
 427 267 230
 272 284 273
 138 132 131
 271 375 272
 254 224 223
 212 219 428
 22 429 187
 430 409 410
 1 0 431
 432 433 434
 374 435 272
 281 436 346
 405 403 280
 155 302 186
 126 418 357
 209 208 437
 438 439 185
 296 185 439
 234 440 186
 335 441 269
 386 442 443
 444 443 442
 67 12 68
 10 445 228
 446 447 264
 101 325 4
 3 173 2
 400 20 129
 19 129 20
 384 219 380
 212 380 219
 448 187 429
 88 403 213
 7 58 167
 221 2 173
 341 419 340
 353 340 419
 449 390 317
 450 451 452
 341 339 145
 366 340 453
 454 72 114
 455 118 439
 386 443 86
 277 86 443
 196 456 13
 179 412 420
 262 30 282
 457 420 412
 363 458 203
 234 203 458
 202 459 203
 243 244 315
 141 175 387
 353 453 340
 209 460 123
 252 461 278
 53 299 52
 183 462 184
 363 203 364
 438 364 203
 283 251 463
 394 15 14
 394 464 84
 144 66 145
 465 466 239
 283 463 467
 102 267 90
 465 365 96
 97 96 365
 174 401 175
 353 355 453
 384 220 219
 262 282 156
 308 115 309
 310 312 117
 163 35 34
 363 355 354
 268 170 327
 468 263 469
 371 198 360
 370 359 217
 254 255 270
 427 270 255
 181 124 180
 334 470 17
 426 266 411
 102 411 266
 98 437 208
 448 471 187
 25 278 472
 473 45 49
 474 128 475
 249 45 261
 473 261 45
 253 127 315
 243 315 127
 10 259 445
 402 476 403
 341 145 407
 52 299 477
 422 180 124
 157 156 282
 268 131 130
 243 35 159
 141 279 406
 316 390 214
 71 114 72
 296 439 118
 363 365 355
 176 360 198
 215 217 359
 333 344 321
 74 321 344
 478 479 480
 336 16 481
 482 483 484
 301 264 447
 336 334 17
 88 280 403
 38 358 39
 485 486 487
 485 487 488
 95 312 149
 176 149 312
 173 489 416
 328 148 233
 316 214 24
 366 490 340
 238 326 73
 109 330 269
 367 269 330
 192 105 491
 492 493 452
 47 66 332
 91 11 172
 92 120 343
 260 287 258
 109 111 494
 206 494 111
 319 323 424
 495 496 497
 109 494 55
 389 358 498
 7 246 120
 137 499 147
 40 343 120
 209 437 500
 249 295 45
 163 159 35
 446 264 501
 69 502 318
 75 344 503
 97 364 185
 438 185 364
 241 239 466
 450 504 451
 505 418 126
 165 167 496
 57 55 494
 438 203 459
 465 239 506
 291 244 430
 158 430 244
 405 280 265
 196 13 15
 507 508 352
 433 374 375
 509 468 469
 291 430 410
 225 340 490
 444 510 511
 512 425 513
 426 513 425
 238 309 326
 95 514 312
 81 21 289
 61 85 87
 297 388 515
 389 515 388
 298 477 299
 183 430 516
 158 516 430
 517 285 284
 448 429 49
 63 13 37
 206 135 518
 519 518 135
 170 520 327
 31 419 274
 351 305 304
 253 315 460
 245 121 246
 521 271 222
 121 521 222
 200 256 320
 336 481 441
 154 472 153
 236 497 237
 433 375 434
 522 481 16
 402 162 523
 161 523 162
 57 518 385
 519 385 518
 151 214 390
 144 524 105
 450 452 525
 281 346 368
 345 368 346
 526 497 496
 479 507 352
 369 217 527
 205 527 217
 205 198 528
 372 528 198
 529 354 413
 423 134 530
 40 121 222
 308 113 115
 116 310 117
 178 180 531
 394 532 464
 297 182 533
 178 531 378
 50 534 317
 119 84 464
 446 482 447
 535 111 383
 355 365 506
 465 506 365
 53 536 263
 276 150 199
 154 532 14
 394 14 532
 477 405 537
 328 381 148
 317 534 337
 297 533 388
 243 127 357
 538 391 393
 538 393 502
 526 58 9
 164 184 539
 423 539 184
 252 147 499
 386 237 540
 351 75 503
 294 470 442
 44 448 49
 252 250 461
 522 541 481
 542 511 510
 519 313 385
 225 146 339
 454 146 72
 455 439 543
 19 21 81
 492 544 493
 545 192 491
 52 477 537
 298 546 404
 70 480 352
 366 506 239
 164 94 27
 205 217 199
 176 198 150
 69 352 508
 154 152 532
 384 532 152
 276 199 216
 547 509 248
 164 548 94
 92 548 171
 281 30 549
 29 549 30
 110 441 481
 550 467 463
 207 332 105
 144 105 332
 249 285 295
 271 434 375
 444 442 470
 551 552 416
 227 416 552
 178 498 358
 219 224 428
 346 436 381
 63 147 306
 553 304 148
 46 247 417
 444 334 510
 333 510 334
 54 148 304
 449 337 220
 481 541 383
 82 406 279
 268 226 279
 427 255 90
 196 327 520
 294 442 232
 95 185 514
 553 148 381
 479 352 480
 296 514 185
 554 500 437
 268 139 131
 64 555 16
 522 16 555
 277 556 356
 225 490 73
 366 73 490
 542 510 321
 333 321 510
 277 511 556
 221 229 112
 50 52 537
 557 300 558
 168 342 424
 374 559 435
 249 261 250
 426 289 560
 300 561 558
 562 397 396
 252 463 251
 294 17 470
 32 563 28
 519 34 36
 402 404 546
 89 489 173
 92 171 242
 367 330 305
 231 232 442
 59 263 536
 426 560 266
 482 484 447
 106 373 107
 423 530 539
 65 266 560
 92 94 548
 283 273 284
 249 251 285
 426 421 513
 64 171 548
 512 564 425
 59 469 263
 512 513 565
 225 72 146
 438 543 439
 309 115 326
 312 514 117
 64 548 555
 164 566 548
 264 263 501
 468 501 263
 144 146 524
 454 524 146
 455 543 525
 450 525 543
 110 269 441
 301 447 484
 386 540 442
 231 442 540
 405 265 537
 289 21 560
 193 393 392
 218 534 265
 62 87 356
 277 356 87
 517 295 285
 125 191 466
 65 560 21
 341 417 274
 183 409 430
 101 385 313
 432 434 197
 245 197 434
 163 34 135
 519 36 313
 450 543 567
 450 567 504
 303 349 204
 253 475 128
 316 361 51
 53 51 536
 25 472 14
 154 14 472
 341 407 417
 206 518 494
 57 494 518
 444 511 443
 297 515 331
 102 266 267
 539 530 541
 236 495 497
 333 335 568
 569 570 480
 478 480 570
 495 165 496
 562 571 397
 1 431 565
 227 229 416
 221 416 229
 77 350 436
 553 436 350
 260 461 250
 377 28 563
 483 570 484
 569 484 570
 202 349 504
 348 504 349
 105 524 491
 452 493 525
 426 411 421
 473 287 261
 200 99 256
 98 208 324
 367 568 335
 29 274 417
 336 441 335
 178 378 498
 377 498 378
 444 470 334
 473 49 429
 336 17 16
 237 572 540
 554 437 100
 254 190 428
 22 362 429
 473 429 362
 231 540 572
 363 354 458
 78 338 233
 153 472 573
 103 60 104
 245 521 121
 297 331 42
 553 381 436
 474 475 500
 283 467 273
 41 273 467
 438 459 543
 29 177 549
 202 504 567
 76 177 247
 367 344 568
 449 220 398
 328 329 347
 314 36 574
 33 574 36
 174 575 399
 298 300 546
 46 417 407
 367 503 344
 542 321 373
 181 323 124
 341 274 419
 209 500 576
 333 568 344
 122 324 208
 529 458 354
 427 90 267
 562 396 325
 4 325 396
 32 515 563
 77 577 177
 345 282 368
 509 469 248
 402 523 476
 517 284 435
 272 435 284
 183 257 409
 389 563 515
 125 466 96
 245 434 521
 32 331 515
 569 561 484
 301 484 561
 138 131 139
 157 376 286
 382 235 275
 188 270 230
 427 230 270
 123 460 290
 227 578 228
 10 228 578
 486 369 527
 372 488 528
 38 456 412
 457 412 456
 377 257 28
 26 28 257
 260 153 573
 382 275 86
 271 521 434
 535 530 136
 212 428 190
 122 124 323
 188 20 189
 400 189 20
 569 480 579
 70 579 480
 580 574 418
 33 418 574
 181 420 424
 166 432 197
 138 293 132
 581 132 293
 181 424 323
 3 421 411
 137 533 499
 193 392 194
 386 86 275
 423 462 160
 134 136 530
 196 520 456
 457 456 520
 557 162 546
 158 160 516
 271 273 222
 41 222 273
 550 499 533
 193 318 502
 370 307 359
 311 371 360
 98 324 256
 241 216 240
 402 546 162
 241 191 216
 468 446 501
 507 538 508
 89 213 489
 551 489 213
 538 502 508
 254 428 224
 559 322 582
 241 466 191
 193 502 393
 288 425 564
 316 24 361
 277 443 511
 268 327 226
 414 545 583
 544 415 584
 557 546 300
 174 406 575
 379 409 257
 457 169 420
 168 420 169
 13 456 37
 483 478 570
 423 184 462
 51 361 536
 59 536 361
 71 326 115
 296 117 514
 69 508 502
 471 547 585
 519 135 34
 551 523 552
 161 552 523
 551 416 489
 252 499 463
 1 513 421
 529 440 458
 234 458 440
 38 37 456
 1 565 513
 529 413 210
 389 498 563
 550 463 499
 200 586 201
 581 201 586
 281 577 436
 322 295 582
 557 558 143
 529 210 587
 151 398 152
 168 424 420
 292 399 575
 301 561 300
 455 493 584
 544 584 493
 454 583 491
 545 491 583
 161 578 552
 227 552 578
 93 42 331
 400 129 401
 517 582 295
 547 248 585
 23 585 248
 557 172 162
 314 588 325
 562 325 588
 473 362 287
 144 332 66
 142 320 342
 319 342 320
 161 11 578
 10 578 11
 522 539 541
 550 533 182
 535 136 111
 170 169 520
 457 520 169
 314 313 36
 522 566 539
 253 460 576
 137 388 533
 70 143 579
 526 496 58
 167 58 496
 486 527 487
 488 487 528
 59 248 469
 110 481 383
 206 111 136
 557 143 172
 164 539 566
 581 586 132
 142 132 586
 91 172 143
 77 436 577
 237 497 572
 535 383 541
 315 290 460
 551 213 476
 403 476 213
 291 133 290
 123 290 133
 98 100 437
 262 156 587
 186 587 156
 526 572 497
 422 531 180
 200 320 586
 142 586 320
 580 418 505
 215 240 216
 276 216 191
 294 232 18
 414 583 114
 415 118 584
 83 226 327
 377 563 498
 106 356 556
 384 464 532
 449 317 337
 82 211 575
 454 491 524
 455 525 493
 281 549 577
 366 453 506
 355 506 453
 209 576 460
 542 556 511
 278 573 472
 400 399 189
 465 96 466
 379 531 410
 422 410 531
 455 584 118
 454 114 583
 143 558 579
 205 528 487
 205 487 527
 151 390 398
 449 398 390
 253 576 475
 265 534 537
 218 337 534
 471 585 187
 23 187 585
 292 575 211
 82 575 406
 202 204 349
 395 5 396
 4 396 5
 186 440 587
 41 467 182
 550 182 467
 291 410 133
 422 133 410
 526 9 572
 551 476 523
 535 541 530
 379 378 531
 231 572 9
 522 555 566
 517 435 582
 553 350 304
 569 558 561
 50 537 534
 351 304 350
 559 582 435
 548 566 555
 580 589 571
 543 459 567
 260 573 461
 278 461 573
 119 464 380
 384 380 464
 177 577 549
 529 587 440
 31 210 413
 405 477 404
 298 404 477
 292 189 399
 580 588 574
 500 475 576
 314 574 588
 106 556 373
 202 567 459
 580 571 588
 262 587 210
 562 588 571
 542 373 556
 367 305 503
 580 505 589
 351 503 305
 569 579 558
 160 462 516
 183 516 462
 0
 0
 0
 0
 0
 0
 0
 0
 33
 348 554 78 345 155 126 474 395 303 581 140 6 452 504 500 286 128 99 397 347 201 329 293 451 376 302 387 571 338 589 100 5 505
 9
 288 80 512 175 81 129 401 564 387
 14
 512 195 0 12 445 112 392 228 408 229 259 194 431 565
 0
 0
