563 1036
0.396185 2.183249 1
0.485793 2.257014 1
0.408222 2.362005 1
1.124692 2.502292 1
1.228799 2.671952 1
1.078740 2.622919 1
1.260920 2.524205 1
0.307372 2.242768 1
1.891838 1.660905 1
1.812134 1.749249 1
1.768777 1.588196 1
1.715435 1.715435 1
1.754323 2.040810 1
1.758451 2.202305 1
1.616540 2.144050 1
2.224255 0.306330 1
2.388637 0.301507 1
2.347324 0.430043 1
0.322056 2.511587 1
0.277052 2.371028 1
1.941770 2.558034 1
1.986268 2.386796 2
2.062971 2.489299 2
0.454521 2.808389 1
0.571388 2.861906 1
0.452134 2.950124 1
2.234407 0.657481 1
2.120073 0.575014 1
2.240137 0.511258 1
1.127248 1.726203 1
1.287513 1.779542 1
1.172185 1.879920 1
1.512000 3.028704 1
1.638329 2.981352 1
1.652687 3.096948 2
1.198950 0.801339 1
1.130480 0.928674 1
1.047596 0.816552 1
2.287620 1.524415 1
2.254541 1.369898 1
2.361500 1.418024 1
1.860394 2.484539 1
0.790780 1.521364 1
0.866223 1.686136 1
0.720848 1.668843 1
2.169859 1.495364 1
1.616217 1.525900 1
1.625544 1.659426 1
0.000000 3.611111 0
0.000000 3.472222 0
0.145812 3.516792 2
1.626288 2.311020 1
1.334896 0.555154 1
1.426591 0.410512 1
1.466554 0.565998 1
1.919936 1.270345 1
1.755492 1.254920 1
1.871586 1.127154 1
1.739587 1.082100 1
2.271795 0.209714 1
0.215148 2.456833 1
1.527778 0.000000 0
1.666667 0.000000 0
1.589848 0.164068 1
0.000000 1.666667 0
0.000000 1.527778 0
0.166367 1.576067 1
0.929934 2.639890 1
0.910989 2.774923 1
0.801785 2.672930 1
0.794699 2.807750 1
0.959141 3.272808 1
1.114740 3.190928 1
1.042573 3.357720 2
2.339659 0.578731 1
1.946766 2.013768 1
1.849528 1.959829 1
1.990244 1.885894 1
1.152876 3.345575 2
1.305229 0.389658 1
0.571555 2.580719 1
0.703462 2.592797 1
0.657172 2.726656 1
0.985853 1.824786 1
1.035779 1.969255 1
0.868734 0.211318 1
0.964521 0.286455 1
0.812346 0.369957 1
1.582600 0.637034 1
1.586031 0.794422 1
1.444892 0.702479 1
1.455321 0.867097 1
1.700395 1.421035 1
1.848912 1.412530 1
1.805556 0.000000 0
1.903467 0.135013 1
1.734081 0.126238 1
0.000000 1.805556 0
0.127251 1.739763 1
0.133506 1.909086 1
1.218172 1.198164 1
1.350614 1.261764 1
1.181875 1.340844 1
1.529652 2.930318 1
0.311474 0.668788 1
0.467381 0.608861 1
0.442229 0.729840 1
1.669384 2.508442 1
1.783510 2.581631 1
1.639057 2.657163 1
1.573964 2.558412 1
1.950579 1.542280 1
0.000000 1.388889 0
0.149972 1.286949 1
0.099357 1.458333 1
1.388889 0.000000 0
1.451688 0.102339 1
1.291612 0.150376 1
0.325970 2.789191 1
0.430034 2.642692 1
1.900319 2.246005 1
2.059149 2.222981 2
1.618358 0.331709 1
1.559231 0.486486 1
1.495906 0.308210 1
1.969311 1.019273 1
2.061746 0.892063 1
2.102736 1.025609 1
0.339635 1.612239 1
0.418746 1.759923 1
0.268489 1.723210 1
0.833333 0.000000 0
0.952749 0.121463 1
0.771428 0.118995 1
0.000000 0.833333 0
0.118995 0.771428 1
0.121463 0.952749 1
0.900401 1.538032 1
1.864834 2.669803 1
0.375573 0.517925 1
2.436220 1.687967 1
2.544760 1.593015 1
2.582546 1.762051 2
0.579927 1.330083 1
0.693155 1.242052 1
0.699880 1.394122 1
2.322065 1.125849 1
2.203482 1.235145 1
2.203379 1.083952 1
1.224287 0.296905 1
1.202538 0.454328 1
1.086883 0.329925 1
1.204282 1.580212 1
1.276246 1.667205 1
0.711800 3.215925 1
0.817296 3.350409 2
0.664800 3.365109 2
1.604082 1.158693 1
0.210360 1.430914 1
0.309166 1.491194 1
0.816208 2.523963 1
0.269519 0.553090 1
0.268505 0.404020 1
1.859522 1.853826 1
0.916679 1.238047 1
0.965835 1.099162 1
1.031494 1.177436 1
2.530812 1.259939 2
2.437385 1.333153 1
2.440845 1.158403 2
1.454482 2.360494 1
1.366972 2.232490 1
1.514913 2.246294 1
2.344617 1.257511 1
0.000000 2.638889 0
0.000000 2.500000 0
0.156563 2.564223 1
0.691302 2.067234 1
0.783778 1.939588 1
0.854382 2.058358 1
0.575569 2.333369 1
0.555307 2.449255 1
0.990665 2.513189 1
0.651550 1.897666 1
2.446260 0.545086 1
1.083317 1.567965 1
0.191461 0.489829 1
0.949779 3.404397 2
1.345006 0.811477 1
1.279948 1.975235 1
1.295532 2.101532 1
1.163028 2.022084 1
0.340190 0.827867 1
0.859163 1.097124 1
1.556893 1.896948 1
1.426256 1.824901 1
1.530432 1.733837 1
0.562077 1.993732 1
0.409535 0.412463 1
0.000000 1.250000 0
1.250000 0.000000 0
0.097560 2.702323 1
0.547388 3.025512 1
0.142591 0.344801 1
0.293416 0.264023 1
0.507339 1.134566 1
0.563142 0.991858 1
0.619008 1.146263 1
0.196901 0.196901 1
2.114829 1.161689 1
1.428417 0.211565 1
1.287793 2.335515 1
1.282266 3.134658 1
1.200760 3.029277 1
1.066132 3.019356 1
1.414853 1.981967 1
1.679207 2.789721 1
1.508932 2.776086 1
1.619870 2.889459 1
0.963276 0.910615 1
1.781925 2.355033 1
0.494141 0.194617 1
0.426389 0.291239 1
0.354120 0.138728 1
0.796502 2.183070 1
0.955972 0.412901 1
0.651486 1.530363 1
1.355590 2.757757 1
1.427904 2.896766 1
1.250350 2.823003 1
2.529763 0.315156 2
2.496198 0.441729 1
0.458728 2.509269 1
0.998214 1.483394 1
1.034647 1.338494 1
1.096392 1.437640 1
0.914497 1.418791 1
1.552569 3.145017 2
0.531076 3.469311 2
0.501801 3.344194 1
0.303327 2.643407 1
0.204520 2.705582 1
2.201414 0.412802 1
1.612268 1.306570 1
0.705132 1.066432 1
2.083333 0.000000 0
2.222222 0.000000 0
2.155499 0.130976 1
0.000000 2.222222 0
0.000000 2.083333 0
0.130890 2.155257 1
0.677595 0.299934 1
0.644156 0.449829 1
0.555341 0.298229 1
0.519273 0.410918 1
0.848638 3.194028 1
1.105655 2.816049 1
1.152034 2.918720 1
1.013140 2.883109 1
1.276167 2.941524 1
1.311510 1.415828 1
0.587877 1.751007 1
0.528754 1.862419 1
1.322060 0.701230 1
2.513322 1.423509 2
0.325855 1.831504 1
1.321646 1.882507 1
0.405477 3.463461 1
0.378596 3.319889 1
0.268258 3.404548 1
1.352674 2.447920 1
1.353049 2.614886 1
0.729831 1.793274 1
0.800232 1.190266 1
0.810924 1.353468 1
2.673563 1.634048 2
1.072271 2.401469 1
0.922144 2.388603 1
1.464859 2.537365 1
1.029407 2.740659 1
1.179332 2.145504 1
0.455974 3.598279 2
0.303318 3.536052 2
1.019990 1.005327 1
1.627476 1.784595 1
1.940146 0.871278 1
0.360182 2.896423 1
1.126688 0.709832 1
2.023181 0.094830 1
0.092829 2.016189 1
0.349809 0.337138 1
1.802902 0.244661 1
0.226299 1.817828 1
0.969066 3.120357 1
1.284990 0.997983 1
1.130524 1.080647 1
0.355013 3.178329 1
0.264285 3.290146 1
0.243069 3.144606 1
1.453294 2.143997 1
0.856220 3.040886 1
0.748270 3.084017 1
2.138441 0.481055 1
0.132785 3.358270 1
0.213983 0.864530 1
1.866400 2.102868 1
1.636586 1.009266 1
1.732573 0.938516 1
2.331050 1.877390 1
2.426300 1.809981 2
2.404523 1.959093 2
1.717798 1.875217 1
0.555556 0.000000 0
0.694444 0.000000 0
0.624231 0.153507 1
0.000000 0.694444 0
0.000000 0.555556 0
0.152226 0.623898 1
0.420917 1.928146 1
2.065522 1.484890 1
2.097991 1.597253 1
1.638687 2.005035 1
1.710454 0.548027 1
0.849068 1.832281 1
0.000000 3.333333 0
1.536053 2.034399 1
0.580966 1.624627 1
1.998213 1.664424 1
0.759233 0.229289 1
1.494737 1.249506 1
1.464182 1.376227 1
1.846440 0.980156 1
1.341398 0.280135 1
1.831876 0.613857 1
1.973511 0.573318 1
1.925536 0.727707 1
2.071491 0.687137 1
1.002043 1.704599 1
1.580054 1.423513 1
1.117136 0.585166 1
0.943857 0.568149 1
1.061277 0.470094 1
0.957942 2.990262 1
1.728074 0.715074 1
0.590910 1.441185 1
0.690698 2.862676 1
1.345885 1.133201 1
0.568243 1.226271 1
1.645534 0.899312 1
1.544757 0.940892 1
0.537335 2.709244 1
0.246848 2.913737 1
0.321435 3.020672 1
0.169776 3.057310 1
1.507207 1.487833 1
0.878031 0.714775 1
0.778876 0.819733 1
0.717826 0.702975 1
1.774427 3.040984 2
1.691617 0.243349 1
2.057900 2.608670 1
2.111815 2.711766 3
1.976511 2.685504 1
2.005661 2.793774 1
2.413283 1.549996 1
0.472575 1.652194 1
0.487143 0.090776 1
0.086995 0.486111 1
2.650289 0.424858 2
2.581689 0.570891 2
1.572444 2.445432 1
0.630066 0.830477 1
0.492288 0.849073 1
0.592840 0.709844 1
0.786546 0.529079 1
1.818970 0.832252 1
1.244893 1.102499 1
0.277778 0.000000 0
0.416667 0.000000 0
0.000000 0.416667 0
0.000000 0.277778 0
1.672118 0.432130 1
0.000000 3.055556 0
0.108668 2.953682 1
1.115047 1.241050 1
0.390641 1.407513 1
0.441784 1.278391 1
0.496440 1.418488 1
1.910382 2.878036 1
1.864057 2.985655 1
1.750556 2.901249 1
1.129870 2.711843 1
1.388970 3.318665 2
1.363881 3.209672 1
1.468642 3.218100 2
1.458757 1.139654 1
1.882226 2.368093 1
1.944444 0.000000 0
0.000000 1.944444 0
2.162515 0.902203 1
2.171318 2.578232 2
1.994545 1.394618 1
0.208161 2.029161 1
2.029161 0.208161 1
1.256936 3.262984 1
1.928613 1.772891 1
2.105972 2.821742 2
2.262336 1.955468 2
1.223186 0.559792 1
0.910307 0.820293 1
0.972222 0.000000 0
0.000000 0.972222 0
1.226026 0.652913 1
2.314593 1.659975 1
1.003319 0.703230 1
2.420148 1.007251 2
1.021242 2.290112 1
0.000000 2.916667 0
0.000000 2.777778 0
0.126715 2.825142 1
0.105018 3.155647 1
1.414830 1.003783 1
0.897737 2.261121 1
0.407763 0.954280 1
0.280749 0.962352 1
0.799050 1.004161 1
2.026828 0.785144 1
2.076653 0.355921 1
1.928411 0.294825 1
1.942917 0.425354 1
0.338355 2.037788 1
0.294825 1.928411 1
0.304244 1.212124 1
0.299258 1.339156 1
0.804001 0.635863 1
1.058497 0.184312 1
0.184312 1.058497 1
1.434055 2.688274 1
1.524075 2.643659 1
0.711231 0.936692 1
0.437769 1.057717 1
0.785964 2.303798 1
0.769742 2.412311 1
0.588144 0.588144 1
0.513241 0.509499 1
2.463426 0.213157 1
2.580803 0.155104 2
2.378560 0.187229 1
1.412666 1.711518 1
2.037129 0.482115 1
1.807906 2.804029 1
0.588716 3.246781 1
0.967330 1.604430 1
2.649626 1.500520 2
1.494926 1.608590 1
1.201904 1.471797 1
0.660197 2.980864 1
0.635436 3.122160 1
2.173393 0.790393 1
1.755678 2.469362 1
0.990084 2.182014 1
0.891994 2.156935 1
0.961750 2.062615 1
1.069861 2.093642 1
0.000000 0.000000 0
0.138889 0.000000 0
0.114254 0.114254 1
0.000000 0.138889 0
0.877952 0.476651 1
1.297043 1.547593 1
1.152123 0.105043 1
0.104976 1.151346 1
0.668522 2.223001 1
0.594302 2.129804 1
0.468229 2.064114 1
1.998749 1.156131 1
2.361111 0.000000 0
2.439367 0.106791 1
2.293406 0.104691 1
0.000000 2.361111 0
0.104577 2.288904 1
0.107604 2.436661 1
1.355461 3.026949 1
1.683176 2.417166 1
1.708324 0.828011 1
2.317063 1.775103 1
1.904876 3.102249 2
2.500000 0.000000 0
0.694410 0.592424 1
0.770035 2.936203 1
1.854079 0.501035 1
1.834179 0.376955 1
0.227374 0.751302 1
0.468288 3.220364 1
0.500699 2.168376 1
0.167097 3.240989 1
1.396836 1.506192 1
2.060268 1.266113 1
2.130070 1.378753 1
0.912848 1.945715 1
2.307020 0.783294 1
1.201700 2.419512 1
1.153550 0.213930 1
0.213930 1.153550 1
0.188829 2.366446 1
0.216388 0.089976 1
0.091278 0.219877 1
0.829501 0.908576 1
2.310028 0.998124 1
1.378407 1.612362 1
1.887796 2.758913 1
1.770466 2.711713 1
1.982508 2.110129 1
2.214086 0.980023 1
0.264624 2.150678 1
2.132638 0.245777 1
2.262382 0.888277 1
1.759653 0.444356 1
0.319502 1.079225 1
0.000000 1.111111 0
1.111111 0.000000 0
0.670592 2.459717 1
2.460347 0.671721 2
1.268035 0.888256 1
1.532904 1.058559 1
0.883838 2.905522 1
0.447165 3.090198 1
1.160633 2.284393 1
2.352547 0.687952 1
1.719057 0.348415 1
0.000000 3.194444 0
2.033170 1.767027 1
0.526815 1.532871 1
2.401212 0.886268 2
0.688612 2.346434 1
1.253819 2.221075 1
0.402869 1.155797 1
0.416624 1.526584 1
1.422505 3.123403 1
1.826902 0.719624 1
2.148384 1.913549 1
2.044647 2.000212 1
0.538731 3.146183 1
2.129306 1.804879 1
2.168581 2.022651 2
0.565144 2.223985 1
0.208869 2.269420 1
0.226583 2.806432 1
2.087509 2.079071 2
2.043079 2.899563 2
1.980043 3.005756 2
2.200007 1.619631 1
1.357789 0.913241 1
2.233232 1.841750 1
1.256852 3.379022 2
2.217895 1.739479 1
0.080980 3.256537 1
1.047968 0.081641 1
0.081641 1.047968 1
1.084230 2.199133 1
0.904912 1.004763 1
2.112085 1.701302 1
2.416507 0.770873 2
 0 1 2
 3 4 5
 6 4 3
 7 0 2
 8 9 10
 10 9 11
 12 13 14
 15 16 17
 18 19 2
 20 21 22
 23 24 25
 26 27 28
 29 30 31
 32 33 34
 35 36 37
 38 39 40
 41 21 20
 42 43 44
 38 45 39
 46 10 47
 48 49 50
 10 11 47
 51 14 13
 52 53 54
 55 56 57
 58 57 56
 15 59 16
 18 60 19
 61 62 63
 64 65 66
 67 68 69
 68 70 69
 71 72 73
 74 26 28
 75 76 77
 78 73 72
 52 79 53
 80 81 82
 29 31 83
 84 83 31
 85 86 87
 88 89 90
 91 90 89
 92 93 10
 94 95 96
 97 98 99
 100 101 102
 32 103 33
 104 105 106
 107 108 109
 110 107 109
 111 10 93
 55 93 56
 92 56 93
 112 113 114
 115 116 117
 23 118 119
 120 121 21
 122 123 124
 53 124 123
 125 126 127
 128 129 130
 131 132 133
 134 135 136
 42 137 43
 138 108 20
 104 139 105
 140 141 142
 143 144 145
 146 147 148
 149 150 151
 29 152 153
 29 153 30
 154 155 156
 58 56 157
 158 159 66
 160 67 69
 139 161 162
 76 163 77
 164 165 166
 167 168 169
 170 171 172
 128 66 159
 168 173 169
 174 175 176
 177 178 179
 70 82 69
 82 81 69
 180 181 2
 160 182 67
 177 183 178
 74 17 184
 29 185 152
 88 90 54
 186 162 161
 71 187 155
 91 188 90
 189 190 191
 104 106 192
 164 193 165
 194 195 196
 177 197 183
 139 162 198
 112 199 113
 200 115 117
 92 10 46
 174 176 201
 25 24 202
 203 204 162
 111 8 10
 205 206 207
 208 204 203
 209 148 147
 210 63 124
 211 171 170
 212 72 213
 214 213 72
 20 108 41
 194 215 195
 109 216 217
 218 217 216
 37 36 219
 122 124 63
 173 147 146
 51 13 220
 221 222 223
 223 222 204
 177 179 224
 225 87 86
 42 226 145
 227 228 229
 52 150 79
 16 230 231
 17 16 231
 18 2 232
 233 234 235
 236 234 233
 32 34 237
 238 239 156
 18 240 176
 241 176 240
 5 67 182
 15 17 242
 92 243 56
 244 207 206
 245 246 247
 248 249 250
 251 252 253
 254 253 252
 104 161 139
 71 155 255
 154 255 155
 256 257 258
 214 258 257
 259 229 228
 260 102 101
 261 183 262
 7 2 19
 263 52 90
 264 168 167
 129 265 130
 215 266 195
 239 267 268
 269 268 267
 90 52 54
 6 270 271
 261 272 183
 144 273 274
 275 142 141
 276 182 277
 278 271 270
 5 279 67
 280 191 190
 281 282 267
 283 219 36
 194 196 284
 125 285 126
 23 25 286
 164 274 273
 35 37 287
 245 247 288
 249 289 250
 290 198 162
 291 96 95
 292 99 98
 71 293 72
 294 295 36
 296 297 298
 299 14 172
 51 172 14
 164 166 234
 214 72 293
 300 255 301
 158 114 113
 210 117 116
 302 28 27
 53 123 54
 49 303 50
 85 133 132
 304 136 135
 158 66 114
 210 116 63
 12 305 13
 244 273 144
 58 306 307
 308 309 310
 12 311 76
 119 118 240
 312 313 314
 315 316 317
 261 262 129
 318 129 262
 319 320 111
 61 63 116
 65 114 66
 296 268 297
 62 96 63
 64 66 98
 12 14 321
 256 258 279
 12 321 311
 88 123 322
 323 43 83
 49 324 303
 2 181 232
 299 325 14
 30 266 31
 261 326 44
 320 327 111
 85 87 328
 160 277 182
 17 231 184
 329 243 330
 58 307 331
 244 144 207
 53 332 124
 333 334 335
 336 335 334
 299 172 171
 241 201 176
 29 337 185
 272 43 323
 44 43 272
 56 243 157
 243 338 330
 339 340 341
 225 341 340
 180 2 1
 214 342 258
 74 28 17
 88 343 89
 145 226 344
 70 345 82
 221 314 253
 251 253 314
 100 346 101
 143 347 144
 348 349 89
 91 89 349
 80 82 350
 351 352 353
 92 46 338
 354 338 46
 355 356 357
 358 34 33
 122 63 359
 128 130 66
 360 361 362
 363 362 361
 38 40 364
 128 365 129
 312 314 366
 316 367 317
 189 31 266
 227 217 228
 154 301 255
 18 232 119
 80 119 232
 230 368 231
 369 231 368
 51 370 170
 125 57 331
 371 372 373
 106 373 372
 150 341 151
 374 252 87
 251 87 252
 375 335 285
 120 220 13
 294 376 295
 261 129 365
 377 378 223
 379 380 203
 58 331 57
 123 381 322
 44 326 226
 382 383 353
 100 384 295
 166 295 384
 264 364 40
 23 350 24
 164 234 236
 17 28 242
 82 24 350
 144 274 145
 244 193 273
 235 234 102
 318 265 129
 385 386 387
 388 389 390
 391 229 256
 392 393 394
 395 329 101
 346 395 101
 4 229 391
 120 21 396
 94 397 95
 398 97 99
 126 399 127
 360 400 361
 55 401 93
 111 93 401
 402 250 289
 403 288 247
 212 404 72
 78 72 404
 210 124 332
 83 43 337
 163 405 77
 363 361 406
 308 310 407
 278 170 370
 42 274 236
 143 387 386
 173 146 169
 52 408 150
 42 44 226
 211 170 270
 278 270 170
 355 409 356
 131 410 132
 411 134 136
 261 44 272
 35 412 263
 276 3 182
 323 178 272
 183 272 178
 38 364 413
 140 364 141
 88 54 123
 35 263 188
 163 76 311
 37 409 414
 355 414 409
 358 390 389
 221 366 314
 186 317 367
 51 170 172
 415 169 146
 300 293 255
 299 190 215
 189 215 190
 276 277 416
 41 396 21
 189 191 31
 189 266 215
 351 353 383
 417 418 419
 382 353 420
 294 421 346
 164 273 193
 277 422 416
 140 413 364
 423 424 192
 304 192 424
 244 425 193
 335 426 285
 403 427 428
 429 428 427
 318 430 431
 402 431 430
 111 327 8
 42 145 274
 18 176 60
 339 414 340
 355 340 414
 432 433 113
 158 113 433
 194 311 321
 339 341 150
 218 103 217
 374 340 434
 435 86 132
 436 136 424
 403 428 95
 291 95 428
 292 431 99
 402 99 431
 385 433 386
 278 437 271
 283 36 295
 278 438 437
 371 439 206
 244 206 439
 205 440 206
 441 277 442
 160 442 277
 355 434 340
 371 206 372
 423 372 206
 149 79 150
 443 444 252
 292 130 265
 230 445 446
 447 16 59
 443 373 105
 106 105 373
 355 357 434
 283 295 165
 313 133 314
 315 317 135
 173 40 39
 371 357 356
 30 153 448
 379 203 367
 378 366 223
 334 449 27
 450 388 390
 154 156 451
 452 185 337
 269 282 50
 264 453 141
 275 141 453
 339 150 408
 259 257 229
 354 46 454
 166 165 295
 264 40 168
 235 455 185
 85 132 86
 304 424 136
 371 373 357
 186 367 203
 221 223 366
 109 217 438
 456 457 202
 333 343 322
 88 322 343
 227 229 4
 456 202 24
 336 26 458
 102 234 384
 41 108 459
 336 334 27
 152 185 455
 460 461 462
 460 462 463
 464 465 466
 464 466 467
 104 317 161
 186 161 317
 11 9 311
 163 311 9
 120 13 305
 71 255 293
 329 157 243
 23 119 350
 374 468 340
 251 328 87
 260 469 455
 375 285 331
 125 331 285
 200 117 470
 199 471 113
 177 224 472
 53 79 332
 197 473 474
 183 197 262
 318 262 197
 18 119 240
 125 127 475
 209 475 127
 476 477 478
 479 480 481
 125 475 57
 42 236 137
 6 271 4
 80 350 119
 140 142 309
 194 325 215
 217 103 228
 259 482 213
 212 213 482
 41 220 396
 269 50 303
 173 168 40
 51 220 483
 89 343 484
 106 372 192
 423 192 372
 254 252 444
 432 386 433
 485 413 140
 358 389 486
 487 446 477
 175 481 176
 55 57 475
 423 206 440
 309 485 140
 443 252 488
 32 482 228
 259 228 482
 84 31 191
 194 284 311
 164 236 274
 300 301 489
 456 489 301
 227 4 271
 382 417 383
 225 340 468
 429 490 491
 441 422 277
 251 314 328
 104 492 317
 452 43 137
 296 493 268
 41 459 220
 62 94 96
 97 64 98
 75 305 76
 12 76 305
 353 352 298
 360 22 400
 239 451 156
 494 474 473
 495 298 297
 260 330 496
 209 147 497
 498 497 147
 37 414 287
 348 307 306
 441 472 224
 120 396 220
 460 416 422
 241 240 118
 323 83 499
 5 182 3
 336 458 426
 246 478 247
 248 250 480
 417 419 383
 500 458 26
 211 270 501
 6 501 270
 498 401 497
 55 497 401
 149 502 117
 432 113 503
 294 346 376
 100 376 346
 194 321 325
 447 478 477
 504 481 480
 377 223 505
 208 505 223
 208 203 506
 380 506 203
 507 356 409
 415 146 508
 456 301 457
 313 131 133
 134 315 135
 30 448 195
 509 448 153
 138 510 511
 260 496 469
 120 512 121
 513 127 399
 357 373 488
 443 488 373
 23 286 118
 227 437 217
 290 162 204
 84 499 83
 329 395 157
 109 438 110
 239 268 493
 264 141 364
 354 496 330
 504 19 60
 402 514 250
 403 247 515
 348 89 484
 302 449 427
 160 69 81
 281 267 238
 500 516 458
 256 229 257
 517 491 490
 498 319 401
 225 151 341
 435 151 86
 436 424 518
 450 511 510
 199 519 471
 520 200 470
 374 488 252
 208 223 204
 186 203 162
 290 204 222
 160 81 521
 80 181 521
 369 522 184
 179 178 499
 35 523 36
 294 36 523
 385 159 433
 158 433 159
 126 426 458
 210 332 117
 149 117 332
 269 303 297
 351 383 419
 143 145 344
 441 224 422
 354 330 338
 429 427 449
 346 421 395
 11 311 284
 524 306 157
 52 263 412
 70 68 525
 429 334 490
 333 490 334
 58 157 306
 458 516 399
 214 293 342
 300 342 293
 296 526 493
 196 454 47
 302 427 242
 104 192 492
 524 157 395
 211 501 527
 276 527 501
 304 492 192
 177 473 197
 74 528 26
 500 26 528
 51 483 370
 291 529 359
 280 463 191
 84 191 463
 225 468 87
 374 87 468
 517 490 322
 333 322 490
 218 33 103
 291 491 529
 530 382 420
 196 448 454
 269 267 282
 71 73 187
 120 305 512
 531 77 405
 80 232 181
 29 83 337
 302 27 449
 323 499 178
 498 39 45
 369 184 231
 375 331 307
 0 7 514
 15 242 427
 224 461 422
 259 213 257
 430 0 514
 532 344 226
 122 381 123
 415 508 533
 441 534 472
 180 472 534
 235 102 455
 269 297 268
 318 474 430
 258 525 68
 299 215 325
 80 521 81
 74 184 522
 180 521 181
 180 534 521
 225 86 151
 423 518 424
 46 47 454
 314 133 328
 317 492 135
 160 521 442
 74 522 528
 149 151 502
 435 502 151
 432 503 518
 436 518 503
 126 285 426
 354 454 496
 509 496 454
 299 171 190
 403 515 427
 15 427 515
 402 430 514
 280 190 535
 63 96 359
 291 359 96
 292 98 130
 66 130 98
 495 297 303
 139 198 444
 339 412 287
 111 401 319
 241 419 201
 418 201 419
 173 39 147
 260 455 102
 498 45 319
 432 518 536
 107 459 108
 432 536 386
 144 347 207
 260 101 330
 5 4 391
 247 59 515
 339 408 412
 209 497 475
 55 475 497
 429 491 428
 128 537 365
 533 508 516
 212 538 393
 479 248 480
 246 476 478
 333 335 539
 540 541 77
 456 345 489
 15 515 59
 476 487 477
 175 479 481
 542 202 457
 531 543 77
 540 77 543
 91 349 421
 524 421 349
 239 238 267
 205 347 386
 143 386 347
 117 502 470
 113 471 503
 509 454 448
 540 544 541
 375 539 335
 35 287 412
 351 118 286
 212 482 538
 336 426 335
 429 449 334
 336 27 26
 180 545 472
 250 514 546
 177 472 473
 318 431 265
 179 499 462
 7 546 514
 241 118 547
 107 370 483
 371 356 439
 92 338 243
 548 121 512
 115 61 116
 65 112 114
 239 493 451
 351 547 118
 532 365 537
 524 395 421
 542 493 526
 5 391 279
 25 526 352
 296 352 526
 296 298 352
 423 440 518
 456 24 345
 100 102 384
 35 188 523
 318 197 474
 205 386 536
 90 188 263
 375 343 539
 363 549 388
 550 388 549
 70 525 489
 329 330 101
 38 551 45
 320 45 551
 52 412 408
 375 484 343
 30 195 266
 517 322 381
 196 195 448
 138 511 108
 339 287 414
 333 539 343
 507 439 356
 531 405 327
 8 327 405
 190 171 535
 91 552 188
 32 228 103
 430 474 0
 70 489 345
 392 404 393
 100 295 376
 308 407 553
 540 553 407
 75 512 305
 353 298 420
 495 420 298
 452 337 43
 139 444 105
 351 419 547
 300 489 525
 360 20 22
 166 384 234
 397 245 288
 249 398 289
 6 3 501
 465 377 505
 380 467 506
 397 288 95
 398 99 289
 241 547 419
 392 554 404
 78 404 554
 513 508 148
 494 0 474
 38 413 551
 555 551 413
 75 541 512
 418 174 201
 363 388 510
 450 510 388
 402 289 99
 403 95 288
 25 352 286
 351 286 352
 258 68 279
 146 148 508
 278 110 438
 152 455 469
 67 279 68
 14 325 321
 378 312 366
 316 379 367
 254 222 253
 211 527 535
 84 462 499
 254 198 222
 278 370 110
 542 451 493
 532 537 387
 276 416 527
 324 530 556
 254 444 198
 291 428 491
 410 520 557
 519 411 558
 154 451 457
 542 457 451
 460 463 559
 212 393 404
 256 279 391
 218 390 33
 494 1 0
 280 527 559
 85 328 133
 304 135 492
 498 147 39
 548 512 541
 532 226 326
 385 387 537
 280 535 527
 507 425 439
 244 439 425
 550 486 389
 507 409 219
 109 108 511
 294 552 421
 324 556 303
 507 219 560
 138 20 362
 300 525 342
 217 437 438
 227 271 437
 435 557 470
 520 470 557
 436 471 558
 519 558 471
 218 216 390
 179 462 461
 82 345 24
 495 303 556
 320 561 327
 531 327 561
 280 559 463
 149 332 79
 107 110 370
 500 533 516
 84 463 462
 513 148 127
 320 319 45
 550 389 388
 360 362 20
 179 461 224
 500 562 533
 211 535 171
 214 257 213
 176 481 60
 504 60 481
 358 33 390
 261 365 326
 532 326 365
 465 505 466
 467 466 506
 126 458 399
 209 127 148
 154 457 301
 247 478 59
 276 501 3
 75 77 541
 292 265 431
 91 421 552
 250 546 480
 513 399 516
 235 185 233
 452 233 185
 385 537 159
 283 165 560
 193 560 165
 504 480 546
 555 413 485
 221 253 222
 290 222 198
 302 242 28
 410 557 132
 411 136 558
 447 59 478
 180 1 545
 122 359 529
 548 541 544
 450 390 216
 460 422 461
 446 445 477
 447 477 445
 128 159 537
 532 387 344
 460 559 416
 435 470 502
 436 503 471
 258 342 525
 294 523 552
 540 407 544
 394 393 538
 374 434 488
 357 488 434
 517 529 491
 308 485 309
 443 105 444
 436 558 136
 435 132 557
 208 506 466
 208 466 505
 109 511 216
 205 207 347
 542 526 202
 25 202 526
 8 405 9
 163 9 405
 521 534 442
 32 538 482
 193 425 560
 504 546 19
 509 469 496
 494 545 1
 513 516 508
 7 19 546
 500 528 562
 495 556 420
 450 216 511
 524 349 306
 394 538 237
 32 237 538
 138 362 510
 236 233 137
 509 153 469
 152 469 153
 230 16 445
 348 306 349
 530 420 556
 522 562 528
 441 442 534
 555 553 543
 540 543 553
 518 440 536
 188 552 523
 507 560 425
 37 219 409
 527 416 559
 143 344 387
 555 561 551
 11 284 47
 196 47 284
 320 551 561
 220 459 483
 122 529 381
 205 536 440
 555 543 561
 283 560 219
 531 561 543
 517 381 529
 375 307 484
 363 406 549
 555 485 553
 447 445 16
 363 510 362
 452 137 233
 348 484 307
 107 483 459
 308 553 485
 494 473 545
 472 545 473
 20
 281 392 358 550 78 155 394 34 361 187 156 50 486 282 549 73 237 554 238 406
 0
 24
 548 275 230 264 369 415 167 21 361 368 446 453 522 121 310 169 142 400 533 407 309 22 562 544
 0
 0
 0
 0
 0
 0
 0
 0
 0
 0
