487 878
0.949779 3.404397 2
1.054199 3.509120 2
0.863356 3.491082 1
0.929897 3.592054 1
1.447017 5.148707 1
1.284539 5.081104 1
1.429996 5.052123 1
0.316807 3.985194 1
0.296819 4.080687 1
0.191424 3.991625 1
1.372061 5.212504 1
1.597471 5.537529 2
1.534143 5.440955 1
1.696365 5.417908 2
1.605105 5.323936 1
1.470755 6.498024 1
1.542161 6.396385 1
1.577821 6.558721 2
0.208946 4.153841 1
1.659293 6.444950 2
1.336604 3.931155 1
1.411892 4.023517 1
1.257768 4.007148 1
1.318588 4.106539 1
1.625208 4.773975 1
1.634479 4.644356 2
1.755826 4.672694 2
1.747181 4.815470 1
0.635702 5.069196 1
0.478251 5.133544 1
0.559542 4.962142 1
0.510559 7.108503 1
0.395163 7.165545 1
0.409375 7.016966 1
1.127223 5.153876 1
1.141149 5.001644 1
1.541535 4.288084 2
1.435274 4.418665 2
1.363267 4.263799 1
0.260440 3.850509 1
1.512895 5.982413 1
1.443898 6.091654 1
1.365815 5.952167 1
1.321293 6.079159 1
0.698432 5.772837 1
0.575890 5.792314 1
0.596135 5.650707 1
0.559112 6.615945 1
0.663739 6.708256 1
0.514937 6.747599 1
1.372741 5.314714 1
1.516472 5.222009 1
1.473827 5.352179 1
0.869467 5.131529 1
0.769390 5.051095 1
0.900624 4.981236 1
1.152876 3.345575 2
1.205574 3.476413 1
1.046198 4.122622 1
1.052132 4.303879 1
0.954772 4.204939 1
0.000000 3.611111 0
0.000000 3.472222 0
0.145812 3.516792 2
1.157460 4.226938 1
0.107255 3.641623 1
0.737325 5.669270 1
0.344523 5.224209 1
0.196422 5.156919 1
0.341365 5.078186 1
0.236381 4.995296 1
0.987016 3.751022 1
1.114635 3.829833 1
0.950544 3.894858 1
0.434300 4.992430 1
1.011520 5.057606 1
0.540023 7.005441 1
1.287651 4.420591 1
0.304373 6.188498 1
0.458075 6.124873 1
0.439970 6.285912 1
0.725570 4.565895 1
0.832983 4.618250 1
0.676561 4.652657 1
0.000000 6.805555 0
0.124206 6.674959 1
0.168758 6.780949 1
0.782922 4.741789 1
1.545395 3.612684 1
1.708498 3.610493 1
1.647203 3.724900 1
0.972894 5.614025 1
0.889425 5.497691 1
1.003072 5.424653 1
0.354021 7.393651 1
0.435442 7.313666 1
0.446700 7.459182 2
1.091373 3.977587 1
0.402159 6.651262 1
1.554171 5.074500 1
1.484426 4.911976 1
0.568905 4.559208 1
0.682309 4.460582 1
0.343548 4.903107 1
0.400869 7.591715 1
0.515410 7.559653 2
0.448479 7.727332 2
0.717624 3.718441 1
0.684755 3.851752 1
0.575425 3.706501 1
0.543499 3.861286 1
0.634513 4.864355 1
0.533296 4.801731 1
1.108239 5.522227 1
1.025232 4.906744 1
1.173181 4.840536 1
1.388970 3.318665 2
1.514504 3.315554 3
1.492873 3.422162 1
1.373677 4.553658 1
0.453549 4.888576 1
0.849315 6.312347 1
0.956951 6.196434 1
0.972829 6.363189 1
0.607504 6.824253 1
0.247466 7.171700 1
0.311634 7.287780 1
0.190436 7.302215 1
0.117865 3.862267 1
0.576647 4.440132 1
0.439510 4.421194 1
0.420596 4.557470 1
1.264026 5.770383 1
1.328080 5.670756 1
1.360249 5.814812 1
0.124253 7.204134 1
1.130480 3.678314 1
0.833166 6.086993 1
0.965494 6.052625 1
1.098112 6.129204 1
0.210583 5.397940 1
0.354821 5.390138 1
0.249973 5.502886 1
0.802402 3.915571 1
0.782489 4.064852 1
0.647741 3.997498 1
1.246724 4.592386 1
0.555792 6.480118 1
0.661663 6.433148 1
0.692328 6.567451 1
0.000000 7.777778 0
0.000000 7.638889 0
0.155138 7.724136 1
0.553257 7.346814 2
0.094249 7.569445 1
0.404852 3.911410 1
0.596528 6.329490 1
0.575201 6.206668 1
0.682058 4.177941 1
0.552354 4.113791 1
1.189196 5.700500 1
1.264962 3.777778 1
0.648033 3.496348 1
0.531076 3.469311 2
0.664800 3.365109 2
0.798703 4.935954 1
1.348485 3.453827 1
0.616793 5.524652 1
0.753121 5.474871 1
0.704196 5.575406 1
0.101495 4.079753 1
1.153041 4.501813 1
1.165372 4.363902 1
0.239582 5.637921 1
0.279358 5.768495 1
0.178162 5.768868 1
1.249943 5.883609 1
0.356925 5.562954 1
0.360935 5.703599 1
0.323862 6.067037 1
0.000000 6.666667 0
1.015840 6.738435 1
1.114545 6.819599 2
0.987395 6.885596 2
0.110544 5.656777 1
0.283384 7.047626 1
0.404601 3.755174 1
0.589610 5.172690 1
0.455974 3.598279 1
0.303318 3.536052 2
0.405477 3.463461 2
1.305190 4.892964 1
1.246485 4.971503 1
0.298179 4.346334 1
0.163075 4.437894 1
0.155146 4.289350 1
0.751689 6.471792 1
0.465655 6.555604 1
0.886363 6.750875 1
0.938187 4.303159 1
0.983424 4.420954 1
1.538939 3.726226 1
1.316966 3.563776 1
1.649491 5.183521 1
1.051319 6.259661 1
0.340842 3.651117 1
1.256852 3.379022 2
1.073092 5.746907 1
0.953502 5.786160 1
1.106335 4.660254 1
1.050924 4.792417 1
0.961264 4.723523 1
0.512555 3.990443 1
1.210548 6.020026 1
0.967973 4.616813 1
0.371069 6.795438 1
0.890913 4.840916 1
0.345145 4.655893 1
0.317155 4.493004 1
0.224829 4.579339 1
1.456560 4.158369 1
1.070193 6.356997 1
1.158510 6.252482 1
1.198241 6.407594 1
1.288719 6.310036 1
0.732483 6.352259 1
0.721417 6.205487 1
0.960186 5.918945 1
1.060478 5.867939 1
1.075357 5.997949 1
0.460374 5.629442 1
1.511669 4.565185 2
1.487731 4.716579 1
1.620126 4.919281 1
1.745081 4.939768 1
0.739847 7.167933 1
0.668488 7.268610 2
0.630688 7.118028 1
0.249671 5.295481 1
1.690180 5.050747 1
1.371875 6.417456 1
1.438828 6.301654 1
0.623057 5.404192 1
0.270356 6.722905 1
0.241087 6.594317 1
0.838054 3.780471 1
0.000000 5.555555 0
0.000000 5.416667 0
0.132429 5.509089 1
1.246031 5.221209 1
0.840212 6.200315 1
1.225959 3.886014 1
1.590164 6.121782 2
0.532266 7.220194 1
0.000000 7.361111 0
0.081500 7.298603 1
0.115371 7.430360 1
0.106432 5.066491 1
0.759355 5.356022 1
0.844892 5.723430 1
0.208464 7.574777 1
0.250566 7.417533 1
0.323471 7.516419 1
1.592145 4.171113 2
0.362887 6.551648 1
0.000000 6.250000 0
0.000000 6.111111 0
0.144028 6.180555 1
1.939620 5.144183 2
1.848137 5.192117 1
1.825933 5.051859 1
1.106314 5.636593 1
0.821548 5.858727 1
1.241030 6.163182 1
1.368997 6.188184 1
0.736492 3.530544 1
0.746491 3.433412 1
0.273826 3.722991 1
1.492842 5.722325 2
0.000000 7.500000 0
0.492459 5.721128 1
0.495417 5.508823 1
1.203689 5.589727 1
0.481959 6.387649 1
1.592284 6.279613 2
0.311214 6.299680 1
0.113225 6.883154 1
0.877540 4.413786 1
1.583376 3.502321 1
0.000000 5.972222 0
0.116808 5.897958 1
0.111832 6.061011 1
0.823822 5.596280 1
0.000000 7.083333 0
0.141202 7.079720 1
0.498943 5.377163 1
0.302012 7.781382 2
0.303171 7.658401 1
0.000000 7.222222 0
0.420228 6.023907 1
1.230318 4.716856 1
1.336670 4.690624 1
0.755263 5.973875 1
0.867131 5.978233 1
1.258429 3.661305 1
1.407226 3.692912 1
1.758916 5.154770 1
0.957793 6.520961 1
1.070850 6.471199 1
0.717251 6.064655 1
1.660720 6.017687 2
0.105653 5.389453 1
0.805133 4.493316 1
0.929986 7.017158 2
0.862778 6.878037 1
0.804398 6.970953 1
0.115023 7.874085 2
0.441826 5.283202 1
1.484004 5.872913 2
1.372863 5.437885 1
1.260954 5.351810 1
1.252662 4.198272 1
1.495888 6.199917 1
1.376183 4.959968 1
1.289464 4.793635 1
0.462606 5.832233 1
0.344942 5.846585 1
1.333971 6.646914 1
1.205009 6.635832 1
1.276242 6.520332 1
1.017475 3.636533 1
0.556224 5.274645 1
1.136453 5.394846 1
1.235183 5.467110 1
0.664117 6.992033 1
0.692460 6.894339 1
0.768840 6.814992 1
0.799684 6.671224 1
1.374240 3.826074 1
0.323504 6.922027 1
0.479855 6.892079 1
0.736771 7.076329 1
0.790186 7.268943 2
0.148263 3.745319 1
0.833898 4.203212 1
0.903448 4.091822 1
1.383168 6.525343 1
1.478751 6.592216 1
1.444627 6.706367 2
0.844803 7.132699 2
0.955230 5.303747 1
0.838786 5.261732 1
0.989375 5.185784 1
0.718892 5.204931 1
0.000000 4.444445 0
0.104653 4.543991 1
0.000000 5.694445 0
1.605948 3.264765 2
1.757735 3.323189 2
1.609873 3.384493 1
1.693205 3.467392 1
0.235199 7.868153 2
0.000000 3.750000 0
1.949055 4.990519 2
0.671950 5.881313 1
1.079771 4.434591 1
0.220288 5.997429 1
1.190860 3.579062 1
1.458034 5.570761 2
1.319570 5.547248 1
1.438288 3.555330 1
1.180613 4.103860 1
0.672693 3.611420 1
1.243384 4.290224 1
1.065321 5.294051 1
1.171018 5.288370 1
0.661354 5.299221 1
0.000000 4.305555 0
0.107323 4.186213 1
0.000000 3.888889 0
0.849335 6.431480 1
1.824021 3.453087 3
0.214986 3.612837 1
1.032397 4.539159 1
1.762124 5.277796 1
1.837731 5.358323 3
0.831033 6.551325 1
0.000000 5.000000 0
0.000000 4.861111 0
0.121741 4.909756 1
0.920518 4.531152 1
0.000000 4.722222 0
0.000000 4.583333 0
0.119825 4.672441 1
0.605128 6.093863 1
0.000000 7.916667 0
1.164663 6.531327 1
0.414330 4.068227 1
0.808822 3.631481 1
0.817296 3.350409 2
0.081024 4.368888 1
0.138369 5.285372 1
1.774530 3.699827 2
1.713768 3.849500 2
1.845996 4.885234 1
1.963672 4.855675 2
0.352246 6.389323 1
0.000000 5.138889 0
0.085142 5.194705 1
0.000000 4.166667 0
0.114363 6.303110 1
0.215323 6.379928 1
0.286639 6.485198 1
0.145565 6.498655 1
0.000000 6.527778 0
0.101550 6.405153 1
0.201777 6.955204 1
0.241448 6.843279 1
1.494057 3.828117 1
1.147493 5.921739 1
1.866666 4.740505 2
1.519705 4.078920 1
1.541506 3.965039 2
0.000000 6.388889 0
0.569405 4.688503 1
0.657364 4.762203 1
1.424073 4.634500 1
1.401960 4.827195 1
0.220797 6.099459 1
0.217860 6.270355 1
0.646802 4.323534 1
0.770799 4.381408 1
0.571542 3.574226 1
0.519351 6.007927 1
1.226046 6.755610 1
1.364042 6.804653 2
0.253715 4.248518 1
1.071071 6.610753 1
1.128930 6.714970 1
0.000000 5.277778 0
1.431660 3.914780 1
0.457483 4.687528 1
0.084081 6.578643 1
0.898227 3.693818 1
0.738157 4.849654 1
0.000000 4.027778 0
0.546788 5.903909 1
0.424369 5.926633 1
0.000000 5.833333 0
0.967439 4.006477 1
0.876311 3.995480 1
1.236438 6.883706 2
1.857689 3.579554 2
1.632625 4.071932 2
0.935367 6.645044 1
0.418895 6.471860 1
0.397058 4.783470 1
0.282452 4.796529 1
1.516116 4.814785 1
1.598852 5.928372 2
0.239060 4.693612 1
1.602232 3.849742 2
0.403314 4.311971 1
0.489652 4.263585 1
0.537349 4.347873 1
0.352589 4.204545 1
0.000000 6.944445 0
1.914454 5.282464 2
0.078739 4.791667 1
0.183726 4.791667 1
0.093535 6.987447 1
0.460118 4.163203 1
0.866498 5.386453 1
0.749340 4.281882 1
0.075243 5.763889 1
0.581823 4.228570 1
0.833953 4.316689 1
1.769243 3.527869 1
0.575413 6.917888 1
0.689004 4.960452 1
0.320373 5.961413 1
0.236595 4.883244 1
0.243322 5.873458 1
1.164038 5.815179 1
0.076489 3.962608 1
0.633783 5.986217 1
1.542193 6.684094 3
 0 1 2
 2 1 3
 4 5 6
 7 8 9
 10 5 4
 11 12 13
 12 14 13
 15 16 17
 9 8 18
 17 16 19
 20 21 22
 22 21 23
 24 25 26
 24 26 27
 28 29 30
 31 32 33
 34 35 5
 36 37 38
 39 7 9
 40 41 42
 43 42 41
 44 45 46
 47 48 49
 50 51 52
 53 54 55
 1 56 57
 10 51 50
 58 59 60
 61 62 63
 64 59 58
 61 63 65
 44 46 66
 67 68 69
 70 69 68
 71 72 73
 74 30 29
 34 75 35
 31 33 76
 77 38 37
 78 79 80
 81 82 83
 84 85 86
 83 82 87
 88 89 90
 91 92 93
 94 95 96
 97 73 72
 47 49 98
 99 6 100
 81 101 102
 74 69 103
 104 105 106
 107 108 109
 110 109 108
 111 30 112
 91 93 113
 114 115 35
 116 117 118
 77 37 119
 112 30 120
 121 122 123
 124 49 48
 125 126 127
 39 9 128
 129 101 130
 131 130 101
 132 133 134
 125 127 135
 71 136 72
 137 138 122
 139 122 138
 140 141 142
 143 144 145
 14 52 51
 77 119 146
 70 103 69
 147 148 149
 150 151 152
 95 153 96
 151 154 152
 39 155 7
 143 145 108
 110 108 145
 156 80 157
 114 35 75
 158 159 145
 132 160 133
 161 72 136
 162 163 164
 165 55 54
 116 118 166
 167 168 169
 18 170 9
 77 171 172
 173 174 175
 134 176 132
 42 176 134
 173 177 178
 81 83 101
 129 102 101
 78 179 79
 94 126 95
 84 180 85
 181 182 183
 173 175 184
 33 32 185
 110 155 186
 77 146 171
 28 187 29
 188 189 190
 191 192 115
 158 145 144
 193 194 195
 196 149 148
 47 98 197
 141 177 142
 181 183 198
 199 59 200
 88 90 201
 202 57 166
 99 203 51
 39 186 155
 53 55 75
 122 204 123
 188 205 189
 57 206 166
 91 207 208
 209 210 211
 110 145 212
 43 213 42
 209 211 214
 215 98 49
 47 147 149
 87 211 216
 131 217 218
 219 218 217
 36 38 220
 221 222 223
 224 223 222
 121 225 226
 227 228 229
 178 177 230
 231 25 232
 24 232 25
 24 27 233
 234 233 27
 235 236 237
 188 109 186
 110 186 109
 67 238 68
 227 229 138
 67 141 238
 140 238 141
 99 239 203
 16 240 241
 242 168 167
 87 82 211
 16 15 240
 215 243 98
 244 98 243
 74 29 69
 115 192 35
 107 245 108
 143 108 245
 246 247 248
 10 249 5
 34 5 249
 125 185 32
 121 226 250
 219 194 218
 193 218 194
 97 72 251
 40 252 41
 236 253 237
 254 255 256
 70 68 257
 258 168 242
 14 12 52
 91 208 259
 260 256 261
 260 261 262
 36 220 263
 244 264 98
 260 152 154
 265 266 267
 268 269 270
 91 271 207
 209 115 210
 97 251 22
 44 259 272
 224 273 274
 275 162 276
 39 277 186
 278 134 133
 279 254 256
 10 4 51
 280 46 45
 281 177 141
 224 222 273
 282 133 160
 156 283 80
 284 19 16
 78 80 285
 84 86 286
 139 204 122
 199 200 287
 88 288 89
 289 290 291
 91 259 292
 293 294 135
 281 141 295
 99 100 233
 91 292 92
 296 152 297
 260 297 152
 298 293 135
 299 79 179
 209 146 300
 301 300 146
 137 302 303
 161 304 305
 306 270 269
 301 146 119
 307 123 308
 137 309 302
 40 310 252
 114 210 115
 99 51 4
 186 277 205
 247 311 248
 246 248 184
 81 312 82
 162 164 276
 183 313 314
 315 314 313
 150 152 316
 67 317 141
 40 42 318
 137 122 250
 121 250 122
 80 79 157
 319 320 50
 23 38 321
 99 4 6
 322 274 41
 209 300 115
 5 323 6
 191 115 324
 280 325 178
 326 178 325
 327 328 329
 1 330 3
 67 29 317
 331 317 29
 249 10 50
 320 249 50
 114 216 210
 211 210 216
 332 333 113
 282 113 333
 315 334 335
 124 48 336
 337 336 48
 319 50 52
 20 251 338
 33 339 340
 215 340 339
 315 341 334
 127 256 255
 44 66 259
 235 342 236
 39 128 343
 158 144 344
 345 344 144
 346 347 327
 348 327 347
 202 305 304
 199 60 59
 315 313 349
 350 351 352
 156 226 225
 67 69 29
 278 318 134
 53 353 54
 28 54 353
 354 194 355
 356 246 184
 71 73 245
 143 245 73
 161 338 251
 357 358 359
 360 359 358
 53 352 351
 296 361 152
 362 343 128
 5 192 323
 363 268 270
 44 272 364
 296 297 106
 104 106 297
 365 200 59
 366 291 290
 14 51 203
 71 330 136
 367 136 1
 136 330 1
 161 136 304
 224 240 223
 231 119 37
 278 133 368
 368 369 319
 133 369 368
 281 295 242
 110 212 155
 118 288 370
 97 22 371
 275 372 162
 360 89 288
 315 349 341
 161 305 338
 77 373 38
 23 220 38
 337 198 336
 319 333 320
 332 93 374
 350 374 93
 34 249 375
 34 375 374
 97 371 58
 353 376 187
 377 378 195
 86 85 243
 244 243 85
 332 320 333
 379 362 128
 121 380 225
 196 225 380
 360 358 381
 95 126 32
 223 240 329
 382 65 63
 382 63 189
 28 353 187
 322 252 284
 209 214 383
 384 385 13
 322 241 274
 258 353 351
 53 351 353
 196 386 149
 169 66 46
 227 272 208
 259 208 272
 387 388 389
 390 82 312
 391 392 393
 258 242 376
 219 355 194
 137 226 309
 394 309 226
 395 150 316
 302 364 272
 346 327 329
 137 250 226
 306 203 239
 396 329 328
 397 7 155
 74 120 30
 394 226 157
 156 157 226
 188 186 205
 315 335 336
 215 49 340
 332 375 320
 5 35 192
 107 398 245
 399 0 2
 282 369 133
 354 400 194
 331 187 376
 68 238 401
 331 29 187
 23 371 22
 397 155 212
 90 402 403
 363 404 405
 183 314 198
 139 222 204
 331 376 242
 365 172 171
 363 270 404
 80 283 406
 319 52 12
 407 257 408
 377 409 378
 322 284 241
 16 241 284
 265 267 410
 315 336 314
 258 376 353
 88 305 370
 202 370 305
 411 412 413
 244 413 412
 414 415 413
 416 286 417
 221 308 123
 281 242 167
 53 75 352
 34 352 75
 88 201 305
 418 305 201
 418 338 305
 331 242 295
 173 178 174
 152 361 316
 307 380 123
 100 6 323
 419 229 228
 124 336 335
 362 65 343
 420 405 404
 322 41 252
 125 135 294
 421 21 422
 14 203 384
 131 218 130
 193 130 218
 124 340 49
 414 423 415
 421 263 220
 14 384 13
 424 425 112
 111 112 425
 301 119 426
 209 171 146
 127 126 261
 301 232 427
 266 291 267
 267 428 78
 429 267 78
 129 430 102
 431 102 430
 407 387 257
 188 163 432
 299 433 79
 394 79 433
 434 327 435
 348 435 327
 334 237 76
 31 76 237
 88 370 288
 193 195 436
 86 417 286
 38 373 321
 100 323 427
 43 41 274
 392 354 355
 396 328 437
 173 184 248
 437 328 438
 107 109 372
 125 32 126
 94 261 126
 145 159 212
 397 212 159
 247 439 311
 424 101 83
 439 401 311
 42 213 176
 362 61 65
 188 190 163
 221 123 204
 118 370 166
 20 22 251
 95 32 253
 31 253 32
 137 303 138
 227 138 303
 337 149 386
 422 21 440
 131 101 441
 70 257 389
 92 292 168
 244 442 413
 245 398 443
 423 265 410
 191 427 323
 68 408 257
 87 216 444
 17 347 15
 409 445 170
 306 384 203
 446 433 447
 399 2 276
 235 349 342
 289 448 290
 399 276 164
 97 58 449
 345 449 58
 266 289 291
 31 237 253
 165 444 216
 416 185 294
 125 294 185
 143 450 144
 221 223 308
 396 308 223
 434 435 451
 452 402 89
 421 422 453
 420 27 26
 387 389 257
 234 404 270
 139 138 229
 337 454 198
 275 2 398
 3 398 2
 455 406 283
 161 251 72
 114 75 55
 456 457 217
 33 340 76
 24 458 232
 116 166 206
 40 459 310
 217 457 460
 191 323 192
 424 441 101
 301 426 232
 90 461 201
 199 344 60
 345 60 344
 420 404 27
 281 230 177
 196 380 386
 392 355 393
 100 458 233
 231 232 426
 462 463 464
 130 462 464
 169 168 292
 162 432 163
 156 147 283
 259 66 292
 350 352 374
 99 233 239
 234 239 233
 64 58 371
 143 73 450
 24 233 458
 18 195 378
 194 400 195
 377 195 400
 219 393 355
 244 85 442
 80 406 285
 18 436 195
 244 412 264
 193 465 462
 455 147 197
 47 197 147
 193 436 465
 140 248 311
 418 201 461
 337 386 454
 129 130 464
 43 274 273
 23 321 371
 42 134 318
 466 84 286
 90 89 402
 260 154 256
 279 256 154
 419 213 229
 139 229 213
 193 462 130
 34 374 352
 306 269 384
 467 384 269
 388 468 389
 469 389 468
 446 447 325
 391 393 468
 469 468 393
 293 470 294
 202 367 57
 382 189 205
 434 451 182
 302 272 303
 463 465 471
 397 471 465
 350 93 472
 92 472 93
 463 462 465
 18 465 436
 18 8 465
 397 465 8
 382 343 65
 394 157 79
 467 385 384
 293 466 470
 332 113 93
 104 262 96
 97 449 73
 158 473 430
 139 273 222
 165 216 55
 114 55 216
 382 277 343
 39 343 277
 188 432 109
 158 344 473
 224 241 240
 224 274 241
 64 373 172
 307 308 437
 396 437 308
 319 12 368
 1 57 367
 275 398 372
 107 372 398
 71 443 330
 175 290 474
 448 474 290
 91 113 271
 411 413 415
 455 283 147
 158 475 159
 156 148 147
 431 430 473
 280 230 46
 281 46 230
 139 213 273
 43 273 213
 158 430 475
 129 464 430
 127 261 256
 346 240 15
 131 441 217
 345 58 60
 280 178 230
 260 262 297
 104 297 262
 159 475 471
 199 476 344
 94 96 262
 414 413 442
 360 381 477
 40 318 459
 360 477 89
 452 89 477
 47 149 48
 337 48 149
 151 279 154
 409 170 378
 3 330 443
 87 425 83
 221 204 222
 124 478 340
 397 159 471
 219 460 393
 469 393 460
 326 174 178
 235 341 349
 165 54 479
 28 479 54
 366 480 179
 234 27 404
 169 292 66
 463 471 475
 70 389 481
 469 481 389
 64 172 59
 419 176 213
 173 248 142
 307 437 454
 181 454 437
 140 142 248
 336 198 314
 456 441 112
 416 294 470
 423 410 415
 100 427 458
 258 472 168
 92 168 472
 434 328 327
 275 276 2
 345 144 450
 366 290 482
 175 482 290
 140 401 238
 366 179 428
 396 223 329
 180 414 442
 209 383 171
 181 198 454
 424 112 441
 56 206 57
 354 377 400
 439 407 408
 207 160 483
 202 304 367
 299 447 433
 121 123 380
 439 408 401
 140 311 401
 227 303 272
 282 271 113
 456 217 441
 71 245 443
 94 262 261
 254 298 255
 411 406 412
 388 391 468
 173 142 177
 418 461 422
 346 329 240
 390 312 287
 431 287 312
 11 368 12
 448 356 474
 104 96 105
 68 401 408
 332 374 375
 445 379 484
 87 444 425
 111 425 444
 320 375 249
 467 269 268
 202 166 370
 280 45 325
 446 325 45
 78 285 429
 301 427 324
 434 182 438
 181 438 182
 307 386 380
 77 172 373
 232 458 427
 115 300 324
 90 403 461
 456 103 457
 365 171 383
 430 464 475
 463 475 464
 331 295 317
 219 217 460
 397 8 7
 421 220 21
 23 21 220
 109 432 372
 281 167 46
 181 437 438
 165 479 444
 111 444 479
 73 449 450
 9 170 484
 445 484 170
 456 112 120
 326 480 482
 307 454 386
 382 205 277
 175 474 184
 356 184 474
 141 317 295
 231 426 119
 455 412 406
 207 271 160
 411 415 410
 28 30 479
 111 479 30
 366 482 480
 455 264 412
 319 369 333
 411 285 406
 418 422 440
 70 481 103
 357 359 117
 118 117 359
 411 410 429
 416 417 339
 132 483 160
 416 339 185
 33 185 339
 326 482 174
 18 378 170
 334 341 237
 191 324 427
 456 120 103
 365 383 200
 390 200 383
 180 442 85
 411 429 285
 20 440 21
 175 174 482
 267 291 428
 366 428 291
 74 103 120
 301 324 300
 452 477 381
 421 453 263
 282 333 369
 267 429 410
 81 102 312
 431 312 102
 302 309 485
 394 485 309
 365 59 172
 416 470 286
 169 46 167
 390 383 214
 298 135 255
 3 443 398
 162 372 432
 306 239 270
 234 270 239
 199 287 476
 431 476 287
 346 15 347
 258 351 472
 350 472 351
 360 288 359
 118 359 288
 20 338 440
 418 440 338
 390 287 200
 136 367 304
 86 243 417
 215 417 243
 127 255 135
 64 371 321
 466 286 470
 419 483 176
 132 176 483
 390 214 82
 299 179 480
 103 481 457
 17 486 347
 64 321 373
 211 82 214
 348 347 486
 235 237 341
 156 225 148
 196 148 225
 334 478 335
 124 335 478
 9 484 128
 379 128 484
 227 208 228
 207 228 208
 455 197 264
 98 264 197
 95 253 153
 236 153 253
 334 76 478
 340 478 76
 282 160 271
 424 83 425
 469 460 457
 326 447 480
 299 480 447
 78 428 179
 302 485 364
 446 364 485
 434 438 328
 326 325 447
 446 485 433
 394 433 485
 344 476 473
 431 473 476
 446 45 364
 44 364 45
 419 228 483
 207 483 228
 215 339 417
 345 450 449
 469 457 481
 0
 0
 0
 0
 19
 420 467 231 452 36 363 37 405 25 268 422 381 26 403 453 263 461 402 385
 13
 278 17 11 310 368 19 284 318 252 13 385 486 459
 0
 17
 348 296 183 236 106 313 316 182 435 451 349 105 96 342 361 486 153
 0
 0
 12
 1 116 56 399 0 164 190 63 189 117 206 163
 4
 357 358 381 117
 0
 0
 0
 0
