467 845
4.197526 1.870366 1
4.205878 1.765920 1
4.353964 1.802044 1
4.266956 1.957000 1
5.021739 1.179394 1
4.893626 1.277357 1
4.907285 1.106014 1
4.807293 1.166631 1
4.508610 1.716591 1
4.403931 1.670555 1
4.564542 1.598689 1
4.428215 1.553005 1
5.418162 1.689044 2
5.320665 1.604995 1
5.438151 1.531744 2
5.075511 3.255838 2
4.968703 3.179825 1
5.122739 3.104407 1
4.814559 2.925099 1
4.701535 3.049531 1
4.676769 2.899004 1
5.069196 0.635702 1
4.961960 0.559769 1
5.133544 0.478251 1
3.475663 0.888661 1
3.630861 0.810948 1
3.620797 0.962889 1
5.163724 1.126447 1
5.045081 1.009605 1
4.309810 1.458320 1
4.284656 1.344871 1
4.423867 1.436994 1
3.850509 0.260440 1
3.979503 0.179251 1
4.005759 0.298898 1
4.845317 3.097768 1
5.007074 3.044911 1
3.526508 0.747543 1
5.292080 1.380322 1
5.350010 1.474343 1
5.214271 1.518538 1
5.131914 0.869455 1
4.979466 0.893651 1
5.051641 0.767929 1
5.167317 1.389628 1
3.339667 0.912487 1
3.270177 0.973470 1
3.207373 0.855838 1
2.810024 0.456545 1
2.953604 0.456908 1
2.865226 0.576531 1
3.472222 0.000000 0
3.611111 0.000000 0
3.516792 0.145812 1
3.641623 0.107255 1
4.264837 0.506349 1
4.212965 0.369220 1
4.362883 0.430394 1
4.346334 0.298179 1
4.131754 0.207418 1
3.350452 0.817033 1
4.436863 1.321819 1
5.343924 2.289512 1
5.340167 2.452921 1
5.228862 2.401259 1
4.995296 0.236381 1
5.156919 0.196422 1
5.078186 0.341365 1
5.224209 0.344523 1
4.296433 1.636482 1
3.828493 1.142571 1
3.683397 1.093184 1
3.767156 0.999493 1
4.504739 0.855871 1
4.639683 0.942703 1
4.530584 1.020250 1
4.992430 0.434300 1
5.433549 2.599946 1
5.274381 2.564524 1
5.137704 2.516743 1
5.070802 2.638387 1
4.988203 2.540515 1
4.651967 1.116920 1
5.129714 1.775617 1
4.972393 1.838057 1
5.032820 1.697711 1
3.903397 1.006895 1
4.592384 2.319388 1
4.691078 2.196561 1
4.696296 2.345913 1
4.580345 2.206484 1
2.650289 0.424858 2
2.789191 0.325970 2
5.102249 1.883111 1
5.043925 1.413306 1
5.104763 1.279750 1
4.198955 1.500195 1
4.462722 2.564050 1
4.526483 2.659689 1
4.347877 2.679267 1
4.475300 2.761858 1
3.215673 0.712031 1
3.849503 1.421999 1
3.747811 1.581453 2
3.698988 1.429815 2
5.238379 2.222766 1
4.903107 0.343548 1
3.351627 0.668842 1
4.798086 2.091643 1
4.663584 2.037987 1
3.714597 0.708935 1
3.702993 0.565209 1
3.848248 0.685716 1
3.848161 0.545098 1
4.178657 1.655982 1
4.864355 0.634513 1
4.799226 0.536415 1
3.327806 1.347803 2
3.391597 1.254465 1
3.469650 1.397828 2
3.500594 1.253994 1
4.769942 2.280101 1
4.871974 2.324351 1
4.797622 2.415462 1
4.888039 0.454218 1
4.312762 2.854862 2
4.226376 2.765024 2
4.375290 2.773214 1
4.773951 1.017079 1
3.969128 1.361352 1
3.956628 1.481164 1
3.039363 0.550608 1
5.458736 2.481935 1
3.862222 0.115869 1
4.576276 2.986893 1
4.266639 1.208421 1
4.162879 1.264773 1
4.154629 1.098465 1
3.522048 1.072109 1
5.157799 2.308057 1
4.991894 2.301419 1
5.106811 2.203736 1
4.551707 2.098530 1
5.430822 2.384359 1
4.540506 1.857687 1
4.072998 1.832016 1
4.070199 1.692867 1
3.981842 1.107964 1
4.033360 0.990844 1
4.905974 2.997900 1
4.630215 0.814108 1
3.911410 0.404852 1
4.706223 3.210999 2
4.191768 0.738060 1
4.064754 0.862926 1
4.016786 0.705493 1
5.069596 2.414073 1
4.902018 0.986021 1
2.897116 0.362254 1
4.034224 1.931055 1
3.923554 1.853063 2
4.330723 0.835721 1
4.198482 0.880987 1
3.695457 1.200774 1
4.935510 0.798596 1
4.408943 1.208203 1
5.214097 3.331745 2
5.176482 3.200482 1
5.056581 2.785297 1
5.135196 2.938230 1
4.979111 2.910539 1
4.076138 0.103667 1
3.404548 0.268258 1
3.461062 0.404400 1
3.328546 0.382219 1
3.377062 0.515177 1
5.026401 1.985366 1
5.070536 2.087768 1
4.939309 2.094151 1
4.264057 0.989583 1
4.401928 0.975729 1
5.244003 3.003819 1
4.935095 3.324694 2
4.640522 2.762918 1
4.891725 1.989285 1
3.754119 0.403516 1
5.171740 0.594230 1
4.970611 2.699820 1
4.802077 2.705404 1
4.884775 2.618406 1
4.896239 2.810410 1
3.601026 0.455091 1
3.536094 0.303084 1
4.562850 2.864707 1
4.287328 0.156011 1
4.437894 0.163075 1
4.342330 0.685432 1
5.491504 3.133132 1
5.603273 3.042680 1
5.642973 3.185237 2
5.735101 3.058170 3
4.564247 1.248620 1
4.526571 1.138205 1
3.615175 1.304414 2
4.323374 1.097108 1
2.910152 0.242337 1
3.056968 0.169976 1
3.022608 0.329511 1
3.484943 0.629437 1
3.761477 1.293916 1
4.448486 0.731356 1
3.181105 0.357897 1
3.139652 0.247285 1
3.290539 0.264936 1
3.651117 0.340842 1
4.550630 1.464148 1
4.284287 2.418287 2
4.365158 2.329854 1
4.413340 2.452439 1
4.840199 3.236122 2
4.066500 1.192001 1
3.358270 0.132785 1
5.274645 0.556224 1
5.348751 0.647325 1
5.209572 0.706741 1
4.410639 1.931589 1
5.521235 3.272081 1
5.382433 3.262294 2
2.983404 0.661308 1
4.571433 0.430196 1
4.490055 0.339435 1
4.656291 0.343453 1
4.579339 0.224829 1
3.424379 0.747733 1
4.109686 1.573721 1
4.065104 0.412415 1
4.131865 0.522479 1
4.476840 2.359542 1
4.469009 2.230560 1
5.293349 0.250840 1
4.749104 1.959170 1
3.333333 0.000000 0
3.944605 1.966865 2
5.380229 0.370990 2
5.401428 0.214096 2
3.578319 1.177414 1
2.809502 0.795452 2
2.727676 0.657350 2
2.864636 0.691966 1
5.356595 3.148484 1
4.135249 0.629142 1
5.197884 0.982405 1
5.300575 1.056993 1
4.567456 3.148981 3
5.559829 2.921219 1
5.639620 2.821225 1
5.688493 2.933833 2
5.275603 3.211721 1
2.581689 0.570891 3
2.713194 0.536243 1
3.970571 1.752461 1
5.066491 0.106432 1
5.053280 1.586605 1
5.171651 1.655489 1
4.117604 0.318278 1
5.094077 1.486866 1
4.995025 2.181149 1
5.553351 2.008258 1
5.591503 2.147502 1
5.479326 2.095993 1
3.722780 0.273609 1
5.674036 2.063046 2
5.291018 1.165540 1
4.133654 1.954951 1
4.167809 2.050471 1
3.055556 0.000000 0
2.952795 0.107677 1
4.274614 2.090020 1
3.957970 0.911975 1
3.883708 1.567199 1
3.845217 1.716956 2
5.530718 0.481856 2
5.387472 0.522666 1
4.327531 2.549852 2
4.540211 2.455931 1
4.611162 2.568521 1
3.915571 0.802402 1
5.404268 1.122500 1
5.523998 1.106661 2
5.468201 1.238726 2
4.675114 2.456182 1
4.762679 2.571348 1
3.080878 0.732427 1
3.040666 0.853878 2
3.959123 0.513422 1
5.252491 3.116881 1
3.726347 0.895825 1
3.941152 0.610507 1
4.067390 1.302073 1
4.148262 1.378936 1
4.070376 1.461076 1
5.359257 0.759984 2
4.455444 0.607523 1
4.560836 0.542137 1
4.563451 0.696712 1
4.670970 0.591237 1
3.878421 1.282080 1
5.283319 0.442716 1
4.697741 1.235568 1
5.553119 2.562042 2
5.494925 2.694721 1
5.621850 2.687035 2
5.438052 1.373489 2
5.350778 1.260211 1
3.150005 1.136741 2
3.136050 0.991132 2
3.259067 1.085353 1
5.457215 1.809657 2
5.567788 1.866657 2
5.416706 1.952760 1
4.312671 2.198335 1
4.154537 2.170261 2
4.928566 2.422585 1
4.842820 0.875042 1
4.780706 1.288361 1
5.358227 2.687617 1
5.303451 2.895233 1
5.403417 2.797689 1
5.429600 2.915470 1
4.682758 1.491060 1
4.663811 1.351062 1
4.440127 1.087113 1
4.143056 0.964561 1
3.745319 0.148263 1
5.004983 1.311464 1
2.777778 0.000000 0
2.916667 0.000000 0
2.824630 0.126071 1
3.155647 0.105018 1
4.921088 1.717341 1
4.409590 2.128758 1
4.444445 0.000000 0
4.543991 0.104653 1
4.823249 1.882537 1
5.300817 2.774872 1
5.232052 1.265720 1
4.683551 2.651215 1
3.750000 0.000000 0
4.033442 0.602806 1
5.372931 2.074364 1
5.278401 2.024982 1
5.472854 0.651649 2
5.148560 2.706254 1
3.394670 1.027432 1
3.258112 1.230243 2
3.942056 1.661629 1
3.345389 1.153100 1
4.445385 2.912859 2
5.198067 2.804463 1
5.373013 3.032829 1
5.312334 0.951196 1
5.261732 0.838786 1
3.504400 0.508635 1
3.231197 0.473336 1
3.842282 0.902299 1
3.097116 0.451777 1
4.693324 1.835843 1
5.174839 2.619743 1
4.363525 2.028943 1
5.274411 1.744259 1
5.348793 1.834921 1
5.279668 1.913752 1
4.305555 0.000000 0
4.188107 0.103704 1
4.486003 3.063442 2
4.767579 2.825063 1
3.888889 0.000000 0
3.606921 0.671055 1
4.225101 2.304498 2
3.612837 0.214986 1
4.673587 0.710112 1
4.044223 2.059058 2
4.473945 0.484199 1
4.871843 2.202187 1
4.861111 0.000000 0
5.000000 0.000000 0
4.909756 0.121741 1
4.583333 0.000000 0
4.722222 0.000000 0
4.672441 0.119825 1
4.730761 0.885847 1
5.525003 2.804276 1
4.244239 2.651063 2
5.449541 3.355074 2
3.254211 0.592756 1
4.623531 1.736114 1
4.368527 0.081179 1
5.285372 0.138369 2
4.637472 1.933982 1
5.138889 0.000000 0
5.194705 0.085142 1
4.166667 0.000000 0
4.827893 1.769695 1
4.735635 1.704167 1
4.823543 1.530825 1
4.799692 1.398689 1
4.694332 1.602949 1
2.937374 0.769187 2
4.960206 1.506675 1
3.240989 0.167097 1
5.491444 3.009066 1
3.448032 1.143824 1
4.761513 0.665579 1
3.783251 0.797203 1
3.128230 0.636367 1
4.243562 0.616111 1
5.755952 2.834142 2
4.243294 0.265448 1
4.357610 0.555006 1
4.540840 1.979222 1
4.677654 0.468864 1
4.908827 1.410845 1
4.027778 0.000000 0
3.154818 0.542404 1
5.544065 2.402545 2
4.829906 1.649870 1
4.741789 0.782922 1
4.849654 0.738157 1
5.195613 2.110418 1
5.169352 1.977927 1
4.936807 1.614838 1
4.783470 0.397058 1
4.796529 0.282452 1
3.194444 0.000000 0
4.533991 1.348814 1
5.509090 2.200744 1
5.213384 1.838588 1
4.695080 0.236925 1
4.453945 2.031813 1
2.705536 0.097139 2
2.705582 0.204520 2
5.626534 1.947606 2
5.697073 2.217800 2
5.677823 2.356534 2
5.584702 2.271896 1
5.544936 3.387389 3
5.242271 2.693950 1
4.791667 0.183726 1
4.791667 0.078739 1
5.389285 0.867283 2
5.434222 0.993871 2
4.872369 2.513663 1
2.807389 0.224724 1
5.467221 2.294885 1
3.593017 0.564681 1
3.965343 1.219341 1
4.960452 0.689004 1
4.883244 0.236595 1
2.638889 0.000000 0
5.410939 2.180963 1
5.306698 2.150501 1
4.006957 1.578603 1
5.277778 0.000000 0
3.256537 0.080980 1
3.958333 0.073239 1
5.627527 3.318141 2
5.713305 2.748901 2
 0 1 2
 3 0 2
 4 5 6
 6 5 7
 8 9 10
 9 11 10
 12 13 14
 15 16 17
 18 19 20
 21 22 23
 24 25 26
 27 4 28
 29 30 31
 32 33 34
 18 35 19
 17 16 36
 37 25 24
 38 39 40
 41 42 43
 44 38 40
 45 46 47
 48 49 50
 51 52 53
 52 54 53
 55 56 57
 58 57 56
 59 34 33
 60 45 47
 31 30 61
 62 63 64
 65 66 67
 68 67 66
 69 29 11
 70 71 72
 73 74 75
 76 23 22
 69 2 1
 77 78 63
 79 80 81
 82 75 74
 83 84 85
 4 6 28
 70 72 86
 87 88 89
 90 88 87
 48 91 92
 83 93 84
 44 94 95
 69 96 29
 97 98 99
 100 99 98
 101 60 47
 102 103 104
 62 64 105
 76 106 67
 101 107 60
 108 88 109
 110 111 112
 113 112 111
 36 16 35
 69 114 96
 115 116 22
 117 118 119
 119 118 120
 121 122 123
 22 116 124
 125 126 127
 82 74 128
 102 129 130
 49 131 50
 77 63 132
 32 133 33
 126 99 127
 134 20 19
 135 136 137
 138 26 71
 13 40 39
 121 123 89
 65 67 106
 139 140 141
 109 88 142
 62 143 63
 144 2 8
 145 146 1
 70 86 147
 148 147 86
 18 149 35
 73 150 74
 32 34 151
 152 19 35
 153 154 155
 79 81 156
 157 28 6
 48 158 49
 145 159 160
 153 161 162
 70 163 71
 164 43 42
 61 30 165
 166 15 167
 153 162 154
 168 169 170
 36 170 169
 59 33 171
 172 173 174
 175 174 173
 176 177 178
 27 95 4
 179 161 180
 73 180 161
 169 181 17
 182 16 15
 183 100 98
 176 178 184
 113 185 151
 21 23 186
 187 188 189
 190 188 187
 191 173 192
 139 105 64
 183 193 100
 58 194 195
 153 196 161
 197 198 199
 200 199 198
 18 190 170
 201 165 202
 203 119 120
 135 137 204
 205 206 207
 32 151 185
 41 28 42
 175 208 107
 203 209 104
 102 104 209
 73 161 210
 211 212 213
 191 192 214
 36 35 149
 10 11 215
 216 217 218
 152 35 219
 220 137 136
 51 53 221
 222 223 224
 144 225 2
 197 226 227
 228 50 131
 229 230 231
 232 231 230
 37 24 233
 60 233 24
 90 142 88
 234 96 114
 82 128 7
 235 56 236
 55 236 56
 211 213 174
 237 238 87
 90 87 238
 68 66 239
 108 109 240
 241 51 221
 160 159 242
 68 239 243
 244 243 239
 138 71 245
 36 169 17
 61 165 201
 139 64 156
 79 156 64
 246 247 248
 197 227 249
 71 26 72
 76 67 23
 153 155 250
 27 251 252
 134 19 253
 152 253 19
 254 255 256
 1 146 114
 166 257 227
 187 189 81
 80 187 81
 58 195 230
 232 230 195
 258 259 247
 145 160 260
 65 261 66
 13 39 14
 3 2 225
 262 40 263
 59 264 34
 44 265 94
 266 141 140
 69 9 2
 237 218 217
 267 268 269
 222 224 186
 32 185 270
 37 233 208
 267 271 268
 161 196 210
 27 252 272
 273 3 274
 275 206 276
 274 3 277
 254 256 198
 139 156 140
 148 86 278
 148 137 147
 220 147 137
 191 185 111
 113 111 185
 73 75 180
 103 279 280
 70 209 163
 179 204 137
 281 282 243
 97 99 283
 262 263 85
 97 284 285
 286 112 155
 168 170 190
 102 279 103
 287 288 289
 290 291 285
 101 47 292
 293 292 47
 235 236 294
 185 214 270
 295 17 181
 296 72 26
 112 297 155
 298 299 300
 301 224 223
 13 263 40
 135 165 30
 129 298 300
 302 303 304
 305 304 303
 102 306 129
 68 243 307
 208 233 107
 82 7 308
 77 309 310
 311 310 309
 312 38 313
 314 315 316
 317 318 319
 267 319 318
 320 321 277
 322 123 122
 157 128 323
 5 324 7
 293 47 315
 46 316 315
 44 40 265
 222 23 307
 68 307 23
 77 325 78
 48 50 259
 247 259 50
 326 327 328
 312 39 38
 10 215 329
 330 329 215
 331 202 165
 206 212 207
 205 276 206
 179 162 161
 148 154 332
 176 84 93
 32 333 133
 5 4 334
 335 336 337
 275 338 206
 121 89 88
 302 304 210
 68 23 67
 339 85 84
 290 285 284
 238 340 142
 41 43 224
 21 224 43
 341 342 195
 7 128 6
 343 84 184
 176 184 84
 326 344 327
 27 345 95
 299 30 96
 29 96 30
 286 154 278
 148 278 154
 287 313 272
 285 346 98
 347 133 333
 73 304 150
 157 6 128
 348 294 236
 98 346 183
 349 350 319
 281 351 282
 80 352 168
 138 353 24
 187 80 168
 314 316 354
 355 280 279
 356 354 316
 134 357 193
 168 358 169
 326 169 358
 197 249 359
 102 130 279
 360 251 361
 41 361 251
 175 362 208
 58 230 57
 211 174 363
 296 26 25
 90 238 142
 296 364 72
 211 363 365
 82 202 75
 343 240 366
 79 367 80
 320 277 340
 79 64 78
 63 78 64
 94 334 95
 287 289 313
 129 300 130
 286 155 154
 277 368 340
 369 12 370
 371 319 350
 13 369 263
 203 120 245
 372 194 373
 134 374 357
 179 180 204
 331 204 180
 312 313 289
 330 201 308
 82 308 201
 349 319 269
 18 375 190
 347 376 133
 37 208 377
 320 378 321
 379 53 54
 172 53 192
 379 192 53
 21 186 224
 305 380 304
 381 274 321
 262 265 40
 168 190 187
 216 218 283
 41 224 361
 301 361 224
 57 230 382
 102 209 306
 235 294 151
 108 383 88
 121 88 383
 125 127 357
 100 357 127
 189 188 291
 384 385 386
 387 388 389
 232 195 342
 73 210 304
 46 315 47
 128 390 323
 18 170 149
 267 269 319
 235 151 34
 76 22 124
 258 91 259
 191 214 185
 27 28 251
 41 251 28
 327 391 328
 27 272 345
 134 193 20
 13 12 369
 83 85 263
 99 392 283
 227 226 393
 101 394 107
 295 181 359
 326 359 181
 48 259 91
 10 395 8
 172 221 53
 341 195 396
 66 397 239
 222 186 23
 366 240 398
 302 210 196
 301 223 351
 144 8 395
 138 24 26
 312 14 39
 399 400 261
 336 275 276
 401 372 373
 343 366 402
 403 402 366
 404 329 405
 330 405 329
 10 406 395
 11 31 215
 228 292 407
 293 407 292
 229 382 230
 108 240 184
 343 184 240
 262 408 265
 94 265 408
 409 213 212
 4 95 334
 347 333 54
 97 285 98
 254 328 391
 322 156 81
 197 359 410
 295 359 249
 60 24 45
 343 402 84
 339 84 402
 120 411 245
 326 181 169
 326 328 359
 237 87 284
 290 284 87
 110 377 111
 336 276 337
 69 1 114
 290 89 123
 305 116 412
 115 412 116
 113 151 294
 144 395 366
 145 1 0
 317 370 12
 385 399 261
 48 92 158
 296 413 364
 228 131 414
 55 415 236
 266 140 383
 416 256 255
 86 72 364
 341 387 342
 100 127 99
 58 417 194
 126 392 99
 110 413 25
 296 25 413
 382 302 418
 83 263 369
 236 415 250
 228 414 292
 175 107 394
 52 347 54
 175 173 362
 144 419 225
 29 31 11
 69 11 9
 57 382 418
 229 420 303
 65 386 261
 100 193 357
 94 421 334
 66 261 400
 110 112 413
 286 413 112
 422 401 171
 423 365 363
 183 20 193
 383 140 122
 172 213 221
 77 132 309
 424 309 132
 205 337 276
 404 425 406
 426 427 323
 164 323 427
 154 162 332
 60 107 233
 348 250 155
 70 306 209
 203 163 209
 331 180 75
 138 245 411
 428 177 429
 176 429 177
 385 261 386
 404 408 430
 108 184 178
 157 42 28
 55 57 418
 197 199 226
 431 231 432
 275 433 338
 35 16 219
 172 192 173
 330 215 434
 435 269 268
 97 218 284
 134 253 374
 371 429 436
 231 437 432
 44 95 345
 175 363 174
 305 303 420
 2 9 8
 183 375 20
 74 390 128
 59 194 417
 330 434 201
 404 430 425
 327 325 310
 387 389 342
 200 198 256
 429 93 436
 61 201 434
 211 207 212
 77 310 325
 172 174 213
 311 255 391
 330 324 405
 404 406 329
 59 373 194
 404 405 421
 351 223 282
 195 194 396
 372 396 194
 232 342 389
 190 375 188
 205 158 92
 302 196 418
 222 307 282
 243 282 307
 438 142 340
 215 31 434
 153 415 196
 403 395 406
 409 221 213
 61 434 31
 335 337 439
 440 439 337
 267 441 271
 442 443 444
 445 393 226
 235 264 56
 58 56 417
 37 377 25
 110 25 377
 404 421 408
 228 407 248
 83 369 436
 82 201 202
 222 282 223
 36 149 170
 311 391 310
 446 78 325
 447 448 386
 384 386 448
 183 188 375
 5 334 421
 157 323 42
 164 42 323
 360 252 251
 191 362 173
 447 389 448
 388 448 389
 438 225 419
 424 444 443
 320 238 217
 237 217 238
 313 38 345
 330 308 324
 379 214 192
 290 123 291
 360 449 450
 442 268 271
 379 54 333
 291 188 346
 266 178 177
 197 410 198
 287 450 288
 189 291 451
 179 137 332
 379 333 270
 32 270 333
 94 408 421
 322 140 156
 440 452 92
 44 345 38
 62 453 143
 182 219 16
 111 377 454
 205 92 452
 228 248 50
 403 366 395
 109 398 240
 237 284 218
 211 365 207
 49 207 365
 403 406 425
 348 155 297
 108 178 383
 129 455 298
 229 231 420
 234 114 146
 381 242 159
 18 20 375
 331 75 202
 401 373 171
 305 412 380
 206 338 212
 409 212 338
 166 167 257
 205 452 337
 246 248 407
 322 81 451
 232 389 437
 447 437 389
 254 198 410
 313 345 272
 135 204 165
 331 165 204
 164 456 43
 21 43 456
 46 353 316
 356 316 353
 285 291 346
 191 111 454
 440 337 452
 145 0 273
 381 159 273
 148 332 137
 299 136 30
 135 30 136
 65 457 386
 447 386 457
 145 260 146
 458 335 439
 7 324 308
 101 414 394
 3 368 277
 62 459 453
 435 453 459
 356 353 411
 138 411 353
 431 116 420
 144 366 398
 205 207 158
 49 158 207
 62 460 459
 290 87 89
 423 394 414
 244 239 397
 321 274 277
 305 420 116
 424 453 444
 130 300 461
 234 461 300
 372 341 396
 160 280 260
 355 260 280
 399 462 400
 428 141 177
 266 177 141
 74 150 390
 426 390 150
 97 283 218
 462 397 400
 179 332 162
 62 105 460
 433 241 463
 320 217 378
 216 378 217
 10 329 406
 235 34 264
 203 245 163
 371 370 319
 317 319 370
 431 420 231
 129 306 455
 183 346 188
 356 118 354
 117 354 118
 24 353 45
 168 352 358
 446 358 352
 388 384 448
 442 444 268
 355 461 146
 234 146 461
 381 273 274
 3 225 368
 56 264 417
 59 417 264
 66 400 397
 376 422 464
 435 444 453
 446 344 358
 326 358 344
 426 412 427
 115 427 412
 428 429 350
 426 323 390
 295 249 257
 175 394 363
 287 272 252
 5 405 324
 46 45 353
 428 105 141
 139 141 105
 5 421 405
 145 273 159
 3 273 0
 371 436 370
 369 370 436
 355 146 260
 291 123 451
 266 383 178
 423 363 394
 267 318 441
 241 221 463
 431 432 106
 438 368 225
 320 340 238
 355 279 461
 130 461 279
 113 297 112
 220 298 455
 232 437 231
 262 430 408
 115 456 427
 164 427 456
 247 50 248
 371 350 429
 176 93 429
 189 451 81
 299 96 300
 234 300 96
 409 463 221
 422 171 464
 33 464 171
 431 124 116
 339 430 85
 262 85 430
 379 270 214
 287 252 450
 360 450 252
 227 257 249
 446 367 78
 115 22 456
 21 456 22
 79 78 367
 322 451 123
 423 414 131
 199 465 226
 356 411 118
 120 118 411
 435 268 444
 101 292 414
 65 106 457
 445 226 465
 59 171 373
 438 340 368
 431 106 124
 424 143 453
 76 124 106
 359 328 410
 254 410 328
 311 466 255
 416 255 466
 424 132 143
 304 380 150
 426 150 380
 254 391 255
 339 425 430
 121 383 122
 403 425 402
 339 402 425
 80 367 352
 301 449 361
 360 361 449
 71 163 245
 286 364 413
 348 236 250
 428 350 460
 327 344 325
 70 147 455
 438 419 142
 109 142 419
 322 122 140
 208 454 377
 299 298 136
 106 432 457
 113 294 297
 348 297 294
 295 257 167
 196 415 418
 446 325 344
 153 250 415
 295 167 17
 376 464 133
 33 133 464
 63 143 132
 220 455 147
 70 455 306
 349 460 350
 446 352 367
 49 365 131
 423 131 365
 435 459 269
 349 269 459
 349 459 460
 426 380 412
 409 338 463
 447 432 437
 327 310 391
 55 418 415
 433 463 338
 428 460 105
 15 17 167
 191 454 362
 208 362 454
 286 278 364
 86 364 278
 302 382 303
 229 303 382
 220 136 298
 83 436 93
 144 398 419
 109 419 398
 447 457 432
 0
 0
 0
 0
 9
 166 182 152 445 15 227 253 219 393
 0
 0
 0
 0
 26
 281 442 312 416 301 200 424 244 317 311 243 351 309 271 443 397 318 288 289 256 450 14 12 466 449 441
 5
 258 440 91 92 439
 27
 246 117 125 381 203 258 293 216 247 160 103 126 314 321 119 357 253 104 315 242 283 407 354 378 374 280 392
 0
 0
 4
 200 445 199 465
 0
