480 871
4.792192 8.827494 1
4.900336 8.739722 1
4.900708 8.889679 1
5.018963 8.822566 1
4.518532 9.039821 1
4.623083 9.182564 1
4.474886 9.182805 1
4.643481 9.022559 1
3.984750 9.683025 1
4.081141 9.703469 1
3.991364 9.808573 1
3.044516 8.797724 1
2.927110 8.801484 1
2.978158 8.659540 1
3.125738 8.723030 1
4.154042 9.791286 1
2.511587 9.677944 1
2.365838 9.722083 1
2.355013 9.581230 1
3.642383 7.890832 1
3.511250 7.910295 1
3.556786 7.772664 1
3.421979 7.817657 1
4.690049 8.661431 1
4.815514 8.530622 2
4.799302 8.686742 1
2.389450 8.917956 1
2.507951 8.842249 1
2.535382 9.000408 1
3.948256 8.299196 1
3.843820 8.384261 1
3.843518 8.238039 1
3.734205 8.298347 1
2.232544 9.342650 1
2.231482 9.477139 1
2.118436 9.423791 2
3.850071 9.739372 1
5.033668 8.974723 2
4.887443 9.018431 1
5.160952 8.874516 2
5.117629 9.121278 1
5.054770 9.226753 1
4.976250 9.108380 1
2.988788 8.221578 1
2.848468 8.223381 1
2.938308 8.067600 1
3.081775 8.353309 1
2.937531 8.385432 1
2.634778 9.100739 1
2.751874 9.095387 1
2.661494 9.223904 1
3.611111 10.000000 0
3.472222 10.000000 0
3.516792 9.854188 1
2.809457 9.542949 1
2.863925 9.418609 1
2.953662 9.542715 1
2.807078 9.202169 1
3.641623 9.892745 1
2.456092 9.784729 1
2.601451 8.230957 1
2.705326 8.289047 1
2.563487 8.380516 1
4.992723 9.561673 1
4.955625 9.444233 1
5.100862 9.495233 1
5.104562 9.353175 1
3.099504 7.861408 1
3.087139 7.754130 1
3.246407 7.816896 2
3.455959 8.054653 1
3.603015 8.014289 1
3.522590 8.166489 1
2.826501 8.085840 1
3.357792 9.078940 1
3.207491 9.144413 1
3.270567 9.026120 1
2.580719 9.428445 1
2.584457 9.302958 1
2.726588 9.342508 1
2.583979 7.497101 3
2.759440 7.514537 3
2.666480 7.624243 2
4.134202 8.347101 1
3.981994 8.390379 1
4.054682 8.266901 1
3.600476 8.706468 1
3.692692 8.572439 1
3.757893 8.727348 1
3.167779 7.683233 2
2.339659 9.421269 1
3.350409 9.182704 1
2.610155 8.909194 1
3.841172 8.600904 1
3.907595 8.740753 1
3.835572 8.882611 1
2.684485 8.547401 1
2.845678 8.557736 1
2.742036 8.654783 1
2.753611 9.666281 1
2.642692 9.569966 1
2.685320 8.413293 1
3.426557 8.510435 1
3.487289 8.414026 1
3.542542 8.558068 1
3.612251 8.459483 1
4.752560 9.091887 1
4.753585 9.217464 1
4.921981 8.624599 1
2.796300 8.460410 1
4.255176 8.445662 1
4.310953 8.315970 1
5.214862 8.622054 3
5.107150 8.727748 1
5.044873 8.595980 1
3.215754 9.288006 1
3.364952 9.339704 1
3.637452 8.120075 1
2.523983 9.183787 1
3.714597 9.291065 1
3.848248 9.314283 1
3.702993 9.434791 1
3.857107 9.455001 1
4.050963 8.481641 1
4.659850 8.878281 1
4.771643 8.955138 1
2.799217 7.693826 1
2.923133 7.614957 2
5.248151 9.549439 1
5.089444 9.635806 1
5.225109 9.663507 1
4.864355 9.365487 1
4.799243 9.464533 1
2.638889 10.000000 0
2.500000 10.000000 0
2.564223 9.843437 1
4.549316 8.906294 1
4.595613 8.187726 2
4.448827 8.208036 1
4.511151 8.049745 2
4.694573 8.537153 1
3.441815 8.638124 1
2.449164 9.443862 1
3.928511 9.222762 1
4.074122 9.245570 1
4.003203 9.356768 1
4.888464 9.546127 1
4.344721 9.139347 1
4.397971 9.039911 1
3.484770 8.751163 1
3.326754 8.652893 1
3.258701 8.765776 1
3.199464 8.588102 1
3.862267 9.882134 1
3.039750 9.448254 1
3.510660 7.636990 1
3.447775 7.505364 2
3.627092 7.551364 2
2.654395 8.768534 1
2.535372 8.717549 1
2.466010 8.508545 2
2.438167 8.359035 2
4.557470 9.579404 1
4.409207 9.553614 1
4.558940 9.462377 1
4.451516 9.419845 1
3.667729 8.858192 1
3.031659 8.517939 1
2.703299 9.902945 1
3.131418 8.196046 1
4.635546 8.455350 1
4.588533 8.601883 1
4.478090 8.516355 1
4.180976 9.319201 1
4.115375 9.448175 1
2.881615 9.660957 1
2.809819 8.748355 1
2.774133 8.871576 1
2.906578 8.940297 1
4.911258 9.657254 1
4.263486 9.510584 1
4.325822 9.399570 1
3.910711 9.593875 1
2.991874 7.710558 1
3.063891 7.641549 2
4.386937 7.957093 2
4.280149 8.028477 1
4.251044 7.871155 2
2.507870 9.539163 1
3.474867 9.459817 1
3.348336 9.496619 1
3.496610 9.345310 1
4.938622 9.210174 1
2.705582 9.795480 1
2.643671 9.691219 1
4.341845 9.257669 1
2.218618 9.697988 1
2.203887 9.583989 1
2.222222 10.000000 0
2.083333 10.000000 0
2.155257 9.869110 1
4.079746 9.898533 1
3.463461 9.594523 1
3.323871 9.619709 1
3.404548 9.731742 1
4.083990 8.923274 1
3.944699 8.990733 1
3.989815 8.849579 1
2.388564 9.077755 1
5.019590 9.767318 1
2.793774 7.994339 1
2.686939 7.956045 1
2.792672 7.848142 1
3.754241 9.597116 1
3.162837 7.963872 1
3.595502 9.551279 1
3.532054 9.698666 1
3.990979 9.487936 1
4.346334 9.701820 1
4.437894 9.836925 1
4.289364 9.844871 1
2.930575 9.774561 1
3.023593 9.671023 1
3.057844 9.830734 1
2.740686 8.172968 1
2.023131 9.905187 1
2.416075 8.773869 1
2.439552 8.650907 1
4.387048 8.081140 1
4.226120 9.176881 1
3.181200 9.641978 1
3.292801 9.734212 1
3.139652 9.752715 1
2.138381 9.518966 2
2.699648 8.977465 1
3.649877 9.659216 1
2.929271 8.493922 1
3.358270 9.867215 1
3.282170 7.982706 1
4.193398 8.227467 1
4.153456 7.978736 1
4.177986 8.088549 1
4.026791 8.054142 1
4.579339 9.775171 1
4.491577 9.682027 1
4.655893 9.654855 1
4.447915 8.350212 1
4.308178 8.162348 1
2.626130 8.127058 1
2.983458 9.338620 1
2.891120 7.950875 1
3.537035 9.225267 1
3.434815 9.243501 1
3.455557 9.105533 1
3.018186 7.962210 1
3.026406 8.119363 1
4.443876 8.669430 1
4.581558 8.759679 1
4.106899 8.169879 1
3.333333 10.000000 0
5.397138 9.790697 2
5.287799 9.750173 1
5.389594 9.632672 2
3.532003 8.938999 1
3.589677 9.086582 1
4.105875 9.132679 1
2.897183 9.084881 1
3.007979 9.034867 1
3.109078 8.066141 1
4.056133 9.035362 1
4.352052 8.542392 1
2.860039 9.305372 1
5.102235 8.506653 2
5.407197 9.504215 1
2.709552 9.461353 1
5.151985 9.824062 1
5.070296 9.897686 1
5.311906 9.455657 1
5.147015 9.724869 1
4.257246 8.596165 1
4.145428 8.562978 1
4.314149 8.687351 1
4.001079 8.619575 1
4.472039 8.800057 1
5.361442 9.235927 2
5.230484 9.305805 1
5.261732 9.161214 2
3.815947 9.000827 1
5.444541 9.386308 2
5.323923 9.351140 1
3.019313 8.927312 1
3.172261 8.877253 1
3.142503 9.012094 1
2.794759 8.349617 1
4.449424 9.311433 1
3.055556 10.000000 0
2.958133 9.896220 1
3.209192 8.323812 1
3.142920 8.472559 1
3.251038 8.433955 1
3.384366 7.927693 1
4.998565 8.691900 1
3.338727 8.074183 1
3.722469 9.726491 1
5.153835 9.233645 1
2.660093 7.848749 2
3.640723 8.979976 1
3.764626 7.978360 2
3.963344 8.167383 1
2.811066 8.983169 1
1.944444 10.000000 0
1.805556 10.000000 0
1.903461 9.864985 2
3.081324 9.268017 1
3.041671 9.147126 1
5.513700 9.525151 2
2.029161 9.791840 1
5.215716 9.421371 1
2.864630 8.666462 1
4.106539 8.681413 1
5.416667 10.000000 0
5.389453 9.894346 1
5.510119 9.866122 2
3.269875 8.919956 1
4.859877 9.151567 1
3.349836 7.708594 2
2.578987 8.492351 1
4.368837 8.434118 1
3.715698 8.424626 1
4.531622 8.420821 1
4.562901 8.315740 1
4.711200 8.307444 2
4.031507 7.932813 2
3.711240 7.702978 2
3.758244 7.836802 2
3.668547 7.791031 1
3.995246 9.121576 1
3.745319 9.851737 1
2.916667 10.000000 0
2.777778 10.000000 0
2.830021 9.875804 1
3.155647 9.894982 1
1.928411 9.705174 2
2.075941 9.644622 2
4.444445 10.000000 0
4.543991 9.895347 1
3.345575 8.847124 1
2.197724 9.016069 1
2.107676 8.934102 2
2.247982 8.912095 1
2.158822 8.828609 2
5.215215 8.747265 2
3.750000 10.000000 0
3.312670 8.536125 1
4.250460 8.816812 1
4.368865 8.786231 1
4.325902 8.925805 1
3.555865 8.817285 1
2.503778 8.272970 2
3.713003 8.075606 1
3.734553 8.954844 1
3.394715 8.972930 1
4.698592 8.771091 1
2.412495 9.230323 1
2.304126 9.214216 1
3.096404 9.548437 1
3.224978 9.529265 1
5.194096 9.013437 2
4.213342 9.427270 1
4.127783 8.810086 1
4.209990 8.931535 1
4.148323 8.448848 1
2.911109 7.846158 1
4.305555 10.000000 0
4.186213 9.892676 1
3.888889 10.000000 0
3.608349 9.325408 1
3.505209 8.273164 1
3.356488 8.323774 1
3.612837 9.785014 1
3.919992 8.025494 2
3.651424 9.198225 1
5.000000 10.000000 0
4.861111 10.000000 0
4.913227 9.878787 1
4.030770 8.744462 1
4.722222 10.000000 0
4.583333 10.000000 0
4.672441 9.880175 1
4.068501 9.585863 1
2.940107 9.226430 1
2.070018 9.313602 2
2.171618 9.210989 1
2.361111 10.000000 0
2.288904 9.895423 1
2.436661 9.892396 1
4.565258 9.317526 1
3.087309 8.611466 1
3.625255 8.229438 1
3.361814 8.439623 1
4.212398 8.713079 1
3.249555 9.409588 1
3.618646 8.343740 1
4.368891 9.918979 1
2.162253 9.112062 1
2.058272 9.036160 2
5.284987 9.862564 1
5.138889 10.000000 0
5.198089 9.915951 1
4.166667 10.000000 0
3.823353 8.107009 1
3.801892 8.497043 1
2.263370 9.107443 1
2.301919 9.006825 1
2.338058 8.714190 2
3.240989 9.832903 1
4.433757 8.899753 1
2.288204 8.801998 2
2.819856 9.758503 1
4.973298 8.502631 2
3.580338 9.431469 1
3.721320 9.071493 1
3.862135 9.102349 1
3.279959 8.202665 1
3.221675 8.093870 1
4.671092 9.415395 1
4.757458 9.336107 1
3.125162 9.365748 1
4.743224 8.436479 2
2.366446 9.811171 1
3.785517 9.194808 1
4.174572 9.047209 1
4.249196 9.746644 1
4.290026 9.051939 1
3.603919 7.676636 1
2.018899 9.223706 2
5.277778 10.000000 0
2.126009 9.752971 1
4.670959 9.291055 1
2.698863 8.066895 1
4.679265 9.535705 1
3.155239 9.457389 1
2.460074 9.329252 1
4.027778 10.000000 0
3.408233 8.183514 1
2.580730 8.027303 2
2.559854 7.907807 2
2.064703 9.130988 1
4.783470 9.602942 1
4.796529 9.717548 1
3.194444 10.000000 0
4.693612 9.760940 1
4.306518 9.603655 1
1.952648 9.115278 2
2.347884 9.312045 1
3.916076 8.502984 1
4.163507 9.540902 1
4.207045 9.648600 1
2.633778 8.656528 1
4.791667 9.921261 1
4.791667 9.816274 1
2.269420 9.791131 1
3.733426 8.174810 1
2.508919 8.137167 2
3.451617 8.848603 1
3.451642 7.720843 1
3.008007 7.820422 1
2.898241 7.744026 1
4.961455 9.310482 1
4.886454 9.767436 1
2.686038 7.749208 2
3.256537 9.919020 1
2.552602 8.594373 1
3.320114 7.573364 2
3.408854 7.624741 1
3.962588 9.923513 1
4.850798 9.263067 1
4.140000 7.877362 2
3.375226 8.749762 1
2.352635 8.589117 2
 0 1 2
 2 1 3
 4 5 6
 7 5 4
 8 9 10
 11 12 13
 14 11 13
 10 9 15
 16 17 18
 19 20 21
 22 21 20
 23 24 25
 26 27 28
 29 30 31
 32 31 30
 33 34 35
 36 8 10
 2 37 38
 3 37 2
 39 37 3
 40 41 42
 43 44 45
 43 46 47
 48 49 50
 51 52 53
 54 55 56
 49 57 50
 51 53 58
 16 59 17
 60 61 62
 63 64 65
 66 65 64
 67 68 69
 70 71 72
 45 44 73
 74 75 76
 77 78 79
 80 81 82
 83 84 85
 86 87 88
 89 69 68
 90 34 33
 91 75 74
 92 28 27
 93 94 88
 95 88 94
 96 97 98
 54 99 100
 62 61 101
 102 103 104
 104 103 105
 93 88 87
 5 106 107
 7 106 5
 24 108 25
 96 109 97
 110 83 111
 112 113 114
 115 75 91
 115 91 116
 117 72 71
 118 48 50
 119 120 121
 122 121 120
 123 84 83
 124 125 7
 126 81 127
 65 128 129
 128 130 129
 131 64 132
 29 85 84
 133 134 135
 124 7 136
 137 138 139
 23 140 24
 57 79 50
 104 86 141
 79 78 50
 90 142 18
 118 28 48
 143 144 145
 39 3 113
 132 64 146
 147 148 6
 141 86 149
 143 145 120
 122 120 145
 150 151 152
 14 152 151
 36 10 153
 56 55 154
 155 156 157
 92 27 158
 159 158 27
 160 161 62
 162 163 164
 165 164 163
 148 4 6
 86 88 166
 167 47 46
 133 135 168
 43 169 46
 170 171 172
 173 174 145
 54 56 175
 176 12 177
 12 178 177
 63 129 179
 180 181 163
 36 182 8
 183 127 184
 185 186 187
 165 163 181
 16 18 188
 95 166 88
 189 190 116
 191 189 116
 192 42 41
 193 135 194
 16 194 135
 173 195 181
 196 197 18
 198 199 200
 196 18 17
 126 82 81
 15 201 10
 190 202 203
 204 203 202
 70 20 71
 205 206 207
 95 207 206
 26 28 208
 209 179 129
 210 211 212
 122 182 213
 67 69 214
 215 216 202
 122 145 217
 218 219 220
 221 222 223
 60 224 61
 43 47 44
 36 213 182
 40 42 37
 199 225 200
 159 226 227
 139 138 228
 173 229 195
 230 231 232
 233 35 34
 48 28 234
 92 234 28
 215 235 216
 173 145 144
 97 236 13
 167 13 236
 52 237 53
 238 214 69
 83 239 111
 240 241 242
 243 244 245
 162 245 244
 246 111 138
 247 138 111
 248 224 60
 249 154 55
 210 212 250
 251 252 253
 91 253 252
 45 254 255
 100 99 194
 256 172 171
 124 136 257
 230 203 231
 258 242 241
 63 65 129
 52 259 237
 18 142 188
 260 261 262
 130 262 261
 173 144 229
 263 264 253
 118 208 28
 265 229 144
 266 178 267
 255 254 268
 193 168 135
 240 187 186
 218 244 219
 243 219 244
 205 269 206
 247 239 241
 256 270 172
 90 18 34
 57 271 79
 112 114 272
 262 128 273
 77 79 274
 209 275 276
 277 273 128
 209 278 275
 110 279 280
 256 281 270
 93 282 94
 279 270 281
 251 191 252
 16 188 100
 77 100 188
 257 136 283
 284 285 286
 130 128 262
 95 206 287
 284 288 289
 290 291 292
 293 47 109
 6 195 147
 159 27 226
 122 213 121
 170 140 171
 6 294 195
 256 171 257
 295 296 223
 46 297 298
 298 297 299
 238 69 300
 22 300 69
 1 301 3
 54 274 55
 18 197 34
 79 55 274
 70 302 300
 36 303 213
 66 304 285
 215 121 213
 305 212 211
 263 306 264
 19 307 71
 258 308 242
 309 178 266
 1 25 108
 310 311 312
 115 313 75
 314 75 313
 86 104 87
 105 87 104
 315 262 273
 316 200 225
 14 151 291
 66 317 65
 251 253 264
 97 13 318
 319 282 280
 320 321 322
 291 323 292
 293 44 47
 76 292 323
 47 236 109
 167 46 298
 38 42 324
 268 254 214
 29 84 30
 191 116 252
 92 158 177
 22 69 325
 38 324 106
 160 62 326
 70 300 20
 246 172 327
 95 94 207
 7 4 136
 32 30 328
 123 280 282
 213 303 235
 246 329 172
 170 172 329
 170 330 331
 247 241 186
 240 242 332
 223 222 232
 314 292 75
 333 334 335
 176 318 12
 13 12 318
 124 0 125
 143 336 144
 221 223 296
 36 153 337
 338 339 340
 295 223 341
 291 151 323
 105 328 87
 316 342 343
 66 41 304
 344 219 345
 346 323 151
 66 285 317
 347 348 349
 350 349 348
 39 113 351
 263 166 306
 352 337 153
 102 141 353
 16 135 59
 354 355 356
 67 214 254
 86 166 357
 60 62 358
 263 357 166
 307 359 71
 95 360 166
 1 0 25
 316 312 342
 290 11 291
 14 291 11
 110 270 279
 263 253 361
 124 362 0
 92 177 234
 7 125 106
 118 363 208
 364 208 363
 230 365 366
 230 366 203
 3 301 113
 40 367 286
 173 181 368
 43 45 255
 122 217 182
 205 369 370
 354 370 369
 123 83 371
 110 371 83
 372 250 212
 373 374 220
 375 352 153
 251 376 191
 377 103 378
 379 58 53
 379 53 216
 204 216 53
 239 85 258
 83 85 239
 242 380 332
 205 207 369
 19 334 307
 251 264 381
 382 383 384
 319 385 282
 386 387 388
 23 257 171
 243 345 219
 389 8 182
 275 278 261
 76 75 292
 54 100 274
 314 390 266
 57 266 390
 285 304 286
 63 146 64
 391 392 33
 16 100 194
 150 353 141
 393 394 395
 40 37 367
 6 5 396
 167 397 13
 14 13 397
 46 169 297
 377 72 398
 378 103 399
 279 400 280
 319 280 400
 77 274 100
 293 61 44
 224 44 61
 207 385 369
 115 116 401
 377 398 402
 389 182 217
 204 53 237
 215 213 235
 94 282 385
 344 403 219
 347 404 405
 275 261 406
 347 405 348
 134 395 135
 290 267 178
 249 390 313
 314 313 390
 185 139 228
 284 289 285
 23 362 257
 124 257 362
 407 276 408
 114 113 301
 295 338 296
 373 409 374
 410 380 308
 242 308 380
 87 328 411
 364 412 208
 410 307 380
 410 359 307
 238 300 302
 26 208 413
 414 227 226
 170 329 330
 150 152 353
 299 353 152
 415 232 231
 352 58 337
 416 356 355
 38 106 125
 26 349 417
 91 74 253
 418 175 221
 99 175 418
 299 152 298
 218 163 244
 162 244 163
 176 158 98
 193 194 99
 114 419 272
 152 397 298
 215 189 420
 119 121 376
 198 200 394
 26 417 226
 338 340 296
 364 33 392
 421 287 422
 423 169 424
 268 424 169
 425 426 132
 131 132 426
 110 280 371
 86 357 149
 249 427 154
 425 164 396
 165 396 164
 170 331 428
 167 298 397
 258 241 239
 429 395 394
 421 422 430
 407 382 276
 54 175 99
 209 129 278
 205 370 431
 299 297 378
 423 378 297
 14 397 152
 249 313 427
 218 220 432
 387 344 345
 256 257 283
 423 297 169
 195 229 147
 433 147 229
 333 434 157
 391 435 392
 119 381 430
 421 430 381
 205 431 269
 389 217 174
 145 174 217
 195 294 181
 165 181 294
 320 436 321
 436 406 321
 429 17 59
 316 437 200
 352 51 58
 190 401 116
 425 396 438
 118 50 78
 215 202 189
 265 431 229
 433 229 431
 224 248 439
 6 396 294
 416 4 148
 314 267 292
 112 351 113
 162 164 440
 209 276 384
 137 331 330
 137 330 138
 246 138 330
 275 408 276
 119 430 120
 143 120 430
 441 366 365
 118 78 442
 77 142 442
 409 443 201
 224 73 44
 204 237 231
 221 296 340
 377 378 444
 423 444 378
 91 252 116
 38 125 2
 247 228 138
 23 171 140
 97 318 98
 102 104 141
 445 446 211
 364 392 412
 447 392 435
 233 197 343
 354 356 370
 382 384 276
 167 236 47
 191 420 189
 268 169 255
 43 255 169
 172 270 327
 309 266 49
 57 49 266
 38 37 42
 176 177 158
 448 449 245
 450 295 341
 114 301 108
 204 202 216
 245 449 451
 77 188 142
 45 73 250
 190 203 366
 425 440 164
 258 85 308
 96 101 109
 105 402 328
 32 328 402
 196 343 197
 387 345 388
 180 163 452
 447 435 453
 90 33 454
 364 454 33
 230 232 222
 165 294 396
 416 136 4
 392 404 412
 204 231 203
 77 442 78
 90 442 142
 102 399 103
 265 144 336
 210 250 73
 123 282 455
 90 454 442
 15 220 374
 118 442 363
 219 403 220
 373 220 403
 243 388 345
 277 317 289
 285 289 317
 238 424 214
 268 214 424
 389 456 457
 15 432 220
 196 437 343
 316 343 437
 389 457 9
 305 211 446
 260 322 321
 0 2 125
 415 231 237
 277 289 288
 339 168 340
 193 340 168
 185 228 186
 247 186 228
 309 177 178
 119 376 381
 251 381 376
 218 452 163
 22 20 300
 393 198 394
 130 261 278
 159 458 158
 249 271 390
 383 459 384
 460 384 459
 277 288 273
 315 273 288
 134 393 395
 290 12 11
 190 189 202
 460 459 388
 386 388 459
 105 103 402
 377 402 103
 350 417 349
 180 457 456
 114 108 419
 293 101 61
 416 283 136
 15 9 457
 218 457 452
 180 452 457
 19 71 20
 379 337 58
 379 216 235
 15 457 432
 218 432 457
 423 302 444
 391 33 35
 200 437 461
 410 462 359
 421 360 287
 379 303 337
 36 337 303
 93 87 411
 60 358 463
 196 461 437
 29 31 308
 410 308 31
 314 266 267
 247 111 239
 155 157 434
 210 73 439
 224 439 73
 176 98 318
 121 420 376
 193 99 418
 346 464 361
 263 361 464
 230 222 365
 56 365 222
 96 326 101
 62 101 326
 410 31 462
 32 462 31
 249 55 271
 396 5 438
 290 292 267
 97 109 236
 421 306 360
 162 440 245
 107 106 324
 155 21 465
 22 465 21
 416 148 356
 299 378 399
 309 234 177
 425 438 426
 183 466 467
 57 390 271
 1 108 301
 409 201 374
 223 232 341
 415 341 232
 193 418 340
 460 388 451
 243 451 388
 389 174 456
 173 368 174
 447 453 405
 199 310 225
 126 127 467
 183 467 127
 192 41 468
 66 468 41
 215 420 121
 310 312 225
 221 340 418
 123 455 84
 19 21 335
 246 327 111
 110 111 327
 290 178 12
 460 469 384
 209 384 469
 339 133 168
 95 287 360
 316 225 312
 93 455 282
 346 361 323
 76 323 361
 115 401 427
 70 444 302
 448 440 132
 206 336 422
 155 434 21
 221 175 222
 56 222 175
 62 161 358
 45 250 254
 260 406 261
 158 458 98
 441 427 401
 126 467 212
 372 212 467
 425 132 440
 32 402 398
 344 373 403
 372 466 254
 67 254 466
 436 407 408
 436 408 406
 354 281 355
 126 470 82
 347 349 413
 26 413 349
 433 370 356
 259 450 471
 260 321 406
 192 324 42
 159 227 472
 160 472 227
 96 98 458
 423 424 302
 143 422 336
 240 186 241
 448 245 440
 29 308 85
 130 278 129
 253 74 361
 354 369 400
 319 400 369
 383 386 459
 473 156 474
 155 474 156
 256 283 355
 275 406 408
 443 375 475
 24 140 428
 170 428 140
 473 474 325
 22 325 465
 445 248 463
 372 467 466
 354 400 281
 32 398 462
 0 362 25
 131 426 476
 107 476 426
 206 422 287
 94 385 207
 445 211 439
 240 477 187
 93 411 455
 421 264 306
 76 361 74
 433 431 370
 117 398 72
 190 366 401
 433 148 147
 126 212 470
 305 470 212
 277 128 317
 65 317 128
 30 455 411
 26 226 27
 441 401 366
 259 471 237
 448 179 449
 19 335 334
 389 9 8
 70 72 444
 377 444 72
 346 151 478
 150 478 151
 372 254 250
 243 245 451
 421 381 264
 117 71 359
 150 141 478
 149 478 141
 192 468 476
 131 476 468
 79 271 55
 415 237 471
 10 201 475
 443 475 201
 24 419 108
 414 479 227
 448 132 146
 293 109 101
 447 405 404
 123 371 280
 180 456 368
 174 368 456
 379 235 303
 265 269 431
 143 430 422
 131 468 64
 66 64 468
 48 234 49
 309 49 234
 60 463 248
 441 154 427
 445 439 248
 246 330 329
 209 469 179
 135 395 59
 429 59 395
 117 462 398
 30 411 328
 110 327 270
 115 427 313
 346 478 464
 149 464 478
 333 335 434
 21 434 335
 447 404 392
 149 357 464
 263 464 357
 15 374 201
 180 368 181
 448 146 179
 96 458 472
 238 302 424
 40 286 304
 160 227 479
 63 179 146
 107 324 476
 200 461 394
 183 68 466
 429 394 461
 40 304 41
 208 412 413
 347 413 412
 233 34 197
 210 439 211
 160 326 472
 107 438 5
 206 269 336
 23 25 362
 183 184 68
 89 68 184
 30 84 455
 240 332 477
 117 359 462
 347 412 404
 191 376 420
 179 469 449
 166 360 306
 299 399 353
 102 353 399
 256 355 281
 319 369 385
 265 336 269
 10 475 153
 375 153 475
 441 365 154
 56 154 365
 107 426 438
 442 454 363
 416 355 283
 429 461 17
 196 17 461
 433 356 148
 415 471 341
 460 451 449
 192 476 324
 450 341 471
 159 472 458
 364 363 454
 414 226 417
 96 472 326
 279 281 400
 155 465 474
 325 474 465
 67 466 68
 460 449 469
 25
 333 473 137 112 185 89 81 24 69 139 307 331 157 325 187 156 419 334 127 428 332 380 272 184 477
 0
 0
 12
 315 39 284 112 260 262 37 288 322 367 286 351
 0
 2
 80 81
 0
 24
 80 414 391 350 445 233 160 305 343 312 348 453 463 342 161 82 446 470 35 479 435 417 358 405
 0
 0
 0
 0
 0
 0
 0
 0
