486 873
5.221864 8.314909 1
5.194563 8.453780 1
5.103426 8.308444 1
5.039473 8.409187 1
4.843771 7.742307 1
4.766234 7.666049 1
4.942622 7.631082 1
6.324848 6.482803 2
6.340768 6.646847 2
6.250611 6.565264 1
4.821928 7.549235 1
4.623034 6.302894 2
4.483908 6.449684 1
4.452465 6.301439 2
4.711200 8.307444 2
4.741633 8.163024 1
4.860852 8.234040 1
4.410115 6.599568 1
4.332772 6.515707 1
4.330570 6.401648 1
3.720820 6.912322 2
3.724187 6.781441 2
3.827966 6.839842 1
4.835890 8.349513 1
5.782885 4.915845 1
5.654538 5.009116 1
5.613523 4.876764 1
5.510816 4.964171 1
5.222429 5.423650 1
5.284202 5.287165 1
5.358247 5.399813 1
4.595613 8.187726 2
4.511151 8.049745 2
4.657690 8.056572 1
6.296477 6.291746 1
6.178900 6.299035 1
6.199009 6.150740 1
4.770121 6.206210 2
4.738197 6.044947 2
4.844717 6.127686 1
5.087639 5.919766 1
5.172787 6.042550 1
5.027209 6.035408 1
4.543251 6.941085 1
4.651010 6.849020 1
4.676975 7.006541 1
3.711240 7.702978 2
3.753700 7.593210 1
3.852340 7.744352 1
5.219138 6.610251 1
5.205322 6.783471 1
5.094726 6.711517 1
3.880420 7.593835 1
4.209164 6.676344 1
4.083702 6.608777 1
4.210244 6.520789 1
4.047033 6.461767 2
5.326624 8.394687 1
5.455002 8.323562 2
5.448535 8.493784 2
5.281036 8.087737 1
5.183760 7.973964 1
5.325183 7.953028 1
5.229473 7.854873 1
5.602718 6.699167 1
5.685526 6.823863 1
5.533053 6.801820 1
6.124452 5.399304 1
6.250869 5.309196 2
6.212828 5.480120 2
6.232662 6.425375 1
6.375656 6.392724 2
4.176283 7.510770 1
4.021476 7.534031 1
4.107207 7.367772 1
3.968200 7.421478 1
2.824404 7.342330 2
2.908478 7.476202 1
2.759440 7.514537 3
5.146527 5.660914 1
5.281844 5.563485 1
5.260324 5.714407 1
4.007149 7.706590 1
5.458508 4.842330 2
4.928938 8.408052 1
4.815514 8.530622 2
5.128078 5.529068 1
3.245531 7.230278 1
3.155838 7.313945 1
3.091022 7.181091 2
2.952770 7.357646 1
3.067519 7.422348 1
5.427352 5.250156 1
5.711236 4.758887 3
5.317335 8.524278 1
3.030931 7.537596 1
5.448219 6.482357 1
5.550116 6.335684 1
5.598416 6.473492 1
5.385935 6.762380 1
5.444646 6.913848 1
3.045278 7.292064 1
3.892871 7.484823 1
5.285058 6.963790 1
5.303810 6.851843 1
5.664499 7.207910 2
5.646004 7.361714 2
5.534051 7.227073 1
5.494450 7.360512 1
5.330009 6.659079 1
4.374683 7.131568 1
4.237511 7.038578 1
4.349758 7.017886 1
5.704483 6.374544 1
4.218152 7.147321 1
5.749829 6.701849 1
4.566793 6.573065 1
4.145229 7.234875 1
4.059261 7.122772 1
6.086353 6.241210 1
4.813176 7.911351 1
4.948983 7.864202 1
5.057843 6.603064 1
5.204967 6.904642 1
5.076235 6.911542 1
5.040743 7.991185 1
5.087064 7.877637 1
5.892580 6.036529 1
5.829604 5.902960 1
5.930879 5.901834 1
6.348769 6.192240 2
3.559541 7.424548 1
3.627092 7.551364 2
3.447775 7.505364 2
5.054564 6.800837 1
5.635381 6.053502 1
5.708464 6.179259 1
5.580335 6.184878 1
5.087629 7.126500 1
5.238856 7.112688 1
5.122115 7.262406 1
5.279744 7.252313 1
5.452739 5.522282 1
5.566566 4.755843 2
4.534422 7.490746 1
4.536436 7.376394 1
4.672927 7.475581 1
4.652640 7.350923 1
4.633508 5.739126 2
4.696230 5.614021 2
4.783075 5.736701 1
4.834458 7.281233 1
4.974308 7.230979 1
4.991446 7.348893 1
5.115304 7.631296 1
5.248849 7.594256 1
5.241812 7.726308 1
5.307677 5.989727 1
5.244080 6.136095 1
4.800302 5.598439 1
4.973298 8.502631 2
3.063891 7.641549 2
2.923133 7.614957 2
5.214862 8.622054 3
4.743224 8.436479 2
4.900292 7.423846 1
5.125394 7.766198 1
5.374543 7.049115 1
4.576108 7.607667 1
5.568016 7.505361 2
5.421016 7.473299 1
4.974689 6.722596 1
4.848577 6.738701 1
4.914988 6.591507 1
4.793907 6.642322 1
4.121198 7.040025 1
4.886099 5.298410 1
4.771914 5.224289 3
4.890870 5.132880 2
4.711037 7.794382 1
5.479351 5.804839 1
5.619124 5.899089 1
5.482297 5.971089 1
4.598866 7.059680 1
6.175334 6.712549 2
5.582434 7.111613 1
5.730698 7.082888 2
6.462371 6.286243 3
4.613519 6.446199 1
2.942381 7.236932 2
4.971705 8.284924 1
4.976001 8.131276 1
4.882155 5.653976 1
5.004355 5.621849 1
4.936058 5.781611 1
5.055205 5.730065 1
6.127608 5.195673 1
6.223165 5.123343 2
3.720242 7.024384 1
3.818640 6.978978 1
3.808242 7.139900 1
5.338184 6.231318 1
5.399867 6.102345 1
5.459824 6.216411 1
5.878323 6.748794 1
6.016706 6.747408 1
5.954902 6.877563 2
5.838029 4.800569 2
5.135509 6.219526 1
5.055723 6.299394 1
4.986338 6.169107 1
5.848434 6.998054 2
5.808165 6.849018 1
4.955557 6.285827 1
5.740473 5.837762 1
5.763447 5.978761 1
5.396432 5.675292 1
6.095220 6.845009 2
4.468042 7.715165 1
4.502781 7.876628 1
4.367325 7.805503 1
5.725727 6.942658 1
4.584562 7.758676 1
6.011650 5.978821 1
6.076811 4.962896 1
6.038838 5.092997 1
5.911179 5.023998 1
5.523358 5.669412 1
5.322007 5.177429 1
5.768535 6.088666 1
4.774349 6.316844 1
6.317267 6.096814 2
4.771996 6.822196 1
4.921848 6.875056 1
4.776976 6.939325 1
5.106018 6.117599 1
3.758244 7.836802 2
5.280290 6.342507 1
5.411267 6.342228 1
5.295508 6.477823 1
5.156132 5.318573 1
4.386937 7.957093 2
3.481774 7.339940 1
3.377903 7.389180 1
4.581967 7.159510 1
4.698600 7.260993 1
4.564543 7.276639 1
5.669859 5.435611 1
5.576156 5.295096 1
5.721006 5.298769 1
5.989936 6.513116 1
6.079998 6.386104 1
6.131536 6.546044 1
5.930738 4.904496 1
4.965833 5.912179 1
4.715678 7.142967 1
3.910329 7.913257 1
5.072101 8.187603 1
4.767055 5.487215 2
4.772575 5.352796 2
4.897430 5.420352 1
5.946052 6.642387 1
5.577623 5.550125 1
5.305802 8.228199 1
4.707977 7.588343 1
4.770649 7.392766 1
5.097023 7.394842 1
5.804010 5.401198 1
3.919438 7.045442 1
4.951414 7.741698 1
3.219912 7.099728 2
5.019200 7.792492 1
4.045402 7.234003 1
5.626664 7.003680 1
5.004020 5.485520 1
5.105770 5.420438 1
5.425395 8.066589 1
3.764626 7.978360 2
6.197004 5.609816 2
6.176824 5.767386 2
6.110510 5.681526 1
4.597871 7.963859 1
5.666567 5.153465 1
5.531351 5.169324 1
5.788845 5.072317 1
4.979389 5.225710 1
5.810320 5.634842 1
5.925596 5.599349 1
5.888014 5.768173 1
5.180929 8.201887 1
6.001570 5.691066 1
5.733994 5.716205 1
5.693315 5.570797 1
4.856603 7.145395 1
5.447165 8.199057 1
4.900376 8.008267 1
5.368001 7.803230 2
5.149235 6.503205 1
4.142662 7.770654 1
4.062350 7.835704 1
5.342384 7.156353 1
5.608884 5.769507 1
6.065762 6.644947 1
5.281466 7.474548 1
5.354449 7.365193 1
4.872307 7.020385 1
6.062716 5.543975 1
4.252996 7.294376 1
4.354853 7.244166 1
4.836123 5.901148 1
6.045297 6.091761 1
5.020481 7.500053 1
4.783399 8.029253 1
5.384756 8.631455 2
4.251044 7.871155 2
5.001524 7.020991 1
5.957688 6.180433 1
5.944004 4.749156 2
5.261233 5.065129 2
5.372214 4.965160 2
5.429159 5.090853 1
6.091345 5.299238 1
3.167779 7.683233 2
3.263058 7.656786 1
3.246407 7.816896 2
4.701678 5.877624 2
5.449233 7.590049 2
4.187191 6.370886 2
4.303561 6.275100 2
5.233618 6.250854 1
3.953669 7.810437 1
4.888825 6.027974 1
5.545734 5.434110 1
4.921330 7.526054 1
5.375283 5.875870 1
5.038819 5.830047 1
5.102235 8.506653 2
4.852577 8.123547 1
4.963239 7.116050 1
3.755050 7.484173 1
3.678781 7.358489 1
3.839210 7.390600 1
3.572624 7.136677 1
3.620426 6.995499 2
3.674249 7.116525 1
3.512885 7.022688 2
4.031507 7.932813 2
6.236439 5.984707 2
5.513087 7.016447 1
5.599947 6.895392 1
3.924407 6.778689 1
3.918741 6.904608 1
5.466787 5.362625 1
4.231218 7.410373 1
4.380692 6.783002 1
4.327588 6.682076 1
4.485376 6.682701 1
5.622384 5.656478 1
4.282556 6.957081 1
4.143545 6.940578 1
4.203537 6.832942 1
4.446509 7.322335 1
4.440694 7.457618 1
5.209591 7.373124 1
5.267864 5.847190 1
5.149359 5.806612 1
4.701714 6.395284 1
3.969505 6.572711 2
5.775057 6.563979 1
5.705297 6.482441 1
5.842587 6.430380 1
4.347909 7.403681 1
5.351101 5.778658 1
4.102388 6.731255 1
4.042965 6.835967 1
5.193571 5.926731 1
5.154410 7.012564 1
3.919992 8.025494 2
3.914390 6.657681 1
3.826000 6.707777 2
3.838081 6.567790 2
6.049241 5.823913 2
5.533744 6.581156 1
5.557873 5.064461 1
3.578867 7.278636 1
6.107842 5.934070 2
5.124939 8.088936 1
4.291726 6.598414 1
5.778348 6.292717 1
5.895851 6.288805 1
5.344021 7.672044 1
5.460635 7.695292 2
5.462663 7.912985 2
5.571858 7.994799 2
5.348897 7.561344 1
4.476462 7.048297 1
4.404589 6.915154 1
4.689008 6.623161 1
4.802021 6.536401 1
4.692145 6.510069 1
3.770442 7.300319 1
5.648269 6.275876 1
4.251238 7.728322 1
5.515975 6.101072 1
3.704860 7.213806 1
3.874635 7.269837 1
5.791789 5.519647 1
4.141549 7.641022 1
3.971478 7.312364 1
4.667230 7.685610 1
4.614072 7.870597 1
5.911627 5.479372 1
4.361379 7.659491 1
4.454059 7.580986 1
3.182489 7.548820 1
3.205936 7.420095 1
5.881123 6.555159 1
4.357193 7.543555 1
3.349836 7.708594 2
4.140000 7.877362 2
5.089581 5.223879 1
5.208089 5.193843 1
5.477098 6.708196 1
5.923215 5.140003 1
5.802876 5.196856 1
4.504460 6.802976 1
6.134613 6.033668 1
5.028214 7.709449 1
3.943378 7.179153 1
5.436562 6.612066 1
4.309435 6.850822 1
6.010065 5.411418 1
3.305654 7.465668 1
5.018191 5.345380 1
4.001836 6.698579 1
4.286083 6.765038 1
6.036800 4.862010 1
4.595124 6.705735 1
3.350084 7.183947 1
3.340920 7.072015 2
5.960152 6.379493 1
6.130311 4.813898 2
6.177315 4.920896 2
5.821927 5.301469 1
4.712487 6.733693 1
5.209268 6.416811 1
5.162119 7.494687 1
4.022027 6.978586 1
5.102062 6.414493 1
5.008130 6.495294 1
3.320114 7.573364 2
6.143450 5.044470 2
5.554943 8.137086 2
4.776282 7.054303 1
3.467101 7.227109 1
5.345887 6.568316 1
5.402276 7.244334 1
4.464261 7.193318 1
5.020781 5.135246 2
5.126162 5.097726 2
3.440204 7.103339 2
5.846077 6.642434 1
5.994973 6.290595 1
4.894711 5.543684 1
5.450286 7.125034 1
4.258708 7.599420 1
6.075419 4.729247 3
5.987270 5.305165 1
5.907853 5.249306 1
3.652785 7.454267 1
5.363317 8.144968 1
5.906826 5.361221 1
3.366880 7.285813 1
3.278885 7.344421 1
4.901669 6.452595 1
4.274262 7.493560 1
5.544349 8.245235 2
5.660082 6.583299 1
4.698055 7.935896 1
4.799413 6.423173 1
4.984843 6.382586 1
5.837869 6.177964 1
5.170027 6.324827 1
6.015219 5.208495 1
4.880465 6.349662 1
4.866957 6.236947 1
 0 1 2
 2 1 3
 4 5 6
 7 8 9
 5 10 6
 11 12 13
 14 15 16
 17 18 12
 19 12 18
 20 21 22
 23 14 16
 24 25 26
 27 26 25
 28 29 30
 31 32 33
 34 35 36
 37 38 39
 40 41 42
 43 44 45
 46 47 48
 49 50 51
 48 47 52
 53 54 55
 56 55 54
 57 58 59
 60 61 62
 63 62 61
 57 1 0
 64 65 66
 67 68 69
 70 34 71
 72 73 74
 75 74 73
 76 77 78
 79 80 81
 82 52 73
 28 30 80
 27 83 26
 23 84 85
 86 80 79
 87 88 89
 77 90 91
 92 30 29
 24 26 93
 57 94 1
 95 77 91
 96 97 98
 99 66 100
 101 89 88
 52 102 73
 103 104 100
 99 100 104
 105 106 107
 108 107 106
 99 50 109
 49 109 50
 110 111 112
 113 98 97
 110 114 111
 64 115 65
 17 12 116
 114 117 118
 119 36 35
 120 4 121
 49 51 122
 50 123 124
 125 121 126
 127 128 129
 34 36 130
 131 132 133
 134 50 124
 135 136 137
 138 139 140
 141 140 139
 142 80 30
 26 83 143
 144 145 146
 147 146 145
 148 149 150
 151 152 153
 154 155 156
 157 158 41
 149 159 150
 85 84 160
 95 161 162
 163 1 94
 23 85 164
 151 153 165
 154 156 166
 103 100 167
 82 48 52
 144 146 168
 99 104 50
 108 169 170
 171 172 173
 174 173 172
 175 114 118
 176 177 178
 120 179 4
 180 181 182
 135 182 181
 43 45 183
 184 9 8
 31 33 15
 105 185 186
 187 71 34
 11 188 12
 101 189 89
 190 16 191
 192 193 194
 195 194 193
 196 197 68
 19 13 12
 198 199 200
 138 140 152
 201 202 203
 57 59 94
 204 205 206
 70 35 34
 203 137 97
 24 93 207
 208 209 210
 211 212 206
 213 210 209
 214 215 181
 135 181 215
 142 216 80
 81 80 216
 205 217 206
 218 219 220
 211 221 212
 218 222 219
 127 129 223
 224 225 226
 142 227 216
 171 173 122
 204 212 115
 92 29 228
 158 202 201
 135 229 136
 65 115 212
 11 37 230
 231 130 36
 232 233 234
 208 235 158
 46 48 236
 237 238 239
 96 239 238
 76 189 90
 28 240 29
 108 106 169
 241 219 32
 242 131 133
 243 242 133
 244 245 246
 247 248 249
 250 251 252
 70 252 251
 224 226 253
 187 34 130
 40 42 254
 244 255 245
 152 140 153
 256 236 48
 257 190 191
 258 259 260
 45 44 234
 204 261 205
 142 262 227
 95 162 77
 57 0 263
 146 264 168
 147 265 146
 266 153 140
 247 249 267
 127 215 128
 103 167 139
 268 200 199
 158 235 41
 4 269 121
 87 89 270
 157 202 158
 271 126 121
 272 118 117
 273 186 185
 274 275 86
 60 62 276
 256 277 236
 147 245 265
 278 279 280
 32 219 281
 57 263 58
 282 248 283
 92 283 248
 282 25 284
 24 284 25
 176 178 285
 286 287 288
 79 195 193
 0 2 289
 2 257 289
 28 80 86
 290 288 287
 286 291 292
 10 265 165
 151 293 152
 176 260 259
 184 217 205
 294 58 263
 125 295 121
 63 296 62
 49 122 297
 82 298 299
 274 86 193
 139 167 300
 244 183 255
 45 255 183
 214 181 301
 78 77 162
 24 253 226
 250 302 261
 303 304 170
 108 170 304
 305 234 233
 67 69 306
 278 306 69
 307 114 308
 110 308 114
 309 194 254
 119 310 36
 250 252 302
 86 79 193
 165 153 311
 33 312 15
 75 73 102
 232 172 233
 163 94 313
 241 314 220
 50 134 51
 305 233 315
 124 315 233
 171 122 51
 119 316 310
 208 210 235
 10 146 265
 266 311 153
 317 253 207
 318 319 320
 67 321 68
 322 323 324
 24 226 284
 309 325 150
 170 169 326
 19 327 328
 28 86 275
 208 158 329
 92 228 320
 82 299 330
 42 210 331
 247 332 248
 10 165 333
 151 255 293
 192 150 159
 180 182 334
 157 334 182
 194 335 254
 163 336 1
 337 15 312
 305 338 293
 309 38 325
 339 340 341
 290 306 280
 127 223 310
 342 343 344
 345 343 342
 256 330 346
 231 36 347
 92 320 283
 273 348 349
 22 350 351
 70 71 7
 307 74 117
 305 315 338
 214 301 291
 196 68 321
 299 346 330
 142 30 352
 232 234 44
 148 150 325
 100 349 348
 184 252 9
 307 353 74
 138 152 338
 354 355 356
 357 292 291
 358 359 360
 361 145 362
 19 55 327
 303 363 304
 141 304 363
 81 364 365
 24 207 253
 11 230 366
 56 54 367
 96 238 97
 184 205 302
 368 369 370
 4 6 269
 247 262 332
 361 362 371
 154 6 311
 180 372 216
 53 360 373
 374 373 360
 40 375 41
 138 315 376
 124 376 315
 82 330 48
 256 346 377
 33 32 281
 56 327 55
 378 379 380
 203 97 238
 157 182 202
 290 381 288
 129 288 381
 113 369 98
 39 331 210
 358 112 111
 151 165 265
 290 287 306
 27 320 319
 96 98 382
 198 200 344
 157 364 334
 278 280 306
 282 383 25
 309 150 194
 192 194 150
 279 381 280
 92 248 352
 127 310 316
 256 48 330
 131 384 340
 385 223 381
 129 381 223
 125 386 191
 286 288 291
 113 370 369
 53 55 387
 361 371 308
 307 308 371
 113 388 370
 389 370 388
 142 352 332
 390 391 296
 31 15 14
 22 379 350
 103 139 376
 62 296 392
 214 291 288
 337 191 16
 27 383 320
 62 392 276
 393 276 392
 303 170 394
 157 375 364
 151 265 245
 43 395 396
 174 397 398
 399 398 397
 340 400 341
 113 97 401
 402 220 314
 53 373 54
 203 403 137
 125 191 295
 271 121 269
 402 314 298
 17 116 356
 404 200 400
 405 400 200
 247 292 262
 286 292 406
 282 283 383
 138 376 139
 272 117 74
 82 407 298
 211 186 221
 273 221 186
 272 74 408
 75 408 74
 409 179 222
 410 222 179
 411 287 406
 286 406 287
 256 377 277
 218 412 413
 171 233 172
 3 1 336
 318 320 228
 135 215 229
 95 91 414
 415 414 91
 72 407 73
 82 73 407
 290 280 381
 70 9 252
 282 249 248
 19 328 13
 157 41 375
 81 372 364
 97 137 401
 368 370 416
 135 403 182
 417 413 412
 101 90 189
 324 323 418
 395 112 396
 411 306 287
 72 74 353
 75 341 408
 405 408 341
 314 419 298
 3 336 160
 404 340 384
 410 281 219
 420 421 240
 99 422 66
 46 132 47
 42 41 235
 423 424 284
 354 425 396
 43 396 425
 409 222 168
 218 168 222
 4 179 5
 49 297 239
 29 240 421
 36 426 347
 154 427 6
 23 164 14
 405 428 408
 429 422 109
 422 99 109
 19 18 55
 180 334 372
 358 111 359
 96 382 429
 10 333 6
 423 226 225
 101 91 90
 203 202 403
 358 360 430
 180 216 227
 272 408 428
 65 221 349
 273 349 221
 354 356 425
 411 431 306
 67 306 431
 176 259 177
 404 384 342
 243 133 432
 10 264 146
 420 240 433
 250 416 370
 337 16 15
 374 350 434
 374 434 373
 53 435 360
 224 253 436
 437 44 425
 43 425 44
 42 331 254
 87 270 438
 439 438 270
 17 356 355
 52 47 339
 250 370 440
 389 440 370
 102 52 339
 441 442 436
 317 436 253
 436 442 224
 443 267 249
 174 172 444
 141 139 300
 374 360 359
 409 5 179
 63 61 126
 125 126 61
 180 301 181
 239 297 445
 303 155 446
 60 386 61
 105 107 185
 309 331 38
 175 111 114
 100 66 349
 39 38 331
 81 216 372
 268 447 118
 218 220 412
 402 412 220
 307 117 114
 92 352 30
 257 191 386
 448 297 449
 450 414 432
 0 289 263
 196 225 451
 151 245 255
 60 289 386
 147 246 245
 165 311 333
 248 332 352
 266 140 363
 141 363 140
 450 432 133
 76 90 77
 205 261 302
 42 235 210
 196 451 197
 415 432 414
 393 452 276
 294 276 452
 40 254 335
 241 220 219
 45 453 255
 131 242 384
 410 219 222
 404 344 200
 154 446 155
 454 342 384
 214 128 215
 409 168 264
 96 429 455
 423 284 226
 204 206 212
 374 359 447
 122 449 297
 374 351 350
 108 456 107
 244 457 395
 110 395 457
 26 143 93
 255 453 293
 108 304 456
 127 229 215
 250 261 416
 374 447 351
 214 288 128
 129 128 288
 390 156 155
 81 365 79
 124 233 134
 171 134 233
 271 166 126
 63 126 166
 420 458 459
 454 460 342
 345 342 460
 204 115 461
 232 444 172
 437 356 116
 420 459 421
 119 462 316
 282 284 424
 60 263 289
 339 47 132
 94 59 313
 320 383 283
 258 260 463
 464 107 456
 63 166 156
 204 461 261
 433 240 275
 141 456 304
 119 251 462
 437 116 397
 399 397 116
 72 465 407
 337 295 191
 337 312 295
 120 295 312
 318 421 459
 27 25 383
 176 285 433
 266 446 311
 142 332 262
 257 2 190
 23 16 190
 64 422 382
 136 401 137
 402 407 465
 250 440 251
 3 84 190
 303 446 363
 317 466 436
 429 382 422
 64 66 422
 40 365 375
 364 375 365
 154 166 427
 49 239 455
 305 293 453
 268 118 428
 467 321 431
 67 431 321
 464 300 167
 65 349 66
 135 137 403
 411 406 267
 70 251 35
 22 351 199
 405 200 428
 12 188 116
 399 116 188
 423 468 424
 307 371 353
 154 311 446
 43 183 395
 3 190 2
 441 436 466
 266 363 446
 404 400 340
 258 159 149
 131 340 469
 119 35 251
 63 156 296
 60 276 470
 27 319 83
 309 254 331
 274 260 433
 176 433 260
 437 444 44
 232 44 444
 23 190 84
 339 469 340
 174 398 173
 411 267 471
 268 199 351
 357 291 301
 420 433 285
 87 472 473
 184 302 252
 474 173 398
 357 227 262
 120 121 295
 364 372 334
 87 438 472
 65 212 221
 175 447 359
 450 323 414
 103 376 123
 268 428 200
 310 223 426
 385 426 223
 152 293 338
 322 161 414
 95 414 161
 339 132 469
 274 193 463
 192 463 193
 268 351 447
 144 362 145
 131 469 132
 60 470 263
 294 263 470
 417 412 465
 218 413 168
 271 427 166
 390 296 156
 417 475 371
 11 366 188
 96 455 239
 174 444 397
 70 7 9
 294 452 476
 322 414 323
 368 461 115
 402 298 407
 251 440 462
 182 403 202
 195 335 194
 310 426 36
 64 477 115
 368 115 477
 417 371 362
 120 312 478
 224 442 451
 274 433 275
 124 123 376
 33 478 312
 198 344 343
 138 338 315
 273 185 348
 399 479 398
 6 333 311
 175 118 447
 399 366 479
 141 300 456
 3 160 84
 404 342 344
 180 227 301
 474 449 173
 122 173 449
 237 239 445
 464 185 107
 49 455 109
 385 347 426
 120 478 179
 410 179 478
 175 359 111
 420 285 458
 22 21 379
 448 449 480
 454 438 460
 439 460 438
 450 418 323
 101 88 91
 415 91 88
 125 61 386
 402 465 412
 113 401 388
 136 388 401
 17 355 387
 50 104 123
 103 123 104
 357 262 292
 144 168 413
 29 421 228
 318 228 421
 454 384 242
 389 481 316
 127 316 481
 17 387 18
 389 388 481
 136 481 388
 437 425 356
 171 51 134
 203 238 201
 237 201 238
 448 209 482
 357 301 227
 390 326 391
 448 480 209
 339 341 102
 243 432 473
 415 473 432
 54 434 367
 261 461 416
 423 225 483
 196 483 225
 303 394 155
 390 155 394
 390 394 326
 305 453 234
 45 234 453
 247 267 406
 294 470 276
 247 406 292
 415 88 473
 87 473 88
 378 350 379
 28 275 240
 110 112 395
 405 341 400
 257 386 289
 443 468 471
 467 471 468
 244 395 183
 378 367 434
 72 475 465
 448 445 297
 358 396 112
 282 424 249
 443 249 424
 443 471 267
 464 456 300
 75 102 341
 54 373 434
 178 458 285
 389 316 462
 224 451 225
 378 380 367
 213 480 484
 474 484 480
 64 382 477
 98 477 382
 443 424 468
 417 465 475
 22 199 20
 474 480 449
 467 468 483
 423 483 468
 192 159 463
 258 463 159
 127 481 229
 378 434 350
 274 463 260
 10 5 264
 437 397 444
 195 79 365
 361 246 145
 208 329 482
 299 419 346
 136 229 481
 294 476 58
 213 209 480
 411 471 431
 467 431 471
 361 308 457
 110 457 308
 371 475 353
 230 479 366
 198 20 199
 299 298 419
 272 428 118
 467 483 321
 196 321 483
 389 462 440
 454 242 472
 243 472 242
 147 145 246
 368 416 461
 399 188 366
 213 485 210
 39 210 485
 358 430 396
 354 396 430
 230 484 479
 464 348 185
 40 335 365
 195 365 335
 237 445 482
 33 281 478
 410 478 281
 464 167 348
 361 457 246
 53 355 435
 474 398 479
 237 482 329
 448 482 445
 208 482 209
 198 343 20
 368 477 369
 98 369 477
 429 109 455
 243 473 472
 454 472 438
 53 387 355
 244 246 457
 474 479 484
 100 348 167
 72 353 475
 354 435 355
 230 485 484
 417 362 413
 144 413 362
 55 18 387
 170 326 394
 230 37 485
 409 264 5
 237 329 201
 213 484 485
 158 201 329
 39 485 37
 271 269 427
 6 427 269
 360 435 430
 354 430 435
 0
 25
 46 450 31 163 241 322 78 85 324 32 277 14 132 418 314 133 160 236 162 164 346 377 336 161 419
 0
 23
 393 163 184 187 211 105 8 106 206 71 169 186 296 452 58 59 391 7 476 392 313 326 217
 9
 318 178 459 177 319 93 83 458 143
 27
 345 11 76 56 148 258 439 78 89 38 149 177 325 189 328 327 13 259 21 270 460 379 380 37 20 367 343
 0
 0
 0
 0
 0
 0
 15
 231 385 187 278 279 68 441 347 381 69 197 442 130 451 466
 0
 4
 317 207 93 466
 0
