458 834
9.189115 7.268899 1
9.026397 7.154194 1
9.203280 7.127573 1
9.066470 7.300193 1
8.247979 6.817800 1
8.113981 6.873288 1
8.217145 6.704888 1
8.089259 6.724121 1
9.238634 6.557529 1
9.209997 6.687902 1
9.073569 6.634866 1
9.437507 7.231271 1
9.319554 7.073822 1
9.461488 7.110020 1
9.295344 7.235176 1
8.860770 7.173469 1
8.949093 7.276841 1
8.787069 7.324305 2
9.128688 6.469355 1
7.670910 7.193274 1
7.707360 7.080917 1
7.787960 7.192854 1
7.842743 7.098644 1
7.331566 6.341513 1
7.210431 6.242014 1
7.370585 6.231817 1
8.517939 6.968341 1
8.467883 6.821981 1
8.634856 6.903939 1
6.993425 6.836701 2
7.114738 6.939888 1
6.971315 7.008838 2
9.218946 7.016593 1
9.114326 7.037601 1
9.116414 6.888556 1
7.144457 7.206719 2
7.307000 7.237937 1
7.226987 7.311540 2
8.599419 6.770926 1
7.708025 5.982225 1
7.537745 5.993568 1
7.569298 5.891051 2
8.554075 6.198953 1
8.398484 6.284443 1
8.440294 6.124748 1
9.782336 6.375421 1
9.714513 6.491006 1
9.647049 6.309723 1
7.265111 7.137614 1
8.889911 6.068428 1
8.876207 5.943291 1
9.011252 6.006241 1
9.449766 6.670732 1
9.491693 6.805404 1
9.328373 6.770059 1
8.370704 5.826476 1
8.212707 5.784408 1
8.353352 5.703722 1
9.516789 5.717927 1
9.396482 5.642149 2
9.580210 5.622232 1
9.512300 5.505040 2
9.573372 6.456118 1
9.475797 6.554090 1
9.598319 6.671058 1
9.130144 7.937394 2
9.225966 7.866392 1
9.220140 8.040486 2
8.641073 7.230170 2
8.528239 7.101644 1
8.660903 7.060245 1
8.537523 6.316555 1
7.865252 6.520246 1
7.986753 6.414214 1
8.011275 6.557845 1
10.000000 6.805555 0
9.831214 6.780807 1
9.877488 6.669086 1
8.998612 6.515900 1
8.508942 5.730789 1
8.491449 5.882424 1
9.510895 6.232086 1
9.597271 6.130297 1
9.711719 6.175150 1
9.319926 7.938755 1
7.588943 6.084669 1
9.758457 7.177536 1
9.807975 7.302424 1
9.676048 7.282984 1
8.392323 7.113672 1
8.491088 7.224000 2
8.321747 7.212061 1
9.026536 5.614038 1
9.006129 5.434222 2
9.121614 5.499931 2
9.441229 7.448674 1
9.530840 7.331017 1
9.560238 7.471699 1
9.642888 7.392735 1
8.001240 6.125637 1
8.113116 6.052567 1
8.129907 6.199393 1
8.133303 7.330774 1
8.214594 7.419095 2
8.057467 7.442184 2
9.421269 7.660341 1
9.493247 7.573498 1
9.560072 7.710315 1
7.702898 5.823640 2
8.291259 6.184776 1
8.223780 6.085759 1
7.430632 7.238840 1
7.552121 7.134439 1
7.569978 7.274607 1
7.867022 6.172415 1
7.878946 6.014209 1
8.358824 7.344438 2
7.017651 7.162090 2
7.078317 7.069114 1
7.785075 6.078959 1
8.909194 7.389845 2
7.880129 5.779633 2
7.827161 5.898561 1
9.389372 6.885819 1
9.276552 6.921955 1
9.633027 6.555438 1
9.600762 7.588399 1
7.227332 6.377385 1
8.893339 5.523998 2
9.355014 8.099744 2
9.389235 6.324122 1
9.279037 6.403996 1
9.273932 6.211929 1
9.151763 6.320628 1
7.622010 6.659157 1
7.784500 6.655800 1
7.683464 6.786697 1
7.793717 7.009913 1
9.381773 7.344525 1
9.440724 8.011049 2
9.875747 7.204134 1
8.248270 5.643020 1
9.789417 5.397940 2
9.743815 5.500126 1
9.629246 5.391258 2
7.711292 6.550242 1
7.432375 6.025464 1
7.330631 6.014463 2
7.445928 5.925075 2
7.292564 6.143494 1
8.747341 7.151793 1
7.693719 7.424534 1
7.667307 7.567999 2
7.550650 7.502038 2
7.547463 6.782708 1
7.610132 6.881110 1
8.993132 6.994118 1
9.166834 6.086993 1
9.019207 6.168121 1
10.000000 7.638889 0
10.000000 7.777778 0
9.844862 7.724136 1
8.390642 6.695442 1
8.346403 6.799728 1
9.905751 7.569445 1
7.547746 6.456608 1
7.570994 6.315656 1
7.653225 6.422995 1
9.740313 5.638144 1
9.818915 5.770711 1
9.723989 5.769244 1
8.470879 5.998748 1
8.331203 6.030407 1
7.451898 6.332393 1
8.128344 6.504840 1
8.153173 6.393335 1
8.221743 6.270603 1
8.735496 6.378618 1
8.753009 6.218511 1
8.849186 6.340629 1
8.799455 6.008124 1
9.042658 7.419219 1
8.295546 6.352772 1
9.039663 7.817400 2
9.148010 7.811317 1
7.416350 6.133093 1
7.492447 6.216510 1
10.000000 6.666667 0
8.210576 7.000502 1
8.259361 7.106859 1
8.104674 7.104176 1
8.608825 5.841091 1
8.750695 5.904475 1
8.598965 5.957848 1
9.878208 5.660171 1
8.868824 6.204435 1
7.720278 7.311679 1
7.588938 7.384161 1
8.746495 5.791094 1
8.322412 6.618354 1
8.929633 6.639293 1
8.847431 6.494970 1
8.786765 6.643507 1
9.643438 5.532288 1
7.408843 7.126603 1
8.648005 5.639409 1
8.803871 5.700864 1
8.645694 5.751071 1
9.643176 6.816199 1
9.038133 5.778345 1
8.926873 5.746908 1
7.190681 7.054890 1
9.407954 6.992599 1
6.950447 6.333149 2
7.051257 6.380390 1
6.936630 6.474407 2
8.960310 5.866012 1
7.647130 6.204130 1
9.599318 7.152754 1
7.906146 6.626646 1
8.948379 6.302454 1
8.703649 6.529664 1
6.900599 6.621822 1
6.890939 6.756567 2
6.775290 6.640496 2
9.035880 6.385995 1
8.573090 6.070598 1
6.979423 6.705133 1
7.119430 6.782479 1
7.078156 6.658418 1
8.410294 5.534955 1
8.331640 5.457134 2
8.480675 5.451016 2
9.507947 6.351065 1
9.136582 5.963425 1
9.259523 5.967681 1
9.387253 6.096727 1
9.282792 6.069672 1
10.000000 5.416667 0
10.000000 5.555555 0
9.862366 5.518735 2
9.305101 5.776990 1
9.427407 5.788477 1
9.403490 6.204954 1
8.391196 6.923357 1
9.206174 6.801451 1
10.000000 7.361111 0
9.884402 7.430390 1
9.916790 7.300453 1
8.699404 6.020217 1
9.143147 5.736123 1
7.042936 6.486008 1
9.791536 7.574777 1
9.752471 7.414346 1
9.680796 7.517345 1
7.994339 7.206226 1
8.021855 7.314355 1
7.888251 7.288100 1
7.942094 7.391339 1
7.991849 6.253964 1
9.184378 5.857446 1
10.000000 6.111111 0
10.000000 6.250000 0
9.862522 6.180937 1
9.060925 5.898763 1
8.893772 5.636862 1
8.600173 6.425545 1
10.000000 7.500000 0
9.238060 5.686774 1
7.514866 6.585629 1
7.421852 6.461104 1
7.396502 6.566244 1
7.451444 6.685929 1
7.303811 6.638126 1
8.851854 7.031663 1
7.139313 6.342252 1
8.795938 5.589827 1
9.886647 6.882835 1
9.239473 5.574383 2
9.153767 5.622250 1
8.747673 7.001902 1
7.766601 6.415366 1
8.875700 6.782248 1
9.000566 6.760541 1
8.192064 7.196077 1
8.784682 6.896964 1
8.725403 6.775643 1
9.336540 5.877294 1
10.000000 5.972222 0
9.890016 6.067082 1
9.884097 5.897996 1
10.000000 7.083333 0
9.858798 7.079720 1
8.010467 7.001027 1
7.938938 6.872695 1
9.697988 7.781382 1
9.697448 7.657166 1
10.000000 7.222222 0
7.827438 7.419106 1
8.984689 6.868281 1
9.255507 7.360882 1
8.761273 5.468201 2
7.346310 6.753424 1
7.754587 7.508244 1
8.901613 6.914772 1
9.884976 7.874085 2
8.297964 5.907558 1
9.624385 7.011266 1
9.720688 7.050440 1
7.894273 7.177075 1
7.713061 6.929952 1
9.647109 5.717340 1
9.346112 6.510459 1
9.334600 6.631521 1
8.196648 5.955211 1
9.084099 7.575365 1
9.182749 7.480721 1
9.200134 7.619064 1
7.698123 6.095406 1
7.808046 6.816317 1
7.876116 6.314047 1
7.873680 6.415968 1
10.000000 5.694445 0
8.237376 6.574747 1
8.260412 6.466754 1
8.372476 6.533932 1
9.774055 7.855732 1
9.786703 5.994103 1
8.112045 6.987551 1
8.265223 6.914089 1
8.547714 5.569932 1
8.370759 6.427242 1
8.471024 6.393604 1
8.971289 7.542330 2
9.461425 7.753967 1
8.071892 6.321529 1
8.648626 6.277834 1
7.996258 6.763969 1
8.675888 5.541084 1
8.626511 5.438052 2
9.428583 6.433308 1
8.425138 7.016284 1
9.476728 6.925831 1
9.764725 6.604926 1
9.719796 6.723753 1
7.998260 6.668141 1
8.516747 6.686068 1
8.661390 6.660290 1
7.965806 5.893101 1
8.087477 5.855208 1
8.088157 5.952601 1
8.012184 6.007595 1
9.360974 7.795764 1
9.230308 7.740407 1
9.775592 6.264836 1
9.279855 7.560593 1
8.391885 5.929610 1
7.826413 6.922435 1
7.895785 7.002352 1
9.121345 6.754663 1
10.000000 7.916667 0
7.457831 7.028260 1
8.581032 6.579071 1
7.420647 6.829785 1
7.499552 6.909820 1
7.901898 6.730320 1
9.139549 6.204449 1
9.797285 6.954320 1
9.755142 6.843324 1
7.609828 6.534926 1
7.003452 6.582570 1
7.201639 6.555224 1
7.141817 6.454616 1
7.288534 6.484237 1
6.806112 6.512841 3
9.885636 6.303110 1
7.759062 6.161599 1
8.936102 6.409224 1
9.854586 6.498920 1
10.000000 6.527778 0
9.898450 6.405153 1
8.068089 5.721681 1
8.781055 6.104211 1
7.937085 7.511055 2
9.544719 5.824807 1
9.655012 5.846220 1
7.256520 6.959765 1
10.000000 6.388889 0
8.482416 6.500474 1
7.583470 6.996770 1
7.666794 6.311472 1
9.789057 6.096117 1
9.058955 6.276330 1
8.933039 7.088361 1
7.842809 7.549614 1
8.668210 6.148387 1
7.894087 7.659541 3
7.769765 6.274017 1
7.491128 7.422709 1
7.413948 7.496979 2
7.358154 7.360455 2
9.003117 7.679253 2
9.915918 6.578643 1
10.000000 5.833333 0
7.180607 6.662320 1
7.334547 7.043273 1
7.471661 7.326222 1
9.309827 7.662305 1
9.319504 7.459493 1
8.339474 5.584421 1
8.255172 5.537175 2
9.793027 7.973966 2
9.649418 7.925094 2
9.113971 7.694994 1
7.130754 7.349192 2
7.176009 6.071414 2
9.524220 7.030573 1
7.937647 5.676692 2
8.052216 5.626583 2
9.605901 7.830323 1
8.104228 7.239747 1
8.225373 7.289495 1
10.000000 6.944445 0
7.987830 5.785263 1
9.147300 7.365983 1
8.151960 5.664776 1
9.503384 7.849445 1
9.414783 7.904535 1
7.209267 6.859083 1
9.906357 6.987324 1
7.246343 6.760936 1
9.577426 6.911754 1
8.121071 6.622148 1
9.924757 5.763889 1
7.958073 7.099554 1
9.534204 7.948786 2
8.133616 5.564425 2
7.105238 6.561436 1
9.367978 5.986574 1
7.060996 6.145112 2
9.758597 5.873807 1
8.438113 5.630522 1
7.773861 7.628350 2
7.309304 6.852346 1
9.377488 7.560817 1
8.845331 5.824608 1
7.377767 6.940284 1
9.495859 6.116432 1
9.674578 5.954826 1
9.565812 5.926412 1
8.450120 6.602623 1
9.458397 5.899045 1
9.592882 6.025506 1
9.483365 6.009024 1
9.685886 6.927042 1
9.694324 6.063309 1
7.062410 6.272943 2
8.323970 7.012460 1
 0 1 2
 3 1 0
 4 5 6
 5 7 6
 8 9 10
 11 12 13
 14 12 11
 15 16 17
 18 8 10
 19 20 21
 22 21 20
 23 24 25
 26 27 28
 29 30 31
 32 33 34
 35 36 37
 38 28 27
 39 40 41
 42 43 44
 45 46 47
 48 36 35
 49 50 51
 52 53 54
 55 56 57
 58 59 60
 61 60 59
 62 47 46
 52 63 64
 65 66 67
 68 69 70
 42 71 43
 72 73 74
 75 76 77
 78 18 10
 79 80 55
 81 82 47
 82 83 47
 66 84 67
 39 85 40
 86 87 88
 89 90 91
 92 93 94
 95 96 97
 98 97 96
 79 55 57
 99 100 101
 102 103 104
 105 106 107
 39 41 108
 109 101 110
 111 112 113
 99 114 115
 116 91 90
 117 31 118
 115 114 119
 120 17 16
 108 121 122
 54 53 123
 124 32 34
 64 63 125
 126 107 106
 23 127 24
 92 128 93
 84 129 67
 130 131 132
 133 132 131
 134 135 136
 22 20 137
 2 12 14
 95 138 96
 84 139 129
 86 140 87
 141 57 56
 142 143 144
 134 145 135
 146 147 148
 149 25 24
 15 17 150
 151 152 153
 134 136 154
 155 154 136
 26 28 70
 2 1 33
 156 33 1
 157 158 51
 159 160 161
 162 163 6
 159 161 164
 165 166 167
 168 169 170
 171 44 172
 165 173 166
 74 73 174
 175 174 73
 109 176 101
 177 178 179
 101 100 110
 49 180 50
 120 16 181
 3 181 16
 182 176 43
 183 184 65
 146 85 185
 186 185 85
 187 75 77
 19 112 20
 188 189 190
 191 192 193
 168 194 169
 178 195 179
 176 109 43
 113 196 197
 198 192 191
 162 6 199
 78 200 201
 202 201 200
 144 143 203
 111 204 112
 68 70 150
 205 206 207
 68 90 69
 52 64 53
 208 53 64
 92 209 210
 109 172 44
 48 35 211
 26 70 69
 124 123 212
 213 214 215
 124 212 12
 50 216 51
 19 196 113
 186 85 217
 96 11 218
 72 74 219
 49 158 195
 220 195 158
 177 201 221
 118 31 30
 222 223 224
 98 96 88
 78 225 18
 133 18 225
 13 218 11
 171 226 44
 227 228 29
 229 228 227
 230 231 232
 130 81 233
 157 234 235
 236 132 237
 238 239 240
 241 59 242
 236 243 132
 26 244 27
 157 235 237
 198 207 206
 89 69 90
 146 40 85
 124 245 54
 246 247 248
 249 193 192
 92 250 209
 251 215 214
 252 253 247
 252 254 253
 151 153 197
 255 256 257
 258 257 256
 99 101 259
 241 260 250
 252 164 161
 261 262 263
 124 34 245
 264 51 216
 79 191 80
 92 210 265
 177 221 266
 42 44 226
 246 267 247
 241 268 59
 130 243 81
 165 269 270
 118 211 35
 61 144 203
 271 272 273
 15 150 274
 275 24 127
 276 206 205
 75 277 76
 278 279 94
 274 150 280
 133 131 18
 72 145 281
 202 200 282
 283 282 200
 284 190 189
 285 28 286
 241 287 260
 288 289 290
 291 140 292
 293 294 5
 295 296 161
 252 161 296
 291 297 140
 68 150 17
 202 221 201
 19 113 112
 258 298 257
 92 94 279
 175 176 182
 157 51 234
 283 299 282
 235 260 287
 49 51 158
 2 14 0
 300 0 14
 239 194 240
 276 301 128
 272 302 273
 151 303 152
 282 299 304
 87 253 88
 168 60 203
 160 305 161
 186 173 25
 23 25 173
 55 306 56
 307 308 218
 255 257 309
 79 207 191
 38 286 28
 155 136 310
 168 311 60
 250 260 209
 264 209 260
 58 242 59
 312 63 313
 52 313 63
 96 138 11
 4 6 163
 198 191 207
 86 218 308
 314 172 110
 156 34 33
 315 316 317
 39 318 85
 241 250 268
 92 279 250
 136 319 310
 300 14 138
 87 248 247
 320 259 73
 72 321 73
 186 217 166
 278 59 268
 239 322 194
 323 324 325
 295 161 326
 314 110 100
 18 131 8
 312 8 131
 327 290 289
 52 54 313
 9 313 54
 188 190 328
 72 135 145
 98 88 253
 188 5 329
 79 330 205
 182 43 331
 332 331 43
 120 181 333
 168 170 311
 105 107 334
 175 335 176
 175 182 324
 177 266 336
 7 5 337
 271 270 269
 9 54 245
 151 197 196
 205 330 338
 338 330 339
 62 340 233
 62 63 340
 89 341 69
 109 44 43
 342 123 53
 81 47 233
 343 77 344
 76 344 77
 79 205 207
 157 237 132
 74 345 219
 4 329 5
 96 218 88
 38 346 347
 348 349 350
 348 350 351
 177 179 201
 84 66 352
 353 352 66
 45 47 354
 99 115 351
 348 351 115
 39 108 122
 355 317 316
 39 122 115
 165 270 173
 124 54 123
 283 34 299
 62 125 63
 171 172 356
 357 294 358
 99 351 100
 343 64 125
 359 34 283
 160 360 305
 5 294 337
 361 112 204
 177 336 178
 130 132 243
 362 266 221
 363 154 364
 83 354 47
 3 16 1
 15 1 16
 348 115 122
 136 135 319
 365 319 135
 357 310 319
 155 364 154
 293 358 294
 188 328 5
 70 28 280
 157 132 366
 133 366 132
 367 368 277
 134 369 145
 222 215 370
 276 205 338
 369 165 167
 156 299 34
 371 372 373
 222 374 215
 343 344 64
 208 64 344
 145 369 167
 271 273 373
 371 373 273
 314 306 172
 262 375 263
 376 119 114
 109 110 172
 78 201 377
 343 46 378
 45 378 46
 379 378 380
 162 346 27
 38 27 346
 285 304 274
 381 56 349
 285 286 282
 332 43 71
 26 341 244
 283 200 10
 49 195 382
 178 382 195
 323 325 199
 161 305 326
 258 383 298
 2 32 12
 314 56 306
 70 280 150
 373 372 127
 58 311 384
 385 384 311
 285 282 304
 118 30 211
 386 211 30
 86 292 140
 130 340 131
 312 131 340
 78 10 200
 314 349 56
 387 379 380
 62 233 47
 76 277 368
 362 388 266
 332 266 388
 261 263 289
 73 259 335
 363 272 154
 20 112 389
 83 263 354
 390 167 166
 29 228 30
 83 391 263
 202 347 221
 157 366 158
 156 274 304
 220 158 392
 15 393 1
 266 71 336
 362 347 346
 168 240 194
 361 389 112
 86 88 218
 145 167 281
 48 204 36
 101 176 335
 156 1 393
 394 298 383
 42 395 336
 357 319 294
 394 383 396
 390 397 281
 320 281 397
 398 399 400
 293 5 328
 332 71 266
 315 401 333
 343 378 402
 235 234 260
 262 387 375
 178 336 395
 315 181 316
 314 100 350
 202 282 286
 124 12 32
 365 294 319
 403 288 290
 229 404 228
 48 211 405
 386 405 211
 111 113 406
 288 261 289
 105 352 407
 353 407 352
 244 329 163
 39 115 119
 300 408 316
 325 324 331
 126 296 107
 295 107 296
 264 234 51
 355 316 408
 342 212 123
 23 173 270
 230 409 231
 231 409 410
 271 269 272
 134 272 269
 13 12 212
 411 412 326
 295 326 412
 244 163 27
 149 147 185
 315 413 401
 171 80 193
 37 414 35
 398 153 399
 315 317 413
 134 154 272
 149 415 147
 285 280 28
 20 389 310
 155 310 389
 191 193 80
 38 347 286
 307 218 416
 4 163 329
 26 69 341
 381 417 418
 343 402 77
 343 125 46
 295 412 419
 102 420 421
 285 274 280
 362 221 347
 175 73 335
 75 422 277
 381 423 417
 398 197 153
 252 247 164
 267 164 247
 111 36 204
 181 424 316
 141 56 425
 381 425 56
 156 393 274
 72 219 135
 201 179 377
 86 308 292
 367 292 308
 222 224 374
 325 331 388
 332 388 331
 426 427 352
 386 30 428
 291 292 429
 15 274 393
 430 228 404
 72 281 321
 320 321 281
 365 337 294
 320 73 321
 390 281 167
 376 397 217
 390 217 397
 342 431 416
 9 359 10
 284 421 420
 426 352 334
 422 291 429
 126 97 254
 111 400 36
 37 36 400
 208 431 53
 342 53 431
 118 35 117
 363 302 272
 65 184 66
 151 196 298
 257 298 196
 13 416 218
 7 345 432
 74 432 345
 2 33 32
 23 270 373
 339 330 232
 146 185 147
 186 166 173
 34 359 245
 84 352 427
 398 400 406
 169 433 290
 403 290 433
 390 166 217
 92 265 128
 45 380 378
 293 190 434
 255 434 190
 48 405 204
 87 247 253
 126 254 296
 252 296 254
 430 428 228
 162 27 163
 381 349 423
 98 254 97
 105 334 352
 84 427 139
 379 402 378
 348 122 121
 412 435 419
 267 159 164
 14 11 138
 315 333 181
 61 203 60
 258 104 383
 255 190 420
 284 420 190
 141 436 410
 9 245 359
 229 437 404
 236 237 438
 307 416 431
 348 423 349
 426 419 435
 376 114 397
 320 397 114
 78 377 225
 168 143 240
 430 273 302
 293 328 190
 439 415 24
 149 24 415
 142 240 143
 58 60 311
 327 440 290
 169 290 440
 323 199 6
 264 260 234
 367 429 292
 79 441 330
 387 380 375
 249 395 226
 152 303 442
 394 442 303
 235 438 237
 99 259 114
 320 114 259
 49 382 180
 283 10 359
 156 304 299
 379 187 402
 111 406 400
 430 443 428
 220 225 377
 95 444 408
 210 445 206
 102 421 103
 371 404 437
 113 197 406
 398 406 197
 95 106 444
 202 286 347
 276 128 265
 312 340 63
 426 107 419
 295 419 107
 300 138 408
 98 253 254
 297 246 248
 361 405 446
 361 446 364
 168 203 143
 130 233 340
 411 326 305
 155 389 364
 116 103 421
 426 334 107
 95 408 138
 263 375 354
 45 354 375
 149 185 25
 230 232 330
 322 403 433
 220 392 225
 133 225 392
 126 106 97
 100 351 350
 81 243 447
 236 447 243
 42 226 395
 171 193 226
 385 448 449
 362 346 450
 58 384 242
 451 242 384
 42 336 71
 394 303 298
 151 298 303
 271 373 270
 452 447 453
 385 311 170
 141 425 436
 3 424 181
 183 413 184
 353 184 413
 162 199 450
 102 104 256
 183 401 413
 249 382 395
 89 91 189
 249 226 193
 307 454 308
 367 308 454
 230 330 441
 452 82 447
 19 21 196
 257 196 21
 169 194 433
 322 433 194
 62 46 125
 325 450 199
 210 206 265
 394 396 442
 45 375 380
 367 454 368
 220 179 195
 430 404 273
 371 273 404
 95 97 106
 452 455 82
 83 82 455
 258 256 104
 439 24 456
 275 456 24
 314 350 349
 79 57 441
 426 435 427
 139 427 435
 251 370 215
 141 409 57
 342 416 212
 7 432 6
 323 6 432
 3 0 424
 300 424 0
 198 206 445
 362 450 388
 30 228 428
 353 413 317
 23 373 127
 417 423 121
 182 331 324
 327 448 440
 101 335 259
 187 77 402
 9 8 313
 312 313 8
 222 370 227
 229 227 370
 327 455 448
 29 223 227
 188 329 457
 158 366 392
 133 392 366
 365 135 219
 276 338 301
 386 446 405
 339 301 338
 41 40 148
 146 148 40
 367 277 429
 175 324 174
 323 174 324
 430 302 443
 363 443 302
 83 455 391
 297 248 140
 105 407 444
 355 444 407
 162 450 346
 386 443 446
 452 449 448
 251 214 372
 275 372 214
 376 217 318
 85 318 217
 275 127 372
 363 364 446
 293 434 358
 22 358 434
 278 268 279
 250 279 268
 284 189 91
 365 345 337
 171 356 80
 55 80 356
 355 408 444
 363 446 443
 361 364 389
 105 444 106
 385 440 448
 87 140 248
 385 449 384
 244 457 329
 116 421 91
 241 242 287
 307 431 454
 422 429 277
 451 287 242
 229 370 437
 353 66 184
 186 25 185
 361 204 405
 208 344 368
 76 368 344
 208 454 431
 198 445 192
 50 192 445
 452 448 455
 172 306 356
 222 227 223
 348 121 423
 300 316 424
 236 438 453
 188 457 189
 22 137 358
 357 358 137
 264 216 209
 210 209 216
 451 449 453
 452 453 449
 357 137 310
 20 310 137
 251 372 437
 74 174 432
 365 219 345
 7 337 345
 385 170 440
 169 440 170
 451 453 438
 220 377 179
 276 265 206
 327 289 391
 323 432 174
 371 437 372
 386 428 443
 165 369 269
 102 256 420
 13 212 416
 263 391 289
 134 269 369
 251 437 370
 325 388 450
 451 438 287
 178 395 382
 353 317 407
 355 407 317
 327 391 455
 236 453 447
 89 189 457
 257 21 309
 235 287 438
 141 410 409
 249 180 382
 210 216 445
 50 445 216
 451 384 449
 255 309 434
 22 434 309
 284 91 421
 39 119 318
 255 420 256
 249 192 180
 50 180 192
 81 447 82
 208 368 454
 436 425 418
 381 418 425
 213 456 214
 275 214 456
 55 356 306
 376 318 119
 89 457 341
 244 341 457
 22 309 21
 57 409 441
 230 441 409
 0
 0
 20
 120 183 116 68 411 65 129 90 412 17 139 67 305 103 396 383 333 435 401 104
 15
 37 29 152 35 31 400 224 153 374 223 396 442 399 414 117
 0
 0
 0
 0
 0
 0
 0
 0
 28
 61 339 439 142 278 41 144 213 94 59 108 417 240 436 128 301 374 415 231 147 93 121 148 232 410 215 456 418
 0
 0
 0
