469 846
8.136876 4.213919 1
8.233779 4.208621 1
8.197956 4.353964 1
8.043000 4.266956 1
8.820605 5.021739 1
8.722643 4.893626 1
8.893986 4.907285 1
8.833369 4.807293 1
8.283409 4.508610 1
8.329446 4.403931 1
8.401311 4.564542 1
6.515219 5.280851 1
6.635678 5.241629 1
6.685428 5.362820 1
8.446996 4.428215 1
6.546347 5.390184 1
8.564707 5.134566 1
8.709617 5.112521 1
8.627939 5.212504 1
8.199057 5.447165 1
8.251304 5.295807 1
8.331640 5.457134 2
9.364298 5.069196 1
9.440231 4.961960 1
9.521749 5.133544 1
8.873552 5.163724 1
8.990396 5.045081 1
8.541680 4.309810 1
8.655129 4.284656 1
8.563005 4.423867 1
8.583735 5.031181 1
7.223019 5.959930 1
7.327240 5.856607 1
7.330631 6.014463 2
8.627259 5.314714 1
8.528218 5.353157 1
8.491294 5.224998 1
9.130545 5.131914 1
9.106349 4.979466 1
9.232071 5.051641 1
6.577372 6.121279 1
6.721230 6.140491 1
6.586689 6.236336 1
9.493650 4.264837 1
9.630780 4.212965 2
9.569606 4.362883 1
9.701820 4.346334 1
8.397983 5.325667 1
8.678182 4.436863 1
7.445928 5.925075 2
9.655478 5.224209 1
9.658634 5.078186 1
9.803578 5.156919 1
9.763619 4.995296 1
8.363518 4.296433 1
9.144129 4.504739 1
9.057297 4.639683 1
8.979750 4.530584 1
9.565700 4.992430 1
6.850639 5.821062 1
6.764899 5.732218 1
6.949240 5.690904 1
6.765488 4.794387 1
6.921344 4.852563 1
6.792965 4.944991 1
6.197004 5.609816 2
6.292776 5.740302 1
6.176824 5.767386 2
7.484683 5.762489 1
6.807890 5.608046 1
8.883080 4.651967 1
7.411201 5.419500 1
7.443591 5.267010 1
7.530152 5.345335 1
6.324090 5.449898 1
6.212828 5.480120 2
6.250869 5.309196 2
8.224382 5.129714 1
8.161983 4.972324 1
8.308622 5.038104 1
6.365672 4.825902 1
6.262121 4.844088 1
6.236480 4.716629 2
6.707098 6.267285 1
7.680612 4.592384 1
7.803439 4.691078 1
7.654087 4.696296 1
7.793516 4.580345 1
7.331261 5.717915 1
7.779768 5.695951 1
7.880129 5.779633 2
7.702898 5.823640 2
8.116965 5.102116 1
8.499805 4.198955 1
7.695964 5.158335 1
7.704840 4.993128 1
7.798072 5.105775 1
7.488338 5.133633 1
7.391780 5.076591 1
7.464369 4.987767 1
7.435950 4.462722 1
7.340311 4.526483 1
7.320731 4.347878 1
7.238105 4.475309 1
6.458292 4.860746 1
6.561650 4.911911 1
6.449646 4.988196 1
9.656452 4.903107 1
6.348578 6.008866 1
6.448305 6.119336 1
6.317267 6.096814 2
7.198951 5.742980 1
7.176685 5.859831 1
7.908357 4.798086 1
7.962013 4.663584 1
6.420067 5.386676 1
6.411714 5.261772 1
7.733526 5.338585 1
7.612352 5.241457 1
7.774418 5.233129 1
8.348732 4.179103 1
9.365487 4.864355 1
9.463585 4.799226 1
6.764845 5.204879 1
6.863762 5.336168 1
6.824794 5.472210 1
7.124092 5.526034 1
7.204670 5.405964 1
7.296735 5.500678 1
7.719899 4.769942 1
7.677336 4.871897 1
7.584693 4.797374 1
6.946815 5.205117 1
6.403944 4.719996 1
9.545782 4.888039 1
7.145138 4.312762 1
7.234975 4.226376 2
7.226786 4.375290 1
8.982921 4.773951 1
7.569298 5.891051 2
6.529588 5.553187 1
6.684817 5.529173 1
6.574519 5.663994 1
6.690910 5.668113 1
8.480675 5.451016 2
6.740088 4.479023 1
6.844259 4.575675 1
6.694670 4.607204 1
8.791578 4.266639 1
8.735228 4.162879 1
8.901535 4.154629 2
6.541129 5.048256 1
9.239473 5.574383 2
9.357913 5.466718 1
9.396482 5.642149 2
9.512300 5.505040 2
6.970466 5.038136 1
7.072138 5.117852 1
7.901470 4.551707 1
7.226384 5.625953 1
8.142313 4.540506 1
7.521933 5.446952 1
8.164438 4.105258 1
8.303850 4.077287 1
9.185892 4.630215 1
6.933664 4.371037 2
7.087327 4.451959 1
6.923322 4.490115 1
9.261940 4.191768 1
9.137074 4.064754 2
9.294507 4.016786 2
9.013980 4.902018 1
8.157369 5.343278 1
6.438160 5.975036 1
9.164279 4.330723 1
9.119013 4.198482 1
6.840674 6.409237 1
6.806112 6.512841 3
6.720660 6.397946 2
9.201405 4.935510 1
8.791797 4.408943 1
7.589087 5.067315 1
6.687865 4.905247 1
6.726094 5.043987 1
6.631585 5.002763 1
8.014758 5.026240 1
7.912322 5.070052 1
7.905993 4.939065 1
6.978658 5.457349 1
9.010417 4.264057 1
9.024271 4.401928 1
6.311346 5.599753 1
6.330822 5.175495 1
6.223165 5.123343 2
6.631111 6.026497 1
7.236230 4.640737 1
7.596216 5.791795 1
8.010725 4.891712 1
7.076392 4.822713 1
7.184811 4.897837 1
7.085773 4.974476 1
6.631879 4.698171 1
6.770990 4.672834 1
9.405770 5.171740 1
7.819833 4.993639 1
7.136845 4.570757 1
8.140535 3.900856 2
8.224384 3.983773 1
8.077665 4.032224 1
9.843989 4.287328 1
9.836925 4.437894 1
9.314569 4.342330 1
6.950447 6.333149 2
6.936630 6.474407 2
8.751380 4.564247 1
8.861794 4.526571 1
8.902892 4.323374 1
6.635351 4.809585 1
7.293615 4.802448 1
7.301553 4.971611 1
7.381545 4.884879 1
9.268643 4.448486 1
6.848817 5.063982 1
8.535851 4.550630 1
7.581713 4.284287 2
7.670146 4.365158 1
7.547561 4.413340 1
8.808000 4.066500 2
9.443776 5.274645 1
9.352675 5.348751 1
9.293259 5.209572 1
8.068411 4.410639 1
6.638291 5.119759 1
9.569804 4.571433 1
9.660564 4.490055 1
9.656548 4.656291 1
9.775171 4.579339 1
6.908397 4.961698 1
7.627986 5.690001 1
6.836936 6.272779 1
7.060996 6.145112 2
6.950093 6.061373 1
7.052244 6.037927 1
6.506563 4.665459 1
6.436944 4.559677 2
6.318694 4.601766 2
8.426278 4.109686 1
9.477521 4.131865 2
7.640458 4.476840 1
7.769440 4.469009 1
9.749074 5.293266 1
8.040832 4.749102 1
8.028935 3.941008 2
9.789417 5.397940 2
9.629246 5.391258 2
6.958768 6.202483 1
9.370858 4.135249 1
9.017595 5.197884 1
8.943007 5.300575 1
7.176009 6.071414 2
7.628674 5.388248 1
6.734489 6.014736 1
7.032129 4.300321 2
6.339557 4.936695 1
9.893568 5.066491 1
8.444735 5.075212 1
8.351130 5.181495 1
7.991162 5.553521 1
7.851661 5.591433 1
7.907560 5.478063 1
7.190773 5.054635 1
6.202116 5.874313 1
6.049241 5.823913 2
6.425797 5.666373 1
7.937647 5.676692 2
8.834460 5.291018 1
8.045205 4.134794 1
7.949552 4.167972 1
7.909980 4.274614 1
6.107842 5.934070 2
7.010106 4.599801 1
8.494654 4.948745 1
6.408441 5.539903 1
9.476225 5.378482 1
7.450148 4.327531 2
7.544069 4.540211 1
7.431479 4.611162 1
6.644121 4.409723 2
6.771570 4.326343 2
8.877501 5.404268 1
8.893339 5.523998 2
8.761273 5.468201 2
7.543818 4.675114 1
7.428025 4.762900 1
7.316336 5.349784 1
10.000000 5.416667 0
9.862366 5.518735 2
9.894346 5.389453 1
7.112624 5.953517 1
6.900465 4.703477 1
8.697927 4.067390 2
8.621064 4.148262 1
8.538924 4.070376 2
9.240016 5.359257 1
7.110127 4.224920 2
9.408763 4.670970 1
9.303288 4.563451 1
9.457863 4.560836 1
9.392477 4.455444 1
9.557239 5.283425 1
8.764432 4.697741 1
8.626511 5.438052 2
8.739789 5.350778 1
8.053024 5.415451 1
8.133616 5.564425 2
6.462371 6.286243 3
7.801664 4.312671 1
7.829739 4.154537 2
7.579435 4.927200 1
6.618520 5.443135 1
9.124958 4.842820 1
8.711639 4.780706 1
7.019033 5.579883 1
6.922052 5.560655 1
8.508940 4.682758 1
8.648938 4.663811 1
9.121614 5.499931 2
9.218525 5.468232 1
8.912887 4.440127 1
7.387219 5.170876 1
9.009155 4.033360 2
9.035439 4.143056 1
8.688021 5.006658 1
7.428337 5.656695 1
8.282659 4.921088 1
7.871242 4.409590 1
10.000000 4.444445 0
9.895347 4.543991 1
8.117463 4.823249 1
7.008394 4.908817 1
7.447411 5.545475 1
7.343417 5.616569 1
6.177315 4.920896 2
6.246135 5.013011 1
8.737043 5.234947 1
7.009689 4.730780 1
7.348605 4.683610 1
6.552555 5.914373 1
6.448441 5.864358 1
6.516156 5.774285 1
7.175807 4.768098 1
7.925807 5.372638 1
7.976167 5.274621 1
6.634635 4.507141 1
6.643902 5.788945 1
8.336599 3.943409 1
8.281182 3.844628 2
8.432581 3.883755 2
7.180489 5.198416 1
9.161214 5.261732 1
9.048803 5.312334 1
8.164157 4.693324 1
9.197598 3.915571 3
8.086248 5.279668 1
7.971057 4.363525 1
7.291842 5.136604 1
10.000000 4.305555 0
9.896297 4.188107 2
7.102363 5.654710 1
7.083399 5.771421 1
6.839843 4.438451 1
6.972481 5.823722 1
7.695502 4.225101 2
9.289888 4.673587 1
7.940942 4.044223 2
6.618821 6.336739 2
9.515800 4.473945 1
7.797813 4.871843 1
7.089032 5.409372 1
7.118725 5.312184 1
10.000000 4.861111 0
10.000000 5.000000 0
9.878259 4.909756 1
10.000000 4.583333 0
10.000000 4.722222 0
9.880175 4.672441 1
6.332316 5.886735 1
7.224258 5.305674 1
9.114153 4.730761 1
6.130311 4.813898 2
6.886796 5.934924 1
7.112457 4.685982 1
7.348937 4.244239 2
6.530414 5.177039 1
6.432092 5.129369 1
8.263885 4.623531 1
9.918821 4.368527 1
9.861631 5.285372 1
6.867051 6.143633 1
8.066018 4.637471 1
10.000000 5.138889 0
9.914859 5.194705 1
7.006169 5.945679 1
10.000000 4.166667 0
8.230309 4.827884 1
8.295834 4.735635 1
8.469175 4.823543 1
8.601311 4.799692 1
8.397052 4.694332 1
6.403038 5.775277 1
6.527028 6.032881 1
7.001209 5.322127 1
6.746459 5.836737 1
6.783448 5.935107 1
6.681101 5.925217 1
7.597425 5.533714 1
9.334420 4.761513 1
7.059162 5.227658 1
9.383889 4.243562 1
9.734552 4.243294 2
9.444994 4.357610 1
10.000000 5.277778 0
6.568055 4.580277 1
8.020779 4.540840 1
7.723514 5.584177 1
9.531137 4.677654 1
8.589025 4.907459 1
7.718904 5.458847 1
8.350130 4.829906 1
9.217078 4.741789 1
9.261843 4.849654 1
9.397194 4.033442 2
8.022291 5.169083 1
7.890661 5.195217 1
8.388100 4.946356 1
7.797246 5.508894 1
9.602942 4.783470 1
9.717548 4.796529 1
8.651186 4.533991 1
9.763075 4.695080 1
6.075419 4.729247 3
6.504592 5.462617 1
7.320543 5.240543 1
8.154737 5.215671 1
9.792582 4.131754 2
7.526029 5.635945 1
6.348769 6.192240 2
8.052216 5.626583 2
7.968187 4.453945 1
6.527680 4.768586 1
6.336903 5.061018 1
9.816274 4.791667 1
9.921261 4.791667 1
6.839781 6.036135 1
9.132717 5.389285 1
9.006129 5.434222 2
7.487613 4.872024 1
7.825233 5.408347 1
9.310996 4.960452 1
8.255172 5.537175 2
7.858644 5.299185 1
9.763405 4.883244 1
6.236439 5.984707 2
6.542387 4.470530 2
8.420769 4.007967 1
8.518836 3.956628 2
6.143450 5.044470 2
7.062775 5.862608 1
7.062410 6.272943 2
 0 1 2
 3 0 2
 4 5 6
 6 5 7
 8 9 10
 11 12 13
 9 14 10
 15 11 13
 16 17 18
 19 20 21
 22 23 24
 25 4 26
 27 28 29
 30 17 16
 31 32 33
 34 35 36
 37 38 39
 18 34 36
 40 41 42
 43 44 45
 46 45 44
 47 21 20
 29 28 48
 32 49 33
 50 51 52
 53 52 51
 54 27 14
 55 56 57
 58 24 23
 59 60 61
 54 2 1
 62 63 64
 65 66 67
 68 49 32
 60 69 61
 70 57 56
 71 72 73
 74 75 76
 77 78 79
 80 81 82
 4 6 26
 83 42 41
 84 85 86
 87 85 84
 68 32 88
 89 90 91
 77 92 78
 54 93 27
 94 95 96
 97 98 99
 100 101 102
 103 102 101
 104 105 106
 58 107 51
 108 109 110
 111 32 112
 31 112 32
 113 85 114
 74 76 115
 76 116 115
 117 118 119
 54 120 93
 121 122 23
 123 124 13
 125 13 124
 126 127 128
 129 130 131
 123 132 124
 133 80 82
 122 134 23
 135 136 137
 70 56 138
 68 139 49
 140 141 142
 141 143 142
 111 88 32
 136 102 137
 47 144 21
 145 146 147
 148 149 150
 125 141 13
 106 105 151
 152 153 154
 155 154 153
 47 36 35
 129 131 86
 53 51 107
 156 157 132
 114 85 158
 126 128 159
 160 2 8
 71 73 161
 162 163 1
 55 164 56
 165 166 167
 168 169 170
 171 26 6
 19 172 20
 173 109 108
 168 174 175
 176 177 178
 179 39 38
 48 28 180
 168 175 169
 97 99 181
 182 183 184
 64 183 182
 185 186 187
 25 17 4
 125 124 188
 189 174 190
 55 190 174
 65 191 66
 192 76 193
 40 194 41
 62 64 182
 195 103 101
 68 196 139
 185 187 197
 198 199 200
 62 201 202
 22 24 203
 204 96 95
 195 205 103
 206 207 208
 46 209 210
 168 211 174
 176 212 213
 214 180 215
 192 116 76
 94 119 118
 148 150 216
 62 217 201
 147 202 201
 37 26 38
 199 218 219
 219 218 220
 55 174 221
 123 222 132
 10 14 223
 224 225 226
 227 150 149
 156 132 222
 228 229 230
 160 231 2
 123 12 232
 233 234 235
 236 235 234
 64 237 222
 87 158 85
 89 91 238
 176 178 239
 83 239 178
 240 241 242
 243 133 244
 245 244 133
 94 181 95
 246 93 120
 70 138 7
 43 247 44
 248 249 84
 87 84 249
 50 52 250
 113 114 251
 206 208 252
 253 254 250
 50 250 254
 64 222 183
 240 255 241
 48 180 214
 123 232 183
 98 219 99
 219 220 99
 143 141 69
 125 69 141
 58 51 24
 168 170 256
 25 257 258
 240 242 259
 117 260 118
 1 163 120
 261 41 194
 165 262 166
 46 210 234
 236 234 210
 104 106 263
 245 133 82
 97 181 118
 94 118 181
 53 264 52
 47 35 144
 3 2 231
 265 36 266
 265 30 16
 54 9 2
 248 226 225
 228 230 203
 267 268 269
 270 200 199
 162 208 207
 67 271 272
 273 140 142
 267 274 268
 174 211 221
 25 258 275
 276 3 277
 277 3 278
 279 272 271
 62 182 217
 280 167 166
 265 281 30
 55 57 190
 273 282 140
 176 239 212
 189 216 150
 155 283 254
 100 102 284
 265 266 79
 100 285 286
 145 287 288
 289 290 291
 292 293 286
 71 294 72
 295 296 297
 242 298 259
 280 299 146
 62 299 63
 300 301 302
 303 230 229
 47 266 36
 148 180 28
 135 304 136
 305 306 307
 308 307 306
 50 254 309
 70 7 310
 311 34 312
 267 313 314
 19 314 313
 315 109 42
 40 42 109
 316 317 278
 318 131 130
 15 13 319
 171 138 320
 5 321 7
 265 16 36
 228 24 309
 50 309 24
 126 322 188
 125 188 323
 311 35 34
 74 191 75
 10 223 324
 325 324 223
 152 326 327
 328 215 180
 97 329 98
 189 175 174
 330 169 331
 5 4 332
 129 86 85
 123 13 12
 308 306 221
 185 78 92
 68 88 333
 50 24 51
 334 79 78
 292 286 285
 249 335 158
 37 39 230
 22 230 39
 336 337 210
 7 138 6
 185 197 78
 338 78 197
 198 200 339
 71 340 128
 341 128 340
 342 81 263
 343 342 263
 25 344 17
 301 28 93
 27 93 28
 198 63 345
 289 312 275
 286 346 101
 55 306 164
 171 6 138
 346 195 101
 347 348 349
 198 350 199
 351 352 313
 145 147 353
 155 153 283
 273 142 349
 347 349 354
 355 356 357
 270 358 157
 280 166 205
 270 199 219
 37 359 257
 360 257 359
 46 234 45
 87 249 158
 220 218 293
 70 215 57
 338 251 361
 316 278 335
 30 332 17
 270 157 200
 289 291 312
 61 69 323
 125 323 69
 362 170 169
 156 222 237
 363 313 352
 278 364 335
 270 219 365
 47 20 266
 366 209 367
 189 190 216
 328 216 190
 61 368 369
 311 312 291
 325 214 310
 70 310 214
 145 370 146
 61 369 371
 98 365 219
 316 372 317
 347 173 348
 351 313 269
 22 203 230
 305 373 306
 374 277 317
 18 36 16
 315 42 375
 224 226 284
 37 230 359
 303 359 230
 45 234 376
 113 377 85
 129 85 377
 126 188 378
 152 327 153
 303 153 327
 13 141 319
 103 166 137
 135 137 166
 126 378 127
 379 127 378
 380 381 382
 383 384 385
 63 299 345
 386 271 66
 236 210 337
 379 387 127
 55 221 306
 138 388 320
 267 269 313
 67 66 271
 64 63 237
 58 23 134
 81 389 82
 25 26 257
 37 257 26
 390 59 371
 25 275 344
 280 205 391
 77 79 266
 102 392 284
 393 116 394
 156 200 157
 184 151 105
 10 395 8
 336 210 396
 52 397 250
 228 203 24
 398 239 41
 83 41 239
 111 159 88
 341 88 159
 361 251 399
 308 221 211
 303 229 153
 160 8 395
 135 166 262
 192 394 116
 311 144 35
 400 401 264
 390 371 402
 403 366 367
 338 361 404
 405 404 361
 147 146 202
 406 324 407
 325 407 324
 10 408 395
 74 282 191
 273 349 409
 91 196 238
 14 29 223
 97 118 72
 73 72 118
 233 376 234
 318 181 99
 338 197 251
 113 251 197
 4 17 332
 100 286 101
 188 322 323
 173 410 109
 338 404 78
 334 78 404
 188 124 411
 248 84 285
 292 285 84
 412 59 413
 347 354 414
 415 161 260
 390 413 59
 386 348 173
 54 1 120
 292 86 131
 305 122 416
 121 416 122
 280 146 167
 160 395 361
 162 1 0
 381 400 264
 393 11 116
 157 358 417
 43 418 247
 336 383 337
 103 137 102
 46 419 209
 136 392 102
 198 339 63
 376 308 420
 77 266 20
 247 418 256
 421 295 297
 421 297 397
 73 118 260
 147 201 422
 160 423 231
 140 319 141
 89 238 424
 27 29 14
 54 14 9
 45 376 420
 233 425 307
 53 382 264
 355 207 356
 347 410 173
 123 183 222
 127 294 128
 71 128 294
 386 173 108
 103 205 166
 212 239 255
 30 426 332
 52 264 401
 379 378 411
 188 411 378
 415 260 427
 31 259 298
 415 424 238
 195 391 205
 89 274 90
 406 428 408
 429 430 320
 179 320 430
 169 175 331
 398 255 239
 65 75 191
 146 370 167
 431 256 170
 185 432 186
 433 186 432
 328 190 57
 143 69 60
 81 342 389
 74 115 282
 139 196 91
 111 368 159
 126 159 368
 381 264 382
 204 95 377
 199 350 218
 406 281 434
 435 269 268
 113 197 187
 171 38 26
 43 45 420
 436 235 437
 206 356 207
 280 345 299
 325 223 438
 100 226 285
 273 66 191
 62 202 299
 235 439 437
 146 299 202
 389 440 82
 18 17 344
 282 115 441
 442 72 294
 305 307 425
 2 9 8
 363 432 443
 195 350 391
 56 388 138
 280 391 345
 104 263 80
 444 209 419
 325 438 214
 406 434 428
 293 218 346
 31 33 259
 383 385 337
 48 214 438
 415 238 445
 315 446 109
 132 411 124
 68 238 196
 325 321 407
 406 408 324
 444 367 209
 406 407 426
 432 92 443
 153 229 283
 210 209 396
 366 396 209
 267 447 274
 236 337 385
 308 211 420
 147 422 353
 228 309 283
 254 283 309
 448 158 335
 223 29 438
 253 297 296
 168 418 211
 405 395 408
 393 232 12
 48 438 29
 377 95 130
 46 44 419
 68 445 238
 243 449 133
 104 133 449
 343 450 193
 406 426 281
 195 218 350
 390 402 241
 77 20 443
 70 214 215
 228 283 229
 451 452 382
 380 382 452
 412 414 354
 5 332 426
 179 38 320
 171 320 38
 89 268 274
 360 258 257
 384 452 385
 451 385 452
 448 231 423
 398 41 453
 261 453 41
 316 249 225
 248 225 249
 312 34 344
 140 441 319
 325 310 321
 292 131 293
 156 339 200
 360 454 455
 326 455 454
 192 193 450
 379 417 358
 341 159 128
 289 455 290
 189 150 331
 204 187 186
 220 293 456
 30 281 426
 71 161 340
 18 344 34
 405 361 395
 114 399 251
 165 370 288
 143 354 142
 349 142 354
 393 394 151
 248 285 226
 318 95 181
 243 422 201
 405 408 428
 40 109 410
 184 183 232
 113 187 377
 233 235 425
 145 288 370
 246 120 163
 374 252 208
 328 57 215
 198 391 350
 305 416 373
 412 60 59
 132 157 417
 435 427 457
 104 80 133
 451 439 385
 236 385 439
 312 344 275
 148 216 180
 328 180 216
 179 458 39
 22 39 458
 242 241 402
 19 459 314
 286 293 346
 435 424 427
 61 323 322
 61 322 368
 162 0 276
 374 208 276
 198 345 391
 415 445 340
 117 460 457
 330 331 150
 148 28 149
 301 149 28
 117 457 427
 451 382 461
 53 461 382
 355 163 207
 156 237 339
 7 321 310
 318 99 456
 3 364 278
 442 358 365
 270 365 358
 415 340 161
 386 462 271
 436 122 425
 243 244 422
 463 422 244
 160 361 399
 116 11 115
 15 115 11
 415 427 424
 386 108 462
 292 84 86
 253 250 397
 195 346 218
 143 60 354
 412 354 60
 317 277 278
 117 119 460
 305 425 122
 89 424 268
 379 358 387
 246 464 302
 465 302 464
 393 12 11
 366 336 396
 400 421 401
 56 164 388
 429 388 164
 100 284 226
 421 397 401
 189 331 175
 253 397 297
 386 66 409
 343 466 342
 224 372 225
 316 225 372
 10 324 408
 363 172 313
 19 313 172
 279 271 462
 436 425 235
 341 333 88
 386 409 348
 61 371 59
 435 268 424
 204 186 96
 433 96 186
 384 380 452
 106 151 394
 442 387 358
 390 241 453
 246 163 464
 355 464 163
 374 276 277
 341 340 333
 3 231 364
 15 319 441
 52 401 397
 73 260 161
 429 416 430
 121 430 416
 273 191 282
 429 320 388
 433 432 352
 289 275 258
 5 407 321
 110 462 108
 94 96 119
 433 119 96
 363 443 172
 20 172 443
 398 241 255
 5 426 407
 162 276 208
 3 276 0
 162 207 163
 204 377 187
 267 314 447
 110 109 446
 349 348 409
 111 369 368
 220 456 99
 293 131 456
 436 437 107
 448 364 231
 316 335 249
 465 464 357
 355 357 464
 236 439 235
 126 368 322
 265 434 281
 121 458 430
 179 430 458
 246 302 93
 301 93 302
 363 352 432
 185 92 432
 436 134 122
 334 434 79
 265 79 434
 360 455 258
 289 258 455
 318 456 131
 121 23 458
 22 458 23
 83 178 375
 467 402 371
 97 72 329
 442 329 72
 81 80 263
 393 151 232
 217 105 449
 104 449 105
 53 107 461
 448 335 364
 145 353 287
 463 287 353
 343 263 450
 436 107 134
 326 454 327
 303 327 454
 467 371 369
 63 339 237
 165 167 370
 58 134 107
 31 298 112
 467 112 298
 240 468 255
 212 255 468
 111 112 369
 467 369 112
 429 164 373
 306 373 164
 334 428 434
 129 377 130
 83 375 42
 334 404 428
 405 428 404
 140 282 441
 360 359 454
 303 454 359
 431 247 256
 273 409 66
 176 213 177
 106 450 263
 184 105 182
 217 182 105
 347 194 410
 135 262 304
 114 158 423
 448 423 158
 19 21 459
 106 394 450
 192 450 394
 301 300 149
 433 352 460
 132 417 411
 379 411 417
 442 294 387
 107 437 461
 211 418 420
 168 256 418
 390 453 413
 261 413 453
 117 427 260
 242 402 298
 467 298 402
 351 457 460
 351 269 457
 435 457 269
 318 130 95
 340 445 333
 429 373 416
 98 329 365
 351 460 352
 451 437 439
 442 365 329
 343 193 466
 43 420 418
 243 201 449
 217 449 201
 347 414 194
 261 194 414
 433 460 119
 308 376 307
 233 307 376
 227 149 300
 184 232 151
 127 387 294
 15 441 115
 77 443 92
 463 353 422
 412 413 414
 398 453 241
 40 410 194
 261 414 413
 68 333 445
 160 399 423
 114 423 399
 451 461 437
 15
 110 279 315 65 67 76 389 462 272 75 193 342 446 466 440
 0
 0
 4
 315 178 177 375
 0
 0
 0
 0
 0
 0
 0
 0
 0
 28
 155 311 240 253 152 139 254 212 326 154 91 274 296 314 290 291 177 259 21 33 455 90 49 144 459 213 468 447
 29
 362 374 330 245 165 227 463 224 206 136 169 317 465 288 150 244 252 284 82 372 356 287 262 302 357 304 440 392 300
 8
 362 444 431 44 247 170 367 419
