729 1358
2.266543 4.837543 1
2.354569 4.780239 1
2.362011 4.940258 1
2.475768 4.831185 1
2.045098 3.303173 2
2.145648 3.373467 1
1.976770 3.446197 1
2.119670 3.493098 1
5.075511 3.255838 1
4.968703 3.179825 1
5.122739 3.104407 1
4.814559 2.925099 1
4.701535 3.049531 1
4.676769 2.899004 1
2.628444 4.929286 1
2.494393 5.003564 1
3.757726 4.591319 1
3.841367 4.732700 1
3.696275 4.709718 1
4.723909 5.068506 1
4.847394 4.979242 1
4.890870 5.132880 2
5.017903 4.996035 2
3.777970 3.146677 1
3.652420 3.199282 1
3.661256 3.088212 1
3.743002 3.263467 1
3.813725 3.367210 1
3.647573 3.329685 1
2.746652 3.966335 1
2.786584 3.867271 1
2.905543 3.942552 1
4.970822 4.493345 1
5.151458 4.531467 2
5.054547 4.627533 2
3.035245 2.932065 1
2.925088 2.947470 1
2.902174 2.798072 2
4.845317 3.097768 1
2.578471 3.951762 1
2.670653 4.094378 1
5.007074 3.044911 1
1.845991 4.317462 1
1.710832 4.271868 1
1.848897 4.146701 1
1.823967 3.799310 1
1.844278 3.966350 1
1.713768 3.849500 1
1.678203 3.965249 1
2.571431 3.205691 1
2.535318 3.365102 1
2.434222 3.215888 1
2.399718 3.322978 1
4.243496 4.933706 1
4.234445 4.810615 1
4.356071 4.907642 1
3.458855 4.122495 1
3.606796 4.177765 1
3.483129 4.255417 1
3.598774 4.337320 1
3.989424 5.286408 1
4.150170 5.339636 1
4.049580 5.430021 1
4.102524 5.218718 1
5.507239 3.685842 1
5.535018 3.555948 1
5.619704 3.700251 1
5.682586 3.599695 1
2.848079 5.061532 1
2.716476 5.031258 1
2.764699 4.932348 1
4.499614 3.585040 1
4.366788 3.584994 1
4.446567 3.471965 1
2.741634 3.009562 1
2.625647 3.073562 1
2.667062 2.893990 2
3.445907 2.659313 2
3.518409 2.790100 1
3.368222 2.742452 1
2.881194 4.935314 1
4.334121 3.451462 1
4.390341 4.809024 1
2.461796 4.161706 1
2.524874 4.329898 1
2.368239 4.274683 1
3.894337 4.620393 1
5.103247 4.421588 1
2.802897 4.053679 1
2.972581 3.152143 1
3.051320 3.237915 1
2.891829 3.294670 1
2.913982 3.504823 1
3.083112 3.536109 1
2.906021 3.610849 1
2.991431 3.677116 1
3.083775 2.826700 1
2.770490 3.248269 1
2.759542 3.399570 1
4.741090 4.800401 1
4.777213 4.665328 1
4.865252 4.762175 1
3.663119 3.911580 1
3.826711 3.869400 1
3.770090 3.992099 1
4.639359 4.733263 1
2.529397 2.962426 1
3.368343 3.309905 1
3.518182 3.389859 1
3.370279 3.428877 1
3.406950 5.209372 1
3.306184 5.104462 1
3.421729 5.051481 1
1.972178 4.097893 1
3.451608 3.228068 1
1.857689 3.579554 1
2.015769 3.551778 1
2.186648 3.695920 1
2.264641 3.792607 1
2.162940 3.843647 1
2.857611 3.172049 1
1.948714 4.534981 1
1.952836 4.392175 1
2.077769 4.478052 1
3.213394 5.191581 1
3.298322 5.287309 1
2.081096 3.728491 1
4.473174 3.256110 1
4.567456 3.148981 1
4.605954 3.329224 1
4.706223 3.210999 1
3.683997 3.444801 1
2.677975 4.403424 1
2.632258 4.578031 1
2.560628 4.436356 1
3.390509 2.852428 1
5.214097 3.331745 1
5.065293 3.368719 1
3.965637 4.859202 1
4.098414 4.774844 1
4.116724 4.919291 1
5.846843 3.183881 1
5.884804 3.080605 2
5.940642 3.220175 1
3.758397 3.758531 1
5.345166 4.081958 1
5.223313 4.165204 1
5.225334 4.010153 1
5.087319 4.059354 1
5.003970 3.950645 1
4.940084 4.025068 1
4.666161 4.606328 1
3.629506 5.674319 1
3.675593 5.526574 1
3.741936 5.683527 2
3.789196 5.580353 2
1.545395 3.612684 2
1.708498 3.610493 1
1.647203 3.724900 1
2.748864 4.504391 1
3.486349 2.979638 1
3.405792 3.076089 1
3.373044 2.967898 1
3.287072 3.032096 1
2.868498 3.815696 1
2.218435 4.216924 1
2.195001 4.360684 1
2.319805 4.424444 1
2.288267 3.928280 1
2.194062 4.086891 1
2.123543 3.972538 1
2.162099 4.878536 1
2.217421 4.707479 1
3.447616 5.752425 1
3.519192 5.612889 1
3.560547 5.764571 1
2.000322 3.658331 1
5.997469 3.137192 2
4.979978 4.129759 1
4.403582 5.393932 2
4.367148 5.274304 1
4.506149 5.309174 1
1.708725 4.146117 1
4.462722 2.564050 2
4.526483 2.659689 1
4.347877 2.679267 1
4.475300 2.761858 1
2.076948 4.795655 1
2.681637 4.256405 1
3.036210 5.285058 1
3.164217 5.324009 1
3.073294 5.462520 2
2.328976 4.094757 1
3.560399 3.252693 1
3.544816 3.119268 1
3.285072 4.974949 1
5.118882 3.475273 1
2.362937 3.794144 1
2.445605 3.866630 1
2.582572 4.189142 1
4.725826 4.925068 1
4.694458 3.842130 1
4.748693 3.756030 1
4.857194 3.886184 1
4.935095 3.324694 1
5.745697 3.173218 1
5.735101 3.058170 2
4.854363 3.730528 1
4.038846 3.000278 1
4.123266 2.867643 1
4.188133 2.985779 1
3.739409 2.992201 1
3.420814 4.912316 1
3.522639 5.143044 1
4.312762 2.854862 1
4.226376 2.765024 1
4.375290 2.773214 1
2.438004 4.007002 1
5.155808 4.309731 1
5.021509 4.346021 1
5.072066 4.195681 1
3.803937 5.090874 1
3.644509 5.074558 1
3.738236 4.948034 1
3.549135 2.892482 1
3.672231 4.470662 1
3.522887 4.489528 1
3.686920 3.654907 1
3.811975 3.609040 1
3.898018 3.736639 1
3.158106 4.022573 1
3.266143 3.958967 1
3.291701 4.098896 1
4.576276 2.986893 1
2.658534 3.302438 1
2.883681 5.235128 2
2.739348 5.145971 1
2.747687 5.279744 2
2.054163 4.363466 1
3.669930 4.054786 1
3.553286 4.052860 1
2.211415 4.472812 1
3.754881 5.387010 1
3.830001 5.262227 1
3.897923 5.397285 1
2.896825 4.090075 1
3.989231 4.708849 1
2.559604 4.702583 1
2.620094 4.801671 1
4.011201 4.580757 1
1.981885 4.254064 1
3.189224 4.781227 1
3.283570 4.849749 1
3.133970 4.921449 1
5.014447 3.851910 1
2.723489 4.742270 1
4.905974 2.997900 1
3.026370 3.348619 1
3.945071 5.537083 2
3.818583 5.480961 1
4.029822 3.147438 1
3.900661 3.036299 1
5.382433 3.262294 1
5.349648 3.407403 1
2.958092 5.380297 2
4.097756 4.656532 1
3.114750 3.650118 1
5.404654 3.643694 1
4.559124 5.076210 1
4.616161 4.974397 1
3.049341 4.632110 1
2.900057 4.632640 1
2.965014 4.544440 1
2.946177 4.744067 1
4.771914 5.224289 2
5.176482 3.200482 1
4.928779 4.868985 1
3.760977 4.141288 1
3.865321 4.286638 1
3.730860 4.287013 1
4.101400 3.641224 1
4.029352 3.743405 1
3.953509 3.619774 1
2.609238 3.517793 1
2.523007 3.648184 1
2.486100 3.502004 1
4.980274 3.545190 1
4.992145 3.435794 1
3.416707 5.654121 1
3.519774 5.432137 1
2.056813 4.649498 1
5.894660 3.516148 1
6.056940 3.532387 2
5.938301 3.649847 3
5.076163 3.588451 1
5.056581 2.785297 2
5.135196 2.938230 1
4.979111 2.910539 1
3.510444 3.945162 1
4.667202 3.462225 1
4.769167 3.354741 1
4.384297 4.111179 1
4.321894 4.212945 1
4.274329 4.054249 1
4.440813 5.201459 1
3.306064 4.596165 1
3.447032 4.666956 1
3.290806 4.717952 1
3.381533 4.790601 1
3.204232 3.703293 1
3.226218 3.840267 1
3.088363 3.763826 1
5.244003 3.003819 1
3.890006 4.160296 1
4.208792 4.172944 1
4.640522 2.762918 1
1.541535 4.288084 2
1.557101 4.441323 1
1.435274 4.418665 2
3.482398 4.827260 1
2.614580 5.068915 1
2.174151 3.085896 1
2.029438 3.159523 2
2.100081 2.995924 2
5.387218 3.530872 1
4.650256 5.168060 1
4.896239 2.810410 1
4.802077 2.705404 2
4.970611 2.699820 2
3.196591 2.947488 1
4.562850 2.864707 1
3.565191 4.752255 1
3.405697 4.008058 1
5.491504 3.133132 1
5.603273 3.042680 2
5.642973 3.185237 1
3.134465 3.448697 1
3.206612 3.570246 1
3.652773 5.830866 2
3.510746 5.861794 2
2.818202 2.930408 2
1.538939 3.726226 1
3.158952 4.149160 1
3.355225 4.213881 1
1.997262 3.961263 1
5.253133 3.592055 1
5.149763 3.675928 1
4.840199 3.236122 1
4.095340 3.866561 1
4.196617 3.755592 1
3.590630 2.684185 2
4.062547 2.751495 2
5.521235 3.272081 1
2.170873 4.567527 1
1.666563 4.399127 1
3.485222 4.369045 1
2.675906 3.858227 1
2.293629 4.533353 1
2.364146 4.641335 1
3.233610 2.820423 1
4.946111 4.241687 1
2.940133 4.188791 1
2.794811 4.175054 1
2.859029 4.264322 1
4.228453 5.249140 1
4.223283 5.113678 1
4.090350 5.075854 1
4.370944 3.065555 1
4.445385 2.912859 1
4.486003 3.063442 1
5.809717 3.636134 1
2.556775 3.810593 1
3.313319 3.773828 1
3.105634 3.030736 1
3.277953 2.669799 2
3.334796 3.669358 1
3.130578 3.901307 1
1.592145 4.171113 2
1.852256 4.457335 1
3.253668 3.446566 1
5.544936 3.387389 1
5.672415 3.443717 1
3.038144 2.689117 2
4.531424 4.616923 1
4.485788 4.489397 1
4.613379 4.491912 1
3.004563 3.449836 1
2.875806 3.413953 1
3.189896 5.445690 1
3.905096 3.170962 1
3.613718 4.608540 1
4.293717 4.469721 1
4.224833 4.577634 1
4.176639 4.432660 1
2.042769 3.837402 1
2.653286 3.746954 1
5.254696 3.469616 1
5.356595 3.148484 1
4.030450 3.517035 1
2.772818 3.517823 1
4.009738 4.968693 1
2.540742 4.074995 1
4.267220 3.534466 1
4.932013 4.647442 1
5.275603 3.211721 1
4.759320 3.939040 1
4.299214 2.967769 1
3.616906 5.228161 1
3.632662 5.360464 1
3.724198 5.187801 1
1.935556 3.863652 1
3.259622 3.307623 1
2.276365 3.172421 1
2.319116 3.273398 1
4.892799 3.621217 1
4.877970 3.460608 1
4.805853 3.550478 1
2.385357 3.105984 1
3.308843 3.184427 1
3.145880 2.740204 1
4.113810 4.543948 1
1.757389 4.056217 1
4.359907 3.812293 1
4.230332 3.864177 1
2.969521 4.300983 1
2.823711 4.393661 1
2.964751 3.791596 1
5.546039 4.041147 2
5.535244 3.911534 1
5.645875 3.954549 2
2.956564 4.427278 1
3.749798 4.799947 1
4.314122 4.746890 1
1.824021 3.453087 1
2.468989 4.628735 1
2.523161 4.529856 1
3.944857 3.279537 1
4.080956 3.284735 1
3.979446 3.402946 1
4.129733 3.082790 1
4.349597 5.130523 1
3.033436 3.865733 1
3.839779 3.241144 1
2.369568 5.111186 2
4.835374 3.996528 1
4.329508 3.709597 1
4.153842 4.086401 1
4.099603 4.201324 1
3.998106 4.081865 1
3.977496 4.237344 1
1.583376 3.502321 2
2.313524 3.484680 1
2.376864 3.565907 1
2.233952 3.561823 1
3.959849 2.875437 2
4.385042 4.553868 1
5.330670 3.718760 1
5.229077 3.752170 1
3.478721 3.539876 1
2.141032 3.189655 1
2.118942 4.284904 1
2.398672 3.432443 1
5.000618 3.700143 1
5.123907 3.795362 1
3.102245 5.190632 1
3.193439 5.063548 1
3.065319 4.494302 1
3.173604 4.555604 1
2.442650 4.721149 1
4.555039 3.463412 1
4.327531 2.549852 2
2.267133 3.651647 1
4.514215 4.754536 1
3.384558 3.882700 1
2.093771 4.187382 1
2.798532 3.650784 1
3.717463 2.749289 2
3.631456 2.815304 1
4.931655 3.792191 1
5.252491 3.116881 1
3.554677 4.894423 1
3.533933 5.005734 1
2.078709 4.956062 2
1.963672 4.855675 2
4.504116 4.885536 1
4.224841 2.889864 1
3.077426 5.065394 1
2.976465 4.996763 1
2.980428 4.866797 1
4.106912 3.411744 1
2.161426 5.086014 2
2.191758 4.977833 1
3.026547 4.078624 1
3.601517 3.546279 1
4.186042 5.012258 1
2.451574 3.748473 1
5.769532 3.529817 1
3.295975 2.916973 1
1.738686 4.527773 1
1.624204 4.521267 1
4.133937 2.644026 2
5.292158 4.288077 1
5.353764 4.366374 2
5.237947 4.414595 2
3.837439 2.919240 1
3.739827 2.848954 1
3.784562 3.477700 1
3.659046 2.917655 1
3.947360 5.059838 1
3.918432 5.171042 1
2.776603 4.618862 1
2.085275 4.074595 1
2.677222 3.628210 1
4.982566 4.748600 1
3.565874 3.649191 1
3.447007 3.652848 1
4.449084 4.999966 1
2.849089 4.819247 1
2.264250 4.935091 1
4.910671 4.378747 1
2.862094 4.510117 1
5.353297 4.189147 1
5.444251 4.126675 2
5.430542 4.274333 2
1.693205 3.467392 1
1.609873 3.384493 2
1.757735 3.323189 2
4.518124 4.381610 1
4.611162 2.568521 2
4.683551 2.651215 2
3.519101 3.834054 1
1.899794 3.359475 2
2.839083 4.711417 1
1.885537 3.695536 1
2.200313 3.282825 1
4.426431 4.309072 1
4.467340 4.192899 1
2.440646 4.411197 1
4.499074 3.366894 1
3.234506 4.368670 1
3.086691 4.360928 1
3.178654 4.262046 1
4.292946 3.352727 1
4.196562 3.299059 1
4.326914 3.215930 1
5.198067 2.804463 2
5.303451 2.895233 2
4.328856 4.652014 1
4.216404 4.703088 1
5.373013 3.032829 1
2.717163 4.844965 1
3.160703 4.445453 1
3.251264 5.385256 1
3.381427 5.371530 1
3.278691 5.499142 1
3.398920 4.532316 1
5.056756 4.851300 2
3.077367 4.789127 1
1.768899 4.404296 1
3.409681 5.515831 1
5.729296 3.741757 1
3.649375 4.834450 1
4.421032 4.682944 1
3.180450 3.215299 1
3.155227 3.341714 1
3.166606 4.677914 1
4.836103 4.272596 1
2.986669 5.144243 1
3.204031 3.102371 1
4.185935 3.189254 1
3.827495 2.795848 2
6.066569 3.266784 3
1.511669 4.565185 2
4.767579 2.825063 1
2.364691 3.674391 1
2.768164 4.308964 1
3.152739 2.636584 3
5.843804 3.761670 2
3.622774 3.758597 1
4.310056 3.929770 1
2.667090 3.420545 1
4.522327 3.976162 1
4.433736 3.897782 1
4.591756 3.867225 1
4.274296 5.361598 1
4.867213 4.558381 1
3.905245 3.963724 1
3.856679 4.061239 1
4.244239 2.651063 2
5.449541 3.355074 1
3.698494 4.373678 1
3.808077 4.401528 1
3.818960 4.513000 1
4.232365 3.643092 1
3.875270 4.965647 1
3.892028 3.497513 1
4.314944 5.007007 1
2.765425 3.758421 1
2.754933 3.122748 1
1.774530 3.699827 1
4.818504 4.870011 1
4.203794 5.453638 1
4.104136 5.545857 2
2.676207 3.190542 1
2.506077 5.152360 2
5.740881 3.308495 1
5.795193 3.431835 1
3.296501 4.470175 1
4.620383 4.846562 1
4.013083 3.953603 1
6.013796 3.411810 2
3.510435 5.292639 1
4.650166 5.279795 1
4.634031 5.393753 2
4.633486 4.354214 1
1.407226 3.692912 3
1.494057 3.828117 2
4.189739 3.956672 1
4.158294 3.530331 1
3.338020 5.587583 1
4.464545 5.116072 1
3.609040 2.999769 1
5.491444 3.009066 2
3.624146 4.951439 1
4.042265 4.458383 1
3.921630 4.489553 1
3.952791 4.375410 1
5.429600 2.915470 2
4.491944 4.086090 1
4.394097 4.005012 1
4.097208 3.997294 1
3.050842 3.962158 1
2.274977 5.033824 2
4.517680 5.427602 2
4.508618 3.793003 1
5.449452 3.446203 1
3.062189 4.222247 1
5.627527 3.318141 1
4.396381 3.339750 1
4.021440 5.155866 1
2.291043 3.043742 1
2.404053 3.000973 1
3.713630 5.288313 1
4.772575 5.352796 2
2.293576 2.914561 2
3.834062 4.861106 1
2.998208 3.041924 1
3.083927 3.128006 1
4.844534 4.120267 1
4.067450 4.328677 1
4.746282 4.023415 1
4.615785 4.052131 1
4.648560 3.952608 1
1.755826 4.672694 2
1.634479 4.644356 2
4.770158 3.460246 1
2.111428 3.605422 1
4.695701 4.120321 1
5.088861 4.732314 2
5.845794 3.290335 1
5.897887 3.398452 1
4.444899 3.150003 1
4.751874 4.209885 1
4.546166 5.191502 1
3.714086 3.543481 1
1.632625 4.071932 2
1.541506 3.965039 2
4.296638 4.351752 1
1.980952 4.739970 1
2.626641 5.202529 2
1.866666 4.740505 2
1.847712 4.590309 1
3.182012 5.557523 2
4.189581 4.291617 1
3.252874 4.200253 1
4.747875 4.543130 1
4.256149 3.096748 1
3.243331 5.637528 2
4.439803 3.695257 1
1.602232 3.849742 1
5.231665 3.874136 1
5.332923 3.944551 1
2.401201 4.527609 1
5.120804 3.930712 1
1.961541 3.763787 1
3.351694 3.548263 1
3.371267 4.340522 1
5.440802 3.996083 1
5.425378 3.879509 1
3.422117 4.438757 1
5.329196 3.825469 1
2.499911 3.088206 1
4.838349 4.462823 1
3.965398 3.853828 1
4.223198 3.429797 1
5.633647 3.820791 1
5.519513 3.798273 1
1.940171 4.651053 1
2.872922 3.056670 1
2.429618 2.873436 2
4.555874 4.268365 1
3.279840 4.277283 1
5.748894 3.857811 2
3.416794 3.773523 1
4.723359 4.428094 1
3.387095 5.854040 3
3.315720 5.737246 2
2.540833 2.848108 2
4.396034 4.419438 1
4.810153 4.375240 1
3.516917 3.732760 1
1.769243 3.527869 1
4.228028 5.563161 2
2.284962 3.372878 1
2.219551 3.457190 1
5.419442 3.758591 1
4.629376 3.767317 1
5.950565 3.323470 1
4.562174 3.680274 1
4.655750 4.229373 1
4.732930 4.312341 1
4.589895 4.154187 1
2.883663 3.715283 1
4.314150 5.465457 2
4.608068 3.572247 1
4.670556 3.665241 1
4.779534 3.649229 1
4.710295 3.562259 1
2.212756 2.982619 2
 0 1 2
 1 3 2
 4 5 6
 6 5 7
 8 9 10
 11 12 13
 3 14 15
 16 17 18
 19 20 21
 22 21 20
 23 24 25
 26 27 28
 29 30 31
 32 33 34
 35 36 37
 11 38 12
 39 29 40
 10 9 41
 42 43 44
 45 46 47
 48 47 46
 49 50 51
 52 51 50
 53 54 55
 56 57 58
 59 58 57
 60 61 62
 63 61 60
 64 65 66
 67 66 65
 3 15 2
 68 69 70
 71 72 73
 74 75 76
 77 78 79
 68 70 80
 73 72 81
 55 54 82
 83 84 85
 86 17 16
 32 87 33
 29 31 88
 89 90 91
 92 93 94
 95 94 93
 96 35 37
 97 91 98
 99 100 101
 102 103 104
 105 100 99
 106 76 75
 107 108 109
 110 111 112
 113 44 46
 107 114 108
 115 6 116
 117 118 119
 89 91 120
 121 122 123
 124 111 125
 117 119 126
 127 128 129
 130 129 128
 28 27 131
 132 133 134
 78 135 79
 136 137 8
 138 139 140
 141 142 143
 102 144 103
 125 111 110
 145 146 147
 148 147 146
 149 148 150
 105 151 100
 152 153 154
 155 154 153
 156 157 158
 159 133 132
 160 161 162
 163 162 161
 164 31 30
 165 85 166
 167 166 85
 168 169 170
 0 171 172
 173 174 175
 115 116 176
 143 142 177
 150 148 178
 179 180 181
 182 44 43
 183 184 185
 186 185 184
 172 171 187
 188 132 84
 189 190 191
 23 26 24
 165 192 85
 83 85 192
 193 114 194
 195 112 111
 136 196 137
 41 9 38
 168 197 198
 83 199 84
 188 84 199
 19 200 20
 201 202 203
 161 194 114
 204 8 137
 205 206 142
 141 205 142
 207 203 202
 208 209 210
 23 25 211
 195 212 112
 110 112 213
 214 215 216
 152 175 174
 193 194 24
 168 198 217
 39 217 198
 218 219 220
 221 222 223
 215 185 216
 78 224 135
 160 135 224
 59 225 226
 227 228 144
 229 144 228
 230 231 232
 233 13 12
 97 98 234
 68 235 236
 237 236 235
 238 166 123
 239 240 102
 166 241 123
 242 243 244
 60 244 243
 83 192 217
 245 88 31
 138 246 139
 3 247 248
 86 249 246
 42 44 250
 251 252 253
 254 149 203
 255 247 133
 11 256 38
 257 91 90
 258 155 259
 3 248 14
 130 12 38
 208 260 261
 136 262 263
 189 191 264
 265 246 249
 95 93 266
 64 267 65
 19 268 269
 270 271 272
 270 273 271
 19 21 274
 136 8 275
 22 20 276
 277 278 279
 280 281 282
 150 203 149
 283 284 285
 286 287 196
 173 288 174
 152 174 153
 289 153 174
 187 290 172
 291 292 293
 286 196 294
 295 296 297
 41 297 296
 240 298 102
 299 129 300
 130 300 129
 301 302 303
 304 181 180
 305 306 307
 308 307 306
 309 310 311
 168 118 197
 296 312 10
 195 253 252
 277 313 278
 204 9 8
 302 314 303
 315 186 184
 316 317 318
 308 306 319
 320 14 69
 70 69 14
 321 322 323
 324 65 267
 19 325 268
 326 327 328
 218 220 146
 96 329 35
 315 330 186
 306 331 319
 56 232 332
 19 269 200
 333 334 335
 206 335 334
 93 336 337
 11 326 297
 59 57 279
 277 279 57
 338 339 175
 36 340 37
 160 194 161
 156 158 341
 93 337 266
 230 232 342
 56 343 232
 41 38 256
 113 46 344
 168 192 169
 196 345 294
 346 294 345
 130 38 347
 348 281 349
 77 350 78
 351 215 209
 168 170 119
 333 352 262
 353 172 290
 316 43 354
 59 226 355
 39 356 29
 353 357 172
 358 172 357
 359 329 96
 360 220 219
 361 362 245
 363 362 361
 364 63 365
 366 365 63
 316 354 317
 367 368 369
 291 293 370
 39 198 371
 309 372 310
 373 35 329
 359 374 79
 309 375 372
 242 259 153
 193 108 114
 310 376 311
 316 377 43
 121 378 122
 379 337 336
 41 296 10
 380 381 65
 238 123 122
 382 96 37
 383 384 385
 257 386 387
 191 190 388
 260 389 261
 390 306 226
 391 392 393
 280 349 281
 394 170 344
 395 371 284
 136 396 196
 333 262 397
 257 387 91
 280 282 398
 283 285 50
 359 79 135
 92 94 399
 138 140 400
 233 12 128
 130 128 12
 83 217 401
 402 81 72
 32 34 403
 136 404 262
 189 264 235
 201 203 405
 367 406 368
 407 213 222
 242 153 408
 221 409 222
 407 222 409
 45 410 46
 379 411 109
 412 51 413
 414 415 286
 416 415 414
 417 51 412
 163 161 418
 359 419 374
 392 420 393
 155 153 259
 48 46 421
 349 422 423
 363 424 425
 258 244 62
 60 62 244
 107 418 114
 164 426 31
 427 428 429
 430 425 424
 309 266 337
 394 119 170
 431 18 17
 54 432 82
 115 433 6
 152 154 338
 434 435 133
 247 434 133
 436 437 438
 435 134 133
 208 210 439
 364 365 440
 441 31 426
 7 116 6
 25 24 194
 23 442 26
 443 2 15
 364 440 180
 150 444 203
 445 422 349
 446 447 448
 449 448 447
 148 146 220
 156 450 157
 451 452 453
 92 386 93
 208 454 209
 383 455 384
 456 457 345
 458 109 108
 322 459 4
 390 225 16
 238 250 460
 92 399 387
 52 50 461
 159 132 425
 254 462 463
 124 464 465
 270 466 467
 3 468 247
 230 376 231
 67 65 381
 299 469 129
 183 185 470
 452 471 453
 295 297 326
 383 105 472
 289 408 153
 390 331 306
 473 231 310
 250 474 460
 475 399 94
 476 477 350
 320 15 14
 254 203 478
 479 10 312
 480 481 212
 187 482 483
 484 82 472
 214 485 215
 486 487 253
 488 253 487
 484 55 82
 46 44 421
 366 400 140
 489 438 437
 490 482 491
 436 260 437
 245 31 492
 196 287 137
 458 108 493
 131 493 108
 366 140 494
 284 371 495
 291 370 496
 346 345 457
 359 135 497
 310 231 376
 74 76 340
 49 234 50
 498 499 354
 383 151 105
 255 248 247
 351 500 215
 107 109 411
 161 114 418
 501 502 503
 54 140 139
 54 53 140
 113 250 44
 71 73 469
 309 337 375
 504 211 505
 131 27 506
 507 505 211
 221 508 509
 221 509 243
 168 217 192
 255 133 510
 113 344 511
 283 512 284
 395 284 512
 473 310 372
 113 474 250
 101 403 513
 456 345 267
 486 465 464
 148 220 178
 351 209 454
 441 311 376
 458 514 515
 484 269 516
 268 516 269
 458 493 514
 346 463 462
 50 285 461
 284 452 285
 488 517 273
 0 2 518
 77 79 374
 360 219 519
 271 510 520
 521 522 523
 524 525 526
 384 527 385
 168 119 118
 528 529 184
 170 511 344
 102 298 530
 101 513 276
 184 529 315
 6 531 4
 107 411 418
 517 532 273
 115 176 533
 534 4 459
 535 302 536
 301 536 302
 84 537 85
 129 469 538
 539 540 541
 542 543 544
 233 368 330
 295 545 296
 546 296 545
 547 548 392
 333 397 549
 70 14 550
 551 540 539
 552 553 554
 306 555 226
 22 276 556
 251 253 557
 524 157 450
 204 415 300
 498 354 558
 321 459 322
 553 559 554
 324 396 263
 67 370 560
 391 455 392
 547 392 455
 353 290 123
 121 123 290
 324 267 345
 431 223 561
 547 432 548
 383 562 455
 563 564 90
 305 307 565
 360 519 566
 32 219 87
 390 226 225
 68 487 567
 486 567 487
 68 236 69
 188 40 362
 373 329 568
 504 454 261
 208 261 454
 569 437 260
 504 570 454
 233 369 368
 177 571 143
 569 544 543
 572 318 317
 11 573 326
 574 452 284
 524 526 433
 182 43 377
 101 100 403
 132 575 425
 98 387 399
 374 419 576
 577 370 293
 295 326 328
 227 144 578
 102 578 144
 324 345 396
 579 423 422
 305 565 467
 480 212 319
 277 57 239
 59 355 58
 214 216 368
 186 368 216
 160 162 135
 207 478 203
 283 50 580
 449 313 448
 581 582 583
 189 235 567
 11 297 256
 56 58 343
 179 584 180
 473 530 298
 32 403 585
 254 478 462
 586 448 587
 233 330 13
 159 520 510
 366 508 400
 218 146 501
 185 588 470
 262 352 589
 479 312 549
 546 549 312
 59 590 225
 591 592 225
 445 593 72
 221 594 508
 222 213 481
 82 432 562
 436 438 27
 595 27 438
 596 516 440
 475 597 512
 74 598 75
 138 17 246
 229 282 281
 331 18 561
 158 599 47
 390 18 331
 60 243 509
 215 485 209
 484 516 55
 112 212 481
 552 388 190
 276 20 600
 601 602 62
 165 474 169
 67 560 66
 208 439 260
 569 260 439
 75 598 603
 214 368 406
 443 15 604
 605 606 381
 305 467 607
 551 607 467
 473 298 332
 68 567 235
 551 467 466
 484 472 608
 221 223 594
 165 169 192
 258 62 602
 586 609 448
 291 610 292
 110 611 553
 289 553 611
 612 613 181
 270 565 557
 614 385 527
 101 276 600
 156 341 615
 616 615 341
 579 303 617
 280 398 618
 489 618 398
 67 381 496
 395 512 597
 559 288 619
 29 88 40
 174 288 559
 39 40 401
 188 199 40
 574 284 495
 229 103 144
 183 528 184
 516 620 440
 218 501 503
 25 621 211
 333 549 622
 222 623 223
 479 549 397
 624 625 626
 45 47 599
 270 557 273
 507 211 621
 258 259 244
 271 273 532
 102 530 578
 546 312 296
 257 90 564
 436 389 260
 546 627 549
 581 628 629
 289 174 559
 402 72 593
 204 300 347
 130 347 300
 124 465 111
 446 448 630
 277 239 104
 31 631 492
 443 632 2
 181 613 633
 586 104 103
 634 583 582
 380 65 635
 488 557 253
 145 521 146
 394 126 119
 163 568 329
 105 608 472
 636 492 342
 230 342 492
 504 261 211
 23 211 261
 380 637 381
 605 381 637
 270 272 466
 78 350 477
 591 225 590
 486 253 465
 195 465 253
 382 419 96
 542 544 638
 366 639 508
 68 80 487
 225 592 16
 186 216 185
 359 96 419
 215 588 185
 346 462 294
 286 294 462
 417 640 641
 138 400 594
 508 594 400
 242 642 243
 187 171 482
 221 243 409
 445 349 593
 612 274 643
 595 228 506
 644 641 640
 431 645 223
 89 646 647
 305 555 306
 636 342 541
 117 471 118
 574 118 471
 591 279 278
 152 338 175
 360 566 648
 265 139 246
 110 213 611
 407 611 213
 624 649 393
 223 623 561
 574 197 118
 650 651 652
 547 562 432
 498 653 654
 373 647 646
 82 562 472
 299 300 655
 176 656 126
 650 657 651
 403 34 513
 658 513 34
 186 330 368
 127 129 538
 606 659 660
 127 661 128
 207 462 478
 605 659 606
 238 122 250
 42 250 122
 127 638 544
 112 481 213
 662 648 566
 167 85 537
 488 80 517
 136 263 396
 315 13 330
 173 175 339
 188 575 132
 86 16 592
 579 629 303
 605 335 205
 232 231 332
 46 410 344
 591 626 625
 268 325 663
 286 462 414
 207 414 462
 39 401 217
 228 664 506
 563 418 411
 115 599 157
 48 665 666
 535 667 302
 395 597 356
 187 483 668
 56 240 57
 320 236 669
 237 669 236
 670 653 671
 605 637 335
 138 645 17
 191 388 672
 605 205 659
 650 648 657
 662 657 648
 670 668 483
 206 205 335
 333 335 352
 38 9 347
 673 393 649
 70 550 517
 255 517 550
 342 674 541
 289 611 408
 407 408 611
 298 240 332
 56 332 240
 200 600 20
 379 564 411
 0 172 1
 358 1 172
 218 87 219
 233 128 369
 595 438 398
 489 398 438
 354 499 317
 383 385 151
 675 151 385
 367 544 676
 569 676 544
 619 677 554
 672 554 677
 98 399 580
 283 580 399
 601 62 61
 271 520 272
 320 604 15
 634 422 678
 158 679 341
 315 573 13
 182 421 44
 97 120 91
 572 499 654
 680 681 147
 193 28 108
 131 108 28
 358 682 434
 591 278 626
 591 590 279
 624 626 649
 98 91 387
 280 593 349
 680 147 683
 148 683 147
 289 559 553
 595 398 282
 32 519 219
 45 533 684
 379 109 685
 607 539 686
 141 659 205
 488 487 80
 427 687 428
 688 428 687
 689 355 226
 45 684 410
 301 629 628
 60 639 63
 364 61 63
 680 690 681
 326 573 327
 498 654 499
 257 336 386
 574 471 452
 581 629 582
 257 564 336
 277 104 587
 49 51 691
 188 362 575
 92 387 386
 363 575 362
 32 692 519
 204 137 287
 473 332 231
 49 691 75
 229 693 103
 167 241 166
 102 104 239
 489 437 543
 402 618 694
 616 341 679
 304 663 181
 612 181 663
 695 696 66
 64 66 696
 356 597 30
 489 543 694
 110 553 125
 552 125 553
 70 517 80
 379 685 337
 670 671 697
 348 693 281
 89 120 698
 158 157 599
 49 603 234
 380 589 352
 86 592 625
 448 313 587
 673 302 667
 106 641 699
 644 699 641
 689 226 555
 86 246 17
 689 607 686
 534 5 4
 358 357 682
 435 537 134
 41 256 297
 577 560 370
 449 278 313
 324 263 635
 446 303 314
 165 166 460
 348 349 423
 373 568 647
 315 327 573
 305 607 555
 689 555 607
 210 209 485
 165 460 474
 106 75 691
 124 125 190
 552 190 125
 324 635 65
 360 178 220
 117 126 656
 353 123 241
 39 371 356
 262 589 263
 381 606 496
 23 261 389
 60 509 639
 535 536 700
 449 626 278
 435 682 537
 624 249 625
 59 279 590
 391 393 667
 673 667 393
 402 593 618
 280 618 593
 431 561 18
 390 16 18
 701 343 686
 58 686 343
 245 492 361
 636 361 492
 475 512 399
 675 100 151
 131 664 493
 227 493 664
 121 671 378
 498 378 671
 595 282 228
 187 668 290
 449 649 626
 577 702 560
 291 660 610
 360 648 178
 596 365 494
 333 622 334
 473 703 530
 36 698 340
 74 340 698
 402 694 81
 84 132 134
 210 406 676
 367 676 406
 614 704 385
 675 385 704
 146 521 501
 291 496 606
 498 558 378
 57 240 239
 230 492 631
 446 617 303
 255 532 517
 265 548 139
 204 347 9
 86 625 249
 612 325 274
 19 274 325
 173 705 706
 52 413 51
 480 331 561
 695 560 702
 367 661 544
 106 699 707
 624 393 420
 586 693 609
 159 510 133
 680 683 463
 254 463 683
 127 544 661
 150 178 648
 449 447 649
 673 649 447
 176 116 656
 121 290 697
 348 609 693
 32 585 692
 535 700 527
 563 90 647
 348 617 630
 48 666 679
 417 691 51
 441 631 31
 619 554 559
 115 533 599
 430 520 425
 195 252 212
 308 212 252
 229 281 693
 391 708 455
 480 319 331
 285 452 461
 451 461 452
 89 698 646
 491 482 171
 688 696 428
 695 428 696
 42 122 378
 474 511 169
 113 511 474
 709 566 519
 321 412 459
 534 459 412
 227 578 514
 710 514 578
 238 460 166
 195 111 465
 196 396 345
 11 13 573
 189 567 464
 524 433 711
 710 578 530
 320 669 604
 364 584 61
 601 61 584
 26 442 27
 436 27 442
 524 711 157
 115 157 711
 673 314 302
 596 440 365
 300 415 655
 36 646 698
 227 664 228
 229 228 282
 601 712 602
 40 88 362
 148 149 683
 375 515 703
 136 275 404
 534 713 5
 283 399 512
 304 180 440
 384 455 708
 596 53 55
 636 540 424
 596 494 53
 210 676 439
 569 439 676
 403 100 585
 145 147 681
 581 583 652
 67 496 370
 430 272 520
 394 344 410
 106 707 76
 698 120 598
 491 632 490
 128 661 369
 348 630 609
 48 421 665
 182 665 421
 265 420 392
 435 434 682
 445 678 422
 304 620 663
 268 663 620
 634 582 422
 486 464 567
 508 639 509
 73 538 469
 198 495 371
 265 392 548
 251 557 565
 430 540 466
 551 466 540
 167 357 241
 695 702 429
 204 287 415
 97 234 603
 106 691 641
 159 425 520
 48 679 47
 636 541 540
 308 319 212
 395 356 371
 526 531 433
 713 714 5
 251 307 252
 308 252 307
 64 715 267
 348 423 617
 242 244 259
 619 288 706
 173 706 288
 612 643 613
 695 429 428
 407 642 408
 366 494 365
 49 75 603
 74 698 598
 634 716 583
 382 576 419
 717 143 571
 193 24 28
 26 28 24
 535 527 708
 384 708 527
 277 587 313
 636 424 361
 320 69 236
 251 565 307
 315 529 327
 54 139 548
 173 339 705
 145 681 687
 572 317 499
 650 444 648
 150 648 444
 616 679 666
 448 609 630
 634 718 716
 523 501 521
 547 455 562
 163 329 497
 83 401 199
 40 199 401
 167 682 357
 701 686 539
 717 571 610
 430 466 272
 179 181 633
 710 515 514
 354 43 558
 42 558 43
 658 556 513
 276 513 556
 97 603 598
 479 397 404
 223 645 594
 430 424 540
 710 703 515
 417 412 640
 489 694 618
 54 548 432
 695 66 560
 563 568 418
 569 543 437
 227 514 493
 614 719 720
 163 497 162
 586 103 693
 366 63 639
 488 273 557
 542 694 543
 14 248 550
 614 700 719
 363 425 575
 124 190 464
 189 464 190
 710 530 703
 721 700 536
 268 620 516
 498 671 653
 42 378 558
 375 703 372
 535 708 667
 158 47 679
 50 234 580
 98 580 234
 321 640 412
 417 641 691
 619 706 677
 375 685 515
 534 412 413
 64 696 715
 563 647 568
 242 408 642
 673 447 314
 140 53 494
 480 561 623
 301 303 629
 458 685 109
 375 337 685
 52 461 713
 451 713 461
 475 722 597
 164 597 722
 551 539 607
 170 169 511
 721 536 628
 491 171 518
 416 655 415
 612 663 325
 596 55 516
 563 411 564
 262 404 397
 601 723 712
 446 314 447
 163 418 568
 335 637 352
 89 647 90
 446 630 617
 286 415 287
 579 582 629
 579 617 423
 33 87 503
 650 652 405
 201 405 652
 363 361 424
 595 506 27
 182 377 665
 71 724 718
 725 718 724
 290 668 697
 504 505 570
 709 519 692
 458 515 685
 380 352 637
 245 362 88
 591 625 592
 383 472 562
 299 724 469
 270 467 565
 614 527 700
 364 180 584
 542 81 694
 407 409 642
 97 598 120
 523 502 501
 436 442 389
 179 723 584
 601 584 723
 145 687 522
 427 522 687
 431 17 645
 58 355 686
 689 686 355
 115 711 433
 549 627 622
 301 628 536
 534 413 713
 701 541 674
 200 269 608
 484 608 269
 145 522 521
 680 463 457
 346 457 463
 709 704 720
 614 720 704
 717 660 659
 379 336 564
 45 599 533
 232 674 342
 6 433 531
 201 652 583
 353 241 357
 291 606 660
 71 718 678
 391 667 708
 29 356 30
 680 457 690
 456 690 457
 586 587 104
 675 585 100
 634 678 718
 52 713 413
 367 369 661
 456 267 715
 138 594 645
 717 610 660
 688 681 690
 581 652 651
 524 450 525
 93 386 336
 542 638 81
 73 81 638
 0 518 171
 721 628 651
 84 134 537
 701 539 541
 218 503 87
 71 678 72
 210 485 406
 214 406 485
 416 414 726
 207 726 414
 670 697 668
 247 468 434
 688 687 681
 701 674 343
 232 343 674
 358 468 1
 476 570 505
 662 719 657
 721 657 719
 254 683 149
 243 642 409
 624 420 249
 265 249 420
 479 404 275
 299 727 724
 131 506 664
 358 434 468
 304 440 620
 479 275 10
 721 651 657
 7 714 453
 451 453 714
 451 714 713
 416 727 655
 299 655 727
 71 469 724
 200 99 600
 101 600 99
 359 497 329
 579 422 582
 7 453 656
 473 372 703
 321 323 728
 445 72 678
 7 656 116
 725 716 718
 95 311 426
 441 426 311
 176 684 533
 271 532 510
 255 510 532
 709 720 566
 662 566 720
 581 651 628
 117 453 471
 201 583 716
 23 389 442
 117 656 453
 167 537 682
 160 621 194
 25 194 621
 121 697 671
 164 30 597
 135 162 497
 95 722 94
 475 94 722
 7 5 714
 164 722 426
 8 10 275
 373 646 35
 36 35 646
 688 715 696
 507 224 477
 709 692 704
 675 704 692
 95 266 311
 725 727 726
 176 126 684
 394 684 126
 675 692 585
 650 405 444
 203 444 405
 394 410 684
 255 550 248
 309 311 266
 672 388 554
 552 554 388
 644 640 728
 321 728 640
 721 719 700
 480 623 481
 222 481 623
 127 538 638
 73 638 538
 662 720 719
 263 589 635
 380 635 589
 725 202 716
 3 1 468
 416 726 727
 215 500 588
 141 143 659
 717 659 143
 78 477 224
 725 726 202
 688 690 715
 456 715 690
 725 724 727
 507 621 224
 201 716 202
 2 632 518
 491 518 632
 95 426 722
 105 99 608
 200 608 99
 198 197 495
 574 495 197
 230 631 376
 441 376 631
 207 202 726
 507 477 505
 160 224 621
 476 505 477
 26
 670 572 316 237 443 616 191 318 615 235 672 483 654 482 706 666 669 653 604 264 665 377 632 705 677 490
 0
 18
 156 382 644 322 615 526 4 37 699 76 576 707 323 525 450 340 728 531
 26
 183 177 351 546 476 77 295 206 374 528 142 334 327 470 454 545 576 570 627 571 622 350 328 500 529 588
 0
 4
 292 293 571 610
 0
 0
 0
 29
 22 523 658 577 258 179 427 33 155 21 338 293 274 339 702 602 643 34 613 154 503 429 556 712 522 723 633 705 502
