743 1382
5.221864 8.314909 1
5.194563 8.453780 1
5.103426 8.308444 1
5.039473 8.409187 1
4.843771 7.742307 1
4.766234 7.666049 1
4.942622 7.631082 1
4.792192 8.827494 1
4.900336 8.739722 1
4.900708 8.889679 1
5.018963 8.822566 1
4.518532 9.039821 1
4.623083 9.182564 1
4.474886 9.182805 1
4.643481 9.022559 1
4.821928 7.549235 1
6.547130 9.231997 1
6.642835 9.095756 1
6.670410 9.223898 1
3.984750 9.683025 1
4.081141 9.703469 1
3.991364 9.808573 1
6.687997 9.444273 2
6.759707 9.315547 1
6.839583 9.404687 2
6.336443 7.604251 1
6.425355 7.527565 2
6.428321 7.684815 1
6.523942 7.618282 2
4.154042 9.791286 1
6.485560 9.116166 1
3.642383 7.890832 1
3.511250 7.910295 1
3.556786 7.772664 1
3.421979 7.817657 1
4.690049 8.661431 1
4.815514 8.530622 1
4.799302 8.686742 1
4.711200 8.307444 1
4.741633 8.163024 1
4.860852 8.234040 1
5.725996 8.491804 1
5.840215 8.416333 1
5.846289 8.591111 1
5.982413 8.487105 1
6.329707 9.377750 1
6.492596 9.347685 1
6.401016 9.473169 1
3.948256 8.299196 1
3.843820 8.384261 2
3.843518 8.238039 1
3.734205 8.298347 2
3.720820 6.912322 1
3.724187 6.781441 1
3.827966 6.839842 1
6.144520 8.261088 1
6.017505 8.310702 1
6.014330 8.187575 1
5.899400 8.271502 1
4.835890 8.349513 1
5.996070 7.736128 1
5.958368 7.915096 1
5.865686 7.811341 1
6.023907 9.579772 1
5.876548 9.535896 1
6.006768 9.473273 1
3.850071 9.739372 1
5.033668 8.974723 1
4.887443 9.018431 1
5.160952 8.874516 1
6.783435 9.018176 1
6.778850 9.177019 1
5.117629 9.121278 1
5.054770 9.226753 1
4.976250 9.108380 1
6.686429 8.234365 1
6.638235 8.363351 1
6.535256 8.299313 1
4.595613 8.187726 1
4.511151 8.049745 1
4.657690 8.056572 1
3.623137 6.846333 1
6.567698 8.175380 1
6.406180 9.252308 1
6.515550 7.910473 1
6.624644 7.818213 1
6.686428 7.967595 1
4.543251 6.941085 1
4.651010 6.849020 1
4.676975 7.006541 1
3.611111 10.000000 0
3.516792 9.854188 2
3.641623 9.892745 1
3.711240 7.702978 1
3.753700 7.593210 1
3.852340 7.744352 1
5.838173 7.692947 1
3.880420 7.593835 1
6.646036 8.522911 1
6.661362 8.674201 1
6.551526 8.651682 1
4.992723 9.561673 1
4.955625 9.444233 1
5.100862 9.495233 1
5.104562 9.353175 1
3.455959 8.054653 2
3.603015 8.014289 1
3.522590 8.166489 2
5.571858 7.994799 1
5.702821 7.933967 1
5.684880 8.078018 1
4.209164 6.676344 1
4.083702 6.608777 1
4.210244 6.520789 2
4.047033 6.461767 2
4.134202 8.347101 1
3.981994 8.390379 1
4.054682 8.266901 1
5.326624 8.394687 1
5.455002 8.323562 1
5.448535 8.493784 1
5.942748 9.666035 1
6.126753 7.757062 1
6.265494 7.724443 1
6.192368 7.834031 1
6.522646 8.522436 1
5.281036 8.087737 1
5.183760 7.973964 1
5.325183 7.953028 1
5.229473 7.854873 1
6.673309 9.597209 2
6.560266 9.486866 1
5.786549 8.751596 1
5.831116 8.859455 1
5.704263 8.908795 1
4.176283 7.510770 1
4.021476 7.534031 1
4.107207 7.367772 1
3.968200 7.421478 1
5.667077 8.750273 1
6.344052 9.144920 1
6.398485 9.020336 1
3.615132 6.728545 1
4.007149 7.706590 1
6.036715 7.571488 1
6.139481 7.641781 1
4.928938 8.408052 1
5.339095 9.054036 1
5.474401 8.974982 1
5.467297 9.110331 1
6.090784 7.860630 1
3.245531 7.230278 1
3.155838 7.313945 2
3.091022 7.181091 3
6.572844 8.041079 1
6.551444 8.971073 1
4.752560 9.091887 1
4.753585 9.217464 1
4.921981 8.624599 1
5.316194 8.940395 1
5.494482 9.751087 1
5.389594 9.632672 1
5.532137 9.655560 1
4.255176 8.445662 1
4.310953 8.315970 1
5.317335 8.524278 1
3.892871 7.484823 1
5.214862 8.622054 1
5.107150 8.727748 1
5.044873 8.595980 1
5.285058 6.963790 1
5.303810 6.851843 2
5.444646 6.913848 2
5.664499 7.207910 1
5.646004 7.361714 1
5.534051 7.227073 1
5.494450 7.360512 1
4.374683 7.131568 1
4.237511 7.038578 1
4.349758 7.017886 1
3.637452 8.120075 1
5.840853 8.968827 1
6.024354 9.014854 1
5.875474 9.096663 1
4.050963 8.481641 1
4.659850 8.878281 1
4.771643 8.955138 1
4.218152 7.147321 1
3.777973 6.416477 2
3.922608 6.355734 2
3.912579 6.474751 1
4.145229 7.234875 1
4.059261 7.122772 1
5.248151 9.549439 1
5.089444 9.635806 1
5.225109 9.663507 1
4.864355 9.365487 1
4.799243 9.464533 1
4.813176 7.911351 1
4.948983 7.864202 1
4.549316 8.906294 1
5.951161 8.879012 1
4.448827 8.208036 1
6.555438 9.633027 1
4.694573 8.537153 1
6.713991 8.770042 1
6.679886 8.911281 1
6.559259 8.790221 1
5.777870 9.287535 1
5.914904 9.298908 1
5.802255 9.410053 1
5.912392 9.415397 1
4.888464 9.546127 1
4.344721 9.139347 1
4.397971 9.039911 1
5.928920 7.612831 1
5.397138 9.790697 1
5.534955 8.410294 1
5.040743 7.991185 1
5.087064 7.877637 1
6.750058 7.850803 1
3.862267 9.882134 1
3.510660 7.636990 1
3.447775 7.505364 1
3.627092 7.551364 1
3.559541 7.424548 1
5.724779 7.792501 1
5.813758 7.908040 1
4.557470 9.579404 1
4.409207 9.553614 1
4.558940 9.462377 1
4.451516 9.419845 1
5.087629 7.126500 1
5.238856 7.112688 1
5.122115 7.262406 1
5.279744 7.252313 1
4.534422 7.490746 1
4.536436 7.376394 1
4.672927 7.475581 1
4.652640 7.350923 1
5.914955 8.744390 1
4.834458 7.281233 1
4.974308 7.230979 1
4.991446 7.348893 1
5.115304 7.631296 1
5.248849 7.594256 1
5.241812 7.726308 1
4.635546 8.455350 1
4.588533 8.601883 1
4.478090 8.516355 1
4.973298 8.502631 1
4.180976 9.319201 1
4.115375 9.448175 1
4.003203 9.356768 2
5.830169 8.029728 1
4.743224 8.436479 1
4.900292 7.423846 1
6.186282 9.712640 1
6.141191 9.618241 1
6.285971 9.581976 1
5.125394 7.766198 1
4.911258 9.657254 1
6.098043 7.995399 1
5.970793 8.053564 1
5.374543 7.049115 1
4.263486 9.510584 1
4.325822 9.399570 1
5.942912 7.503657 1
5.844851 7.405440 1
5.952569 7.343401 1
4.576108 7.607667 1
5.568016 7.505361 1
5.421016 7.473299 1
3.910711 9.593875 1
4.386937 7.957093 1
4.280149 8.028477 1
4.251044 7.871155 1
4.938622 9.210174 1
5.663185 8.228879 1
5.791213 8.162083 1
4.341845 9.257669 1
4.121198 7.040025 1
4.711037 7.794382 1
4.598866 7.059680 1
3.572550 6.630432 1
3.721129 6.618779 1
5.956855 8.621002 1
4.079746 9.898533 1
6.899935 9.120657 2
5.582434 7.111613 1
5.730698 7.082888 2
6.036983 7.427572 1
4.971705 8.284924 1
4.976001 8.131276 1
5.722375 7.494719 1
5.690073 7.627812 1
5.019590 9.767318 1
5.617157 9.754135 1
5.728519 9.697784 1
5.782080 9.823995 1
5.553058 7.626899 1
5.658605 9.881393 1
3.720242 7.024384 1
3.818640 6.978978 1
3.808242 7.139900 1
3.857107 9.455001 2
3.754241 9.597116 2
6.894502 8.629272 1
6.754989 8.622025 1
6.789530 8.518266 1
3.990979 9.487936 1
4.346334 9.701820 1
4.437894 9.836925 1
4.289364 9.844871 1
6.902410 8.501462 1
5.361442 9.235927 1
5.476700 9.225661 1
5.444541 9.386308 1
4.468042 7.715165 1
4.502781 7.876628 1
4.367325 7.805503 1
4.584562 7.758676 1
4.387048 8.081140 1
4.226120 9.176881 2
6.155670 9.054038 1
6.189645 8.950685 1
4.074122 9.245570 2
6.099037 8.875254 1
4.771996 6.822196 2
4.921848 6.875056 2
4.776976 6.939325 1
3.758244 7.836802 1
4.193398 8.227467 1
4.153456 7.978736 1
4.177986 8.088549 1
4.026791 8.054142 1
6.415514 8.787515 1
6.440328 8.675400 1
4.579339 9.775171 1
4.491577 9.682027 1
4.655893 9.654855 1
6.111039 8.111499 1
4.447915 8.350212 1
4.308178 8.162348 1
3.481774 7.339940 1
3.377903 7.389180 1
6.153409 9.522855 1
4.581967 7.159510 1
4.698600 7.260993 1
4.564543 7.276639 1
6.396385 8.457839 1
6.343915 8.611896 1
6.266117 8.525078 1
5.592066 7.860765 1
4.443876 8.669430 1
5.601561 9.025578 1
5.607803 9.159656 1
4.715678 7.142967 1
7.050214 8.601746 2
6.979998 8.732032 2
3.910329 7.913257 1
5.072101 8.187603 1
4.581558 8.759679 1
4.106899 8.169879 1
5.287799 9.750173 1
6.265505 9.053463 1
6.464293 9.583187 1
5.305802 8.228199 1
4.707977 7.588343 1
5.513700 9.525151 1
4.770649 7.392766 1
5.097023 7.394842 1
5.555555 10.000000 0
5.416667 10.000000 0
5.510119 9.866122 1
5.194096 9.013437 1
3.919438 7.045442 1
4.951414 7.741698 1
5.676312 9.257267 1
5.751612 9.154735 1
3.219912 7.099728 2
4.352052 8.542392 1
7.006534 8.433873 1
6.806640 8.055938 1
6.924795 7.945973 2
6.919601 8.113318 2
5.019200 7.792492 1
5.102235 8.506653 1
5.407197 9.504215 1
4.045402 7.234003 1
6.387387 8.152041 1
6.332718 8.297338 1
6.266655 8.219926 1
6.453265 8.234514 1
6.475371 8.127416 1
5.720436 8.623577 1
5.606541 8.533944 1
5.626664 7.003680 2
5.151985 9.824062 1
5.070296 9.897686 1
5.425395 8.066589 1
5.626382 8.655936 1
3.764626 7.978360 1
5.311906 9.455657 1
5.147015 9.724869 1
4.257246 8.596165 1
4.145428 8.562978 1
6.250000 10.000000 0
6.111111 10.000000 0
6.181142 9.858657 1
4.597871 7.963859 1
4.314149 8.687351 1
6.901500 8.367714 1
3.598216 6.522669 2
5.180929 8.201887 1
6.808378 8.875128 1
6.901810 8.967202 2
6.388434 9.671264 1
4.472039 8.800057 1
5.230484 9.305805 1
5.261732 9.161214 1
5.323923 9.351140 1
5.401987 8.855069 1
6.225852 8.136789 1
6.304467 8.089989 1
3.838081 6.567790 1
4.856603 7.145395 1
6.302894 9.706076 1
4.449424 9.311433 1
5.284117 8.831192 1
6.443992 8.575473 1
6.430508 8.018143 1
5.860522 9.198224 1
5.447165 8.199057 1
3.384366 7.927693 2
3.246407 7.816896 2
4.900376 8.008267 1
5.368001 7.803230 1
4.998565 8.691900 1
4.142662 7.770654 1
4.062350 7.835704 1
6.303124 8.424181 1
5.982752 9.153278 1
3.722469 9.726491 2
5.972222 10.000000 0
5.898700 9.885500 1
6.060734 9.888889 1
5.153835 9.233645 1
5.342384 7.156353 1
6.232851 8.354238 1
6.092814 8.423142 1
5.554943 8.137086 1
5.906887 8.149755 1
6.158843 7.484761 1
6.214417 7.341128 2
6.287699 7.489812 2
3.963344 8.167383 1
6.916779 9.288080 2
5.281466 7.474548 1
5.354449 7.365193 1
6.297576 8.948071 1
6.219924 8.820246 1
4.872307 7.020385 1
4.252996 7.294376 1
4.354853 7.244166 1
5.215716 9.421371 1
4.106539 8.681413 2
4.001079 8.619575 2
5.389453 9.894346 1
3.538919 6.806466 1
3.826000 6.707777 1
5.020481 7.500053 1
4.783399 8.029253 1
6.841384 7.754109 2
6.862159 7.857463 1
5.836073 9.651634 1
5.519876 8.638554 1
5.384756 8.631455 1
5.327545 8.743096 1
6.138964 8.533108 1
6.067565 8.626242 1
4.859877 9.151567 1
5.001524 7.020991 1
5.076235 6.911542 2
6.817110 8.413960 1
3.349836 7.708594 1
5.720968 9.035899 1
6.099948 9.147806 1
5.375149 9.146306 1
4.368837 8.434118 1
6.624095 9.338402 1
6.244683 9.457056 1
6.100932 9.407632 1
6.233740 7.586770 1
4.531622 8.420821 1
6.199639 9.344516 1
4.562901 8.315740 1
3.969505 6.572711 1
5.449233 7.590049 1
4.031507 7.932813 1
6.395429 7.818680 1
6.379520 7.921695 1
5.480383 8.766965 1
3.953669 7.810437 1
4.921330 7.526054 1
5.774346 8.272356 1
5.567767 9.303588 1
3.668547 7.791031 1
4.852577 8.123547 1
3.745319 9.851737 1
4.963239 7.116050 1
3.755050 7.484173 1
3.678781 7.358489 1
3.839210 7.390600 1
3.572624 7.136677 1
3.620426 6.995499 1
3.674249 7.116525 1
6.054611 9.284513 1
6.808969 7.939981 1
3.512885 7.022688 1
6.336432 8.839258 1
5.884179 7.129126 2
5.778982 7.195742 1
5.513087 7.016447 1
5.599947 6.895392 2
3.924407 6.778689 1
3.918741 6.904608 1
6.780162 8.311740 1
4.444445 10.000000 0
4.543991 9.895347 1
5.694445 10.000000 0
3.621964 6.380307 3
3.706648 6.508783 1
6.070055 7.308872 1
6.124454 7.204599 2
5.215215 8.747265 1
3.750000 10.000000 0
4.250460 8.816812 1
4.368865 8.786231 1
4.325902 8.925805 1
4.231218 7.410373 1
5.870399 9.754210 1
4.380692 6.783002 1
4.327588 6.682076 2
4.485376 6.682701 2
5.993177 9.780726 1
6.730762 8.424308 1
6.008992 8.708517 1
6.106747 8.749391 1
6.201482 8.650692 1
3.713003 8.075606 1
4.282556 6.957081 1
4.143545 6.940578 1
4.203537 6.832942 1
4.446509 7.322335 1
4.440694 7.457618 1
5.209591 7.373124 1
4.698592 8.771091 1
5.830730 7.559935 1
6.324863 8.732353 1
5.576140 8.729132 1
4.213342 9.427270 1
4.347909 7.403681 1
5.713191 8.365657 1
4.102388 6.731255 1
4.042965 6.835967 1
5.154410 7.012564 1
3.919992 8.025494 1
3.914390 6.657681 1
6.441116 8.889874 1
4.083990 8.923274 2
4.127783 8.810086 2
4.209990 8.931535 1
3.414002 6.824035 1
3.397062 6.972573 1
3.277380 6.882189 2
4.148323 8.448848 1
4.305555 10.000000 0
4.186213 9.892676 1
5.493474 7.799499 1
5.460635 7.695292 1
5.590402 8.831272 1
3.888889 10.000000 0
3.612837 9.785014 2
5.462663 7.912985 1
3.578867 7.278636 1
5.640282 9.603033 1
5.124939 8.088936 1
4.291726 6.598414 2
5.000000 10.000000 0
4.861111 10.000000 0
4.913227 9.878787 1
4.722222 10.000000 0
4.583333 10.000000 0
4.672441 9.880175 1
5.344021 7.672044 1
4.068501 9.585863 1
6.604926 9.764725 2
6.494907 7.791564 1
5.958299 8.386499 1
6.842145 8.742575 1
5.348897 7.561344 1
4.565258 9.317526 1
6.164565 9.233966 1
4.476462 7.048297 1
4.404589 6.915154 1
4.212398 8.713079 1
5.864811 7.265457 1
5.756623 7.304313 1
3.770442 7.300319 1
4.368891 9.918979 1
5.284987 9.862564 1
4.251238 7.728322 1
6.985586 7.796449 3
3.704860 7.213806 1
3.874635 7.269837 1
6.706133 7.730347 2
5.138889 10.000000 0
5.198089 9.915951 1
4.166667 10.000000 0
3.823353 8.107009 1
4.141549 7.641022 1
6.303110 9.885636 1
6.929001 8.841491 2
6.205282 8.463008 1
6.498373 9.849589 2
6.485882 9.713652 1
6.379928 9.784677 1
6.527778 10.000000 0
6.405153 9.898450 1
3.971478 7.312364 1
4.667230 7.685610 1
4.614072 7.870597 1
4.361379 7.659491 1
4.454059 7.580986 1
3.456605 6.579809 2
4.357193 7.543555 1
3.263058 7.656786 2
4.433757 8.899753 1
6.532987 8.414411 1
3.440204 7.103339 1
3.340920 7.072015 1
4.140000 7.877362 1
6.388889 10.000000 0
5.983962 7.228858 2
4.671092 9.415395 1
4.757458 9.336107 1
4.504460 6.802976 1
5.997921 9.375944 1
5.028214 7.709449 1
3.943378 7.179153 1
6.303704 7.978455 1
6.264444 9.787251 1
6.019511 8.795521 1
6.096767 9.787628 1
4.174572 9.047209 2
4.249196 9.746644 1
4.309435 6.850822 1
4.290026 9.051939 1
3.603919 7.676636 1
5.277778 10.000000 0
3.305654 7.465668 1
4.670959 9.291055 1
4.001836 6.698579 1
5.544349 8.245235 1
5.585395 7.733250 1
4.286083 6.765038 1
4.595124 6.705735 2
3.350084 7.183947 1
4.679265 9.535705 1
6.122543 7.390570 1
4.027778 10.000000 0
5.162119 7.494687 1
7.123057 8.487046 2
6.571133 7.724998 1
6.654553 7.582757 2
5.833333 10.000000 0
6.690825 8.109853 1
4.022027 6.978586 1
3.320114 7.573364 1
3.182489 7.548820 2
4.783470 9.602942 1
4.796529 9.717548 1
3.277499 6.994697 2
5.743260 7.394180 1
4.693612 9.760940 1
3.205936 7.420095 2
4.776282 7.054303 1
3.467101 7.227109 1
3.224849 6.748847 2
3.316807 6.787547 1
6.276409 9.249656 1
4.306518 9.603655 1
5.402276 7.244334 1
4.464261 7.193318 1
3.916076 8.502984 2
4.163507 9.540902 1
4.207045 9.648600 1
3.481405 6.723879 1
3.350997 6.695115 2
5.450286 7.125034 1
6.422322 8.355339 1
4.258708 7.599420 1
5.565848 9.414798 1
4.791667 9.921261 1
4.791667 9.816274 1
5.591185 8.333581 1
3.733426 8.174810 1
7.000827 8.307480 1
6.901956 8.237766 1
6.800545 8.175446 1
3.652785 7.454267 1
5.363317 8.144968 1
5.763889 9.924757 1
4.712487 6.733693 2
6.289138 7.868203 1
5.727032 9.496281 1
5.626346 9.486788 1
5.761691 9.596926 1
3.366880 7.285813 1
3.278885 7.344421 1
3.451642 7.720843 1
5.204967 6.904642 2
5.676509 9.380824 1
7.084967 8.269139 2
7.010829 8.189888 2
4.961455 9.310482 1
6.056384 9.693966 1
4.886454 9.767436 1
4.274262 7.493560 1
4.698055 7.935896 1
5.581451 8.925284 1
5.636427 8.427858 1
3.519023 6.909560 1
3.408854 7.624741 1
3.962588 9.923513 1
3.625255 8.229438 2
6.217739 9.146187 1
4.850798 9.263067 1
5.508369 8.877736 1
7.102002 8.371950 2
6.198315 7.931916 1
6.212695 8.034580 1
 0 1 2
 2 1 3
 4 5 6
 7 8 9
 9 8 10
 11 12 13
 14 12 11
 5 15 6
 16 17 18
 19 20 21
 22 23 24
 25 26 27
 27 26 28
 21 20 29
 30 17 16
 31 32 33
 34 33 32
 35 36 37
 38 39 40
 41 42 43
 44 43 42
 45 46 47
 48 49 50
 51 50 49
 52 53 54
 55 56 57
 58 57 56
 59 38 40
 60 61 62
 63 64 65
 66 19 21
 9 67 68
 10 67 9
 69 67 10
 70 71 17
 72 73 74
 75 76 77
 78 79 80
 81 53 52
 75 77 82
 45 83 46
 84 85 86
 87 88 89
 90 91 92
 93 94 95
 60 62 96
 95 94 97
 98 99 100
 101 102 103
 104 103 102
 105 106 107
 108 109 110
 111 112 113
 114 113 112
 115 116 117
 118 119 120
 63 121 64
 122 123 124
 98 100 125
 126 127 128
 129 128 127
 118 1 0
 22 130 131
 132 133 134
 135 136 137
 138 137 136
 139 132 134
 140 141 30
 142 53 81
 143 97 136
 60 144 145
 59 146 36
 147 148 149
 60 150 61
 151 152 153
 154 84 86
 155 17 30
 12 156 157
 14 156 12
 36 158 37
 147 159 148
 160 161 162
 163 115 164
 118 165 1
 97 166 136
 167 168 169
 170 171 172
 173 174 175
 176 175 174
 177 178 179
 180 107 106
 181 182 183
 184 116 115
 185 186 14
 177 187 178
 188 189 190
 187 191 192
 103 193 194
 193 195 194
 196 102 197
 145 123 122
 48 117 116
 198 4 199
 185 14 200
 181 201 182
 78 202 79
 130 203 131
 140 30 83
 35 204 36
 205 206 207
 69 10 168
 208 209 210
 211 210 209
 197 102 212
 213 214 13
 60 215 144
 216 161 160
 217 120 119
 218 199 219
 220 86 85
 66 21 221
 211 65 64
 222 223 224
 225 224 223
 226 96 62
 226 227 109
 228 229 230
 231 230 229
 214 11 13
 232 233 234
 235 234 233
 236 237 238
 239 238 237
 226 62 227
 114 190 189
 132 43 240
 241 242 243
 244 245 246
 247 248 249
 36 146 250
 251 252 253
 254 110 109
 205 207 99
 167 1 165
 59 36 255
 241 243 256
 257 258 259
 244 246 260
 101 194 261
 262 263 61
 170 172 264
 265 266 229
 267 268 269
 143 95 97
 236 238 270
 176 271 272
 66 273 19
 274 275 276
 231 229 266
 277 74 73
 278 110 279
 251 280 266
 281 187 192
 198 282 4
 87 89 283
 142 284 285
 43 286 240
 78 80 39
 29 287 21
 70 288 71
 173 289 290
 105 32 106
 267 269 291
 292 40 293
 294 295 271
 296 261 194
 297 298 299
 300 271 295
 297 299 301
 302 303 304
 305 273 306
 232 234 242
 307 308 309
 118 120 165
 305 253 310
 311 312 313
 307 309 314
 315 316 317
 66 306 273
 318 319 320
 72 74 67
 226 295 96
 318 321 319
 79 202 322
 251 323 280
 324 182 325
 251 253 326
 327 325 182
 100 99 207
 328 329 330
 155 207 206
 93 95 331
 115 332 164
 176 174 271
 274 319 79
 333 334 335
 336 337 207
 100 207 337
 338 339 340
 228 340 339
 262 341 263
 155 30 141
 342 164 202
 343 202 164
 344 225 223
 345 344 223
 259 258 346
 347 348 349
 350 351 352
 108 353 109
 354 249 248
 355 356 149
 347 357 348
 307 358 359
 242 234 243
 360 331 95
 361 292 293
 57 263 341
 18 17 71
 185 200 362
 363 335 334
 101 103 194
 254 227 61
 254 61 263
 89 88 330
 216 364 161
 195 161 364
 251 326 323
 60 122 150
 140 365 141
 262 61 150
 366 259 47
 118 0 367
 55 57 341
 238 368 270
 369 162 161
 239 370 238
 60 96 215
 371 243 234
 372 373 374
 69 159 375
 333 276 275
 170 264 233
 376 304 303
 311 339 312
 338 312 339
 4 377 199
 208 378 379
 343 332 334
 151 153 380
 354 381 249
 307 314 358
 382 358 314
 383 384 385
 386 219 199
 167 169 387
 161 193 388
 389 192 191
 390 391 392
 82 393 394
 395 396 41
 397 290 289
 296 398 399
 126 128 400
 401 396 395
 360 402 331
 239 348 370
 403 388 193
 390 393 391
 296 404 398
 163 405 406
 407 408 409
 142 285 53
 79 319 410
 354 411 381
 382 314 412
 405 381 411
 285 284 413
 118 367 119
 0 2 414
 70 415 416
 2 361 414
 366 417 259
 362 200 418
 315 419 420
 195 193 161
 315 317 421
 422 148 159
 15 370 256
 13 280 213
 423 424 392
 188 190 425
 241 426 242
 257 259 427
 247 204 248
 13 428 280
 69 429 159
 350 430 351
 354 248 362
 154 431 84
 208 379 432
 433 119 367
 34 434 435
 218 436 199
 129 437 128
 8 438 10
 143 439 440
 350 352 441
 442 209 432
 66 443 306
 444 445 446
 424 390 392
 104 447 419
 60 145 122
 233 264 448
 55 449 450
 442 183 182
 30 16 83
 278 451 110
 58 452 57
 453 454 455
 390 394 393
 347 283 357
 89 357 283
 31 402 106
 363 456 335
 8 37 158
 457 23 71
 369 161 388
 55 450 56
 458 459 272
 176 272 459
 460 325 461
 462 330 329
 463 187 464
 177 464 187
 104 465 103
 457 71 288
 466 467 406
 373 468 374
 142 81 469
 285 425 470
 41 43 395
 98 308 99
 256 243 471
 372 374 301
 80 472 39
 220 473 474
 55 341 423
 475 64 121
 476 396 401
 167 477 478
 138 136 166
 167 165 477
 479 480 44
 68 74 481
 274 276 320
 450 479 44
 48 116 49
 462 329 482
 483 482 329
 132 395 43
 155 206 17
 70 17 206
 484 412 314
 34 435 485
 379 356 486
 355 486 356
 68 481 156
 327 461 325
 324 487 182
 147 149 488
 15 238 370
 105 434 32
 371 471 243
 342 249 489
 22 131 490
 46 490 131
 259 491 47
 327 182 201
 254 279 110
 14 11 200
 70 416 288
 184 406 467
 492 491 346
 181 183 486
 145 493 123
 342 494 249
 247 249 494
 492 495 491
 247 496 38
 114 497 190
 300 498 271
 272 271 498
 343 334 275
 333 335 499
 500 84 501
 422 478 502
 143 440 503
 15 256 504
 278 279 505
 241 357 426
 379 486 183
 506 317 316
 93 331 507
 185 7 186
 167 387 1
 508 39 472
 66 221 509
 462 510 426
 442 182 487
 511 512 513
 514 515 516
 442 517 209
 220 474 518
 519 515 514
 360 503 499
 460 461 520
 104 73 447
 290 521 522
 397 523 524
 54 525 526
 463 137 191
 75 527 76
 528 312 529
 530 372 301
 462 482 510
 413 531 532
 44 286 43
 55 423 392
 104 419 465
 440 499 503
 328 330 88
 533 534 454
 453 145 144
 69 168 535
 172 524 523
 422 429 478
 536 509 221
 45 47 491
 537 538 539
 478 477 502
 463 540 137
 232 242 510
 188 425 532
 299 298 541
 453 493 145
 58 42 505
 542 543 544
 132 139 395
 476 502 477
 545 446 445
 46 131 47
 76 527 546
 547 480 548
 549 548 480
 402 550 106
 551 552 553
 442 432 183
 8 7 37
 554 237 555
 458 556 459
 235 459 556
 163 381 405
 185 557 7
 355 149 148
 14 186 156
 96 295 558
 149 356 316
 188 532 531
 547 240 286
 10 438 168
 114 112 497
 70 206 415
 147 420 375
 72 375 420
 549 351 559
 476 401 560
 4 6 377
 475 541 298
 251 266 561
 554 555 562
 41 563 42
 244 6 471
 111 553 564
 565 564 553
 305 310 273
 77 393 82
 549 352 351
 232 482 566
 483 566 482
 143 503 95
 360 499 567
 80 79 410
 401 395 139
 568 470 425
 460 569 141
 570 571 572
 537 572 571
 573 574 575
 184 115 576
 163 576 115
 108 110 451
 100 430 125
 577 578 313
 579 437 580
 581 139 134
 551 179 178
 241 256 370
 100 337 430
 582 536 221
 302 304 516
 294 271 174
 84 431 501
 327 548 461
 549 461 548
 460 141 365
 583 92 91
 332 117 363
 115 117 332
 335 567 499
 579 584 437
 360 95 503
 225 585 512
 369 586 162
 218 587 293
 31 331 402
 111 113 588
 554 562 464
 463 464 562
 589 590 591
 442 487 517
 592 593 594
 595 580 437
 366 131 203
 35 362 248
 338 529 312
 549 559 461
 596 19 273
 597 203 130
 294 558 295
 500 598 84
 44 42 599
 78 39 38
 54 470 525
 398 404 364
 170 233 566
 285 413 532
 128 437 584
 390 424 431
 508 293 40
 167 478 535
 419 447 420
 205 308 600
 307 600 308
 101 212 102
 128 584 400
 108 400 584
 458 272 601
 25 27 123
 500 123 27
 72 67 375
 69 375 67
 13 12 602
 603 495 517
 492 517 495
 61 227 62
 241 370 348
 87 604 605
 405 606 406
 466 406 606
 607 268 608
 596 273 310
 512 609 513
 528 610 312
 398 364 611
 612 320 276
 285 470 53
 111 564 112
 613 384 474
 155 569 207
 218 293 436
 386 199 377
 612 276 439
 274 79 322
 614 304 609
 615 609 304
 220 616 473
 232 566 233
 315 421 419
 35 557 362
 185 362 557
 617 399 618
 46 83 16
 169 168 438
 389 191 137
 577 619 578
 620 567 456
 335 456 567
 143 621 439
 407 409 622
 623 416 415
 624 450 449
 597 625 626
 627 626 625
 628 629 625
 389 137 630
 138 630 137
 631 282 321
 632 321 282
 620 402 567
 360 567 402
 318 633 634
 3 1 387
 620 550 402
 379 378 356
 135 621 136
 143 136 621
 247 494 496
 18 71 23
 226 109 353
 635 413 284
 536 92 509
 636 634 633
 435 637 485
 604 179 605
 22 490 23
 18 23 490
 638 539 538
 69 535 429
 68 156 186
 58 599 42
 42 563 505
 98 125 639
 383 518 384
 135 137 540
 138 513 630
 615 630 513
 519 640 574
 641 574 640
 311 229 339
 228 339 229
 276 642 439
 98 639 76
 628 643 629
 3 387 250
 169 250 387
 533 644 534
 614 512 585
 632 410 319
 93 224 94
 460 520 569
 645 646 197
 196 197 646
 542 647 605
 87 605 647
 163 406 576
 631 321 270
 318 270 321
 211 209 648
 408 446 409
 4 282 5
 294 268 558
 267 558 268
 25 123 493
 244 649 6
 645 230 602
 231 602 230
 247 38 255
 59 255 38
 615 650 630
 651 431 424
 257 652 409
 363 334 332
 617 589 399
 551 178 552
 296 194 404
 63 65 346
 492 346 65
 327 201 653
 108 584 353
 257 409 654
 570 572 655
 15 504 6
 311 313 656
 336 207 569
 551 553 657
 254 109 227
 593 528 529
 354 362 418
 506 316 356
 280 323 213
 658 213 323
 93 659 224
 389 630 650
 297 301 374
 208 432 209
 596 310 252
 253 252 310
 542 544 647
 181 133 201
 457 24 23
 280 428 266
 231 266 428
 297 162 586
 373 660 468
 614 585 514
 345 223 661
 660 611 468
 15 368 238
 536 90 92
 645 602 662
 508 40 39
 658 323 655
 565 525 663
 565 663 564
 278 664 451
 390 431 394
 226 665 295
 300 295 665
 13 602 428
 111 666 553
 638 11 214
 667 88 647
 87 647 88
 151 380 668
 641 668 380
 167 535 168
 97 94 511
 228 230 669
 296 399 591
 450 44 599
 56 450 599
 166 97 511
 78 38 496
 643 407 622
 453 670 454
 235 233 448
 78 496 202
 342 202 496
 398 618 399
 58 56 599
 619 671 287
 350 639 125
 565 553 552
 631 5 282
 129 127 219
 218 219 127
 155 141 569
 458 245 672
 126 587 127
 173 175 289
 382 673 358
 607 269 268
 623 600 359
 307 359 600
 674 675 616
 444 676 445
 75 82 677
 154 677 82
 173 608 174
 281 178 187
 408 444 446
 68 186 9
 343 322 202
 35 248 204
 376 678 192
 318 320 633
 612 633 320
 463 191 187
 361 293 587
 254 452 279
 679 680 661
 181 134 133
 0 414 367
 537 539 572
 589 591 399
 613 474 473
 241 348 357
 126 414 587
 239 349 348
 256 471 504
 249 381 489
 371 234 556
 235 556 234
 679 661 223
 68 67 74
 297 586 298
 681 682 340
 169 438 158
 575 574 683
 294 174 684
 533 454 670
 340 682 685
 686 661 680
 108 451 400
 433 400 451
 274 320 319
 89 687 357
 254 263 452
 225 344 585
 645 669 230
 363 117 456
 632 319 321
 614 516 304
 244 672 245
 603 517 487
 688 514 585
 631 270 368
 689 690 575
 45 691 83
 593 529 594
 265 229 692
 565 552 678
 231 428 602
 565 526 525
 476 477 120
 638 200 11
 176 693 175
 347 694 604
 177 604 694
 357 687 426
 176 459 693
 184 467 695
 29 313 578
 565 678 526
 294 684 268
 98 309 308
 312 610 313
 577 313 610
 338 594 529
 403 465 421
 419 421 465
 595 246 245
 596 696 697
 453 144 291
 267 291 144
 259 417 427
 597 626 203
 29 656 313
 573 575 690
 596 697 20
 386 260 219
 129 219 260
 688 640 514
 519 514 640
 216 374 468
 7 9 186
 126 367 414
 511 94 224
 403 421 317
 285 532 425
 165 120 477
 635 698 699
 573 699 698
 274 322 275
 343 275 322
 700 175 693
 350 701 639
 205 99 308
 129 260 246
 235 693 459
 311 692 229
 135 702 621
 508 436 293
 34 32 434
 506 703 317
 369 317 703
 195 364 404
 508 472 436
 198 436 472
 590 704 591
 705 591 704
 403 317 388
 369 388 317
 96 558 215
 267 215 558
 147 375 159
 371 672 471
 705 704 594
 592 594 704
 361 2 292
 59 40 292
 265 697 696
 169 158 250
 217 119 706
 268 684 608
 638 418 200
 612 621 702
 29 20 697
 45 495 691
 3 146 292
 311 697 692
 265 692 697
 31 106 32
 583 509 92
 458 672 556
 29 697 656
 311 656 697
 25 455 26
 119 664 706
 244 260 649
 545 541 121
 462 426 687
 620 707 550
 583 443 509
 66 509 443
 376 192 650
 700 448 264
 48 50 456
 620 456 50
 278 505 563
 54 526 303
 343 164 332
 222 224 659
 476 120 396
 615 304 650
 154 394 431
 382 412 708
 709 710 385
 383 385 710
 205 415 206
 463 562 540
 478 429 535
 244 471 672
 87 283 604
 3 292 2
 371 556 672
 614 609 512
 225 512 711
 129 246 437
 126 400 712
 676 713 445
 299 445 713
 667 714 88
 328 88 714
 59 292 146
 674 28 675
 511 711 512
 620 50 707
 51 707 50
 181 486 134
 651 501 431
 533 291 269
 602 12 662
 627 625 629
 124 123 715
 500 715 123
 376 303 526
 716 586 717
 369 717 586
 75 677 710
 383 710 677
 716 718 586
 228 669 340
 151 719 720
 157 156 481
 579 353 584
 366 47 131
 222 33 721
 34 721 33
 638 214 539
 198 199 436
 151 668 719
 383 677 86
 281 678 552
 679 637 680
 170 566 722
 476 560 502
 124 150 122
 376 650 304
 645 662 646
 8 158 438
 619 287 578
 484 546 527
 242 426 510
 641 683 574
 58 279 452
 267 144 215
 208 210 723
 716 723 210
 511 224 711
 573 690 699
 705 594 685
 338 685 594
 596 252 696
 251 561 252
 376 526 678
 236 555 237
 724 708 725
 225 711 224
 277 73 726
 104 726 73
 140 83 691
 217 396 120
 506 356 378
 545 121 727
 126 712 367
 433 367 712
 77 76 639
 44 480 286
 636 633 702
 184 695 116
 318 634 270
 31 33 507
 386 649 260
 342 489 164
 163 164 489
 595 437 246
 624 441 352
 705 728 591
 296 591 728
 636 729 562
 57 452 263
 391 701 441
 689 699 690
 154 86 677
 297 374 160
 433 451 664
 709 725 708
 545 445 541
 299 541 445
 259 346 491
 612 439 621
 681 669 197
 222 659 33
 643 622 629
 315 488 316
 149 316 488
 173 290 522
 579 580 665
 300 665 580
 636 562 555
 336 559 337
 351 337 559
 58 505 279
 198 472 730
 483 722 566
 80 730 472
 216 160 374
 216 611 364
 18 490 16
 46 16 490
 302 516 515
 709 527 710
 484 314 309
 232 510 482
 603 691 495
 397 289 523
 355 134 486
 645 197 669
 641 380 683
 350 125 430
 6 504 471
 281 192 678
 154 82 394
 528 577 610
 235 448 693
 660 617 618
 3 250 146
 614 514 516
 63 346 258
 660 618 611
 537 411 538
 658 572 539
 216 468 611
 581 134 731
 355 731 134
 635 284 698
 142 698 284
 277 481 74
 217 732 396
 41 396 732
 98 76 546
 674 616 85
 453 455 493
 333 275 334
 226 353 665
 579 665 353
 519 733 515
 681 340 669
 700 289 175
 383 86 518
 198 730 282
 48 456 117
 195 404 194
 632 282 730
 379 183 432
 81 515 733
 627 417 626
 537 571 606
 466 606 571
 519 574 733
 590 592 704
 281 552 178
 220 85 616
 54 53 470
 679 223 734
 222 734 223
 607 522 521
 573 733 574
 354 418 538
 676 530 713
 201 240 653
 547 653 240
 278 563 706
 398 611 618
 688 668 640
 641 640 668
 671 582 735
 36 204 255
 247 255 204
 679 734 485
 34 485 721
 45 491 495
 537 606 411
 573 698 469
 51 736 707
 603 737 691
 7 557 37
 679 485 637
 196 646 738
 157 738 646
 84 598 85
 674 85 598
 218 127 587
 422 502 739
 581 739 502
 205 600 415
 623 415 600
 333 642 276
 422 159 429
 612 702 633
 716 210 64
 211 64 210
 506 378 723
 658 655 572
 257 427 652
 220 518 86
 180 736 107
 355 148 731
 382 708 740
 709 385 725
 170 722 171
 658 214 213
 336 569 520
 262 150 741
 124 741 150
 403 193 465
 103 465 193
 208 723 378
 236 270 634
 674 27 28
 688 585 344
 41 732 563
 350 441 701
 297 160 162
 533 670 291
 681 261 682
 667 647 544
 31 507 331
 533 269 644
 596 20 19
 338 340 685
 674 598 27
 500 27 598
 595 498 580
 511 513 166
 180 106 550
 336 520 559
 461 559 520
 607 644 269
 277 726 738
 196 738 726
 345 661 720
 686 720 661
 549 480 479
 25 493 455
 716 717 723
 112 663 497
 21 287 735
 671 735 287
 75 710 527
 36 250 158
 681 197 212
 573 469 733
 724 740 708
 530 301 713
 299 713 301
 547 286 480
 366 203 626
 366 626 417
 184 576 406
 140 691 737
 265 696 561
 252 561 696
 506 723 703
 586 718 298
 458 601 245
 595 245 601
 595 601 498
 627 629 622
 196 726 102
 104 102 726
 607 521 644
 462 687 330
 89 330 687
 475 121 541
 433 712 400
 581 502 560
 686 152 720
 151 720 152
 568 525 470
 453 291 670
 627 427 417
 177 179 604
 615 513 609
 361 587 414
 384 518 474
 422 739 148
 651 741 715
 77 639 701
 324 325 365
 460 365 325
 342 496 494
 296 728 261
 624 479 450
 627 622 652
 180 707 736
 347 604 283
 163 489 381
 93 507 659
 33 659 507
 173 522 608
 709 412 527
 327 653 548
 568 497 663
 29 578 287
 265 561 266
 135 729 702
 681 212 261
 551 605 179
 627 652 427
 700 693 448
 72 420 447
 475 298 718
 101 261 212
 138 166 513
 257 654 727
 157 481 738
 112 564 663
 409 652 622
 547 548 653
 190 497 425
 568 425 497
 636 702 729
 54 303 52
 72 447 73
 147 488 420
 315 420 488
 157 662 12
 124 715 741
 568 663 525
 15 5 368
 554 349 237
 607 608 522
 142 469 698
 35 37 557
 49 116 695
 333 499 642
 440 642 499
 201 133 240
 132 240 133
 382 740 673
 651 715 501
 433 664 119
 180 550 707
 554 464 694
 177 694 464
 562 729 540
 302 52 303
 440 439 642
 389 650 192
 63 727 121
 391 441 449
 261 728 682
 55 392 449
 391 449 392
 475 718 64
 688 344 719
 345 719 344
 262 742 341
 423 341 742
 354 538 411
 239 237 349
 21 735 221
 582 221 735
 351 430 337
 409 446 654
 545 654 446
 174 608 684
 209 517 648
 492 648 517
 551 657 605
 542 605 657
 545 727 654
 157 646 662
 700 523 289
 80 410 730
 632 730 410
 700 264 523
 638 538 418
 554 694 349
 111 543 666
 484 527 412
 716 64 718
 324 737 487
 723 717 703
 148 739 731
 81 733 469
 302 515 52
 81 52 515
 658 539 214
 705 685 682
 277 738 481
 324 365 737
 500 501 715
 603 487 737
 300 580 498
 345 720 719
 98 546 309
 484 309 546
 624 352 479
 549 479 352
 63 258 727
 257 727 258
 688 719 668
 111 588 543
 262 741 742
 651 742 741
 347 349 694
 391 393 701
 172 523 264
 140 737 365
 423 742 424
 651 424 742
 405 411 606
 135 540 729
 563 732 706
 401 139 560
 581 560 139
 542 666 543
 77 701 393
 211 648 65
 709 708 412
 636 555 634
 236 634 555
 492 65 648
 272 498 601
 631 368 5
 222 721 734
 485 734 721
 278 706 664
 369 703 717
 581 731 739
 386 377 649
 6 649 377
 705 682 728
 624 449 441
 553 666 657
 542 657 666
 217 706 732
 9
 689 635 153 413 575 531 699 380 683
 26
 466 305 570 51 583 686 105 253 153 49 435 306 91 323 467 680 571 326 152 434 107 655 695 736 443 637
 0
 0
 0
 0
 0
 18
 457 613 22 597 623 724 130 384 288 358 625 359 385 416 24 725 673 740
 0
 30
 667 397 188 613 114 483 328 172 113 473 454 329 531 675 290 616 189 455 26 521 171 543 644 534 722 544 524 714 28 588
