755 1402
4.197526 1.870366 1
4.205878 1.765920 1
4.353964 1.802044 1
6.701519 1.785672 2
6.879232 1.891371 2
6.723532 1.909799 1
6.567963 2.290683 1
6.680757 2.396833 1
6.582386 2.496284 1
6.484631 2.419052 1
4.266956 1.957000 1
5.021739 1.179394 1
4.893626 1.277357 1
4.907285 1.106014 1
4.807293 1.166631 1
4.508610 1.716591 1
4.403931 1.670555 1
4.564542 1.598689 1
6.442039 2.093051 1
6.397256 1.985062 1
6.536678 1.996341 1
4.428215 1.553005 1
5.530592 1.588824 1
5.418162 1.689044 1
5.438151 1.531744 1
5.320665 1.604995 1
6.542043 2.143331 1
5.530718 0.481856 1
5.695170 0.474101 1
5.646289 0.628994 1
6.048975 2.539656 1
6.016453 2.402017 1
6.128496 2.422999 1
5.069196 0.635702 1
4.961960 0.559769 1
5.133544 0.478251 1
3.475663 0.888661 1
3.630861 0.810948 1
3.620797 0.962889 1
5.697073 2.217800 1
5.866033 2.207757 1
5.789660 2.318496 1
5.163724 1.126447 1
5.045081 1.009605 1
4.309810 1.458320 1
4.284656 1.344871 1
4.423867 1.436994 1
3.850509 0.260440 1
3.979503 0.179251 1
4.005759 0.298898 1
3.526508 0.747543 1
5.292080 1.380322 1
5.350010 1.474343 1
5.214271 1.518538 1
5.131914 0.869455 1
4.979466 0.893651 1
5.051641 0.767929 1
5.167317 1.389628 1
6.184692 2.536127 1
5.707364 1.638875 1
5.555358 1.705302 1
5.626503 1.565697 1
6.505392 2.912363 1
6.463891 3.083112 1
6.394594 2.906682 1
6.322877 2.991369 1
3.472222 0.000000 0
3.611111 0.000000 0
3.516792 0.145812 1
3.641623 0.107255 1
4.264837 0.506349 1
4.212965 0.369220 1
4.362883 0.430394 1
4.346334 0.298179 1
4.131754 0.207418 1
5.644777 1.756792 1
3.350452 0.817033 1
3.339667 0.912487 2
3.207373 0.855838 2
6.008340 2.139752 1
6.117687 2.149634 1
6.089433 2.274208 1
6.361014 1.300424 1
6.245265 1.175609 1
6.418029 1.163651 1
6.311475 1.063067 1
5.981593 2.283386 1
5.380229 0.370990 1
5.504284 0.305714 1
6.375421 0.217663 1
6.491006 0.285487 1
6.309723 0.352951 1
4.436863 1.321819 1
5.343924 2.289512 1
5.340167 2.452921 1
5.228862 2.401259 1
6.534350 1.620327 1
6.507941 1.506101 1
6.676695 1.483973 2
4.995296 0.236381 1
5.156919 0.196422 1
5.078186 0.341365 1
5.224209 0.344523 1
5.832567 1.649027 1
5.784334 1.788280 1
6.456118 0.426628 1
4.296433 1.636482 1
3.828493 1.142571 1
3.683397 1.093184 1
3.767156 0.999493 1
4.504739 0.855871 1
4.639683 0.942703 1
4.530584 1.020250 1
4.992430 0.434300 1
6.668028 0.549795 2
6.552711 0.526996 1
6.668671 0.402044 2
3.948735 2.525645 1
3.998096 2.637498 1
3.843473 2.645442 1
3.842246 2.212200 1
3.712051 2.282257 1
3.704172 2.146105 1
5.433549 2.599946 1
5.274381 2.564524 1
6.692447 1.608083 2
3.938292 2.741144 1
6.232086 0.489105 1
6.130297 0.402729 1
6.175150 0.288281 1
5.137704 2.516743 1
5.070802 2.638387 1
4.988203 2.540515 1
4.651967 1.116920 1
3.833107 2.492996 1
4.062547 2.751495 2
5.129714 1.775617 1
4.972393 1.838057 1
5.032820 1.697711 1
5.614038 0.973464 1
5.434222 0.993871 1
5.499931 0.878386 1
6.619639 1.893718 1
6.669048 2.050785 2
3.903397 1.006895 1
3.754267 2.567093 1
4.592384 2.319388 1
4.691078 2.196561 1
4.696296 2.345913 1
4.580345 2.206484 1
6.124938 2.025252 1
6.055794 1.888699 1
6.204272 1.876331 1
5.102249 1.883111 1
5.043925 1.413306 1
5.104763 1.279750 1
4.198955 1.500195 1
3.469650 1.397828 2
3.586089 1.443134 1
3.520157 1.563006 2
6.453895 2.610102 1
6.349832 2.687730 1
6.323233 2.547328 1
6.232348 2.645741 1
3.215673 0.712031 1
3.635818 1.537494 1
3.698988 1.429815 1
3.747811 1.581453 1
3.849503 1.421999 1
5.238379 2.222766 1
6.458221 2.769819 1
6.590697 2.811427 1
4.903107 0.343548 1
3.351627 0.668842 1
4.798086 2.091643 1
4.663584 2.037987 1
6.230560 1.344904 1
6.201416 1.471436 1
6.086552 1.410100 1
3.714597 0.708935 1
3.702993 0.565209 1
3.848248 0.685716 1
3.848161 0.545098 1
6.197185 1.710938 1
6.084925 1.777562 1
4.178657 1.655982 1
4.864355 0.634513 1
4.799226 0.536415 1
6.561868 2.666827 1
6.555438 0.366973 1
6.130081 1.262278 1
3.391597 1.254465 2
3.500594 1.253994 1
5.523998 1.106661 1
5.616538 0.374448 1
4.769942 2.280101 1
4.871974 2.324351 1
4.797622 2.415462 1
4.888039 0.454218 1
4.773951 1.017079 1
3.969128 1.361352 1
3.956628 1.481164 1
2.953604 0.456908 2
3.039363 0.550608 1
2.865226 0.576531 2
5.458736 2.481935 1
4.203020 2.518538 1
4.284287 2.418287 1
4.327531 2.549852 2
3.698022 2.449470 1
3.621327 2.565028 1
3.862222 0.115869 1
4.173781 2.409400 1
3.534906 1.865153 1
3.688168 1.858842 1
3.667001 2.000325 1
4.266639 1.208421 1
4.162879 1.264773 1
4.154629 1.098465 1
5.889647 2.035367 1
3.522048 1.072109 1
5.574383 0.760526 1
5.472854 0.651649 1
3.298969 1.696324 2
3.402265 1.774331 1
3.214273 1.796005 2
3.335945 1.880307 1
5.677823 2.356534 1
5.157799 2.308057 1
4.991894 2.301419 1
5.106811 2.203736 1
4.551707 2.098530 1
5.430822 2.384359 1
4.540506 1.857687 1
4.072998 1.832016 1
4.070199 1.692867 1
3.981842 1.107964 1
4.033360 0.990844 1
4.630215 0.814108 1
3.911410 0.404852 1
5.929688 2.502023 1
5.965956 2.652368 1
5.839457 2.581542 1
4.191768 0.738060 1
4.064754 0.862926 1
4.016786 0.705493 1
5.069596 2.414073 1
4.902018 0.986021 1
6.033929 2.753751 1
6.050534 2.866902 1
5.894266 2.803605 1
6.422426 1.621216 1
6.284449 1.579454 1
6.390977 1.521575 1
3.218712 2.513155 2
3.355587 2.533348 1
3.277953 2.669799 2
3.445907 2.659313 2
4.034224 1.931055 1
3.923554 1.853063 1
4.330723 0.835721 1
4.198482 0.880987 1
5.944719 2.927681 1
4.044223 2.059058 1
4.154537 2.170261 1
3.992948 2.189189 1
4.079422 2.316966 1
6.350657 3.114302 1
3.695457 1.200774 1
6.012587 0.979377 1
5.989002 1.095738 1
5.884440 1.047806 1
6.331472 1.699374 1
5.899824 0.937686 1
4.935510 0.798596 1
4.408943 1.208203 1
6.086993 0.833166 1
6.152033 0.968888 1
5.613404 0.247793 1
5.775684 0.178337 1
5.738230 0.320551 1
5.846208 1.398244 1
5.911312 1.262849 1
5.969497 1.377423 1
6.437969 2.501460 1
6.580320 1.413871 1
6.676661 1.313509 2
5.815335 0.449445 1
4.076138 0.103667 1
3.404548 0.268258 1
3.461062 0.404400 1
3.328546 0.382219 1
3.377062 0.515177 1
5.026401 1.985366 1
5.070536 2.087768 1
4.939309 2.094151 1
4.264057 0.989583 1
4.401928 0.975729 1
6.296707 3.204232 1
6.185885 3.204252 1
6.239849 3.085736 1
3.793797 2.080250 1
4.891725 1.989285 1
3.834103 2.353311 1
3.951665 2.410690 1
5.656200 0.116656 1
4.133937 2.644026 2
4.077076 2.488711 1
3.754119 0.403516 1
3.514709 1.719278 1
5.171740 0.594230 1
4.970611 2.699820 2
4.802077 2.705404 2
4.884775 2.618406 1
3.433949 2.407681 1
3.570265 2.320343 1
3.555036 2.463536 1
3.601026 0.455091 1
3.536094 0.303084 1
5.791094 1.253505 1
6.623591 1.689522 1
4.287328 0.156011 1
4.437894 0.163075 1
4.342330 0.685432 1
6.551127 3.130996 2
6.429959 3.207061 2
3.806587 1.955921 1
3.944605 1.966865 1
4.564247 1.248620 1
4.526571 1.138205 1
3.615175 1.304414 1
4.323374 1.097108 1
3.484943 0.629437 1
3.761477 1.293916 1
5.639409 1.351996 1
5.700864 1.196129 1
5.751071 1.354306 1
4.448486 0.731356 1
3.181105 0.357897 1
3.139652 0.247285 1
3.290539 0.264936 1
5.853254 2.683828 1
3.651117 0.340842 1
4.550630 1.464148 1
5.776108 0.965661 1
5.746908 1.073127 1
4.365158 2.329854 1
4.413340 2.452439 1
6.800164 1.985727 2
4.066500 1.192001 1
3.622439 1.656989 1
3.719571 1.738871 1
6.021003 1.303025 1
3.358270 0.132785 1
5.274645 0.556224 1
5.348751 0.647325 1
5.209572 0.706741 1
4.410639 1.931589 1
2.983404 0.661308 2
3.518463 2.154564 1
3.409978 2.049430 1
3.524222 2.006972 1
4.571433 0.430196 1
4.490055 0.339435 1
4.656291 0.343453 1
4.579339 0.224829 1
6.600846 2.932975 1
3.424379 0.747733 1
3.609948 1.775104 1
4.109686 1.573721 1
4.065104 0.412415 1
4.131865 0.522479 1
6.220135 3.313431 2
4.476840 2.359542 1
4.469009 2.230560 1
5.293349 0.250840 1
6.111645 3.123548 1
4.749104 1.959170 1
6.332080 3.337939 2
5.924449 1.697210 1
3.333333 0.000000 0
6.317006 1.807146 1
5.401428 0.214096 1
3.578319 1.177414 1
6.498818 1.877933 1
5.735101 3.058170 2
5.817223 2.939673 1
5.884804 3.080605 2
6.404159 1.871603 1
6.324122 0.610765 1
6.351065 0.492053 1
5.964937 0.861226 1
5.967681 0.740476 1
5.688493 2.933833 1
6.096727 0.612747 1
6.209965 0.725599 1
6.069672 0.717208 1
5.416667 0.000000 0
5.555555 0.000000 0
5.504745 0.142925 1
3.717463 2.749289 2
3.705432 2.642207 1
4.135249 0.629142 1
5.197884 0.982405 1
5.300575 1.056993 1
6.319388 0.847432 1
6.376384 0.726212 1
6.351488 2.797552 1
5.559829 2.921219 1
5.639620 2.821225 1
5.776990 0.694899 1
5.785912 0.573163 1
6.204954 0.596510 1
3.845217 1.716956 1
3.796619 1.824731 1
3.904215 2.075878 1
6.412480 2.222630 1
6.109220 1.114250 1
3.970571 1.752461 1
6.017458 1.194945 1
6.177104 2.218388 1
5.066491 0.106432 1
5.736123 0.856853 1
6.259442 2.007288 1
5.053280 1.586605 1
5.171651 1.655489 1
4.117604 0.318278 1
5.094077 1.486866 1
5.857598 0.815424 1
4.995025 2.181149 1
6.111111 0.000000 0
6.250000 0.000000 0
6.180937 0.137478 1
5.898433 2.361704 1
5.636862 1.106228 1
5.982413 1.512895 1
5.834264 1.546674 1
5.553351 2.008258 1
5.591503 2.147502 1
5.479326 2.095993 1
6.949171 2.859374 2
6.831521 2.857825 1
6.882554 2.715508 1
6.474845 0.818576 1
6.385768 0.954320 1
6.515819 0.965129 1
6.025159 1.666218 1
6.119349 1.567009 1
6.462369 1.397370 1
6.324215 1.436751 1
3.722780 0.273609 1
5.678832 0.759675 1
5.847640 0.347198 1
5.674036 2.063046 1
5.589827 1.204062 1
6.571663 1.316208 1
6.483446 1.273219 1
5.291018 1.165540 1
4.133654 1.954951 1
4.167809 2.050471 1
5.622250 0.846234 1
3.436522 2.260481 1
4.274614 2.090020 1
5.878862 0.239091 1
5.603273 3.042680 2
5.876892 0.663522 1
5.972222 0.000000 0
6.067082 0.109985 1
5.898426 0.116071 1
3.957970 0.911975 1
5.997469 3.137192 2
6.066569 3.266784 3
6.659159 2.606412 1
6.840494 2.576562 1
6.760593 2.649564 1
6.707620 2.517997 1
3.883708 1.567199 1
3.139514 2.120711 2
3.296390 2.111793 1
3.199289 2.221692 1
5.387472 0.522666 1
4.462722 2.564050 2
4.540211 2.455931 1
4.611162 2.568521 2
3.915571 0.802402 1
5.404268 1.122500 1
5.468201 1.238726 1
4.675114 2.456182 1
4.762679 2.571348 1
3.080878 0.732427 2
3.959123 0.513422 1
5.389453 0.105653 1
5.932649 1.802741 1
5.789452 2.447912 1
5.654687 2.474114 1
3.726347 0.895825 1
3.941152 0.610507 1
4.067390 1.302073 1
4.148262 1.378936 1
4.070376 1.461076 1
5.359257 0.759984 1
3.590630 2.684185 2
6.553916 3.018667 1
3.485706 2.552667 1
4.455444 0.607523 1
4.560836 0.542137 1
4.563451 0.696712 1
4.670970 0.591237 1
3.878421 1.282080 1
5.283319 0.442716 1
4.697741 1.235568 1
5.553119 2.562042 1
5.494925 2.694721 1
5.621850 2.687035 1
5.438052 1.373489 1
5.350778 1.260211 1
5.708072 1.483647 1
5.457215 1.809657 1
5.567788 1.866657 1
5.416706 1.952760 1
4.312671 2.198335 1
4.928566 2.422585 1
6.502028 0.681337 1
6.635121 0.669872 2
4.842820 0.875042 1
3.393071 2.160466 1
3.827495 2.795848 2
6.991859 2.737978 1
7.108499 2.672402 2
7.068888 2.818274 3
3.223093 2.028296 2
4.780706 1.288361 1
5.358227 2.687617 1
5.303451 2.895233 2
5.403417 2.797689 1
5.429600 2.915470 2
6.144776 3.030098 1
4.682758 1.491060 1
4.663811 1.351062 1
5.468232 0.781475 1
4.440127 1.087113 1
3.056968 0.169976 2
3.022608 0.329511 2
4.143056 0.964561 1
3.745319 0.148263 1
5.004983 1.311464 1
3.055556 0.000000 0
3.155647 0.105018 1
6.321735 2.117894 1
4.225101 2.304498 1
4.921088 1.717341 1
4.409590 2.128758 1
6.574481 1.762843 1
6.460699 1.758031 1
4.444445 0.000000 0
4.543991 0.104653 1
5.694445 0.000000 0
4.823249 1.882537 1
5.300817 2.774872 1
3.152739 2.636584 3
5.232052 1.265720 1
3.750000 0.000000 0
6.799769 2.448540 2
4.033442 0.602806 1
5.994103 0.213297 1
5.372931 2.074364 1
5.278401 2.024982 1
3.940217 2.293453 1
5.148560 2.706254 1
5.056581 2.785297 2
3.394670 1.027432 2
5.566142 1.451249 1
3.942056 1.661629 1
5.312334 0.951196 1
5.261732 0.838786 1
3.504400 0.508635 1
3.231197 0.473336 1
3.842282 0.902299 1
3.097116 0.451777 1
6.433274 0.580817 1
4.693324 1.835843 1
5.174839 2.619743 1
5.540326 1.323904 1
4.363525 2.028943 1
5.274411 1.744259 1
5.348793 1.834921 1
5.279668 1.913752 1
6.787325 2.759643 1
6.708418 2.887866 2
6.678010 2.730290 1
3.623500 2.212112 1
6.848816 2.968618 2
4.305555 0.000000 0
4.188107 0.103704 1
6.035318 3.017223 1
5.921306 1.142314 1
6.006395 1.997754 1
3.226219 2.342403 2
3.319385 2.425381 1
3.888889 0.000000 0
3.606921 0.671055 1
6.590637 1.189853 1
6.623026 1.060949 2
6.719118 1.165979 2
3.612837 0.214986 1
4.673587 0.710112 1
6.264836 0.224408 1
4.473945 0.484199 1
4.871843 2.202187 1
6.424726 2.335515 1
6.958165 2.625986 1
4.861111 0.000000 0
5.000000 0.000000 0
4.909756 0.121741 1
4.583333 0.000000 0
4.722222 0.000000 0
4.672441 0.119825 1
5.736414 2.540970 1
3.432795 1.920420 1
6.604926 0.235275 2
6.209862 1.066738 1
4.730761 0.885847 1
5.525003 2.804276 1
5.843597 1.911012 1
5.949358 1.913687 1
6.727134 2.194557 2
6.626881 2.198417 1
3.254211 0.592756 1
4.623531 1.736114 1
3.607256 2.092462 1
4.368527 0.081179 1
5.285372 0.138369 1
6.201790 0.855314 1
4.637472 1.933982 1
3.959849 2.875437 2
5.922396 1.609534 1
5.138889 0.000000 0
5.194705 0.085142 1
4.166667 0.000000 0
4.827893 1.769695 1
4.735635 1.704167 1
6.303110 0.114363 1
6.317778 1.914775 1
6.104757 2.647847 1
6.498920 0.145414 1
6.527778 0.000000 0
6.405153 0.101550 1
4.823543 1.530825 1
4.799692 1.398689 1
4.694332 1.602949 1
3.088658 2.269545 2
3.304002 2.226061 1
5.718493 1.931503 1
4.960206 1.506675 1
3.240989 0.167097 1
6.569833 0.765405 1
7.040461 2.535963 2
3.448032 1.143824 2
6.388889 0.000000 0
5.781999 2.106490 1
4.761513 0.665579 1
3.346754 2.327696 1
6.096117 0.210944 1
6.511671 1.081840 1
3.783251 0.797203 1
6.575046 0.857318 1
3.128230 0.636367 1
6.417073 1.053950 1
4.243562 0.616111 1
5.755952 2.834142 1
4.243294 0.265448 1
4.357610 0.555006 1
6.322611 2.328206 1
6.273861 2.219225 1
5.277778 0.000000 0
4.540840 1.979222 1
4.677654 0.468864 1
6.578643 0.084081 2
4.908827 1.410845 1
6.119900 2.949749 1
4.027778 0.000000 0
3.154818 0.542404 1
5.544065 2.402545 1
5.833333 0.000000 0
4.829906 1.649870 1
4.741789 0.782922 1
4.849654 0.738157 1
5.195613 2.110418 1
5.169352 1.977927 1
6.645611 0.936113 2
4.936807 1.614838 1
6.675809 2.285191 1
4.244239 2.651063 2
4.783470 0.397058 1
4.796529 0.282452 1
3.194444 0.000000 0
6.152049 2.750640 1
6.176887 2.866034 1
4.533991 1.348814 1
5.509090 2.200744 1
6.251194 2.425773 1
5.213384 1.838588 1
4.695080 0.236925 1
6.789903 2.320815 2
5.781554 2.009484 1
4.453945 2.031813 1
5.626534 1.947606 1
5.584702 2.271896 1
6.648148 3.030420 2
5.665025 1.848221 1
6.918958 2.495602 2
5.242271 2.693950 1
4.791667 0.183726 1
4.791667 0.078739 1
5.662192 2.588951 1
5.389285 0.867283 1
4.683551 2.651215 2
4.872369 2.513663 1
6.263386 0.959293 1
5.467221 2.294885 1
3.593017 0.564681 1
5.763889 0.075243 1
3.965343 1.219341 1
6.210627 2.120456 1
6.257380 2.762722 1
6.287323 2.882153 1
5.491444 3.009066 2
4.960452 0.689004 1
3.320478 1.980983 1
5.986506 0.632032 1
4.883244 0.236595 1
5.410939 2.180963 1
5.306698 2.150501 1
6.666667 0.000000 0
4.006957 1.578603 1
5.825987 1.162622 1
3.256537 0.080980 1
3.231018 1.924711 2
5.198067 2.804463 2
3.958333 0.073239 1
6.116432 0.504141 1
5.955906 0.325406 1
5.925706 0.435554 1
5.899045 0.541603 1
6.025506 0.407118 1
6.009024 0.516635 1
3.406164 1.651777 2
6.669121 0.801367 2
5.792207 2.744799 1
6.063309 0.305677 1
5.744256 2.653518 1
6.372652 2.421640 1
6.207363 2.318223 1
5.713305 2.748901 1
6.221040 2.971697 1
 0 1 2
 3 4 5
 6 7 8
 9 6 8
 10 0 2
 11 12 13
 13 12 14
 15 16 17
 18 19 20
 16 21 17
 22 23 24
 23 25 24
 26 18 20
 27 28 29
 30 31 32
 33 34 35
 36 37 38
 39 40 41
 42 11 43
 44 45 46
 47 48 49
 50 37 36
 51 52 53
 54 55 56
 57 51 53
 30 32 58
 59 60 61
 62 63 64
 65 64 63
 66 67 68
 67 69 68
 70 71 72
 73 72 71
 74 49 48
 75 60 59
 76 77 78
 79 80 81
 82 83 84
 85 84 83
 86 79 81
 27 87 88
 89 90 91
 46 45 92
 93 94 95
 96 97 98
 99 100 101
 102 101 100
 103 104 59
 105 91 90
 106 44 21
 107 108 109
 110 111 112
 113 35 34
 114 115 116
 106 2 1
 117 118 119
 120 121 122
 123 124 94
 125 96 98
 119 118 126
 127 128 91
 91 128 129
 130 131 132
 133 112 111
 117 119 134
 135 126 118
 136 137 138
 139 140 141
 20 142 143
 11 13 43
 107 109 144
 119 145 134
 146 147 148
 149 147 146
 142 5 143
 150 151 152
 136 153 137
 57 154 155
 106 156 44
 157 158 159
 160 161 162
 163 162 161
 164 76 78
 165 166 167
 168 167 166
 93 95 169
 22 61 60
 62 170 171
 113 172 101
 164 173 76
 174 147 175
 176 177 178
 179 180 181
 182 181 180
 183 152 184
 106 185 156
 186 187 34
 160 8 188
 116 115 189
 190 176 178
 157 191 192
 139 193 140
 27 194 28
 195 196 197
 34 187 198
 133 111 199
 168 200 201
 202 203 204
 27 88 194
 123 94 205
 206 207 208
 209 145 210
 47 211 48
 206 212 207
 75 59 104
 213 214 215
 216 217 218
 86 40 79
 219 79 40
 220 38 108
 221 222 29
 27 29 222
 25 53 52
 223 224 225
 226 225 224
 195 197 148
 39 41 227
 99 101 172
 228 229 230
 175 147 231
 93 232 94
 233 2 15
 234 235 1
 107 144 236
 237 236 144
 110 238 111
 47 49 239
 240 241 242
 243 244 245
 130 132 246
 247 43 13
 248 249 250
 251 252 253
 254 255 256
 257 256 255
 234 258 259
 243 260 261
 262 250 249
 263 264 265
 266 265 264
 65 63 267
 107 268 108
 269 270 271
 272 252 251
 273 269 271
 274 56 55
 92 45 275
 276 277 269
 278 279 280
 281 282 283
 243 261 244
 160 284 8
 285 286 98
 28 280 287
 74 48 288
 289 290 291
 292 291 290
 293 294 295
 42 155 11
 296 260 297
 110 297 260
 298 299 300
 120 122 301
 293 295 302
 303 304 134
 278 305 279
 152 151 184
 306 118 307
 182 308 239
 213 224 309
 26 20 143
 33 35 310
 311 312 313
 314 315 316
 209 316 315
 317 290 318
 228 169 95
 30 241 240
 62 64 170
 319 282 281
 125 3 320
 73 321 322
 243 323 260
 63 324 325
 326 259 327
 206 306 307
 326 301 215
 122 215 301
 328 275 329
 330 157 192
 216 218 331
 47 239 308
 134 304 117
 54 43 55
 292 332 173
 330 333 166
 168 166 333
 63 325 267
 334 335 336
 110 260 337
 338 339 340
 341 242 241
 317 318 342
 209 210 316
 17 21 343
 139 344 345
 207 346 347
 5 348 143
 349 218 217
 165 167 350
 351 350 167
 352 190 178
 66 68 353
 354 355 356
 183 252 272
 233 357 2
 358 204 203
 359 360 361
 362 363 364
 365 364 363
 62 171 366
 50 36 367
 76 367 36
 149 231 147
 213 368 214
 352 283 282
 369 156 185
 133 199 14
 370 71 371
 70 371 71
 338 340 291
 298 372 299
 373 374 146
 149 146 374
 102 100 375
 299 376 300
 174 175 377
 298 378 372
 103 379 104
 380 66 353
 183 381 152
 259 258 327
 102 375 87
 382 87 375
 220 108 383
 20 19 384
 385 386 387
 92 275 328
 388 384 19
 228 95 246
 130 246 95
 389 127 390
 276 391 392
 385 393 386
 108 38 109
 113 101 35
 394 395 396
 397 398 399
 400 401 119
 243 245 402
 42 403 404
 405 395 406
 389 406 395
 407 170 64
 408 409 393
 410 29 411
 394 412 395
 351 167 413
 326 414 259
 1 235 185
 276 392 396
 319 336 335
 311 313 132
 131 311 132
 160 162 284
 263 265 415
 120 415 265
 73 322 363
 365 363 322
 26 6 416
 163 58 162
 417 269 277
 209 315 121
 234 259 418
 352 419 190
 417 190 419
 420 81 80
 99 421 100
 25 52 24
 139 422 344
 10 2 357
 150 152 423
 424 53 425
 74 426 49
 57 427 154
 410 428 422
 429 230 229
 430 431 432
 106 16 2
 41 40 433
 30 240 31
 373 347 346
 139 345 434
 435 436 281
 437 438 439
 440 441 442
 354 356 310
 405 443 444
 445 444 443
 183 446 447
 82 448 449
 47 308 450
 410 451 29
 50 367 332
 298 267 325
 389 412 127
 213 309 368
 452 287 280
 437 453 438
 417 83 190
 454 335 334
 455 448 456
 82 84 456
 260 323 337
 42 404 457
 458 10 459
 221 460 141
 359 315 461
 314 461 315
 459 10 462
 279 463 280
 408 393 464
 410 465 428
 466 467 468
 228 246 229
 86 433 40
 237 144 469
 470 376 471
 237 218 236
 349 236 218
 285 448 455
 317 308 180
 182 180 308
 472 188 8
 110 112 297
 28 194 280
 382 399 88
 278 88 399
 473 474 475
 167 476 413
 107 333 268
 296 331 218
 477 478 479
 190 83 176
 83 82 176
 27 480 87
 424 425 138
 481 482 483
 248 250 241
 82 456 448
 484 181 245
 120 303 121
 209 121 303
 382 88 87
 168 476 167
 485 193 486
 139 141 460
 452 280 463
 487 488 483
 164 78 489
 370 371 490
 183 272 381
 392 428 465
 308 342 450
 397 399 491
 435 447 446
 492 104 379
 398 305 399
 454 486 193
 227 493 494
 495 109 38
 181 496 245
 497 498 499
 500 356 355
 25 425 53
 435 178 447
 400 501 401
 216 275 45
 62 502 63
 210 501 503
 200 497 499
 504 505 506
 507 506 505
 168 508 200
 102 87 509
 332 367 173
 133 14 510
 123 511 512
 513 512 511
 514 51 515
 516 336 281
 517 518 519
 437 519 518
 520 264 462
 435 281 283
 521 197 196
 273 344 428
 422 428 344
 28 411 29
 522 115 523
 114 523 115
 247 199 524
 359 525 360
 400 119 526
 82 449 176
 319 281 336
 527 528 529
 530 478 477
 12 531 14
 57 53 427
 354 35 509
 102 509 35
 492 446 184
 123 532 124
 139 460 422
 410 422 451
 119 401 145
 533 534 535
 522 443 406
 514 52 51
 536 300 376
 298 325 378
 17 343 537
 538 537 343
 221 141 539
 540 329 275
 541 339 542
 165 159 158
 296 261 260
 237 244 543
 293 137 153
 47 544 211
 12 11 545
 546 547 541
 527 440 442
 195 148 147
 504 506 337
 177 447 178
 548 423 19
 266 264 549
 341 241 250
 102 35 101
 550 138 137
 487 483 482
 374 551 231
 221 29 451
 552 553 96
 54 56 356
 33 356 56
 554 555 322
 398 556 305
 14 199 13
 516 281 436
 557 137 302
 293 302 137
 533 558 534
 299 471 376
 254 256 559
 42 560 155
 183 447 252
 498 45 156
 44 156 45
 326 327 415
 484 244 469
 237 469 244
 485 515 457
 561 211 544
 110 506 238
 473 475 562
 247 13 199
 563 490 371
 564 468 467
 565 566 519
 27 222 480
 266 567 265
 492 184 151
 120 301 415
 131 568 569
 220 570 36
 257 503 501
 311 131 569
 516 571 334
 572 413 476
 168 201 476
 573 403 574
 54 574 403
 292 575 332
 9 8 284
 73 363 72
 338 291 576
 495 38 37
 149 374 231
 495 577 109
 338 576 578
 133 329 112
 522 406 579
 557 377 580
 130 581 131
 117 307 118
 520 462 551
 130 95 124
 94 124 95
 582 571 514
 334 571 582
 154 545 155
 105 579 390
 485 486 515
 200 499 201
 105 115 579
 484 245 244
 462 583 551
 584 23 585
 586 519 566
 25 584 425
 326 215 214
 587 588 589
 171 589 588
 359 590 315
 127 91 390
 591 588 441
 330 192 383
 592 321 593
 470 387 594
 296 297 331
 540 331 297
 595 271 270
 516 334 336
 219 596 79
 150 79 596
 514 515 486
 254 597 598
 538 328 510
 133 510 328
 565 519 439
 276 269 391
 276 396 395
 314 503 255
 561 599 211
 50 332 600
 263 415 327
 601 602 603
 520 549 264
 117 304 307
 604 68 69
 289 68 318
 604 318 68
 33 310 356
 285 98 97
 507 605 506
 263 459 264
 424 427 53
 41 493 227
 122 121 590
 207 347 208
 89 91 606
 54 356 574
 500 574 356
 72 363 607
 330 158 157
 168 333 508
 370 490 239
 174 608 147
 195 147 608
 6 609 416
 500 222 539
 221 539 222
 527 610 528
 266 304 567
 492 379 446
 313 312 488
 611 612 613
 614 615 616
 105 189 115
 365 322 555
 617 494 493
 213 618 224
 619 116 189
 417 277 620
 110 337 506
 405 406 443
 199 621 524
 103 59 436
 516 436 59
 437 439 519
 517 60 518
 75 518 60
 254 598 255
 370 239 49
 389 395 412
 209 303 134
 113 34 198
 150 596 151
 266 307 304
 129 606 91
 317 342 308
 42 43 403
 54 403 43
 534 622 535
 171 588 366
 42 457 560
 219 623 624
 25 23 584
 262 594 387
 219 624 596
 625 626 143
 136 138 425
 299 372 471
 164 627 173
 17 628 15
 289 353 68
 359 361 629
 601 456 84
 554 322 630
 100 631 375
 354 310 35
 454 334 582
 405 632 395
 276 395 632
 580 377 633
 504 337 323
 276 632 277
 213 215 361
 634 526 126
 500 355 222
 233 15 628
 220 36 38
 435 446 635
 514 24 52
 636 637 421
 638 592 593
 557 580 639
 640 639 580
 431 641 432
 19 423 642
 183 184 446
 248 241 643
 619 90 644
 89 644 90
 645 644 646
 389 579 406
 647 537 648
 538 648 537
 17 649 628
 5 4 348
 120 567 303
 9 609 6
 210 503 316
 650 479 597
 651 597 479
 206 307 212
 177 252 447
 652 104 623
 21 46 343
 209 134 145
 587 442 441
 125 320 96
 552 96 320
 362 607 363
 326 214 414
 174 377 302
 557 302 377
 314 316 503
 424 653 427
 154 427 653
 654 340 339
 11 155 545
 561 544 69
 408 535 622
 521 246 132
 177 449 252
 253 252 449
 522 655 443
 76 36 77
 656 528 610
 557 639 137
 550 137 639
 192 657 383
 278 194 88
 373 146 482
 487 482 146
 492 623 104
 122 629 215
 658 645 646
 39 659 40
 105 390 91
 266 549 212
 179 600 180
 435 635 436
 106 1 185
 487 148 197
 507 187 660
 186 660 187
 182 239 490
 430 432 467
 233 628 580
 234 1 0
 517 585 23
 285 97 448
 253 448 97
 612 636 421
 129 432 606
 651 661 597
 129 662 432
 601 84 663
 495 664 577
 445 443 665
 358 203 666
 85 667 84
 70 668 371
 429 229 608
 669 393 409
 144 109 577
 554 614 555
 73 670 321
 278 399 305
 179 664 37
 495 37 664
 607 504 671
 601 603 286
 136 425 584
 371 668 402
 358 666 489
 672 673 416
 548 416 673
 674 397 491
 388 381 553
 272 553 381
 674 491 631
 292 173 627
 67 561 69
 292 290 575
 135 118 306
 233 675 357
 262 249 594
 472 475 474
 44 46 21
 106 21 16
 72 607 671
 362 676 505
 99 613 421
 619 644 677
 392 391 428
 210 401 501
 431 658 641
 154 678 545
 594 249 679
 100 421 637
 179 181 664
 484 664 181
 680 638 288
 253 449 448
 150 80 79
 219 40 659
 681 578 576
 492 151 624
 39 453 659
 608 229 196
 289 340 353
 123 205 511
 682 511 205
 683 466 468
 647 684 649
 685 686 524
 274 524 686
 244 261 543
 466 430 467
 76 173 367
 207 212 549
 96 553 251
 273 391 269
 563 402 245
 107 508 333
 330 268 333
 540 297 112
 220 383 657
 687 294 688
 293 688 294
 120 265 567
 651 479 478
 445 689 602
 612 421 613
 22 60 23
 330 166 158
 314 255 598
 26 143 626
 647 653 690
 257 255 503
 7 6 691
 26 626 6
 174 302 295
 247 55 43
 70 72 671
 206 208 692
 693 364 694
 546 695 547
 30 643 241
 289 318 290
 248 696 249
 697 249 696
 538 343 698
 699 439 438
 481 347 482
 226 224 618
 162 58 700
 586 688 701
 364 702 694
 57 155 560
 292 576 291
 303 567 304
 210 145 401
 507 505 676
 472 589 188
 2 16 15
 7 703 562
 111 621 199
 587 441 588
 74 321 670
 538 698 328
 647 690 684
 534 532 512
 614 616 555
 473 442 474
 385 464 393
 688 153 701
 262 387 386
 92 328 698
 96 251 97
 253 97 251
 351 214 368
 338 542 339
 123 512 532
 289 291 340
 86 81 31
 32 31 81
 513 409 622
 240 493 433
 538 531 648
 647 649 537
 74 593 321
 647 648 678
 315 590 121
 222 355 480
 322 321 630
 592 630 321
 365 555 616
 652 704 453
 682 494 511
 417 620 83
 619 189 90
 504 323 671
 248 643 696
 354 509 480
 87 480 509
 278 280 194
 705 231 551
 343 46 698
 382 491 399
 243 668 323
 640 628 649
 654 353 340
 92 698 46
 652 453 706
 437 706 453
 39 227 707
 326 415 301
 708 366 588
 370 426 71
 73 71 670
 50 600 37
 179 37 600
 266 212 307
 647 678 653
 652 709 104
 75 104 709
 136 584 701
 133 328 329
 354 480 355
 656 610 710
 285 455 286
 417 270 269
 601 286 455
 513 622 512
 711 124 532
 669 386 393
 712 713 613
 611 613 713
 513 511 714
 407 161 170
 160 170 161
 12 545 678
 247 524 55
 274 55 524
 573 404 403
 317 575 290
 712 616 713
 615 713 616
 705 357 675
 682 707 227
 520 374 346
 373 346 374
 515 51 560
 538 510 531
 604 342 318
 487 197 488
 32 700 58
 573 715 140
 141 140 715
 708 324 502
 39 438 453
 604 69 544
 262 386 250
 669 250 386
 488 312 716
 429 295 294
 171 188 589
 485 140 193
 313 488 717
 85 620 718
 26 416 18
 548 18 416
 527 529 440
 296 218 543
 604 544 450
 47 450 544
 154 653 678
 521 229 246
 57 560 51
 93 719 232
 672 416 609
 240 433 31
 388 19 642
 180 600 720
 514 571 24
 640 580 628
 175 633 377
 279 721 468
 683 468 721
 373 482 347
 338 578 542
 202 542 578
 277 718 620
 139 434 193
 89 646 644
 682 227 494
 640 649 684
 601 663 602
 563 245 496
 171 170 188
 174 295 608
 200 722 497
 362 364 676
 41 433 493
 369 185 235
 263 327 258
 160 188 170
 548 673 723
 548 19 18
 645 677 644
 540 112 329
 697 724 725
 638 593 288
 507 660 605
 541 547 339
 654 339 547
 521 132 717
 365 616 702
 712 702 616
 165 158 166
 473 710 610
 408 464 726
 515 560 457
 651 525 461
 216 331 275
 540 275 331
 274 727 56
 33 56 727
 360 728 618
 473 610 442
 483 488 716
 394 396 729
 317 180 720
 234 0 458
 263 258 458
 420 723 673
 237 543 218
 498 217 45
 216 45 217
 591 441 440
 99 730 613
 712 613 730
 234 418 235
 215 629 361
 445 665 689
 473 562 710
 165 350 159
 309 159 350
 14 531 510
 164 666 627
 10 583 462
 93 731 719
 699 719 731
 516 61 571
 564 463 468
 279 468 463
 552 320 3
 359 461 525
 273 428 391
 220 657 570
 693 187 676
 233 580 633
 658 646 641
 587 474 442
 392 729 396
 360 618 361
 93 732 731
 487 146 148
 681 627 666
 163 643 58
 309 350 368
 382 375 631
 645 733 677
 264 459 462
 507 676 187
 682 719 707
 30 58 643
 201 499 734
 369 734 499
 592 554 630
 259 413 418
 572 418 413
 636 674 637
 345 735 335
 650 477 479
 687 230 294
 429 294 230
 135 634 126
 111 238 621
 685 621 238
 652 623 704
 481 208 347
 674 631 637
 296 543 261
 93 169 732
 695 380 736
 382 631 491
 520 346 549
 207 549 346
 17 537 649
 370 49 426
 697 696 724
 330 383 268
 586 585 519
 517 519 585
 548 723 423
 454 193 434
 693 676 364
 522 579 115
 226 737 225
 200 508 722
 445 667 444
 36 570 77
 569 568 738
 711 738 568
 615 611 713
 530 728 478
 389 390 579
 39 707 438
 314 661 461
 572 734 235
 369 235 734
 263 458 459
 219 704 623
 10 357 583
 432 641 606
 89 606 641
 22 24 571
 556 683 721
 71 426 670
 74 670 426
 601 455 456
 651 461 661
 100 637 631
 599 680 739
 699 707 719
 711 558 738
 533 738 558
 150 423 723
 435 283 178
 685 660 686
 186 686 660
 687 688 566
 127 412 740
 394 740 412
 685 524 621
 292 627 576
 470 594 376
 536 376 594
 445 602 663
 485 457 404
 12 648 531
 151 596 624
 452 741 742
 687 169 230
 228 230 169
 12 678 648
 234 458 258
 28 287 411
 743 411 287
 10 458 0
 586 701 585
 584 585 701
 360 478 728
 572 235 418
 352 178 283
 744 740 745
 177 176 449
 488 197 717
 429 608 295
 597 661 598
 351 368 350
 681 576 627
 352 282 419
 595 419 282
 309 224 746
 223 746 224
 75 709 518
 437 518 706
 380 353 736
 453 704 659
 693 694 172
 705 583 357
 520 551 374
 572 476 734
 201 734 476
 182 496 181
 103 436 635
 349 497 722
 365 702 364
 85 718 444
 22 571 61
 424 690 653
 186 727 686
 274 686 727
 586 566 688
 293 153 688
 313 717 132
 498 156 499
 369 499 156
 351 414 214
 654 736 353
 680 288 739
 48 739 288
 744 128 740
 693 198 187
 550 690 138
 424 138 690
 604 450 342
 556 721 305
 279 305 721
 747 689 665
 85 83 620
 105 90 189
 485 404 140
 573 140 404
 345 335 434
 407 724 161
 163 161 724
 86 31 433
 89 641 646
 711 581 124
 186 34 727
 33 727 34
 130 124 581
 521 717 197
 226 618 728
 669 748 250
 681 666 203
 341 250 748
 192 191 657
 744 749 128
 129 128 749
 5 142 3
 552 3 142
 492 624 623
 699 438 707
 516 59 61
 651 478 525
 164 489 666
 99 172 730
 407 725 724
 319 335 735
 272 251 553
 7 691 703
 625 703 691
 74 288 593
 705 551 583
 564 741 463
 617 714 494
 511 494 714
 445 663 667
 693 172 198
 359 629 590
 122 590 629
 141 715 539
 500 539 715
 163 696 643
 522 523 655
 747 655 523
 341 748 750
 672 751 700
 152 642 423
 405 718 632
 277 632 718
 309 746 159
 617 242 750
 341 750 242
 682 232 719
 113 198 172
 7 562 475
 564 749 741
 472 474 589
 408 726 535
 405 444 718
 672 752 673
 420 673 752
 513 753 409
 669 409 753
 162 700 751
 454 582 486
 682 205 232
 506 605 238
 685 238 605
 7 475 8
 408 622 409
 514 486 582
 550 684 690
 62 366 502
 195 608 196
 129 749 662
 388 553 384
 552 384 553
 213 361 618
 640 684 639
 550 639 684
 131 581 568
 744 742 741
 500 715 574
 573 574 715
 108 268 383
 85 444 667
 152 381 642
 388 642 381
 472 8 475
 484 577 664
 563 371 402
 221 451 460
 422 460 451
 513 750 753
 536 594 679
 687 566 732
 32 81 752
 420 752 81
 513 714 750
 527 442 610
 452 463 741
 452 742 287
 534 558 532
 107 236 722
 705 675 231
 175 231 675
 517 23 60
 617 750 714
 360 525 478
 672 700 752
 410 411 465
 743 465 411
 521 196 229
 332 720 600
 498 497 217
 172 694 730
 182 490 496
 563 496 490
 32 752 700
 319 735 282
 595 282 735
 323 668 671
 744 741 749
 119 126 526
 711 532 558
 243 402 668
 446 379 635
 599 739 211
 48 211 739
 94 232 205
 20 384 142
 163 724 696
 349 722 236
 394 729 745
 107 722 508
 314 598 661
 565 732 566
 273 271 344
 345 344 271
 744 745 742
 743 742 745
 711 568 581
 617 493 242
 240 242 493
 202 578 203
 681 203 578
 699 731 439
 565 439 731
 65 300 754
 536 754 300
 565 731 732
 743 745 729
 454 434 335
 685 605 660
 564 467 662
 552 142 384
 351 413 414
 150 723 80
 654 547 736
 708 502 366
 712 694 702
 534 512 622
 9 751 609
 407 64 725
 65 725 64
 697 754 679
 697 725 754
 70 671 668
 9 284 751
 432 662 467
 695 736 547
 687 732 169
 743 729 465
 259 414 413
 317 720 575
 332 575 720
 484 469 577
 144 577 469
 219 659 704
 564 662 749
 65 267 300
 63 502 324
 394 745 740
 750 748 753
 504 607 505
 362 505 607
 349 217 497
 298 300 267
 530 737 728
 697 679 249
 392 465 729
 595 270 419
 417 419 270
 595 735 271
 345 271 735
 136 701 153
 743 287 742
 84 667 663
 206 692 306
 625 691 626
 6 626 691
 587 589 474
 420 80 723
 127 740 128
 747 665 655
 226 728 737
 672 609 751
 652 706 709
 518 709 706
 536 679 754
 65 754 725
 233 633 675
 175 675 633
 162 751 284
 103 635 379
 712 730 694
 443 655 665
 669 753 748
 0
 0
 23
 530 254 223 650 358 202 541 157 597 78 477 225 570 489 542 559 204 746 737 77 159 657 191
 0
 26
 481 470 135 533 400 257 569 385 256 483 387 464 312 208 634 738 559 526 535 471 726 501 311 306 716 692
 10
 591 708 378 588 440 325 372 471 529 324
 23
 747 656 125 114 619 625 116 4 286 143 602 528 689 603 562 703 523 3 98 710 529 348 677
 0
 0
 0
