755 1409
0.949779 3.404397 1
1.054199 3.509120 2
0.863356 3.491082 2
2.778845 2.835404 1
2.722581 2.737618 1
2.902174 2.798072 2
0.396185 2.183249 1
0.485793 2.257014 1
0.408222 2.362005 1
1.124692 2.502292 1
1.228799 2.671952 1
1.078740 2.622919 1
1.260920 2.524205 1
2.799273 2.657090 1
0.307372 2.242768 1
1.891838 1.660905 1
1.812134 1.749249 1
1.768777 1.588196 1
1.715435 1.715435 1
1.754323 2.040810 1
1.758451 2.202305 1
1.616540 2.144050 1
2.224255 0.306330 1
2.388637 0.301507 1
2.347324 0.430043 1
0.322056 2.511587 1
0.277052 2.371028 1
2.583424 2.501775 1
2.701661 2.377132 1
2.695099 2.498819 1
1.941770 2.558034 1
1.986268 2.386796 1
2.062971 2.489299 1
0.454521 2.808389 1
0.571388 2.861906 1
0.452134 2.950124 1
2.234407 0.657481 1
2.120073 0.575014 1
2.240137 0.511258 1
1.127248 1.726203 1
1.287513 1.779542 1
1.172185 1.879920 1
1.512000 3.028704 1
1.638329 2.981352 1
1.652687 3.096948 1
2.646301 0.922937 1
2.670109 0.789847 1
2.774578 0.915790 1
1.198950 0.801339 1
1.130480 0.928674 1
1.047596 0.816552 1
2.809502 0.795452 1
1.042573 3.357720 1
1.152876 3.345575 1
2.287620 1.524415 1
2.254541 1.369898 1
2.361500 1.418024 1
1.860394 2.484539 1
1.205574 3.476413 1
0.790780 1.521364 1
0.866223 1.686136 1
0.720848 1.668843 1
2.169859 1.495364 1
3.339667 0.912487 2
3.270177 0.973470 1
3.207373 0.855838 2
2.810024 0.456545 1
2.953604 0.456908 2
2.865226 0.576531 2
2.902658 1.497932 1
2.858719 1.367423 1
3.032295 1.365025 1
2.344383 2.780520 1
2.410020 2.636260 1
2.463959 2.742223 1
3.029496 1.489282 1
1.616217 1.525900 1
1.625544 1.659426 1
2.260671 2.687577 1
0.000000 3.611111 0
0.000000 3.472222 0
0.145812 3.516792 2
1.626288 2.311020 1
1.334896 0.555154 1
1.426591 0.410512 1
1.466554 0.565998 1
1.919936 1.270345 1
1.755492 1.254920 1
1.871586 1.127154 1
1.739587 1.082100 1
2.271795 0.209714 1
0.215148 2.456833 1
1.527778 0.000000 0
1.666667 0.000000 0
1.589848 0.164068 1
0.000000 1.666667 0
0.000000 1.527778 0
0.166367 1.576067 1
0.929934 2.639890 1
0.910989 2.774923 1
0.801785 2.672930 1
1.774427 3.040984 1
1.793190 3.163004 1
0.794699 2.807750 1
0.959141 3.272808 1
1.114740 3.190928 1
2.339659 0.578731 1
1.946766 2.013768 1
1.849528 1.959829 1
1.990244 1.885894 1
1.305229 0.389658 1
0.571555 2.580719 1
0.703462 2.592797 1
0.657172 2.726656 1
0.985853 1.824786 1
1.035779 1.969255 1
0.868734 0.211318 1
0.964521 0.286455 1
0.812346 0.369957 1
1.582600 0.637034 1
1.586031 0.794422 1
1.444892 0.702479 1
1.455321 0.867097 1
1.700395 1.421035 1
1.848912 1.412530 1
1.805556 0.000000 0
1.903467 0.135013 1
1.734081 0.126238 1
0.000000 1.805556 0
0.127251 1.739763 1
0.133506 1.909086 1
2.556905 2.379816 1
1.218172 1.198164 1
1.350614 1.261764 1
1.181875 1.340844 1
1.529652 2.930318 1
2.581689 0.570891 1
2.727676 0.657350 1
2.592718 0.699527 1
0.311474 0.668788 1
0.467381 0.608861 1
0.442229 0.729840 1
3.084625 1.710023 1
3.214273 1.796005 2
3.044488 1.817739 1
1.669384 2.508442 1
1.783510 2.581631 1
1.639057 2.657163 1
1.573964 2.558412 1
2.641909 2.265342 1
1.950579 1.542280 1
2.293576 2.914561 2
2.211674 2.801809 1
2.157629 2.901798 1
0.000000 1.388889 0
0.149972 1.286949 1
0.099357 1.458333 1
1.388889 0.000000 0
1.451688 0.102339 1
1.291612 0.150376 1
0.325970 2.789191 1
0.430034 2.642692 1
1.900319 2.246005 1
2.059149 2.222981 1
1.618358 0.331709 1
1.559231 0.486486 1
1.495906 0.308210 1
1.969311 1.019273 1
2.061746 0.892063 1
2.102736 1.025609 1
0.339635 1.612239 1
0.418746 1.759923 1
0.268489 1.723210 1
0.833333 0.000000 0
0.952749 0.121463 1
0.771428 0.118995 1
0.000000 0.833333 0
0.118995 0.771428 1
0.121463 0.952749 1
0.900401 1.538032 1
2.650289 0.424858 1
2.789191 0.325970 1
1.864834 2.669803 1
0.375573 0.517925 1
2.436220 1.687967 1
2.544760 1.593015 1
2.582546 1.762051 1
0.579927 1.330083 1
0.693155 1.242052 1
0.699880 1.394122 1
2.322065 1.125849 1
2.203482 1.235145 1
2.203379 1.083952 1
1.907914 3.243223 1
1.757735 3.323189 2
3.408179 1.538060 1
3.469650 1.397828 2
3.520157 1.563006 2
1.224287 0.296905 1
1.202538 0.454328 1
1.086883 0.329925 1
1.204282 1.580212 1
1.276246 1.667205 1
0.711800 3.215925 1
0.817296 3.350409 2
0.664800 3.365109 2
1.604082 1.158693 1
0.210360 1.430914 1
0.309166 1.491194 1
0.816208 2.523963 1
0.269519 0.553090 1
0.268505 0.404020 1
1.859522 1.853826 1
0.916679 1.238047 1
0.965835 1.099162 1
1.031494 1.177436 1
2.530812 1.259939 1
2.437385 1.333153 1
2.440845 1.158403 1
1.454482 2.360494 1
1.366972 2.232490 1
1.514913 2.246294 1
2.303614 2.080386 1
2.467033 2.125870 1
2.314073 2.205104 1
2.414804 2.274356 1
2.344617 1.257511 1
2.523767 0.807827 1
0.000000 2.638889 0
0.000000 2.500000 0
0.156563 2.564223 1
2.500000 0.000000 0
2.638889 0.000000 0
2.580803 0.155104 1
0.691302 2.067234 1
0.783778 1.939588 1
0.854382 2.058358 1
3.327806 1.347803 1
3.391597 1.254465 2
0.575569 2.333369 1
0.555307 2.449255 1
0.990665 2.513189 1
1.388970 3.318665 1
1.514504 3.315554 1
1.492873 3.422162 1
0.651550 1.897666 1
2.446260 0.545086 1
1.083317 1.567965 1
0.191461 0.489829 1
1.345006 0.811477 1
1.279948 1.975235 1
1.295532 2.101532 1
1.163028 2.022084 1
3.021576 1.079524 1
3.150005 1.136741 1
3.024085 1.210747 1
3.136336 1.263274 1
2.615546 1.082204 1
2.523352 0.955785 1
0.340190 0.827867 1
0.859163 1.097124 1
1.556893 1.896948 1
1.426256 1.824901 1
1.530432 1.733837 1
0.562077 1.993732 1
3.038144 2.689117 2
2.920684 2.606197 1
3.070481 2.557373 1
2.029438 3.159523 2
2.045098 3.303173 2
0.409535 0.412463 1
0.000000 1.250000 0
1.250000 0.000000 0
0.097560 2.702323 1
2.705536 0.097139 1
0.547388 3.025512 1
0.142591 0.344801 1
0.293416 0.264023 1
0.507339 1.134566 1
0.563142 0.991858 1
0.619008 1.146263 1
3.126991 1.895258 1
0.196901 0.196901 1
2.114829 1.161689 1
1.428417 0.211565 1
1.287793 2.335515 1
1.282266 3.134658 1
1.200760 3.029277 1
1.066132 3.019356 1
1.414853 1.981967 1
2.992458 1.606666 1
2.871074 1.633615 1
1.679207 2.789721 1
1.508932 2.776086 1
1.619870 2.889459 1
0.963276 0.910615 1
1.781925 2.355033 1
2.990162 2.481465 1
0.494141 0.194617 1
0.426389 0.291239 1
0.354120 0.138728 1
2.715771 1.861416 1
2.616538 1.926217 1
2.897116 0.362254 1
0.796502 2.183070 1
0.955972 0.412901 1
0.651486 1.530363 1
1.355590 2.757757 1
1.427904 2.896766 1
1.250350 2.823003 1
2.529763 0.315156 1
2.496198 0.441729 1
1.605948 3.264765 1
1.468642 3.218100 1
1.552569 3.145017 1
0.458728 2.509269 1
0.998214 1.483394 1
1.034647 1.338494 1
1.096392 1.437640 1
0.914497 1.418791 1
0.303327 2.643407 1
0.204520 2.705582 1
2.201414 0.412802 1
1.904876 3.102249 1
1.612268 1.306570 1
0.705132 1.066432 1
2.083333 0.000000 0
2.222222 0.000000 0
2.155499 0.130976 1
0.000000 2.222222 0
0.000000 2.083333 0
0.130890 2.155257 1
0.677595 0.299934 1
0.644156 0.449829 1
0.555341 0.298229 1
0.519273 0.410918 1
0.848638 3.194028 1
1.105655 2.816049 1
1.152034 2.918720 1
1.013140 2.883109 1
1.348485 3.453827 1
1.276167 2.941524 1
2.513322 1.423509 1
2.630529 1.357583 1
1.311510 1.415828 1
0.587877 1.751007 1
0.528754 1.862419 1
2.705582 0.204520 1
2.647284 0.296403 1
1.322060 0.701230 1
0.325855 1.831504 1
1.321646 1.882507 1
0.501801 3.344194 2
0.405477 3.463461 2
0.378596 3.319889 1
0.268258 3.404548 1
1.352674 2.447920 1
1.353049 2.614886 1
0.729831 1.793274 1
0.800232 1.190266 1
0.810924 1.353468 1
2.673563 1.634048 1
1.072271 2.401469 1
0.922144 2.388603 1
3.193962 1.666452 1
1.464859 2.537365 1
1.029407 2.740659 1
2.763805 1.037202 1
1.179332 2.145504 1
1.980043 3.005756 1
2.100081 2.995924 2
1.687407 3.196637 1
1.019990 1.005327 1
1.627476 1.784595 1
2.529548 2.292510 1
2.518943 1.873322 1
1.940146 0.871278 1
0.360182 2.896423 1
2.818202 2.930408 2
2.910152 0.242337 1
3.056968 0.169976 2
3.022608 0.329511 2
1.316966 3.563776 1
2.709339 2.016364 1
1.126688 0.709832 1
2.803290 1.965028 1
2.023181 0.094830 1
0.092829 2.016189 1
0.349809 0.337138 1
1.802902 0.244661 1
0.226299 1.817828 1
0.969066 3.120357 1
2.404523 1.959093 1
1.284990 0.997983 1
1.130524 1.080647 1
0.355013 3.178329 1
0.264285 3.290146 1
0.243069 3.144606 1
1.453294 2.143997 1
1.256852 3.379022 1
2.765934 1.452646 1
2.749717 1.333528 1
0.856220 3.040886 1
0.748270 3.084017 1
2.138441 0.481055 1
0.132785 3.358270 1
0.213983 0.864530 1
1.866400 2.102868 1
1.636586 1.009266 1
1.732573 0.938516 1
2.305499 2.586493 1
2.329350 2.436040 1
2.447927 2.498250 1
2.426300 1.809981 1
2.331050 1.877390 1
1.717798 1.875217 1
0.555556 0.000000 0
0.694444 0.000000 0
0.624231 0.153507 1
0.000000 0.694444 0
0.000000 0.555556 0
0.152226 0.623898 1
0.420917 1.928146 1
2.065522 1.484890 1
2.097991 1.597253 1
2.649626 1.500520 1
2.429618 2.873436 2
1.638687 2.005035 1
3.212515 1.527108 1
3.306975 1.590395 1
1.710454 0.548027 1
0.849068 1.832281 1
0.000000 3.333333 0
1.536053 2.034399 1
0.580966 1.624627 1
1.998213 1.664424 1
2.212756 2.982619 2
0.759233 0.229289 1
1.494737 1.249506 1
1.464182 1.376227 1
1.846440 0.980156 1
2.864636 0.691966 1
2.586313 2.176878 1
1.341398 0.280135 1
1.831876 0.613857 1
1.973511 0.573318 1
1.925536 0.727707 1
2.071491 0.687137 1
1.002043 1.704599 1
2.262336 1.955468 1
1.580054 1.423513 1
1.117136 0.585166 1
0.943857 0.568149 1
1.061277 0.470094 1
0.957942 2.990262 1
3.322062 1.462646 1
2.713194 0.536243 1
1.728074 0.715074 1
0.590910 1.441185 1
0.690698 2.862676 1
1.345885 1.133201 1
0.568243 1.226271 1
1.645534 0.899312 1
1.544757 0.940892 1
0.537335 2.709244 1
0.246848 2.913737 1
0.321435 3.020672 1
0.169776 3.057310 1
1.507207 1.487833 1
0.878031 0.714775 1
0.778876 0.819733 1
0.717826 0.702975 1
1.691617 0.243349 1
2.057900 2.608670 1
2.111815 2.711766 1
1.976511 2.685504 1
2.005661 2.793774 1
2.413283 1.549996 1
0.472575 1.652194 1
3.136050 0.991132 1
0.487143 0.090776 1
0.086995 0.486111 1
1.572444 2.445432 1
0.630066 0.830477 1
0.492288 0.849073 1
0.592840 0.709844 1
2.928959 1.278061 1
0.786546 0.529079 1
1.818970 0.832252 1
3.108794 1.581715 1
1.244893 1.102499 1
0.277778 0.000000 0
0.416667 0.000000 0
0.000000 0.416667 0
0.000000 0.277778 0
1.672118 0.432130 1
0.000000 3.055556 0
0.108668 2.953682 1
3.055556 0.000000 0
2.952795 0.107677 1
1.115047 1.241050 1
2.865752 0.975219 1
2.901945 1.074872 1
2.819974 1.143045 1
2.107658 2.346035 1
0.390641 1.407513 1
0.441784 1.278391 1
0.496440 1.418488 1
1.910382 2.878036 1
1.864057 2.985655 1
1.750556 2.901249 1
1.129870 2.711843 1
1.363881 3.209672 1
1.458757 1.139654 1
2.087509 2.079071 1
2.189418 2.140769 1
2.199541 2.264792 1
1.882226 2.368093 1
1.944444 0.000000 0
0.000000 1.944444 0
2.162515 0.902203 1
2.171318 2.578232 1
1.994545 1.394618 1
0.208161 2.029161 1
2.029161 0.208161 1
1.256936 3.262984 1
3.040666 0.853878 1
3.080878 0.732427 2
1.928613 1.772891 1
2.850164 2.348053 1
2.930329 2.224630 1
2.984742 2.359340 1
2.105972 2.821742 1
2.241171 2.489126 1
1.223186 0.559792 1
2.725824 1.139400 1
2.811653 1.245847 1
3.204315 1.379568 1
3.259067 1.085353 1
0.910307 0.820293 1
0.972222 0.000000 0
0.000000 0.972222 0
1.226026 0.652913 1
2.314593 1.659975 1
2.601359 2.058598 1
2.521679 1.988620 1
3.121882 1.466238 1
1.003319 0.703230 1
3.258112 1.230243 1
2.826248 2.103138 1
2.779103 2.240019 1
2.420148 1.007251 1
1.021242 2.290112 1
2.861258 2.509342 1
2.772994 2.559116 1
2.662411 1.226015 1
0.000000 2.916667 0
0.000000 2.777778 0
0.126715 2.825142 1
2.777778 0.000000 0
2.916667 0.000000 0
2.824630 0.126071 1
1.407226 3.692912 3
1.258429 3.661305 2
0.105018 3.155647 1
1.414830 1.003783 1
0.897737 2.261121 1
2.953717 1.735142 1
0.407763 0.954280 1
0.280749 0.962352 1
2.667062 2.893990 2
0.799050 1.004161 1
2.026828 0.785144 1
2.076653 0.355921 1
1.928411 0.294825 1
1.942917 0.425354 1
0.338355 2.037788 1
0.294825 1.928411 1
1.609873 3.384493 2
0.304244 1.212124 1
0.299258 1.339156 1
1.899794 3.359475 2
0.804001 0.635863 1
1.190860 3.579062 1
1.130480 3.678314 2
1.058497 0.184312 1
0.184312 1.058497 1
1.434055 2.688274 1
1.524075 2.643659 1
3.345389 1.153100 1
0.711231 0.936692 1
0.437769 1.057717 1
0.785964 2.303798 1
0.769742 2.412311 1
3.088658 2.269545 2
3.226219 2.342403 2
3.102443 2.417721 1
2.774451 1.565211 1
1.583376 3.502321 2
1.438288 3.555330 1
2.507634 1.068091 1
0.588144 0.588144 1
0.513241 0.509499 1
2.463426 0.213157 1
2.614172 2.762391 1
2.540833 2.848108 2
2.378560 0.187229 1
1.412666 1.711518 1
2.037129 0.482115 1
1.807906 2.804029 1
0.588716 3.246781 1
2.715691 1.741103 1
0.967330 1.604430 1
0.303318 3.536052 2
2.168581 2.022651 1
1.494926 1.608590 1
3.218712 2.513155 2
1.201904 1.471797 1
0.660197 2.980864 1
0.635436 3.122160 1
2.173393 0.790393 1
1.755678 2.469362 1
0.990084 2.182014 1
0.891994 2.156935 1
0.961750 2.062615 1
1.069861 2.093642 1
0.000000 0.000000 0
0.138889 0.000000 0
0.114254 0.114254 1
0.000000 0.138889 0
0.877952 0.476651 1
1.297043 1.547593 1
1.152123 0.105043 1
0.104976 1.151346 1
0.668522 2.223001 1
2.547752 2.677674 1
0.594302 2.129804 1
0.468229 2.064114 1
1.998749 1.156131 1
2.361111 0.000000 0
2.439367 0.106791 1
2.293406 0.104691 1
0.000000 2.361111 0
0.104577 2.288904 1
0.107604 2.436661 1
2.985061 0.969088 1
2.822122 1.771414 1
1.355461 3.026949 1
1.683176 2.417166 1
1.708324 0.828011 1
2.317063 1.775103 1
0.694410 0.592424 1
0.770035 2.936203 1
2.654012 2.621906 1
2.691714 2.142068 1
1.854079 0.501035 1
1.834179 0.376955 1
1.545395 3.612684 2
0.227374 0.751302 1
0.468288 3.220364 1
2.983404 0.661308 2
2.937374 0.769187 1
2.537799 1.157463 1
0.500699 2.168376 1
0.167097 3.240989 1
1.396836 1.506192 1
2.060268 1.266113 1
2.130070 1.378753 1
0.912848 1.945715 1
3.024067 2.154481 1
3.298969 1.696324 2
2.307020 0.783294 1
1.201700 2.419512 1
1.153550 0.213930 1
0.213930 1.153550 1
0.188829 2.366446 1
0.216388 0.089976 1
0.091278 0.219877 1
0.829501 0.908576 1
2.942861 2.108407 1
2.310028 0.998124 1
2.915656 1.182207 1
1.378407 1.612362 1
1.887796 2.758913 1
1.770466 2.711713 1
1.982508 2.110129 1
2.214086 0.980023 1
2.157194 2.450393 1
2.401212 0.886268 1
0.264624 2.150678 1
2.132638 0.245777 1
2.262382 0.888277 1
1.759653 0.444356 1
0.319502 1.079225 1
0.000000 1.111111 0
1.111111 0.000000 0
2.907280 2.430012 1
0.670592 2.459717 1
2.910770 2.004319 1
2.460347 0.671721 1
1.268035 0.888256 1
1.532904 1.058559 1
0.883838 2.905522 1
0.447165 3.090198 1
2.508872 2.577290 1
1.160633 2.284393 1
2.909976 1.879384 1
2.352547 0.687952 1
1.719057 0.348415 1
3.152739 2.636584 3
0.000000 3.194444 0
2.033170 1.767027 1
2.902155 0.879769 1
0.526815 1.532871 1
0.688612 2.346434 1
2.321094 2.322698 1
2.416507 0.770873 1
1.253819 2.221075 1
2.226640 2.377940 1
0.402869 1.155797 1
3.223093 2.028296 2
3.139514 2.120711 2
3.123369 1.995431 1
3.022892 2.055470 1
0.416624 1.526584 1
1.422505 3.123403 1
1.826902 0.719624 1
2.148384 1.913549 1
2.044647 2.000212 1
0.538731 3.146183 1
2.129306 1.804879 1
3.021968 1.940591 1
2.812789 1.869311 1
0.565144 2.223985 1
0.208869 2.269420 1
2.807389 0.224724 1
0.226583 2.806432 1
3.231018 1.924711 2
2.043079 2.899563 1
2.200007 1.619631 1
2.771380 1.669078 1
1.357789 0.913241 1
2.233232 1.841750 1
3.394670 1.027432 2
2.217895 1.739479 1
3.448032 1.143824 2
2.442154 2.377958 1
0.080980 3.256537 1
1.047968 0.081641 1
0.081641 1.047968 1
1.084230 2.199133 1
0.904912 1.004763 1
2.792107 2.450197 1
2.112085 1.701302 1
3.406164 1.651777 2
 0 1 2
 3 4 5
 6 7 8
 9 10 11
 12 10 9
 4 13 5
 14 6 8
 15 16 17
 17 16 18
 19 20 21
 22 23 24
 25 26 8
 27 28 29
 30 31 32
 33 34 35
 36 37 38
 39 40 41
 42 43 44
 45 46 47
 48 49 50
 47 46 51
 1 52 53
 54 55 56
 57 31 30
 1 53 58
 59 60 61
 54 62 55
 63 64 65
 66 67 68
 69 70 71
 72 73 74
 75 69 71
 76 17 77
 72 78 73
 79 80 81
 17 18 77
 82 21 20
 83 84 85
 86 87 88
 89 88 87
 22 90 23
 25 91 26
 92 93 94
 95 96 97
 98 99 100
 101 102 44
 99 103 100
 104 105 52
 106 36 38
 107 108 109
 53 52 105
 83 110 84
 111 112 113
 39 41 114
 115 114 41
 116 117 118
 119 120 121
 122 121 120
 123 124 17
 125 126 127
 128 129 130
 131 28 27
 132 133 134
 42 135 43
 136 137 138
 139 140 141
 142 143 144
 145 146 147
 148 145 147
 149 28 131
 150 17 124
 86 124 87
 123 87 124
 72 151 152
 153 152 151
 154 155 156
 157 158 159
 33 160 161
 162 163 31
 164 165 166
 84 166 165
 167 168 169
 170 171 172
 173 174 175
 176 177 178
 59 179 60
 66 180 181
 182 146 30
 139 183 140
 184 185 186
 187 188 189
 190 191 192
 193 194 102
 195 196 197
 198 199 200
 39 201 202
 39 202 40
 203 204 205
 89 87 206
 207 208 97
 209 98 100
 183 210 211
 108 212 109
 213 214 215
 216 217 218
 219 220 221
 170 97 208
 222 223 224
 225 224 223
 217 226 218
 227 46 45
 228 229 230
 231 232 233
 51 46 137
 234 235 236
 237 238 196
 103 113 100
 113 112 100
 239 240 8
 209 241 98
 242 243 244
 234 245 235
 106 24 246
 39 247 201
 119 121 85
 248 211 210
 104 0 204
 122 249 121
 250 251 252
 253 254 255
 256 255 254
 257 258 45
 139 141 259
 213 260 214
 261 262 263
 234 264 245
 265 266 267
 193 268 269
 183 211 270
 154 271 155
 272 157 159
 123 17 76
 228 230 273
 232 274 233
 35 34 275
 276 277 211
 150 15 17
 278 279 280
 137 46 138
 281 144 143
 282 277 276
 283 192 191
 284 94 166
 285 220 219
 286 105 287
 288 287 105
 30 146 57
 261 289 262
 75 290 69
 291 69 290
 147 292 293
 294 293 292
 50 49 295
 164 166 94
 226 191 190
 82 20 296
 297 267 266
 298 299 300
 300 299 277
 301 302 186
 66 303 67
 234 236 304
 305 118 117
 59 306 189
 307 308 309
 83 199 110
 23 310 311
 24 23 311
 312 313 314
 25 8 315
 316 317 318
 319 317 316
 42 44 314
 25 320 230
 321 230 320
 11 98 241
 22 24 322
 193 323 268
 123 324 87
 325 280 279
 326 327 328
 329 330 331
 332 333 334
 335 334 333
 139 210 183
 104 204 336
 203 336 204
 337 338 339
 288 339 338
 242 244 340
 341 309 308
 342 216 343
 344 134 133
 345 245 346
 347 348 233
 310 233 348
 14 8 26
 349 83 121
 342 217 216
 171 350 172
 289 351 262
 352 353 354
 355 354 353
 121 83 85
 12 356 357
 345 358 245
 188 359 360
 361 186 185
 362 241 363
 142 364 143
 365 357 356
 11 366 98
 257 45 367
 242 313 243
 368 252 251
 369 370 268
 312 314 371
 372 295 49
 261 263 373
 149 131 374
 193 102 323
 375 186 302
 167 376 168
 225 223 374
 33 35 377
 3 5 378
 379 380 381
 382 58 340
 213 360 359
 302 301 383
 48 50 384
 383 301 385
 326 328 386
 330 387 331
 388 270 211
 389 127 126
 390 130 129
 104 391 105
 222 392 223
 393 394 49
 395 396 397
 398 21 221
 82 221 21
 213 215 317
 58 399 340
 400 343 401
 288 105 391
 402 336 403
 207 156 155
 284 159 158
 404 38 37
 84 165 85
 80 405 81
 116 175 174
 406 178 177
 207 97 156
 284 158 94
 19 407 20
 325 359 188
 89 408 409
 410 411 412
 375 392 413
 414 413 392
 19 415 108
 161 160 320
 416 417 418
 419 420 421
 345 346 171
 422 171 346
 423 424 150
 92 94 158
 96 156 97
 425 343 400
 72 426 151
 395 354 396
 93 127 94
 95 97 129
 19 21 427
 337 339 366
 19 427 415
 428 429 364
 119 165 430
 13 266 5
 431 60 114
 80 432 405
 8 240 315
 180 348 181
 398 433 21
 40 351 41
 345 434 61
 424 435 150
 153 151 436
 116 118 437
 227 45 258
 44 371 314
 209 363 241
 24 311 246
 438 324 439
 89 409 440
 51 137 441
 325 188 280
 223 442 374
 84 443 166
 444 445 446
 447 446 445
 398 221 220
 321 273 230
 347 233 274
 39 448 247
 222 449 392
 358 60 431
 61 60 358
 87 324 206
 324 450 439
 451 452 453
 305 453 452
 239 8 7
 288 454 339
 237 196 455
 195 455 196
 136 456 137
 106 38 24
 119 457 120
 189 306 458
 103 459 113
 298 418 334
 332 334 418
 132 460 133
 187 461 188
 462 463 120
 122 120 463
 101 323 102
 111 113 464
 465 466 467
 123 76 450
 468 450 76
 312 243 313
 469 470 471
 101 44 43
 164 94 472
 170 172 97
 473 474 475
 476 475 474
 72 74 426
 54 56 477
 170 478 171
 253 479 254
 416 418 480
 420 481 421
 250 41 351
 102 194 371
 307 293 308
 203 403 336
 25 315 161
 111 161 315
 310 180 311
 136 311 180
 82 482 219
 167 88 440
 483 484 485
 141 485 484
 486 71 70
 199 453 200
 487 333 118
 332 118 333
 488 446 376
 428 364 489
 162 296 20
 393 490 394
 345 171 478
 491 492 300
 493 494 276
 89 440 88
 165 495 430
 61 434 306
 496 497 467
 498 380 499
 132 500 394
 215 394 500
 342 477 56
 33 464 34
 213 317 319
 24 38 322
 113 34 464
 501 502 367
 503 367 502
 31 163 504
 188 360 189
 325 260 359
 318 317 134
 422 350 171
 505 506 507
 508 509 510
 511 309 337
 242 512 313
 513 438 133
 460 513 133
 514 515 163
 516 163 515
 10 309 511
 162 31 517
 125 518 126
 519 128 130
 168 520 169
 473 521 474
 86 522 124
 150 124 522
 523 331 387
 524 386 328
 286 525 105
 53 105 525
 526 527 65
 284 166 443
 114 60 448
 212 528 109
 529 530 531
 476 474 532
 414 392 449
 410 533 411
 365 219 482
 59 360 319
 187 507 506
 226 190 218
 83 534 199
 535 503 536
 256 537 71
 59 61 306
 254 479 538
 285 219 356
 365 356 219
 469 539 470
 410 412 73
 173 540 174
 541 176 178
 345 61 358
 48 542 349
 362 9 241
 431 235 358
 245 358 235
 54 477 543
 184 477 185
 544 223 545
 537 546 71
 119 85 165
 48 349 249
 212 108 415
 50 539 547
 469 547 539
 256 254 548
 1 0 52
 526 65 479
 64 538 479
 101 510 509
 298 480 418
 248 421 481
 549 530 550
 529 550 530
 82 219 221
 551 218 190
 402 391 336
 66 68 456
 137 456 68
 398 251 289
 250 289 251
 362 363 552
 553 266 554
 554 266 13
 57 517 31
 265 5 266
 250 252 41
 250 351 289
 379 499 380
 465 467 497
 555 535 536
 556 557 558
 559 560 561
 382 562 563
 496 467 564
 393 565 460
 213 359 260
 363 566 552
 184 543 477
 291 290 567
 568 569 259
 406 259 569
 3 378 570
 325 571 260
 446 572 376
 524 573 574
 575 574 573
 422 576 577
 523 577 576
 369 268 323
 150 435 15
 297 266 553
 59 189 360
 312 194 578
 25 230 91
 451 547 452
 469 452 547
 579 580 155
 207 155 580
 261 415 427
 193 269 581
 451 453 199
 294 135 293
 487 452 582
 583 584 1
 585 117 174
 586 178 569
 524 574 126
 389 126 574
 390 577 130
 523 130 577
 505 580 506
 254 538 548
 365 587 357
 372 49 394
 365 588 587
 589 548 538
 483 590 279
 325 279 590
 278 591 279
 342 343 425
 592 363 593
 209 593 363
 594 595 596
 469 582 452
 291 597 69
 244 598 599
 257 600 258
 483 279 484
 568 484 279
 198 110 199
 601 602 333
 390 172 350
 310 603 233
 604 605 74
 606 23 90
 601 485 140
 141 140 485
 469 471 582
 372 394 214
 417 175 418
 419 421 177
 226 56 55
 483 471 470
 40 202 607
 604 4 570
 3 570 4
 493 276 481
 492 480 300
 445 608 37
 142 567 290
 609 508 510
 203 205 610
 301 186 611
 612 247 448
 355 613 81
 342 425 185
 361 185 425
 451 199 534
 341 338 309
 222 515 614
 312 371 194
 468 76 615
 616 596 595
 215 214 394
 342 56 217
 149 550 28
 318 617 247
 116 174 117
 406 569 178
 483 485 471
 248 481 276
 298 300 480
 147 293 588
 618 619 275
 444 457 430
 119 430 457
 222 614 449
 307 309 10
 618 275 34
 447 36 620
 134 317 500
 57 146 621
 447 445 37
 223 392 545
 44 102 371
 201 247 617
 622 623 624
 64 479 65
 622 624 625
 626 627 628
 626 628 629
 139 421 210
 248 210 421
 256 71 255
 486 255 71
 18 16 415
 212 415 16
 162 20 407
 104 336 391
 438 206 324
 33 161 464
 487 630 452
 332 437 118
 344 631 617
 488 376 440
 167 440 376
 272 159 632
 271 633 155
 234 304 634
 604 74 635
 84 110 443
 264 636 637
 245 264 346
 422 346 264
 136 180 456
 25 161 320
 167 169 638
 283 638 169
 639 640 641
 642 643 644
 544 442 223
 167 638 88
 526 479 645
 59 319 179
 12 357 10
 310 348 180
 594 531 530
 111 464 161
 184 186 413
 375 413 186
 261 433 289
 66 456 180
 293 135 308
 291 567 646
 341 647 287
 286 287 647
 57 296 517
 355 81 405
 226 217 56
 204 0 2
 82 296 648
 120 457 649
 141 484 259
 568 259 484
 335 333 602
 579 506 580
 650 543 184
 101 509 323
 231 233 640
 229 644 230
 86 88 638
 568 279 591
 413 650 184
 601 333 651
 42 647 308
 341 308 647
 216 555 343
 401 343 555
 115 41 252
 261 373 415
 213 319 360
 402 403 652
 618 652 403
 13 4 653
 307 10 357
 496 556 497
 560 498 499
 149 654 550
 401 555 536
 305 452 630
 575 655 656
 657 562 599
 382 599 562
 592 566 363
 332 418 437
 139 658 421
 612 60 179
 395 659 354
 57 621 296
 93 125 127
 128 95 129
 107 407 108
 19 108 407
 660 527 661
 526 661 527
 467 466 397
 473 32 521
 257 555 662
 216 662 555
 352 610 205
 663 637 636
 664 397 396
 344 439 665
 283 191 666
 667 666 191
 50 547 384
 462 409 408
 592 634 304
 361 425 597
 347 181 348
 162 517 296
 622 552 566
 321 320 160
 431 114 668
 594 530 669
 13 653 554
 11 241 9
 670 364 429
 447 620 572
 327 641 328
 329 331 643
 556 558 497
 560 499 561
 671 620 36
 285 356 672
 12 672 356
 667 522 666
 86 666 522
 549 383 385
 198 673 159
 579 155 674
 393 460 490
 132 490 460
 261 427 433
 606 641 640
 675 644 643
 410 73 78
 491 300 676
 282 676 300
 282 276 677
 494 677 276
 678 470 539
 549 679 530
 551 190 680
 66 181 303
 618 403 619
 657 599 598
 417 173 175
 176 419 177
 253 255 681
 40 607 262
 682 607 202
 182 683 684
 344 665 631
 253 681 502
 162 685 163
 686 169 520
 471 485 651
 601 651 485
 33 377 160
 307 587 293
 388 211 277
 115 668 114
 438 513 206
 147 588 148
 352 354 659
 342 185 477
 468 665 439
 687 521 32
 529 28 550
 675 26 91
 227 258 688
 551 688 258
 523 689 331
 524 328 690
 256 548 537
 237 537 548
 462 120 649
 404 608 573
 209 100 112
 671 691 620
 244 599 340
 74 605 426
 337 309 338
 692 656 655
 31 504 32
 687 32 504
 667 423 522
 305 200 453
 585 200 117
 586 569 693
 609 684 683
 271 694 633
 695 272 632
 487 651 333
 529 531 696
 227 138 46
 282 300 277
 248 276 211
 388 277 299
 209 112 697
 111 240 697
 549 385 698
 227 699 138
 136 699 246
 236 235 668
 48 700 49
 393 49 700
 505 208 580
 207 580 208
 168 572 620
 284 443 159
 198 159 443
 355 405 396
 237 455 537
 428 537 455
 379 561 499
 465 497 558
 187 189 458
 592 304 566
 468 439 450
 594 596 531
 575 573 608
 253 645 479
 460 565 513
 18 415 373
 701 408 206
 83 349 542
 103 99 702
 516 504 163
 575 445 655
 444 655 445
 89 206 408
 620 691 520
 288 391 454
 402 454 391
 549 654 383
 395 703 659
 263 615 77
 404 573 322
 139 259 658
 704 73 412
 701 206 513
 285 672 705
 362 705 672
 406 658 259
 706 646 567
 234 636 264
 106 707 36
 671 36 707
 82 648 482
 193 581 194
 389 708 472
 368 625 252
 115 252 625
 265 267 709
 305 630 118
 487 118 630
 692 655 430
 444 430 655
 294 43 135
 389 656 708
 549 550 654
 297 553 696
 710 496 564
 263 607 615
 355 353 613
 706 698 385
 104 52 0
 162 407 685
 242 340 399
 131 27 412
 704 412 27
 711 109 528
 111 315 240
 39 114 448
 404 37 608
 431 668 235
 51 712 47
 667 55 62
 136 246 311
 488 440 409
 6 14 689
 22 322 573
 304 623 566
 341 287 338
 576 6 689
 713 458 306
 164 495 165
 551 680 688
 592 714 634
 239 634 714
 318 134 617
 136 138 699
 604 653 4
 355 396 354
 422 637 576
 339 702 99
 398 289 433
 111 697 112
 106 246 699
 239 697 240
 516 224 715
 239 714 697
 305 117 200
 568 693 569
 76 77 615
 418 175 437
 421 658 177
 209 697 593
 106 699 707
 227 716 699
 198 200 673
 585 673 200
 579 674 693
 586 693 674
 168 376 572
 379 303 181
 468 615 665
 682 665 615
 398 220 251
 524 690 573
 22 573 690
 523 576 689
 368 251 717
 94 127 472
 389 472 127
 390 129 172
 97 172 129
 664 396 405
 183 270 602
 451 542 384
 516 715 718
 257 535 555
 150 522 423
 559 561 274
 347 274 561
 321 558 273
 557 273 558
 226 55 191
 344 617 134
 667 62 423
 579 693 719
 145 621 146
 579 719 506
 188 461 280
 344 133 439
 11 10 511
 720 721 722
 723 722 721
 361 611 186
 328 90 690
 451 534 542
 283 666 638
 86 638 666
 575 656 574
 660 661 441
 170 724 478
 688 680 691
 286 725 512
 642 329 643
 327 639 641
 444 446 726
 727 728 109
 222 224 515
 516 515 224
 618 459 652
 149 374 442
 22 690 90
 639 231 640
 229 642 644
 729 275 619
 711 730 109
 727 109 730
 122 463 565
 701 565 463
 706 144 731
 501 47 712
 278 461 506
 187 506 461
 29 653 27
 704 27 653
 382 583 58
 159 673 632
 155 633 674
 670 143 364
 682 615 607
 727 614 728
 142 290 489
 488 726 446
 301 732 385
 48 384 542
 465 160 377
 706 385 732
 286 647 725
 447 572 446
 501 645 502
 253 502 645
 594 669 721
 575 608 445
 447 37 36
 239 733 634
 331 689 734
 616 267 596
 234 634 636
 706 567 144
 422 577 350
 410 78 521
 474 521 78
 236 668 624
 14 734 689
 347 735 181
 321 160 736
 145 482 648
 483 470 590
 29 554 653
 281 737 722
 297 531 596
 123 450 324
 514 163 685
 157 92 158
 96 154 156
 352 659 610
 379 181 735
 465 736 160
 704 635 73
 74 73 635
 660 441 68
 1 58 583
 713 478 724
 701 513 565
 729 659 703
 11 511 366
 301 611 646
 35 703 466
 395 466 703
 281 143 737
 395 397 466
 568 591 693
 618 34 459
 132 134 500
 48 249 700
 422 264 637
 278 506 719
 121 249 349
 488 457 726
 544 654 442
 149 442 654
 476 738 508
 369 508 738
 103 702 652
 438 439 133
 54 739 62
 424 62 739
 83 542 534
 488 649 457
 40 262 351
 692 430 495
 263 262 607
 706 732 646
 182 684 146
 451 384 547
 291 646 740
 301 646 732
 444 726 457
 75 489 290
 678 590 470
 711 528 435
 15 435 528
 251 220 717
 51 661 712
 122 741 249
 42 308 135
 576 637 6
 103 652 459
 375 545 392
 242 525 512
 132 394 490
 414 449 742
 727 742 449
 107 685 407
 467 397 564
 664 564 397
 257 367 535
 526 712 661
 612 448 60
 183 602 140
 379 735 561
 465 558 736
 402 652 702
 51 441 661
 473 30 32
 215 500 317
 518 326 386
 330 519 387
 12 9 672
 69 597 400
 627 491 676
 494 629 677
 64 743 538
 589 538 743
 45 47 367
 501 367 47
 518 386 126
 519 130 387
 347 561 735
 321 736 558
 242 399 525
 53 525 399
 686 680 192
 663 6 637
 54 543 739
 744 739 543
 75 71 546
 107 728 685
 557 228 273
 232 559 274
 476 508 683
 609 683 508
 523 387 130
 524 126 386
 35 466 377
 465 377 466
 75 546 489
 428 489 546
 551 600 218
 339 99 366
 190 192 680
 604 570 605
 723 721 669
 297 596 267
 589 743 745
 216 218 662
 365 148 588
 704 653 635
 604 635 653
 411 533 718
 687 718 533
 379 381 303
 67 303 381
 544 302 383
 201 617 631
 98 366 99
 21 433 427
 492 416 480
 420 493 481
 720 722 737
 411 715 746
 142 489 364
 335 299 334
 285 705 717
 53 399 58
 115 624 668
 335 270 299
 365 482 148
 382 563 583
 729 610 659
 713 724 507
 362 552 705
 432 710 747
 335 602 270
 389 574 656
 540 695 748
 694 541 749
 203 610 619
 729 619 610
 622 625 750
 286 512 525
 503 535 367
 337 366 511
 589 238 548
 237 548 238
 294 510 43
 551 258 600
 663 7 6
 368 705 750
 116 437 175
 406 177 658
 667 191 55
 544 383 654
 514 685 728
 713 306 434
 505 507 724
 368 717 705
 411 746 412
 678 571 590
 325 590 571
 382 340 599
 64 63 743
 687 533 521
 410 521 533
 369 323 509
 678 539 295
 526 645 712
 147 146 684
 393 741 565
 530 679 669
 432 747 405
 678 295 751
 182 30 475
 402 702 454
 293 587 588
 307 357 587
 529 696 752
 706 731 698
 723 698 731
 585 748 632
 695 632 748
 586 633 749
 694 749 633
 428 546 537
 553 752 696
 294 292 510
 137 68 441
 236 624 623
 616 709 267
 113 459 34
 664 405 747
 424 753 435
 711 435 753
 368 750 625
 198 443 110
 516 718 504
 687 504 718
 297 696 531
 72 152 78
 474 78 152
 428 455 429
 195 429 455
 145 148 482
 671 688 691
 115 625 624
 514 614 515
 686 192 169
 589 745 238
 424 423 62
 369 509 508
 473 475 30
 236 623 304
 671 716 688
 285 717 220
 361 597 740
 225 746 715
 288 338 287
 312 578 243
 244 243 578
 230 644 91
 675 91 644
 101 43 510
 345 478 434
 713 434 478
 627 676 628
 629 628 677
 281 722 731
 723 731 722
 168 620 520
 283 169 192
 549 698 679
 203 619 403
 328 641 90
 227 688 716
 362 672 9
 107 109 728
 390 350 577
 195 197 754
 281 731 144
 122 565 741
 331 734 643
 686 520 691
 425 400 597
 318 247 316
 612 316 247
 505 724 208
 401 70 400
 69 400 70
 142 144 567
 372 214 751
 260 751 214
 675 643 734
 486 681 255
 195 754 429
 670 429 754
 744 543 650
 298 334 299
 388 299 270
 404 322 38
 540 748 174
 541 178 749
 606 90 641
 529 752 28
 239 7 733
 501 712 645
 164 472 708
 244 578 598
 225 374 746
 131 746 374
 29 28 752
 514 728 614
 609 510 292
 622 566 623
 233 603 640
 606 640 603
 170 208 724
 584 583 563
 153 370 738
 713 507 458
 622 750 552
 369 738 370
 585 632 673
 586 674 633
 339 454 702
 393 700 741
 727 449 614
 225 715 224
 313 512 725
 487 582 651
 471 651 582
 291 740 597
 692 708 656
 414 650 413
 601 140 602
 503 681 536
 486 536 681
 586 749 178
 585 174 748
 131 412 746
 282 677 628
 282 628 676
 361 740 611
 147 684 292
 723 679 698
 278 280 461
 729 703 275
 35 275 703
 553 554 752
 29 752 554
 15 528 16
 212 16 528
 697 714 593
 42 725 647
 153 436 370
 260 571 751
 486 70 536
 401 536 70
 675 734 26
 682 631 665
 663 733 7
 686 691 680
 503 502 681
 14 26 734
 671 707 716
 664 747 564
 609 292 684
 701 463 408
 313 725 314
 42 314 725
 182 475 683
 319 316 179
 682 202 631
 201 631 202
 310 23 603
 462 408 463
 710 564 747
 699 716 707
 592 593 714
 744 742 730
 727 730 742
 693 591 719
 249 741 700
 411 718 715
 678 751 571
 50 295 539
 705 552 750
 187 458 507
 744 753 739
 646 611 740
 375 302 545
 544 545 302
 18 373 77
 263 77 373
 424 739 753
 296 621 648
 723 669 679
 474 152 532
 164 708 495
 278 719 591
 744 730 753
 372 751 295
 711 753 730
 692 495 708
 488 409 649
 153 738 532
 476 532 738
 744 650 742
 606 603 23
 476 683 475
 612 179 316
 462 649 409
 145 648 621
 414 742 650
 663 636 733
 218 600 662
 634 733 636
 257 662 600
 153 532 152
 11
 1 352 204 584 562 205 353 81 613 563 2
 0
 0
 23
 720 616 670 594 660 67 380 196 595 65 721 143 743 527 381 709 68 754 737 63 197 745 238
 18
 657 265 151 268 562 194 269 5 426 570 709 605 370 578 598 378 436 581
 0
 0
 0
 0
 0
