727 1341
8.136876 4.213919 1
8.233779 4.208621 1
8.197956 4.353964 1
8.043000 4.266956 1
8.820605 5.021739 1
8.722643 4.893626 1
8.893986 4.907285 1
8.833369 4.807293 1
8.283409 4.508610 1
8.329446 4.403931 1
8.401311 4.564542 1
8.446996 4.428215 1
8.564707 5.134566 1
8.709617 5.112521 1
8.627939 5.212504 1
6.849532 3.776139 1
6.800718 3.652420 1
6.911029 3.660890 1
8.199057 5.447165 1
8.251304 5.295807 1
8.331640 5.457134 1
9.364298 5.069196 1
9.440231 4.961960 1
9.521749 5.133544 1
9.111339 3.475663 1
9.189052 3.630861 1
9.037111 3.620797 1
6.810746 4.185935 1
6.771570 4.326343 2
6.666837 4.183290 2
8.873552 5.163724 1
8.990396 5.045081 1
8.541680 4.309810 1
8.655129 4.284656 1
8.563005 4.423867 1
7.068633 3.034311 1
7.052530 2.925088 1
7.201928 2.902174 2
6.070206 3.682619 2
6.214737 3.731762 1
6.058446 3.837669 2
6.213589 3.874769 2
9.739560 3.850509 1
9.820748 3.979503 1
9.701102 4.005759 1
8.583735 5.031181 1
9.252457 3.526508 1
8.627259 5.314714 1
8.528218 5.353157 1
8.491294 5.224998 1
9.130545 5.131914 1
9.106349 4.979466 1
9.232071 5.051641 1
9.087513 3.339667 1
9.026529 3.270177 1
9.144161 3.207373 2
7.340687 3.445907 1
7.209900 3.518409 1
7.257548 3.368222 1
10.000000 3.472222 0
10.000000 3.611111 0
9.854188 3.516792 1
9.892745 3.641623 1
9.493650 4.264837 1
9.630780 4.212965 1
9.569606 4.362883 1
9.701820 4.346334 1
7.173300 3.083775 1
9.792582 4.131754 1
9.182967 3.350452 1
8.554075 6.198953 1
8.398484 6.284443 2
8.440294 6.124748 1
8.397983 5.325667 1
6.690095 3.368343 1
6.610770 3.517084 1
6.571198 3.370148 1
9.782336 6.375421 1
9.714513 6.491006 1
9.647049 6.309723 1
8.889911 6.068428 1
8.876207 5.943291 1
9.011252 6.006241 1
8.678182 4.436863 1
6.771995 3.451471 1
8.370704 5.826476 1
8.212707 5.784408 1
8.353352 5.703722 1
9.655478 5.224209 1
9.658634 5.078186 1
9.803578 5.156919 1
9.763619 4.995296 1
9.516789 5.717927 1
9.396482 5.642149 1
9.580210 5.622232 1
9.512300 5.505040 1
9.573372 6.456118 1
8.363518 4.296433 1
8.857430 3.828493 1
8.906816 3.683397 1
9.000507 3.767156 1
9.144129 4.504739 1
9.057297 4.639683 1
8.979750 4.530584 1
9.565700 4.992430 1
9.449766 6.670732 2
9.475797 6.554090 1
9.598319 6.671058 2
7.474355 3.948735 1
7.362502 3.998096 1
7.354558 3.843473 1
7.787800 3.842246 1
7.717743 3.712051 1
7.853895 3.704172 1
7.147572 3.390509 1
8.537523 6.316555 2
7.258852 3.938286 1
8.508942 5.730789 1
8.491449 5.882424 1
9.510895 6.232086 1
9.597271 6.130297 1
9.711719 6.175150 1
8.883080 4.651967 1
7.507003 3.833107 1
6.506629 3.889209 1
6.371160 3.918404 2
6.453152 3.767231 1
7.248505 4.062547 1
6.967904 3.287072 1
7.032102 3.373044 1
6.923911 3.405792 1
7.020362 3.486349 1
8.224382 5.129714 1
8.161983 4.972324 1
8.308622 5.038104 1
9.026536 5.614038 1
9.006129 5.434222 1
9.121614 5.499931 1
8.993105 3.903397 1
7.432907 3.754267 1
7.680612 4.592384 1
7.803439 4.691078 1
7.654087 4.696296 1
7.793516 4.580345 1
7.779768 5.695951 1
7.880129 5.779633 1
7.702898 5.823640 2
8.001240 6.125637 1
8.113116 6.052567 1
8.129907 6.199393 2
8.116965 5.102116 1
8.499805 4.198955 1
8.602221 3.469974 2
8.556871 3.586126 1
8.437001 3.520203 2
7.695964 5.158335 1
7.704840 4.993128 1
7.798072 5.105775 1
7.488338 5.133633 1
7.391780 5.076591 1
7.464369 4.987767 1
7.435950 4.462722 1
7.340311 4.526483 1
7.320731 4.347878 1
7.238105 4.475309 1
9.287970 3.215673 1
8.462506 3.635818 1
8.570185 3.698988 1
8.418548 3.747811 1
8.578001 3.849503 1
9.656452 4.903107 1
6.733642 3.740400 1
9.331159 3.351627 1
8.291259 6.184776 2
8.223780 6.085759 1
7.908357 4.798086 1
7.962013 4.663584 1
6.747306 3.560399 1
6.880623 3.544763 1
7.867022 6.172415 2
7.878946 6.014209 1
9.454902 3.848161 1
9.314283 3.848248 1
9.434791 3.702993 1
9.291065 3.714597 1
7.785075 6.078959 2
7.733526 5.338585 1
7.612352 5.241457 2
7.774418 5.233129 1
8.348732 4.179103 1
9.365487 4.864355 1
9.463585 4.799226 1
7.827161 5.898561 1
6.712580 3.932482 1
6.708884 4.073019 1
6.595653 3.964163 1
8.652964 3.332888 2
8.745855 3.392673 1
6.999556 4.038641 1
7.132358 4.123266 1
7.014201 4.188108 1
9.633027 6.555438 1
8.746016 3.500659 1
8.893339 5.523998 1
6.315060 3.798978 1
7.007150 3.739095 1
7.719899 4.769942 1
7.677336 4.871897 1
7.584693 4.797374 1
9.389235 6.324122 1
9.279037 6.403996 1
9.273932 6.211929 1
9.151763 6.320628 1
9.545782 4.888039 1
7.145138 4.312762 1
7.234975 4.226376 1
7.226786 4.375290 1
8.982921 4.773951 1
8.638648 3.969128 1
8.518836 3.956628 1
7.481462 4.203020 1
7.581713 4.284287 1
7.450148 4.327531 1
7.550530 3.698022 1
7.434972 3.621327 1
9.884130 3.862222 1
7.107476 3.549114 1
7.590600 4.173781 1
7.310883 3.038144 1
7.393803 2.920684 2
7.442627 3.070481 2
8.480675 5.451016 1
8.248270 5.643020 1
8.134847 3.534906 1
8.141157 3.688168 1
7.999675 3.667001 1
8.791578 4.266639 1
8.735228 4.162879 1
8.901535 4.154629 1
9.789417 5.397940 1
9.743815 5.500126 1
9.629246 5.391258 1
8.927892 3.522048 1
6.840518 4.024195 1
6.958953 3.898711 1
9.239473 5.574383 1
9.357913 5.466718 1
6.584668 4.109902 2
7.901470 4.551707 1
8.142313 4.540506 1
9.166834 6.086993 1
9.019207 6.168121 1
8.164438 4.105258 1
8.303850 4.077287 1
8.892035 3.981842 1
9.009155 4.033360 1
9.185892 4.630215 1
6.933664 4.371037 2
7.087327 4.451959 1
6.923322 4.490115 2
9.595148 3.911410 1
9.261940 4.191768 1
9.137074 4.064754 1
9.294507 4.016786 1
9.013980 4.902018 1
8.157369 5.343278 1
7.486845 3.218712 2
7.466652 3.355587 1
7.330201 3.277953 1
9.164279 4.330723 1
9.119013 4.198482 1
9.740313 5.638144 1
9.818915 5.770711 1
9.723989 5.769244 1
7.940942 4.044223 1
7.829739 4.154537 1
7.810811 3.992948 1
7.683034 4.079422 1
6.621573 3.804765 1
6.669802 3.646270 1
8.799227 3.695459 1
8.470879 5.998748 1
8.331203 6.030407 1
9.201405 4.935510 1
8.791797 4.408943 1
5.938301 3.649847 3
6.056940 3.532387 2
8.735496 6.378618 2
8.753009 6.218511 1
8.849186 6.340629 2
9.896333 4.076138 1
6.560232 3.675211 1
9.731742 3.404548 1
9.595600 3.461062 1
9.617782 3.328546 1
9.484823 3.377062 1
7.589087 5.067315 1
8.014758 5.026240 1
7.912322 5.070052 1
7.905993 4.939065 1
8.799455 6.008124 1
9.010417 4.264057 1
9.024271 4.401928 1
7.236230 4.640737 2
7.919750 3.793797 1
8.010725 4.891712 1
7.646689 3.834103 1
7.589310 3.951665 1
8.608825 5.841091 1
8.750695 5.904475 1
8.598965 5.957848 1
9.878208 5.660171 1
7.355974 4.133937 1
7.511289 4.077076 1
9.596484 3.754119 1
8.868824 6.204435 1
8.225669 3.402265 2
8.280723 3.514709 1
9.405770 5.171740 1
7.819833 4.993639 1
7.592319 3.433949 1
7.679657 3.570265 1
7.536464 3.555036 1
9.544909 3.601026 1
9.696916 3.536094 1
7.052512 3.196591 1
7.136845 4.570757 1
8.746495 5.791094 1
8.140535 3.900856 1
8.224384 3.983773 1
8.077665 4.032224 1
9.843989 4.287328 1
9.836925 4.437894 1
9.314569 4.342330 1
8.044079 3.806587 1
8.028935 3.941008 1
9.643438 5.532288 1
8.751380 4.564247 1
8.861794 4.526571 1
8.695585 3.615175 1
7.068888 2.818274 3
8.902892 4.323374 1
9.774709 2.930579 1
9.830764 3.057855 1
9.671414 3.023718 1
7.301553 4.971611 2
7.293615 4.802448 2
7.381545 4.884879 1
9.370563 3.484943 1
8.706083 3.761477 1
8.648005 5.639409 1
8.803871 5.700864 1
8.645694 5.751071 1
9.268643 4.448486 1
9.642103 3.181105 1
9.752715 3.139652 1
9.735064 3.290539 1
9.659159 3.651117 1
8.535851 4.550630 1
9.038133 5.778345 1
8.926873 5.746908 1
7.670146 4.365158 1
7.547561 4.413340 1
8.808000 4.066500 1
8.343011 3.622439 1
8.261129 3.719571 1
7.315815 3.590630 1
6.822093 3.892826 1
9.867215 3.358270 1
9.443776 5.274645 1
9.352675 5.348751 1
9.293259 5.209572 1
8.068411 4.410639 1
8.960310 5.866012 1
7.845436 3.518463 1
7.950570 3.409978 1
7.993028 3.524222 1
9.569804 4.571433 1
9.660564 4.490055 1
9.656548 4.656291 1
9.775171 4.579339 1
9.252267 3.424379 1
7.179577 3.233610 1
7.627986 5.690001 2
8.224896 3.609948 1
8.948379 6.302454 2
6.848816 2.968618 2
6.763456 3.051121 1
6.708418 2.887866 2
8.426278 4.109686 1
9.587584 4.065104 1
9.477521 4.131865 1
9.128688 6.469355 2
9.035880 6.385995 2
7.640458 4.476840 1
7.769440 4.469009 1
9.749074 5.293266 1
6.969264 3.105634 1
8.040832 4.749102 1
10.000000 3.333333 0
8.573090 6.070598 1
6.553434 3.253668 1
6.429959 3.207061 2
6.551127 3.130996 2
8.822588 3.578330 1
8.410294 5.534955 1
9.507947 6.351065 1
9.136582 5.963425 1
9.259523 5.967681 1
9.387253 6.096727 1
9.282792 6.069672 1
10.000000 5.416667 0
10.000000 5.555555 0
9.862366 5.518735 1
7.250711 3.717463 1
7.357793 3.705432 1
9.370858 4.135249 1
9.017595 5.197884 1
8.943007 5.300575 1
6.485501 4.018254 2
9.305101 5.776990 1
9.427407 5.788477 1
9.403490 6.204954 1
7.628674 5.388248 2
8.281182 3.844628 1
8.184880 3.793109 1
7.032129 4.300321 1
7.924122 3.904215 1
6.692377 3.259622 1
9.893568 5.066491 1
8.699404 6.020217 1
9.143147 5.736123 1
6.815573 3.308843 1
7.259796 3.145880 1
8.444735 5.075212 1
8.351130 5.181495 1
9.681722 4.117604 1
7.991849 6.253964 3
9.184378 5.857446 1
10.000000 6.111111 0
10.000000 6.250000 0
9.862522 6.180937 1
9.060925 5.898763 1
8.893772 5.636862 1
7.991162 5.553521 1
7.851661 5.591433 1
7.907560 5.478063 1
9.726391 3.722780 1
6.207385 3.602029 1
9.238060 5.686774 1
7.937647 5.676692 1
6.917846 4.123974 1
8.795938 5.589827 1
8.834460 5.291018 1
8.045205 4.134794 1
7.949552 4.167972 1
9.153767 5.622250 1
6.748885 3.832602 1
10.000000 3.055556 0
9.896259 2.958136 1
7.739520 3.436522 1
7.909980 4.274614 1
9.336540 5.877294 1
10.000000 5.972222 0
9.890016 6.067082 1
9.884097 5.897996 1
9.088025 3.957970 1
7.124539 3.959820 1
6.648148 3.030420 2
7.010106 4.599801 2
8.494654 4.948745 1
6.460124 3.478721 1
8.432581 3.883755 1
7.879289 3.139514 2
7.888206 3.296390 1
7.778308 3.199289 2
9.476225 5.378482 1
7.544069 4.540211 1
7.431479 4.611162 1
9.197598 3.915571 1
8.877501 5.404268 1
8.761273 5.468201 1
7.543818 4.675114 1
7.428025 4.762900 1
9.267573 3.080878 2
9.486578 3.959123 1
9.894346 5.389453 1
7.184696 3.631456 1
9.104176 3.726347 1
9.389493 3.941152 1
8.697927 4.067390 1
8.621064 4.148262 1
8.538924 4.070376 1
9.240016 5.359257 1
7.447333 3.485706 1
7.110127 4.224920 1
9.408763 4.670970 1
9.303288 4.563451 1
9.457863 4.560836 1
9.392477 4.455444 1
8.717920 3.878421 1
9.557239 5.283425 1
8.297964 5.907558 1
8.764432 4.697741 1
8.626511 5.438052 1
8.739789 5.350778 1
8.053024 5.415451 1
8.133616 5.564425 1
7.801664 4.312671 1
9.647109 5.717340 1
7.579435 4.927200 1
9.346112 6.510459 1
9.334600 6.631521 2
6.455020 3.605576 1
9.124958 4.842820 1
7.839534 3.393071 1
7.204153 3.827495 1
7.083027 3.295975 1
6.177589 3.490413 1
7.971704 3.223093 1
8.711639 4.780706 1
8.913311 3.256656 2
9.007729 3.134118 2
8.196648 5.955211 1
8.508940 4.682758 1
8.648938 4.663811 1
7.080760 3.837439 1
7.151046 3.739827 1
7.082345 3.659046 1
9.218525 5.468232 1
8.912887 4.440127 1
7.387219 5.170876 1
9.035439 4.143056 1
9.851737 3.745319 1
6.330319 3.680072 1
8.688021 5.006658 1
10.000000 2.777778 0
10.000000 2.916667 0
9.875825 2.830022 2
9.894982 3.155647 1
6.346057 3.572299 1
6.348061 3.445958 1
7.695502 4.225101 1
8.282659 4.921088 1
7.871242 4.409590 1
10.000000 4.444445 0
9.895347 4.543991 1
10.000000 5.694445 0
8.117463 4.823249 1
7.363416 3.152739 1
8.737043 5.234947 1
7.348605 4.683610 1
10.000000 3.750000 0
9.397194 4.033442 1
9.238634 6.557529 2
7.925807 5.372638 1
7.976167 5.274621 1
9.786703 5.994103 1
7.706547 3.940217 1
8.972569 3.394670 1
8.547714 5.569932 1
8.336599 3.943409 1
8.846900 3.345389 1
8.770854 3.259098 2
9.161214 5.261732 1
9.048803 5.312334 1
9.491364 3.504400 1
9.526664 3.231197 1
9.097701 3.842282 1
9.548377 3.097301 1
8.164157 4.693324 1
8.675888 5.541084 1
9.428583 6.433308 1
8.086248 5.279668 1
7.971057 4.363525 1
6.784701 3.180450 1
6.655578 3.156748 1
6.897636 3.204002 1
7.787888 3.623500 1
10.000000 4.305555 0
9.896297 4.188107 1
7.657597 3.226219 2
7.574619 3.319385 1
10.000000 3.888889 0
9.328944 3.606921 1
7.291842 5.136604 2
9.785014 3.612837 1
7.965806 5.893101 1
8.087477 5.855208 1
8.088157 5.952601 1
8.012184 6.007595 1
9.289888 4.673587 1
9.775592 6.264836 1
9.515800 4.473945 1
7.708025 5.982225 2
7.797813 4.871843 1
10.000000 4.861111 0
10.000000 5.000000 0
9.878259 4.909756 1
10.000000 4.583333 0
10.000000 4.722222 0
9.880175 4.672441 1
8.391885 5.929610 1
8.079580 3.432795 1
9.764725 6.604926 2
8.648626 6.277834 2
9.114153 4.730761 1
7.112457 4.685982 2
7.348937 4.244239 1
6.125888 3.393376 1
6.066569 3.266784 3
6.220135 3.313431 2
9.407244 3.254211 1
9.139549 6.204449 1
8.263885 4.623531 1
7.907538 3.607256 1
9.918821 4.368527 1
9.861631 5.285372 1
8.066018 4.637471 1
10.000000 5.138889 0
9.914859 5.194705 1
10.000000 4.166667 0
8.230309 4.827884 1
8.295834 4.735635 1
9.885636 6.303110 1
9.854586 6.498920 1
10.000000 6.527778 0
9.898450 6.405153 1
8.469175 4.823543 1
8.601311 4.799692 1
8.397052 4.694332 1
8.068089 5.721681 1
7.773939 3.304002 1
7.443591 5.267010 2
8.781055 6.104211 1
9.832903 3.240989 1
6.999979 3.608918 1
9.544719 5.824807 1
9.655012 5.846220 1
8.856175 3.448032 1
10.000000 6.388889 0
9.758629 2.819886 2
9.661263 2.881736 2
9.334420 4.761513 1
7.672304 3.346754 1
9.789057 6.096117 1
9.202797 3.783251 1
9.338692 2.983404 2
9.449391 3.039363 2
9.363633 3.128230 1
9.383889 4.243562 1
9.058955 6.276330 1
9.734552 4.243294 1
9.444994 4.357610 1
10.000000 5.277778 0
6.962265 2.992604 1
6.872154 3.083266 1
8.668210 6.148387 1
8.020779 4.540840 1
7.723514 5.584177 1
9.531137 4.677654 1
9.915918 6.578643 2
8.589025 4.907459 1
10.000000 4.027778 0
7.597425 5.533714 2
7.718904 5.458847 1
9.457596 3.154818 1
10.000000 5.833333 0
8.350130 4.829906 1
9.217078 4.741789 1
9.261843 4.849654 1
8.022291 5.169083 1
7.890661 5.195217 1
8.388100 4.946356 1
8.339474 5.584421 1
8.255172 5.537175 1
7.797246 5.508894 1
9.602942 4.783470 1
9.717548 4.796529 1
10.000000 3.194444 0
8.651186 4.533991 1
8.119693 3.335945 2
9.763075 4.695080 1
6.903252 4.256149 1
8.154737 5.215671 1
6.013796 3.411810 2
6.451737 3.351694 1
8.052216 5.626583 1
7.968187 4.453945 1
8.004569 3.123369 2
7.987830 5.785263 1
8.151960 5.664776 1
9.816274 4.791667 1
9.921261 4.791667 1
6.268794 3.508210 1
9.132717 5.389285 1
6.949171 2.859374 2
7.487613 4.872024 1
9.435319 3.593017 1
9.924757 5.763889 1
9.543092 2.953604 2
8.780659 3.965343 1
7.825233 5.408347 1
9.310996 4.960452 1
8.019016 3.320478 1
9.367978 5.986574 1
7.858644 5.299185 1
9.763405 4.883244 1
9.758597 5.873807 1
8.438113 5.630522 1
6.332080 3.337939 2
6.240714 3.415223 1
8.075289 3.231018 2
10.000000 6.666667 0
8.420769 4.007967 1
8.845331 5.824608 1
9.919020 3.256537 1
9.926762 3.958333 1
9.495859 6.116432 1
9.674578 5.954826 1
9.565812 5.926412 1
9.458397 5.899045 1
9.592882 6.025506 1
9.483365 6.009024 1
8.348223 3.406164 2
9.694324 6.063309 1
7.320543 5.240543 2
 0 1 2
 3 0 2
 4 5 6
 6 5 7
 8 9 10
 9 11 10
 12 13 14
 15 16 17
 18 19 20
 21 22 23
 24 25 26
 27 28 29
 30 4 31
 32 33 34
 35 36 37
 38 39 40
 41 40 39
 42 43 44
 45 13 12
 46 25 24
 47 48 49
 50 51 52
 14 47 49
 53 54 55
 56 57 58
 59 60 61
 60 62 61
 63 64 65
 66 65 64
 67 35 37
 68 44 43
 69 53 55
 70 71 72
 73 20 19
 74 75 76
 77 78 79
 80 81 82
 34 33 83
 74 84 75
 85 86 87
 88 89 90
 91 90 89
 92 93 94
 95 94 93
 96 79 78
 97 32 11
 98 99 100
 101 102 103
 104 23 22
 105 106 107
 97 2 1
 108 109 110
 111 112 113
 57 114 58
 70 115 71
 110 109 116
 117 118 85
 119 120 79
 120 121 79
 122 103 102
 108 110 123
 124 125 126
 127 116 109
 128 129 130
 131 130 129
 132 133 134
 135 136 137
 4 6 31
 117 85 87
 98 100 138
 110 139 123
 140 141 142
 143 141 140
 144 145 146
 147 148 149
 132 150 133
 97 151 32
 152 153 154
 155 156 157
 158 159 160
 161 162 163
 164 163 162
 165 69 55
 166 167 168
 169 168 167
 104 170 89
 15 171 16
 165 172 69
 173 149 174
 175 141 176
 177 84 178
 147 179 180
 181 182 183
 184 183 182
 180 179 185
 186 187 188
 97 189 151
 190 191 22
 146 145 192
 130 178 84
 193 194 195
 196 197 152
 198 199 200
 107 106 201
 152 197 202
 135 203 136
 125 204 126
 15 17 205
 206 207 208
 209 210 211
 212 211 210
 191 213 22
 214 215 216
 122 102 217
 169 218 219
 177 178 16
 220 221 222
 223 139 224
 42 225 43
 215 163 216
 57 226 114
 131 114 226
 220 227 221
 228 229 230
 73 231 20
 232 87 86
 233 234 235
 236 237 238
 239 240 241
 242 26 99
 198 243 244
 245 246 93
 95 93 246
 73 49 48
 206 208 142
 91 89 170
 247 195 194
 176 141 248
 249 2 8
 250 251 82
 252 253 1
 98 138 254
 255 254 138
 101 256 102
 257 258 259
 42 44 260
 261 262 263
 264 31 6
 18 265 19
 266 267 268
 56 268 267
 261 269 270
 271 272 273
 274 275 276
 277 276 275
 171 278 279
 98 280 99
 281 72 282
 283 52 51
 83 33 284
 261 270 262
 38 285 286
 287 288 289
 68 43 290
 279 278 291
 292 293 294
 295 294 293
 158 160 296
 149 148 174
 297 298 299
 30 13 4
 80 300 81
 301 269 302
 101 302 269
 303 164 162
 111 113 304
 297 299 305
 306 307 123
 308 309 310
 271 311 272
 312 109 313
 181 314 260
 288 315 289
 233 316 317
 21 23 318
 319 157 156
 320 321 322
 223 322 321
 323 293 324
 67 325 35
 291 278 126
 303 326 164
 327 309 308
 328 329 330
 66 331 332
 261 333 269
 334 328 335
 220 312 313
 334 304 235
 113 235 304
 241 240 336
 337 284 338
 339 152 202
 155 188 187
 36 340 37
 131 178 130
 236 238 341
 342 343 344
 42 260 314
 123 307 108
 50 31 51
 345 346 347
 295 348 172
 339 349 167
 169 167 349
 350 351 352
 101 269 353
 354 355 356
 323 324 357
 223 224 322
 10 11 358
 135 359 360
 221 361 362
 173 282 72
 363 238 237
 166 168 364
 365 364 168
 56 366 57
 243 367 244
 127 215 199
 59 61 368
 369 370 371
 249 372 2
 81 373 82
 374 375 376
 377 378 379
 380 379 378
 46 24 381
 69 381 24
 143 248 141
 382 325 67
 144 146 383
 233 384 234
 80 251 315
 385 315 251
 386 387 388
 155 296 156
 389 151 189
 122 217 7
 390 64 391
 63 391 64
 354 356 294
 212 392 393
 394 395 140
 143 140 395
 88 90 396
 397 35 325
 382 268 58
 175 176 398
 399 59 368
 281 400 72
 193 243 194
 177 75 84
 328 330 335
 239 241 396
 88 396 241
 401 402 403
 242 99 404
 405 20 231
 228 67 37
 83 284 337
 159 345 160
 345 347 160
 209 119 406
 250 407 408
 99 26 100
 104 89 23
 409 211 410
 382 58 114
 411 412 413
 414 415 110
 261 263 416
 30 417 418
 124 419 125
 420 93 421
 409 422 211
 186 423 187
 365 168 424
 334 425 328
 1 253 189
 250 408 410
 327 352 351
 257 426 258
 111 427 276
 274 276 427
 66 332 378
 380 378 332
 223 321 112
 158 296 187
 155 187 296
 401 428 76
 91 429 90
 73 48 231
 430 310 309
 135 431 359
 128 130 432
 382 433 268
 3 2 372
 434 49 435
 68 436 44
 434 45 12
 147 149 437
 420 438 431
 124 126 278
 439 440 441
 97 9 2
 394 362 361
 442 82 373
 117 308 118
 135 360 443
 369 371 318
 74 432 84
 444 445 446
 42 314 447
 38 286 448
 70 72 400
 420 449 93
 46 381 348
 252 330 329
 209 422 119
 233 317 384
 95 241 336
 444 450 445
 198 200 451
 452 351 350
 269 333 353
 17 16 178
 30 418 453
 454 3 455
 245 456 137
 15 457 171
 458 343 459
 374 321 460
 320 460 321
 455 3 461
 212 210 392
 420 462 438
 463 464 465
 255 138 466
 198 467 199
 255 238 254
 363 254 238
 323 314 183
 181 183 314
 468 388 387
 469 259 258
 434 470 45
 101 103 302
 471 76 75
 168 472 424
 98 349 280
 301 341 238
 473 474 475
 95 476 241
 161 163 222
 434 435 134
 161 477 478
 479 182 263
 111 306 112
 223 112 306
 169 472 168
 480 203 481
 135 137 456
 482 483 478
 165 55 484
 390 391 485
 250 82 407
 408 438 462
 314 357 447
 80 82 251
 411 413 486
 414 487 366
 412 311 413
 452 481 203
 488 100 26
 182 489 263
 490 491 492
 493 371 370
 73 435 49
 414 366 415
 236 284 33
 271 94 336
 224 366 494
 218 490 492
 214 495 215
 496 497 498
 499 498 497
 169 500 218
 88 241 501
 85 502 86
 348 381 172
 122 7 503
 504 47 505
 117 352 308
 444 506 507
 18 507 506
 508 275 461
 271 509 94
 510 208 207
 431 438 359
 442 359 438
 92 421 93
 511 106 512
 105 512 106
 471 75 513
 291 513 75
 264 217 514
 374 515 375
 414 110 516
 382 114 517
 286 518 448
 327 308 352
 519 474 473
 5 520 7
 54 521 522
 523 282 174
 434 12 49
 369 23 501
 88 501 23
 127 312 215
 74 76 428
 420 431 449
 135 456 431
 130 84 432
 110 415 139
 504 48 47
 228 37 229
 10 358 524
 525 524 358
 526 205 527
 528 527 205
 245 137 529
 530 338 284
 343 355 344
 166 154 153
 342 459 343
 158 531 159
 301 270 269
 255 262 532
 42 533 225
 291 126 513
 534 513 126
 5 4 535
 536 537 538
 458 539 343
 206 142 141
 499 497 353
 127 199 467
 297 133 150
 471 540 541
 471 513 540
 277 275 542
 88 23 89
 543 134 133
 482 478 477
 395 544 248
 245 93 449
 50 52 371
 21 371 52
 545 546 332
 412 547 311
 7 217 6
 297 305 133
 548 133 305
 56 58 268
 266 268 549
 30 550 13
 534 39 448
 491 33 151
 32 151 33
 334 335 427
 479 262 466
 255 466 262
 480 505 453
 478 551 162
 552 225 533
 101 497 256
 264 6 217
 553 485 391
 523 174 148
 392 210 554
 551 303 162
 555 556 506
 511 554 210
 557 465 464
 74 428 432
 95 246 476
 277 558 276
 111 304 427
 242 559 24
 56 494 366
 117 560 350
 561 424 472
 562 563 521
 469 258 326
 169 219 472
 271 273 509
 50 564 417
 565 417 564
 295 566 348
 66 378 65
 354 294 567
 488 26 25
 143 395 248
 488 568 100
 354 567 569
 347 346 483
 122 338 103
 548 398 570
 108 313 109
 508 461 544
 350 560 571
 571 560 504
 45 535 13
 534 448 540
 96 572 406
 480 481 505
 218 492 219
 96 106 572
 479 263 262
 573 506 556
 461 574 544
 575 576 387
 173 72 71
 198 451 243
 27 243 451
 73 19 435
 334 235 234
 397 325 577
 27 194 243
 526 467 244
 198 244 467
 374 578 321
 119 79 406
 339 202 404
 579 331 580
 526 516 467
 193 367 243
 301 302 341
 530 341 302
 117 350 352
 504 505 481
 266 581 582
 525 337 503
 122 503 337
 250 410 211
 320 494 267
 552 583 225
 46 348 584
 274 427 335
 159 585 345
 508 542 275
 108 307 313
 555 506 446
 586 61 62
 292 61 324
 586 324 61
 21 318 371
 587 588 589
 587 589 590
 496 591 497
 274 455 275
 14 49 12
 268 433 549
 113 112 578
 221 362 222
 77 79 592
 50 371 564
 493 564 371
 65 378 593
 147 180 590
 587 590 180
 594 146 192
 339 153 152
 169 349 500
 390 485 260
 175 595 141
 206 141 595
 245 529 246
 493 246 529
 594 192 180
 277 307 558
 164 258 216
 214 216 258
 131 129 114
 596 597 598
 599 600 601
 96 201 106
 281 282 602
 380 332 546
 147 590 148
 233 603 316
 604 107 201
 101 353 497
 54 522 55
 287 605 288
 217 606 514
 266 582 267
 390 260 44
 209 211 422
 444 446 506
 223 306 123
 104 22 213
 277 313 307
 121 592 79
 323 357 314
 30 31 417
 50 417 31
 30 453 550
 469 326 607
 587 180 192
 132 134 435
 163 608 222
 609 610 611
 165 612 172
 250 211 613
 212 613 211
 10 614 8
 292 368 61
 374 376 615
 545 332 616
 90 617 396
 369 318 23
 452 350 571
 215 495 199
 570 398 618
 499 353 333
 233 235 376
 467 516 116
 493 370 246
 249 8 614
 214 258 426
 242 24 26
 504 231 48
 619 620 429
 523 502 282
 537 458 459
 621 579 580
 548 570 622
 623 622 570
 440 624 441
 173 174 282
 604 78 625
 77 625 78
 626 625 627
 628 524 629
 525 629 524
 10 630 614
 631 86 588
 111 558 306
 224 494 322
 632 581 475
 220 313 227
 11 34 358
 223 123 139
 158 187 633
 80 315 634
 288 634 315
 377 593 378
 334 234 425
 510 296 160
 548 305 398
 175 398 305
 320 322 494
 635 356 355
 4 13 535
 552 533 62
 523 86 502
 161 478 162
 17 636 205
 69 24 53
 92 509 637
 638 637 509
 548 622 133
 543 133 622
 15 244 367
 528 205 636
 202 639 404
 468 387 576
 209 572 210
 511 210 572
 394 140 477
 482 477 140
 113 615 235
 523 588 86
 640 626 627
 641 342 642
 96 406 79
 41 204 125
 277 542 227
 184 584 183
 537 459 538
 97 1 189
 482 142 208
 496 191 643
 190 643 191
 181 260 485
 439 441 464
 249 614 570
 128 577 325
 252 1 0
 15 205 244
 526 244 205
 597 619 429
 121 441 592
 632 644 581
 57 366 487
 121 645 441
 228 433 67
 488 646 568
 647 648 649
 250 613 251
 63 650 391
 138 100 568
 385 251 651
 545 599 546
 164 216 163
 66 652 331
 382 67 433
 215 608 163
 271 413 311
 184 646 25
 488 25 646
 593 499 653
 132 435 19
 391 650 416
 647 649 484
 654 411 486
 386 655 656
 654 486 617
 70 657 605
 295 172 612
 60 552 62
 295 293 566
 127 109 312
 249 658 372
 534 126 204
 144 383 659
 32 34 11
 397 656 655
 97 11 9
 65 593 653
 377 660 498
 91 598 429
 561 329 424
 604 625 661
 408 407 438
 164 326 258
 224 415 366
 440 640 624
 288 605 657
 45 662 535
 90 429 620
 184 182 646
 479 646 182
 663 621 290
 523 148 589
 664 423 665
 666 569 567
 664 659 383
 303 607 326
 292 356 368
 144 450 145
 342 538 459
 667 463 465
 628 668 630
 669 670 514
 283 514 670
 262 270 532
 463 439 464
 69 172 381
 221 227 542
 594 180 185
 553 416 263
 442 407 82
 297 671 298
 672 298 671
 98 500 349
 339 280 349
 575 432 428
 530 302 103
 242 404 639
 111 276 558
 632 475 474
 597 429 598
 339 167 153
 319 156 595
 320 267 582
 628 470 673
 405 674 20
 20 674 675
 56 267 494
 228 230 549
 676 446 445
 175 305 299
 264 51 31
 63 65 653
 220 222 608
 677 379 678
 458 679 539
 328 424 329
 292 324 293
 525 358 680
 161 362 477
 401 576 428
 681 316 603
 379 682 678
 14 13 550
 295 567 294
 257 28 683
 27 683 28
 281 118 310
 306 558 307
 224 139 415
 496 498 660
 124 278 195
 193 195 278
 2 9 8
 573 671 684
 102 606 217
 177 279 75
 291 75 279
 609 286 685
 68 331 652
 525 680 337
 628 673 668
 483 346 551
 599 601 546
 308 310 118
 609 518 286
 83 337 680
 401 76 686
 365 234 384
 354 344 355
 292 294 356
 525 520 629
 628 630 524
 68 580 331
 628 629 662
 671 150 684
 321 578 112
 246 370 476
 332 331 616
 579 616 331
 444 687 450
 631 450 687
 380 546 601
 604 201 78
 499 333 653
 468 576 403
 369 501 476
 241 476 501
 688 248 544
 358 34 680
 239 486 413
 261 650 333
 623 614 630
 635 368 356
 83 680 34
 401 686 402
 595 156 207
 334 427 304
 519 473 689
 390 436 64
 66 64 652
 46 584 25
 184 25 584
 631 690 450
 38 448 39
 277 227 313
 628 662 470
 132 19 684
 122 337 338
 369 476 370
 232 86 691
 631 691 86
 692 693 598
 596 598 693
 397 577 656
 41 39 204
 5 535 662
 283 51 514
 264 514 51
 144 445 450
 200 199 495
 565 418 417
 323 566 293
 600 693 601
 692 601 693
 688 372 658
 694 540 448
 508 395 361
 394 361 395
 505 47 550
 525 503 520
 586 357 324
 482 208 483
 27 29 194
 565 695 136
 137 136 695
 586 62 533
 480 136 203
 36 696 340
 301 238 532
 319 299 298
 347 483 697
 200 426 683
 257 683 426
 42 447 533
 586 533 447
 534 204 39
 45 470 662
 14 550 47
 183 584 698
 504 560 231
 623 570 614
 176 618 398
 247 419 195
 272 699 465
 667 465 699
 394 477 362
 354 569 344
 700 344 569
 135 443 203
 510 156 296
 575 387 656
 77 627 625
 623 630 668
 553 263 489
 175 299 595
 386 696 655
 218 701 490
 377 379 660
 631 588 690
 389 189 253
 274 335 330
 626 661 625
 530 103 338
 587 192 145
 621 580 290
 36 655 696
 496 643 591
 676 665 702
 635 355 539
 343 539 355
 95 336 94
 692 682 601
 380 601 682
 166 153 167
 505 550 453
 632 515 460
 236 341 284
 530 284 341
 283 703 52
 21 52 703
 375 704 603
 232 507 675
 18 675 507
 54 559 521
 562 521 559
 478 483 551
 409 410 705
 323 183 698
 342 641 538
 676 659 665
 252 0 454
 274 330 454
 200 683 451
 27 451 683
 587 690 588
 186 706 702
 255 532 238
 236 33 237
 491 237 33
 186 702 665
 692 598 707
 91 707 598
 561 253 329
 235 615 376
 271 240 413
 166 364 154
 317 154 364
 7 520 503
 165 649 612
 239 413 240
 510 160 697
 3 574 461
 92 94 509
 557 708 465
 272 465 708
 374 460 515
 442 438 407
 242 639 559
 562 559 639
 677 191 660
 249 570 618
 117 709 560
 640 627 624
 430 657 400
 710 541 711
 342 344 642
 700 642 344
 664 665 659
 408 705 410
 147 437 179
 375 603 376
 80 634 300
 482 140 142
 666 612 649
 317 364 384
 239 396 617
 519 689 712
 626 713 661
 303 551 346
 275 455 461
 186 188 706
 496 660 191
 144 659 445
 389 714 492
 219 492 714
 579 545 616
 619 654 620
 360 715 351
 127 467 116
 102 256 606
 669 606 256
 161 222 362
 654 617 620
 301 532 270
 679 399 716
 239 617 486
 124 195 419
 221 542 361
 508 361 542
 10 524 630
 573 265 506
 18 506 265
 390 44 436
 171 457 278
 193 278 457
 339 404 280
 228 549 433
 452 203 443
 177 16 279
 171 279 16
 677 660 379
 511 572 106
 218 500 701
 676 445 659
 319 298 157
 672 157 298
 562 197 563
 196 563 197
 24 559 53
 600 596 693
 519 704 474
 271 336 240
 209 406 572
 320 644 460
 389 253 714
 561 714 253
 274 454 455
 3 372 574
 441 624 592
 77 592 624
 128 325 517
 405 231 560
 547 667 699
 385 651 393
 212 393 651
 64 436 652
 68 652 436
 632 460 644
 90 620 617
 583 663 717
 148 590 589
 609 685 610
 694 541 540
 669 643 670
 190 670 643
 119 422 718
 409 718 422
 669 514 606
 672 671 556
 70 400 657
 295 612 567
 480 453 418
 5 629 520
 575 577 432
 281 310 400
 54 53 559
 155 157 188
 672 188 157
 573 684 265
 19 265 684
 534 540 513
 638 719 720
 128 517 129
 5 662 629
 252 454 330
 92 637 421
 721 421 637
 3 454 0
 70 605 115
 375 474 704
 252 329 253
 722 718 723
 638 509 273
 319 595 299
 581 644 582
 444 507 687
 232 691 507
 694 448 518
 365 384 364
 666 567 612
 317 316 724
 399 368 716
 347 697 160
 483 208 697
 677 678 170
 688 574 372
 508 544 395
 219 714 472
 561 472 714
 710 686 541
 181 489 182
 363 490 701
 575 656 577
 380 682 379
 430 634 657
 694 711 541
 434 673 470
 190 703 670
 283 670 703
 430 400 310
 266 549 230
 389 492 151
 491 151 492
 365 425 234
 635 716 368
 573 556 671
 405 560 709
 663 290 717
 43 717 290
 722 120 718
 471 686 76
 297 150 671
 677 213 191
 710 402 686
 543 673 134
 434 134 673
 586 447 357
 272 311 699
 547 699 311
 96 78 201
 565 136 418
 480 418 136
 710 711 611
 360 351 443
 575 428 576
 510 697 208
 247 194 29
 77 624 627
 385 289 315
 190 22 703
 21 703 22
 681 603 704
 666 649 648
 128 432 577
 386 656 387
 202 197 639
 562 639 197
 722 725 120
 121 120 725
 158 633 531
 726 531 633
 523 589 588
 117 87 709
 232 674 87
 632 474 515
 165 484 649
 91 170 707
 526 527 516
 471 541 686
 327 351 715
 450 690 145
 68 290 580
 688 544 574
 557 719 708
 677 170 213
 374 615 578
 113 578 615
 137 695 529
 493 529 695
 511 512 554
 317 724 154
 104 213 170
 557 725 719
 251 613 651
 212 651 613
 401 403 576
 452 571 481
 669 256 591
 497 591 256
 504 481 571
 543 668 673
 206 595 207
 121 725 645
 233 376 603
 543 622 668
 623 668 622
 722 720 719
 565 564 695
 493 695 564
 99 280 404
 479 568 646
 553 391 416
 245 449 456
 431 456 449
 281 602 118
 85 118 602
 15 367 457
 638 708 719
 200 495 426
 214 426 495
 638 720 637
 98 254 701
 176 248 658
 688 658 248
 18 20 675
 375 515 474
 420 421 462
 721 462 421
 348 698 584
 491 490 237
 672 556 706
 414 516 527
 170 678 707
 181 485 489
 553 489 485
 327 715 309
 81 309 715
 333 650 653
 722 719 725
 110 116 516
 261 416 650
 282 502 602
 583 717 225
 43 225 717
 587 145 690
 363 701 254
 409 705 723
 98 701 500
 609 611 711
 320 582 644
 186 665 423
 442 373 359
 360 359 373
 382 517 325
 721 720 723
 722 723 720
 700 569 648
 666 648 569
 555 702 706
 638 273 708
 272 708 273
 555 446 702
 676 702 446
 721 723 705
 510 207 156
 452 443 351
 669 591 643
 557 464 645
 365 424 425
 159 531 585
 555 706 556
 17 178 636
 131 636 178
 635 539 716
 692 678 682
 114 129 517
 726 585 531
 609 711 518
 63 653 650
 441 645 464
 679 716 539
 721 705 462
 36 35 655
 397 655 35
 328 425 424
 288 657 634
 323 698 566
 348 566 698
 138 568 466
 479 466 568
 528 226 487
 694 518 711
 557 645 725
 409 723 718
 672 706 188
 499 593 498
 377 498 593
 363 237 490
 519 712 704
 408 462 705
 232 675 674
 193 457 367
 430 300 634
 360 373 715
 81 715 373
 721 637 720
 132 684 150
 215 312 608
 220 608 312
 430 309 300
 57 487 226
 81 300 309
 119 718 120
 681 704 712
 507 691 687
 631 687 691
 528 636 226
 249 618 658
 176 658 618
 692 707 678
 85 602 502
 528 487 527
 131 226 636
 414 527 487
 87 674 709
 405 709 674
 0
 0
 0
 10
 386 468 710 388 696 402 611 610 340 403
 4
 286 285 610 685
 0
 27
 266 196 647 681 700 152 581 37 55 538 522 473 563 484 316 229 642 724 230 712 648 475 340 689 154 521 641
 17
 287 173 105 604 385 149 392 107 71 393 437 512 115 605 289 554 661
 0
 28
 469 38 594 303 41 664 247 257 726 40 125 146 383 285 28 607 346 419 437 633 259 187 179 29 345 585 423 185
