1496 2823
9.189115 7.268899 1
9.026397 7.154194 2
9.203280 7.127573 2
9.066470 7.300193 1
5.221864 8.314909 1
5.194563 8.453780 1
5.103426 8.308444 1
5.039473 8.409187 1
8.863484 7.510697 1
8.787069 7.324305 2
8.909194 7.389845 1
8.739079 7.475795 1
4.843771 7.742307 1
4.766234 7.666049 1
4.942622 7.631082 1
4.792192 8.827494 1
4.900336 8.739722 1
4.900708 8.889679 1
5.018963 8.822566 1
4.518532 9.039821 1
4.623083 9.182564 1
4.474886 9.182805 1
4.643481 9.022559 1
4.821928 7.549235 1
6.801157 9.515192 1
6.687997 9.444273 1
6.839583 9.404687 1
6.547130 9.231997 1
6.642835 9.095756 1
6.670410 9.223898 1
3.984750 9.683025 1
4.081141 9.703469 1
3.991364 9.808573 1
6.759707 9.315547 1
2.215323 8.693197 2
2.352635 8.589117 2
2.338058 8.714190 1
3.044516 8.797724 1
2.927110 8.801484 1
2.978158 8.659540 1
3.125738 8.723030 1
8.098322 8.315125 1
8.191681 8.238590 1
8.229992 8.408799 1
9.295344 7.235176 1
9.319554 7.073822 2
9.437507 7.231271 2
8.284565 8.284565 1
7.196783 8.586221 1
7.200417 8.693474 1
7.050214 8.601746 1
4.154042 9.791286 1
6.485560 9.116166 1
8.860770 7.173469 2
8.949093 7.276841 1
7.098999 8.730274 1
2.511587 9.677944 1
2.365838 9.722083 1
2.355013 9.581230 1
3.642383 7.890832 1
3.511250 7.910295 1
3.556786 7.772664 1
3.421979 7.817657 1
4.690049 8.661431 1
4.815514 8.530622 1
4.799302 8.686742 1
4.711200 8.307444 1
4.741633 8.163024 1
4.860852 8.234040 1
8.057467 7.442184 2
8.013730 7.613206 1
7.937085 7.511055 1
5.725996 8.491804 1
5.840215 8.416333 1
5.846289 8.591111 1
5.982413 8.487105 1
6.329707 9.377750 1
6.492596 9.347685 1
6.401016 9.473169 1
6.985586 7.796449 1
6.940618 7.663868 2
7.081625 7.688628 1
7.047115 7.545722 2
2.389450 8.917956 1
2.507951 8.842249 1
2.535382 9.000408 1
3.948256 8.299196 1
3.843820 8.384261 1
3.843518 8.238039 1
3.734205 8.298347 1
6.144520 8.261088 1
6.017505 8.310702 1
6.014330 8.187575 1
5.899400 8.271502 1
8.872752 8.273797 1
8.712487 8.220457 1
8.827452 8.119555 1
2.232544 9.342650 1
2.231482 9.477139 1
2.118436 9.423791 1
4.835890 8.349513 1
6.023907 9.579772 1
5.876548 9.535896 1
6.006768 9.473273 1
3.850071 9.739372 1
8.801050 9.198662 1
8.869520 9.071326 1
8.952404 9.183449 1
8.229831 7.968397 1
8.261547 7.818151 1
8.329817 7.931155 1
5.033668 8.974723 1
4.887443 9.018431 1
7.580945 7.964810 1
7.718913 8.041488 1
7.572391 8.086435 1
5.160952 8.874516 1
6.783435 9.018176 1
6.778850 9.177019 1
8.660706 9.433530 1
8.734312 9.573100 1
8.588496 9.554889 1
8.139606 7.515463 1
5.117629 9.121278 1
5.054770 9.226753 1
4.976250 9.108380 1
7.275660 8.213222 1
7.137843 8.159833 1
7.227174 8.086565 1
6.686429 8.234365 1
6.638235 8.363351 1
6.535256 8.299313 1
9.209220 8.478637 1
9.133777 8.313864 1
9.279152 8.331158 1
4.595613 8.187726 1
4.511151 8.049745 1
4.657690 8.056572 1
6.567698 8.175380 1
2.988788 8.221578 1
2.848468 8.223381 1
2.938308 8.067600 1
6.406180 9.252308 1
3.081775 8.353309 1
2.937531 8.385432 1
8.383783 8.474099 1
8.366885 8.338261 1
2.634778 9.100739 1
2.751874 9.095387 1
2.661494 9.223904 1
3.611111 10.000000 0
3.472222 10.000000 0
3.516792 9.854188 1
2.809457 9.542949 1
2.863925 9.418609 1
2.953662 9.542715 1
6.515550 7.910473 1
6.624644 7.818213 1
6.686428 7.967595 1
2.807078 9.202169 1
8.402851 7.835985 1
8.328498 8.202458 1
8.373713 7.688981 1
8.532495 9.432484 1
3.641623 9.892745 1
3.711240 7.702978 1
3.753700 7.593210 1
3.852340 7.744352 1
8.080065 8.729655 1
8.244508 8.745080 1
8.128414 8.872846 1
8.260413 8.917900 1
2.456092 9.784729 1
7.695690 7.911520 1
8.472222 10.000000 0
8.333333 10.000000 0
8.410002 9.835957 1
10.000000 8.333333 0
10.000000 8.472222 0
9.833633 8.423933 1
3.880420 7.593835 1
6.646036 8.522911 1
6.661362 8.674201 1
6.551526 8.651682 1
2.601451 8.230957 1
2.705326 8.289047 1
2.563487 8.380516 1
4.992723 9.561673 1
4.955625 9.444233 1
5.100862 9.495233 1
5.104562 9.353175 1
3.099504 7.861408 1
3.087139 7.754130 1
3.246407 7.816896 1
3.455959 8.054653 1
3.603015 8.014289 1
3.522590 8.166489 1
5.571858 7.994799 1
5.702821 7.933967 2
5.684880 8.078018 1
2.826501 8.085840 1
3.357792 9.078940 1
3.207491 9.144413 1
3.270567 9.026120 1
2.580719 9.428445 1
2.584457 9.302958 1
2.726588 9.342508 1
8.964221 8.030745 1
9.014147 8.175214 1
4.134202 8.347101 1
3.981994 8.390379 1
4.054682 8.266901 1
5.326624 8.394687 1
5.455002 8.323562 1
5.448535 8.493784 1
5.942748 9.666035 1
6.126753 7.757062 2
6.265494 7.724443 2
6.192368 7.834031 1
8.417400 9.362967 1
8.413969 9.205578 1
8.555108 9.297521 1
8.544679 9.132903 1
6.522646 8.522436 1
3.600476 8.706468 1
3.692692 8.572439 1
3.757893 8.727348 1
8.299604 8.578965 1
8.150883 8.586969 1
1.805556 10.000000 0
1.737316 9.870559 1
1.903461 9.864985 1
8.194445 10.000000 0
8.096696 9.865049 1
8.265920 9.873768 1
10.000000 8.194445 0
9.872749 8.260237 1
9.866494 8.090914 1
5.281036 8.087737 1
5.183760 7.973964 1
5.325183 7.953028 1
5.229473 7.854873 1
7.193438 8.308837 1
3.167779 7.683233 1
6.673309 9.597209 1
6.560266 9.486866 1
8.781828 8.801836 1
8.649385 8.738236 1
8.818125 8.659156 1
2.339659 9.421269 1
5.786549 8.751596 1
5.831116 8.859455 1
5.704263 8.908795 1
3.350409 9.182704 1
9.130144 7.937394 1
9.225966 7.866392 1
9.220140 8.040486 1
4.176283 7.510770 1
4.021476 7.534031 1
4.107207 7.367772 1
3.968200 7.421478 1
5.667077 8.750273 1
6.344052 9.144920 1
6.398485 9.020336 1
2.610155 8.909194 1
9.688526 9.331212 1
9.532619 9.391139 1
9.557771 9.270160 1
3.841172 8.600904 1
3.907595 8.740753 1
3.835572 8.882611 1
2.684485 8.547401 1
2.845678 8.557736 1
2.742036 8.654783 1
8.330523 7.491629 1
8.214594 7.419095 2
8.358824 7.344438 2
6.805555 10.000000 0
6.669086 9.877488 1
6.780723 9.831198 1
8.425339 7.441966 1
4.007149 7.706590 1
8.049421 8.457720 1
9.319926 7.938755 1
10.000000 8.611111 0
9.850028 8.713051 1
9.900642 8.541667 1
8.611111 10.000000 0
8.541667 9.900642 1
8.713051 9.850028 1
4.928938 8.408052 1
2.753611 9.666281 1
2.642692 9.569966 1
5.339095 9.054036 1
5.474401 8.974982 1
5.467297 9.110331 1
9.758457 7.177536 1
9.807975 7.302424 1
9.676048 7.282984 1
5.996070 7.736128 2
6.090784 7.860630 1
5.958368 7.915096 2
8.099681 7.753994 1
7.956195 7.781517 1
8.381642 9.668290 1
8.440768 9.513515 1
8.504643 9.684635 1
9.441229 7.448674 1
9.530840 7.331017 1
9.560238 7.471699 1
9.642888 7.392735 1
8.030688 8.980727 1
7.947371 9.103440 1
7.889166 8.981995 1
2.685320 8.413293 1
9.660365 8.387761 1
9.581254 8.240078 1
9.731511 8.276791 1
9.166667 10.000000 0
9.060560 9.875159 1
9.228572 9.881005 1
10.000000 9.166667 0
9.881005 9.228572 1
9.878537 9.047251 1
3.245531 7.230278 1
3.155838 7.313945 1
3.091022 7.181091 2
6.572844 8.041079 1
3.426557 8.510435 1
3.487289 8.414026 1
3.542542 8.558068 1
3.612251 8.459483 1
9.099599 8.461967 1
6.551444 8.971073 1
4.752560 9.091887 1
4.753585 9.217464 1
2.908478 7.476202 2
2.952770 7.357646 2
3.067519 7.422348 1
4.921981 8.624599 1
5.316194 8.940395 1
5.494482 9.751087 1
5.389594 9.632672 1
5.532137 9.655560 1
2.796300 8.460410 1
9.624427 9.482075 1
4.255176 8.445662 1
4.310953 8.315970 1
5.317335 8.524278 1
3.030931 7.537596 1
9.421269 7.660341 1
9.493247 7.573498 1
9.560072 7.710315 1
9.420495 8.666971 1
9.306875 8.757733 1
9.300120 8.605878 1
7.548998 7.737122 1
7.428339 7.792615 1
7.404126 7.691044 1
3.045278 7.292064 1
3.892871 7.484823 1
5.214862 8.622054 1
5.107150 8.727748 1
5.044873 8.595980 1
8.795718 8.419788 1
8.723754 8.332795 1
3.215754 9.288006 1
3.364952 9.339704 1
3.637452 8.120075 1
8.395918 8.841307 1
9.789640 8.569086 1
9.690856 8.508653 1
8.204013 8.135688 1
2.523983 9.183787 1
1.616130 9.365771 2
1.769831 9.294094 1
1.730980 9.435247 1
9.730481 9.446910 1
9.731496 9.595981 1
3.714597 9.291065 1
3.848248 9.314283 1
3.702993 9.434791 1
3.857107 9.455001 1
5.840853 8.968827 1
6.024354 9.014854 1
5.875474 9.096663 1
4.050963 8.481641 1
4.659850 8.878281 1
4.771643 8.955138 1
4.374683 7.131568 2
4.218152 7.147321 1
4.237511 7.038578 2
2.799217 7.693826 1
2.759440 7.514537 2
2.923133 7.614957 1
9.083322 8.761953 1
9.034164 8.900838 1
8.968506 8.822564 1
4.145229 7.234875 1
4.059261 7.122772 2
5.248151 9.549439 1
5.089444 9.635806 1
5.225109 9.663507 1
4.864355 9.365487 1
4.799243 9.464533 1
4.813176 7.911351 1
4.948983 7.864202 1
2.638889 10.000000 0
2.500000 10.000000 0
2.564223 9.843437 1
4.549316 8.906294 1
5.951161 8.879012 1
4.448827 8.208036 1
6.555438 9.633027 1
9.600762 7.588399 1
4.694573 8.537153 1
3.441815 8.638124 1
9.609865 8.588952 1
9.558648 8.718589 1
9.508277 8.578885 1
2.449164 9.443862 1
6.713991 8.770042 1
6.679886 8.911281 1
6.559259 8.790221 1
9.355014 8.099744 1
3.928511 9.222762 1
4.074122 9.245570 1
4.003203 9.356768 1
5.777870 9.287535 1
5.914904 9.298908 1
5.802255 9.410053 1
5.912392 9.415397 1
4.888464 9.546127 1
8.916683 8.432035 1
4.344721 9.139347 1
4.397971 9.039911 1
3.484770 8.751163 1
7.203186 8.425324 1
7.341808 8.373205 1
9.808538 9.510171 1
5.397138 9.790697 1
5.534955 8.410294 1
8.654994 9.188523 1
9.659810 9.172133 1
5.040743 7.991185 1
5.087064 7.877637 1
3.326754 8.652893 1
3.258701 8.765776 1
3.199464 8.588102 1
9.140837 8.902877 1
9.381773 7.344525 1
7.135184 9.459273 1
7.014851 9.497261 1
7.063276 9.350357 1
7.547637 7.627882 1
8.456162 8.111847 1
8.573744 8.175099 1
8.469419 8.267972 1
6.750058 7.850803 1
3.862267 9.882134 1
3.039750 9.448254 1
9.440724 8.011049 1
3.510660 7.636990 1
3.447775 7.505364 1
3.627092 7.551364 1
3.559541 7.424548 1
2.654395 8.768534 1
2.535372 8.717549 1
6.952539 9.398787 1
2.466010 8.508545 2
2.438167 8.359035 2
1.592797 9.097786 2
1.669018 9.221201 1
1.548165 9.241406 2
4.557470 9.579404 1
4.409207 9.553614 1
4.558940 9.462377 1
4.451516 9.419845 1
9.875747 7.204134 2
3.667729 8.858192 1
9.590465 9.587537 1
3.031659 8.517939 1
10.000000 8.750000 0
8.750000 10.000000 0
7.669065 8.139335 1
4.534422 7.490746 1
4.536436 7.376394 1
4.672927 7.475581 1
4.652640 7.350923 1
7.499422 8.836214 1
7.567285 8.700944 1
7.614100 8.825500 1
2.703299 9.902945 1
9.857409 9.655199 1
9.706584 9.735977 1
3.131418 8.196046 1
9.492661 8.865435 1
9.436858 9.008142 1
9.380994 8.853726 1
8.165002 7.887933 1
9.803100 9.803100 1
7.693719 7.424534 1
7.667307 7.567999 1
7.550650 7.502038 1
8.568278 9.788975 1
5.914955 8.744390 1
5.115304 7.631296 1
5.248849 7.594256 2
5.241812 7.726308 2
8.580176 8.027264 1
4.635546 8.455350 1
4.588533 8.601883 1
4.478090 8.516355 1
4.973298 8.502631 1
4.180976 9.319201 1
4.115375 9.448175 1
3.063891 7.641549 1
5.830169 8.029728 1
9.036724 9.089385 1
10.000000 7.638889 0
10.000000 7.777778 0
9.844862 7.724136 1
7.777778 10.000000 0
7.638889 10.000000 0
7.724136 9.844862 1
4.743224 8.436479 1
4.834458 7.281233 2
4.991446 7.348893 2
4.900292 7.423846 1
6.186282 9.712640 1
6.141191 9.618241 1
6.285971 9.581976 1
8.218075 7.644967 1
9.905751 7.569445 1
7.569445 9.905751 1
2.881615 9.660957 1
2.809819 8.748355 1
2.774133 8.871576 1
5.125394 7.766198 1
2.906578 8.940297 1
9.505859 9.805383 1
9.573610 9.708761 1
9.645881 9.861273 1
4.911258 9.657254 1
6.098043 7.995399 1
5.970793 8.053564 1
4.263486 9.510584 1
4.325822 9.399570 1
8.545636 7.859164 1
8.439276 7.975345 1
7.084967 8.269139 1
7.204169 7.596014 1
4.576108 7.607667 1
8.943639 9.813982 1
9.063405 9.701385 1
8.789272 9.702189 1
8.879976 9.577625 1
8.928077 9.695581 1
9.348514 8.469637 1
3.910711 9.593875 1
2.991874 7.710558 1
4.386937 7.957093 1
4.280149 8.028477 1
4.251044 7.871155 1
7.380812 9.350439 1
7.468836 9.518209 1
7.334869 9.455361 1
7.493327 9.372643 1
2.507870 9.539163 1
9.001785 8.516606 1
8.965353 8.661506 1
8.903607 8.562360 1
9.085503 8.581209 1
7.158516 9.235254 1
7.226109 9.365529 1
3.474867 9.459817 1
3.348336 9.496619 1
3.496610 9.345310 1
4.938622 9.210174 1
2.705582 9.795480 1
2.643671 9.691219 1
9.039663 7.817400 1
9.031474 7.947983 1
5.663185 8.228879 1
5.791213 8.162083 1
4.341845 9.257669 1
2.218618 9.697988 1
2.203887 9.583989 1
8.387732 8.693430 1
4.121198 7.040025 2
9.294868 8.933568 1
2.222222 10.000000 0
2.083333 10.000000 0
2.155257 9.869110 1
9.322405 9.700066 1
9.356080 9.550115 1
9.444659 9.701771 1
9.480726 9.589083 1
4.711037 7.794382 1
8.688490 8.584172 1
9.412123 8.248993 1
9.472584 8.137895 1
6.811966 9.642995 1
8.678230 9.297966 1
5.956855 8.621002 1
9.675336 8.168266 1
2.666480 7.624243 2
8.677230 8.118213 1
4.079746 9.898533 1
6.899935 9.120657 1
3.463461 9.594523 1
3.323871 9.619709 1
3.404548 9.731742 1
8.641857 7.558207 1
8.648011 7.383770 1
9.270805 8.205359 1
2.942381 7.236932 2
4.083990 8.923274 1
3.944699 8.990733 1
3.989815 8.849579 1
9.199769 8.809722 1
9.189078 8.646520 1
9.042658 7.419219 1
2.388564 9.077755 1
7.410687 9.658910 1
7.521936 9.691813 1
4.971705 8.284924 1
4.976001 8.131276 1
9.148010 7.811317 1
8.535125 7.462648 1
5.019590 9.767318 1
5.617157 9.754135 1
5.728519 9.697784 1
5.782080 9.823995 1
6.666667 10.000000 0
2.793774 7.994339 1
2.686939 7.956045 1
2.792672 7.848142 1
5.658605 9.881393 1
3.754241 9.597116 1
3.162837 7.963872 1
3.595502 9.551279 1
3.532054 9.698666 1
8.980009 8.994673 1
6.894502 8.629272 1
6.754989 8.622025 1
6.789530 8.518266 1
7.569978 7.274607 2
7.720278 7.311679 2
7.588938 7.384161 1
3.990979 9.487936 1
4.346334 9.701820 1
4.437894 9.836925 1
4.289364 9.844871 1
2.930575 9.774561 1
3.023593 9.671023 1
3.057844 9.830734 1
2.740686 8.172968 1
8.061770 9.128206 1
6.902410 8.501462 1
5.361442 9.235927 1
5.476700 9.225661 1
5.444541 9.386308 1
7.591715 9.599132 1
8.880564 9.289346 1
4.468042 7.715165 1
4.502781 7.876628 1
4.367325 7.805503 1
2.023131 9.905187 1
9.650190 9.662862 1
1.802797 9.755301 1
8.197098 9.755339 1
9.773701 8.182172 1
7.460124 9.079474 1
7.479390 9.224616 1
7.369483 9.136706 1
4.584562 7.758676 1
2.416075 8.773869 1
2.439552 8.650907 1
4.387048 8.081140 1
8.715010 9.002016 1
8.869476 8.919353 1
4.226120 9.176881 1
3.181200 9.641978 1
3.292801 9.734212 1
3.139652 9.752715 1
8.483023 7.750613 1
7.358087 8.091799 1
2.138381 9.518966 1
2.699648 8.977465 1
6.155670 9.054038 1
6.189645 8.950685 1
3.649877 9.659216 1
6.979998 8.732032 1
7.829123 9.124092 1
6.099037 8.875254 1
2.929271 8.493922 1
3.358270 9.867215 1
3.758244 7.836802 1
3.282170 7.982706 1
9.131266 9.788682 1
9.786017 9.135469 1
4.193398 8.227467 1
7.452580 8.715000 1
4.153456 7.978736 1
4.177986 8.088549 1
4.026791 8.054142 1
6.415514 8.787515 1
6.440328 8.675400 1
4.579339 9.775171 1
4.491577 9.682027 1
4.655893 9.654855 1
7.380548 7.964545 1
7.327610 7.829855 1
7.459446 7.887070 1
8.363414 8.990734 1
8.267426 9.061483 1
6.111039 8.111499 1
4.447915 8.350212 1
4.308178 8.162348 1
2.626130 8.127058 1
3.481774 7.339940 1
3.377903 7.389180 1
6.153409 9.522855 1
2.983458 9.338620 1
2.891120 7.950875 1
6.396385 8.457839 1
6.343915 8.611896 1
6.266117 8.525078 1
3.537035 9.225267 1
3.434815 9.243501 1
3.455557 9.105533 1
3.018186 7.962210 1
3.026406 8.119363 1
9.599318 7.152754 2
9.444445 10.000000 0
9.305555 10.000000 0
9.375769 9.846493 1
10.000000 9.305555 0
10.000000 9.444445 0
9.847774 9.376101 1
5.592066 7.860765 2
4.443876 8.669430 1
9.579082 8.071854 1
5.601561 9.025578 1
5.607803 9.159656 1
7.923119 8.516538 1
7.902009 8.402747 1
3.910329 7.913257 1
5.072101 8.187603 1
4.581558 8.759679 1
1.666667 10.000000 0
1.576167 9.835144 2
4.106899 8.169879 1
5.813758 7.908040 2
8.289546 9.451973 1
9.150931 8.167719 1
3.333333 10.000000 0
9.419034 8.375373 1
7.995249 8.344823 1
9.189544 9.629596 1
9.243043 9.770309 1
5.287799 9.750173 1
7.269433 7.976513 1
3.532003 8.938999 1
3.589677 9.086582 1
6.265505 9.053463 1
8.505263 8.750494 1
8.535817 8.623773 1
6.464293 9.583187 1
4.105875 9.132679 1
8.153561 9.019844 1
5.305802 8.228199 1
4.707977 7.588343 1
5.513700 9.525151 1
7.678721 8.743058 1
4.770649 7.392766 1
2.897183 9.084881 1
3.007979 9.034867 1
3.109078 8.066141 1
7.201718 7.753582 1
1.838712 9.384990 1
1.918479 9.271042 1
1.973748 9.426676 1
2.070018 9.313602 1
8.168123 9.386144 1
8.029886 9.428067 1
8.076845 9.273692 1
7.941777 9.321276 1
7.292130 7.686495 1
5.555555 10.000000 0
5.416667 10.000000 0
5.510119 9.866122 1
5.194096 9.013437 1
8.997957 8.295401 1
8.419946 8.576487 1
7.924693 7.911226 1
8.045691 7.919219 1
4.056133 9.035362 1
4.951414 7.741698 1
5.676312 9.257267 1
5.751612 9.154735 1
3.219912 7.099728 2
4.352052 8.542392 1
7.006534 8.433873 1
7.028942 8.053897 1
6.919601 8.113318 1
6.924795 7.945973 1
6.806640 8.055938 1
5.019200 7.792492 1
8.271926 9.284926 1
9.404091 8.558254 1
2.860039 9.305372 1
5.102235 8.506653 1
10.000000 7.361111 0
9.884402 7.430390 1
9.916790 7.300453 1
7.361111 10.000000 0
7.296700 9.920088 1
7.432374 9.886025 1
5.407197 9.504215 1
4.045402 7.234003 1
6.387387 8.152041 1
6.332718 8.297338 1
6.266655 8.219926 1
6.453265 8.234514 1
6.475371 8.127416 1
8.654115 8.866799 1
9.431934 8.772491 1
8.354466 9.100688 1
8.455243 9.059108 1
2.709552 9.461353 1
5.720436 8.623577 1
5.606541 8.533944 1
5.151985 9.824062 1
5.070296 9.897686 1
8.492793 8.512167 1
5.425395 8.066589 1
9.121969 9.285225 1
9.221124 9.180266 1
9.282174 9.297025 1
5.626382 8.655936 1
8.157418 8.042859 1
9.791536 7.574777 1
9.752471 7.414346 1
7.574777 9.791536 1
7.408272 9.765462 1
3.764626 7.978360 1
1.608491 9.667698 2
1.687356 9.755663 1
8.308353 9.756657 1
4.698600 7.260993 2
6.841384 7.754109 2
9.680796 7.517345 1
9.527425 8.347806 1
9.512856 9.909224 1
9.913005 9.513889 1
8.717513 8.021095 1
5.311906 9.455657 1
5.147015 9.724869 1
4.257246 8.596165 1
4.145428 8.562978 1
8.315578 8.057897 1
6.250000 10.000000 0
6.111111 10.000000 0
6.181142 9.858657 1
1.818970 9.167747 1
1.952648 9.115278 1
8.654727 9.690136 1
4.597871 7.963859 1
4.314149 8.687351 1
6.901500 8.367714 1
7.266487 8.507080 1
4.001079 8.619575 1
7.559837 9.099396 1
10.000000 7.500000 0
7.500000 10.000000 0
8.426731 7.554425 1
8.538711 7.638179 1
9.369934 9.169523 1
9.507711 9.150927 1
9.407161 9.290156 1
5.180929 8.201887 1
6.808378 8.875128 1
6.901810 8.967202 1
9.213453 9.470921 1
7.121701 8.888822 1
7.252378 8.899221 1
7.108465 9.000947 1
6.388434 9.671264 1
4.472039 8.800057 1
5.230484 9.305805 1
5.261732 9.161214 1
8.181029 9.167747 1
3.815947 9.000827 1
5.323923 9.351140 1
3.019313 8.927312 1
3.172261 8.877253 1
3.142503 9.012094 1
5.401987 8.855069 1
2.794759 8.349617 1
8.755107 8.897501 1
6.225852 8.136789 1
6.304467 8.089989 1
9.722222 10.000000 0
9.583333 10.000000 0
10.000000 9.583333 0
10.000000 9.722222 0
7.584832 9.331422 1
7.660341 9.421269 1
7.579844 9.484646 1
7.220484 9.031564 1
8.327882 9.567870 1
6.302894 9.706076 1
4.449424 9.311433 1
5.284117 8.831192 1
6.443992 8.575473 1
6.882627 9.886447 1
6.430508 8.018143 1
3.055556 10.000000 0
2.958133 9.896220 1
8.884953 8.758950 1
5.860522 9.198224 1
3.209192 8.323812 1
3.142920 8.472559 1
3.251038 8.433955 1
5.447165 8.199057 1
3.384366 7.927693 1
7.559846 7.847754 1
4.900376 8.008267 1
7.004992 9.053137 1
7.022418 9.191932 1
5.368001 7.803230 2
4.998565 8.691900 1
4.142662 7.770654 1
4.062350 7.835704 1
6.303124 8.424181 1
3.338727 8.074183 1
5.982752 9.153278 1
7.894087 7.659541 1
3.722469 9.726491 1
7.666224 8.507869 1
7.710230 8.424544 1
7.797597 8.493773 1
5.972222 10.000000 0
5.898700 9.885500 1
6.060734 9.888889 1
7.271050 9.722310 1
7.253049 9.606718 1
7.083333 10.000000 0
7.079720 9.858798 1
7.202360 9.863933 1
5.153835 9.233645 1
6.232851 8.354238 1
6.092814 8.423142 1
7.158202 7.461568 2
2.660093 7.848749 2
7.781382 9.697988 1
7.656583 9.697560 1
9.697988 7.781382 1
9.697448 7.657166 1
5.554943 8.137086 1
5.906887 8.149755 1
3.640723 8.979976 1
8.844609 9.791304 1
8.541244 8.860346 1
10.000000 7.083333 0
10.000000 7.222222 0
7.222222 10.000000 0
3.963344 8.167383 1
2.811066 8.983169 1
7.764816 9.034150 1
7.806349 7.866779 1
7.800468 7.735221 1
8.117773 7.631908 1
1.944444 10.000000 0
8.055555 10.000000 0
10.000000 8.055555 0
7.705776 8.620243 1
6.916779 9.288080 1
7.154130 9.733686 1
7.124003 9.594628 1
7.778578 9.234900 1
7.881345 9.226439 1
7.806282 9.365907 1
7.942094 7.391339 2
7.827438 7.419106 1
7.888251 7.288100 2
3.081324 9.268017 1
3.041671 9.147126 1
6.297576 8.948071 1
6.219924 8.820246 1
8.004167 8.605570 1
2.029161 9.791840 1
7.719052 9.561968 1
4.252996 7.294376 1
4.354853 7.244166 1
5.215716 9.421371 1
2.864630 8.666462 1
4.106539 8.681413 1
5.389453 9.894346 1
3.269875 8.919956 1
5.020481 7.500053 2
9.255507 7.360882 1
4.783399 8.029253 1
6.862159 7.857463 1
5.836073 9.651634 1
5.519876 8.638554 1
5.384756 8.631455 1
5.327545 8.743096 1
7.058541 7.923673 1
7.376606 9.243668 1
7.754587 7.508244 1
6.138964 8.533108 1
6.067565 8.626242 1
4.859877 9.151567 1
7.329925 8.650030 1
9.884976 7.874085 1
7.874085 9.884976 1
7.355088 9.564360 1
6.817110 8.413960 1
3.349836 7.708594 1
5.720968 9.035899 1
7.102448 7.810996 1
8.681143 7.679514 1
9.089998 9.179560 1
6.099948 9.147806 1
5.375149 9.146306 1
8.590138 7.746810 1
7.384907 8.518030 1
2.578987 8.492351 1
4.368837 8.434118 1
6.624095 9.338402 1
6.244683 9.457056 1
9.027778 10.000000 0
10.000000 9.027778 0
8.781221 9.350517 1
3.715698 8.424626 1
9.001717 9.294336 1
8.901231 9.415819 1
8.789835 9.467961 1
6.100932 9.407632 1
3.263058 7.656786 1
9.720688 7.050440 2
4.531622 8.420821 1
9.084099 7.575365 1
9.182749 7.480721 1
9.200134 7.619064 1
6.199639 9.344516 1
4.562901 8.315740 1
2.018899 9.223706 1
7.041790 9.729144 1
4.031507 7.932813 1
6.395429 7.818680 1
6.379520 7.921695 1
7.482370 8.449934 1
5.480383 8.766965 1
3.953669 7.810437 1
4.921330 7.526054 1
5.774346 8.272356 1
5.567767 9.303588 1
3.668547 7.791031 1
7.467947 8.026443 1
7.316314 9.819341 1
3.995246 9.121576 1
8.846429 7.983572 1
4.852577 8.123547 1
7.987757 8.241926 1
8.092755 8.164125 1
3.745319 9.851737 1
7.862401 8.622876 1
7.795235 8.738968 1
2.916667 10.000000 0
2.777778 10.000000 0
2.830021 9.875804 1
3.155647 9.894982 1
8.585171 8.996217 1
3.755050 7.484173 1
3.678781 7.358489 1
3.839210 7.390600 1
6.054611 9.284513 1
6.808969 7.939981 1
8.051931 8.055278 1
9.719251 9.037647 1
9.592237 9.045720 1
6.336432 8.839258 1
9.200950 8.995839 1
7.981822 9.210610 1
7.004952 9.625604 1
7.973966 9.793027 1
7.926123 9.647036 1
8.071431 9.707599 1
8.057083 9.574646 1
1.942917 9.574646 1
2.075941 9.644622 1
1.928411 9.705174 1
9.793027 7.973966 1
9.711129 8.070436 1
9.649418 7.925094 1
7.563559 8.551735 1
6.780162 8.311740 1
4.444445 10.000000 0
4.543991 9.895347 1
5.694445 10.000000 0
3.345575 8.847124 1
7.515350 8.324350 1
7.409687 8.238256 1
7.575780 8.206882 1
7.473275 8.137273 1
2.197724 9.016069 1
2.107676 8.934102 1
2.247982 8.912095 1
2.158822 8.828609 2
7.681553 7.796613 1
5.215215 8.747265 1
7.855938 9.773578 1
9.774055 7.855732 1
3.750000 10.000000 0
3.312670 8.536125 1
4.250460 8.816812 1
4.368865 8.786231 1
4.325902 8.925805 1
9.067988 9.416265 1
9.045720 9.592237 1
4.231218 7.410373 1
9.700743 8.660844 1
9.695756 8.787876 1
5.870399 9.754210 1
8.780966 7.599359 1
5.993177 9.780726 1
3.555865 8.817285 1
6.730762 8.424308 1
2.503778 8.272970 2
6.008992 8.708517 1
6.106747 8.749391 1
6.201482 8.650692 1
3.713003 8.075606 1
9.195999 9.364137 1
3.734553 8.954844 1
9.815688 8.941504 1
4.446509 7.322335 1
4.440694 7.457618 1
3.394715 8.972930 1
8.568451 7.303868 1
4.698592 8.771091 1
8.475490 7.356688 1
2.412495 9.230323 1
2.304126 9.214216 1
9.288770 9.063309 1
9.562283 8.942449 1
3.096404 9.548437 1
3.224978 9.529265 1
8.971289 7.542330 1
6.324863 8.732353 1
5.576140 8.729132 1
9.461425 7.753967 1
7.683282 9.289816 1
9.411857 9.411857 1
9.486769 9.490499 1
4.213342 9.427270 1
4.347909 7.403681 1
5.713191 8.365657 1
7.389845 8.909194 1
7.382853 8.800762 1
7.606037 8.950572 1
7.479389 8.979532 1
7.277528 8.773541 1
3.919992 8.025494 1
7.460085 8.602646 1
6.441116 8.889874 1
4.127783 8.810086 1
4.209990 8.931535 1
8.587319 8.288657 1
4.148323 8.448848 1
2.911109 7.846158 1
4.305555 10.000000 0
4.186213 9.892676 1
6.723753 9.719796 1
6.604926 9.764725 1
5.590402 8.831272 1
7.130146 9.110865 1
3.888889 10.000000 0
3.608349 9.325408 1
7.266002 9.152352 1
3.505209 8.273164 1
3.356488 8.323774 1
8.969739 9.506767 1
3.612837 9.785014 1
9.032669 8.395570 1
9.360974 7.795764 1
9.230308 7.740407 1
7.830132 7.981082 1
8.505053 8.391668 1
2.037016 9.517852 1
5.493474 7.799499 2
5.462663 7.912985 1
3.578867 7.278636 1
5.640282 9.603033 1
8.798096 8.528203 1
5.124939 8.088936 1
9.279855 7.560593 1
8.491088 7.224000 2
3.651424 9.198225 1
5.000000 10.000000 0
4.861111 10.000000 0
4.913227 9.878787 1
4.030770 8.744462 1
4.722222 10.000000 0
4.583333 10.000000 0
4.672441 9.880175 1
8.243887 7.530795 1
4.068501 9.585863 1
6.494907 7.791564 1
10.000000 7.916667 0
7.916667 10.000000 0
1.623189 9.519094 2
1.713748 9.647942 1
1.746946 9.550308 1
5.958299 8.386499 1
8.938119 7.904119 1
10.000000 10.000000 0
9.861111 10.000000 0
9.892176 9.892176 1
10.000000 9.861111 0
6.953569 9.795262 1
6.845856 9.760732 1
9.113083 9.518191 1
2.940107 9.226430 1
8.702957 8.452410 1
7.858946 8.846169 1
7.725531 8.872280 1
7.346021 9.026924 1
6.842145 8.742575 1
9.895024 8.848654 1
8.849010 9.894740 1
2.171618 9.210989 1
7.989208 8.853703 1
6.428321 7.684815 2
2.361111 10.000000 0
2.288904 9.895423 1
2.436661 9.892396 1
4.565258 9.317526 1
6.164565 9.233966 1
3.087309 8.611466 1
3.625255 8.229438 1
3.361814 8.439623 1
7.761899 9.464337 1
4.212398 8.713079 1
7.123057 8.487046 1
1.970951 8.965046 2
1.824499 9.015575 2
3.249555 9.409588 1
3.618646 8.343740 1
8.816823 7.728460 1
8.696080 7.813788 1
8.830438 7.855295 1
3.770442 7.300319 1
4.368891 9.918979 1
2.162253 9.112062 1
2.058272 9.036160 1
5.284987 9.862564 1
8.316641 7.582819 1
8.291677 9.171988 1
4.251238 7.728322 1
9.305600 9.407574 1
1.717935 9.096978 2
7.945772 8.015533 1
3.704860 7.213806 1
3.808242 7.139900 2
3.874635 7.269837 1
8.641073 7.230170 2
6.706133 7.730347 2
5.138889 10.000000 0
5.198089 9.915951 1
4.166667 10.000000 0
3.823353 8.107009 1
4.141549 7.641022 1
3.801892 8.497043 1
6.303110 9.885636 1
2.263370 9.107443 1
6.929001 8.841491 1
8.146068 9.499043 1
8.165795 9.623449 1
1.831896 9.622097 1
1.853158 9.498068 1
6.205282 8.463008 1
6.498373 9.849589 1
6.485882 9.713652 1
6.379928 9.784677 1
6.527778 10.000000 0
6.405153 9.898450 1
3.971478 7.312364 1
4.667230 7.685610 1
4.614072 7.870597 1
4.361379 7.659491 1
4.454059 7.580986 1
9.772626 9.248697 1
7.307018 7.490772 2
3.182489 7.548820 1
3.205936 7.420095 1
2.301919 9.006825 1
7.657934 9.067125 1
7.452387 7.587508 1
3.240989 9.832903 1
4.357193 7.543555 1
8.603163 8.493831 1
4.433757 8.899753 1
2.288204 8.801998 1
2.819856 9.758503 1
6.532987 8.414411 1
7.935765 8.731040 1
9.858798 7.079720 2
9.085225 8.050256 1
4.140000 7.877362 1
6.388889 10.000000 0
3.580338 9.431469 1
7.612805 9.195540 1
3.721320 9.071493 1
3.862135 9.102349 1
3.279959 8.202665 1
3.221675 8.093870 1
7.660402 8.315230 1
7.803555 8.367072 1
7.778971 8.259164 1
4.671092 9.415395 1
4.757458 9.336107 1
5.997921 9.375944 1
3.125162 9.365748 1
9.786070 8.846450 1
5.028214 7.709449 1
3.943378 7.179153 2
6.303704 7.978455 1
6.264444 9.787251 1
2.366446 9.811171 1
3.785517 9.194808 1
9.784898 9.911309 1
9.908722 9.780123 1
9.170499 9.091424 1
6.019511 8.795521 1
6.096767 9.787628 1
4.174572 9.047209 1
4.249196 9.746644 1
8.621593 8.387638 1
8.896052 7.641379 1
9.003117 7.679253 1
8.920702 7.770984 1
4.290026 9.051939 1
7.276907 9.262949 1
3.603919 7.676636 1
5.277778 10.000000 0
3.572624 7.136677 2
7.842809 7.549614 1
3.305654 7.465668 1
2.126009 9.752971 1
7.861919 9.508206 1
7.967513 9.517891 1
4.670959 9.291055 1
7.236239 9.498988 1
2.698863 8.066895 1
5.544349 8.245235 1
7.181079 7.889103 1
8.240347 9.555644 1
7.146385 8.006252 1
3.350084 7.183947 1
3.340920 7.072015 3
9.680498 8.920775 1
7.491128 7.422709 1
7.413948 7.496979 1
7.358154 7.360455 2
10.000000 8.888889 0
8.888889 10.000000 0
4.679265 9.535705 1
6.578643 9.915918 1
3.155239 9.457389 1
2.460074 9.329252 1
4.027778 10.000000 0
6.910433 9.478945 1
8.731964 9.111744 1
7.598155 8.429619 1
5.833333 10.000000 0
6.690825 8.109853 1
3.408233 8.183514 1
8.660126 7.930956 1
8.467096 8.941441 1
9.309827 7.662305 1
9.319504 7.459493 1
2.580730 8.027303 2
2.559854 7.907807 2
3.320114 7.573364 1
2.064703 9.130988 1
7.830669 9.606924 1
7.056210 8.818560 1
4.564543 7.276639 2
8.280940 9.651610 1
8.757175 7.928904 1
4.783470 9.602942 1
4.796529 9.717548 1
7.020594 8.927916 1
3.194444 10.000000 0
4.693612 9.760940 1
9.113971 7.694994 1
3.674249 7.116525 2
5.162119 7.494687 2
3.467101 7.227109 1
2.019666 8.846539 2
9.473185 8.467130 1
6.276409 9.249656 1
4.306518 9.603655 1
7.669476 7.682158 1
2.347884 9.312045 1
7.343606 7.591983 1
9.534204 7.948786 1
3.916076 8.502984 1
7.712763 9.154874 1
4.163507 9.540902 1
4.207045 9.648600 1
3.440204 7.103339 2
9.605901 7.830323 1
7.773861 7.628350 1
9.598125 8.847374 1
6.944445 10.000000 0
6.422322 8.355339 1
9.147300 7.365983 1
9.583376 8.473415 1
4.258708 7.599420 1
5.565848 9.414798 1
2.633778 8.656528 1
8.174481 9.278128 1
4.791667 9.921261 1
4.791667 9.816274 1
9.503384 7.849445 1
9.414783 7.904535 1
6.987856 9.906951 1
7.919417 9.419112 1
5.591185 8.333581 1
2.269420 9.791131 1
3.733426 8.174810 1
7.968060 8.127023 1
2.508919 8.137167 2
6.907895 9.580243 1
7.000827 8.307480 1
6.901956 8.237766 1
6.800545 8.175446 1
7.804010 8.931683 1
3.451617 8.848603 1
7.705962 8.971114 1
3.652785 7.454267 1
7.471661 7.326222 2
5.363317 8.144968 1
5.763889 9.924757 1
6.289138 7.868203 1
5.727032 9.496281 1
5.626346 9.486788 1
5.761691 9.596926 1
3.366880 7.285813 1
3.278885 7.344421 1
3.451642 7.720843 1
8.642211 9.086759 1
3.008007 7.820422 1
2.898241 7.744026 1
7.763533 8.158393 1
7.846719 8.090850 1
9.907170 7.983811 1
7.983394 9.908610 1
5.676509 9.380824 1
7.010829 8.189888 1
4.961455 9.310482 1
6.056384 9.693966 1
4.886454 9.767436 1
4.274262 7.493560 1
4.698055 7.935896 1
7.688800 8.220469 1
9.377488 7.560817 1
2.686038 7.749208 2
3.256537 9.919020 1
5.581451 8.925284 1
2.552602 8.594373 1
5.636427 8.427858 1
6.571133 7.724998 2
8.953975 9.916777 1
9.918360 8.952032 1
7.178983 8.806170 1
3.408854 7.624741 1
3.962588 9.923513 1
6.217739 9.146187 1
4.850798 9.263067 1
5.508369 8.877736 1
6.922500 9.688689 1
7.102002 8.371950 1
6.198315 7.931916 1
9.095088 8.995237 1
3.375226 8.749762 1
7.889706 8.301809 1
7.870694 8.195121 1
4.464261 7.193318 2
6.212695 8.034580 1
 0 1 2
 3 1 0
 4 5 6
 6 5 7
 8 9 10
 11 9 8
 12 13 14
 15 16 17
 17 16 18
 19 20 21
 22 20 19
 13 23 14
 24 25 26
 27 28 29
 30 31 32
 25 33 26
 34 35 36
 37 38 39
 40 37 39
 41 42 43
 44 45 46
 42 47 43
 48 49 50
 32 31 51
 52 28 27
 53 54 9
 49 55 50
 56 57 58
 59 60 61
 62 61 60
 63 64 65
 66 67 68
 69 70 71
 72 73 74
 75 74 73
 76 77 78
 79 80 81
 82 81 80
 83 84 85
 86 87 88
 89 88 87
 90 91 92
 93 92 91
 94 95 96
 97 98 99
 100 66 68
 101 102 103
 104 30 32
 105 106 107
 108 109 110
 17 111 112
 18 111 17
 113 114 115
 116 111 18
 117 118 28
 119 120 121
 122 70 69
 123 124 125
 126 127 128
 129 130 131
 132 133 134
 135 136 137
 129 131 138
 139 140 141
 76 142 77
 139 143 144
 145 43 146
 147 148 149
 150 151 152
 153 154 155
 156 157 158
 148 159 149
 160 110 109
 161 47 42
 146 43 47
 162 160 109
 119 121 163
 150 152 164
 165 166 167
 168 169 170
 171 170 169
 56 172 57
 173 114 113
 174 175 176
 177 178 179
 167 166 180
 181 182 183
 184 185 186
 187 188 189
 190 189 188
 191 192 193
 194 195 196
 197 198 199
 141 140 200
 201 202 203
 204 205 206
 207 208 96
 94 96 208
 209 210 211
 212 213 214
 101 215 102
 216 217 218
 219 220 221
 222 221 220
 181 183 223
 224 225 226
 227 228 43
 229 230 231
 232 233 234
 235 236 237
 238 239 240
 241 240 239
 126 242 127
 243 193 192
 212 5 4
 25 244 245
 246 247 248
 249 98 97
 250 251 252
 253 202 201
 254 255 256
 257 258 259
 260 259 258
 261 250 252
 262 263 52
 264 85 84
 265 266 267
 268 269 226
 270 226 269
 271 272 273
 274 275 276
 277 278 279
 280 274 276
 281 180 258
 282 43 228
 255 283 256
 227 169 228
 168 228 169
 284 285 286
 287 288 289
 100 290 64
 153 291 292
 293 294 295
 296 297 298
 299 300 301
 302 303 70
 304 305 306
 121 306 305
 307 308 309
 310 309 308
 311 312 313
 186 185 314
 315 316 317
 318 319 320
 321 322 323
 324 325 326
 327 156 158
 328 329 330
 330 329 331
 132 332 133
 268 226 225
 333 28 52
 20 334 335
 22 334 20
 336 337 338
 64 339 65
 293 340 294
 341 342 343
 271 344 272
 265 345 266
 346 209 347
 212 348 5
 349 336 338
 350 351 352
 353 354 355
 356 357 358
 359 326 325
 180 360 258
 361 362 363
 94 364 365
 94 365 95
 366 202 253
 366 253 367
 368 196 195
 171 169 369
 370 371 179
 372 161 42
 373 147 149
 374 375 376
 345 377 378
 379 380 381
 382 381 380
 383 384 385
 386 210 209
 387 388 22
 389 390 391
 392 393 394
 10 9 54
 395 396 397
 390 398 399
 315 179 371
 189 400 401
 400 402 401
 403 188 404
 86 211 210
 405 12 406
 407 408 409
 387 22 410
 383 411 384
 135 412 136
 244 413 245
 262 52 142
 414 352 351
 63 415 64
 159 206 149
 330 224 416
 417 418 419
 419 418 353
 206 205 149
 249 420 58
 373 85 147
 421 422 423
 283 424 256
 425 426 427
 116 18 362
 428 429 430
 431 430 429
 404 188 432
 94 433 364
 219 221 163
 434 435 21
 416 224 436
 437 242 438
 425 427 380
 382 380 427
 2 45 44
 439 378 377
 440 342 341
 441 214 213
 222 442 221
 265 267 443
 444 406 445
 446 447 448
 40 448 447
 395 449 396
 307 450 308
 451 452 453
 356 358 454
 455 456 457
 458 158 157
 104 32 459
 155 154 460
 283 461 424
 431 103 102
 462 463 464
 465 464 463
 264 84 466
 467 466 84
 452 468 453
 469 470 186
 471 472 473
 474 475 476
 477 476 475
 435 19 21
 296 478 297
 224 226 479
 345 378 480
 481 144 143
 284 482 285
 483 287 289
 374 472 375
 484 115 114
 485 486 487
 488 487 486
 227 43 145
 489 490 491
 407 409 492
 493 494 378
 139 495 143
 282 41 43
 496 497 498
 108 499 109
 500 494 493
 501 502 503
 504 176 306
 250 74 505
 506 507 508
 69 275 122
 455 509 456
 510 511 512
 64 290 513
 514 515 427
 349 516 394
 517 199 198
 421 423 182
 107 106 518
 361 5 348
 304 306 176
 519 520 521
 522 523 524
 100 64 525
 526 527 528
 529 530 531
 162 109 532
 519 521 533
 523 534 524
 153 155 535
 536 38 537
 506 508 538
 38 539 537
 540 541 542
 187 401 543
 544 545 301
 542 541 494
 546 547 475
 548 549 160
 550 127 242
 82 551 81
 281 167 180
 485 487 552
 553 554 319
 555 556 557
 132 558 355
 104 559 30
 560 394 516
 561 562 563
 477 475 547
 126 438 242
 564 565 566
 567 565 564
 56 58 568
 569 570 571
 572 570 569
 270 479 226
 573 574 453
 451 453 574
 575 576 367
 577 575 367
 578 125 124
 579 409 580
 56 580 409
 581 254 582
 583 199 584
 514 585 547
 586 587 58
 227 588 169
 589 390 399
 590 498 497
 591 592 593
 594 595 596
 597 596 595
 405 598 12
 265 377 345
 599 248 247
 600 424 601
 25 24 244
 602 244 24
 586 58 57
 603 119 221
 74 604 505
 135 137 67
 316 605 317
 392 606 393
 509 607 456
 51 608 32
 117 609 118
 576 610 611
 612 611 610
 221 119 163
 11 613 614
 600 615 424
 194 60 195
 359 616 326
 617 618 619
 270 619 618
 354 620 621
 10 54 622
 3 622 54
 83 85 623
 624 565 625
 626 68 627
 581 628 254
 629 614 613
 630 543 401
 631 632 633
 277 634 278
 635 636 637
 631 633 638
 382 559 639
 191 193 640
 641 642 610
 643 518 106
 455 457 161
 644 645 646
 212 214 348
 647 648 649
 382 427 650
 651 652 653
 654 655 656
 184 657 185
 311 658 312
 644 646 659
 139 144 140
 660 661 662
 395 621 620
 663 625 565
 104 639 559
 105 107 664
 665 666 667
 123 125 111
 592 668 593
 669 480 378
 670 231 230
 671 234 233
 672 237 236
 673 674 675
 665 676 666
 467 677 678
 136 412 679
 680 681 106
 514 682 585
 683 684 685
 548 160 686
 162 686 160
 395 397 570
 126 128 687
 688 99 98
 147 85 689
 264 689 85
 690 384 691
 641 692 642
 55 693 50
 514 427 426
 312 694 313
 695 691 384
 272 696 39
 481 39 696
 183 182 423
 370 286 285
 504 289 288
 333 423 422
 121 305 163
 151 697 152
 165 167 698
 699 640 193
 700 320 319
 701 323 322
 209 702 347
 703 490 489
 561 666 136
 370 179 286
 504 288 176
 704 705 706
 707 708 423
 183 423 708
 709 710 711
 474 711 710
 590 620 354
 712 713 714
 171 715 716
 544 717 545
 333 52 263
 718 347 412
 719 412 347
 720 657 184
 721 465 463
 722 721 463
 531 530 723
 724 460 154
 635 637 725
 726 727 728
 729 730 731
 253 731 730
 141 732 733
 308 46 734
 292 291 580
 735 736 737
 738 739 740
 197 741 198
 742 512 511
 743 316 601
 600 601 316
 744 745 295
 746 747 282
 644 50 693
 174 176 288
 178 286 179
 748 698 167
 749 626 627
 92 545 717
 29 28 118
 387 410 750
 310 308 298
 683 611 684
 751 752 230
 175 234 176
 177 179 236
 753 706 705
 187 189 401
 517 754 301
 517 301 545
 219 305 755
 700 319 554
 756 133 208
 151 757 697
 58 420 568
 95 607 96
 600 758 134
 747 759 282
 700 760 761
 440 762 342
 402 342 762
 514 426 682
 712 687 763
 764 765 731
 373 623 85
 349 394 336
 299 216 300
 262 766 263
 544 301 300
 767 588 768
 769 531 78
 700 554 760
 770 682 426
 171 716 771
 212 4 772
 90 92 717
 487 773 552
 774 343 342
 775 491 490
 488 776 487
 590 354 498
 777 539 778
 733 732 779
 81 551 780
 781 782 783
 784 783 782
 785 786 787
 788 787 786
 780 551 789
 790 791 792
 579 492 409
 116 340 793
 94 794 433
 615 133 756
 134 133 615
 169 588 369
 588 795 768
 704 563 562
 796 303 797
 302 797 303
 651 710 652
 709 652 710
 617 798 618
 12 799 406
 428 800 801
 719 702 705
 324 326 802
 742 803 512
 644 659 50
 804 50 659
 805 806 807
 808 807 806
 249 58 98
 809 445 406
 219 810 220
 355 558 811
 159 812 206
 540 737 596
 594 596 737
 361 363 813
 814 815 816
 817 818 819
 342 400 820
 821 399 398
 822 823 824
 138 825 826
 246 827 247
 353 828 354
 829 830 220
 222 220 830
 204 206 831
 832 833 72
 630 834 835
 227 145 795
 836 795 145
 238 240 837
 838 839 840
 841 833 832
 797 499 842
 843 844 815
 845 819 846
 748 847 698
 848 849 752
 304 176 850
 315 317 179
 488 851 776
 79 852 80
 843 853 844
 845 846 625
 315 854 316
 735 737 855
 739 856 740
 857 96 607
 501 503 649
 858 820 400
 822 825 823
 630 859 834
 346 860 861
 372 862 161
 843 533 521
 845 524 534
 863 864 865
 555 120 556
 866 867 782
 504 868 289
 555 289 868
 136 666 869
 742 870 803
 804 659 871
 437 438 872
 268 873 269
 860 803 870
 673 874 674
 212 772 213
 729 577 730
 56 568 292
 204 292 568
 814 875 815
 876 817 819
 162 877 878
 311 170 771
 879 880 881
 4 6 882
 117 883 884
 6 749 882
 267 881 880
 357 714 713
 885 595 760
 594 760 595
 886 887 888
 769 889 531
 750 410 890
 660 891 892
 893 787 658
 402 400 342
 270 618 894
 660 662 895
 896 897 898
 899 294 340
 302 532 109
 900 144 344
 23 776 528
 21 585 434
 680 901 681
 467 84 677
 600 316 854
 902 903 824
 904 905 542
 906 907 493
 908 909 910
 171 771 170
 382 639 381
 888 887 911
 305 912 755
 567 908 910
 529 531 913
 510 415 511
 134 758 558
 21 914 585
 116 915 340
 726 916 727
 742 511 750
 277 279 917
 327 918 156
 919 920 656
 246 921 681
 397 681 921
 428 801 922
 143 923 924
 924 923 925
 926 213 772
 699 193 927
 62 927 193
 356 928 357
 444 929 406
 930 931 609
 241 932 240
 16 933 18
 153 831 154
 395 570 572
 58 587 98
 206 154 831
 281 934 935
 726 728 936
 194 937 927
 938 429 922
 70 303 939
 104 940 639
 941 942 943
 354 621 355
 944 945 946
 624 947 948
 590 449 620
 571 570 248
 903 822 824
 949 950 951
 743 605 316
 190 952 891
 641 381 639
 90 953 954
 82 955 551
 938 385 384
 956 637 636
 52 27 142
 957 524 958
 845 958 524
 959 960 521
 843 521 960
 583 961 199
 93 962 92
 764 963 765
 555 557 964
 827 965 247
 965 767 247
 822 826 825
 966 967 478
 968 949 951
 59 847 195
 393 336 394
 753 969 706
 970 539 777
 971 313 694
 16 65 339
 796 972 303
 973 303 972
 302 70 974
 975 229 231
 232 976 233
 977 235 237
 978 941 943
 173 113 928
 712 763 713
 979 33 118
 980 981 948
 982 983 984
 985 986 987
 366 988 202
 989 202 988
 224 330 225
 331 225 330
 774 342 820
 90 954 91
 990 691 991
 168 992 228
 282 228 992
 993 593 668
 909 994 910
 995 390 996
 389 996 390
 40 447 897
 190 997 189
 979 118 609
 729 731 765
 272 39 998
 980 947 951
 999 873 861
 791 1000 792
 72 74 832
 181 645 182
 897 1001 898
 900 140 144
 528 527 1002
 2 44 0
 1003 0 44
 203 898 1001
 790 792 638
 144 696 344
 208 133 794
 137 1004 67
 458 852 1005
 108 842 499
 90 717 902
 1006 102 215
 1007 833 841
 361 1008 1009
 260 258 360
 79 1010 807
 481 143 924
 361 348 1008
 1011 675 674
 629 878 877
 501 1012 502
 1013 1014 75
 112 125 1015
 779 732 640
 561 563 667
 954 1013 75
 297 844 298
 86 210 87
 577 367 730
 132 621 572
 48 872 1016
 264 466 537
 520 1017 521
 522 524 1018
 250 832 74
 333 422 28
 117 28 422
 624 948 1019
 1020 871 659
 62 193 1021
 801 745 1022
 744 1022 745
 79 81 1023
 112 1015 334
 132 134 558
 695 991 691
 1024 878 613
 629 613 878
 838 1025 839
 690 1026 384
 293 295 1027
 1024 1028 878
 1029 1016 872
 23 487 776
 469 186 1030
 194 927 60
 718 512 1031
 121 120 868
 25 245 1032
 77 1032 245
 531 1033 78
 318 1034 319
 1035 321 323
 600 134 615
 308 450 46
 270 269 619
 105 1036 603
 756 256 615
 424 615 256
 695 384 411
 517 584 199
 22 19 410
 89 87 1037
 219 163 305
 105 603 442
 838 1038 1025
 107 1025 1038
 930 609 884
 117 884 609
 1039 556 1040
 386 861 873
 1041 1033 723
 383 385 1022
 639 940 692
 243 1042 193
 296 734 1043
 540 855 737
 439 740 856
 718 1044 512
 510 512 1044
 1045 1046 1047
 788 984 983
 1041 1048 1033
 510 1049 66
 782 867 1050
 980 1051 981
 719 705 562
 162 878 686
 704 706 1052
 1053 156 1054
 656 655 685
 1029 438 1055
 989 898 202
 899 1009 1056
 281 935 1057
 1003 44 450
 23 528 1058
 583 584 1059
 122 974 70
 801 1022 385
 1060 662 661
 165 698 1061
 536 998 38
 39 38 998
 387 15 388
 712 1062 687
 297 816 815
 1063 819 818
 425 1064 426
 1029 872 438
 857 1065 96
 857 607 509
 654 656 920
 361 813 5
 1066 67 1004
 1067 1068 41
 104 459 1069
 938 384 1026
 1070 1071 978
 775 978 1071
 1063 951 947
 1072 1073 1074
 919 656 1075
 680 1076 827
 1077 1078 1079
 395 620 449
 548 509 549
 938 1080 429
 458 1005 1081
 1082 797 842
 748 1057 1052
 701 443 1083
 1084 1083 443
 897 447 1001
 990 991 1085
 590 1086 449
 787 1087 658
 331 1037 225
 1088 981 1051
 1089 1090 1091
 1092 1091 1090
 1093 1094 1095
 993 1095 1094
 1096 1097 1098
 743 1098 1097
 190 124 952
 1099 978 490
 775 490 978
 995 259 398
 129 1100 130
 1101 652 1102
 1103 790 638
 282 759 41
 980 948 947
 663 910 994
 132 355 621
 75 604 74
 1104 1001 447
 90 902 824
 1105 1106 1107
 1108 1107 1106
 190 891 997
 935 1052 1057
 1109 1110 1111
 1112 1111 1110
 173 928 1113
 116 362 1114
 764 479 963
 957 1115 524
 959 521 1116
 899 915 1009
 1117 1069 459
 76 78 1033
 328 416 1118
 56 409 172
 1119 1120 1121
 191 640 732
 1009 1008 1056
 838 1122 1038
 1039 1038 1122
 1123 557 556
 995 1124 259
 370 285 1125
 1126 1125 285
 633 632 1127
 93 73 1059
 250 261 832
 11 1128 613
 1007 1056 1008
 1129 946 945
 77 245 78
 224 479 1130
 130 1100 1131
 184 186 1132
 1133 1014 1134
 1135 1134 1014
 764 1130 479
 847 1136 195
 885 1122 1137
 270 1138 479
 938 922 385
 1139 323 1083
 16 15 65
 1096 237 1097
 672 1097 237
 1089 1091 233
 670 1095 231
 993 231 1095
 671 233 1091
 1140 486 1141
 310 298 844
 417 1125 418
 896 37 897
 40 897 37
 346 803 860
 1105 438 1106
 126 1106 438
 764 731 1142
 629 1143 614
 387 1144 15
 643 106 681
 629 1145 1143
 264 537 689
 744 295 294
 22 388 334
 128 763 687
 373 1146 623
 1147 623 1146
 879 1148 497
 590 497 1148
 496 1149 497
 683 1150 1151
 295 745 661
 683 1151 611
 1133 505 604
 18 933 362
 117 422 883
 10 622 1152
 293 892 793
 123 793 892
 838 1137 1122
 1135 727 1153
 1007 841 1154
 350 352 1155
 982 984 1156
 879 497 880
 1084 880 497
 12 14 799
 1157 1158 595
 1006 1127 632
 514 547 1159
 1140 1141 1160
 672 317 605
 72 1161 73
 1067 41 759
 501 649 648
 506 14 1002
 1162 887 1163
 1070 978 943
 357 713 358
 789 358 713
 1164 874 1165
 1157 881 266
 267 266 881
 139 141 733
 781 376 375
 382 650 559
 838 840 1137
 643 681 396
 131 825 138
 1166 1163 887
 1135 728 727
 736 320 737
 738 740 322
 281 1057 167
 748 1052 1167
 137 136 869
 841 832 261
 879 840 839
 1029 1055 1168
 990 1169 263
 617 1170 1171
 1119 1171 1170
 553 557 554
 95 365 1172
 386 209 1173
 346 1173 209
 197 199 961
 183 916 223
 1174 725 637
 1175 1176 653
 279 278 1177
 1178 1177 278
 906 493 856
 905 855 542
 979 931 453
 573 453 931
 1179 261 252
 930 1180 931
 526 528 776
 183 708 916
 1181 1117 459
 729 1182 577
 911 1183 1180
 573 1180 1183
 1184 329 1185
 1123 556 1186
 156 918 1054
 308 734 298
 695 1134 991
 1135 991 1134
 990 263 766
 1187 164 152
 1188 433 794
 805 807 1010
 1187 152 642
 612 642 152
 702 211 753
 209 211 702
 1105 1055 438
 283 255 1189
 1190 1189 255
 1039 1186 556
 706 1167 1052
 173 972 1191
 617 619 1170
 836 145 1192
 783 99 1193
 1194 1195 932
 397 396 681
 748 167 1057
 465 1196 1078
 774 1197 343
 571 1198 433
 444 1199 627
 701 1083 323
 1200 1047 1046
 979 609 931
 879 881 840
 439 856 493
 540 542 855
 59 698 847
 276 1201 1145
 1140 1160 996
 995 996 1160
 729 765 1202
 785 810 755
 219 755 810
 173 1191 114
 1203 1204 1205
 999 1206 873
 938 1026 1080
 1207 1208 1209
 248 570 921
 769 245 413
 63 750 511
 709 1102 652
 1135 1153 991
 122 275 1210
 108 862 842
 372 842 862
 1211 30 559
 1178 413 244
 364 433 1198
 1053 1212 156
 520 1213 1017
 1214 522 1018
 848 1215 1216
 1217 1216 1215
 75 73 1218
 566 574 564
 135 67 66
 834 859 762
 581 582 1219
 1220 1221 1222
 1220 1222 1223
 1224 917 1225
 439 377 740
 265 740 377
 240 932 1195
 10 1152 8
 822 903 918
 203 202 898
 1066 627 68
 624 846 947
 767 369 588
 153 292 831
 361 1009 1114
 784 99 783
 885 1226 1122
 989 1227 777
 159 777 1227
 594 761 760
 599 1228 1198
 1229 1230 1071
 775 1071 1230
 1162 1231 887
 891 952 892
 421 645 1232
 644 1232 645
 893 658 771
 311 771 658
 482 1233 285
 483 289 1234
 187 432 188
 240 1195 837
 197 837 1195
 743 601 461
 424 461 601
 781 375 782
 866 782 375
 784 1235 97
 3 54 1
 56 292 580
 1229 1236 313
 311 313 1236
 446 1118 416
 1053 217 1237
 1238 1239 1240
 123 111 793
 116 793 111
 21 20 1241
 1242 1048 1080
 1041 1080 1048
 53 1 54
 481 1243 39
 40 39 1243
 143 495 923
 311 1236 170
 132 572 332
 1184 196 1244
 11 614 9
 1185 329 1245
 526 776 851
 909 1246 994
 911 887 1231
 1024 613 1128
 911 1231 1183
 860 1247 861
 999 861 1247
 204 831 292
 48 1248 872
 1249 867 1250
 866 1250 867
 900 185 140
 657 140 185
 619 1206 1170
 366 367 1251
 1184 1244 1252
 1211 559 650
 122 532 974
 1024 1253 1254
 1255 1254 1253
 612 152 697
 1078 1256 1079
 1123 760 554
 641 639 692
 269 873 1206
 1101 1257 652
 1109 1258 1259
 834 762 1260
 162 532 1261
 48 50 1248
 220 810 1262
 1109 1259 1110
 1263 667 563
 267 880 443
 1084 443 880
 597 595 1158
 79 807 1005
 1126 418 1125
 333 1169 423
 408 1240 409
 168 170 1236
 1084 497 1149
 1157 595 1264
 444 627 929
 866 1265 1250
 809 406 799
 207 96 1065
 1178 244 1177
 602 1177 244
 1263 563 934
 356 1113 928
 896 778 539
 395 572 621
 724 1227 988
 989 988 1227
 561 136 679
 796 797 1266
 1082 1266 797
 1267 1268 1256
 1269 1256 1268
 1270 9 614
 458 1271 852
 660 895 891
 63 1144 750
 387 750 1144
 1272 835 1273
 77 142 27
 363 362 933
 821 398 259
 919 1072 920
 1175 1274 1176
 1275 1167 969
 706 969 1167
 281 1276 934
 225 1037 1277
 863 865 1278
 1147 1279 623
 455 862 549
 1280 884 883
 1092 1281 1282
 1093 1283 1284
 1285 954 953
 1178 1286 1287
 1288 1287 1286
 1289 1290 1286
 821 259 1291
 260 1291 259
 1292 598 676
 1293 676 598
 1275 847 1167
 748 1167 847
 665 1294 1295
 594 737 761
 265 1296 740
 1297 551 955
 1099 1168 1055
 7 5 813
 1275 1136 847
 801 800 745
 349 338 1298
 1299 1298 338
 257 1276 258
 281 258 1276
 1188 133 332
 122 1210 532
 699 927 937
 83 623 1300
 36 678 677
 229 751 230
 175 232 234
 235 177 236
 510 1044 1049
 29 118 33
 524 1115 1018
 521 1017 1116
 985 71 986
 446 448 1118
 925 1118 448
 1164 1301 874
 1302 454 358
 1303 685 684
 1117 164 1069
 1304 1295 1294
 359 337 616
 193 1042 1021
 599 768 1305
 279 1225 917
 25 1032 33
 29 33 1032
 1306 1121 1120
 116 1114 915
 112 334 388
 556 120 1040
 909 1156 984
 83 1111 1307
 253 201 731
 93 1218 73
 1308 535 654
 291 535 1308
 925 448 924
 73 1161 1059
 181 223 1309
 1229 1071 1310
 1070 1310 1071
 980 951 950
 296 1311 478
 107 1038 664
 829 716 715
 808 1081 807
 302 974 532
 437 872 1248
 257 259 1124
 260 1079 1291
 1269 1291 1079
 651 475 710
 474 710 475
 536 466 273
 579 580 291
 756 208 1312
 563 1313 934
 181 1309 130
 1289 1314 1290
 7 813 513
 363 513 813
 471 1265 472
 448 1243 924
 641 575 1315
 1267 1078 1196
 1293 869 666
 1316 674 874
 379 381 1182
 1039 1122 1186
 591 593 1239
 83 1307 677
 165 464 166
 1072 1074 920
 1147 97 1235
 1317 894 1318
 1319 495 1320
 779 1320 495
 990 1085 1169
 957 958 994
 663 994 958
 942 1321 1322
 1323 1322 1321
 1324 1325 404
 403 404 1325
 168 1310 992
 1070 992 1310
 346 861 1173
 1292 676 552
 665 552 676
 431 429 1326
 224 1130 436
 866 375 472
 864 946 865
 12 598 13
 724 1327 460
 555 964 289
 1126 285 1328
 79 1023 1010
 506 1329 14
 1324 476 1241
 477 1241 476
 374 473 472
 510 66 525
 100 525 66
 1269 1330 1291
 481 924 1243
 1331 918 903
 246 901 827
 680 827 901
 529 1332 865
 753 705 702
 1333 1240 1239
 1317 1318 1334
 1272 1203 835
 904 542 1335
 500 1335 542
 500 493 1336
 907 1336 493
 1337 839 1025
 153 535 291
 630 401 859
 101 103 723
 1041 723 103
 695 411 1338
 197 1195 741
 529 865 1339
 617 1171 1340
 925 923 1185
 1319 1185 923
 23 1058 14
 40 1243 448
 736 318 320
 321 738 322
 359 338 337
 724 988 1327
 651 653 1341
 95 1172 456
 707 423 1169
 1342 1172 365
 599 1305 1228
 1343 1344 1345
 517 198 754
 1208 1101 1102
 1157 1264 881
 840 881 1264
 742 750 890
 1319 923 495
 1060 661 745
 585 682 434
 1346 434 682
 302 499 797
 574 1347 564
 1270 1143 1201
 165 1348 464
 866 472 1265
 821 1291 1330
 631 638 792
 669 378 494
 784 1050 1235
 207 1312 208
 379 1202 1334
 1317 1334 1202
 767 965 369
 296 298 734
 617 1340 798
 555 868 120
 276 1145 280
 428 922 429
 1211 650 515
 427 515 650
 383 251 411
 979 26 33
 585 914 547
 477 547 914
 631 343 1197
 836 1305 768
 791 1349 1000
 1267 1196 1350
 1351 986 71
 722 463 1352
 1349 1260 1000
 23 773 487
 1333 57 172
 993 1353 593
 829 220 1262
 688 1094 1193
 1354 1355 1090
 1117 150 164
 576 1251 367
 1324 1241 1356
 373 149 205
 641 610 575
 1066 68 67
 770 1340 682
 1346 682 1340
 451 574 1357
 566 1357 574
 657 720 1358
 583 1359 961
 1360 713 763
 822 918 826
 1361 1282 1281
 1217 1284 1283
 70 939 71
 1351 71 939
 1070 746 992
 21 1241 914
 1306 19 435
 805 1362 127
 989 778 898
 324 802 1363
 1364 1363 802
 1139 1083 1365
 1366 1367 1368
 361 1114 362
 482 1369 1233
 1370 483 1234
 180 166 1077
 474 476 1371
 630 835 1205
 954 75 1218
 91 954 1218
 360 180 1077
 885 1264 595
 1045 1344 1152
 1178 1372 1286
 135 66 1049
 1314 863 1278
 500 542 494
 439 493 378
 1045 622 1046
 135 1049 412
 718 412 1049
 834 1273 835
 379 1334 380
 425 380 1334
 567 564 674
 1011 674 564
 669 494 541
 1373 1151 1150
 93 91 1218
 1183 1231 675
 373 205 1374
 204 420 1374
 1274 1375 608
 504 306 868
 121 868 306
 726 1309 223
 1292 13 598
 254 256 1312
 241 239 445
 444 445 239
 1376 468 452
 680 106 1377
 105 1377 106
 333 263 1169
 370 1125 371
 417 371 1125
 238 1199 239
 48 1016 49
 657 200 140
 1343 1345 1253
 1105 1321 1378
 624 1019 565
 612 697 684
 804 1248 50
 567 910 565
 1280 1232 693
 644 693 1232
 862 110 549
 573 1347 574
 654 920 1074
 353 355 811
 836 768 795
 944 1379 945
 1093 1193 1094
 1092 1090 1355
 129 138 1380
 327 1380 138
 1184 1185 1381
 1319 1381 1185
 253 730 367
 548 1382 509
 302 109 499
 589 391 390
 827 1076 965
 864 944 946
 1383 715 369
 119 603 1036
 973 939 303
 350 1189 1384
 1190 1384 1189
 1093 1284 783
 781 783 1284
 1092 786 1281
 785 1281 786
 112 388 17
 719 679 412
 63 511 415
 1003 1385 1046
 272 998 273
 414 960 352
 959 352 960
 171 369 715
 328 330 416
 1386 1387 636
 1147 1235 1279
 665 667 1294
 1263 1294 667
 995 398 390
 457 1192 146
 749 627 1199
 517 962 584
 1388 1298 1352
 1389 1235 1050
 688 587 1094
 670 849 1216
 265 443 1296
 383 252 251
 4 882 772
 1383 369 965
 1354 1090 1390
 1119 1121 1171
 670 1216 1283
 1203 1205 835
 1200 1046 1385
 701 1296 443
 1082 842 1068
 372 1068 842
 481 696 144
 79 1005 852
 1280 693 1391
 1108 687 1062
 577 1315 575
 162 1261 877
 238 882 1199
 779 495 733
 139 733 495
 488 1392 851
 528 1002 1058
 1297 1368 1367
 512 803 1031
 970 777 148
 159 148 777
 671 1393 850
 207 1065 1219
 1255 1219 1065
 1217 376 1284
 128 127 1362
 1024 1254 1028
 781 1284 376
 1123 1226 760
 885 760 1226
 785 755 1281
 1361 1281 755
 671 1282 1393
 455 549 509
 1388 1352 463
 112 111 125
 536 537 466
 1255 1394 1254
 631 1197 632
 1089 1115 1090
 957 1090 1115
 1096 1098 1116
 959 1116 1098
 1395 1396 711
 1280 1391 1397
 1398 919 1075
 363 933 339
 457 1172 1192
 612 610 642
 1099 941 978
 673 1231 1165
 1162 1165 1231
 711 1396 1399
 204 568 420
 1299 1352 1298
 141 200 725
 94 208 794
 1105 1107 1321
 197 961 837
 926 837 961
 1045 1400 1344
 561 667 666
 548 1254 1382
 756 1312 256
 576 611 1151
 517 545 962
 465 721 1196
 1324 1371 476
 1105 1378 1055
 753 211 969
 1293 666 676
 573 931 1180
 271 314 344
 1302 1367 503
 1366 503 1367
 1267 1401 1268
 1045 1047 1400
 331 1252 1037
 89 1037 1252
 506 1402 507
 893 771 716
 1242 1080 1026
 586 1094 587
 1403 1350 1196
 1292 552 773
 857 1394 1065
 1249 1404 1110
 1112 1110 1404
 1405 811 558
 76 1406 142
 1208 1102 1209
 688 1193 99
 546 475 1407
 1389 1050 867
 1108 1106 687
 126 687 1106
 502 1408 454
 304 912 305
 249 97 1409
 1147 1409 97
 683 685 655
 1217 1215 376
 789 551 1410
 477 914 1241
 1007 1008 214
 1306 410 19
 374 376 1215
 857 509 1382
 571 248 1198
 1063 947 846
 1235 1258 1279
 612 684 611
 743 1411 1098
 204 1374 205
 249 1374 420
 328 1245 329
 770 426 1064
 973 1113 1408
 635 725 200
 1039 1040 1036
 119 1036 1040
 386 873 1412
 249 1409 1374
 51 653 1176
 1084 1365 1083
 145 146 1192
 737 320 761
 740 1296 322
 181 646 645
 373 1374 1146
 971 1413 1301
 652 1257 653
 1175 653 1257
 1126 1328 1365
 1139 1365 1328
 312 658 1087
 709 1209 1102
 858 997 895
 891 895 997
 1178 278 1372
 836 1192 1305
 1342 1305 1192
 699 1320 640
 779 640 1320
 455 161 862
 1211 1414 1415
 531 889 913
 1178 1287 413
 51 1341 653
 586 1353 1094
 993 1094 1353
 957 1390 1090
 1211 1415 31
 119 1040 120
 956 636 1387
 809 538 445
 241 445 538
 1403 1416 1350
 959 1098 1417
 1360 780 713
 440 792 1000
 15 17 388
 752 849 230
 176 234 850
 670 230 849
 671 850 234
 672 236 317
 179 317 236
 1303 684 697
 345 480 1158
 238 772 882
 1039 1036 664
 973 1408 1418
 1077 166 464
 858 895 662
 1166 1016 1163
 703 1163 1016
 348 214 1008
 282 992 746
 1073 492 1074
 579 1074 492
 599 1198 248
 1070 943 746
 1126 1365 1419
 274 1210 275
 1126 1419 418
 1420 277 917
 354 828 498
 599 247 768
 561 679 562
 719 562 679
 970 537 539
 1297 1410 551
 971 694 1413
 726 1421 1309
 421 182 645
 379 1182 1202
 729 1202 1182
 241 538 508
 1366 649 503
 876 819 534
 845 534 819
 843 815 533
 875 533 815
 168 1236 1310
 1229 1310 1236
 1092 1282 1091
 1093 1095 1283
 651 1407 475
 622 1422 1046
 315 1423 854
 257 1424 1276
 1066 929 627
 62 60 927
 1238 591 1239
 1060 1425 662
 774 662 1425
 402 762 859
 1376 24 26
 467 1426 466
 785 787 1427
 1066 1004 929
 405 929 1004
 973 972 1113
 173 1113 972
 724 812 1227
 1204 1428 1205
 1429 1205 1428
 858 662 820
 774 820 662
 408 1238 1240
 896 38 37
 553 964 557
 1099 1055 1378
 296 1043 1311
 222 830 1076
 1383 1076 830
 113 1062 714
 293 793 340
 576 575 610
 1430 1431 1189
 1429 1428 1209
 1207 1209 1428
 949 1432 950
 496 828 418
 353 418 828
 566 565 1019
 749 6 626
 331 329 1252
 1184 1252 329
 948 981 1357
 451 1357 981
 100 68 626
 1360 1010 1023
 285 1233 1328
 289 964 1234
 1342 1192 1172
 673 1165 874
 942 1378 1321
 1112 1307 1111
 893 1427 787
 105 664 1036
 546 1415 1414
 1354 984 1433
 788 1433 984
 363 339 513
 1123 1186 1226
 1122 1226 1186
 441 213 1434
 900 314 185
 1306 890 410
 1263 1276 1424
 51 31 1415
 788 1087 787
 784 782 1050
 76 1048 1406
 1254 1394 1382
 7 290 626
 651 1415 1407
 546 1407 1415
 59 195 60
 1093 783 1193
 1092 1355 786
 788 786 1433
 1187 1069 164
 1187 642 692
 51 1415 1341
 651 1341 1415
 1319 937 1381
 1164 491 1230
 775 1230 491
 1430 1189 1155
 784 97 99
 949 1420 1432
 213 1359 1434
 593 1353 1435
 573 1183 1347
 414 309 853
 506 538 1329
 1129 1127 215
 1275 1436 1136
 1317 1138 894
 743 1097 605
 1187 940 1069
 104 1069 940
 254 1312 582
 982 1156 1413
 1316 1413 1156
 1067 1437 1068
 1082 1068 1437
 254 628 255
 268 225 1277
 501 648 986
 987 986 648
 184 1132 1438
 1376 1439 24
 602 24 1439
 586 1435 1353
 86 88 969
 1275 969 88
 583 1059 1161
 274 877 1261
 879 839 1148
 989 777 778
 227 795 588
 719 347 702
 462 464 1348
 1007 214 833
 1269 1268 1330
 635 200 1358
 657 1358 200
 327 826 918
 536 273 998
 804 871 1440
 381 1315 1182
 178 284 286
 287 174 288
 579 291 1308
 1441 1442 806
 808 806 1442
 421 883 422
 995 1160 1124
 1229 1443 1230
 1009 915 1114
 506 1002 1402
 7 626 6
 1104 1444 1142
 764 1142 1444
 1164 1230 1445
 1267 1256 1078
 465 1078 1446
 283 1189 1431
 1405 854 1423
 241 508 932
 1366 1368 1447
 238 837 1448
 1383 965 1076
 980 950 1051
 1224 1051 950
 1379 1449 945
 633 945 1449
 100 626 290
 11 8 1128
 1077 1446 1078
 683 655 1150
 155 1150 655
 271 1030 314
 186 314 1030
 1275 88 1436
 89 1436 88
 383 1022 252
 1331 1054 918
 1084 1149 1365
 724 154 812
 246 248 921
 1241 20 1356
 1288 1286 1290
 105 442 1377
 896 898 778
 502 454 503
 743 461 1411
 1354 1246 984
 272 344 696
 496 418 1419
 221 442 603
 218 217 1450
 1053 1450 217
 893 810 1427
 1360 1023 780
 1451 1197 1452
 774 1452 1197
 1317 963 1138
 767 768 247
 129 1380 1442
 808 1442 1380
 942 1322 943
 747 943 1322
 1451 1453 1197
 1063 846 819
 297 815 844
 474 1371 711
 324 1454 1455
 893 1262 810
 663 958 625
 845 625 958
 414 853 960
 843 960 853
 113 714 928
 95 456 607
 1361 755 912
 457 456 1172
 1039 664 1038
 335 334 1015
 1194 741 1195
 769 78 245
 462 61 1456
 62 1456 61
 663 565 910
 310 853 309
 1306 435 1121
 405 406 929
 350 1155 1189
 283 1431 461
 785 1427 810
 324 1363 1454
 925 1185 1245
 1164 1165 489
 1162 489 1165
 808 1380 158
 1388 1042 1298
 1337 1148 839
 1289 1286 1372
 1007 1154 1056
 970 689 537
 218 300 216
 1088 1439 452
 909 984 1246
 222 1457 442
 1324 1356 1325
 560 1458 1459
 1098 1411 1417
 979 453 468
 875 519 533
 523 876 534
 159 1227 812
 16 339 933
 246 681 901
 1274 608 1176
 1020 1131 1100
 484 114 1460
 1461 1460 114
 44 46 450
 548 1028 1254
 656 685 1075
 1303 1075 685
 93 584 962
 1096 1017 1462
 1213 1462 1017
 1089 1463 1018
 1214 1018 1463
 428 430 1464
 1451 1464 430
 1188 794 133
 1045 1152 622
 243 516 1298
 349 1298 516
 1077 464 1446
 345 1158 266
 579 1308 1074
 1354 994 1246
 1429 1209 1399
 709 1399 1209
 1211 515 1414
 514 1159 515
 985 69 71
 1249 1259 867
 1389 867 1259
 397 921 570
 592 975 668
 976 1214 1463
 1213 977 1462
 485 1141 486
 550 1440 1465
 465 1446 464
 392 394 1459
 560 1459 394
 578 124 1466
 190 1466 124
 262 142 1406
 441 833 214
 1221 904 1335
 907 1223 1336
 1060 745 800
 1129 215 1467
 238 1448 772
 641 1315 381
 926 772 1448
 975 231 668
 976 1463 233
 977 237 1462
 654 1074 1308
 712 714 1062
 131 130 1309
 75 1014 604
 1304 1294 1424
 386 1412 210
 665 1295 552
 59 61 1061
 809 1329 538
 948 1357 1019
 566 1019 1357
 718 1031 347
 346 347 1031
 1430 1417 1411
 1285 936 728
 896 539 38
 1429 1468 1205
 630 1205 1468
 1304 1469 1160
 92 962 545
 823 1421 936
 356 454 1408
 1112 34 1307
 1073 407 492
 1166 49 1016
 327 158 1380
 270 894 1138
 1354 1390 994
 957 994 1390
 631 792 341
 1096 1462 237
 1089 233 1463
 993 668 231
 268 1412 873
 1104 1142 1001
 203 1001 1142
 926 961 1359
 366 1251 1327
 1441 1465 1440
 194 1381 937
 1129 945 1127
 633 1127 945
 243 1298 1042
 1343 1152 1344
 531 723 1033
 1263 934 1276
 1395 1371 404
 1224 950 1432
 1376 452 1439
 618 1064 1318
 462 1348 61
 1314 1278 1290
 660 1027 661
 295 661 1027
 629 280 1145
 654 535 655
 155 655 535
 502 1012 1418
 1351 1418 1012
 186 470 1132
 1304 1160 1141
 707 1153 708
 727 708 1153
 364 1198 1228
 93 1059 584
 141 725 732
 405 1004 1470
 137 1470 1004
 440 341 792
 440 1260 762
 905 735 855
 739 906 856
 41 1068 42
 466 1426 273
 29 1032 27
 77 27 1032
 909 908 1156
 634 1289 1372
 703 489 1163
 1162 1163 489
 1373 1327 1251
 1441 1100 1442
 1020 659 646
 597 541 596
 1242 1406 1048
 392 1459 637
 1174 637 1459
 744 252 1022
 1324 404 1371
 581 1345 1344
 89 1252 1244
 1323 1321 1471
 726 223 916
 1011 564 1347
 14 1058 1002
 207 582 1312
 327 138 826
 597 480 541
 629 877 280
 1101 1175 1257
 1174 1458 732
 191 732 1458
 307 1472 1385
 1349 1272 1273
 7 513 290
 1267 1350 1401
 1255 1345 1219
 1343 1253 1128
 1024 1128 1253
 1360 763 1362
 128 1362 763
 647 649 1447
 1366 1447 649
 805 1010 1362
 101 723 530
 1349 1273 1260
 307 351 1472
 1119 870 1120
 392 1473 606
 1461 1191 1266
 1109 1111 1300
 83 1300 1111
 1029 1168 1016
 703 1016 1168
 1346 1171 1121
 757 1398 1474
 597 1158 480
 440 1000 1260
 1179 252 1475
 744 1475 252
 578 1015 125
 467 678 1476
 469 1476 678
 441 1477 833
 72 833 1477
 181 130 1131
 271 273 1426
 1478 1271 157
 670 1283 1095
 671 1091 1282
 805 1465 806
 1319 1320 937
 425 1318 1064
 704 562 705
 1034 1370 1479
 1369 1035 1480
 789 713 780
 1395 711 1371
 1316 1156 908
 1430 352 1417
 959 1417 352
 808 158 1081
 886 1481 887
 405 1470 598
 1003 450 1385
 86 969 211
 402 859 401
 1293 598 1470
 801 385 922
 310 844 853
 624 625 846
 967 814 816
 817 968 818
 581 1219 1345
 731 201 1142
 457 146 161
 47 161 146
 1288 889 1287
 1119 1170 1247
 999 1247 1170
 1011 1183 675
 1204 1207 1428
 458 157 1271
 1388 463 1482
 462 1482 463
 1089 1018 1115
 1096 1116 1017
 930 1397 888
 886 888 1397
 1430 1155 352
 307 1385 450
 1461 1266 1437
 742 890 1120
 1379 1103 1449
 701 322 1296
 700 761 320
 411 505 1338
 414 351 309
 1133 1338 505
 583 1161 1434
 1166 887 1481
 834 1260 1273
 1403 1363 1416
 1364 1416 1363
 1375 1181 1483
 1316 908 674
 64 415 525
 510 525 415
 1388 1482 1021
 62 1021 1456
 76 1033 1048
 1386 720 1438
 1174 1459 1458
 1119 1247 870
 89 1244 1436
 1242 1484 1406
 15 1144 65
 805 127 1465
 1405 558 758
 1388 1021 1042
 359 325 338
 1299 338 325
 403 1325 1485
 335 1485 1325
 156 1212 157
 1478 157 1212
 618 1318 894
 444 239 1199
 899 1056 1486
 1179 1486 1056
 1224 1487 1051
 1088 1051 1487
 269 1206 619
 1011 1347 1183
 421 1232 883
 1280 883 1232
 1386 636 1358
 704 1313 563
 899 340 915
 1263 1424 1294
 268 1277 1412
 1317 765 963
 1337 1086 1148
 590 1148 1086
 1451 430 102
 431 102 430
 203 1142 201
 1060 800 1464
 1346 1340 1171
 529 913 1332
 458 1081 158
 368 1244 196
 108 110 862
 576 1151 1251
 744 294 1475
 804 1440 1488
 1441 806 1465
 1351 1012 986
 501 986 1012
 930 884 1397
 1280 1397 884
 1337 1025 518
 1346 435 434
 392 637 1473
 956 1473 637
 707 1169 1085
 544 300 1489
 218 1489 300
 858 400 997
 189 997 400
 428 1464 800
 485 552 1295
 87 1412 1277
 3 1422 622
 83 677 84
 1373 1251 1151
 680 1457 1076
 1403 1196 721
 72 1477 1161
 581 1400 628
 1190 628 1400
 757 1474 697
 1343 8 1152
 726 936 1421
 631 341 343
 550 1465 127
 1395 543 1396
 1337 518 1490
 59 1061 698
 1255 1253 1345
 1123 554 557
 1201 1143 1145
 703 1168 490
 1099 490 1168
 1270 614 1143
 1211 31 30
 372 42 1068
 581 1344 1400
 1164 1445 1301
 194 196 1381
 1184 1381 196
 1104 447 1491
 446 1491 447
 1174 732 725
 709 711 1399
 1321 1107 1471
 1139 1233 1480
 1369 1480 1233
 1370 1234 1479
 553 1479 1234
 1478 1212 1237
 1053 1237 1212
 1077 1079 360
 1317 1202 765
 368 195 1136
 446 416 1491
 436 1491 416
 707 1085 1153
 991 1153 1085
 1164 489 491
 578 1466 1485
 403 1485 1466
 722 1352 1455
 1299 1455 1352
 1135 1014 1013
 1224 1225 1487
 206 812 154
 357 928 714
 1303 697 1474
 1451 1452 1464
 32 608 1483
 1375 1483 608
 129 1442 1100
 64 513 339
 36 35 678
 1395 404 432
 900 344 314
 747 1492 759
 1067 759 1492
 550 1488 1440
 1103 638 1449
 633 1449 638
 1389 1259 1258
 1133 604 1014
 1360 1362 1010
 769 413 1287
 769 1287 889
 973 1418 939
 1351 939 1418
 386 1173 861
 262 1406 1484
 546 1414 1159
 515 1159 1414
 1187 692 940
 1316 1301 1413
 1060 1464 1425
 886 1391 1481
 1197 1453 632
 971 1301 1445
 770 798 1340
 1288 1290 1278
 1343 1128 8
 1316 874 1301
 548 686 1028
 878 1028 686
 425 1334 1318
 403 1466 188
 190 188 1466
 274 280 877
 1006 215 1127
 207 1219 582
 147 689 148
 970 148 689
 796 1191 972
 1099 1378 941
 926 1448 837
 747 746 943
 307 309 351
 1249 1110 1259
 1179 1056 1154
 184 1438 720
 1299 325 1455
 324 1455 325
 1088 452 981
 451 981 452
 1430 1411 1431
 461 1431 1411
 1373 460 1327
 1288 913 889
 1269 1079 1256
 749 1199 882
 807 1081 1005
 899 1486 294
 1331 1489 1450
 1386 1358 720
 131 1309 1421
 1229 313 1443
 690 691 766
 990 766 691
 718 1049 1044
 630 1468 543
 1285 1013 954
 3 0 1422
 1003 1422 0
 484 1107 115
 1108 115 1107
 409 1240 172
 1333 172 1240
 1288 1278 1332
 368 1436 1244
 87 1277 1037
 55 1481 1391
 346 1031 803
 366 1327 988
 1104 1491 1444
 436 1444 1491
 165 1061 1348
 61 1348 1061
 1190 1400 1047
 1389 1258 1235
 1441 871 1100
 695 1338 1134
 1405 758 854
 600 854 758
 1221 1335 1222
 1223 1222 1336
 436 1130 1444
 764 1444 1130
 51 1176 608
 546 1159 547
 911 1180 888
 673 675 1231
 257 1469 1424
 1395 432 543
 271 1426 1476
 699 937 1320
 634 1372 278
 672 605 1097
 1288 1332 913
 55 1391 693
 123 892 952
 1006 632 1453
 469 678 35
 187 543 432
 857 1382 1394
 222 1076 1457
 260 360 1079
 529 1339 1467
 335 1015 1485
 593 1435 1239
 865 1332 1278
 1255 1065 1394
 81 780 1023
 1133 1134 1338
 571 433 569
 1188 569 433
 982 1413 694
 417 1423 371
 1224 1432 917
 560 192 1458
 1304 1424 1469
 967 816 478
 968 951 818
 643 396 1490
 449 1490 396
 1333 1239 1435
 350 1384 1472
 1200 1472 1384
 160 549 110
 123 952 124
 540 596 541
 669 541 480
 623 1279 1300
 1109 1300 1279
 688 98 587
 293 1027 892
 660 892 1027
 1034 1479 319
 1035 323 1480
 484 1471 1107
 635 1358 636
 971 1443 313
 304 850 1393
 469 1030 1476
 335 1356 20
 848 1216 849
 218 1450 1489
 417 419 1423
 23 13 773
 1461 1437 1493
 1067 1493 1437
 1140 1392 486
 1200 1385 1472
 1302 503 454
 315 371 1423
 618 798 1064
 350 1472 351
 63 65 1144
 560 516 192
 243 192 516
 1063 818 951
 297 478 816
 87 210 1412
 704 1052 1313
 935 1313 1052
 411 251 505
 250 505 251
 930 888 1180
 804 1488 1248
 353 811 419
 1331 1450 1054
 926 1359 213
 553 1234 964
 1139 1328 1233
 368 1136 1436
 1109 1279 1258
 1217 1283 1216
 1140 996 1494
 389 1494 996
 680 1377 1457
 1160 1469 1124
 1461 114 1191
 1088 1487 1439
 356 1408 1113
 1420 917 1432
 935 934 1313
 1190 255 628
 821 1330 399
 885 1137 1264
 840 1264 1137
 796 1266 1191
 1361 1393 1282
 567 674 908
 577 1182 1315
 101 1467 215
 1157 266 1158
 823 936 953
 1302 1410 1367
 1297 1367 1410
 1139 1480 323
 553 319 1479
 543 1468 1396
 500 1336 1222
 500 1222 1335
 886 1397 1391
 479 1138 963
 1405 1423 419
 925 1245 1118
 328 1118 1245
 90 824 953
 823 953 824
 1166 1481 49
 55 49 1481
 1006 1453 102
 1403 721 1454
 722 1454 721
 544 1495 717
 902 717 1495
 279 1177 1225
 602 1225 1177
 742 1120 870
 488 486 1392
 999 1170 1206
 770 1064 798
 32 1483 459
 1181 459 1483
 727 916 708
 1003 1046 1422
 865 946 1339
 1129 1339 946
 942 941 1378
 437 1248 1488
 496 498 828
 1373 1150 460
 155 460 1150
 429 1080 1326
 1041 1326 1080
 1129 1467 1339
 312 983 694
 335 1325 1356
 1374 1409 1146
 449 1086 1490
 979 468 26
 137 869 1470
 1293 1470 869
 1306 1120 890
 1140 1494 1392
 1020 1100 871
 550 242 1488
 437 1488 242
 1333 1435 57
 1342 1228 1305
 1451 102 1453
 690 1484 1026
 1464 1452 1425
 294 1486 1475
 113 115 1062
 1108 1062 115
 1302 358 1410
 789 1410 358
 586 57 1435
 1346 1121 435
 1082 1437 1266
 1303 1474 1075
 1383 830 715
 1376 26 468
 1429 1399 1396
 36 1307 34
 578 1485 1015
 572 569 332
 364 1228 365
 1342 365 1228
 690 766 1484
 1053 1054 1450
 1242 1026 1484
 829 715 830
 1398 1075 1474
 722 1455 1454
 181 1131 646
 1020 646 1131
 1285 728 1013
 1135 1013 728
 1461 1493 1460
 1323 1460 1493
 101 530 1467
 982 694 983
 467 1476 1426
 1147 1146 1409
 1354 1433 1355
 786 1355 1433
 602 1439 1487
 1365 1149 1419
 529 1467 530
 442 1457 1377
 1403 1454 1363
 544 1489 1495
 1331 1495 1489
 1190 1047 1384
 1200 1384 1047
 36 677 1307
 502 1418 1408
 1337 1490 1086
 271 1476 1030
 107 518 1025
 823 825 1421
 1405 419 811
 262 1484 766
 1323 1492 1322
 902 1495 903
 1331 903 1495
 860 870 1247
 257 1124 1469
 747 1322 1492
 532 1210 1261
 1161 1477 1434
 304 1393 912
 496 1419 1149
 841 261 1154
 1179 1154 261
 1323 1493 1492
 643 1490 518
 1067 1492 1493
 1361 912 1393
 893 716 1262
 131 1421 825
 431 1326 103
 1441 1440 871
 1304 1141 1295
 485 1295 1141
 1041 103 1326
 1323 1471 1460
 1292 773 13
 971 1445 1443
 1230 1443 1445
 312 1087 983
 1188 332 569
 829 1262 716
 602 1487 1225
 462 1456 1482
 1021 1482 1456
 191 1458 192
 583 1434 1359
 774 1425 1452
 1179 1475 1486
 274 1261 1210
 809 799 1329
 14 1329 799
 1429 1396 1468
 1285 953 936
 484 1460 1471
 788 983 1087
 441 1434 1477
 29
 848 374 1249 471 1112 1386 469 1364 393 956 752 326 336 1250 1215 616 1438 1404 802 470 606 1387 473 34 1473 337 1265 35 1132
 0
 0
 0
 57
 82 276 1270 299 526 2 53 1478 1297 985 1194 589 1364 389 301 987 198 1 1201 647 852 45 80 9 955 1350 1311 1368 734 932 1002 217 1268 1237 275 1271 478 741 507 1402 1330 1416 508 648 754 46 1043 1494 216 1392 399 391 1447 851 69 1401 527
