1475 2784
6.701519 1.785672 1
6.879232 1.891371 1
6.723532 1.909799 1
6.805418 1.728012 1
6.567963 2.290683 1
6.680757 2.396833 1
6.582386 2.496284 1
6.484631 2.419052 1
5.257092 4.951127 1
5.213462 4.793371 1
5.330429 4.858052 1
6.442039 2.093051 1
6.397256 1.985062 1
6.536678 1.996341 1
7.164596 2.778845 1
7.262382 2.722581 1
7.201928 2.902174 1
5.151765 4.907310 1
7.342909 2.799273 1
6.542043 2.143331 1
8.339095 1.891838 1
8.250751 1.812134 1
8.411804 1.768777 1
5.075511 3.255838 1
4.968703 3.179825 1
5.122739 3.104407 1
8.284565 1.715435 1
7.959190 1.754323 1
7.802344 1.756332 1
7.856203 1.616465 1
9.678115 2.511569 1
9.574879 2.350617 1
9.721053 2.365102 1
4.814559 2.925099 1
4.701535 3.049531 2
4.676769 2.899004 2
6.048975 2.539656 1
6.016453 2.402017 1
6.128496 2.422999 1
6.849532 3.776139 1
6.800718 3.652420 1
6.911029 3.660890 1
7.498225 2.583424 1
7.622765 2.702036 1
7.500171 2.698773 1
7.443472 1.942950 1
7.613626 1.986608 1
7.510754 2.063014 1
9.342519 2.234407 1
9.423470 2.119010 1
9.476007 2.231205 1
7.552849 0.916855 1
7.494326 1.025363 1
7.374181 0.926226 1
6.810746 4.185935 2
6.771570 4.326343 2
6.666837 4.183290 1
4.970822 4.493345 1
5.151458 4.531467 1
5.054547 4.627533 1
6.692447 1.608083 1
5.697073 2.217800 1
5.866033 2.207757 1
5.789660 2.318496 1
6.642293 4.299617 1
7.068633 3.034311 1
7.052530 2.925088 1
6.070206 3.682619 1
6.214737 3.731762 1
6.058446 3.837669 1
6.213589 3.874769 1
9.739560 3.850509 1
9.820748 3.979503 1
9.701102 4.005759 1
8.273797 1.127248 1
8.220457 1.287513 1
8.120080 1.172185 1
4.845317 3.097768 1
5.007074 3.044911 1
9.252457 3.526508 1
9.189052 3.630861 2
9.111339 3.475663 2
9.077063 2.646301 1
9.210153 2.670109 1
9.084210 2.774578 1
9.198662 1.198950 1
9.071326 1.130480 1
9.183449 1.047596 1
9.204548 2.809502 1
8.475585 2.287620 1
8.630102 2.254541 1
8.581976 2.361500 1
7.438138 0.557798 1
7.316076 0.631051 1
7.295281 0.481153 1
5.056756 4.851300 1
5.088861 4.732314 1
7.523554 1.866925 1
7.731541 1.104297 1
7.749978 1.235802 1
7.601613 1.214993 1
4.243496 4.933706 1
4.234445 4.810615 1
4.356071 4.907642 1
8.478637 0.790780 1
8.313864 0.866223 1
8.331158 0.720848 1
8.504636 2.169859 1
5.507239 3.685842 1
5.535018 3.555948 1
5.619704 3.700251 1
9.087513 3.339667 1
9.026529 3.270177 1
9.144161 3.207373 1
9.543455 2.810024 1
9.543092 2.953604 1
9.423470 2.865226 1
5.682586 3.599695 1
7.219480 2.344383 1
7.363740 2.410020 1
7.257778 2.463959 1
6.184692 2.536127 1
5.707364 1.638875 1
5.555358 1.705302 1
5.626503 1.565697 1
4.499614 3.585040 1
4.366788 3.584994 2
4.446567 3.471965 1
6.505392 2.912363 1
6.463891 3.083112 1
6.394594 2.906682 1
6.322877 2.991369 1
8.474099 1.616217 1
8.340574 1.625544 1
7.312423 2.260671 1
10.000000 3.472222 0
10.000000 3.611111 0
9.854188 3.516792 1
4.334121 3.451462 2
4.390341 4.809024 1
6.953347 1.488441 1
6.831847 1.586057 1
6.827979 1.453654 1
7.486001 0.809553 1
5.103247 4.421588 1
6.963366 1.048810 1
6.884698 0.923605 1
7.042629 0.903632 1
7.691458 1.625557 1
9.444846 1.334896 1
9.589488 1.426591 1
9.434002 1.466554 1
9.892745 3.641623 1
7.587032 1.102500 1
6.956197 1.599887 1
6.913921 1.734840 1
7.173300 3.083775 1
8.917900 1.739587 1
8.872846 1.871586 1
8.745080 1.755492 1
8.729655 1.919936 1
4.741090 4.800401 1
4.777213 4.665328 1
4.865252 4.762175 1
9.789246 2.448795 1
4.639359 4.733263 1
9.792582 4.131754 1
5.644777 1.756792 1
10.000000 1.527778 0
10.000000 1.666667 0
9.835932 1.589848 1
8.333333 0.000000 0
8.472222 0.000000 0
8.423933 0.166367 1
9.182967 3.350452 1
6.008340 2.139752 1
6.117687 2.149634 1
6.089433 2.274208 1
6.361014 1.300424 1
6.245265 1.175609 1
6.418029 1.163651 1
6.311475 1.063067 1
5.981593 2.283386 1
9.421269 2.339659 1
6.690095 3.368343 1
6.610770 3.517084 1
6.571198 3.370148 1
6.375421 0.217663 2
6.491006 0.285487 1
6.309723 0.352951 2
7.986232 1.946766 1
8.040218 1.849507 1
8.114106 1.990244 1
5.343924 2.289512 1
5.340167 2.452921 1
5.228862 2.401259 1
6.771995 3.451471 1
9.610342 1.305229 1
6.534350 1.620327 1
6.507941 1.506101 1
6.676695 1.483973 1
8.175214 0.985853 1
8.030745 1.035779 1
9.788682 0.868734 1
9.713545 0.964521 1
9.630043 0.812346 1
5.832567 1.649027 1
5.784334 1.788280 1
9.362967 1.582600 1
9.205578 1.586031 1
9.297521 1.444892 1
9.132903 1.455321 1
8.578965 1.700395 1
8.587470 1.848912 1
6.456118 0.426628 1
10.000000 1.805556 0
9.864987 1.903467 1
9.873762 1.734081 1
8.194445 0.000000 0
8.260237 0.127251 1
8.090914 0.133506 1
5.977030 3.962249 1
5.876711 3.891672 1
6.668028 0.549795 1
6.552711 0.526996 1
6.668671 0.402044 1
7.620184 2.556905 1
8.801836 1.218172 1
8.738236 1.350614 1
8.659156 1.181875 1
4.473174 3.256110 1
4.567456 3.148981 2
4.605954 3.329224 1
4.706223 3.210999 1
9.429109 2.581689 1
9.342649 2.727676 1
9.300473 2.592718 1
5.433549 2.599946 1
5.274381 2.564524 1
7.209900 3.518409 2
7.147572 3.390509 1
7.257548 3.368222 2
5.214097 3.331745 1
5.065293 3.368719 1
3.965637 4.859202 2
4.098414 4.774844 1
4.116724 4.919291 1
5.846843 3.183881 1
5.884804 3.080605 1
5.940642 3.220175 1
5.957494 3.764695 1
9.331212 0.311474 1
9.391139 0.467381 1
9.270160 0.442229 1
5.345166 4.081958 1
5.223313 4.165204 1
5.225334 4.010153 1
5.087319 4.059354 1
8.289977 3.084625 1
8.203995 3.214273 2
8.182261 3.044488 1
7.491823 1.669027 1
7.420715 1.784334 1
7.342836 1.639057 1
6.805555 0.000000 0
6.780949 0.168758 1
6.669086 0.122512 1
7.441488 1.573872 1
7.734658 2.641909 1
5.003970 3.950645 1
4.940084 4.025068 1
8.457720 1.950579 1
5.137704 2.516743 1
5.070802 2.638387 1
4.988203 2.540515 2
7.085173 2.293885 1
7.198239 2.211733 1
7.098757 2.157671 1
4.666161 4.606328 1
8.611111 0.000000 0
8.713051 0.149972 1
8.541667 0.099357 1
10.000000 1.388889 0
9.897661 1.451688 1
9.849624 1.291612 1
6.919063 1.345560 1
7.084176 1.397750 1
7.033436 1.283168 1
6.506629 3.889209 1
6.371160 3.918404 1
6.453152 3.767231 1
7.753994 1.900319 1
7.777062 2.059184 1
6.967904 3.287072 1
7.032102 3.373044 1
6.923911 3.405792 1
7.020362 3.486349 1
6.206203 4.558007 1
6.139965 4.456416 1
6.238244 4.398286 1
9.668290 1.618358 1
9.513515 1.559231 1
9.691791 1.495906 1
7.471699 0.439762 1
7.393651 0.354021 1
6.619639 1.893718 1
6.669048 2.050785 1
8.980727 1.969311 1
9.107937 2.061746 1
8.974391 2.102736 1
6.318694 4.601766 1
6.332431 4.471969 1
6.436944 4.559677 2
8.387761 0.339635 1
8.240078 0.418746 1
8.276791 0.268489 1
10.000000 0.833333 0
9.878537 0.952749 1
9.881005 0.771428 1
9.166667 0.000000 0
9.228572 0.118995 1
9.047251 0.121463 1
8.461967 0.900401 1
9.570928 2.643228 1
9.666690 2.753694 1
6.124938 2.025252 1
6.055794 1.888699 1
6.204272 1.876331 1
7.330197 1.864834 1
5.997469 3.137192 1
8.512171 3.029562 1
8.501996 2.902117 1
8.635534 3.000477 1
9.482075 0.375573 1
5.782885 4.915845 2
5.613523 4.876764 2
5.711236 4.758887 1
4.979978 4.129759 1
8.312034 2.436220 1
8.406985 2.544760 1
8.237949 2.582546 1
7.660341 0.578731 1
7.567696 0.509109 1
7.710315 0.439928 1
7.136683 0.529082 1
7.205846 0.625018 1
8.632577 2.858719 1
6.453895 2.610102 1
6.349832 2.687730 1
6.323233 2.547328 1
6.232348 2.645741 1
8.669917 0.579927 1
8.757948 0.693155 1
8.605878 0.699880 1
8.874151 2.322065 1
8.764855 2.203482 1
8.916048 2.203379 1
9.287970 3.215673 1
8.461940 3.408179 1
8.602221 3.469974 2
8.437001 3.520203 2
5.238379 2.222766 1
5.530592 1.588824 2
6.458221 2.769819 1
6.590697 2.811427 1
9.703095 1.224287 1
9.545672 1.202538 1
9.670074 1.086883 1
6.733642 3.740400 1
8.419788 1.204282 1
8.332795 1.276246 1
5.589419 4.442449 1
5.690715 4.356841 1
5.711939 4.496269 1
9.331159 3.351627 1
8.841307 1.604082 1
8.569086 0.210360 1
8.508806 0.309166 1
6.747306 3.560399 1
6.880623 3.544763 1
5.118882 3.475273 1
6.230560 1.344904 1
6.201416 1.471436 1
6.086552 1.410100 1
9.446910 0.269519 1
9.595981 0.268505 1
9.454902 3.848161 1
9.314283 3.848248 2
9.434791 3.702993 1
9.291065 3.714597 1
8.146174 1.859522 1
5.812953 4.400337 1
6.197185 1.710938 1
6.084925 1.777562 1
4.723909 5.068506 2
4.725826 4.925068 1
4.847394 4.979242 2
8.761953 0.916679 1
8.900838 0.965835 1
8.822564 1.031494 1
8.740061 2.530812 1
8.666847 2.437385 1
8.841598 2.440845 1
7.639262 1.456599 1
7.763267 1.366998 1
7.753578 1.515011 1
7.003982 0.388354 1
7.133464 0.392585 1
7.012825 0.504763 1
7.919614 2.303614 1
7.874130 2.467033 1
7.794896 2.314073 1
7.725644 2.414804 1
8.742489 2.344617 1
4.694458 3.842130 1
4.748693 3.756030 1
4.857194 3.886184 1
9.192173 2.523767 1
4.935095 3.324694 1
5.745697 3.173218 1
5.735101 3.058170 1
10.000000 2.500000 0
10.000000 2.638889 0
9.843488 2.564197 1
6.712580 3.932482 1
6.708884 4.073019 1
6.595653 3.964163 1
7.949999 0.693922 1
8.057818 0.785259 1
7.934078 0.862031 1
8.652964 3.332888 1
8.745855 3.392673 2
6.561868 2.666827 1
4.854363 3.730528 1
6.555438 0.366973 1
6.130081 1.262278 1
7.588399 0.399238 1
6.315060 3.798978 1
7.007150 3.739095 2
8.101618 0.647294 1
9.438756 2.449300 1
8.432035 1.083317 1
9.510171 0.191461 1
9.188523 1.345006 1
6.929450 0.775722 1
6.801984 0.823573 1
6.788272 0.705521 1
8.024765 1.279948 1
7.894146 1.289960 1
7.976189 1.160414 1
8.920476 3.021576 1
8.855284 3.136485 1
8.782388 3.023703 1
8.719112 3.129190 1
9.449391 3.039363 1
8.917796 2.615546 1
9.044215 2.523352 1
5.944004 4.749156 2
5.838029 4.800569 1
5.821872 4.670084 1
9.172133 0.340190 1
8.902877 0.859163 1
5.458736 2.481935 1
5.155808 4.309731 1
5.021509 4.346021 1
5.072066 4.195681 1
6.136762 4.092844 1
6.245292 4.146565 1
6.110779 4.221756 1
6.244764 4.271516 1
8.103052 1.556893 1
8.175099 1.426256 1
8.266163 1.530432 1
7.171700 0.247466 1
7.302215 0.190436 1
7.275958 0.316941 1
7.809556 0.964260 1
7.810327 0.850372 1
9.884130 3.862222 1
7.107476 3.549114 2
8.014078 0.559529 1
5.546039 4.041147 1
5.645875 3.954549 1
5.657291 4.098102 1
5.915690 4.628152 1
7.310883 3.038144 1
7.393803 2.920684 1
7.442627 3.070481 1
7.204134 0.124253 1
5.889647 2.035367 1
9.587537 0.409535 1
8.750000 0.000000 0
10.000000 1.250000 0
5.458508 4.842330 2
5.566566 4.755843 1
9.902959 2.703294 1
9.655199 0.142591 1
9.735977 0.293416 1
8.865435 0.507339 1
9.008142 0.563142 1
8.853737 0.619008 1
3.989231 4.708849 2
8.104742 3.126991 1
9.803100 0.196901 1
5.677823 2.356534 1
3.894337 4.620393 2
4.011201 4.580757 1
8.838311 2.114829 1
9.788435 1.428417 1
7.660153 1.319150 1
6.584668 4.109902 1
8.018033 1.414853 1
8.393827 2.992672 1
8.366385 2.871074 1
5.014447 3.851910 1
5.157799 2.308057 1
4.991894 2.301419 2
5.106811 2.203736 2
7.209929 1.679876 1
7.221816 1.512943 1
7.110541 1.619870 1
5.430822 2.384359 1
9.089385 0.963276 1
7.638889 0.000000 0
7.777778 0.000000 0
7.724136 0.155138 1
4.905974 2.997900 1
7.670127 1.770020 1
7.569445 0.094249 1
7.518536 2.990162 1
9.595148 3.911410 1
5.929688 2.502023 1
5.965956 2.652368 1
5.839457 2.581542 1
9.805383 0.494141 1
9.708761 0.426389 1
9.861273 0.354120 1
5.382433 3.262294 1
5.349648 3.407403 1
5.069596 2.414073 1
8.138584 2.715771 1
8.073783 2.616538 1
9.661263 2.881736 1
6.033929 2.753751 1
6.050534 2.866902 1
5.894266 2.803605 1
6.422426 1.621216 1
6.284449 1.579454 1
6.390977 1.521575 1
9.587098 0.955972 1
6.676661 1.313509 1
6.777507 1.361396 1
4.097756 4.656532 1
8.469637 0.651486 1
5.944719 2.927681 1
6.350657 3.114302 1
6.621573 3.804765 1
6.669802 3.646270 1
5.404654 3.643694 1
6.012587 0.979377 1
5.989002 1.095738 1
5.884440 1.047806 1
6.331472 1.699374 1
8.516606 0.998214 1
8.661506 1.034647 1
8.562360 1.096392 1
8.581209 0.914497 1
5.899824 0.937686 1
7.949980 0.968231 1
9.697988 2.218618 1
9.586776 2.199703 1
8.693430 1.612268 1
8.933568 0.705132 1
5.176482 3.200482 1
6.086993 0.833166 1
6.152033 0.968888 1
5.017903 4.996035 2
4.928779 4.868985 1
10.000000 2.083333 0
10.000000 2.222222 0
9.869110 2.155257 1
5.846208 1.398244 1
5.911312 1.262849 1
5.969497 1.377423 1
9.700066 0.677595 1
9.550171 0.644156 1
9.701771 0.555341 1
9.589083 0.519273 1
9.538357 2.507281 1
8.576491 2.513322 1
8.642417 2.630529 1
8.584172 1.311510 1
4.980274 3.545190 1
4.992145 3.435794 1
8.248993 0.587877 1
8.138595 0.527782 1
6.437969 2.501460 1
9.795480 2.705582 1
9.691846 2.643283 1
5.938301 3.649847 1
6.056940 3.532387 1
5.894660 3.516148 1
5.076163 3.588451 1
5.056581 2.785297 1
5.135196 2.938230 1
4.979111 2.910539 1
6.580320 1.413871 1
9.298770 1.322060 1
8.168266 0.324664 1
8.117494 1.321646 1
9.896333 4.076138 1
6.560232 3.675211 1
9.731742 3.404548 1
9.595600 3.461062 1
9.617782 3.328546 1
9.484823 3.377062 1
4.667202 3.462225 1
4.769167 3.354741 1
4.384297 4.111179 1
4.321894 4.212945 1
4.274329 4.054249 2
8.206525 0.729662 1
8.809734 0.800232 1
8.646532 0.810924 1
8.365952 2.673563 1
6.296707 3.204232 1
6.185885 3.204252 1
6.239849 3.085736 1
7.846552 0.756488 1
5.244003 3.003819 1
8.334949 3.194570 1
4.208792 4.172944 2
6.666667 0.000000 0
8.962798 2.763805 1
7.850990 1.168013 1
7.044038 0.280671 1
5.387218 3.530872 1
9.596484 3.754119 1
5.162831 5.003466 1
4.970611 2.699820 1
4.802077 2.705404 2
4.884775 2.618406 2
4.896239 2.810410 1
9.544909 3.601026 1
9.696916 3.536094 1
8.994673 1.019990 1
7.052512 3.196591 1
8.215405 1.627476 1
6.727134 2.194557 1
6.807657 2.096110 1
7.336075 1.231452 1
7.169745 1.239987 1
7.261079 1.146039 1
5.791094 1.253505 1
7.457663 0.674062 1
6.623591 1.689522 1
7.707490 2.529548 1
4.616161 4.974397 2
5.491504 3.133132 1
5.603273 3.042680 1
5.642973 3.185237 1
6.551127 3.130996 1
6.429959 3.207061 1
8.126678 2.518943 1
7.462380 1.464749 1
7.388029 1.351707 1
7.538618 1.349015 1
7.462672 1.262592 1
9.128722 1.940146 1
7.068888 2.818274 1
9.774709 2.930579 1
9.830764 3.057855 1
9.671414 3.023718 1
7.983636 2.709339 1
9.290168 1.126688 1
8.034971 2.803290 1
9.905188 2.023133 1
9.662862 0.349809 1
6.759270 1.021705 1
6.719118 1.165979 1
6.623026 1.060949 1
9.755339 1.802902 1
8.182172 0.226299 1
9.370563 3.484943 1
7.102610 1.031868 1
5.639409 1.351996 2
5.700864 1.196129 2
5.751071 1.354306 1
8.040907 2.404523 1
9.002016 1.284990 1
8.919353 1.130524 1
9.642103 3.181105 1
9.752715 3.139652 1
9.735064 3.290539 1
5.853254 2.683828 1
7.856003 1.453294 1
9.659159 3.651117 1
6.800164 1.985727 1
5.253133 3.592055 1
5.149763 3.675928 1
8.547351 2.765906 1
8.666471 2.749717 1
4.840199 3.236122 1
6.840518 4.024195 2
6.822093 3.892826 1
6.958953 3.898711 2
6.021003 1.303025 1
9.518946 2.138441 1
9.867215 3.358270 1
6.669121 0.801367 1
6.635121 0.669872 1
9.135469 0.213983 1
5.521235 3.272081 1
9.338692 2.983404 1
5.489552 4.544328 1
5.448073 4.418504 1
7.372607 1.087612 1
7.897685 1.866148 1
8.990734 1.636586 1
9.061483 1.732573 1
7.065910 1.528489 1
7.413507 2.305499 1
7.563960 2.329350 1
7.501750 2.447927 1
8.190020 2.426300 1
8.122610 2.331050 1
7.025963 1.672231 1
6.600846 2.932975 1
9.252267 3.424379 1
8.124784 1.717798 1
7.239058 1.351035 1
7.179577 3.233610 1
4.946111 4.241687 1
10.000000 0.555556 0
10.000000 0.694444 0
9.846493 0.624231 1
9.305555 0.000000 0
9.444445 0.000000 0
9.376101 0.152226 1
8.071854 0.420917 1
8.515110 2.065522 1
8.402747 2.097991 1
4.228453 5.249140 2
4.102524 5.218718 3
4.223283 5.113678 1
4.090350 5.075854 2
6.783769 0.483042 1
6.804168 0.361318 1
6.848816 2.968618 1
6.763456 3.051121 1
6.708418 2.887866 1
6.403944 4.719996 2
6.012780 4.101611 1
8.499480 2.649626 1
7.126564 2.429618 1
5.809717 3.636134 1
9.587584 4.065104 1
9.630780 4.212965 2
9.477521 4.131865 2
7.994965 1.638687 1
6.220135 3.313431 1
5.754136 3.997911 1
5.877999 4.044163 1
6.969264 3.105634 1
6.111645 3.123548 1
8.486609 3.217386 1
8.413008 3.308919 1
9.451973 1.710454 1
7.330201 3.277953 2
6.332080 3.337939 1
5.924449 1.697210 1
8.167719 0.849068 1
10.000000 3.333333 0
8.578949 3.131859 1
8.421050 3.111072 1
6.317006 1.807146 1
7.965651 1.536039 1
8.375373 0.580966 1
8.335576 1.998213 1
7.015406 2.209645 1
9.770711 0.759233 1
6.553434 3.253668 1
6.498818 1.877933 1
5.544936 3.387389 1
5.672415 3.443717 1
5.817223 2.939673 1
6.404159 1.871603 1
4.531424 4.616923 1
4.485788 4.489397 1
4.613379 4.491912 1
8.750494 1.494737 1
8.623773 1.464182 1
9.019844 1.846440 1
6.919560 2.163072 1
6.833597 2.217250 1
6.324122 0.610765 2
6.232086 0.489105 2
6.351065 0.492053 1
9.308034 2.864636 1
4.293717 4.469721 1
4.224833 4.577634 1
4.176639 4.432660 1
5.964937 0.861226 1
5.967681 0.740476 2
7.823123 2.586313 1
5.254696 3.469616 1
5.356595 3.148484 1
5.688493 2.933833 1
9.719865 1.341398 1
9.386144 1.831876 1
9.426682 1.973511 1
9.272293 1.925536 1
9.312862 2.071491 1
6.319388 0.847432 1
6.209965 0.725599 2
6.376384 0.726212 1
7.893880 1.056013 1
8.295401 1.002043 1
4.009738 4.968693 2
8.044533 2.262336 1
7.258426 1.044417 1
7.190665 0.931192 1
6.351488 2.797552 1
5.559829 2.921219 1
5.639620 2.821225 1
6.485501 4.018254 1
6.366496 4.075804 1
8.576487 1.580054 1
9.529906 1.061277 1
9.431851 0.943857 1
9.414834 1.117136 1
6.069672 0.717208 2
4.932013 4.647442 1
5.275603 3.211721 1
4.759320 3.939040 1
6.905020 0.667579 1
6.236480 4.716629 2
8.542651 3.328246 1
6.412480 2.222630 1
9.463327 2.712473 1
6.109220 1.114250 1
6.692377 3.259622 1
9.284926 1.728074 1
7.000378 1.790072 1
7.106781 1.745396 1
7.104016 1.896052 1
6.017458 1.194945 1
8.558815 0.590910 1
7.361111 0.000000 0
7.430360 0.115371 1
7.298603 0.081500 1
7.001577 1.985255 1
6.904934 2.032708 1
4.892799 3.621217 1
4.877970 3.460608 1
4.805853 3.550478 1
6.177104 2.218388 1
8.866799 1.345885 1
8.773729 0.568243 1
9.059108 1.544757 1
9.100688 1.645534 1
8.512167 1.507207 1
6.815573 3.308843 1
9.285225 0.878031 1
9.180266 0.778876 1
9.297025 0.717826 1
7.259796 3.145880 1
7.574777 0.208464 1
7.413603 0.246067 1
9.756651 1.691617 1
4.113810 4.543948 1
7.391330 2.057900 1
7.288234 2.111815 1
7.314125 1.977033 1
7.206226 2.005661 1
6.259442 2.007288 1
8.450005 2.413283 1
7.517454 0.318836 1
8.347806 0.472575 1
9.007729 3.134118 1
9.909224 0.487143 1
9.513889 0.086995 1
9.681722 4.117604 1
5.898433 2.361704 1
5.982413 1.512895 1
5.834264 1.546674 1
5.553351 2.008258 1
5.591503 2.147502 1
5.479326 2.095993 1
6.949171 2.859374 1
6.831521 2.857825 1
6.882554 2.715508 1
5.535244 3.911534 1
5.986840 4.235795 1
6.474845 0.818576 1
6.385768 0.954320 1
6.515819 0.965129 1
6.025159 1.666218 1
6.119349 1.567009 1
6.462369 1.397370 1
6.324215 1.436751 1
9.726391 3.722780 1
7.167843 0.736264 1
7.038102 0.646844 1
6.846932 1.120401 1
6.207385 3.602029 1
7.376606 0.756333 1
7.500000 0.000000 0
7.554602 1.571620 1
5.654665 4.222553 1
5.793844 4.270030 1
9.169523 0.630066 1
9.150927 0.492288 1
9.290156 0.592840 1
9.470921 0.786546 1
4.314122 4.746890 1
9.167747 1.818970 1
5.674036 2.063046 1
8.897501 1.244893 1
10.000000 0.277778 0
10.000000 0.416667 0
9.583333 0.000000 0
9.722222 0.000000 0
4.349597 5.130523 2
6.814268 1.252717 1
6.944895 1.193835 1
6.571663 1.316208 1
6.483446 1.273219 1
9.567870 1.672118 1
6.883154 0.113225 1
6.748885 3.832602 1
10.000000 3.055556 0
9.896259 2.958136 1
8.758950 1.115047 1
4.835374 3.996528 1
7.475721 1.154086 1
9.024781 2.865752 1
8.925119 2.901931 1
8.856956 2.819974 1
7.653986 2.107674 1
7.083333 0.000000 0
7.079720 0.141202 1
6.644121 4.409723 1
6.066569 3.266784 1
8.592486 0.390641 1
8.721608 0.441784 1
8.581511 0.496440 1
6.648148 3.030420 1
5.611839 4.572730 1
6.659159 2.606412 1
7.168542 1.126727 1
7.657166 0.302552 1
7.781382 0.302012 1
4.385042 4.553868 1
5.330670 3.718760 1
5.229077 3.752170 1
5.748894 3.857811 1
8.860346 1.458757 1
6.460124 3.478721 1
7.222222 0.000000 0
7.067441 0.778951 1
6.840494 2.576562 1
6.760593 2.649564 1
6.707620 2.517997 1
7.735209 2.199541 1
7.859236 2.189422 1
7.920929 2.087509 1
7.879289 3.139514 1
7.888206 3.296390 2
7.778308 3.199289 2
5.000618 3.700143 1
5.123907 3.795362 1
7.632497 1.874329 1
10.000000 1.944444 0
8.055555 0.000000 0
9.097796 2.162515 1
4.555039 3.463412 1
7.421768 2.171318 1
4.514215 4.754536 1
8.605382 1.994545 1
9.791840 2.029161 1
6.740088 4.479023 2
9.267573 3.080878 1
9.146122 3.040666 1
9.486578 3.959123 1
5.932649 1.802741 1
4.931655 3.792191 1
5.252491 3.116881 1
5.789452 2.447912 1
5.654687 2.474114 1
8.227109 1.928613 1
7.651947 2.850164 1
7.775370 2.930329 1
7.640660 2.984742 1
6.015033 4.338188 1
6.133647 4.350860 1
6.042073 4.442723 1
7.178379 2.105992 1
7.510874 2.241171 1
5.126162 5.097726 2
6.553916 3.018667 1
4.504116 4.885536 1
7.874085 0.115023 1
9.440208 1.223186 1
8.860596 2.725816 1
8.754113 2.811574 1
5.553119 2.562042 1
5.494925 2.694721 1
5.621850 2.687035 1
5.708072 1.483647 1
8.913311 3.256656 1
9.179708 0.910307 1
5.457215 1.809657 1
5.567788 1.866657 1
5.416706 1.952760 1
5.353764 4.366374 1
5.331782 4.453492 1
5.237947 4.414595 1
6.103865 3.968939 1
5.776108 0.965661 2
5.857598 0.815424 2
6.502028 0.681337 1
6.455020 3.605576 1
10.000000 0.972222 0
9.027778 0.000000 0
4.186042 5.012258 1
5.930738 4.904496 2
7.265856 0.824856 1
6.866995 1.028238 1
9.347087 1.226026 1
5.769532 3.529817 1
8.340025 2.314593 1
7.941402 2.601359 1
8.011380 2.521679 1
7.083027 3.295975 1
6.177589 3.490413 1
6.991859 2.737978 1
7.108499 2.672402 1
9.296770 1.003319 1
7.971704 3.223093 1
8.770854 3.259098 1
8.721547 2.928189 1
7.617286 0.798666 1
7.759981 2.779103 1
7.896862 2.826248 1
5.358227 2.687617 1
8.992749 2.420148 1
5.292158 4.288077 1
5.303451 2.895233 1
5.403417 2.797689 1
5.429600 2.915470 1
5.770917 4.139910 1
8.644530 3.228079 1
5.721786 4.621486 1
5.838165 4.542286 1
7.490658 2.861258 1
7.440787 2.773346 1
6.144776 3.030098 1
6.248830 4.009155 1
9.851737 3.745319 1
8.773985 2.662411 1
4.982566 4.748600 1
6.330319 3.680072 1
10.000000 2.777778 0
10.000000 2.916667 0
9.875825 2.830022 1
9.894982 3.155647 1
8.996217 1.414830 1
6.321735 2.117894 1
8.264857 2.953717 1
6.346057 3.572299 1
6.348061 3.445958 1
4.449084 4.999966 2
9.045720 0.407763 1
9.037647 0.280749 1
8.995839 0.799050 1
9.214856 2.026828 1
9.644619 2.075948 1
9.705174 1.928411 1
9.574646 1.942917 1
7.925094 0.350582 1
8.070436 0.288870 1
7.973966 0.206973 1
6.574481 1.762843 1
6.460699 1.758031 1
5.300817 2.774872 1
4.910671 4.378747 1
6.992469 1.889416 1
7.486845 3.218712 2
7.363416 3.152739 1
5.353297 4.189147 1
5.444251 4.126675 1
5.430542 4.274333 1
5.549659 4.177384 1
4.518124 4.381610 1
7.855732 0.225946 1
10.000000 3.750000 0
6.799769 2.448540 1
9.397194 4.033442 2
8.660844 0.299258 1
8.787876 0.304244 1
5.372931 2.074364 1
5.278401 2.024982 1
9.364137 0.804001 1
7.311299 1.434176 1
7.355800 1.524904 1
9.815688 1.058497 1
8.941504 0.184312 1
5.148560 2.706254 1
4.426431 4.309072 1
4.467340 4.192899 1
4.499074 3.366894 1
8.927892 3.522048 2
8.972569 3.394670 1
5.566142 1.451249 2
8.846900 3.345389 1
7.542164 1.765435 1
9.063309 0.711231 1
8.942284 0.437769 1
5.198067 2.804463 1
4.328856 4.652014 1
4.216404 4.703088 1
5.373013 3.032829 1
7.730455 3.088658 1
7.657597 3.226219 2
7.582279 3.102443 1
8.434777 2.774361 1
9.491364 3.504400 1
8.931909 2.507634 1
7.753076 0.535534 1
9.526664 3.231197 1
9.411857 0.588144 1
9.490500 0.513241 1
9.548377 3.097301 1
6.433274 0.580817 1
5.174839 2.619743 1
5.729296 3.741757 1
7.237609 2.614172 1
7.153166 2.542537 1
5.461146 4.733736 1
4.421032 4.682944 1
6.784701 3.180450 1
6.655578 3.156748 1
4.836103 4.272596 1
5.279668 1.913752 1
6.743394 0.907869 1
6.897636 3.204002 1
6.787325 2.759643 1
6.678010 2.730290 1
8.288482 1.412666 1
10.000000 4.305555 0
9.843989 4.287328 2
9.896297 4.188107 1
6.035318 3.017223 1
6.604926 0.235275 1
6.723753 0.280204 1
5.921306 1.142314 1
9.517835 2.037037 1
6.006395 1.997754 1
6.441395 4.412462 1
6.899308 0.555920 1
6.767800 0.593947 1
4.767579 2.825063 2
10.000000 3.888889 0
9.328944 3.606921 1
7.195971 1.807906 1
6.590637 1.189853 1
6.122160 4.639272 1
9.785014 3.612837 1
8.258897 2.715691 1
8.395570 0.967330 1
7.977349 2.168581 1
5.843804 3.761670 1
8.391410 1.494926 1
8.528203 1.201904 1
7.559259 0.720355 1
6.424726 2.335515 1
6.958165 2.625986 1
9.209607 2.173393 1
5.736414 2.540970 1
7.646367 0.999774 1
4.522327 3.976162 1
4.433736 3.897782 1
4.591756 3.867225 1
6.209862 1.066738 1
7.916667 0.000000 0
7.422709 2.508872 1
7.377967 2.654471 1
10.000000 0.000000 0
10.000000 0.138889 0
9.885746 0.114254 1
9.861111 0.000000 0
9.523350 0.877952 1
8.452407 1.297043 1
9.894957 1.152123 1
8.848654 0.104976 1
4.867213 4.558381 1
7.322326 2.547752 1
8.843869 1.998749 1
10.000000 2.361111 0
9.892401 2.436659 1
9.895423 2.288904 1
5.525003 2.804276 1
5.843597 1.911012 1
5.949358 1.913687 1
9.030814 2.984897 1
6.626881 2.198417 1
5.449541 3.355074 1
6.125888 3.393376 1
9.407244 3.254211 1
7.063766 1.154066 1
8.228585 2.822122 1
4.314944 5.007007 1
5.373848 4.542871 1
9.171988 1.708324 1
6.557072 4.237191 1
6.475811 4.160089 1
6.201790 0.855314 1
8.224897 2.317063 1
9.407576 0.694410 1
4.818504 4.870011 1
5.740881 3.308495 1
5.795193 3.431835 1
5.922396 1.609534 1
4.620383 4.846562 1
10.000000 4.166667 0
7.857933 2.691714 1
6.317778 1.914775 1
9.498965 1.854079 1
9.623045 1.834179 1
6.104757 2.647847 1
6.498920 0.145414 2
5.889726 4.184255 1
6.955204 0.201777 1
6.845220 0.241074 1
6.013796 3.411810 1
9.248697 0.227374 1
4.633486 4.354214 1
5.718493 1.931503 1
7.595392 1.680493 1
9.230813 2.937374 1
8.842537 2.537799 1
9.832903 3.240989 1
6.999979 3.608918 2
4.928566 2.422585 2
5.491444 3.009066 1
8.493809 1.396836 1
6.569833 0.765405 1
4.042265 4.458383 1
3.921630 4.489553 1
3.952791 4.375410 2
7.040461 2.535963 1
8.733887 2.060268 1
8.621247 2.130070 1
4.491944 4.086090 1
4.394097 4.005012 1
8.052592 0.914370 1
7.845520 3.024067 1
5.781999 2.106490 1
9.758629 2.819886 1
8.303676 3.298969 2
4.508618 3.793003 1
5.449452 3.446203 1
9.216706 2.307020 1
5.904289 4.310095 1
9.786070 1.153550 1
8.846450 0.213930 1
5.348793 1.834921 2
5.418162 1.689044 2
6.886305 2.395355 1
6.789903 2.320815 1
6.932283 2.288611 1
9.811171 2.366446 1
5.627527 3.318141 1
9.910024 0.216388 1
9.780123 0.091278 1
9.091424 0.829501 1
7.891593 2.942861 1
9.001876 2.310028 1
6.511671 1.081840 1
4.292946 3.352727 2
4.326914 3.215930 2
4.396381 3.339750 1
8.817172 2.915550 1
6.575046 0.857318 1
9.363633 3.128230 1
8.387638 1.378407 1
7.238861 1.890927 1
7.288260 1.771016 1
6.417073 1.053950 1
5.175752 4.646007 1
5.755952 2.834142 1
7.889970 1.982472 1
9.019978 2.214086 1
9.202797 3.783251 2
5.560513 4.315344 1
6.322611 2.328206 1
6.273861 2.219225 1
7.146887 0.834979 1
6.962265 2.992604 1
6.872154 3.083266 1
7.549607 2.157194 1
9.113731 2.401212 1
9.752971 2.126009 1
7.281088 0.725714 1
9.111723 2.262382 1
5.627614 4.668246 1
4.844534 4.120267 1
9.555644 1.759653 1
4.067450 4.328677 2
6.998342 2.405602 1
4.746282 4.023415 1
4.615785 4.052131 1
4.648560 3.952608 1
6.542387 4.470530 2
8.920775 0.319502 1
8.888889 0.000000 0
10.000000 1.111111 0
4.770158 3.460246 1
4.695701 4.120321 1
6.578643 0.084081 1
7.569988 2.907280 1
5.845794 3.290335 1
5.897887 3.398452 1
4.444899 3.150003 2
6.119900 2.949749 1
10.000000 4.027778 0
4.751874 4.209885 1
7.995681 2.910770 1
9.328279 2.460347 1
9.111744 1.268035 1
9.457596 3.154818 1
5.544065 2.402545 1
8.941441 1.532904 1
4.310056 3.929770 2
7.740407 0.769692 1
7.662305 0.690173 1
7.794248 0.634852 1
3.808077 4.401528 2
6.645611 0.936113 1
4.296638 4.351752 1
8.120616 2.909976 1
9.312048 2.352547 1
9.651586 1.719057 1
5.298054 4.647369 1
6.675809 2.285191 1
10.000000 3.194444 0
4.189581 4.291617 2
6.152049 2.750640 1
6.176887 2.866034 1
5.509090 2.200744 1
6.251194 2.425773 1
5.169352 1.977927 2
5.213384 1.838588 2
8.232973 2.033170 1
4.747875 4.543130 1
5.359335 4.752727 1
9.120214 2.902128 1
4.359907 3.812293 2
4.439803 3.695257 2
5.261233 5.065129 2
5.372214 4.965160 2
5.231665 3.874136 1
5.332923 3.944551 1
7.702896 0.885367 1
9.734552 4.243294 2
8.467130 0.526815 1
5.120804 3.930712 1
6.354817 4.210866 1
6.080802 4.545942 1
6.451737 3.351694 1
7.954675 0.465097 1
6.075419 4.729247 2
7.677302 2.321094 1
5.440802 3.996083 1
5.425378 3.879509 1
9.229127 2.416507 1
5.329196 3.825469 1
5.781554 2.009484 1
7.830323 0.394099 1
4.838349 4.462823 1
5.633647 3.820791 1
5.519513 3.798273 1
7.622062 2.226642 1
5.626534 1.947606 1
5.584702 2.271896 1
8.844203 0.402869 1
6.944445 0.000000 0
3.818960 4.513000 3
7.944530 3.022892 1
8.004569 3.123369 1
5.665025 1.848221 1
8.473415 0.416624 1
6.918958 2.495602 1
9.280375 1.826902 1
8.086451 2.148384 1
7.999796 2.044643 1
5.242271 2.693950 1
8.195121 2.129306 1
5.662192 2.588951 1
8.059409 3.021968 1
7.849445 0.496616 1
7.904535 0.585217 1
6.453289 4.285913 1
6.987447 0.093535 1
6.268794 3.508210 1
4.555874 4.268365 1
8.130690 2.812789 1
5.263251 4.540002 1
9.791131 2.269420 1
6.263386 0.959293 1
4.723359 4.428094 1
8.075289 3.231018 2
5.467221 2.294885 1
9.435319 3.593017 1
4.396034 4.419438 1
7.100437 2.043079 1
8.380368 2.200007 1
4.810153 4.375240 1
8.330919 2.771362 1
6.210627 2.120456 1
6.527778 0.000000 0
9.086759 1.357789 1
6.257380 2.762722 1
6.287323 2.882153 1
8.158250 2.233232 1
7.983811 0.092829 1
6.901521 0.436730 1
8.260521 2.217895 1
5.410939 2.180963 1
8.856175 3.448032 2
5.962838 4.537652 1
6.240714 3.415223 1
5.306698 2.150501 1
6.345994 4.337882 1
7.622042 2.442154 1
5.746908 1.073127 2
5.825987 1.162622 1
5.419442 3.758591 1
9.919020 3.256537 1
4.629376 3.767317 1
9.918360 1.047968 1
8.952032 0.081641 1
5.950565 3.323470 1
6.011571 4.641583 1
8.019016 3.320478 2
4.562174 3.680274 1
7.557285 0.622383 1
9.926762 3.958333 1
5.195613 2.110418 2
6.924089 0.321164 1
4.655750 4.229373 1
4.732930 4.312341 1
4.589895 4.154187 1
8.995237 0.904912 1
9.389493 3.941152 2
7.549659 2.792630 1
5.927338 4.431966 1
6.546760 4.352573 1
8.298698 2.112085 1
5.792207 2.744799 1
4.608068 3.572247 1
4.670556 3.665241 1
6.634635 4.507141 2
5.744256 2.653518 1
6.372652 2.421640 1
8.348223 3.406164 2
6.207363 2.318223 1
5.713305 2.748901 1
5.413896 4.651574 1
7.013205 2.100784 1
4.779534 3.649229 1
5.527368 4.655096 1
4.710295 3.562259 1
6.221040 2.971697 1
 0 1 2
 3 1 0
 4 5 6
 7 4 6
 8 9 10
 11 12 13
 14 15 16
 17 9 8
 15 18 16
 19 11 13
 20 21 22
 23 24 25
 21 26 22
 27 28 29
 30 31 32
 33 34 35
 36 37 38
 39 40 41
 42 43 44
 45 46 47
 48 49 50
 51 52 53
 54 55 56
 57 58 59
 60 3 0
 61 62 63
 64 56 55
 65 66 16
 67 68 69
 70 69 68
 71 72 73
 74 75 76
 33 77 34
 25 24 78
 79 80 81
 82 83 84
 85 86 87
 84 83 88
 89 90 91
 92 93 94
 9 95 96
 97 46 45
 98 99 100
 101 102 103
 104 105 106
 89 107 90
 108 109 110
 111 112 113
 114 115 116
 117 110 109
 118 119 120
 36 38 121
 122 123 124
 125 126 127
 128 129 130
 131 130 129
 132 22 133
 118 134 119
 135 136 137
 127 126 138
 103 102 139
 140 141 142
 51 53 143
 57 144 58
 145 146 147
 17 95 9
 133 22 26
 148 29 28
 149 150 151
 136 152 137
 153 98 100
 154 155 141
 156 65 16
 157 158 159
 160 159 158
 161 162 163
 30 32 164
 165 162 161
 166 73 72
 167 123 122
 168 169 170
 171 172 173
 174 111 113
 175 176 177
 60 141 3
 178 179 180
 181 180 179
 182 175 177
 183 48 50
 184 185 186
 187 188 189
 190 191 192
 193 194 195
 184 196 185
 149 197 150
 198 199 200
 74 76 201
 202 201 76
 203 204 205
 206 207 122
 208 209 210
 211 210 209
 212 213 22
 214 189 188
 215 216 217
 218 219 220
 221 222 69
 223 224 225
 226 43 42
 227 228 229
 230 231 232
 233 232 231
 234 235 236
 237 238 194
 239 240 241
 242 243 23
 244 245 246
 60 198 200
 247 248 249
 69 222 250
 251 252 253
 254 255 256
 257 256 255
 258 259 260
 261 262 263
 264 265 266
 267 261 263
 268 43 226
 269 257 270
 271 22 213
 160 213 159
 212 159 213
 272 273 274
 118 275 276
 277 276 275
 165 278 162
 279 280 281
 282 283 284
 140 285 286
 287 286 285
 288 289 290
 291 292 46
 293 294 295
 296 295 294
 297 298 299
 300 301 302
 150 302 301
 92 94 303
 304 303 94
 13 305 306
 307 308 309
 310 311 312
 313 314 315
 316 317 318
 319 320 321
 311 297 299
 104 322 105
 114 323 324
 305 2 306
 325 326 327
 310 297 311
 328 262 45
 249 248 329
 330 331 332
 251 333 252
 334 335 336
 270 257 337
 338 339 340
 341 342 343
 344 94 345
 331 346 332
 347 348 349
 350 349 348
 351 352 353
 354 355 356
 357 174 113
 358 359 360
 193 195 361
 362 124 123
 128 363 364
 365 366 367
 39 368 40
 74 369 370
 74 370 75
 371 372 373
 357 374 174
 157 159 375
 376 377 173
 378 196 379
 242 380 243
 381 382 383
 333 384 385
 386 387 388
 389 388 387
 191 390 192
 391 373 372
 78 24 77
 392 327 393
 394 395 396
 397 398 399
 400 401 402
 403 404 405
 406 407 408
 313 173 377
 409 410 411
 412 411 410
 401 413 402
 414 415 416
 417 83 82
 295 379 196
 418 23 243
 419 420 248
 247 419 248
 421 422 423
 88 83 235
 424 425 426
 427 428 429
 430 431 359
 347 6 432
 433 416 415
 225 224 434
 435 381 383
 436 343 342
 289 437 290
 140 142 285
 39 41 438
 427 439 428
 183 31 440
 74 441 369
 208 210 151
 442 385 384
 211 443 210
 444 445 446
 447 448 449
 450 451 452
 453 452 451
 115 454 116
 455 456 82
 457 458 459
 251 253 460
 397 461 398
 378 379 40
 237 194 462
 463 464 465
 466 467 468
 469 468 467
 470 471 472
 473 474 475
 429 476 477
 71 478 72
 239 479 240
 296 240 479
 427 480 439
 481 482 483
 167 122 207
 344 408 407
 457 459 484
 485 486 487
 473 488 474
 182 62 175
 489 175 62
 333 385 490
 279 491 280
 492 282 284
 335 493 494
 155 3 141
 212 22 132
 422 495 423
 496 497 385
 271 20 22
 498 499 500
 235 83 236
 244 501 245
 502 260 259
 503 497 496
 61 63 504
 505 506 501
 507 356 355
 508 170 302
 509 404 403
 510 426 425
 45 262 97
 470 511 471
 330 512 331
 513 331 512
 514 269 416
 515 516 517
 263 518 519
 520 519 518
 193 521 194
 87 86 522
 300 302 170
 523 524 525
 413 355 354
 33 526 77
 148 28 527
 523 525 528
 529 487 486
 94 93 345
 71 73 530
 531 532 533
 233 34 77
 534 535 536
 242 537 538
 272 274 539
 536 535 497
 540 541 340
 114 542 115
 543 544 545
 546 547 548
 549 205 204
 550 551 200
 552 501 506
 104 553 353
 554 545 544
 131 129 555
 368 556 557
 108 558 109
 149 366 197
 559 560 561
 562 547 546
 563 564 565
 566 564 563
 567 559 561
 568 476 429
 569 31 570
 212 571 159
 572 500 499
 242 23 573
 574 575 559
 576 396 577
 578 579 580
 581 582 583
 584 585 586
 587 586 585
 30 588 31
 251 384 333
 270 416 269
 589 400 590
 591 229 228
 592 593 380
 594 439 595
 347 596 6
 597 598 423
 30 423 598
 67 599 600
 601 600 599
 592 380 602
 444 147 146
 603 604 605
 78 605 604
 606 550 200
 569 32 31
 607 149 210
 589 401 400
 314 608 315
 444 146 445
 511 609 471
 166 72 610
 557 556 611
 612 613 614
 615 614 613
 140 154 141
 616 232 617
 233 617 232
 210 149 151
 618 619 620
 594 621 439
 352 622 623
 624 340 339
 625 626 627
 427 429 628
 604 629 25
 258 630 259
 418 24 23
 619 631 620
 304 94 475
 632 264 266
 455 82 633
 634 449 448
 327 326 393
 406 635 407
 636 109 558
 386 637 530
 576 17 638
 19 13 306
 639 640 641
 642 640 639
 643 613 644
 645 522 86
 463 465 255
 156 646 65
 470 472 647
 515 361 195
 611 556 290
 36 532 531
 648 306 649
 650 651 652
 128 130 363
 653 582 581
 92 654 93
 60 0 655
 268 226 656
 394 657 395
 658 659 660
 420 660 659
 129 661 662
 33 642 605
 663 340 541
 334 336 458
 664 665 666
 667 666 665
 307 668 308
 412 410 656
 66 669 16
 14 16 669
 296 379 295
 670 671 672
 397 623 622
 71 530 637
 541 540 673
 85 87 674
 673 540 675
 578 580 676
 677 490 385
 678 679 680
 681 217 216
 682 220 219
 615 683 374
 145 147 684
 129 662 555
 685 686 687
 409 688 410
 689 690 86
 691 692 693
 694 533 532
 148 405 29
 695 29 405
 397 399 564
 643 644 696
 78 77 526
 2 697 306
 380 698 602
 699 602 698
 700 590 701
 233 77 702
 703 704 705
 706 435 383
 376 281 280
 508 284 283
 707 50 49
 150 301 151
 135 137 708
 392 547 562
 709 710 446
 203 318 317
 711 321 320
 658 712 537
 713 116 454
 371 714 715
 376 173 281
 508 283 170
 716 53 52
 27 717 28
 572 622 352
 649 306 697
 157 718 719
 140 720 154
 721 722 723
 663 688 724
 725 724 688
 154 720 726
 128 364 727
 79 81 728
 174 728 81
 27 729 191
 730 651 650
 731 646 156
 732 465 464
 733 734 735
 736 737 738
 739 314 595
 594 595 314
 740 741 271
 742 743 744
 745 744 743
 168 170 283
 172 281 173
 706 583 582
 223 225 746
 747 746 225
 748 749 750
 310 312 751
 466 468 752
 753 590 700
 118 754 275
 601 599 755
 344 407 94
 756 757 758
 691 693 614
 169 217 170
 171 173 219
 27 29 759
 625 760 626
 761 222 762
 27 759 729
 763 65 646
 626 764 627
 765 766 630
 208 301 767
 18 486 16
 731 768 241
 625 769 760
 206 770 207
 771 105 201
 772 135 708
 330 773 774
 765 774 773
 392 775 327
 424 703 425
 323 598 324
 378 185 196
 695 776 29
 75 609 76
 594 777 106
 741 778 271
 277 275 779
 203 205 780
 781 662 661
 78 604 25
 13 12 782
 783 784 109
 420 785 248
 417 82 456
 485 156 16
 786 782 12
 787 788 789
 31 588 440
 790 571 791
 157 719 792
 793 794 649
 648 649 794
 515 195 539
 272 539 195
 795 796 797
 88 235 798
 799 800 801
 574 802 803
 572 352 500
 410 804 656
 242 805 380
 658 537 806
 420 807 785
 150 808 302
 809 810 811
 812 811 810
 695 405 404
 731 241 240
 448 404 99
 597 423 495
 576 95 17
 813 814 815
 795 815 814
 634 98 816
 476 816 98
 74 817 441
 634 448 99
 244 246 818
 409 819 688
 621 105 771
 106 105 621
 159 571 375
 233 231 34
 716 820 53
 821 53 820
 822 363 130
 823 824 807
 288 825 289
 826 289 825
 473 407 635
 571 827 791
 549 828 829
 830 829 828
 574 803 831
 653 687 686
 57 59 832
 242 833 537
 639 641 274
 273 639 274
 414 416 834
 347 349 596
 509 100 99
 444 446 835
 310 751 836
 358 837 359
 430 359 837
 19 4 838
 234 839 235
 350 121 349
 840 559 575
 183 50 31
 781 841 186
 208 842 209
 843 844 845
 706 846 435
 840 435 846
 353 553 847
 534 735 586
 584 586 735
 848 849 850
 851 852 1
 853 854 592
 855 854 853
 856 177 176
 227 857 228
 351 858 352
 211 209 859
 860 859 209
 212 132 827
 861 827 132
 293 295 862
 863 864 865
 731 866 768
 867 868 849
 300 170 869
 313 315 173
 800 870 801
 871 872 873
 874 873 872
 325 327 875
 118 120 754
 709 446 445
 89 91 876
 867 877 868
 313 878 314
 450 879 451
 733 735 880
 737 881 738
 447 76 609
 166 882 73
 288 290 556
 867 528 525
 63 62 883
 36 531 37
 884 885 581
 886 887 888
 889 890 891
 184 862 196
 481 892 482
 468 893 752
 813 894 895
 896 895 894
 392 897 898
 178 899 900
 71 637 901
 902 903 345
 678 904 679
 67 600 905
 906 93 654
 30 323 588
 234 588 323
 848 907 849
 730 519 286
 148 908 403
 79 728 683
 625 555 662
 307 158 792
 909 910 372
 911 912 913
 253 913 912
 366 828 367
 584 205 585
 914 585 205
 102 915 139
 916 811 668
 765 630 774
 291 527 28
 886 917 887
 689 918 690
 594 314 878
 919 920 536
 921 922 496
 840 179 435
 157 792 158
 742 744 923
 924 925 285
 926 899 927
 301 928 767
 178 180 927
 106 777 553
 41 40 379
 264 929 265
 39 930 368
 931 671 932
 227 933 690
 399 690 933
 270 934 416
 667 650 935
 716 935 650
 906 143 53
 589 876 91
 397 564 566
 31 50 570
 936 937 633
 938 633 937
 257 255 465
 823 807 659
 46 292 939
 352 623 353
 572 461 622
 515 539 516
 182 883 62
 565 564 229
 940 488 941
 64 55 942
 739 608 314
 329 764 943
 606 899 926
 944 945 946
 643 637 388
 386 388 637
 947 750 749
 371 948 714
 949 432 6
 950 652 651
 867 525 951
 952 951 525
 761 483 482
 787 953 788
 954 955 698
 761 956 222
 857 957 228
 957 790 228
 958 186 185
 940 959 488
 902 960 903
 961 962 963
 964 292 965
 966 965 292
 967 968 969
 514 970 971
 291 46 972
 1 852 697
 215 973 216
 974 218 220
 308 975 309
 435 179 381
 179 178 381
 117 109 784
 616 976 232
 871 977 872
 543 545 532
 178 927 899
 603 605 642
 787 165 978
 271 213 979
 160 979 213
 980 676 580
 981 942 55
 357 113 982
 983 982 113
 756 758 984
 392 562 775
 637 696 901
 508 302 808
 884 898 897
 985 207 770
 514 416 986
 987 25 629
 504 988 989
 201 105 817
 390 990 192
 991 992 993
 994 995 996
 874 872 997
 725 688 819
 721 998 722
 884 383 898
 576 638 999
 664 403 908
 287 285 925
 128 1000 129
 1001 139 978
 104 623 566
 351 946 945
 1001 103 139
 413 354 402
 664 666 403
 509 403 666
 524 1002 525
 149 1003 366
 1004 938 1005
 683 728 374
 237 1006 1007
 1008 1007 1006
 745 818 246
 1009 687 581
 104 106 553
 451 879 1010
 863 1011 864
 1012 1013 1014
 886 1014 1013
 1015 1016 1017
 70 1018 69
 221 69 1018
 884 581 583
 567 1019 1020
 721 723 119
 380 593 243
 1021 224 710
 223 710 224
 958 185 1022
 611 1022 185
 316 1023 317
 1024 319 321
 745 246 1025
 594 106 621
 457 1026 458
 821 1027 53
 906 53 1027
 145 1028 146
 85 1029 607
 771 428 621
 439 621 428
 601 755 1030
 89 876 1031
 338 876 339
 1032 410 1033
 178 900 381
 699 698 955
 208 151 301
 731 240 1034
 600 1035 905
 653 581 687
 85 607 443
 1036 1037 669
 390 191 729
 87 1011 1038
 863 1038 1011
 1039 968 967
 453 451 1040
 983 113 879
 112 1010 879
 787 278 165
 534 880 735
 442 738 881
 1041 332 346
 51 143 1042
 991 1043 992
 1044 992 1043
 985 897 393
 237 1045 238
 148 403 405
 1046 402 354
 184 186 841
 295 196 862
 1047 1015 1017
 102 246 245
 114 116 839
 235 839 116
 102 101 246
 695 448 511
 447 511 448
 1048 1049 1050
 1021 894 815
 909 1051 910
 765 1052 837
 459 1053 1054
 1055 486 1056
 1056 486 18
 1057 627 764
 97 972 46
 125 127 976
 625 662 769
 485 16 486
 474 850 849
 671 692 672
 70 289 1058
 447 449 76
 447 609 511
 670 932 671
 373 1054 1053
 142 200 551
 71 1059 478
 1060 1004 1005
 163 832 1061
 611 290 1022
 1062 1022 290
 954 698 558
 1063 1064 1065
 931 1066 671
 1036 889 891
 257 465 337
 689 1067 857
 397 622 461
 382 898 383
 1068 875 12
 338 1031 876
 513 512 1069
 958 1070 1071
 1001 657 1072
 958 1022 1070
 1073 1074 460
 711 460 1074
 14 669 1037
 572 1075 461
 811 1076 668
 699 971 970
 694 532 545
 980 1077 1078
 1079 1078 1077
 739 1080 1081
 1082 1081 1080
 1083 1084 198
 271 778 20
 1009 581 885
 1048 1085 1049
 529 486 1055
 626 943 764
 732 464 1086
 104 353 623
 843 845 1087
 67 69 250
 1088 768 1089
 1090 1091 1092
 392 898 547
 1062 68 905
 1091 1093 1092
 730 286 651
 60 200 141
 142 141 200
 788 1094 789
 952 525 1095
 1096 478 1059
 961 963 1097
 70 1058 1018
 30 164 423
 830 1038 829
 863 829 1038
 821 684 147
 163 1061 577
 1098 984 758
 376 280 1099
 1100 1099 280
 826 1058 289
 470 729 759
 1101 1102 1014
 184 841 862
 830 828 366
 985 393 326
 914 829 1103
 664 1104 665
 664 1105 1104
 1106 204 317
 1107 321 1074
 287 651 286
 843 1 155
 682 1081 220
 1082 220 1081
 980 1078 216
 681 216 1078
 273 1108 603
 1109 619 1110
 618 1110 619
 232 976 1111
 944 1099 945
 1112 1113 81
 639 273 603
 451 1010 1040
 1009 1114 685
 334 458 1026
 645 86 690
 1115 1040 1010
 97 262 1116
 911 1117 499
 572 499 1117
 498 1118 499
 589 590 753
 603 1119 604
 1048 604 1119
 1120 1121 800
 658 806 1122
 1123 1124 1125
 863 1103 829
 513 1126 331
 615 1127 683
 793 649 852
 7 6 596
 455 1128 456
 341 343 1129
 576 577 95
 911 499 912
 1073 912 499
 691 614 1130
 365 197 366
 1131 1132 585
 691 1130 1133
 1021 815 1134
 418 854 617
 682 315 608
 272 1135 273
 272 195 238
 194 238 195
 636 805 538
 117 755 1136
 1062 905 1070
 799 953 800
 1120 800 953
 1137 1138 120
 214 1134 797
 636 558 698
 1131 913 252
 253 252 913
 214 224 1134
 1120 915 1121
 863 865 1103
 1139 494 493
 787 1140 953
 466 1018 1058
 645 690 398
 1141 1142 749
 732 1086 1143
 57 464 144
 734 318 735
 736 738 320
 950 684 820
 821 820 684
 413 91 90
 911 865 864
 1144 1014 1102
 678 1145 146
 763 646 1146
 520 720 519
 1147 750 1148
 364 1148 750
 54 425 703
 796 189 797
 748 750 890
 75 370 1149
 1150 1151 1152
 329 248 1153
 424 704 703
 1154 266 1155
 265 1155 266
 14 1037 15
 1137 15 1037
 329 943 249
 921 496 881
 920 880 536
 453 332 452
 371 373 948
 1156 561 560
 1009 685 687
 810 1157 49
 489 1158 175
 325 175 1158
 311 1159 312
 1160 835 1161
 1101 1014 888
 3 155 1
 258 1069 512
 574 559 802
 574 831 814
 33 1162 642
 1096 1163 478
 79 683 1164
 1165 845 844
 1166 680 679
 163 162 832
 94 407 475
 310 836 297
 1167 297 836
 1168 137 152
 540 340 1169
 1170 441 817
 612 137 644
 1168 644 137
 624 339 753
 589 753 339
 606 200 199
 830 366 1003
 768 866 1089
 63 988 504
 409 965 1171
 1172 755 599
 603 642 639
 520 726 720
 861 132 1173
 1088 1125 1124
 1041 452 332
 399 398 690
 589 91 401
 268 1043 43
 756 984 530
 446 710 1161
 565 1174 441
 678 146 1028
 636 698 805
 203 317 204
 711 1074 321
 1175 1042 143
 4 1176 838
 911 913 865
 442 881 496
 534 536 880
 142 551 285
 263 519 1105
 466 752 1018
 221 1018 752
 1036 1177 1037
 809 842 767
 208 767 842
 409 1171 819
 994 468 995
 298 996 995
 296 294 240
 985 770 897
 433 986 416
 812 48 1178
 229 564 933
 214 434 224
 1179 989 988
 51 1180 52
 812 810 49
 1181 1182 1183
 410 688 1033
 1154 225 434
 840 575 1184
 369 441 1174
 524 1185 1002
 813 815 894
 1186 42 1187
 112 879 113
 476 568 816
 1188 1189 1190
 1188 1190 1191
 344 345 903
 251 738 384
 442 384 738
 33 605 526
 206 122 885
 1009 885 122
 886 888 1014
 1012 123 1013
 167 1013 123
 390 729 21
 26 21 729
 291 28 717
 790 375 571
 756 530 73
 914 1192 829
 584 780 205
 591 1193 1174
 307 792 668
 916 668 792
 492 284 1194
 491 1195 280
 843 1087 1
 57 832 1196
 514 986 970
 1137 120 1197
 150 197 808
 325 1158 326
 739 595 480
 439 480 595
 234 323 839
 643 696 637
 307 309 1198
 507 1198 309
 765 773 1052
 1199 1200 1201
 1049 1202 1050
 364 750 727
 489 1203 1204
 1032 804 410
 554 1153 248
 489 1204 1158
 527 972 1116
 307 1198 158
 983 879 1205
 104 566 322
 648 1206 306
 30 598 323
 463 255 1047
 1116 972 97
 537 712 1207
 1208 943 760
 626 760 943
 357 1209 374
 1123 993 992
 987 629 1122
 1048 1122 629
 338 340 724
 663 724 340
 1172 250 222
 470 776 511
 667 665 650
 730 650 665
 139 915 1140
 909 1093 483
 287 1210 651
 114 839 323
 513 1069 1211
 1212 1072 923
 67 250 599
 612 708 137
 714 1213 715
 413 401 91
 1166 927 180
 209 842 1214
 253 912 460
 1073 460 912
 510 1215 1216
 813 1217 814
 574 814 1217
 587 585 1132
 1100 945 1099
 1218 1031 338
 421 423 1200
 1001 1072 103
 160 158 1198
 1073 499 1118
 724 1218 338
 1131 585 1219
 701 590 1060
 400 1060 590
 202 76 449
 747 225 1155
 1154 1155 225
 470 647 729
 481 483 1093
 574 1217 575
 577 396 1220
 397 566 623
 117 1136 110
 391 372 910
 510 56 1215
 1221 1222 784
 884 897 1223
 519 720 286
 1001 978 1224
 1064 931 932
 1225 1150 1152
 268 1226 1043
 701 1060 1005
 12 875 1227
 549 829 1192
 392 393 897
 1079 1228 1229
 543 532 1230
 1154 188 1231
 187 1231 188
 1232 762 752
 795 1134 815
 1233 1234 929
 2 1 697
 601 1235 600
 924 550 679
 584 735 780
 251 1236 738
 1237 789 1094
 7 1176 4
 153 52 1180
 163 577 1220
 1123 969 1124
 1170 105 322
 924 904 925
 446 1161 835
 382 547 898
 1238 207 1203
 117 784 1030
 148 527 1239
 1147 891 890
 169 215 217
 218 171 219
 391 1054 373
 190 717 191
 27 191 717
 60 655 198
 1083 198 655
 713 982 1240
 983 1240 982
 525 1002 1095
 871 47 977
 455 1060 1241
 400 1241 1060
 1242 693 692
 1096 1059 152
 463 1047 1017
 41 1243 438
 823 1050 1202
 1244 539 274
 382 900 547
 548 547 900
 924 679 904
 658 1122 1245
 591 791 1246
 987 1122 806
 1021 1247 894
 174 81 111
 1248 1249 1250
 1251 1037 1177
 39 705 704
 507 355 1252
 1253 1252 355
 473 941 488
 87 1038 674
 1048 629 604
 860 719 718
 947 749 1142
 624 753 1126
 597 324 598
 291 972 527
 1048 1050 1122
 826 825 1216
 510 1216 825
 985 1203 207
 1181 1254 1255
 771 201 1256
 418 617 702
 233 702 617
 1123 992 1257
 61 1258 62
 1259 670 542
 324 1259 542
 221 752 762
 214 797 189
 70 437 289
 1260 630 766
 812 1178 1076
 389 1164 388
 1261 1183 1182
 783 109 1262
 579 1201 580
 1064 932 1065
 1263 1178 48
 373 1053 948
 254 1090 255
 884 1223 885
 1232 893 1264
 160 1252 979
 1253 979 1252
 474 868 475
 386 530 984
 1186 1187 1197
 293 1146 646
 165 1224 978
 1044 673 675
 365 1265 284
 1100 280 1266
 1012 1267 1268
 606 199 899
 548 899 199
 689 857 918
 227 918 857
 1269 1270 1271
 470 759 776
 444 903 960
 1272 1201 1200
 39 438 705
 783 1273 784
 1221 784 1273
 721 119 134
 919 536 1274
 503 1274 536
 503 496 1275
 922 1275 496
 1276 864 1011
 1044 1277 992
 1046 354 1278
 114 324 542
 1166 180 1279
 485 866 156
 734 316 318
 319 736 320
 1280 1281 1282
 450 452 1283
 896 894 1284
 713 454 1285
 75 1149 471
 1286 1149 370
 328 1287 1288
 591 1246 1193
 181 1289 180
 450 1283 937
 96 1290 9
 265 929 1234
 1291 807 824
 291 1292 292
 459 1054 484
 1293 309 975
 865 913 1219
 1131 1219 913
 730 1104 519
 731 156 866
 699 970 602
 592 602 970
 677 385 497
 202 1256 201
 389 1294 80
 790 957 375
 473 475 407
 1092 1295 715
 1270 794 1271
 1166 679 550
 304 475 868
 263 1105 267
 1232 1264 910
 713 1285 982
 1296 1297 838
 1068 838 1297
 589 339 876
 861 1246 791
 821 147 1298
 748 1299 1300
 1301 977 47
 786 775 1084
 562 1084 775
 991 43 1043
 1272 164 32
 417 456 1302
 1046 1302 456
 615 374 1209
 980 580 1303
 860 209 1214
 707 1157 1077
 136 1096 152
 906 1304 93
 615 613 1127
 1263 1305 1178
 851 1 1087
 1306 948 1053
 732 1143 1307
 552 245 501
 120 1138 754
 1016 715 1213
 1308 1229 1228
 1301 47 939
 46 939 47
 1253 740 979
 1248 1309 801
 1269 1271 1310
 275 1310 1271
 1062 290 437
 549 367 828
 554 544 1153
 1311 1312 1313
 949 963 962
 1314 312 1159
 1106 367 204
 1107 1074 1315
 1120 1140 915
 1165 1288 1287
 491 1316 1195
 1317 492 1194
 763 1300 1299
 1232 1051 762
 139 1140 978
 344 903 408
 1160 408 903
 616 617 1318
 914 1219 585
 1311 1319 1312
 444 960 147
 371 715 1295
 1154 1231 1320
 991 993 1321
 803 802 1020
 417 236 83
 832 59 1061
 96 1061 59
 230 232 1111
 503 536 497
 1222 1322 1323
 442 496 385
 230 1324 231
 1153 544 1325
 389 387 1294
 677 497 535
 433 970 986
 1221 1322 1222
 230 1282 1281
 1326 1225 610
 548 900 899
 1327 1307 1143
 1044 675 1328
 417 1329 236
 234 1329 440
 325 176 175
 221 762 222
 489 62 1258
 429 428 1256
 242 538 805
 689 86 1330
 85 1330 86
 944 377 1099
 376 1099 377
 308 1076 1178
 1331 1133 1130
 985 326 1204
 508 808 284
 365 284 808
 145 925 904
 261 1116 262
 61 917 1258
 612 693 708
 237 462 1006
 1332 1006 462
 670 1065 932
 351 353 847
 861 791 827
 1123 1125 993
 1079 1077 1157
 450 1205 879
 857 1067 957
 26 729 647
 174 374 728
 1333 718 375
 476 98 1180
 1334 1255 620
 198 1084 546
 1221 660 419
 149 607 1029
 964 939 292
 1335 1336 1337
 341 1337 1336
 1079 810 1228
 809 1228 810
 567 802 559
 1338 1250 1249
 44 1187 42
 592 970 853
 433 853 970
 436 951 343
 952 343 951
 157 375 718
 1178 1305 975
 473 635 941
 1233 941 635
 1044 1226 673
 472 1173 133
 1141 862 841
 761 762 1051
 707 1077 570
 251 460 1236
 950 651 1210
 1186 119 723
 1333 375 957
 896 1339 680
 1109 1340 619
 711 1236 460
 1341 1211 1069
 362 123 1268
 466 1058 467
 826 467 1058
 183 1342 48
 1263 48 1342
 19 306 1206
 1175 143 654
 906 654 143
 1232 910 1051
 681 1343 869
 1344 9 1290
 634 816 449
 202 449 816
 1221 1273 660
 5 4 1345
 19 1206 4
 485 487 1089
 1221 419 1322
 678 680 1339
 549 1192 205
 914 205 1192
 1308 1228 767
 809 767 1228
 681 1229 1343
 1311 1307 1319
 1327 1319 1307
 420 419 660
 658 660 712
 1044 1043 1226
 1082 1080 1095
 952 1095 1080
 529 1055 1321
 430 837 1052
 931 1346 1066
 472 1149 1173
 77 24 702
 1347 801 1309
 36 1230 532
 612 644 613
 1341 1328 675
 543 1348 544
 1349 544 1348
 1350 888 887
 291 717 1292
 395 1220 396
 781 1142 841
 463 144 464
 226 42 723
 1186 723 42
 349 121 1351
 1144 1352 1353
 1354 192 990
 74 201 817
 615 1130 614
 787 789 278
 1355 278 789
 1344 1356 9
 10 9 1356
 707 49 1157
 771 1256 428
 88 1357 84
 1253 90 107
 288 556 426
 424 426 556
 949 1148 432
 1261 1358 1359
 1360 8 1361
 1269 1097 1270
 5 1270 1097
 1362 1363 256
 234 440 588
 51 1042 1364
 1232 752 893
 916 792 719
 378 557 185
 611 185 557
 1208 600 1235
 1147 890 750
 569 570 1077
 166 1151 1365
 1049 1045 1007
 1366 847 553
 1248 1250 1309
 1160 1161 746
 1306 336 494
 961 891 962
 420 659 807
 1362 256 1367
 257 1367 256
 300 928 301
 1208 1035 600
 1046 1278 1302
 826 1216 1368
 1092 1093 1295
 565 229 1174
 554 248 785
 57 1086 464
 298 297 1369
 234 236 1329
 287 925 1210
 781 186 1370
 335 494 336
 198 546 199
 548 199 546
 691 672 692
 237 1007 1045
 247 1322 419
 612 614 693
 739 1371 1080
 182 177 37
 38 37 177
 695 511 776
 1167 836 1372
 1008 824 1202
 531 988 883
 459 458 336
 716 650 652
 924 285 551
 183 440 1329
 964 411 1373
 481 1374 892
 1375 892 1374
 96 59 1290
 223 1161 710
 166 1152 1151
 549 204 367
 1073 1315 1074
 132 133 1173
 735 318 780
 738 1236 320
 618 1255 1254
 183 1329 1342
 417 1376 1329
 153 1180 98
 365 367 1265
 1106 1265 367
 1107 1315 1266
 1100 1266 1315
 308 668 1076
 909 1295 1093
 1362 1377 1363
 1238 1378 917
 1332 989 1006
 642 1162 640
 1154 1320 266
 1286 1246 1173
 861 1173 1246
 695 404 448
 840 1184 179
 1154 434 188
 678 1028 904
 909 372 1295
 980 1303 1077
 569 1077 1303
 146 1145 445
 1181 1255 1182
 947 1142 661
 543 1230 1348
 952 1080 1379
 57 1380 1086
 418 243 593
 148 1239 908
 170 217 869
 681 869 217
 682 219 315
 173 315 219
 1242 708 693
 333 490 1132
 476 1364 477
 1335 477 1364
 830 1029 674
 1381 1382 110
 108 110 1382
 964 1373 1383
 455 1004 1060
 271 979 740
 1063 1065 495
 597 495 1065
 413 90 355
 1238 917 1384
 886 1384 917
 591 1174 229
 61 504 1385
 469 995 468
 781 1370 662
 444 835 903
 1160 903 835
 1253 107 740
 1100 1315 1386
 371 1295 372
 51 1364 1180
 1100 1386 945
 264 1387 929
 352 858 500
 591 228 791
 783 1207 712
 505 1388 1249
 709 445 1145
 1389 1390 967
 1039 967 1390
 624 1169 340
 947 727 750
 1347 619 1340
 1251 1310 754
 275 754 1310
 756 882 757
 79 1164 80
 389 80 1164
 67 905 68
 830 1003 1029
 867 849 528
 907 528 849
 507 1252 1198
 160 1198 1252
 1079 1229 1078
 1238 1391 207
 167 207 1391
 713 1240 798
 476 1180 1364
 313 1392 878
 469 467 1368
 1302 1278 1305
 1139 493 1356
 10 1356 493
 78 526 605
 1251 1177 1393
 427 628 1337
 1335 1337 628
 1172 1136 755
 579 1199 1201
 606 926 550
 924 551 550
 636 538 1262
 840 560 559
 809 811 1394
 1166 550 926
 1008 1202 1007
 1395 1396 192
 409 411 965
 964 965 411
 268 656 804
 1397 238 1045
 1291 785 807
 1199 421 1200
 763 1146 1300
 1172 599 250
 1395 192 1398
 1354 1398 192
 1008 1006 1399
 822 348 363
 347 363 348
 70 68 437
 211 859 1067
 1333 1067 859
 1341 260 1400
 909 483 1051
 643 1127 613
 936 84 1357
 1401 1402 1337
 1403 1368 1216
 940 941 1404
 498 858 945
 351 945 858
 1332 1385 504
 1405 1070 905
 636 1262 109
 732 337 465
 709 1145 1339
 826 1368 467
 284 1265 1194
 280 1195 1266
 1168 696 644
 1260 259 630
 1286 1173 1149
 1395 1171 1396
 258 512 774
 38 1351 121
 537 1207 538
 784 1222 1030
 916 1394 811
 1109 1110 1406
 540 1407 675
 54 56 425
 85 674 1029
 947 661 1000
 1248 506 1249
 1341 675 1407
 799 801 1340
 1347 1340 801
 812 1076 811
 61 887 917
 140 286 720
 450 937 1205
 936 1205 937
 1344 1290 1408
 1123 1257 967
 761 1051 483
 1079 1157 810
 1355 162 278
 1168 152 1059
 812 49 48
 554 785 545
 1291 545 785
 994 893 468
 1172 956 1136
 601 1323 1235
 732 1307 337
 1212 744 1025
 1401 1337 1129
 658 1245 659
 1387 940 1404
 364 432 1148
 580 1409 1303
 1088 487 1125
 436 303 877
 1341 1069 260
 181 1184 1410
 19 838 11
 1068 11 838
 66 889 669
 1036 669 889
 739 1081 608
 872 977 134
 721 134 977
 429 1256 568
 71 901 1059
 1168 1059 901
 1237 1411 789
 1355 789 1411
 1062 437 68
 649 697 852
 429 477 628
 255 1090 1047
 1244 516 539
 569 1303 1409
 601 1030 1222
 911 864 1117
 502 1412 1390
 529 993 1125
 193 1413 521
 1296 838 1176
 552 1121 245
 531 883 37
 418 702 24
 212 827 571
 786 12 1227
 505 1249 506
 966 292 1292
 388 1164 1414
 172 279 281
 282 168 283
 597 1259 324
 1186 1197 119
 120 119 1197
 713 798 116
 1137 1187 15
 18 15 1187
 145 904 1028
 1381 1136 956
 427 1337 1402
 1366 878 1392
 510 825 426
 1251 754 1138
 10 493 1361
 1248 801 870
 1333 957 1067
 1362 1367 971
 514 971 1367
 230 1281 1324
 270 337 1307
 540 1169 1211
 691 1133 672
 115 672 1133
 575 1410 1184
 502 259 1412
 57 1196 1380
 1109 1406 1094
 1141 749 1300
 1073 1118 1315
 227 229 933
 85 443 1330
 1332 504 989
 739 480 1371
 498 945 1386
 634 99 98
 210 443 607
 1166 1279 680
 916 842 1394
 364 363 432
 1032 1226 804
 268 804 1226
 799 1415 953
 874 1416 845
 851 845 1416
 790 791 228
 1167 1369 297
 741 107 1417
 89 1417 107
 748 889 1299
 474 849 868
 63 883 988
 149 1029 1003
 916 1214 842
 436 877 951
 867 951 877
 509 666 100
 667 100 666
 1375 1382 892
 1381 892 1382
 1137 1197 1187
 75 471 609
 1308 767 928
 472 471 1149
 1341 1407 1211
 453 773 332
 328 1288 262
 830 674 1038
 1418 1143 1086
 513 1211 1419
 540 1211 1407
 304 877 303
 341 1129 1337
 427 1402 480
 809 1394 842
 380 805 698
 347 432 363
 330 774 512
 1068 1297 1420
 1068 12 11
 33 35 1162
 1276 1117 864
 1421 1320 1231
 1354 990 778
 20 778 990
 88 1240 1357
 211 1422 443
 1347 631 619
 1349 1423 1424
 1080 1371 1379
 907 523 528
 663 1033 688
 227 690 918
 1212 923 744
 1225 1152 610
 617 854 1318
 66 1299 889
 1360 999 638
 725 819 1425
 1395 1425 819
 190 1292 717
 1242 692 1066
 671 1066 692
 455 633 1004
 257 269 1367
 1082 1002 1426
 1185 1426 1002
 983 1357 1240
 1170 817 105
 242 573 833
 333 1132 252
 597 1065 1259
 88 798 1240
 871 45 47
 961 1393 1177
 399 933 564
 973 578 676
 1185 974 1426
 823 659 1245
 788 953 1415
 1212 101 103
 1172 222 956
 331 1126 700
 961 1177 891
 747 1427 746
 1160 746 1427
 1189 919 1274
 922 1191 1275
 112 1113 1010
 1115 1010 1113
 936 633 84
 82 84 633
 145 684 1210
 950 1210 684
 643 388 1414
 973 676 216
 974 220 1426
 670 1259 1065
 1212 1025 101
 44 1056 1187
 18 1187 1056
 856 1420 1297
 832 162 1196
 254 256 1363
 1181 1183 1313
 1293 1278 356
 117 1030 755
 330 332 773
 1401 1379 1371
 748 890 889
 851 1087 845
 1428 1417 1031
 89 1031 1417
 453 1040 1052
 190 1396 1292
 422 1063 495
 874 845 1287
 1165 1287 845
 896 1284 1339
 1269 1393 1097
 961 1097 1393
 453 1052 773
 357 1285 1209
 1082 1426 220
 980 216 676
 1046 1128 402
 261 908 1239
 193 1429 1413
 1350 1413 1429
 354 356 1278
 1009 124 1114
 1083 655 0
 1137 1037 1138
 1251 1138 1037
 1389 967 1257
 58 1408 1290
 529 1125 487
 10 1361 8
 567 1020 802
 1112 1430 1113
 1115 1113 1430
 1233 1404 941
 552 870 800
 400 402 1241
 1431 484 1054
 1147 962 891
 716 652 820
 769 1071 1432
 664 267 1105
 722 998 1383
 1301 1383 998
 670 672 542
 115 542 672
 509 99 404
 193 1433 1429
 1032 541 673
 369 1174 1193
 1261 1182 1358
 1331 1209 1285
 350 1230 121
 469 1368 1434
 29 776 759
 920 733 880
 737 921 881
 127 1111 976
 1039 1390 1412
 722 1373 1435
 258 774 630
 552 800 1121
 1421 632 1320
 147 960 1298
 587 535 586
 1381 956 482
 418 593 854
 1332 1413 1385
 36 121 1230
 202 568 1256
 587 490 535
 664 908 267
 1436 1437 686
 1123 967 969
 1238 1203 1378
 1366 1392 946
 193 361 1433
 108 1438 558
 1346 772 1439
 587 1132 490
 406 408 1427
 1160 1427 408
 288 426 825
 902 345 1304
 1403 1216 1215
 1381 482 892
 756 73 882
 368 930 556
 424 556 930
 761 482 956
 681 1078 1229
 745 1025 744
 1349 1348 1423
 1261 1440 1183
 1023 1317 1441
 1316 1024 1442
 1144 1267 1014
 1012 1014 1267
 1068 1420 875
 485 1089 866
 1443 249 943
 378 40 557
 368 557 40
 1021 1134 224
 93 1304 345
 1109 1094 1415
 788 1415 1094
 1401 343 1379
 952 1379 343
 457 484 1444
 938 1004 633
 896 1289 895
 304 868 877
 1115 431 1040
 430 1040 431
 959 848 850
 102 245 1121
 81 1113 111
 254 1363 1374
 603 1108 1119
 1397 1119 1108
 1039 1445 968
 795 797 1134
 1311 934 1307
 270 1307 934
 1403 1159 1434
 311 1434 1159
 61 1385 887
 145 1210 925
 1082 1095 1002
 1261 1446 1440
 153 935 52
 716 52 935
 1092 1047 1090
 1401 1129 343
 58 1290 59
 1046 456 1128
 1120 953 1140
 489 1378 1203
 293 646 1034
 1251 1393 1310
 757 882 1365
 166 1365 882
 203 780 318
 711 320 1236
 436 342 303
 1166 926 927
 92 342 1447
 1163 1326 1448
 92 1447 654
 64 1215 56
 1350 1385 1413
 1397 1085 1119
 1048 1119 1085
 325 875 1420
 1208 1235 943
 1443 943 1235
 1253 355 90
 1032 673 1226
 884 583 383
 966 1292 1396
 1366 553 777
 1405 1071 1070
 96 95 1061
 577 1061 95
 1449 1352 1102
 944 946 1392
 987 806 833
 406 1427 1450
 747 1450 1427
 994 1264 893
 459 336 1053
 615 1209 1130
 722 1435 723
 102 1121 915
 329 1153 764
 1057 764 1153
 896 680 1279
 1381 110 1136
 1141 1146 862
 1276 1075 1117
 572 1117 1075
 112 111 1113
 326 1158 1204
 1062 1070 1022
 1237 1451 1452
 293 1034 294
 1449 361 517
 515 517 361
 1144 1353 1267
 721 977 998
 1301 998 977
 1237 1406 1451
 706 383 583
 1276 1011 522
 382 381 900
 1453 1406 1110
 983 1205 1357
 1405 905 1035
 1331 1130 1209
 58 1017 1408
 263 262 1288
 706 582 846
 1156 846 582
 1403 1434 1368
 167 1391 1013
 886 1013 1384
 689 1422 1067
 992 1277 1257
 772 708 1439
 298 1369 996
 917 1378 1258
 1109 1415 1340
 481 1093 1091
 1276 522 1454
 328 45 873
 769 1370 1071
 386 1455 387
 519 1104 1105
 206 885 1223
 430 1052 1040
 223 746 1161
 991 1321 1456
 730 665 1104
 108 1382 1438
 1341 1400 1328
 1389 1328 1400
 1141 1300 1146
 181 1410 895
 1107 1195 1442
 1316 1442 1195
 1106 1441 1194
 1317 1194 1441
 362 1114 124
 1405 1432 1071
 246 101 1025
 1055 1456 1321
 1431 1054 1457
 520 518 844
 1092 715 1015
 1016 1015 715
 298 995 299
 235 116 798
 1144 1102 1352
 1088 1089 487
 1242 1439 708
 1326 610 1448
 72 1448 610
 618 620 1255
 958 1370 186
 769 662 1370
 64 942 1458
 64 1458 1215
 1453 1110 1254
 741 1459 778
 1354 778 1459
 1168 901 696
 709 1339 1284
 365 808 197
 181 179 1184
 214 188 434
 964 1383 939
 1301 939 1383
 769 1432 760
 855 1318 854
 1212 103 1072
 822 1423 348
 350 348 1423
 1141 841 1142
 529 1321 993
 872 134 276
 118 276 134
 358 766 837
 765 837 766
 537 833 806
 182 37 883
 510 425 56
 1397 1135 238
 261 267 908
 272 238 1135
 1263 1302 1305
 1306 1053 336
 1431 1457 996
 1291 1460 545
 950 820 652
 1331 1285 454
 293 862 1146
 660 1273 712
 202 816 568
 694 545 1460
 966 1171 965
 1293 356 309
 748 1300 749
 1115 1430 431
 741 740 107
 92 303 342
 2 305 0
 1083 0 305
 341 1336 1447
 592 854 593
 871 873 45
 1334 1182 1255
 985 1204 1203
 58 144 1017
 1311 1313 834
 414 834 1313
 1263 1376 1302
 1350 887 1385
 1401 1371 1402
 480 1402 1371
 624 1126 1419
 1009 122 124
 412 1435 1373
 357 982 1285
 678 1339 1145
 125 1461 1446
 1462 1446 1461
 1272 1200 164
 423 164 1200
 1418 1086 1380
 822 1424 1423
 1233 1450 1234
 958 1071 1370
 783 712 1273
 653 686 1437
 1338 1249 1388
 406 1450 635
 1233 635 1450
 787 978 1140
 391 1457 1054
 1335 1364 1042
 562 546 1084
 594 878 777
 1366 777 878
 1189 1274 1190
 1191 1190 1275
 902 1027 1298
 821 1298 1027
 5 1345 1270
 648 1270 1345
 502 1390 1400
 1389 1400 1390
 616 1461 976
 166 610 1152
 308 1178 975
 981 1463 942
 1314 942 1463
 1179 1399 989
 1006 989 1399
 896 1279 1289
 507 309 356
 1044 1328 1277
 350 1348 1230
 1237 1094 1406
 1175 1447 1336
 417 1302 1376
 1021 710 1247
 709 1247 710
 694 1460 1464
 1296 1465 1351
 190 192 1396
 632 266 1320
 682 608 1081
 1092 1015 1047
 327 1227 875
 648 794 1270
 813 1410 1217
 575 1217 1410
 358 360 1466
 502 1400 260
 1179 533 1464
 694 1464 533
 391 910 1264
 254 1374 1091
 481 1091 1374
 1016 1408 1017
 1332 521 1413
 5 1097 963
 949 962 1148
 1122 1050 1245
 823 1245 1050
 211 1067 1422
 902 1304 1027
 618 1254 1110
 580 1201 1409
 813 895 1410
 395 657 1224
 1001 1224 657
 1296 1467 1297
 856 1297 1467
 1008 1468 824
 1291 824 1468
 254 1091 1090
 1362 971 955
 699 955 971
 1418 1411 1452
 1237 1452 1411
 1293 975 1305
 1443 1323 1322
 349 1351 1465
 781 661 1142
 753 700 1126
 565 441 563
 1170 563 441
 1332 462 521
 944 1392 377
 5 963 6
 823 1202 824
 414 1313 1183
 1233 929 1404
 906 1027 1304
 128 727 1000
 601 1222 1323
 125 1446 1359
 994 996 1457
 799 1340 1415
 701 346 700
 331 700 346
 1362 955 1377
 954 1377 955
 258 260 1069
 959 850 488
 645 398 1454
 461 1454 398
 1272 1409 1201
 786 1084 782
 1083 782 1084
 341 1447 342
 1041 1283 452
 273 1135 1108
 1260 766 1466
 358 1466 766
 1428 1031 1218
 534 586 535
 1355 1196 162
 677 535 490
 1261 1359 1446
 707 570 50
 1023 1441 317
 1024 321 1442
 991 1456 43
 1344 1213 1469
 954 558 1438
 1269 1310 1393
 1443 1235 1323
 936 1357 1205
 1375 1363 1377
 181 895 1289
 300 869 1343
 843 155 726
 327 775 1227
 786 1227 775
 1181 1313 1312
 949 6 963
 412 656 1435
 226 1435 656
 44 43 1456
 966 1396 1171
 1165 844 518
 1280 1282 138
 127 138 1282
 153 100 935
 667 935 100
 1008 1464 1468
 793 852 1470
 39 704 930
 1057 1153 1325
 1449 1102 1433
 38 177 1467
 856 1467 177
 793 1271 794
 313 377 1392
 1008 1399 1464
 1453 1254 1312
 463 1017 144
 125 1359 126
 1036 891 1177
 747 1155 1234
 265 1234 1155
 474 488 850
 1049 1085 1045
 520 844 726
 1175 654 1447
 1366 946 847
 855 853 1471
 433 1471 853
 1012 1268 123
 1106 1194 1265
 1107 1266 1195
 1179 1464 1399
 689 1330 1422
 1296 1351 1467
 1395 819 1171
 154 726 155
 412 1373 411
 1306 1472 948
 714 948 1472
 1387 1404 929
 1335 628 477
 793 1470 779
 914 1103 1219
 865 1219 1103
 513 1419 1126
 1308 1343 1229
 1375 1374 1363
 683 1414 1164
 725 1218 724
 1131 252 1132
 938 1283 1005
 1041 1005 1283
 1107 1442 321
 1106 317 1441
 226 723 1435
 503 1275 1190
 503 1190 1274
 386 984 1455
 1098 1455 984
 1327 1451 1319
 1453 1319 1451
 514 1367 269
 1314 1458 942
 38 1467 1351
 1314 1159 1458
 1403 1215 1458
 1403 1458 1159
 653 1437 582
 1156 582 1437
 624 1419 1169
 263 1288 518
 1248 870 506
 552 506 870
 987 833 573
 616 1473 1461
 851 1470 852
 1397 1045 1085
 1344 1408 1213
 987 573 25
 897 770 1223
 1453 1312 1319
 1163 1448 478
 72 478 1448
 194 521 462
 1389 1277 1328
 13 782 305
 350 1423 1348
 498 500 858
 1208 760 1432
 851 1416 1470
 902 1298 960
 714 1469 1213
 44 1456 1056
 1055 1056 1456
 390 21 990
 20 990 21
 1101 1433 1102
 855 1473 1318
 616 1318 1473
 125 976 1461
 395 161 1220
 163 1220 161
 567 561 1019
 1436 1019 561
 731 1034 646
 1397 1108 1135
 1334 1358 1182
 461 1075 1454
 1139 1356 1469
 1344 1469 1356
 1179 988 533
 531 533 988
 115 1133 454
 1331 454 1133
 1350 1429 888
 1101 888 1429
 131 627 1474
 1057 1474 627
 1462 1440 1446
 701 1005 346
 1041 346 1005
 1272 32 1409
 1101 1429 1433
 1286 1193 1246
 1431 996 1369
 1418 1452 1143
 1327 1143 1452
 1181 1312 1254
 1083 305 782
 414 1183 1440
 1293 1305 1278
 938 937 1283
 41 379 1243
 296 1243 379
 325 1420 176
 569 1409 32
 1263 1342 1376
 1242 1066 1439
 1139 1469 1472
 714 1472 1469
 1165 518 1288
 1333 859 718
 947 1000 727
 793 779 1271
 275 1271 779
 328 873 1287
 240 294 1034
 566 563 322
 1049 1007 1202
 391 1264 1457
 7 1465 1176
 822 130 1424
 131 1424 130
 1208 1432 1035
 469 299 995
 1349 1474 1325
 369 1193 370
 1286 370 1193
 1349 1424 1474
 1431 1369 1444
 1167 1444 1369
 7 596 1465
 860 718 859
 843 726 844
 1346 1439 1066
 1329 1376 1342
 1449 1433 361
 23 25 573
 1428 1425 1398
 1395 1398 1425
 66 65 1299
 763 1299 65
 469 1434 299
 311 299 1434
 1315 1118 1386
 1375 1438 1382
 643 1414 1127
 683 1127 1414
 277 1470 1416
 1360 638 8
 443 1422 1330
 489 1258 1378
 1405 1035 1432
 1175 1336 1042
 1335 1042 1336
 722 1383 1373
 1418 1380 1411
 1355 1411 1380
 131 555 627
 1462 1473 1471
 1276 1454 1075
 1016 1213 1408
 87 522 1011
 351 847 946
 129 1000 661
 1355 1380 1196
 277 779 1470
 1311 834 934
 416 934 834
 1464 1460 1468
 625 627 555
 1039 1412 1445
 1453 1451 1406
 1428 1459 1417
 1211 1169 1419
 230 1111 1282
 127 1282 1111
 1032 1033 541
 663 541 1033
 1349 1325 544
 994 1457 1264
 1327 1452 1451
 472 133 647
 26 647 133
 741 1417 1459
 527 1116 1239
 1389 1257 1277
 538 1207 1262
 783 1262 1207
 872 276 997
 300 1343 928
 498 1386 1118
 1167 1372 1444
 457 1444 1372
 1306 494 1472
 1428 1398 1459
 645 1454 522
 1156 560 846
 840 846 560
 1354 1459 1398
 1308 928 1343
 916 719 1214
 424 930 704
 1462 415 1440
 1156 1437 561
 1436 561 1437
 747 1234 1450
 180 1289 1279
 874 997 1416
 277 1416 997
 1139 1472 494
 855 1471 1473
 648 1345 1206
 4 1206 1345
 247 249 1322
 1443 1322 249
 1147 1148 962
 17 8 638
 1428 1218 1425
 856 176 1420
 874 1287 873
 1431 1444 484
 709 1284 1247
 1170 322 563
 1462 1471 415
 1375 1377 1438
 954 1438 1377
 860 1214 719
 1462 1461 1473
 1296 1176 1465
 1238 1384 1391
 1013 1391 1384
 414 1440 415
 1057 1325 1474
 131 1474 1424
 165 161 1224
 395 1224 161
 349 1465 596
 261 1239 1116
 206 1223 770
 433 415 1471
 725 1425 1218
 894 1247 1284
 402 1128 1241
 455 1241 1128
 296 479 1243
 1291 1468 1460
 277 997 276
 7
 745 505 244 501 743 818 1388
 45
 641 795 1338 1244 1334 187 1449 1347 1280 362 1436 803 796 814 685 189 231 1281 1231 34 35 1250 640 274 1020 1114 1352 620 1309 517 831 516 126 631 1019 1162 1324 1359 138 686 1268 1267 1358 1353 1388
 0
 0
 57
 576 54 457 1088 1112 1260 981 394 1360 334 742 1314 1098 239 335 768 703 359 81 1124 1026 396 1151 757 55 999 751 312 743 259 387 1072 836 1361 438 705 1294 80 758 493 923 657 968 1463 1466 241 1412 969 1365 1455 360 1243 1430 431 1372 1445 479
