1409 2671
2.266543 4.837543 1
2.354569 4.780239 1
2.362011 4.940258 1
2.475768 4.831185 1
0.949779 3.404397 1
1.054199 3.509120 1
0.863356 3.491082 1
2.317473 7.078120 1
2.417764 7.184912 1
2.250142 7.195615 1
2.313748 7.309247 1
0.929897 3.592054 1
1.447017 5.148707 1
1.284539 5.081104 1
1.429996 5.052123 1
3.232097 6.046488 1
3.313665 6.154677 1
3.153175 6.102249 1
3.173663 6.202900 1
0.316807 3.985194 1
0.296819 4.080687 1
0.191424 3.991625 1
2.064463 5.800741 1
1.933685 5.698942 1
2.098961 5.691370 1
2.457381 7.696479 1
2.330687 7.682017 1
2.433056 7.563674 1
1.372061 5.212504 1
3.309231 5.982487 1
3.141533 5.941434 1
0.804761 8.931736 1
0.883450 9.033758 1
0.731714 9.012262 1
1.945885 5.835670 1
3.291459 5.875754 1
1.597471 5.537529 1
1.534143 5.440955 1
1.696365 5.417908 1
2.866452 6.026040 1
2.981438 5.978270 1
2.938483 6.124635 1
1.605105 5.323936 1
2.045098 3.303173 2
2.145648 3.373467 1
1.976770 3.446197 1
3.052152 6.061598 1
2.395749 6.336443 1
2.472568 6.425853 1
2.316118 6.431808 1
0.813117 9.117463 1
1.470755 6.498024 1
1.542161 6.396385 1
1.577821 6.558721 1
0.208946 4.153841 1
1.659293 6.444950 1
2.119670 3.493098 1
2.973837 5.854323 1
2.857029 5.780483 1
3.046258 5.754431 1
2.381827 6.524349 1
1.305696 7.883720 1
1.208009 7.992225 1
1.205268 7.860732 1
2.916168 5.671409 1
2.534269 7.374473 1
2.443488 7.311311 1
2.579876 7.256678 1
1.336604 3.931155 1
1.411892 4.023517 1
1.257768 4.007148 1
1.318588 4.106539 1
1.625208 4.773975 1
1.634479 4.644356 1
1.755826 4.672694 1
1.747181 4.815470 1
2.255517 8.547160 1
2.352635 8.589117 2
2.215323 8.693197 2
2.628444 4.929286 1
2.494393 5.003564 1
3.757726 4.591319 1
3.841367 4.732700 1
3.696275 4.709718 1
0.586217 8.671837 1
0.717139 8.653090 1
0.688054 8.781419 1
2.282214 7.583952 1
2.815677 6.244118 1
2.974875 6.266385 1
2.871979 6.348311 1
0.635702 5.069196 1
0.478251 5.133544 1
0.559542 4.962142 1
0.510559 7.108503 1
0.395163 7.165545 1
0.409375 7.016966 1
1.127223 5.153876 1
1.141149 5.001644 1
2.203551 6.985586 1
2.338772 6.935942 1
2.464019 7.022563 1
1.556666 6.985476 1
1.596790 6.824622 1
1.680047 6.992041 1
1.753950 6.896599 1
1.541535 4.288084 1
1.435274 4.418665 1
1.363267 4.263799 1
0.600051 9.442334 1
0.625002 9.593052 1
0.495180 9.502041 1
0.260440 3.850509 1
1.723917 5.896436 1
1.803463 6.010889 1
1.660720 6.017687 1
1.720692 6.157330 1
2.305840 7.476904 1
2.578471 3.951762 1
2.746652 3.966335 2
2.670653 4.094378 1
1.512895 5.982413 1
1.443898 6.091654 1
1.365815 5.952167 1
1.321293 6.079159 1
1.845991 4.317462 1
1.710832 4.271868 1
1.848897 4.146701 1
0.698432 5.772837 1
0.575890 5.792314 1
0.596135 5.650707 1
0.559112 6.615945 1
0.663739 6.708256 1
0.514937 6.747599 1
2.107061 8.657786 1
2.156330 8.559928 1
0.302012 7.781382 1
0.448479 7.727332 1
0.365202 7.918355 1
0.518228 7.867599 1
1.042573 3.357720 1
1.152876 3.345575 1
1.372741 5.314714 1
1.516472 5.222009 1
1.473827 5.352179 1
1.823967 3.799310 1
1.844278 3.966350 1
1.713768 3.849500 1
1.678203 3.965249 1
0.869467 5.131529 1
0.769390 5.051095 1
0.900624 4.981236 1
1.205574 3.476413 1
2.615458 6.362182 1
2.774981 6.409706 1
2.621361 6.497158 1
1.786778 7.275660 1
1.840102 7.137749 1
1.913435 7.227174 1
1.046198 4.122622 1
1.052132 4.303879 1
0.954772 4.204939 1
0.441684 9.357429 1
0.279594 9.434204 1
0.296961 9.314909 1
2.848079 5.061532 1
2.716476 5.031258 1
2.764699 4.932348 1
2.881194 4.935314 1
2.088911 6.516935 1
2.178055 6.622899 1
2.038125 6.684228 1
1.157460 4.226938 1
2.461796 4.161706 1
2.524874 4.329898 1
2.368239 4.274683 1
0.376853 9.485054 1
3.894337 4.620393 2
0.858725 8.722531 1
1.021079 8.803075 1
0.926489 8.895859 1
1.353558 7.981986 1
2.905543 3.942552 2
2.802897 4.053679 1
0.722314 9.520363 1
3.475854 6.270106 2
3.351527 6.339208 2
0.000000 3.611111 0
0.145812 3.516792 2
0.107255 3.641623 1
2.107111 6.010770 1
2.195521 6.087101 1
2.088281 6.169971 1
0.737325 5.669270 1
1.666667 10.000000 0
1.527778 10.000000 0
1.576167 9.835144 2
0.000000 8.472222 0
0.000000 8.333333 0
0.166292 8.423943 1
0.206973 7.973966 1
0.290860 8.070413 1
0.959141 3.272808 2
1.114740 3.190928 2
3.406950 5.209372 1
3.306184 5.104462 1
3.421729 5.051481 1
2.005201 5.571858 1
1.972178 4.097893 1
2.418204 7.433827 1
1.857689 3.579554 1
2.015769 3.551778 1
0.344523 5.224209 1
0.196422 5.156919 1
0.341365 5.078186 1
0.236381 4.995296 1
2.583979 7.497101 1
2.759440 7.514537 2
2.666480 7.624243 2
2.186648 3.695920 1
2.264641 3.792607 1
2.162940 3.843647 1
0.987016 3.751022 1
1.114635 3.829833 1
0.950544 3.894858 1
1.499858 7.947772 1
1.398136 7.838314 1
0.000000 8.194445 0
0.133506 8.090914 1
0.127202 8.260216 1
1.674321 7.205916 1
1.508334 8.189949 1
1.644398 8.157336 1
1.585124 8.273692 1
1.707647 8.287313 1
0.434300 4.992430 1
1.970951 8.965046 2
1.824499 9.015575 2
1.870443 8.844454 1
1.761035 8.899155 1
1.948714 4.534981 1
1.952836 4.392175 1
2.077769 4.478052 1
2.824404 7.342330 1
2.669007 7.374741 1
3.213394 5.191581 1
3.298322 5.287309 1
1.085593 8.281207 1
1.211066 8.256941 1
1.196026 8.392241 1
2.081096 3.728491 1
1.011520 5.057606 1
0.577212 8.273679 1
0.521991 8.149955 1
0.693256 8.164474 1
0.812300 7.631135 1
0.853759 7.789952 1
0.733534 7.748320 1
0.540023 7.005441 1
2.677975 4.403424 1
2.632258 4.578031 1
2.560628 4.436356 1
1.287651 4.420591 1
2.908478 7.476202 2
0.304373 6.188498 1
0.458075 6.124873 1
0.439970 6.285912 1
1.998426 6.103631 1
0.725570 4.565895 1
0.832983 4.618250 1
0.676561 4.652657 1
0.000000 6.805555 0
0.124206 6.674959 1
0.168758 6.780949 1
0.782922 4.741789 1
1.388889 10.000000 0
1.286949 9.850028 1
1.458333 9.900642 1
0.000000 8.611111 0
0.099357 8.541667 1
0.149972 8.713051 1
3.629506 5.674319 1
3.675593 5.526574 1
3.741936 5.683527 2
3.789196 5.580353 2
1.545395 3.612684 1
1.708498 3.610493 1
1.647203 3.724900 1
2.748864 4.504391 1
3.301613 6.552069 1
3.456605 6.579809 2
3.350997 6.695115 2
0.972894 5.614025 1
0.889425 5.497691 1
1.003072 5.424653 1
0.354021 7.393651 1
0.435442 7.313666 1
0.446700 7.459182 1
1.696916 6.314753 1
1.592284 6.279613 1
0.000000 9.166667 0
0.123921 9.056075 1
0.118748 9.221499 1
0.833333 10.000000 0
0.771428 9.881005 1
0.952749 9.878537 1
1.954613 6.582535 1
3.131414 6.406967 1
2.996739 6.405838 1
3.095015 6.292739 1
2.218435 4.216924 1
2.195001 4.360684 1
2.319805 4.424444 1
1.091373 3.977587 1
0.738248 7.897949 1
0.613699 7.946341 1
0.604607 7.778429 1
0.511959 9.611855 1
0.402159 6.651262 1
2.288267 3.928280 1
2.194062 4.086891 1
2.123543 3.972538 1
2.162099 4.878536 1
2.217421 4.707479 1
3.447616 5.752425 1
3.519192 5.612889 1
3.560547 5.764571 1
2.000322 3.658331 1
3.203882 5.822182 1
1.554171 5.074500 1
1.484426 4.911976 1
2.210943 7.419106 1
0.803698 9.649410 1
0.678018 9.708518 1
3.423122 6.009644 2
3.508303 6.124942 2
0.568905 4.559208 1
0.682309 4.460582 1
1.708725 4.146117 1
1.907914 3.243223 2
1.757735 3.323189 1
1.793190 3.163004 2
2.076948 4.795655 1
2.681637 4.256405 1
3.001331 5.595352 1
3.073294 5.462520 1
3.104973 5.640267 1
0.624954 8.078673 1
3.036210 5.285058 1
3.164217 5.324009 1
0.343548 4.903107 1
2.639488 5.494450 1
2.767023 5.534519 1
2.638286 5.646004 1
2.791103 5.659033 1
2.328976 4.094757 1
0.210358 8.569089 1
0.309136 8.508445 1
0.578731 7.660341 1
0.515410 7.559653 1
3.285072 4.974949 1
0.261602 9.600441 1
0.400869 7.591715 1
1.590164 6.121782 1
0.717624 3.718441 1
0.684755 3.851752 1
0.575425 3.706501 1
0.543499 3.861286 1
3.199978 6.629252 1
1.551207 7.285677 1
1.564610 7.186412 1
2.362937 3.794144 1
2.445605 3.866630 1
2.582572 4.189142 1
1.590732 7.730081 1
1.716652 7.782197 1
1.610746 7.862753 1
0.339019 8.387820 1
0.634513 4.864355 1
0.533296 4.801731 1
1.189201 8.795759 1
1.113182 8.680849 1
0.758679 8.431259 1
0.733248 8.305851 1
0.866699 8.310026 1
0.267082 8.277399 1
0.413076 8.244780 1
1.696259 8.602985 1
1.803862 8.695800 1
1.657487 8.728475 1
1.494142 8.765318 1
1.645896 8.843415 1
1.564363 8.918695 1
2.808614 7.168708 1
2.942381 7.236932 2
1.904055 7.879086 1
1.837587 7.992599 1
1.796929 7.883687 1
1.317680 8.269543 1
1.451239 8.326179 1
1.309117 8.378160 1
3.369663 6.458298 2
1.108239 5.522227 1
1.066928 8.429412 1
1.025232 4.906744 1
1.173181 4.840536 1
1.388970 3.318665 1
1.514504 3.315554 1
1.492873 3.422162 1
2.740520 6.528897 1
1.630993 7.365955 1
3.420814 4.912316 1
3.522639 5.143044 1
1.716988 6.784972 1
1.373677 4.553658 1
0.453549 4.888576 1
0.849315 6.312347 1
0.956951 6.196434 1
0.972829 6.363189 1
1.961229 7.996693 1
0.191461 9.510171 1
0.817296 3.350409 2
1.398905 8.200853 1
0.607504 6.824253 1
1.103121 8.910573 1
2.438004 4.007002 1
3.803937 5.090874 1
3.644509 5.074558 1
3.738236 4.948034 1
1.767289 8.201658 1
0.247466 7.171700 1
0.311634 7.287780 1
0.190436 7.302215 1
2.149197 6.750058 1
0.117865 3.862267 1
1.500886 7.797293 1
0.950514 7.675474 1
0.576647 4.440132 1
0.439510 4.421194 1
0.420596 4.557470 1
1.264026 5.770383 1
1.328080 5.670756 1
1.360249 5.814812 1
0.124253 7.204134 1
1.130480 3.678314 1
0.616477 8.393044 1
0.473950 8.361743 1
2.883681 5.235128 1
2.739348 5.145971 1
2.747687 5.279744 1
2.054163 4.363466 1
0.833166 6.086993 1
0.965494 6.052625 1
1.098112 6.129204 1
0.795406 8.565123 1
0.908448 8.586155 1
0.411077 9.591169 1
1.250000 10.000000 0
0.000000 8.750000 0
0.883070 7.929007 1
0.210583 5.397940 1
0.354821 5.390138 1
0.249973 5.502886 1
0.997349 7.815324 1
1.146914 7.747867 1
1.091823 7.907299 1
2.211415 4.472812 1
1.258960 7.182138 1
1.125977 7.093374 1
1.247292 7.029595 1
0.546415 8.787341 1
0.802402 3.915571 1
0.782489 4.064852 1
0.647741 3.997498 1
0.990099 8.657994 1
3.754881 5.387010 1
3.830001 5.262227 1
3.897923 5.397285 2
3.989424 5.286408 2
1.687510 7.652841 1
0.142591 9.655199 1
0.283525 9.728330 1
1.592797 9.097786 2
1.548165 9.241406 2
1.464331 9.149743 1
2.896825 4.090075 1
2.318282 8.054093 1
2.336846 7.907362 1
2.449202 7.997257 1
1.246724 4.592386 1
1.402143 8.440618 1
2.559604 4.702583 1
2.620094 4.801671 1
0.196901 9.803100 1
1.965205 8.701877 1
1.431722 9.788975 1
1.492050 9.689928 1
3.222589 6.303521 1
1.728744 8.439555 1
1.596820 8.391994 1
2.369568 5.111186 1
2.405827 5.246504 1
2.282167 5.236704 1
1.981885 4.254064 1
3.189224 4.781227 1
3.283570 4.849749 1
3.133970 4.921449 1
1.118547 7.236432 1
1.287874 8.131318 1
2.307197 8.331261 1
2.310130 8.199123 1
2.416319 8.226562 1
0.864869 8.475965 1
0.555792 6.480118 1
0.661663 6.433148 1
0.692328 6.567451 1
1.561748 8.649764 1
2.198971 7.963866 1
2.723489 4.742270 1
1.608491 9.667698 2
0.000000 7.777778 0
0.000000 7.638889 0
0.155138 7.724136 1
0.553257 7.346814 1
0.094249 7.569445 1
0.404852 3.911410 1
3.945071 5.537083 2
3.818583 5.480961 1
2.249674 5.133719 1
0.526764 8.467170 1
2.958092 5.380297 1
1.730406 7.084311 1
2.482970 5.945004 1
2.594559 5.844851 1
2.656853 5.952880 1
0.596528 6.329490 1
0.575201 6.206668 1
2.944302 7.070577 1
2.884941 6.941597 1
3.017774 6.951748 1
2.956478 6.808999 1
0.293526 8.784400 1
0.441780 8.860373 1
0.333250 8.930343 1
0.682058 4.177941 1
0.552354 4.113791 1
2.499365 5.572994 1
2.526701 5.421016 1
1.181810 8.551363 1
1.220491 8.689522 1
2.207673 8.252357 1
1.189196 5.700500 1
1.596348 8.519858 1
3.049341 4.632110 1
2.900057 4.632640 1
2.965014 4.544440 1
2.946177 4.744067 1
1.605948 3.264765 1
1.468642 3.218100 2
1.552569 3.145017 2
1.264962 3.777778 1
1.463800 6.891809 1
0.648033 3.496348 1
0.531076 3.469311 2
0.664800 3.365109 2
2.521891 6.696742 1
2.417243 6.654553 1
2.566158 6.600378 1
0.798703 4.935954 1
1.819209 5.788214 1
1.544884 8.074590 1
2.477557 6.542108 1
1.334896 9.444846 1
1.348866 9.335640 1
1.469599 9.466022 1
2.266217 6.002661 1
2.244823 5.896971 1
2.139534 5.880462 1
0.506783 7.991428 1
1.497565 9.348309 1
1.348485 3.453827 1
3.416707 5.654121 1
3.519774 5.432137 1
2.056813 4.649498 1
1.071089 8.570249 1
0.616793 5.524652 1
0.753121 5.474871 1
0.704196 5.575406 1
0.101495 4.079753 1
1.783377 6.277089 1
1.153041 4.501813 1
1.165372 4.363902 1
0.239582 5.637921 1
0.279358 5.768495 1
0.178162 5.768868 1
1.249943 5.883609 1
0.356925 5.562954 1
0.360935 5.703599 1
3.091022 7.181091 2
2.573590 6.040870 1
3.306064 4.596165 1
3.447032 4.666956 1
3.290806 4.717952 1
3.381533 4.790601 1
0.323862 6.067037 1
2.505281 5.722375 1
2.360957 5.697104 1
1.684391 8.982583 1
1.557101 4.441323 1
3.482398 4.827260 1
0.000000 6.666667 0
1.126392 6.947610 1
0.987395 6.885596 1
1.114545 6.819599 1
1.015840 6.738435 1
2.614580 5.068915 1
2.373101 5.553058 1
0.110544 5.656777 1
0.283384 7.047626 1
1.346684 6.950495 1
1.439220 7.024059 1
1.345919 7.083216 1
0.404601 3.755174 1
0.589610 5.172690 1
3.224849 6.748847 1
1.687407 3.196637 2
2.688408 6.845854 1
2.552580 6.887485 1
2.618056 6.741405 1
1.305190 4.892964 1
1.246485 4.971503 1
1.361718 8.903855 1
1.337824 8.769677 1
1.458961 8.869428 1
3.565191 4.752255 1
0.298179 4.346334 1
0.163075 4.437894 1
0.155146 4.289350 1
0.751689 6.471792 1
0.465655 6.555604 1
2.196571 6.194947 1
2.346585 6.143816 1
2.282090 6.289904 1
0.886363 6.750875 1
2.958561 5.491240 1
0.938187 4.303159 1
0.983424 4.420954 1
0.414963 8.071552 1
3.652773 5.830866 2
3.510746 5.861794 2
1.538939 3.726226 1
1.316966 3.563776 1
1.649491 5.183521 1
0.356034 9.675016 1
0.225961 8.181989 1
0.211318 9.131266 1
0.294735 9.054495 1
0.369858 9.189230 1
1.051319 6.259661 1
3.387095 5.854040 1
1.266389 7.642892 1
1.177508 7.507638 1
1.326424 7.547935 1
2.466010 8.508545 2
2.344554 8.463660 1
2.438167 8.359035 2
0.455974 3.598279 2
0.340842 3.651117 1
0.303318 3.536052 2
1.908202 7.358087 1
2.862174 6.578849 1
2.968595 6.656877 1
2.851676 6.706321 1
1.256852 3.379022 1
0.529079 9.213453 1
1.073092 5.746907 1
0.953502 5.786160 1
1.997262 3.961263 1
1.106335 4.660254 1
1.050924 4.792417 1
0.961264 4.723523 1
0.512555 3.990443 1
1.210548 6.020026 1
2.215323 5.675426 1
2.220497 5.793075 1
0.967973 4.616813 1
0.322388 8.169227 1
0.983326 8.514839 1
0.371069 6.795438 1
0.890913 4.840916 1
2.952770 7.357646 2
0.864530 9.786017 1
1.283737 7.430814 1
1.204557 7.331199 1
3.182012 5.557523 1
0.435687 8.704444 1
2.170873 4.567527 1
0.345145 4.655893 1
0.317155 4.493004 1
0.224829 4.579339 1
1.456560 4.158369 1
1.666563 4.399127 1
2.035455 7.380548 1
2.150744 7.318586 1
2.112930 7.459446 1
2.586080 7.112348 1
2.334530 5.834524 1
2.675906 3.858227 2
2.293629 4.533353 1
2.364146 4.641335 1
1.070193 6.356997 1
1.158510 6.252482 1
1.198241 6.407594 1
1.288719 6.310036 1
0.235199 7.868153 1
1.051147 8.044083 1
1.144988 8.142914 1
0.981902 8.191603 1
0.732483 6.352259 1
0.721417 6.205487 1
2.079071 7.912491 1
2.120774 7.803924 1
2.261610 7.806186 1
2.006415 7.842937 1
0.960186 5.918945 1
1.060478 5.867939 1
1.075357 5.997949 1
0.997649 7.156612 1
0.906328 7.288684 1
0.844803 7.132699 1
0.460374 5.629442 1
1.390459 7.691524 1
1.501852 7.678027 1
1.511669 4.565185 1
1.487731 4.716579 1
0.694444 10.000000 0
0.555556 10.000000 0
0.632514 9.850994 1
0.000000 9.444445 0
0.000000 9.305555 0
0.147830 9.363488 1
2.146028 5.581932 1
2.940133 4.188791 1
2.794811 4.175054 1
2.859029 4.264322 1
1.620126 4.919281 1
1.745081 4.939768 1
0.739847 7.167933 1
0.668488 7.268610 1
0.630688 7.118028 1
0.714316 9.402905 1
2.556775 3.810593 2
0.249671 5.295481 1
1.090806 7.389845 1
0.795127 8.045098 1
2.177634 8.374730 1
3.277380 6.882189 1
3.118363 6.849500 1
3.163727 6.971000 1
1.592145 4.171113 1
0.229289 9.240767 1
1.690180 5.050747 1
1.247027 9.296149 1
1.236969 9.439577 1
1.852256 4.457335 1
1.371875 6.417456 1
1.438828 6.301654 1
0.623057 5.404192 1
2.020253 7.267929 1
2.363943 6.802744 1
2.245891 6.841384 1
1.445282 9.003757 1
0.191008 8.946526 1
1.884973 6.114752 1
3.189896 5.445690 1
3.613718 4.608540 1
3.522887 4.489528 2
0.270356 6.722905 1
0.241087 6.594317 1
2.042769 3.837402 1
2.437755 6.885254 1
0.838054 3.780471 1
0.000000 5.555555 0
0.000000 5.416667 0
0.132429 5.509089 1
0.712002 9.129732 1
0.756333 7.376606 1
0.669728 7.526626 1
0.642332 7.395194 1
2.540742 4.074995 1
0.695885 8.017605 1
1.246031 5.221209 1
0.840212 6.200315 1
0.832334 8.181274 1
3.616906 5.228161 1
3.632662 5.360464 1
3.724198 5.187801 1
1.935556 3.863652 1
1.225959 3.886014 1
1.894796 8.283788 1
1.796368 8.333261 1
0.532266 7.220194 1
0.563854 7.457312 1
1.944062 6.806640 1
2.054027 6.924795 1
1.886681 6.919601 1
1.946103 7.028942 1
0.000000 7.361111 0
0.081500 7.298603 1
0.115371 7.430360 1
2.574666 7.007318 1
0.106432 5.066491 1
0.759355 5.356022 1
0.636902 8.530614 1
1.914454 5.282464 1
2.052919 5.351081 1
1.933411 5.425395 1
0.844892 5.723430 1
0.817945 9.228610 1
0.705682 9.281222 1
0.208464 7.574777 1
0.250566 7.417533 1
2.126284 8.081773 1
2.057845 8.012397 1
2.556417 7.605742 1
0.323471 7.516419 1
0.487094 9.909638 1
0.086995 9.513889 1
0.362887 6.551648 1
0.814496 7.491768 1
0.000000 6.250000 0
0.000000 6.111111 0
0.144028 6.180555 1
1.212820 9.693766 1
1.355126 9.675912 1
1.757389 4.056217 1
1.939620 5.144183 1
1.848137 5.192117 1
1.825933 5.051859 1
2.969521 4.300983 1
2.823711 4.393661 1
1.106314 5.636593 1
2.956564 4.427278 1
1.959572 5.977446 1
0.821548 5.858727 1
1.241030 6.163182 1
1.368997 6.188184 1
0.736492 3.530544 1
0.746491 3.433412 1
0.273826 3.722991 1
1.492842 5.722325 1
0.000000 7.500000 0
3.749798 4.799947 1
0.830477 9.369934 1
0.838538 9.499920 1
2.440898 7.840679 1
2.551204 7.791159 1
2.592933 7.696841 1
1.824021 3.453087 1
0.492459 5.721128 1
2.468989 4.628735 1
2.523161 4.529856 1
0.493726 8.971506 1
0.404042 9.048648 1
0.495417 5.508823 1
2.651590 6.943803 1
3.081839 7.047856 1
2.493084 6.794065 1
1.862262 6.226519 1
1.912050 6.310066 1
0.000000 9.722222 0
0.000000 9.583333 0
0.416667 10.000000 0
0.277778 10.000000 0
0.347068 9.865978 1
1.203689 5.589727 1
0.481959 6.387649 1
0.311214 6.299680 1
0.113225 6.883154 1
1.978818 6.434281 1
2.142704 5.215140 1
2.197273 5.369653 1
1.949055 4.990519 1
2.078709 4.956062 1
2.046958 5.102517 1
0.877540 4.413786 1
3.185332 5.716519 1
1.583376 3.502321 1
2.313524 3.484680 1
2.376864 3.565907 1
2.233952 3.561823 1
0.000000 5.972222 0
0.116808 5.897958 1
0.111832 6.061011 1
1.599322 5.826808 1
1.484004 5.872913 1
1.854272 5.900525 1
0.823822 5.596280 1
1.853078 6.394500 1
0.000000 7.083333 0
0.141202 7.079720 1
0.804992 8.836111 1
2.843946 5.346820 1
3.064560 6.175085 1
1.758602 5.662060 1
1.720629 5.535300 1
1.859047 5.557207 1
0.390550 8.588207 1
0.499662 8.572626 1
1.364042 6.804653 1
0.498943 5.377163 1
1.751417 7.973350 1
0.790186 7.268943 1
2.213852 8.122400 1
1.363881 3.209672 2
0.303171 7.658401 1
2.515239 6.158843 1
2.660096 6.213124 1
2.510188 6.287699 1
1.154797 9.368364 1
0.000000 7.222222 0
2.019053 5.225721 1
3.672231 4.470662 2
2.118942 4.284904 1
0.420228 6.023907 1
1.230318 4.716856 1
1.336670 4.690624 1
2.399718 3.322978 2
2.535318 3.365102 2
2.398672 3.432443 1
0.755263 5.973875 1
0.867131 5.978233 1
3.102245 5.190632 1
3.193439 5.063548 1
0.000000 8.055555 0
3.065319 4.494302 1
3.173604 4.555604 1
2.084858 8.479953 1
2.011927 8.365358 1
2.442650 4.721149 1
1.258429 3.661305 1
1.407226 3.692912 1
2.078767 7.666364 1
2.034003 7.560336 1
2.176873 7.551620 1
1.758916 5.154770 1
1.490665 6.790922 1
2.267133 3.651647 1
0.598355 8.906145 1
0.957793 6.520961 1
1.070850 6.471199 1
2.525452 5.281466 1
2.634807 5.354449 1
1.860916 8.142054 1
2.010645 8.122132 1
0.717251 6.064655 1
1.282266 3.134658 2
1.256936 3.262984 1
1.497397 8.567036 1
1.963672 4.855675 1
1.753081 6.410414 1
0.105653 5.389453 1
2.093771 4.187382 1
3.554677 4.894423 1
3.533933 5.005734 1
1.155098 7.636156 1
3.064626 6.488285 1
2.142537 6.862159 1
0.984513 8.316355 1
2.076327 7.058541 1
0.805133 4.493316 1
1.762708 6.517904 1
1.701525 6.607427 1
3.077426 5.065394 1
2.976465 4.996763 1
2.980428 4.866797 1
1.030836 9.115532 1
1.126290 9.230981 1
1.010762 9.226134 1
0.929986 7.017158 1
0.862778 6.878037 1
0.804398 6.970953 1
0.115023 7.874085 1
0.441826 5.283202 1
2.190225 7.101747 1
1.372863 5.437885 1
1.260954 5.351810 1
1.252662 4.198272 1
2.161426 5.086014 1
2.191758 4.977833 1
3.026547 4.078624 2
1.495888 6.199917 1
0.972222 10.000000 0
0.000000 9.027778 0
2.523007 3.648184 2
2.451574 3.748473 1
2.055979 8.579137 1
1.376183 4.959968 1
2.811126 6.830569 1
1.289464 4.793635 1
0.462606 5.832233 1
0.344942 5.846585 1
2.559854 7.907807 2
2.580730 8.027303 2
2.019666 8.846539 2
2.411268 6.239966 1
0.996799 7.950277 1
1.738686 4.527773 1
1.624204 4.521267 1
2.508919 8.137167 2
0.492241 9.801861 1
1.333971 6.646914 1
1.205009 6.635832 1
1.276242 6.520332 1
1.017475 3.636533 1
2.074688 8.746455 1
0.556224 5.274645 1
0.930958 7.556477 1
1.004662 8.995338 1
2.411756 5.449990 1
2.181320 6.395429 1
2.078305 6.379520 1
1.463472 7.365602 1
1.532278 7.479693 1
1.136453 5.394846 1
1.235183 5.467110 1
1.878052 8.432953 1
1.824728 8.560706 1
0.664117 6.992033 1
0.692460 6.894339 1
0.768840 6.814992 1
0.799684 6.671224 1
1.374240 3.826074 1
0.323504 6.922027 1
0.479855 6.892079 1
1.973966 7.465500 1
1.747745 8.802259 1
0.736771 7.076329 1
3.947360 5.059838 1
3.918432 5.171042 1
2.776603 4.618862 1
1.155032 9.125547 1
2.085275 4.074595 1
1.040813 7.011794 1
0.148263 3.745319 1
0.833898 4.203212 1
0.903448 4.091822 1
2.465141 6.063437 1
1.383168 6.525343 1
1.478751 6.592216 1
1.444627 6.706367 1
2.060019 6.808969 1
0.955230 5.303747 1
0.838786 5.261732 1
0.989375 5.185784 1
3.315720 5.737246 1
1.616130 9.365771 2
1.623189 9.519094 2
0.964521 9.713545 1
0.954280 9.592237 1
2.717383 6.311791 1
2.486100 3.502004 2
2.849089 4.819247 1
2.796990 6.126307 1
0.718892 5.204931 1
0.000000 4.444445 0
0.104653 4.543991 1
0.000000 5.694445 0
2.359423 7.771815 1
2.264250 4.935091 1
2.772497 6.631569 1
1.263118 8.884799 1
1.675653 7.515348 1
1.761743 7.409687 1
1.793636 7.572269 1
1.862727 7.473275 1
2.862094 4.510117 1
1.609873 3.384493 1
1.693205 3.467392 1
2.703638 6.067058 1
2.384405 6.022806 1
2.209255 7.681920 1
0.000000 3.750000 0
0.671950 5.881313 1
1.079771 4.434591 1
0.299041 8.656504 1
1.334587 7.310613 1
2.269654 6.706133 1
0.220288 5.997429 1
1.899794 3.359475 1
2.839083 4.711417 1
1.190860 3.579062 1
1.058497 9.815688 1
1.885537 3.695536 1
1.812431 5.456323 1
2.440646 4.411197 1
2.626641 5.202529 1
1.458034 5.570761 1
1.319570 5.547248 1
2.106870 8.283138 1
3.234506 4.368670 1
3.086691 4.360928 1
3.178654 4.262046 1
2.444946 5.828526 1
0.920541 7.459746 1
0.930620 9.294585 1
0.973801 9.436555 1
1.054995 9.315080 1
2.717163 4.844965 1
3.160703 4.445453 1
3.090335 6.712043 1
3.251264 5.385256 1
3.381427 5.371530 1
3.278691 5.499142 1
1.438288 3.555330 1
1.396366 7.460019 1
3.398920 4.532316 1
3.077367 4.789127 1
1.180613 4.103860 1
1.976478 7.746914 1
1.205404 8.976017 1
0.672693 3.611420 1
1.768899 4.404296 1
2.709536 7.054564 1
2.821318 7.035058 1
1.243384 4.290224 1
1.632814 5.711406 1
3.409681 5.515831 1
0.633174 9.197259 1
0.592068 9.076138 1
3.649375 4.834450 1
1.065321 5.294051 1
1.171018 5.288370 1
3.166606 4.677914 1
2.986669 5.144243 1
1.021153 7.292825 1
2.228667 8.455847 1
3.414002 6.824035 2
3.397062 6.972573 2
0.564581 9.714310 1
0.661354 5.299221 1
0.000000 4.305555 0
0.107323 4.186213 1
2.200501 5.493474 1
2.304739 5.460426 1
0.683349 7.644981 1
1.288095 7.776429 1
0.000000 3.888889 0
0.849335 6.431480 1
2.364691 3.674391 1
0.213930 8.846450 1
0.214986 3.612837 1
2.768164 4.308964 1
1.032397 4.539159 1
1.762124 5.277796 1
1.837731 5.358323 1
2.660093 7.848749 2
2.686038 7.749208 2
1.429399 8.087277 1
2.089673 5.470119 1
0.831033 6.551325 1
0.953595 8.408203 1
1.236438 6.883706 1
0.000000 5.000000 0
0.000000 4.861111 0
0.121741 4.909756 1
0.920518 4.531152 1
0.000000 4.722222 0
0.000000 4.583333 0
0.119825 4.672441 1
2.327956 5.344021 1
0.605128 6.093863 1
2.208205 6.496840 1
0.000000 7.916667 0
0.000000 10.000000 0
0.000000 9.861111 0
0.107824 9.892176 1
0.138889 10.000000 0
2.723051 7.266156 1
1.164663 6.531327 1
0.414330 4.068227 1
1.151346 9.895024 1
0.106092 8.849491 1
1.860227 6.496627 1
2.438673 5.348428 1
2.771141 5.990453 1
4.090350 5.075854 2
4.009738 4.968693 2
1.358403 9.543875 1
1.443864 9.592309 1
2.741679 5.866411 1
2.704592 5.756721 1
3.875270 4.965647 1
0.911069 9.174496 1
1.887306 8.627846 1
0.808822 3.631481 1
3.965637 4.859202 2
3.989231 4.708849 2
0.081024 4.368888 1
0.138369 5.285372 1
1.774530 3.699827 1
1.845996 4.885234 1
2.974607 6.528362 1
1.062614 9.535784 1
2.015341 8.240054 1
1.451279 7.567094 1
2.506077 5.152360 1
0.352246 6.389323 1
3.296501 4.470175 1
0.000000 5.138889 0
0.085142 5.194705 1
2.684746 7.162374 1
1.542193 6.684094 1
1.311718 8.993432 1
0.000000 4.166667 0
0.114363 6.303110 1
2.870167 6.466660 1
0.215323 6.379928 1
0.286639 6.485198 1
0.145565 6.498655 1
0.000000 6.527778 0
0.101550 6.405153 1
0.201777 6.955204 1
0.241448 6.843279 1
3.510435 5.292639 1
0.759233 9.770711 1
1.644509 6.699808 1
1.494057 3.828117 1
1.943088 8.197810 1
1.456548 7.228272 1
1.516216 7.100515 1
3.338020 5.587583 1
1.147493 5.921739 1
1.258936 9.570167 1
3.624146 4.951439 1
1.866666 4.740505 1
1.598852 5.928372 1
1.955428 8.552999 1
0.480838 9.114609 1
1.977435 7.641033 1
1.519705 4.078920 1
1.541506 3.965039 1
0.389819 9.757821 1
0.000000 6.388889 0
2.274977 5.033824 1
0.569405 4.688503 1
0.657364 4.762203 1
1.424073 4.634500 1
1.708726 5.785487 1
1.401960 4.827195 1
1.153550 9.786070 1
0.220797 6.099459 1
2.359648 5.921749 1
3.062189 4.222247 1
3.158952 4.149160 2
2.021545 6.303704 1
0.217860 6.270355 1
1.346873 9.100210 1
0.646802 4.323534 1
0.770799 4.381408 1
3.219912 7.099728 2
0.091278 9.780123 1
0.213692 9.912251 1
0.571542 3.574226 1
0.519351 6.007927 1
1.226046 6.755610 1
4.021440 5.155866 1
1.420698 7.120935 1
0.253715 4.248518 1
1.301408 8.605935 1
1.426698 8.649664 1
3.818960 4.513000 3
0.599666 9.312307 1
1.071071 6.610753 1
1.076383 9.418751 1
1.128930 6.714970 1
3.713630 5.288313 1
0.000000 5.277778 0
3.834062 4.861106 1
2.676126 6.621308 1
1.974128 8.457271 1
2.110897 7.181079 1
2.266949 5.578924 1
0.923397 8.056890 1
1.996131 7.145063 1
1.079324 9.680214 1
1.431660 3.914780 1
0.000000 8.888889 0
1.111111 10.000000 0
0.457483 4.687528 1
2.043949 5.901158 1
2.111428 3.605422 1
3.075473 6.590240 1
0.084081 6.578643 1
0.898227 3.693818 1
2.613141 6.119974 1
0.738157 4.849654 1
0.000000 4.027778 0
2.400570 8.122841 1
0.546788 5.903909 1
0.424369 5.926633 1
1.575904 7.604143 1
1.642432 7.990613 1
2.885120 5.567744 1
2.275002 6.571133 1
0.000000 5.833333 0
0.967439 4.006477 1
1.049190 7.700259 1
0.876311 3.995480 1
1.534460 9.581480 1
1.632625 4.071932 1
2.158822 8.828609 2
0.935367 6.645044 1
1.345869 9.212654 1
1.980952 4.739970 1
1.717935 9.096978 2
1.750976 8.080727 1
1.847712 4.590309 1
2.861234 5.904022 1
1.444916 9.260551 1
0.418895 6.471860 1
0.397058 4.783470 1
0.282452 4.796529 1
3.277499 6.994697 1
2.606400 5.743266 1
1.516116 4.814785 1
3.252874 4.200253 2
0.239060 4.693612 1
0.719683 8.890155 1
3.243331 5.637528 1
1.602232 3.849742 1
2.401201 4.527609 1
2.761153 6.941907 1
3.316807 6.787547 1
0.403314 4.311971 1
0.489652 4.263585 1
0.537349 4.347873 1
2.755666 5.402276 1
1.961541 3.763787 1
3.371267 4.340522 2
1.142776 9.493199 1
4.102524 5.218718 3
0.352589 4.204545 1
3.170548 6.517179 1
1.940171 4.651053 1
1.149933 9.600081 1
0.000000 6.944445 0
2.874966 5.450286 1
3.422117 4.438757 2
2.200313 3.282825 2
0.078739 4.791667 1
0.183726 4.791667 1
0.093535 6.987447 1
1.404965 8.536551 1
1.305023 8.488237 1
0.460118 4.163203 1
0.866498 5.386453 1
3.279840 4.277283 1
3.355225 4.213881 2
0.749340 4.281882 1
2.503778 8.272970 2
1.703635 7.898520 1
1.824299 6.803420 1
0.075243 5.763889 1
1.031805 7.484908 1
1.056095 7.595831 1
3.256470 6.430376 1
0.581823 4.228570 1
2.138969 6.287920 1
1.888285 6.699817 1
1.765391 6.700409 1
1.363342 7.185035 1
0.833953 4.316689 1
0.418376 8.475342 1
1.769243 3.527869 1
0.981706 7.387838 1
0.857799 7.383876 1
3.340920 7.072015 3
0.092829 7.983811 1
2.284962 3.372878 1
1.842852 7.773014 1
1.878363 7.667325 1
0.575413 6.917888 1
1.811099 7.010266 1
0.689004 4.960452 1
0.320373 5.961413 1
0.236595 4.883244 1
1.117910 9.027727 1
0.243322 5.873458 1
1.823849 6.603411 1
0.455960 9.693076 1
1.556930 5.627866 1
1.782536 7.690072 1
1.164038 5.815179 1
1.497119 8.467815 1
2.219551 3.457190 1
1.229989 9.066641 1
0.084204 8.953752 1
1.047968 9.918360 1
1.242998 9.176913 1
0.076489 3.962608 1
2.733116 6.724302 1
1.654394 5.613462 1
2.113444 8.183642 1
1.623212 7.089769 1
1.919563 7.564223 1
2.319116 3.273398 2
0.633783 5.986217 1
1.962033 6.206042 1
 0 1 2
 1 3 2
 4 5 6
 7 8 9
 9 8 10
 6 5 11
 12 13 14
 15 16 17
 16 18 17
 19 20 21
 22 23 24
 25 26 27
 28 13 12
 29 15 30
 31 32 33
 34 23 22
 35 29 30
 36 37 38
 39 40 41
 37 42 38
 43 44 45
 40 46 41
 47 48 49
 32 50 33
 51 52 53
 21 20 54
 53 52 55
 45 44 56
 57 58 59
 49 48 60
 61 62 63
 58 64 59
 65 66 67
 68 69 70
 70 69 71
 72 73 74
 72 74 75
 76 77 78
 3 79 80
 81 82 83
 84 85 86
 26 87 27
 88 89 90
 88 41 89
 91 92 93
 94 95 96
 97 98 13
 99 100 7
 101 7 100
 102 103 104
 105 104 103
 106 107 108
 109 110 111
 112 19 21
 113 114 115
 116 115 114
 87 117 27
 118 119 120
 121 122 123
 124 123 122
 125 126 127
 128 129 130
 131 132 133
 134 135 78
 136 137 138
 139 138 137
 5 140 141
 142 143 144
 145 146 147
 148 147 146
 149 150 151
 5 141 152
 28 143 142
 153 154 155
 156 157 158
 159 160 161
 162 163 164
 3 80 2
 165 166 167
 165 167 168
 66 8 67
 169 170 171
 172 160 159
 173 174 175
 176 163 162
 177 82 81
 178 179 180
 181 62 61
 119 182 183
 109 184 110
 16 185 186
 187 188 189
 190 191 192
 128 130 193
 194 195 196
 197 198 199
 200 138 201
 202 203 140
 204 205 206
 141 140 203
 207 24 23
 208 127 146
 10 209 117
 210 45 211
 212 213 214
 215 214 213
 216 217 218
 219 220 221
 222 223 224
 225 181 226
 227 228 229
 156 230 157
 231 232 233
 234 233 232
 209 27 117
 235 93 92
 236 237 238
 239 238 237
 57 59 30
 240 241 242
 243 217 244
 216 244 217
 245 205 246
 247 248 249
 219 221 250
 97 251 98
 252 253 254
 255 256 257
 94 96 258
 259 260 261
 262 108 107
 243 263 217
 264 265 266
 101 8 7
 267 190 192
 246 205 204
 268 269 270
 271 272 273
 270 269 274
 46 30 17
 275 276 277
 278 279 280
 281 282 283
 284 283 282
 285 286 287
 288 260 259
 289 290 291
 30 15 17
 292 293 294
 295 296 297
 116 298 299
 300 301 302
 303 304 305
 306 169 171
 307 308 309
 89 309 308
 310 175 311
 312 311 175
 313 224 223
 314 315 316
 317 111 110
 131 133 318
 319 320 321
 0 322 323
 324 325 326
 210 211 327
 30 59 328
 329 14 330
 135 76 78
 10 117 331
 184 332 110
 110 332 333
 16 334 335
 268 336 337
 338 127 126
 339 340 341
 323 322 342
 343 259 174
 344 345 346
 347 254 253
 348 349 345
 235 214 350
 351 352 353
 354 353 352
 310 355 175
 173 175 355
 356 199 357
 358 137 359
 360 206 205
 176 361 163
 362 359 137
 116 299 363
 364 365 366
 367 366 365
 289 291 368
 369 370 230
 319 371 372
 173 373 174
 343 174 373
 374 375 376
 377 357 199
 378 93 379
 380 179 381
 382 383 384
 377 385 386
 387 388 389
 390 391 392
 243 393 394
 395 396 397
 398 399 400
 390 389 391
 16 29 334
 289 401 290
 292 294 402
 247 249 403
 404 405 98
 406 407 408
 154 409 155
 410 369 230
 360 411 206
 204 206 412
 105 103 413
 262 107 414
 379 93 415
 416 417 418
 281 326 325
 395 419 396
 420 163 361
 202 4 421
 398 422 399
 423 133 132
 380 424 179
 319 372 425
 118 425 372
 426 427 428
 234 232 429
 430 431 432
 433 171 170
 112 21 434
 225 226 435
 255 436 256
 437 336 438
 439 438 336
 440 441 442
 430 432 443
 222 444 223
 252 445 446
 165 447 448
 449 448 447
 450 311 242
 451 452 417
 453 417 452
 178 454 455
 16 15 29
 176 456 361
 275 457 276
 458 278 280
 314 256 459
 460 461 462
 463 464 465
 63 465 464
 311 466 242
 467 468 469
 84 86 470
 471 472 473
 178 474 179
 475 476 477
 478 477 476
 173 355 425
 374 479 375
 42 144 143
 480 361 481
 482 483 484
 485 183 182
 486 487 488
 262 414 489
 490 400 399
 3 491 492
 178 85 454
 493 480 481
 494 238 388
 495 496 196
 16 186 497
 215 350 214
 234 498 499
 500 501 502
 125 127 503
 504 505 506
 467 507 468
 508 62 181
 509 510 511
 382 384 512
 513 514 515
 314 316 257
 387 389 516
 486 517 487
 518 491 260
 519 196 496
 520 521 522
 296 523 297
 521 524 522
 112 525 19
 526 284 527
 3 492 79
 500 502 528
 529 446 445
 348 345 530
 471 473 365
 367 365 473
 531 157 230
 532 533 534
 535 266 536
 16 497 18
 537 538 539
 540 539 538
 541 542 543
 508 398 248
 404 98 251
 544 545 473
 351 546 547
 381 548 549
 509 550 510
 440 551 441
 387 516 552
 553 554 555
 553 556 554
 557 558 559
 156 410 230
 560 223 444
 102 561 103
 562 563 564
 565 566 567
 568 151 150
 34 569 23
 231 570 232
 178 86 85
 567 566 571
 216 209 65
 572 573 574
 575 190 576
 577 576 190
 347 253 578
 574 573 579
 406 408 580
 324 581 325
 281 325 282
 582 282 325
 342 583 323
 314 257 256
 584 548 381
 585 586 587
 54 588 21
 116 589 298
 262 590 591
 592 593 594
 442 595 440
 123 595 442
 592 596 597
 268 270 336
 537 598 394
 532 534 599
 16 335 185
 600 601 602
 603 602 601
 437 337 336
 319 220 371
 264 604 265
 360 506 505
 605 606 546
 482 392 607
 295 431 296
 106 608 107
 603 601 609
 271 610 272
 406 558 407
 611 612 613
 614 613 612
 615 79 166
 167 166 79
 616 546 606
 592 594 617
 96 95 618
 619 620 621
 367 525 622
 619 621 469
 262 489 590
 91 623 92
 624 368 291
 557 559 625
 626 627 628
 629 630 405
 631 632 633
 601 634 609
 544 473 472
 635 636 637
 638 515 514
 131 318 639
 640 641 642
 461 596 462
 614 612 643
 344 644 345
 645 160 646
 647 201 138
 648 649 326
 285 287 650
 651 152 580
 329 652 143
 112 622 525
 149 151 251
 653 361 456
 654 229 228
 655 656 657
 417 658 418
 334 29 659
 660 661 662
 663 664 665
 666 667 668
 156 158 669
 670 671 672
 152 673 580
 674 162 657
 164 657 162
 292 675 676
 208 146 677
 678 679 680
 319 355 320
 367 473 681
 124 682 123
 683 684 24
 678 680 685
 386 385 686
 584 474 687
 24 684 22
 688 318 133
 131 513 515
 356 280 279
 495 277 276
 234 499 233
 274 680 689
 319 321 221
 243 394 690
 655 302 301
 691 305 304
 692 661 693
 351 353 546
 495 196 277
 356 279 199
 345 694 346
 541 695 542
 696 323 583
 439 697 698
 699 698 697
 455 687 474
 106 108 700
 106 126 701
 702 703 704
 101 705 8
 706 684 606
 118 707 119
 696 708 323
 709 323 708
 710 711 712
 713 712 711
 200 714 138
 715 716 717
 247 717 716
 416 718 719
 720 721 517
 722 517 721
 395 723 419
 720 419 723
 724 725 726
 727 728 729
 597 596 730
 731 732 435
 733 73 734
 72 734 73
 735 736 737
 738 739 740
 207 741 24
 742 743 485
 744 743 742
 72 75 745
 746 745 75
 683 606 684
 747 748 749
 197 199 279
 195 277 196
 106 701 608
 109 750 184
 10 66 209
 118 372 751
 198 229 199
 666 366 622
 367 622 366
 249 248 400
 216 27 209
 212 752 213
 753 693 661
 390 633 632
 314 459 754
 509 755 550
 475 527 282
 624 756 757
 758 757 756
 724 726 452
 106 759 126
 655 657 760
 212 461 752
 460 752 461
 329 761 652
 762 573 763
 334 659 649
 390 392 633
 240 764 241
 52 765 766
 767 586 585
 702 669 768
 67 8 705
 769 100 770
 482 771 392
 450 242 241
 392 391 607
 772 656 301
 463 459 256
 116 114 773
 345 349 774
 274 269 680
 52 51 765
 775 601 776
 688 777 318
 778 318 777
 779 321 677
 235 92 214
 405 630 98
 101 780 627
 364 781 365
 471 365 781
 782 783 784
 785 33 50
 786 787 788
 173 425 789
 754 254 790
 28 791 13
 97 13 791
 430 618 95
 416 719 792
 89 308 90
 67 244 65
 216 65 244
 793 717 384
 348 530 447
 794 412 427
 699 636 698
 635 698 636
 475 282 795
 426 796 427
 794 427 796
 145 797 146
 313 223 798
 799 800 429
 121 363 122
 748 801 749
 358 359 787
 802 787 359
 803 804 805
 806 805 804
 807 808 809
 101 627 810
 575 641 191
 640 191 641
 647 578 253
 215 213 811
 812 586 767
 226 731 435
 42 37 144
 84 813 85
 814 815 816
 557 407 558
 292 676 817
 785 818 819
 509 511 665
 820 809 821
 377 199 385
 822 823 517
 216 218 824
 99 770 100
 820 821 825
 106 700 759
 736 826 737
 738 740 827
 778 828 318
 284 282 527
 786 829 787
 640 192 191
 820 522 524
 830 831 832
 833 834 276
 495 276 834
 720 517 823
 148 146 835
 341 340 625
 836 837 838
 744 839 840
 292 841 675
 678 405 679
 313 798 70
 842 840 839
 267 773 843
 128 817 844
 713 845 846
 114 843 773
 847 562 848
 112 849 622
 239 607 391
 850 442 441
 851 807 809
 779 221 321
 852 83 82
 853 854 750
 184 750 854
 331 704 703
 855 25 856
 857 856 25
 28 12 143
 210 858 45
 859 130 129
 252 386 253
 281 283 648
 860 861 260
 491 860 260
 252 446 386
 862 863 543
 542 862 543
 864 596 461
 626 865 627
 537 866 598
 565 867 566
 867 769 566
 647 253 386
 868 869 589
 870 871 480
 872 873 874
 861 261 260
 713 711 845
 390 516 389
 875 441 551
 535 876 266
 377 386 446
 298 55 299
 299 55 52
 264 266 877
 56 211 45
 508 248 716
 271 273 878
 500 2 80
 453 658 417
 306 879 169
 880 881 815
 10 331 703
 882 883 884
 645 646 885
 886 328 59
 857 25 824
 285 887 286
 888 889 890
 891 892 893
 850 894 895
 113 896 114
 292 817 897
 869 898 589
 899 900 443
 508 422 398
 178 180 901
 447 530 902
 46 903 41
 904 905 906
 907 908 695
 84 695 908
 619 909 561
 231 399 422
 864 461 910
 758 539 757
 329 330 745
 292 897 293
 911 397 396
 728 912 729
 822 517 913
 406 914 558
 136 522 915
 820 915 522
 904 906 23
 57 30 40
 46 40 30
 916 917 918
 153 918 917
 762 763 919
 920 899 443
 880 815 921
 814 921 815
 775 922 81
 450 503 923
 35 659 29
 540 672 671
 924 265 604
 486 913 517
 178 455 474
 647 386 686
 678 489 925
 926 925 489
 927 928 929
 288 259 840
 451 930 931
 139 316 315
 398 400 248
 245 932 933
 227 934 228
 553 935 936
 937 938 755
 3 939 491
 560 940 941
 942 943 944
 945 838 837
 561 909 946
 702 768 703
 926 489 414
 889 947 890
 948 542 470
 949 418 950
 951 952 547
 351 547 952
 953 419 954
 793 254 754
 451 955 930
 956 957 203
 141 203 957
 34 896 569
 582 795 282
 121 115 363
 958 552 516
 882 959 883
 404 679 405
 329 143 12
 775 634 601
 898 960 589
 622 849 667
 783 961 784
 503 962 923
 655 301 656
 615 80 79
 963 964 411
 342 883 959
 782 784 617
 660 965 661
 307 966 308
 433 770 967
 116 773 868
 717 968 384
 948 862 542
 99 969 804
 467 693 507
 268 970 269
 971 972 55
 562 564 848
 382 454 813
 347 790 254
 973 974 506
 975 506 974
 976 977 978
 612 979 980
 981 980 979
 85 813 454
 520 522 982
 212 983 461
 972 53 55
 252 254 383
 99 7 984
 121 123 895
 146 127 835
 451 417 792
 416 792 417
 266 265 536
 985 986 142
 584 381 474
 71 108 987
 802 297 523
 988 883 989
 884 883 988
 537 394 393
 611 469 468
 948 470 86
 485 182 990
 329 12 14
 991 846 122
 992 303 305
 300 993 301
 994 751 995
 494 996 134
 35 30 328
 678 925 405
 904 23 569
 13 997 14
 540 998 672
 629 405 999
 859 1000 597
 1001 597 1000
 855 1002 488
 1003 488 1002
 494 1004 238
 358 316 137
 267 843 190
 641 1005 642
 463 1006 459
 5 4 140
 1007 1008 701
 1003 1009 488
 420 827 740
 1010 737 826
 1011 1012 1013
 5 1014 11
 494 134 1015
 518 492 491
 212 92 983
 1016 983 92
 255 829 1017
 1018 180 424
 179 424 180
 727 468 507
 791 28 142
 986 791 142
 234 429 800
 616 1019 546
 547 546 1019
 374 435 732
 1020 169 1021
 1022 410 1023
 404 689 679
 680 679 689
 1024 1025 402
 875 402 1025
 1026 1027 498
 387 498 1027
 981 1028 1029
 423 132 1030
 1031 1030 132
 985 142 144
 68 798 1032
 208 503 127
 96 1033 1034
 688 1034 1033
 139 137 316
 702 1035 669
 388 238 1036
 981 1037 1028
 953 799 429
 426 1038 1039
 692 662 661
 432 809 808
 426 1039 476
 319 425 355
 518 260 1040
 128 193 817
 1041 977 976
 208 677 1042
 786 748 912
 747 912 748
 611 1043 612
 208 962 503
 112 434 1044
 544 472 1045
 1046 1045 472
 916 641 1047
 1048 1049 1011
 1050 1011 1049
 715 62 716
 651 941 940
 973 933 932
 645 161 160
 981 979 729
 433 967 1051
 1052 1053 1054
 35 328 1055
 1056 1057 574
 691 332 1058
 1059 1058 332
 1060 88 90
 154 1060 90
 535 719 718
 1026 799 938
 928 1061 929
 212 214 92
 994 889 1061
 975 1062 556
 720 823 419
 88 917 1063
 850 895 442
 540 757 539
 149 1064 150
 91 150 1064
 1065 636 1066
 1067 782 617
 855 1068 25
 540 538 998
 0 2 1069
 670 672 1070
 631 1071 632
 222 224 781
 471 781 224
 560 1032 798
 252 383 445
 116 868 589
 1072 1073 1074
 1075 1074 1073
 554 1040 1076
 380 1071 424
 557 340 1077
 1078 1077 340
 1079 1063 917
 575 1080 641
 149 1054 1053
 942 944 1081
 863 657 656
 136 714 522
 319 221 220
 1082 1044 434
 13 630 997
 882 836 838
 321 1042 677
 128 844 1083
 136 915 137
 362 137 915
 1084 646 160
 916 1005 641
 356 1085 280
 541 280 1085
 467 1086 693
 769 770 1087
 1088 893 892
 339 43 1089
 45 1089 43
 42 143 652
 222 1014 444
 1062 1090 556
 1091 444 5
 444 1014 5
 1092 305 1058
 560 444 940
 713 765 712
 210 327 1093
 463 256 436
 572 763 573
 733 414 107
 200 201 228
 654 228 201
 1094 906 905
 174 1095 175
 449 952 1096
 951 1096 952
 850 441 1097
 1072 410 1073
 156 1073 410
 1097 1098 985
 441 1098 1097
 755 938 1099
 1100 1101 1102
 706 606 1103
 158 768 669
 1104 1017 829
 864 910 767
 853 1105 1106
 1107 1106 1105
 167 79 1108
 367 681 525
 802 788 787
 1109 1101 1100
 540 1110 757
 1111 1112 1113
 408 887 1114
 692 1086 1115
 1022 1115 1086
 601 1116 776
 504 506 1117
 853 1106 854
 1059 854 1106
 313 70 1118
 942 721 1119
 654 686 385
 1120 424 1071
 847 1121 562
 1078 286 887
 981 729 1037
 1022 1023 1115
 1007 701 1122
 1123 1124 393
 537 393 1124
 560 941 1032
 262 1125 108
 71 700 108
 850 1126 894
 1112 1127 1113
 785 1128 1129
 880 921 884
 785 1129 33
 1031 643 1030
 696 583 242
 240 242 583
 852 428 1130
 985 1025 986
 882 884 836
 785 819 1128
 1024 294 1131
 1052 1131 294
 97 791 1132
 600 602 1133
 1119 721 723
 775 776 922
 735 737 304
 739 302 740
 165 974 1134
 973 1134 974
 165 448 166
 715 465 62
 343 120 743
 853 819 818
 727 1135 728
 937 1136 135
 97 1132 1131
 313 1118 159
 1137 1138 756
 1010 1139 737
 333 737 1139
 207 23 906
 1064 1140 623
 674 1129 1128
 1141 1142 637
 1143 881 1144
 273 272 777
 778 777 272
 948 33 1129
 871 827 480
 872 874 826
 627 867 628
 331 117 944
 87 944 117
 733 107 608
 255 257 1145
 1024 986 1025
 101 100 780
 660 1146 464
 63 464 1146
 153 1060 154
 571 60 48
 1147 1082 434
 416 1148 718
 638 718 1148
 1149 889 994
 298 589 960
 1078 340 858
 338 126 759
 937 755 1136
 541 543 1150
 605 546 353
 169 879 1021
 296 431 95
 712 765 1013
 1151 189 188
 806 804 969
 1151 188 668
 259 1152 840
 91 1064 623
 1072 1023 410
 991 363 299
 344 59 64
 678 685 1153
 793 384 383
 1154 1155 38
 387 1027 388
 1156 856 1157
 508 181 1158
 557 625 340
 991 766 846
 812 1064 1053
 149 1053 1064
 1143 1159 881
 638 1160 515
 35 1055 659
 1161 512 384
 691 1058 305
 853 750 819
 382 445 383
 420 480 827
 1010 826 874
 600 1133 936
 611 1162 469
 619 469 1162
 963 411 609
 587 193 130
 724 844 676
 817 676 844
 1163 1164 1165
 537 1124 538
 1166 269 970
 1167 1168 1169
 1170 1144 881
 812 767 1140
 699 1066 636
 225 1158 181
 953 396 419
 451 719 955
 1171 955 719
 605 1103 606
 508 716 62
 1020 1172 169
 1173 520 982
 930 1083 844
 1048 1011 1013
 451 792 719
 1174 1175 1176
 1174 1176 1177
 243 1178 393
 348 447 1134
 420 740 163
 164 163 740
 815 881 1159
 945 652 761
 898 869 879
 1179 1013 1012
 1180 19 525
 164 760 657
 457 1181 276
 458 280 1182
 898 879 1183
 235 415 93
 1171 719 536
 535 536 719
 815 1159 816
 207 816 1159
 666 622 667
 951 547 1184
 39 1063 1185
 47 49 642
 1020 642 49
 255 1145 787
 981 1029 1030
 288 1076 1040
 688 133 1034
 1186 1038 1187
 572 574 1188
 1189 1188 574
 1190 533 1191
 1024 1132 986
 785 50 818
 426 1192 1038
 427 412 964
 540 671 1110
 1018 976 32
 1193 32 976
 13 98 630
 494 388 1194
 249 548 403
 584 403 548
 364 1195 781
 421 4 6
 1196 82 1197
 875 1098 441
 239 1036 238
 1065 1198 636
 1094 38 1155
 634 83 1130
 1016 623 1140
 213 752 1199
 1016 92 623
 71 1118 70
 1180 525 681
 1059 332 854
 184 854 332
 287 1200 147
 882 1201 959
 775 83 634
 255 787 829
 99 804 967
 793 383 254
 478 476 1039
 612 980 643
 670 1202 671
 1059 1106 1203
 206 411 964
 453 711 658
 1111 774 349
 25 27 824
 87 1081 944
 1016 1140 767
 310 962 320
 1204 938 799
 1084 591 590
 1205 1115 1023
 882 838 1201
 500 80 1206
 266 876 1207
 433 1087 770
 600 936 1208
 1109 1208 936
 358 787 1145
 165 1134 447
 1109 936 935
 985 144 37
 1209 811 1210
 727 507 1135
 1123 393 1211
 103 946 1212
 426 428 1192
 631 771 1213
 176 162 111
 310 320 355
 1141 1214 1142
 577 22 684
 236 238 1004
 991 299 766
 52 766 299
 769 1087 566
 830 832 1215
 509 665 664
 981 1030 980
 812 1140 1064
 154 1216 409
 285 941 1114
 651 1114 941
 1217 1218 1219
 778 1219 1218
 1220 1221 1219
 380 632 1071
 951 501 1206
 1222 878 1223
 710 950 418
 864 767 585
 149 251 1054
 97 1054 251
 204 1224 1112
 582 1112 1224
 553 1133 1117
 333 1225 737
 164 740 760
 103 1212 1226
 727 1043 468
 285 650 941
 1227 941 650
 1227 1032 941
 953 954 1228
 670 409 1216
 198 227 229
 1022 369 410
 1016 767 910
 592 597 593
 522 714 982
 949 1148 418
 370 1229 1230
 1127 581 1231
 119 183 120
 683 24 741
 330 14 997
 89 41 903
 325 581 1127
 118 120 789
 343 373 120
 1149 994 995
 1232 726 725
 423 1030 1029
 63 62 465
 1082 189 1044
 225 435 376
 833 1233 834
 427 1234 428
 1235 959 1201
 113 1236 894
 494 1237 996
 674 1238 1129
 84 908 813
 1205 731 662
 1190 1191 58
 354 58 1191
 145 147 1200
 553 1117 556
 948 1129 862
 526 527 477
 554 556 1090
 991 122 363
 430 443 900
 942 1239 943
 803 1051 804
 136 138 714
 1240 69 1241
 624 757 1110
 10 8 66
 1010 874 1242
 42 652 1154
 753 507 693
 439 698 438
 635 438 698
 582 325 1127
 423 1034 133
 1220 1243 1221
 772 543 656
 245 933 205
 1240 759 700
 500 1244 2
 42 1154 38
 975 1117 506
 1245 1246 379
 378 379 1246
 926 414 1247
 113 894 1248
 678 590 489
 432 431 821
 926 734 1249
 831 893 832
 727 979 1043
 779 250 221
 857 1157 856
 884 921 836
 605 533 1103
 532 1103 533
 833 276 1250
 541 1150 280
 47 642 1005
 99 984 969
 855 488 487
 832 1251 264
 532 1252 1103
 1253 990 1254
 1255 879 869
 769 780 100
 1256 832 264
 1257 1213 771
 437 1258 337
 1259 337 1258
 598 866 1260
 1209 1163 811
 493 1261 480
 873 1262 874
 493 874 1262
 870 480 1261
 239 237 607
 553 555 935
 666 563 1263
 924 1264 265
 1171 265 1264
 1265 1011 909
 1050 909 1011
 207 1159 741
 1028 749 258
 94 258 749
 973 506 933
 360 933 506
 1018 32 180
 31 180 32
 285 1114 887
 303 735 304
 739 300 302
 1186 1266 1038
 1267 1230 1229
 165 168 974
 635 637 1268
 1269 549 548
 758 866 539
 273 1223 878
 389 388 1036
 347 578 315
 108 1125 987
 390 1270 516
 330 997 1249
 124 122 846
 1168 1065 1066
 922 1271 81
 674 1272 162
 109 162 1272
 109 1272 750
 819 750 1272
 1022 1086 1229
 1179 1012 1273
 1106 1274 1203
 109 111 162
 660 662 731
 592 617 784
 306 1183 879
 653 481 361
 139 578 138
 647 138 578
 1273 1012 1275
 364 366 1121
 430 95 431
 1196 1187 1192
 1038 1192 1187
 475 1276 476
 342 322 883
 631 633 771
 295 821 431
 247 403 968
 426 476 796
 1107 1274 1106
 1079 1185 1063
 1257 771 484
 786 788 748
 537 539 866
 473 545 681
 1180 681 545
 783 1277 961
 852 1278 428
 1279 628 567
 565 567 628
 1245 336 270
 541 1085 695
 907 695 1085
 1277 1199 961
 758 1260 866
 600 1116 601
 123 682 595
 1082 187 189
 1253 1254 1102
 1026 938 1280
 219 947 220
 1149 220 947
 243 244 1178
 281 648 326
 710 418 658
 408 1114 580
 68 70 798
 1281 703 768
 683 1282 606
 616 606 1282
 153 155 48
 571 48 155
 692 693 1086
 204 412 1224
 794 1224 412
 459 1283 754
 428 1234 1130
 1149 371 220
 296 95 801
 94 801 95
 806 1284 157
 451 931 452
 724 452 931
 624 1110 368
 1031 515 1160
 1092 1058 1285
 1241 69 1286
 1007 74 73
 1287 458 1182
 457 1288 1181
 439 336 1289
 577 190 1290
 215 811 1165
 390 632 1270
 293 897 586
 327 1291 250
 793 1283 717
 500 1206 501
 575 191 190
 1292 368 1110
 778 1293 1219
 781 1195 1294
 880 884 988
 722 487 517
 1243 830 1215
 493 481 874
 886 1055 328
 1079 917 1295
 420 361 480
 449 447 902
 629 1249 997
 213 1210 811
 450 241 503
 125 503 241
 113 115 1236
 274 689 1296
 53 1049 51
 206 964 412
 1214 1297 588
 945 1154 652
 312 175 1095
 1189 496 834
 495 834 496
 488 1009 1298
 499 498 552
 387 552 498
 975 168 1062
 971 960 1183
 753 1135 507
 356 357 1085
 907 1085 357
 793 754 1283
 1299 1264 1300
 1072 479 1301
 1026 1237 1027
 225 376 1302
 421 6 848
 354 352 1303
 324 326 649
 1190 534 533
 113 569 896
 343 1152 259
 747 729 912
 542 695 470
 1304 566 1087
 1161 968 403
 891 1305 892
 177 81 1271
 482 484 771
 354 1191 353
 84 470 695
 421 848 564
 313 159 1306
 1046 1306 159
 463 465 1006
 494 1015 1004
 831 891 893
 94 749 801
 114 896 843
 568 1296 689
 146 797 677
 1292 1110 671
 118 789 425
 660 464 965
 898 1183 960
 1222 618 900
 430 900 618
 463 1307 464
 471 1308 472
 958 516 1270
 710 712 950
 1179 950 712
 1189 574 1309
 333 332 1225
 1265 909 1162
 619 1162 909
 210 1200 286
 148 1310 1241
 1240 1241 1310
 88 1060 917
 1235 75 74
 1163 1165 811
 382 813 445
 691 1225 332
 746 1201 838
 1233 1188 834
 67 1178 244
 36 38 905
 453 452 726
 99 967 770
 486 488 1298
 1075 669 1035
 134 78 1015
 1311 1015 78
 1031 1312 643
 358 1145 316
 257 316 1145
 706 1103 1252
 1257 484 1313
 342 959 1314
 722 1081 26
 339 1089 340
 847 6 1195
 11 1195 6
 615 448 1096
 449 1096 448
 237 1315 607
 911 1316 1302
 232 1302 1316
 1235 74 1317
 158 157 1284
 57 40 1318
 1196 1278 82
 1319 484 483
 39 41 1063
 1320 1207 876
 345 774 694
 392 771 633
 34 843 896
 560 798 223
 1235 1314 959
 404 251 151
 904 569 1248
 178 901 86
 1321 1322 697
 756 1138 1323
 96 1034 258
 153 917 1060
 243 690 263
 605 353 1324
 167 1108 1062
 518 1062 1108
 72 1325 734
 202 140 4
 1254 1326 1102
 863 1238 657
 674 657 1238
 582 1224 795
 794 795 1224
 0 323 1
 709 1 323
 354 1303 64
 406 580 673
 916 1295 917
 121 1236 115
 701 1008 608
 1107 978 977
 697 1322 1327
 948 86 1328
 1072 1074 479
 722 26 1068
 207 906 816
 1094 816 906
 1123 705 810
 904 1248 1126
 1319 579 573
 1231 1329 1113
 694 1113 1329
 179 474 381
 715 717 1283
 629 997 630
 1245 1289 336
 1072 1301 1023
 926 1247 734
 554 1076 555
 615 1206 80
 287 1330 650
 39 1318 40
 338 835 127
 209 66 65
 733 1008 73
 645 1045 161
 1046 161 1045
 1235 1201 75
 864 730 596
 116 363 115
 709 1331 860
 226 181 61
 626 998 1332
 624 1333 756
 638 1148 1160
 1168 1066 1169
 330 1325 745
 733 734 1247
 1334 1335 1336
 438 1334 1336
 587 586 897
 562 1263 563
 535 513 876
 1075 1073 669
 156 669 1073
 817 193 897
 1319 1313 484
 1056 574 579
 1269 1270 632
 582 1127 1112
 459 1006 1283
 1052 1054 1131
 247 716 248
 351 1337 352
 1279 155 409
 145 1093 1338
 329 745 761
 746 761 745
 1208 1100 1339
 951 1206 1096
 351 952 1337
 247 968 717
 1340 1203 1274
 172 159 1118
 975 974 168
 471 224 1308
 72 745 1325
 54 637 1142
 1059 1285 1058
 145 1338 797
 737 1225 304
 740 302 760
 605 1324 533
 478 1266 1341
 636 1198 637
 1141 637 1198
 833 1250 1285
 1092 1285 1250
 699 1169 1066
 778 272 1293
 1170 502 501
 758 756 1323
 641 1080 1047
 266 1207 877
 54 1268 637
 1007 73 1008
 1137 756 1333
 1149 947 889
 778 1218 828
 1050 946 909
 343 743 1152
 635 1342 1334
 1320 513 639
 131 639 513
 635 1268 1342
 744 1152 743
 1281 9 703
 289 368 1343
 467 469 621
 460 784 961
 312 466 311
 199 229 385
 654 385 229
 1227 650 1330
 317 110 1139
 1031 1160 1312
 204 1112 246
 1111 246 1112
 437 438 1336
 167 1062 168
 1235 1317 1344
 226 1146 731
 660 731 1146
 124 846 845
 71 987 1118
 833 1285 1345
 123 442 895
 833 1345 1233
 1346 271 878
 287 286 1200
 1292 671 1202
 1347 352 1337
 1348 776 1116
 880 528 502
 177 1197 82
 1348 1208 1339
 449 1337 952
 231 1158 570
 1349 44 43
 1123 810 865
 820 524 809
 851 809 524
 574 1057 1309
 709 708 1331
 1232 682 726
 453 726 682
 635 1334 438
 861 1095 261
 97 1131 1054
 945 837 1154
 814 1154 837
 722 721 1081
 942 1081 721
 310 311 923
 1164 1350 1165
 1351 1165 1350
 953 1228 799
 1204 799 1228
 727 729 979
 600 1208 1116
 1348 1116 1208
 612 1043 979
 1205 1023 1301
 943 1035 704
 310 923 962
 1299 1300 1000
 380 549 632
 1269 632 549
 245 246 349
 1111 349 246
 1167 1169 1350
 1351 1350 1169
 899 1352 900
 651 1091 152
 219 250 1291
 696 242 466
 1269 1353 1270
 1281 969 984
 276 1181 1250
 280 1150 1182
 1269 1354 1353
 1151 668 667
 611 613 1162
 1265 1162 613
 538 1332 998
 118 751 707
 374 1301 479
 930 844 931
 478 1039 1266
 1335 1342 1355
 1180 1355 1342
 1052 294 1356
 293 1356 294
 861 1331 1095
 1335 1334 1342
 533 1324 1191
 1026 800 799
 508 1158 422
 54 1342 1268
 852 1130 83
 772 1150 543
 775 81 83
 1357 1358 1339
 485 990 742
 1253 742 990
 54 20 1342
 1180 1342 20
 1151 1044 189
 240 1317 764
 1007 764 1317
 342 1314 583
 1189 834 1188
 1171 536 265
 814 1155 1154
 255 1017 436
 863 862 1238
 1129 1238 862
 47 918 48
 715 1283 1006
 529 445 813
 899 1346 1352
 1024 402 294
 362 825 297
 313 1306 224
 544 1359 1258
 500 528 1244
 1267 621 620
 565 628 867
 453 845 711
 568 689 151
 404 151 689
 174 259 261
 855 487 1068
 647 686 201
 1151 849 1044
 112 1044 849
 666 1263 366
 544 1045 1359
 713 766 765
 1340 763 1233
 572 1233 763
 1347 902 530
 1026 1280 1237
 511 1009 1360
 153 48 918
 937 1237 1280
 1156 1002 856
 1007 1122 764
 853 818 1105
 880 988 528
 713 846 766
 172 1125 591
 949 950 1273
 1179 1273 950
 518 1090 1062
 374 376 435
 225 1302 570
 937 996 1237
 195 275 277
 278 197 279
 494 1194 1237
 57 1318 58
 375 1361 376
 324 659 1055
 105 1362 805
 803 805 1362
 529 813 908
 814 816 1155
 985 37 1097
 894 1126 1248
 963 634 1130
 5 152 1091
 722 1068 487
 190 843 1290
 847 1195 1121
 364 1121 1195
 880 502 881
 234 800 498
 571 566 60
 222 1294 1014
 572 1188 1233
 594 892 1363
 1305 1363 892
 288 1040 260
 753 661 1364
 1365 1364 661
 1304 60 566
 327 211 1291
 240 583 1344
 289 1343 1366
 292 402 841
 1255 1021 879
 1059 1203 1285
 1079 599 534
 1026 498 800
 1217 1219 1221
 1320 876 513
 148 1241 1330
 544 1367 545
 535 514 513
 102 620 561
 1340 1233 1345
 640 642 1368
 1020 1368 642
 1259 1258 1359
 1281 984 9
 1231 1113 1127
 210 1093 1200
 842 1076 840
 859 730 130
 864 130 730
 453 682 845
 124 845 682
 360 505 411
 603 411 505
 963 609 634
 544 1258 1367
 437 1336 1258
 803 1362 1369
 1370 1369 1362
 1061 889 929
 888 929 889
 432 821 809
 1048 765 51
 439 1289 697
 1046 159 161
 859 597 730
 820 825 915
 362 915 825
 314 754 790
 232 570 1302
 943 704 944
 989 883 322
 380 381 549
 125 241 764
 962 1042 320
 208 1042 962
 1143 741 1159
 1204 1099 938
 467 1371 1086
 1190 58 1318
 545 1367 1355
 645 1372 1045
 295 297 825
 529 1373 446
 377 446 1373
 450 923 311
 360 205 933
 803 1369 171
 1193 1105 818
 1220 1219 1293
 348 1134 932
 1078 858 1374
 615 1096 1206
 121 895 1236
 894 1236 895
 1078 1374 286
 210 286 1374
 728 1375 1376
 131 515 132
 1031 132 515
 521 851 524
 406 957 914
 1214 588 1142
 11 1014 1294
 611 468 1043
 274 1246 270
 120 183 743
 710 658 711
 1377 1323 1138
 1173 982 1378
 200 1378 982
 1349 1379 44
 519 1309 1057
 395 1380 1119
 1381 1119 1380
 423 1382 1034
 1180 545 1355
 1137 1333 291
 699 1327 1169
 1351 1169 1327
 934 1173 1378
 1001 593 597
 531 104 1383
 747 1037 729
 88 1063 41
 568 150 1384
 91 1384 150
 1365 661 965
 1253 1101 839
 814 836 921
 873 1177 1262
 1175 870 1261
 482 607 1315
 307 497 1366
 186 1366 497
 1088 1385 604
 934 1378 228
 702 704 1035
 746 75 1201
 333 1139 110
 406 673 957
 141 957 673
 34 1290 843
 587 897 193
 694 1329 346
 886 346 1329
 762 919 977
 1107 977 919
 1170 881 502
 76 135 1136
 1335 1355 1367
 215 1165 1386
 1351 1386 1165
 172 591 160
 842 555 1076
 1232 595 682
 624 291 1333
 592 784 462
 306 171 1369
 949 1273 1312
 614 1312 1273
 460 462 784
 200 228 1378
 779 677 797
 105 1383 104
 1030 643 980
 989 1244 988
 528 988 1244
 31 901 180
 1321 1289 379
 1222 900 1352
 148 835 1310
 338 1310 835
 1243 1215 1221
 330 1249 1325
 812 1356 586
 293 586 1356
 861 860 1331
 1086 1371 1229
 1265 1012 1011
 225 570 1158
 847 848 6
 1046 472 1308
 1143 1144 1282
 616 1282 1144
 584 687 403
 1161 403 687
 499 399 233
 1018 1387 976
 1041 976 1387
 231 422 1158
 1088 892 1388
 594 1388 892
 306 1369 1389
 973 932 1134
 1038 1266 1039
 460 1199 752
 736 872 826
 871 738 827
 1088 604 1251
 1179 712 1013
 372 995 751
 67 705 1211
 610 1220 1293
 504 1117 1133
 842 1101 935
 1109 935 1101
 678 1153 590
 317 1139 1390
 850 1097 1391
 312 708 466
 614 643 1312
 344 1303 644
 1245 379 1289
 102 1230 620
 758 1323 1260
 1377 1260 1323
 141 673 152
 288 840 1076
 148 1330 147
 375 479 1392
 1065 1141 1198
 1253 1102 1101
 449 902 1337
 1277 1209 1210
 675 551 1393
 603 609 411
 651 940 1091
 924 1300 1264
 340 1089 858
 158 1284 768
 1281 768 1284
 499 1394 399
 490 399 1394
 1379 1395 44
 416 418 1148
 806 969 1284
 1277 1210 1199
 504 602 505
 603 505 602
 354 64 58
 1120 1396 1387
 1041 1387 1396
 857 218 1157
 1279 567 155
 571 155 567
 715 1006 465
 460 961 1199
 532 1080 1252
 475 477 527
 532 599 1047
 1231 581 1055
 324 1055 581
 863 656 543
 857 824 218
 231 233 399
 794 1276 795
 1304 1087 170
 550 755 1099
 1292 1343 368
 724 931 844
 916 918 1005
 806 1383 805
 1143 1282 741
 683 741 1282
 993 1287 1397
 1288 992 1398
 875 841 402
 10 703 9
 1321 697 1289
 1347 1303 352
 222 781 1294
 937 1280 938
 803 171 1051
 1253 839 742
 956 914 957
 1123 1211 705
 615 166 448
 504 1133 602
 344 346 59
 886 59 346
 509 1136 755
 295 825 821
 807 920 808
 388 1027 1194
 324 649 659
 1217 1207 1218
 1365 436 1017
 1164 1167 1350
 592 462 596
 733 608 1008
 306 1389 1183
 1257 1313 1399
 619 561 620
 1227 1330 1241
 433 170 1087
 113 1248 569
 307 1343 966
 1048 1013 765
 200 982 714
 1166 970 885
 1259 885 970
 626 1332 865
 1193 818 50
 36 1097 37
 627 865 810
 1305 1067 1363
 105 413 1362
 655 760 302
 691 304 1225
 362 297 359
 850 1391 1126
 1370 413 1226
 213 1199 1210
 1024 1131 1132
 1297 1147 1400
 1161 384 968
 173 789 373
 120 373 789
 312 1331 708
 1357 1339 1100
 842 935 555
 806 157 1383
 701 126 1122
 125 1122 126
 274 1296 1246
 378 1246 1296
 986 1132 791
 169 1172 170
 1304 170 1172
 393 1178 1211
 1094 1155 816
 1257 1399 1396
 428 1278 1192
 842 839 1101
 814 837 836
 762 1313 573
 1319 573 1313
 626 1401 998
 651 580 1114
 859 129 1000
 1299 1000 129
 101 810 705
 264 877 1256
 433 1051 171
 926 1249 999
 1104 1376 1375
 1186 1341 1266
 1265 613 1275
 614 1275 613
 949 1160 1148
 975 556 1117
 79 492 1108
 105 805 1383
 744 840 1152
 1311 1004 1015
 463 436 1307
 720 723 721
 245 349 932
 348 932 349
 262 591 1125
 734 1325 1249
 479 1074 1392
 232 1316 429
 1007 1317 74
 1370 1362 413
 1304 49 60
 125 764 1122
 904 1126 1402
 907 1373 908
 728 1135 1375
 176 111 456
 317 456 111
 405 925 999
 1050 1212 946
 531 1383 157
 916 599 1295
 287 147 1330
 1321 350 1322
 103 1226 413
 1231 1055 1329
 822 1403 954
 1204 954 1403
 1084 590 1153
 1190 1185 534
 1258 1336 1367
 1335 1367 1336
 942 1119 1239
 1016 910 983
 475 795 1276
 699 697 1327
 786 912 1376
 728 1376 912
 1180 20 19
 1287 1182 1397
 772 1397 1182
 1288 1398 1181
 1092 1181 1398
 1304 1172 49
 1020 49 1172
 1170 1019 1144
 1240 700 69
 71 69 700
 1365 1307 436
 366 1263 1121
 864 585 130
 614 1273 1275
 963 1130 1234
 568 1384 1296
 378 1296 1384
 1018 424 1387
 1120 1387 424
 532 1047 1080
 47 1005 918
 331 944 704
 886 1329 1055
 224 1306 1308
 21 588 1400
 1297 1400 588
 511 1298 1009
 1321 379 415
 1001 1385 1388
 927 929 1379
 888 1379 929
 949 1312 1160
 1205 732 731
 1109 1100 1208
 321 320 1042
 1151 667 849
 594 1363 617
 1067 617 1363
 989 322 1069
 461 983 910
 1281 1284 969
 733 1247 414
 1320 1218 1207
 344 64 1303
 675 841 551
 1079 534 1185
 102 104 1404
 531 1404 104
 529 908 1373
 1170 501 1184
 951 1184 501
 139 315 578
 1170 1184 1019
 1217 1221 1215
 455 512 687
 672 998 1401
 91 93 1384
 378 1384 93
 1205 662 1115
 916 1047 599
 1088 1388 1385
 1320 828 1218
 802 359 297
 1190 1318 1185
 948 1328 33
 31 33 1328
 985 1098 1025
 971 55 960
 1079 1295 599
 1205 1301 732
 249 1354 548
 1269 548 1354
 1217 877 1207
 670 1070 409
 370 369 1229
 1022 1229 369
 804 1051 967
 744 742 839
 1255 192 1368
 338 759 1310
 1267 620 1230
 103 561 946
 1227 1241 1286
 583 1314 1344
 215 1386 350
 557 1077 407
 408 407 1077
 67 1211 1178
 1075 1405 1074
 1381 1074 1405
 39 1185 1318
 1217 1215 1256
 36 1391 1097
 1222 1223 1033
 440 1393 551
 485 743 183
 1222 1033 618
 96 618 1033
 1175 1261 1176
 1177 1176 1262
 1001 1388 593
 307 1366 1343
 54 1142 588
 1028 1037 749
 629 999 1249
 653 1390 1242
 1321 415 350
 553 936 1133
 1084 1153 646
 1166 646 1153
 786 1376 829
 1104 829 1376
 794 796 1276
 610 1293 272
 154 90 1216
 1217 1256 877
 289 1366 401
 186 401 1366
 68 1286 69
 594 593 1388
 1193 978 1105
 1107 1105 978
 1347 1337 902
 1365 965 1307
 464 1307 965
 832 893 1251
 1088 1251 893
 971 1389 972
 235 350 415
 852 82 1278
 926 999 925
 654 201 686
 1370 972 1389
 210 1374 858
 1237 1194 1027
 1349 1406 1379
 1357 1102 1326
 1240 1310 759
 875 1025 1098
 832 1256 1215
 226 61 1146
 63 1146 61
 308 1202 1216
 670 1216 1202
 958 1270 1353
 1107 919 1274
 911 1302 1361
 376 1361 1302
 1370 1226 972
 53 972 1226
 145 1200 1093
 7 9 984
 268 337 970
 1259 970 337
 1381 1392 1074
 519 496 1309
 1189 1309 496
 907 357 1373
 930 955 1407
 1171 1407 955
 1084 160 591
 1193 50 32
 45 858 1089
 490 1353 1354
 1222 1352 878
 587 130 585
 696 466 708
 216 824 27
 1166 1153 685
 958 1394 552
 1370 1389 1369
 920 443 808
 11 1294 1195
 562 1121 1263
 945 761 838
 746 838 761
 645 885 1372
 1381 1239 1119
 1161 687 512
 1010 1390 1139
 1259 1372 885
 1340 919 763
 1048 51 1049
 927 1379 1406
 692 1115 662
 812 1053 1356
 1052 1356 1053
 992 305 1398
 993 1397 301
 1267 1229 1371
 1196 1192 1278
 1279 409 1070
 653 1242 481
 1078 887 1077
 408 1077 887
 53 1226 1212
 1193 976 978
 314 790 315
 1056 579 483
 68 1032 1286
 1227 1286 1032
 640 1368 192
 395 1119 723
 0 1069 322
 653 456 1390
 317 1390 456
 499 552 1394
 1123 865 1332
 626 628 1401
 87 26 1081
 86 901 1328
 298 960 55
 486 1298 510
 511 510 1298
 18 309 903
 89 903 309
 1166 885 646
 377 1373 357
 174 261 1095
 444 1091 940
 1357 1100 1102
 1279 1401 628
 855 856 1002
 347 315 790
 273 777 1223
 688 1223 777
 432 808 443
 1365 1017 1364
 172 1118 987
 1255 1368 1021
 663 77 664
 1094 905 38
 308 1216 90
 1092 1250 1181
 772 1182 1150
 1346 878 1352
 1235 1344 1314
 1340 1274 919
 1232 1393 595
 440 595 1393
 491 939 860
 674 1128 1272
 819 1272 1128
 1204 1228 954
 511 1360 665
 1357 1326 1358
 709 939 1
 249 400 1354
 490 1354 400
 1166 685 269
 924 604 1385
 531 230 1404
 370 1404 230
 772 301 1397
 1092 1398 305
 350 1386 1322
 493 1176 1261
 493 1262 1176
 476 1276 796
 53 1212 1049
 307 309 497
 18 497 309
 172 987 1125
 1104 1364 1017
 370 1230 1404
 680 269 685
 1050 1049 1212
 747 749 1037
 419 823 954
 822 954 823
 267 1408 773
 868 773 1408
 709 860 939
 971 1183 1389
 535 718 514
 638 514 718
 1319 483 579
 575 1252 1080
 1028 1382 1029
 423 1029 1382
 56 1395 890
 888 890 1395
 21 1400 434
 1147 434 1400
 888 1395 1379
 953 1316 396
 353 1191 1324
 455 454 512
 1347 644 1303
 724 676 725
 675 725 676
 904 1402 905
 36 905 1402
 56 890 1291
 486 510 913
 550 913 510
 374 732 1301
 56 1291 211
 1347 530 644
 1120 1071 1213
 1320 639 828
 318 828 639
 239 391 1036
 389 1036 391
 296 801 523
 748 523 801
 327 1338 1093
 1028 258 1382
 1034 1382 258
 875 551 841
 943 1405 1035
 1075 1035 1405
 554 1090 1040
 518 1040 1090
 219 890 947
 1245 270 1246
 219 1291 890
 706 576 684
 312 1095 1331
 240 1344 1317
 631 1213 1071
 76 664 77
 1351 1327 1322
 1001 1300 1385
 924 1385 1300
 762 977 1399
 1041 1399 977
 1292 966 1343
 953 429 1316
 56 44 1395
 762 1399 1313
 264 1251 604
 1020 1021 1368
 930 1407 1083
 1299 1083 1407
 616 1144 1019
 1123 1332 1124
 1010 1242 1390
 1265 1275 1012
 395 397 1380
 375 1380 397
 509 664 1136
 76 1136 664
 1285 1203 1345
 1279 1070 1401
 1001 1000 1300
 958 1353 1394
 1255 1408 192
 267 192 1408
 25 1068 26
 327 250 1338
 779 1338 250
 911 396 1316
 538 1124 1332
 1299 1407 1264
 1171 1264 1407
 779 797 1338
 518 1108 492
 753 1375 1135
 1045 1372 1359
 1259 1359 1372
 345 644 530
 694 774 1113
 1111 1113 774
 963 1234 964
 427 964 1234
 1255 869 1408
 868 1408 869
 1126 1391 1402
 31 1328 901
 1340 1345 1203
 753 1364 1375
 1104 1375 1364
 490 1394 1353
 1041 1396 1399
 1299 129 1083
 128 1083 129
 3 1 939
 1232 725 1393
 675 1393 725
 688 1033 1223
 308 966 1202
 1292 1202 966
 382 512 454
 1120 1213 1396
 748 788 523
 802 523 788
 547 1019 1184
 1046 1308 1306
 375 397 1361
 627 780 867
 769 867 780
 375 1392 1380
 1204 1403 1099
 550 1099 1403
 874 481 1242
 18 903 17
 46 17 903
 1257 1396 1213
 672 1401 1070
 102 1404 1230
 2 1244 1069
 989 1069 1244
 706 1252 576
 575 576 1252
 1381 1405 1239
 34 22 1290
 577 1290 22
 372 371 995
 1149 995 371
 1381 1380 1392
 937 135 996
 1351 1322 1386
 550 1403 913
 822 913 1403
 911 1361 397
 134 996 135
 1267 1371 621
 943 1239 1405
 577 684 576
 36 1402 1391
 467 621 1371
 0
 35
 927 339 666 202 956 1349 1348 119 421 558 203 928 341 994 922 564 43 1061 182 188 990 776 1254 707 668 751 1358 914 559 625 1406 1339 1326 563 1271
 29
 519 1056 236 482 1311 1003 663 1377 217 1156 196 598 263 237 1057 394 1009 1004 1260 665 218 1002 483 78 1157 690 1315 77 1360
 7
 1186 177 1196 1197 1341 1187 1271
 18
 526 478 1137 1377 284 290 186 334 648 185 335 291 477 649 1341 1138 283 401
