1463 2773
8.136876 4.213919 1
8.233779 4.208621 1
8.197956 4.353964 1
8.247979 6.817800 1
8.113981 6.873288 1
8.217145 6.704888 1
8.089259 6.724121 1
8.043000 4.266956 1
8.820605 5.021739 1
8.722643 4.893626 1
8.893986 4.907285 1
8.833369 4.807293 1
6.324848 6.482803 1
6.340768 6.646847 1
6.250611 6.565264 1
8.283409 4.508610 1
8.329446 4.403931 1
8.401311 4.564542 1
6.515219 5.280851 1
6.635678 5.241629 1
6.685428 5.362820 1
8.446996 4.428215 1
6.025010 7.132655 1
5.983438 7.024341 1
6.124147 7.063564 1
9.238634 6.557529 1
9.209997 6.687902 1
9.073569 6.634866 1
6.063959 6.945081 1
6.336443 7.604251 1
6.425355 7.527565 1
6.428321 7.684815 2
6.546347 5.390184 1
9.437507 7.231271 2
9.319554 7.073822 2
9.461488 7.110020 1
6.523942 7.618282 1
6.434163 6.527350 1
4.623034 6.302894 1
4.483908 6.449684 1
4.452465 6.301439 1
8.564707 5.134566 1
8.709617 5.112521 1
8.627939 5.212504 1
4.723909 5.068506 2
4.847394 4.979242 2
4.890870 5.132880 1
5.017903 4.996035 2
6.244118 7.184323 1
6.266187 7.027318 1
6.347591 7.127566 1
8.199057 5.447165 1
8.251304 5.295807 1
8.331640 5.457134 1
9.364298 5.069196 1
9.440231 4.961960 1
9.521749 5.133544 1
9.111339 3.475663 2
9.189052 3.630861 2
9.037111 3.620797 1
4.410115 6.599568 1
4.332772 6.515707 1
4.330570 6.401648 1
9.128688 6.469355 1
3.828752 6.011590 1
3.775733 5.907977 1
3.940711 5.922763 1
7.670910 7.193274 1
7.707360 7.080917 1
7.787960 7.192854 1
7.842743 7.098644 1
8.873552 5.163724 1
8.990396 5.045081 1
8.541680 4.309810 1
8.655129 4.284656 1
8.563005 4.423867 1
3.720820 6.912322 1
3.724187 6.781441 1
3.827966 6.839842 1
8.583735 5.031181 1
3.906242 5.805687 1
5.996070 7.736128 2
5.958368 7.915096 2
5.865686 7.811341 1
7.223019 5.959930 1
7.327240 5.856607 1
7.330631 6.014463 1
4.596781 5.505511 1
4.767055 5.487215 1
4.696230 5.614021 1
4.550435 6.184982 1
5.782885 4.915845 2
5.654538 5.009116 1
5.613523 4.876764 2
5.510816 4.964171 1
8.627259 5.314714 1
8.528218 5.353157 1
8.491294 5.224998 1
7.331566 6.341513 1
7.210431 6.242014 1
7.370585 6.231817 1
5.222429 5.423650 1
5.284202 5.287165 1
5.358247 5.399813 1
9.130545 5.131914 1
9.106349 4.979466 1
9.232071 5.051641 1
6.362182 7.384542 1
6.409706 7.225019 1
6.497157 7.378639 1
4.682370 6.145089 1
4.738197 6.044947 1
4.770121 6.206210 1
8.517939 6.968341 1
8.467883 6.821981 1
8.634856 6.903939 1
3.989424 5.286408 2
4.150170 5.339636 1
4.049580 5.430021 1
4.102524 5.218718 3
6.993425 6.836701 1
7.114738 6.939888 1
6.971315 7.008838 1
6.296477 6.291746 1
6.178900 6.299035 1
6.199009 6.150740 1
3.623137 6.846333 1
7.340687 3.445907 1
7.209900 3.518409 2
7.257548 3.368222 2
4.844717 6.127686 1
5.087639 5.919766 1
5.172787 6.042550 1
5.027209 6.035408 1
3.481136 6.425205 1
3.351527 6.339208 2
3.475854 6.270106 2
4.543251 6.941085 1
4.651010 6.849020 1
4.676975 7.006541 1
6.577372 6.121279 1
6.721230 6.140491 1
6.586689 6.236336 1
6.462371 6.286243 1
6.550437 6.430156 1
6.375656 6.392724 1
9.218946 7.016593 1
9.114326 7.037601 1
9.116414 6.888556 1
9.493650 4.264837 1
9.630780 4.212965 2
9.569606 4.362883 1
9.701820 4.346334 1
7.144457 7.206719 1
7.307000 7.237937 1
7.226987 7.311540 1
8.599419 6.770926 1
5.219138 6.610251 1
5.205322 6.783471 1
5.094726 6.711517 1
7.708025 5.982225 1
7.537745 5.993568 1
7.569298 5.891051 1
5.838173 7.692947 1
8.554075 6.198953 1
8.398484 6.284443 1
8.440294 6.124748 1
8.397983 5.325667 1
9.782336 6.375421 1
9.714513 6.491006 1
9.647049 6.309723 1
7.265111 7.137614 1
8.889911 6.068428 1
8.876207 5.943291 1
9.011252 6.006241 1
8.678182 4.436863 1
9.449766 6.670732 1
9.491693 6.805404 1
9.328373 6.770059 1
4.634031 5.393753 1
8.370704 5.826476 1
8.212707 5.784408 1
8.353352 5.703722 1
4.209164 6.676344 1
4.083702 6.608777 1
4.210244 6.520789 1
4.047033 6.461767 1
7.445928 5.925075 1
9.655478 5.224209 1
9.658634 5.078186 1
9.803578 5.156919 1
9.763619 4.995296 1
9.516789 5.717927 1
9.396482 5.642149 1
9.580210 5.622232 1
9.512300 5.505040 1
9.573372 6.456118 1
8.363518 4.296433 1
8.857430 3.828493 1
8.906816 3.683397 1
9.000507 3.767156 1
9.144129 4.504739 1
9.057297 4.639683 1
8.979750 4.530584 1
9.565700 4.992430 1
6.850639 5.821062 1
6.764899 5.732218 1
6.949240 5.690904 1
9.475797 6.554090 1
9.598319 6.671058 1
5.602718 6.699167 1
5.685526 6.823863 1
5.533053 6.801820 1
7.474355 3.948735 1
7.362502 3.998096 1
7.354558 3.843473 1
7.787800 3.842246 1
7.717743 3.712051 1
7.853895 3.704172 1
6.124452 5.399304 1
6.250869 5.309196 1
6.212828 5.480120 1
6.765488 4.794387 1
6.921344 4.852563 1
6.792965 4.944991 1
6.197004 5.609816 1
6.292776 5.740302 1
6.176824 5.767386 1
6.232662 6.425375 1
5.146527 5.660914 1
5.281844 5.563485 1
5.260324 5.714407 1
8.641073 7.230170 2
8.528239 7.101644 1
8.660903 7.060245 1
3.598216 6.522669 1
3.456605 6.579809 2
3.615132 6.728545 1
7.484683 5.762489 1
8.537523 6.316555 1
7.258852 3.938286 1
7.865252 6.520246 1
7.986753 6.414214 1
8.011275 6.557845 1
10.000000 6.805555 0
9.831214 6.780807 1
9.877488 6.669086 1
6.807890 5.608046 1
8.998612 6.515900 1
8.508942 5.730789 1
8.491449 5.882424 1
9.510895 6.232086 1
9.597271 6.130297 1
9.711719 6.175150 1
6.036715 7.571488 1
6.139481 7.641781 1
8.883080 4.651967 1
7.507003 3.833107 1
7.411201 5.419500 1
7.443591 5.267010 1
7.530152 5.345335 1
7.588943 6.084669 1
5.458508 4.842330 2
6.324090 5.449898 1
7.248505 4.062547 1
8.224382 5.129714 1
8.161983 4.972324 1
8.308622 5.038104 1
8.392323 7.113672 1
8.491088 7.224000 2
8.321747 7.212061 1
6.365672 4.825902 1
6.262121 4.844088 1
6.236480 4.716629 2
9.026536 5.614038 1
9.006129 5.434222 1
9.121614 5.499931 1
5.128078 5.529068 1
6.707098 6.267285 1
8.993105 3.903397 1
3.589037 5.975732 1
3.508303 6.124942 2
3.423122 6.009644 2
3.945071 5.537083 2
3.889776 5.689489 1
3.789196 5.580353 2
7.432907 3.754267 1
7.680612 4.592384 1
7.803439 4.691078 1
7.654087 4.696296 1
7.793516 4.580345 1
7.331261 5.717915 1
7.779768 5.695951 1
7.880129 5.779633 1
7.702898 5.823640 1
8.001240 6.125637 1
8.113116 6.052567 1
8.129907 6.199393 1
8.133303 7.330774 1
8.214594 7.419095 2
8.057467 7.442184 2
5.427352 5.250156 1
8.116965 5.102116 1
4.403582 5.393932 1
4.367148 5.274304 1
4.506149 5.309174 1
8.499805 4.198955 1
8.602221 3.469974 2
8.556871 3.586126 1
8.437001 3.520203 2
5.448219 6.482357 1
5.550116 6.335684 1
5.598416 6.473492 1
5.385935 6.762380 1
5.444646 6.913848 1
7.695964 5.158335 1
7.704840 4.993128 1
7.798072 5.105775 1
4.519849 5.664965 1
4.478020 5.792209 1
4.405655 5.647001 1
7.488338 5.133633 1
7.391780 5.076591 1
7.464369 4.987767 1
7.435950 4.462722 1
7.340311 4.526483 1
7.320731 4.347878 1
7.238105 4.475309 1
3.621964 6.380307 1
3.617217 6.218404 1
8.462506 3.635818 1
8.570185 3.698988 1
8.418548 3.747811 1
8.578001 3.849503 1
4.358768 5.740221 1
6.458292 4.860746 1
6.561650 4.911911 1
6.449646 4.988196 1
5.285058 6.963790 1
5.303810 6.851843 1
9.656452 4.903107 1
6.348578 6.008866 1
6.448305 6.119336 1
6.317267 6.096814 1
5.664499 7.207910 1
5.646004 7.361714 1
5.534051 7.227073 1
5.494450 7.360512 1
5.330009 6.659079 1
4.374683 7.131568 2
4.237511 7.038578 2
4.349758 7.017886 1
7.198951 5.742980 1
7.176685 5.859831 1
8.291259 6.184776 1
8.223780 6.085759 1
7.908357 4.798086 1
7.962013 4.663584 1
5.704483 6.374544 1
7.430632 7.238840 1
7.552121 7.134439 1
7.569978 7.274607 2
7.867022 6.172415 1
7.878946 6.014209 1
8.358824 7.344438 2
6.420067 5.386676 1
5.749829 6.701849 1
7.017651 7.162090 1
7.078317 7.069114 1
7.785075 6.078959 1
3.777973 6.416477 1
3.922608 6.355734 1
3.912579 6.474751 1
6.411714 5.261772 1
4.566793 6.573065 1
7.733526 5.338585 1
7.612352 5.241457 1
7.774418 5.233129 1
8.348732 4.179103 1
9.365487 4.864355 1
9.463585 4.799226 1
6.265494 7.724443 2
6.126753 7.757062 2
6.086353 6.241210 1
7.827161 5.898561 1
6.764845 5.204879 1
6.863762 5.336168 1
6.824794 5.472210 1
9.389372 6.885819 1
7.124092 5.526034 1
7.204670 5.405964 1
7.296735 5.500678 1
9.276552 6.921955 1
6.999556 4.038641 1
7.132358 4.123266 1
7.014201 4.188108 1
9.633027 6.555438 1
3.510746 5.861794 2
3.652773 5.830866 2
4.059628 6.004992 1
3.938392 6.086611 1
7.227332 6.377385 1
8.745855 3.392673 2
8.746016 3.500659 1
3.369663 6.458298 2
8.893339 5.523998 1
3.927176 6.221677 1
3.770183 6.156655 1
5.057843 6.603064 1
6.528897 7.259480 1
7.719899 4.769942 1
7.677336 4.871897 1
7.584693 4.797374 1
6.946815 5.205117 1
9.389235 6.324122 1
9.279037 6.403996 1
9.273932 6.211929 1
9.151763 6.320628 1
7.622010 6.659157 1
7.784500 6.655800 1
7.683464 6.786697 1
6.403944 4.719996 2
9.545782 4.888039 1
7.793717 7.009913 1
7.145138 4.312762 1
7.234975 4.226376 1
7.226786 4.375290 1
8.982921 4.773951 1
8.638648 3.969128 1
8.518836 3.956628 1
6.290893 6.904168 1
6.397560 6.995712 1
6.405883 6.864030 1
5.928920 7.612831 1
5.204967 6.904642 1
5.076235 6.911542 1
6.529588 5.553187 1
6.684817 5.529173 1
6.574519 5.663994 1
6.690910 5.668113 1
7.481462 4.203020 1
7.581713 4.284287 1
7.450148 4.327531 1
7.550530 3.698022 1
7.434972 3.621327 1
6.911581 7.128113 1
5.892580 6.036529 1
5.829604 5.902960 1
5.930879 5.901834 1
6.348769 6.192240 1
5.054564 6.800837 1
5.635381 6.053502 1
5.708464 6.179259 1
5.580335 6.184878 1
7.590600 4.173781 1
5.724779 7.792501 1
5.813758 7.908040 2
5.702821 7.933967 2
8.480675 5.451016 1
6.740088 4.479023 2
6.844259 4.575675 1
6.694670 4.607204 1
8.248270 5.643020 1
5.087629 7.126500 1
5.238856 7.112688 1
5.122115 7.262406 1
5.279744 7.252313 1
6.862116 6.880311 1
8.134847 3.534906 1
8.141157 3.688168 1
7.999675 3.667001 1
5.452739 5.522282 1
8.791578 4.266639 1
8.735228 4.162879 1
8.901535 4.154629 1
6.541129 5.048256 1
9.789417 5.397940 1
9.743815 5.500126 1
9.629246 5.391258 1
8.927892 3.522048 2
7.711292 6.550242 1
6.677935 6.532219 1
6.720660 6.397946 1
6.806112 6.512841 1
7.432375 6.025464 1
6.840518 4.024195 2
6.958953 3.898711 2
9.239473 5.574383 1
9.357913 5.466718 1
4.633508 5.739126 1
4.783075 5.736701 1
8.303676 3.298969 2
8.225669 3.402265 1
8.203995 3.214273 2
8.119693 3.335945 1
7.292564 6.143494 1
8.860770 7.173469 2
8.787069 7.324305 2
8.747341 7.151793 1
6.970466 5.038136 1
7.072138 5.117852 1
7.547463 6.782708 1
7.610132 6.881110 1
4.834458 7.281233 2
4.974308 7.230979 1
4.991446 7.348893 2
5.307677 5.989727 1
5.244080 6.136095 1
4.800302 5.598439 1
7.901470 4.551707 1
7.226384 5.625953 1
8.142313 4.540506 1
9.203280 7.127573 2
9.026397 7.154194 2
8.993132 6.994118 1
7.521933 5.446952 1
9.166834 6.086993 1
9.019207 6.168121 1
8.164438 4.105258 1
8.303850 4.077287 1
8.892035 3.981842 1
9.009155 4.033360 1
3.714106 6.028776 1
8.390642 6.695442 1
8.346403 6.799728 1
9.185892 4.630215 1
6.933664 4.371037 1
7.087327 4.451959 1
6.923322 4.490115 1
9.261940 4.191768 1
9.137074 4.064754 1
9.294507 4.016786 1
9.013980 4.902018 1
5.374543 7.049115 1
8.157369 5.343278 1
5.942912 7.503657 1
5.844851 7.405440 1
5.952569 7.343401 1
7.547746 6.456608 1
7.570994 6.315656 1
7.653225 6.422995 1
6.438160 5.975036 1
7.486845 3.218712 2
7.466652 3.355587 1
7.330201 3.277953 2
9.164279 4.330723 1
9.119013 4.198482 1
5.568016 7.505361 1
5.421016 7.473299 1
9.740313 5.638144 1
9.818915 5.770711 1
9.723989 5.769244 1
7.940942 4.044223 1
7.829739 4.154537 1
7.810811 3.992948 1
7.683034 4.079422 1
4.974689 6.722596 1
4.848577 6.738701 1
4.914988 6.591507 1
4.793907 6.642322 1
4.559124 5.076210 1
4.616161 4.974397 2
8.799227 3.695459 1
8.470879 5.998748 1
8.331203 6.030407 1
7.451898 6.332393 1
8.128344 6.504840 1
8.153173 6.393335 1
6.840674 6.409237 1
6.696742 7.478108 1
6.654553 7.582757 1
6.600378 7.433842 1
9.201405 4.935510 1
8.791797 4.408943 1
8.221743 6.270603 1
6.542108 7.522443 1
4.886099 5.298410 1
4.771914 5.224289 1
5.479351 5.804839 1
5.619124 5.899089 1
5.482297 5.971089 1
6.755052 6.772868 1
6.775290 6.640496 1
6.890939 6.756567 1
4.598866 7.059680 1
3.819483 6.289340 1
6.175334 6.712549 1
3.572550 6.630432 1
3.721129 6.618779 1
8.735496 6.378618 1
8.753009 6.218511 1
8.849186 6.340629 1
5.582434 7.111613 1
5.730698 7.082888 1
7.589087 5.067315 1
6.687865 4.905247 1
6.726094 5.043987 1
6.631585 5.002763 1
8.014758 5.026240 1
7.912322 5.070052 1
7.905993 4.939065 1
8.799455 6.008124 1
4.613519 6.446199 1
6.978658 5.457349 1
4.440813 5.201459 1
6.036983 7.427572 1
9.010417 4.264057 1
9.024271 4.401928 1
8.295546 6.352772 1
4.168963 6.230496 1
4.053305 6.149411 1
4.156271 6.085233 1
6.311346 5.599753 1
5.722375 7.494719 1
5.690073 7.627812 1
4.882155 5.653976 1
5.004355 5.621849 1
4.936058 5.781611 1
5.055205 5.730065 1
6.330822 5.175495 1
6.223165 5.123343 1
6.127608 5.195673 1
6.631111 6.026497 1
4.261810 6.154975 1
7.236230 4.640737 1
7.596216 5.791795 1
7.416350 6.133093 1
7.492447 6.216510 1
7.919750 3.793797 1
10.000000 6.666667 0
8.010725 4.891712 1
8.210576 7.000502 1
8.259361 7.106859 1
8.104674 7.104176 1
7.646689 3.834103 1
7.589310 3.951665 1
8.608825 5.841091 1
8.750695 5.904475 1
8.598965 5.957848 1
5.553058 7.626899 1
9.878208 5.660171 1
3.720242 7.024384 1
3.818640 6.978978 1
3.808242 7.139900 2
7.076392 4.822713 1
7.184811 4.897837 1
7.085773 4.974476 1
4.050350 6.303873 1
7.355974 4.133937 1
7.511289 4.077076 1
8.868824 6.204435 1
8.280723 3.514709 1
6.631879 4.698171 1
6.770990 4.672834 1
4.650256 5.168060 1
9.405770 5.171740 1
7.819833 4.993639 1
5.338184 6.231318 1
5.399867 6.102345 1
5.459824 6.216411 1
7.592319 3.433949 1
7.679657 3.570265 1
7.536464 3.555036 1
7.136845 4.570757 1
8.746495 5.791094 1
8.140535 3.900856 1
8.224384 3.983773 1
8.077665 4.032224 1
5.878323 6.748794 1
6.016706 6.747408 1
5.954902 6.877563 1
9.843989 4.287328 2
9.836925 4.437894 1
9.314569 4.342330 1
8.322412 6.618354 1
3.710642 6.294157 1
8.929633 6.639293 1
8.847431 6.494970 1
8.786765 6.643507 1
8.044079 3.806587 1
8.028935 3.941008 1
6.950447 6.333149 1
6.936630 6.474407 1
9.643438 5.532288 1
8.751380 4.564247 1
8.861794 4.526571 1
8.695585 3.615175 1
5.135509 6.219526 1
5.055723 6.299394 1
4.986338 6.169107 1
6.628255 6.795046 1
6.654490 6.668553 1
7.408843 7.126603 1
5.848434 6.998054 1
5.808165 6.849018 1
4.955557 6.285827 1
6.095220 6.845009 1
8.902892 4.323374 1
5.740473 5.837762 1
5.763447 5.978761 1
6.635351 4.809585 1
5.396432 5.675292 1
7.293615 4.802448 1
7.301553 4.971611 1
7.381545 4.884879 1
8.706083 3.761477 1
5.725727 6.942658 1
8.648005 5.639409 1
8.803871 5.700864 1
8.645694 5.751071 1
9.268643 4.448486 1
6.848817 5.063982 1
6.579016 7.137706 1
6.660239 7.031088 1
6.706936 7.148492 1
6.011650 5.978821 1
8.535851 4.550630 1
6.076811 4.962896 1
6.038838 5.092997 1
5.911179 5.023998 1
9.643176 6.816199 1
9.038133 5.778345 1
8.926873 5.746908 1
7.670146 4.365158 1
7.547561 4.413340 1
5.523358 5.669412 1
7.190681 7.054890 1
5.322007 5.177429 1
8.808000 4.066500 1
8.343011 3.622439 1
8.261129 3.719571 1
3.635663 6.101223 1
7.315815 3.590630 1
5.768535 6.088666 1
4.774349 6.316844 1
4.771996 6.822196 1
4.921848 6.875056 1
4.776976 6.939325 1
5.106018 6.117599 1
9.407954 6.992599 1
9.443776 5.274645 1
9.352675 5.348751 1
9.293259 5.209572 1
7.051257 6.380390 1
5.280290 6.342507 1
5.411267 6.342228 1
5.295508 6.477823 1
8.068411 4.410639 1
6.812208 7.044554 1
5.156132 5.318573 1
6.638291 5.119759 1
8.960310 5.866012 1
7.845436 3.518463 1
7.950570 3.409978 1
7.993028 3.524222 1
9.569804 4.571433 1
9.660564 4.490055 1
9.656548 4.656291 1
9.775171 4.579339 1
6.908397 4.961698 1
7.720278 7.311679 2
7.647130 6.204130 1
4.581967 7.159510 1
4.698600 7.260993 2
4.564543 7.276639 2
5.669859 5.435611 1
5.576156 5.295096 1
5.721006 5.298769 1
4.417337 6.191537 1
5.989936 6.513116 1
6.079998 6.386104 1
6.131536 6.546044 1
5.930738 4.904496 2
7.906146 6.626646 1
4.965833 5.912179 1
4.420889 5.943147 1
4.356926 6.065837 1
4.294610 5.933435 1
7.627986 5.690001 1
6.836936 6.272779 1
4.715678 7.142967 1
8.224896 3.609948 1
7.060996 6.145112 1
6.950093 6.061373 1
7.052244 6.037927 1
8.948379 6.302454 1
8.703649 6.529664 1
6.506563 4.665459 1
6.436944 4.559677 2
8.426278 4.109686 1
6.900599 6.621822 1
4.772575 5.352796 1
4.897430 5.420352 1
9.477521 4.131865 2
4.607901 5.981206 1
4.605456 6.088699 1
9.035880 6.385995 1
7.640458 4.476840 1
7.769440 4.469009 1
9.749074 5.293266 1
9.599318 7.152754 2
8.040832 4.749102 1
8.573090 6.070598 1
6.979423 6.705133 1
7.119430 6.782479 1
5.946052 6.642387 1
7.078156 6.658418 1
8.822588 3.578330 1
8.410294 5.534955 1
6.958768 6.202483 1
5.577623 5.550125 1
6.802744 7.636057 1
6.940618 7.663868 2
6.841384 7.754109 2
6.460231 6.637274 1
9.507947 6.351065 1
9.136582 5.963425 1
9.259523 5.967681 1
7.158202 7.461568 2
6.990125 7.435170 1
7.130754 7.349192 1
5.097023 7.394842 1
9.387253 6.096727 1
9.282792 6.069672 1
10.000000 5.416667 0
10.000000 5.555555 0
9.862366 5.518735 1
7.250711 3.717463 1
7.357793 3.705432 1
9.370858 4.135249 1
9.017595 5.197884 1
8.943007 5.300575 1
7.176009 6.071414 1
9.305101 5.776990 1
9.427407 5.788477 1
9.403490 6.204954 1
5.804010 5.401198 1
7.628674 5.388248 1
8.281182 3.844628 1
8.391196 6.923357 1
8.184880 3.793109 1
6.734489 6.014736 1
7.032129 4.300321 1
3.919438 7.045442 1
7.924122 3.904215 1
6.308508 6.782358 1
6.882695 7.457458 1
6.758337 7.389542 1
6.906394 7.355773 1
6.339557 4.936695 1
9.206174 6.801451 1
5.626664 7.003680 1
9.893568 5.066491 1
5.004020 5.485520 1
5.105770 5.420438 1
8.699404 6.020217 1
9.143147 5.736123 1
7.042936 6.486008 1
3.798507 5.780425 1
8.444735 5.075212 1
8.351130 5.181495 1
7.994339 7.206226 1
8.021855 7.314355 1
7.888251 7.288100 2
7.942094 7.391339 2
6.110510 5.681526 1
7.991849 6.253964 1
9.184378 5.857446 1
10.000000 6.111111 0
10.000000 6.250000 0
9.862522 6.180937 1
5.020781 5.135246 1
9.060925 5.898763 1
8.893772 5.636862 1
3.897923 5.397285 2
8.600173 6.425545 1
7.991162 5.553521 1
7.851661 5.591433 1
7.907560 5.478063 1
7.190773 5.054635 1
5.666567 5.153465 1
5.531351 5.169324 1
5.788845 5.072317 1
4.979389 5.225710 1
9.238060 5.686774 1
5.810320 5.634842 1
5.925596 5.599349 1
5.888014 5.768173 1
3.741936 5.683527 2
6.001570 5.691066 1
4.303561 6.275100 1
7.514866 6.585629 1
7.421852 6.461104 1
7.396502 6.566244 1
7.451444 6.685929 1
7.303811 6.638126 1
6.202116 5.874313 1
6.049241 5.823913 1
5.733994 5.716205 1
5.693315 5.570797 1
8.851854 7.031663 1
6.784105 7.514131 1
6.425797 5.666373 1
7.937647 5.676692 1
3.838081 6.567790 1
7.139313 6.342252 1
4.856603 7.145395 1
6.917846 4.123974 1
8.795938 5.589827 1
7.047115 7.545722 2
8.834460 5.291018 1
9.886647 6.882835 1
4.228453 5.249140 2
4.349597 5.130523 2
8.045205 4.134794 1
7.949552 4.167972 1
9.153767 5.622250 1
7.739520 3.436522 1
7.909980 4.274614 1
8.747673 7.001902 1
7.766601 6.415366 1
6.107842 5.934070 1
8.875700 6.782248 1
9.000566 6.760541 1
5.149235 6.503205 1
8.192064 7.196077 1
8.784682 6.896964 1
8.725403 6.775643 1
9.336540 5.877294 1
10.000000 5.972222 0
9.890016 6.067082 1
9.884097 5.897996 1
6.830453 7.287535 1
9.088025 3.957970 1
10.000000 7.083333 0
9.875747 7.204134 2
9.858798 7.079720 2
8.010467 7.001027 1
7.938938 6.872695 1
7.124539 3.959820 1
5.342384 7.156353 1
7.010106 4.599801 1
8.494654 4.948745 1
6.158843 7.484761 1
6.214417 7.341128 1
6.287699 7.489812 1
6.408441 5.539903 1
5.608884 5.769507 1
8.432581 3.883755 1
6.065762 6.644947 1
9.476225 5.378482 1
6.488848 6.925975 1
7.544069 4.540211 1
7.431479 4.611162 1
9.197598 3.915571 1
9.314283 3.848248 2
5.281466 7.474548 1
5.354449 7.365193 1
4.872307 7.020385 1
6.062716 5.543975 1
8.877501 5.404268 1
8.761273 5.468201 1
7.543818 4.675114 1
7.428025 4.762900 1
4.836123 5.901148 1
6.045297 6.091761 1
7.316336 5.349784 1
8.984689 6.868281 1
9.894346 5.389453 1
3.538919 6.806466 1
3.826000 6.707777 1
7.112624 5.953517 1
7.184696 3.631456 1
6.618821 6.336739 1
9.104176 3.726347 1
9.389493 3.941152 2
6.900465 4.703477 1
7.346310 6.753424 1
8.697927 4.067390 1
8.621064 4.148262 1
8.538924 4.070376 1
9.240016 5.359257 1
8.901613 6.914772 1
7.447333 3.485706 1
7.110127 4.224920 1
5.001524 7.020991 1
9.408763 4.670970 1
9.303288 4.563451 1
9.457863 4.560836 1
9.392477 4.455444 1
8.717920 3.878421 1
9.557239 5.283425 1
8.297964 5.907558 1
9.624385 7.011266 1
9.720688 7.050440 2
8.764432 4.697741 1
7.894273 7.177075 1
6.909560 7.540865 1
8.626511 5.438052 1
8.739789 5.350778 1
8.053024 5.415451 1
8.133616 5.564425 1
5.957688 6.180433 1
7.801664 4.312671 1
7.713061 6.929952 1
9.647109 5.717340 1
6.552126 6.569087 1
7.579435 4.927200 1
6.538285 6.701602 1
5.020481 7.500053 2
9.346112 6.510459 1
9.334600 6.631521 1
6.618520 5.443135 1
9.124958 4.842820 1
5.261233 5.065129 2
5.372214 4.965160 2
5.429159 5.090853 1
7.839534 3.393071 1
7.204153 3.827495 1
6.091345 5.299238 1
6.817706 7.185980 1
5.884179 7.129126 1
8.711639 4.780706 1
6.233740 7.586770 1
4.701678 5.877624 1
8.196648 5.955211 1
7.698123 6.095406 1
6.203375 6.835410 1
3.969505 6.572711 1
5.449233 7.590049 1
7.019033 5.579883 1
4.187191 6.370886 1
7.808046 6.816317 1
5.233618 6.250854 1
6.922052 5.560655 1
4.888825 6.027974 1
5.545734 5.434110 1
4.593714 5.602470 1
6.173964 6.936758 1
8.508940 4.682758 1
8.648938 4.663811 1
4.246490 6.045128 1
7.080760 3.837439 1
7.007150 3.739095 2
7.151046 3.739827 1
7.082345 3.659046 1
9.218525 5.468232 1
8.912887 4.440127 1
5.375283 5.875870 1
5.038819 5.830047 1
7.387219 5.170876 1
9.035439 4.143056 1
7.876116 6.314047 1
7.873680 6.415968 1
8.688021 5.006658 1
4.963239 7.116050 1
3.572624 7.136677 2
3.620426 6.995499 1
3.674249 7.116525 2
3.512885 7.022688 1
4.449084 4.999966 2
7.024794 7.314281 1
6.311791 7.282618 1
7.428337 5.656695 1
7.695502 4.225101 1
6.236439 5.984707 1
5.778982 7.195742 1
8.282659 4.921088 1
5.513087 7.016447 1
5.599947 6.895392 1
6.124454 7.204599 1
3.924407 6.778689 1
3.918741 6.904608 1
7.871242 4.409590 1
10.000000 4.444445 0
9.895347 4.543991 1
10.000000 5.694445 0
3.706648 6.508783 1
8.237376 6.574747 1
8.260412 6.466754 1
8.372476 6.533932 1
8.117463 4.823249 1
6.631719 7.227518 1
7.008394 4.908817 1
7.447411 5.545475 1
7.343417 5.616569 1
6.177315 4.920896 1
6.246135 5.013011 1
5.466787 5.362625 1
8.737043 5.234947 1
6.070055 7.308872 1
7.009689 4.730780 1
7.348605 4.683610 1
4.498084 6.058089 1
6.552555 5.914373 1
6.448441 5.864358 1
6.516156 5.774285 1
4.380692 6.783002 1
4.327588 6.682076 1
4.485376 6.682701 1
7.175807 4.768098 1
6.922612 7.239156 1
7.925807 5.372638 1
7.976167 5.274621 1
6.634635 4.507141 2
6.706133 7.730347 2
9.786703 5.994103 1
8.112045 6.987551 1
7.706547 3.940217 1
5.622384 5.656478 1
4.282556 6.957081 1
4.143545 6.940578 1
4.203537 6.832942 1
6.643902 5.788945 1
5.209591 7.373124 1
8.265223 6.914089 1
8.547714 5.569932 1
8.336599 3.943409 1
5.267864 5.847190 1
5.149359 5.806612 1
4.701714 6.395284 1
5.830730 7.559935 1
7.180489 5.198416 1
6.722287 6.909847 1
8.370759 6.427242 1
8.471024 6.393604 1
9.161214 5.261732 1
9.048803 5.312334 1
5.775057 6.563979 1
5.705297 6.482441 1
5.842587 6.430380 1
9.097701 3.842282 1
8.071892 6.321529 1
8.648626 6.277834 1
8.164157 4.693324 1
7.996258 6.763969 1
8.675888 5.541084 1
5.351101 5.778658 1
4.102388 6.731255 1
4.042965 6.835967 1
9.428583 6.433308 1
5.193571 5.926731 1
8.086248 5.279668 1
8.425138 7.016284 1
7.971057 4.363525 1
9.476728 6.925831 1
5.154410 7.012564 1
7.291842 5.136604 1
6.810746 4.185935 2
3.914390 6.657681 1
7.787888 3.623500 1
5.493474 7.799499 2
5.368001 7.803230 2
5.460635 7.695292 1
9.764725 6.604926 1
9.719796 6.723753 1
7.102363 5.654710 1
7.083399 5.771421 1
7.657597 3.226219 2
7.574619 3.319385 1
6.839843 4.438451 1
6.972481 5.823722 1
7.998260 6.668141 1
5.533744 6.581156 1
5.557873 5.064461 1
8.516747 6.686068 1
8.661390 6.660290 1
7.965806 5.893101 1
8.087477 5.855208 1
8.088157 5.952601 1
8.012184 6.007595 1
9.289888 4.673587 1
9.775592 6.264836 1
9.515800 4.473945 1
4.350440 5.843766 1
7.797813 4.871843 1
7.089032 5.409372 1
5.983962 7.228858 1
4.291726 6.598414 1
5.778348 6.292717 1
5.895851 6.288805 1
7.118725 5.312184 1
10.000000 4.861111 0
10.000000 5.000000 0
9.878259 4.909756 1
10.000000 4.583333 0
10.000000 4.722222 0
9.880175 4.672441 1
5.344021 7.672044 1
8.391885 5.929610 1
7.826413 6.922435 1
7.895785 7.002352 1
6.332316 5.886735 1
7.224258 5.305674 1
8.079580 3.432795 1
9.121345 6.754663 1
7.457831 7.028260 1
9.114153 4.730761 1
4.274296 5.361598 1
8.581032 6.579071 1
7.420647 6.829785 1
7.499552 6.909820 1
6.130311 4.813898 1
5.348897 7.561344 1
6.886796 5.934924 1
7.112457 4.685982 1
7.901898 6.730320 1
4.476462 7.048297 1
4.404589 6.915154 1
4.689008 6.623161 1
4.802021 6.536401 1
7.348937 4.244239 1
5.864811 7.265457 1
5.756623 7.304313 1
6.530414 5.177039 1
6.432092 5.129369 1
9.139549 6.204449 1
9.797285 6.954320 1
9.755142 6.843324 1
7.609828 6.534926 1
7.003452 6.582570 1
8.263885 4.623531 1
4.692145 6.510069 1
5.648269 6.275876 1
7.907538 3.607256 1
9.918821 4.368527 1
9.861631 5.285372 1
6.867051 6.143633 1
6.533076 7.023215 1
5.515975 6.101072 1
8.066018 4.637471 1
7.201639 6.555224 1
7.141817 6.454616 1
7.288534 6.484237 1
4.203794 5.453638 1
4.104136 5.545857 1
5.791789 5.519647 1
10.000000 5.138889 0
9.914859 5.194705 1
7.006169 5.945679 1
8.230309 4.827884 1
8.295834 4.735635 1
9.885636 6.303110 1
7.759062 6.161599 1
6.465974 7.128116 1
8.936102 6.409224 1
9.854586 6.498920 1
10.000000 6.527778 0
9.898450 6.405153 1
8.469175 4.823543 1
8.601311 4.799692 1
5.911627 5.479372 1
8.397052 4.694332 1
4.650166 5.279795 1
8.068089 5.721681 1
6.403038 5.775277 1
7.773939 3.304002 1
7.778308 3.199289 2
8.781055 6.104211 1
4.212558 5.854231 1
4.248597 5.748077 1
4.038553 5.658641 1
5.592066 7.860765 2
5.881123 6.555159 1
4.464545 5.116072 1
6.527028 6.032881 1
9.544719 5.824807 1
9.655012 5.846220 1
6.999979 3.608918 2
7.256520 6.959765 1
8.856175 3.448032 2
7.001209 5.322127 1
3.440204 7.103339 2
3.397062 6.972573 2
3.340920 7.072015 3
6.746459 5.836737 1
6.783448 5.935107 1
6.681101 5.925217 1
10.000000 6.388889 0
7.597425 5.533714 1
5.089581 5.223879 1
5.208089 5.193843 1
4.517680 5.427602 1
5.477098 6.708196 1
5.923215 5.140003 1
5.802876 5.196856 1
9.334420 4.761513 1
4.504460 6.802976 1
8.482416 6.500474 1
6.134613 6.033668 1
5.436562 6.612066 1
4.598559 5.847157 1
7.583470 6.996770 1
7.666794 6.311472 1
7.672304 3.346754 1
4.526024 5.917530 1
9.789057 6.096117 1
6.594790 6.921363 1
4.460289 5.534797 1
4.314150 5.465457 1
4.337113 5.571017 1
7.059162 5.227658 1
9.202797 3.783251 2
9.383889 4.243562 1
4.309435 6.850822 1
9.058955 6.276330 1
8.933039 7.088361 1
9.734552 4.243294 2
9.444994 4.357610 1
6.010065 5.411418 1
10.000000 5.277778 0
4.008707 5.781964 1
6.621301 7.323880 1
5.018191 5.345380 1
8.668210 6.148387 1
6.568055 4.580277 1
4.001836 6.698579 1
5.585395 7.733250 1
8.020779 4.540840 1
4.286083 6.765038 1
7.769765 6.274017 1
7.723514 5.584177 1
6.036800 4.862010 1
4.595124 6.705735 1
5.960152 6.379493 1
9.531137 4.677654 1
5.944004 4.749156 2
9.915918 6.578643 1
5.821927 5.301469 1
6.122543 7.390570 1
4.712487 6.733693 1
8.589025 4.907459 1
7.718904 5.458847 1
5.209268 6.416811 1
5.248849 7.594256 2
5.162119 7.494687 2
6.571133 7.724998 2
10.000000 5.833333 0
8.350130 4.829906 1
7.180607 6.662320 1
9.217078 4.741789 1
9.261843 4.849654 1
7.334547 7.043273 1
7.471661 7.326222 2
4.546166 5.191502 1
9.397194 4.033442 2
4.022027 6.978586 1
4.059261 7.122772 2
8.022291 5.169083 1
7.890661 5.195217 1
5.102062 6.414493 1
5.008130 6.495294 1
7.888206 3.296390 2
6.143450 5.044470 1
8.388100 4.946356 1
8.339474 5.584421 1
8.255172 5.537175 1
4.169448 5.653909 1
7.797246 5.508894 1
9.602942 4.783470 1
9.717548 4.796529 1
5.743260 7.394180 1
8.651186 4.533991 1
9.763075 4.695080 1
6.075419 4.729247 2
6.504592 5.462617 1
7.320543 5.240543 1
6.771570 4.326343 2
6.903252 4.256149 1
4.776282 7.054303 1
8.154737 5.215671 1
6.427768 6.742944 1
5.345887 6.568316 1
5.402276 7.244334 1
7.526029 5.635945 1
4.464261 7.193318 2
9.524220 7.030573 1
10.000000 4.305555 0
8.052216 5.626583 1
5.241812 7.726308 2
5.126162 5.097726 2
5.846077 6.642434 1
8.104228 7.239747 1
8.225373 7.289495 1
7.968187 4.453945 1
5.994973 6.290595 1
3.481405 6.723879 1
3.350997 6.695115 2
3.414002 6.824035 2
10.000000 6.944445 0
4.894711 5.543684 1
5.450286 7.125034 1
7.987830 5.785263 1
6.527680 4.768586 1
6.336903 5.061018 1
8.151960 5.664776 1
4.085330 5.881739 1
6.512930 6.825555 1
9.816274 4.791667 1
9.921261 4.791667 1
4.123805 5.761951 1
7.209267 6.859083 1
9.906357 6.987324 1
6.839781 6.036135 1
7.246343 6.760936 1
7.307018 7.490772 2
7.250477 7.403278 1
9.132717 5.389285 1
9.577426 6.911754 1
7.358154 7.360455 2
3.943378 7.179153 2
7.487613 4.872024 1
5.987270 5.305165 1
8.121071 6.622148 1
5.907853 5.249306 1
9.924757 5.763889 1
5.906826 5.361221 1
7.958073 7.099554 1
8.780659 3.965343 1
4.901669 6.452595 1
4.121198 7.040025 2
4.228028 5.563161 1
7.825233 5.408347 1
9.310996 4.960452 1
8.019016 3.320478 2
7.105238 6.561436 1
9.367978 5.986574 1
7.858644 5.299185 1
9.763405 4.883244 1
9.758597 5.873807 1
6.542387 4.470530 2
8.438113 5.630522 1
5.660082 6.583299 1
7.309304 6.852346 1
4.799413 6.423173 1
4.168519 5.965186 1
8.420769 4.007967 1
8.845331 5.824608 1
3.519023 6.909560 1
8.075289 3.231018 2
7.377767 6.940284 1
4.984843 6.382586 1
9.495859 6.116432 1
6.725146 7.264184 1
4.284595 5.652598 1
9.674578 5.954826 1
9.565812 5.926412 1
8.450120 6.602623 1
9.458397 5.899045 1
9.592882 6.025506 1
9.483365 6.009024 1
8.348223 3.406164 2
5.837869 6.177964 1
5.170027 6.324827 1
9.685886 6.927042 1
6.015219 5.208495 1
7.062775 5.862608 1
9.694324 6.063309 1
7.062410 6.272943 1
8.323970 7.012460 1
4.880465 6.349662 1
4.866957 6.236947 1
7.107476 3.549114 2
 0 1 2
 3 4 5
 4 6 5
 7 0 2
 8 9 10
 10 9 11
 12 13 14
 15 16 17
 18 19 20
 16 21 17
 22 23 24
 25 26 27
 23 28 24
 29 30 31
 32 18 20
 33 34 35
 31 30 36
 37 13 12
 38 39 40
 41 42 43
 44 45 46
 47 46 45
 48 49 50
 51 52 53
 48 24 49
 54 55 56
 57 58 59
 60 61 39
 62 39 61
 63 25 27
 64 65 66
 67 68 69
 70 69 68
 71 8 72
 73 74 75
 76 77 78
 79 42 41
 66 65 80
 81 82 83
 84 85 86
 87 88 89
 38 40 90
 91 92 93
 94 93 92
 95 96 97
 98 99 100
 101 102 103
 104 105 106
 43 95 97
 107 108 109
 110 111 112
 113 114 115
 116 117 118
 119 117 116
 120 121 122
 123 124 125
 126 77 76
 127 128 129
 112 111 130
 131 132 133
 134 135 136
 137 138 139
 140 141 142
 143 144 145
 37 145 144
 146 147 148
 149 150 151
 152 151 150
 153 154 155
 156 115 114
 157 158 159
 160 161 162
 81 83 163
 164 165 166
 167 53 52
 168 169 170
 171 154 153
 172 173 174
 75 74 175
 176 177 178
 87 179 88
 180 181 182
 183 184 185
 186 185 184
 85 187 86
 188 189 190
 191 190 189
 192 193 194
 195 194 193
 196 170 169
 197 73 21
 198 199 200
 201 202 203
 204 56 55
 205 206 207
 176 208 209
 210 211 212
 197 2 1
 213 214 215
 216 217 218
 219 220 221
 222 223 224
 225 226 227
 228 123 145
 229 230 231
 232 233 234
 134 235 236
 237 77 126
 238 187 85
 164 239 165
 215 214 240
 241 242 243
 244 245 246
 206 247 207
 248 63 27
 249 250 180
 251 252 170
 252 253 170
 81 254 255
 256 203 202
 101 103 230
 213 215 257
 258 259 260
 160 261 161
 94 262 93
 263 221 220
 264 240 214
 265 266 267
 268 269 270
 271 272 273
 274 275 276
 8 10 72
 277 230 229
 249 180 182
 278 142 141
 198 200 279
 280 281 282
 283 284 285
 215 286 257
 287 288 289
 290 288 287
 238 85 291
 292 293 294
 295 296 297
 298 299 300
 301 103 102
 265 302 266
 303 304 305
 197 306 73
 307 308 309
 310 311 312
 313 212 314
 315 316 317
 318 319 320
 321 322 323
 324 325 326
 327 326 325
 134 136 328
 329 328 136
 330 331 332
 333 332 331
 319 334 320
 335 336 337
 338 339 314
 313 314 339
 204 340 189
 160 162 294
 341 342 343
 344 345 346
 347 346 345
 313 158 348
 157 348 158
 349 350 351
 352 85 353
 84 353 85
 354 297 355
 356 288 357
 358 312 311
 359 360 361
 295 362 363
 364 270 269
 263 220 365
 210 366 211
 367 122 368
 363 362 369
 370 371 372
 220 373 365
 60 39 374
 375 376 377
 197 378 306
 379 380 55
 255 381 382
 383 125 124
 294 293 384
 385 386 20
 387 20 386
 178 177 388
 389 390 391
 392 146 148
 393 394 395
 209 208 396
 280 397 398
 399 400 66
 98 401 99
 307 402 403
 134 236 404
 274 405 275
 406 407 400
 64 400 407
 157 159 408
 108 409 109
 410 411 412
 385 413 386
 414 415 416
 417 416 415
 418 419 420
 421 271 273
 380 422 55
 70 68 423
 424 425 426
 256 202 427
 333 428 429
 238 162 187
 49 430 431
 432 431 430
 81 433 254
 158 434 435
 436 437 438
 437 439 438
 280 398 65
 352 291 85
 440 441 442
 443 286 444
 445 122 367
 446 447 448
 425 326 426
 123 125 449
 450 158 435
 451 452 453
 440 454 441
 455 163 83
 455 456 457
 167 458 53
 459 460 461
 462 182 181
 463 464 465
 466 465 464
 120 122 467
 468 469 470
 471 230 103
 472 473 474
 387 437 20
 337 336 475
 476 477 478
 479 59 199
 418 480 419
 455 83 456
 481 482 483
 484 86 187
 393 485 486
 487 488 193
 195 193 488
 167 97 96
 489 89 490
 491 492 493
 494 493 492
 410 412 289
 495 100 99
 186 372 371
 64 66 400
 496 497 498
 191 189 340
 499 500 413
 418 420 501
 502 501 420
 503 504 505
 506 507 132
 89 508 490
 357 288 509
 389 391 510
 511 2 15
 113 115 234
 512 513 147
 514 147 513
 258 260 515
 516 517 174
 518 519 1
 198 279 520
 521 520 279
 280 65 522
 523 524 5
 201 525 202
 526 527 528
 529 530 531
 532 72 10
 338 314 533
 51 534 52
 535 536 537
 538 539 540
 541 342 341
 542 543 544
 127 544 543
 313 339 158
 529 545 546
 347 547 548
 549 550 551
 552 553 554
 555 554 553
 556 557 558
 559 558 557
 44 560 561
 198 562 199
 489 319 318
 563 166 564
 538 565 539
 243 242 566
 567 566 242
 568 483 482
 569 570 571
 572 106 105
 175 74 573
 354 574 297
 571 570 575
 576 577 46
 44 46 577
 578 579 580
 451 580 579
 581 582 583
 529 546 530
 137 139 584
 370 585 371
 586 14 13
 237 587 588
 589 590 591
 344 592 593
 321 323 594
 297 296 355
 143 145 123
 595 596 597
 224 596 595
 598 599 600
 71 42 8
 172 601 173
 38 602 39
 406 585 407
 387 386 603
 604 305 304
 535 537 605
 606 545 607
 201 607 545
 608 574 165
 609 610 611
 225 612 226
 613 614 547
 615 616 617
 618 617 616
 619 220 620
 621 620 220
 140 622 141
 222 224 595
 609 611 623
 624 327 325
 238 625 162
 484 261 626
 627 626 261
 216 218 628
 629 244 246
 67 360 68
 62 40 39
 598 600 630
 631 632 633
 634 635 257
 636 637 638
 639 547 614
 549 640 550
 641 642 643
 644 645 646
 406 610 647
 609 647 610
 648 214 649
 463 465 504
 590 650 591
 468 492 651
 222 652 653
 574 354 165
 44 654 560
 54 56 655
 656 317 316
 657 658 659
 660 661 662
 443 662 661
 624 663 327
 664 637 636
 665 666 667
 668 669 670
 228 124 123
 152 671 672
 529 673 545
 523 5 674
 329 407 675
 248 676 677
 678 677 676
 679 665 680
 440 648 649
 679 628 470
 218 470 628
 568 681 682
 478 477 683
 684 573 685
 659 453 311
 686 307 403
 687 688 689
 581 690 691
 359 692 360
 693 694 670
 695 689 688
 619 373 220
 315 377 376
 28 670 696
 472 474 697
 698 699 579
 451 579 699
 222 700 652
 461 653 652
 471 701 230
 231 230 701
 669 696 670
 257 635 213
 104 72 105
 645 702 703
 703 702 704
 455 614 163
 686 705 331
 333 331 705
 232 234 498
 693 706 694
 707 708 709
 201 545 710
 232 269 233
 385 711 413
 712 713 714
 443 444 662
 446 448 715
 17 21 716
 717 718 719
 176 209 177
 720 177 209
 274 721 722
 441 723 724
 471 725 701
 556 558 408
 354 564 166
 171 153 726
 668 694 366
 113 234 233
 301 102 727
 507 658 657
 728 474 473
 330 332 729
 730 729 332
 499 413 711
 329 731 407
 127 732 128
 451 733 452
 211 366 694
 38 112 734
 38 110 112
 343 449 125
 735 736 737
 264 425 394
 687 738 507
 392 388 739
 740 741 742
 681 743 682
 744 745 746
 310 746 745
 511 747 2
 748 122 445
 392 739 34
 101 749 102
 385 19 750
 347 345 547
 173 751 174
 752 753 754
 755 756 757
 758 757 756
 224 759 711
 67 760 361
 627 261 761
 762 763 764
 765 766 767
 768 90 40
 769 770 771
 228 771 770
 717 719 772
 290 509 288
 143 123 449
 241 243 773
 131 133 774
 775 776 777
 292 294 778
 568 482 779
 278 779 482
 762 780 763
 468 781 469
 782 783 784
 172 517 650
 785 650 517
 589 677 786
 504 465 505
 787 421 788
 315 594 316
 789 306 378
 368 122 121
 790 583 582
 88 791 792
 256 427 11
 149 793 150
 794 111 795
 110 795 111
 248 796 63
 417 63 796
 797 798 287
 290 287 798
 188 190 799
 35 800 33
 356 357 801
 563 802 166
 803 804 120
 139 138 737
 668 805 669
 665 667 680
 476 478 799
 188 799 478
 134 404 135
 806 804 803
 224 711 596
 479 199 807
 808 53 458
 782 809 783
 471 810 725
 811 812 813
 175 573 684
 385 750 596
 37 814 13
 322 703 323
 703 704 323
 414 251 815
 516 816 817
 818 819 820
 81 163 433
 439 437 247
 387 247 437
 821 505 465
 199 59 200
 204 189 56
 64 407 522
 822 416 823
 824 825 826
 827 828 215
 529 531 829
 71 830 831
 782 784 832
 186 371 647
 833 193 834
 822 835 416
 765 767 836
 49 431 50
 375 837 376
 730 332 838
 113 839 114
 679 840 665
 1 519 378
 841 141 622
 516 817 823
 664 709 708
 446 699 447
 280 282 397
 338 533 464
 526 842 527
 843 643 642
 216 844 554
 552 554 844
 586 13 845
 152 672 756
 758 756 672
 507 738 132
 846 847 848
 335 337 849
 134 328 235
 268 233 269
 506 658 507
 484 161 261
 443 661 217
 321 594 376
 315 376 594
 392 850 178
 851 593 592
 191 852 190
 853 854 277
 167 96 458
 855 638 637
 274 856 721
 857 682 743
 7 2 747
 858 80 65
 859 97 860
 861 862 863
 864 863 862
 225 227 865
 859 79 41
 295 297 866
 833 867 856
 868 869 870
 197 16 2
 237 588 77
 392 148 850
 797 724 723
 47 871 46
 872 174 751
 249 636 250
 274 722 873
 283 874 118
 116 118 874
 740 742 655
 589 786 875
 876 877 878
 879 646 645
 588 587 235
 880 766 881
 301 881 766
 164 166 802
 880 92 882
 91 882 92
 576 46 883
 833 884 193
 885 886 887
 229 618 616
 518 667 666
 414 835 251
 101 230 277
 468 651 781
 858 398 888
 889 887 886
 768 623 776
 768 890 623
 538 891 892
 368 726 153
 195 478 683
 893 894 895
 227 896 897
 885 898 899
 496 498 900
 901 811 570
 569 901 570
 902 436 438
 876 903 877
 370 372 904
 905 99 401
 503 906 504
 393 395 907
 908 708 707
 909 819 818
 576 792 791
 545 673 710
 71 831 910
 244 911 245
 912 913 304
 914 7 915
 487 916 276
 586 696 669
 752 661 917
 660 917 661
 915 7 918
 900 498 919
 417 415 63
 241 480 920
 921 897 896
 678 676 922
 923 922 676
 222 595 700
 157 408 924
 925 633 632
 853 277 616
 926 115 927
 833 928 867
 929 930 931
 932 848 847
 521 279 933
 934 935 936
 937 938 4
 393 939 394
 81 255 382
 521 474 520
 728 520 474
 464 533 940
 481 144 482
 941 528 527
 859 942 79
 201 203 607
 943 944 945
 107 945 944
 902 946 436
 762 584 780
 139 780 584
 568 779 681
 698 579 947
 232 498 497
 91 772 719
 332 948 838
 748 714 713
 198 705 562
 606 697 474
 678 786 677
 67 361 360
 769 949 805
 195 950 478
 324 326 442
 432 951 431
 859 860 267
 324 952 953
 954 955 531
 216 634 217
 443 217 634
 956 957 548
 347 548 957
 958 737 736
 219 221 959
 225 959 221
 333 948 332
 960 405 961
 274 276 916
 962 963 953
 964 617 774
 567 574 608
 383 965 125
 516 174 816
 258 966 259
 769 771 949
 923 967 922
 817 867 928
 172 174 517
 824 826 968
 237 126 969
 588 904 970
 784 971 832
 277 229 616
 827 972 732
 143 973 144
 825 640 826
 908 961 405
 974 200 59
 955 975 531
 941 976 460
 222 976 223
 894 977 895
 978 979 980
 981 742 741
 167 860 97
 735 557 736
 827 732 828
 472 573 74
 922 967 982
 158 450 159
 549 194 683
 444 732 983
 428 978 980
 424 984 425
 958 736 985
 435 985 736
 986 987 988
 989 988 987
 333 990 428
 188 478 991
 556 408 159
 627 565 100
 98 100 565
 180 992 181
 993 994 800
 256 11 995
 861 863 996
 909 997 819
 998 95 999
 249 709 636
 876 1000 1001
 51 1001 1000
 383 1002 965
 143 342 142
 140 142 342
 329 136 281
 156 927 115
 1003 553 918
 502 420 1004
 687 689 738
 549 1005 194
 481 1006 144
 37 144 1006
 1007 412 411
 1008 691 690
 821 1009 505
 856 867 721
 872 721 867
 192 834 193
 399 610 400
 1010 208 1011
 176 1011 208
 32 20 1012
 532 427 1013
 1014 1015 1016
 280 731 281
 752 1017 753
 827 215 1018
 219 1019 220
 3 5 524
 748 1020 714
 664 636 709
 693 1021 593
 9 1022 11
 255 1023 381
 91 719 882
 964 1024 490
 1025 564 355
 859 41 97
 38 90 110
 514 148 147
 740 56 991
 188 991 56
 264 648 425
 160 1026 261
 586 1027 696
 186 1028 372
 639 1029 547
 548 547 1029
 389 1030 603
 62 1031 890
 407 585 675
 101 277 854
 833 856 884
 274 916 856
 858 888 284
 581 691 582
 420 1032 1004
 215 828 286
 687 507 1033
 387 603 1034
 301 727 1016
 998 96 95
 133 689 1035
 765 1036 766
 503 780 906
 489 318 1037
 28 1038 24
 263 612 221
 17 716 1039
 1040 1039 716
 1041 777 776
 615 490 508
 1042 1043 1044
 1045 1044 1043
 487 276 1046
 1047 685 573
 578 580 1048
 506 1048 580
 330 309 308
 617 1049 774
 321 1050 322
 606 546 545
 521 530 1051
 1052 866 242
 241 1053 242
 9 8 1054
 958 1055 906
 964 111 1024
 627 761 539
 410 289 288
 385 20 19
 989 987 710
 889 959 865
 264 394 939
 446 715 965
 1056 1057 1058
 598 266 302
 1059 1057 1056
 560 1060 561
 1061 367 153
 1062 48 50
 108 1062 50
 238 291 1063
 555 553 1064
 343 125 1065
 188 56 189
 301 1016 881
 609 890 1031
 285 284 888
 593 1021 1066
 1067 267 266
 851 1068 1069
 48 944 1070
 962 953 952
 78 1071 1072
 228 145 12
 798 1073 509
 487 193 884
 104 106 742
 54 742 106
 1074 1075 672
 825 1076 640
 958 985 1055
 235 328 1077
 1078 1079 1080
 11 427 10
 598 630 266
 1081 266 630
 748 467 122
 748 445 1020
 127 129 544
 712 714 1082
 698 947 898
 644 646 1083
 258 1084 391
 1085 391 1084
 186 647 1031
 609 1031 647
 621 220 1019
 1086 272 849
 1087 1086 849
 471 103 1088
 71 1089 42
 735 737 138
 489 490 1024
 1090 1070 944
 943 255 254
 979 74 306
 73 306 74
 679 680 844
 954 530 933
 521 933 530
 644 223 1091
 314 1069 1068
 960 999 910
 953 1092 325
 775 1093 776
 201 987 525
 586 771 14
 532 10 427
 463 504 1055
 370 904 1077
 1025 355 296
 63 415 25
 1092 624 325
 943 1023 255
 1094 1095 1096
 1097 1098 1099
 644 1100 645
 1061 1101 367
 1102 1103 1000
 1010 25 415
 459 461 1104
 811 813 1105
 1106 931 930
 176 178 1011
 26 1011 178
 631 633 1107
 195 488 950
 555 1108 554
 241 419 480
 1109 899 898
 1110 1111 1112
 902 438 1096
 216 628 844
 62 185 1031
 1094 1096 1113
 794 1024 111
 956 1114 957
 466 957 1114
 127 983 732
 631 4 1115
 249 1116 707
 1117 838 948
 231 1118 1119
 38 734 1120
 163 614 1121
 879 1122 500
 941 527 663
 748 1123 467
 370 1077 328
 608 165 1124
 1125 1124 165
 879 645 703
 333 429 948
 186 184 1028
 549 551 1005
 104 1126 830
 1127 830 1126
 310 745 311
 586 669 949
 1128 1129 1130
 152 756 151
 974 59 58
 290 798 509
 974 1131 200
 567 1132 574
 765 810 1036
 704 702 963
 567 608 1079
 589 875 1133
 1061 820 819
 256 685 203
 1081 801 1134
 6 4 1135
 893 892 891
 213 649 214
 1003 918 1073
 26 178 850
 707 1116 1136
 1136 1116 998
 79 1054 42
 578 1137 701
 879 500 646
 183 1112 1138
 1139 1138 1112
 196 1140 815
 131 1141 132
 960 961 999
 207 247 1034
 387 1034 247
 428 980 429
 196 208 1140
 954 531 530
 499 711 759
 1142 1000 1103
 268 1143 233
 918 1144 1073
 354 166 165
 1145 388 177
 463 985 1146
 435 1146 985
 879 703 1147
 393 907 485
 1148 485 907
 186 1031 185
 167 52 860
 679 470 469
 846 819 997
 1149 970 904
 1042 939 486
 393 486 939
 752 1150 661
 251 170 815
 659 311 745
 506 580 658
 686 403 807
 889 897 887
 448 887 897
 1042 1018 939
 1151 1152 1153
 1154 246 1155
 245 1155 246
 358 1129 312
 606 607 697
 1047 697 607
 207 1156 1157
 846 901 847
 130 1035 689
 249 707 709
 998 999 961
 542 1158 1159
 1110 351 350
 909 812 997
 1040 684 995
 256 995 684
 459 1160 460
 207 1157 1161
 516 823 416
 107 1062 108
 575 36 30
 660 983 543
 243 1162 773
 889 886 959
 94 1016 1015
 552 844 680
 310 312 1163
 641 643 1058
 3 1115 4
 613 547 345
 322 1147 703
 1003 1064 553
 1094 541 1095
 213 635 649
 506 1118 1048
 1102 1000 878
 225 865 959
 54 655 742
 880 1164 92
 156 1165 1166
 1167 1168 1169
 1167 1169 1170
 986 1171 987
 589 591 677
 964 490 617
 615 617 490
 227 897 865
 552 915 553
 43 97 41
 301 766 1088
 143 142 973
 218 217 1150
 406 400 610
 441 724 442
 168 170 1172
 104 742 1126
 981 1126 742
 446 965 1002
 151 756 1173
 295 363 1170
 1167 1170 363
 160 294 384
 334 319 1174
 686 308 307
 333 705 990
 581 583 467
 356 1175 288
 410 288 1175
 586 845 1027
 921 715 897
 448 897 715
 389 603 1176
 22 1070 1177
 487 1046 488
 981 488 1046
 885 887 898
 358 1130 1129
 160 384 363
 183 185 1178
 538 892 565
 392 178 388
 555 635 1108
 20 437 1012
 358 1179 1130
 1180 1130 1179
 327 527 426
 424 426 527
 389 1176 390
 1181 390 1176
 923 148 967
 471 1088 1036
 1182 1183 1184
 1185 1186 1187
 223 976 1091
 1188 1153 1152
 196 396 208
 563 564 1189
 1190 938 1191
 1192 896 226
 758 672 1075
 1181 1193 390
 295 1170 296
 468 1194 492
 1154 209 396
 1195 148 923
 613 1121 614
 4 938 1135
 201 710 987
 1196 360 692
 78 970 1071
 407 731 522
 581 467 1123
 338 464 1146
 589 1133 590
 588 235 1077
 427 1197 1013
 775 1174 319
 698 898 887
 542 1159 543
 303 1198 304
 414 416 835
 876 878 1000
 1199 875 786
 443 634 257
 227 226 896
 224 223 759
 94 1164 1016
 204 55 422
 555 649 635
 1200 501 1201
 272 1202 273
 253 1172 170
 956 548 1203
 29 31 381
 71 72 830
 104 830 72
 1204 205 1161
 71 910 1089
 941 663 1205
 82 456 83
 1167 363 384
 506 1141 1118
 420 419 1032
 1206 1032 419
 137 1207 1208
 1190 1004 1032
 265 267 860
 559 1209 1210
 502 1201 501
 326 1211 442
 937 1191 938
 631 1107 4
 234 115 919
 1212 536 1213
 1214 373 1215
 516 416 1216
 417 1216 416
 499 646 500
 1217 1218 911
 597 475 336
 418 1219 480
 790 682 1220
 17 1221 15
 1222 1210 1209
 358 311 1223
 752 754 1224
 1074 672 1225
 190 1226 799
 740 655 56
 908 707 1136
 1227 779 141
 278 141 779
 1219 538 540
 712 1228 713
 514 967 148
 588 970 77
 183 1138 184
 659 1229 453
 425 984 394
 352 510 291
 1085 291 510
 1134 801 1230
 1231 1232 1233
 790 483 682
 989 710 673
 1154 1155 209
 720 209 1155
 480 1219 540
 468 470 754
 1234 1235 118
 60 374 1099
 939 1018 240
 893 895 1233
 1231 1233 895
 981 741 488
 511 15 1221
 424 527 842
 765 899 810
 885 899 1236
 479 57 59
 880 881 1164
 768 1093 90
 463 1146 464
 619 1215 373
 998 458 96
 1237 1238 852
 1025 992 564
 1204 1161 1239
 811 1105 570
 1081 1134 1240
 1241 1240 1134
 869 1242 870
 693 593 706
 851 706 593
 1243 369 362
 461 460 653
 354 355 564
 283 118 1235
 108 1244 409
 248 677 1245
 1154 169 1246
 168 1246 169
 1247 1246 1248
 1249 1039 1250
 1040 1250 1039
 523 1165 114
 156 114 1165
 1251 886 1236
 885 1236 886
 17 1252 1221
 263 946 612
 926 982 900
 1253 179 305
 556 736 557
 1254 181 1168
 216 1108 634
 902 1096 1255
 1014 1016 727
 451 699 733
 444 983 662
 294 625 778
 1256 1158 1257
 926 927 922
 440 649 454
 1125 165 239
 889 865 897
 21 75 716
 443 257 286
 228 14 771
 113 1143 839
 880 767 766
 321 376 259
 260 259 376
 712 409 1244
 62 890 40
 768 40 890
 923 676 27
 172 650 1258
 590 1258 650
 506 132 1141
 755 1173 756
 1078 1080 674
 1259 1260 1174
 679 469 840
 283 1261 284
 455 457 1262
 1007 594 323
 1081 630 801
 356 801 630
 236 235 587
 231 1137 1118
 660 662 983
 311 453 1223
 1128 1130 1263
 451 1229 580
 8 42 1054
 512 146 34
 1025 181 992
 324 953 325
 1060 1264 913
 234 919 498
 1207 351 1208
 1233 1232 401
 603 1030 1034
 541 1265 342
 192 1005 1266
 1267 1266 1005
 748 713 1123
 1081 1240 266
 1067 266 1240
 926 922 982
 1045 1043 1268
 368 121 726
 1269 726 121
 403 1270 807
 603 386 1271
 1251 959 886
 414 1140 415
 1010 415 1140
 481 483 582
 797 287 952
 962 952 287
 248 27 676
 1059 1272 1273
 1274 1273 1272
 1275 205 1276
 218 1224 470
 1025 1168 181
 1094 1113 1277
 1278 1247 1248
 1279 515 837
 1204 1276 205
 1192 1095 541
 1090 1177 1070
 28 23 670
 196 815 170
 858 65 398
 1280 1281 749
 305 179 1282
 555 1064 454
 245 911 1218
 313 1283 212
 133 132 738
 1284 1285 882
 197 1 378
 88 179 791
 962 289 412
 986 380 1286
 379 1286 380
 1097 1287 1208
 137 1208 1287
 1199 1288 875
 1125 875 1288
 941 460 528
 868 870 930
 242 866 1132
 511 1221 1134
 613 536 1121
 535 1121 536
 157 924 746
 102 749 1281
 125 1289 1065
 29 381 1023
 1200 894 501
 518 1 0
 489 1037 89
 811 997 812
 1290 1283 348
 1283 313 348
 794 1291 1024
 62 61 185
 578 1048 1137
 1042 486 1043
 68 360 1292
 1183 1237 852
 1214 18 373
 1110 350 1111
 253 870 1172
 1293 540 539
 1256 1294 1158
 128 732 972
 120 804 121
 794 1093 1295
 775 1295 1093
 253 1296 870
 1297 1123 713
 310 1163 1290
 1284 719 718
 303 1298 1299
 1300 1299 1298
 500 1122 1301
 678 1166 786
 974 1302 1131
 516 1216 517
 149 1303 793
 514 900 982
 659 658 1229
 1110 1112 1304
 279 200 1131
 785 517 1305
 496 1306 513
 1074 1185 1075
 875 239 1133
 1199 1166 1165
 327 426 326
 152 1307 671
 578 701 725
 425 1211 326
 549 826 640
 974 58 1302
 644 1083 223
 1173 989 1308
 1196 1292 360
 211 706 1069
 851 1069 706
 265 860 52
 793 1303 829
 480 540 920
 171 692 154
 1097 1099 1287
 1251 1309 959
 219 959 1309
 576 791 577
 1253 577 791
 297 574 1132
 514 513 1306
 1310 824 968
 1311 284 1261
 569 571 847
 1312 847 571
 406 371 585
 1310 968 1226
 120 467 583
 1280 749 1313
 164 1314 1133
 769 1263 1130
 1190 1032 938
 260 376 837
 461 652 1315
 1139 1071 1316
 1139 1316 1138
 693 670 23
 264 214 648
 455 1317 614
 639 614 1317
 511 1318 747
 575 30 109
 107 109 30
 436 1012 437
 183 1319 1112
 1293 1320 920
 1052 920 1320
 292 778 1321
 717 772 1322
 1323 138 1287
 137 1287 138
 133 1035 774
 60 1099 1098
 73 75 21
 937 4 1107
 197 21 16
 151 1173 1308
 769 1130 1324
 755 1325 988
 191 1184 852
 1117 666 838
 1180 1324 1130
 1202 1086 1322
 1326 1322 772
 1094 1265 541
 385 596 711
 1125 239 875
 1322 1086 717
 390 966 391
 258 391 966
 1192 541 341
 1154 1246 1327
 817 816 867
 327 663 527
 444 828 732
 869 1278 1242
 681 779 809
 1328 836 767
 943 1329 944
 559 557 1330
 590 1133 1314
 466 464 940
 79 1331 1054
 190 852 1238
 954 1302 955
 370 328 675
 1181 1176 1271
 603 1271 1176
 1025 296 1169
 144 973 482
 1139 1112 1111
 1279 837 1332
 578 947 579
 678 922 927
 746 924 1333
 956 1334 1335
 84 832 971
 392 34 146
 1279 1321 778
 624 1205 663
 344 346 592
 1206 938 1032
 1212 537 536
 292 903 293
 1336 570 1105
 858 284 80
 964 1035 111
 489 1291 319
 1337 929 931
 370 675 585
 1249 1338 1252
 344 1213 345
 806 1339 804
 1340 1341 1013
 572 1013 1341
 171 726 1342
 1269 1342 726
 314 212 1069
 359 361 1343
 530 546 1051
 1227 809 779
 929 868 930
 225 221 612
 441 454 1064
 839 1115 524
 460 1160 528
 160 363 369
 560 654 1344
 130 111 1035
 231 701 1137
 1080 1079 1124
 1345 829 531
 283 1235 1261
 843 1346 1347
 872 816 174
 598 1348 599
 1349 599 1348
 198 990 705
 301 1088 103
 686 562 705
 1047 607 203
 439 247 206
 479 807 1270
 1350 924 1351
 216 554 1108
 272 1086 1202
 794 1295 1291
 263 365 946
 162 625 294
 48 1062 944
 1256 1257 1352
 621 718 1353
 352 1156 510
 389 510 1156
 1183 852 1184
 1297 690 1123
 686 331 308
 399 611 610
 656 316 1175
 660 543 1159
 503 763 780
 645 1100 702
 1145 739 388
 98 565 892
 1249 942 1354
 766 1036 1088
 808 1355 53
 821 465 1114
 466 1114 465
 53 1355 1356
 775 319 1295
 127 543 983
 22 24 1070
 318 1298 1037
 1357 1261 1235
 406 647 371
 1358 878 877
 356 630 600
 532 105 72
 149 151 1308
 893 891 894
 418 894 891
 35 34 739
 440 442 1211
 1359 757 1360
 665 838 666
 839 524 114
 941 1091 976
 107 944 1062
 613 345 1361
 1040 716 1362
 324 724 952
 669 805 949
 133 738 689
 495 86 626
 621 1353 620
 494 492 1194
 902 226 612
 1311 80 284
 222 653 976
 1090 944 1329
 757 1363 1360
 460 976 653
 1202 1364 273
 43 42 1089
 946 365 1365
 1366 259 966
 526 1367 1368
 1148 1368 1367
 131 774 1049
 563 250 638
 139 1369 780
 87 1037 1298
 634 1108 635
 1061 153 820
 155 820 153
 1234 118 117
 444 286 828
 1259 1174 777
 986 988 1325
 2 16 15
 1142 1348 1370
 624 1100 1205
 202 1197 427
 941 1205 1091
 335 849 271
 581 1123 690
 698 447 699
 418 501 894
 1040 1362 684
 432 845 1371
 1249 1354 1338
 963 702 1092
 310 1290 1372
 84 86 832
 495 832 86
 1284 882 719
 668 670 694
 693 23 1021
 22 1021 23
 926 919 115
 1185 1187 1075
 68 1292 1004
 502 1004 1292
 636 638 250
 1139 1111 1346
 408 1351 924
 1139 1072 1071
 156 1166 927
 347 1373 346
 175 684 1362
 1279 778 1374
 1312 109 409
 762 1375 1207
 349 1207 1375
 780 1369 906
 347 957 1373
 730 469 781
 993 800 1376
 446 733 699
 143 449 342
 413 1271 386
 3 524 1115
 238 778 625
 1040 1022 1250
 1249 1252 1039
 1249 1250 1331
 769 805 1263
 1348 302 1370
 1139 1346 1072
 64 522 65
 661 1150 217
 698 887 447
 448 447 887
 613 1361 536
 488 741 950
 912 117 119
 672 671 1225
 1377 1225 671
 113 233 1143
 876 1378 903
 1254 903 1378
 758 1075 1187
 1154 1327 246
 1188 1379 1334
 943 254 605
 535 605 254
 1154 396 169
 13 1371 845
 231 1119 229
 989 673 1308
 435 736 450
 556 450 736
 1280 871 1380
 1059 1056 1272
 461 1315 1104
 740 991 950
 478 950 991
 668 366 1381
 735 1330 557
 298 1382 1383
 926 900 919
 1199 786 1166
 1384 509 1073
 1323 1099 374
 716 75 1362
 476 968 826
 529 1303 673
 1280 1380 1281
 1241 1221 1252
 383 1385 1002
 880 882 1285
 604 1344 305
 1253 305 1344
 1214 750 19
 175 1362 75
 588 1077 904
 47 1380 871
 1016 1164 881
 567 242 1132
 49 24 1038
 236 1386 1387
 1388 1387 1386
 244 1389 911
 88 792 1390
 1175 316 411
 679 844 628
 1391 346 1373
 152 150 1307
 238 1374 778
 1297 713 1228
 1254 1392 903
 668 1381 805
 1313 749 854
 787 1393 421
 335 421 1393
 1087 1394 620
 466 1373 957
 555 454 649
 1249 1331 942
 383 770 1385
 1323 374 1209
 1222 1209 374
 624 702 1100
 359 154 692
 1204 1239 783
 265 52 1370
 256 684 685
 740 950 741
 462 181 1395
 1254 1395 181
 1311 1396 66
 399 66 1396
 514 1306 900
 1008 690 1397
 1014 1281 1380
 241 773 419
 1398 1399 1184
 1182 1184 1399
 1275 1277 1113
 1357 1400 1261
 94 92 1164
 677 591 1245
 576 883 1313
 9 1054 1331
 572 105 1013
 532 1013 105
 1217 936 994
 292 877 903
 163 1121 433
 535 433 1121
 395 394 984
 1127 831 830
 790 582 483
 821 1335 1009
 1080 1124 1288
 1125 1288 1124
 1186 1399 1187
 1398 1187 1399
 1384 747 1318
 1269 121 1401
 934 936 1402
 1227 141 1403
 841 1403 141
 471 1036 810
 1003 798 723
 797 723 798
 999 95 1089
 436 1365 1012
 329 281 731
 496 900 1306
 1040 995 1022
 210 1283 1163
 962 412 963
 499 1083 646
 280 522 731
 1404 804 1339
 768 776 1093
 1405 818 1406
 241 920 1053
 1052 1053 920
 1127 1407 275
 276 275 1407
 1206 1135 938
 536 1361 1213
 452 1223 453
 769 1324 770
 619 620 1394
 1052 242 1053
 1293 920 540
 956 1335 1114
 1326 1364 1322
 1290 1163 1283
 1243 1320 761
 1293 761 1320
 1145 1408 1376
 29 945 30
 26 1195 27
 1181 1301 1122
 1085 510 391
 925 1383 1382
 210 212 1283
 1389 934 1402
 960 275 405
 131 1119 1141
 1118 1141 1119
 329 675 328
 359 1409 154
 155 154 1409
 157 746 1372
 958 906 1369
 569 847 901
 720 1408 177
 1145 177 1408
 606 474 1051
 368 153 367
 843 1347 1410
 656 600 599
 704 963 1411
 1200 977 894
 395 842 1368
 526 1368 842
 1412 1019 1309
 219 1309 1019
 1391 940 533
 79 942 1331
 258 515 1084
 211 1069 212
 35 1376 800
 107 30 945
 87 89 1037
 451 453 1229
 43 1089 95
 1251 1236 836
 6 1162 1413
 243 1413 1162
 512 147 146
 228 770 124
 78 1072 642
 1253 654 577
 44 577 654
 39 602 374
 1222 374 602
 1284 1414 1285
 1093 795 90
 98 892 1233
 998 1116 458
 484 626 86
 627 539 565
 137 584 1207
 1202 1322 1364
 821 1114 1335
 1241 1134 1221
 357 1230 801
 148 1195 850
 88 508 89
 383 124 770
 575 570 36
 94 1015 262
 526 1160 1367
 964 774 1035
 853 792 1313
 576 1313 792
 550 1415 931
 1337 931 1415
 439 1113 438
 1096 438 1113
 1323 1330 138
 735 138 1330
 1311 1261 1400
 1336 36 570
 1214 1215 475
 797 952 724
 1293 539 761
 559 1210 558
 274 873 405
 334 1174 1260
 1007 316 594
 1090 605 537
 787 1315 652
 168 1248 1246
 1251 836 1416
 481 582 691
 1241 1252 1338
 937 633 1417
 861 1417 633
 140 342 1265
 171 1342 692
 597 596 750
 1345 531 975
 843 642 1072
 356 600 1175
 1109 898 947
 428 1418 978
 755 757 1325
 1280 1313 883
 459 1367 1160
 586 949 771
 1419 558 1210
 1404 1401 804
 1109 725 810
 523 114 524
 1254 1168 1392
 789 378 519
 1118 1137 1048
 552 680 667
 211 694 706
 1420 1346 1111
 1247 1327 1246
 338 1146 434
 1047 203 685
 912 1198 117
 1234 117 1198
 843 1410 643
 1167 384 293
 965 715 1289
 921 1289 715
 481 691 1006
 794 795 1093
 644 1205 1100
 986 1286 1171
 1234 1421 1235
 1275 206 205
 413 500 1301
 504 906 1055
 1358 1332 1422
 335 271 421
 535 254 433
 1008 1006 691
 1008 814 1006
 37 1006 814
 932 1020 1101
 445 1101 1020
 195 683 194
 1398 1363 1187
 758 1187 1363
 330 308 331
 853 616 1390
 615 1390 616
 861 633 1382
 925 1382 633
 843 1072 1346
 604 304 913
 999 1089 910
 1256 1017 917
 48 1070 24
 472 697 573
 1047 573 697
 572 1423 106
 54 106 1423
 784 783 1239
 609 623 890
 753 1424 1194
 462 1001 1356
 51 1356 1001
 26 850 1195
 806 1425 1339
 953 963 1092
 822 823 1426
 1041 776 623
 1357 1235 1421
 1358 1321 1332
 207 1034 1030
 207 1030 1156
 518 0 914
 552 667 914
 395 1368 907
 1148 907 1368
 993 1376 1408
 644 1091 1205
 1279 1374 1084
 1167 1392 1168
 375 1427 1422
 521 1051 474
 1188 1152 1379
 472 74 473
 979 473 74
 375 1422 1332
 1243 362 1320
 1052 1320 362
 1398 1184 1428
 191 1428 1184
 1117 519 666
 470 1224 754
 248 1245 796
 499 759 1083
 549 477 826
 38 1120 602
 1404 895 977
 489 1024 1291
 310 1372 746
 937 1107 633
 330 729 309
 651 309 729
 11 1022 995
 559 1330 1209
 782 832 99
 495 99 832
 476 826 477
 1007 323 1411
 318 320 1298
 7 1144 918
 228 12 14
 192 194 1005
 1106 1429 931
 550 931 1429
 1078 674 5
 1366 1122 1147
 879 1147 1122
 752 917 1017
 1279 1084 515
 1192 1065 896
 1128 1381 366
 872 867 816
 1041 623 611
 770 1324 1385
 1359 380 1325
 787 788 1315
 1430 1315 788
 1217 1402 936
 511 1134 1230
 249 1431 1116
 373 18 365
 32 365 18
 580 1229 658
 1278 1248 1242
 855 1314 802
 618 1049 617
 965 1289 125
 1279 1332 1321
 344 593 1066
 817 1426 823
 604 1264 1344
 560 1344 1264
 295 866 362
 1052 362 866
 1151 1153 1317
 639 1317 1153
 753 1194 754
 1297 1397 690
 210 1432 366
 1128 366 1432
 1192 341 1065
 172 1258 601
 962 287 289
 923 27 1195
 651 729 781
 717 1086 1353
 853 1313 854
 435 434 1146
 476 799 1226
 37 12 145
 641 1058 1057
 514 982 967
 1247 629 1327
 624 1092 702
 439 206 1113
 1275 1113 206
 359 1343 1409
 1404 1433 1401
 463 1055 985
 851 592 1068
 553 915 918
 375 377 1427
 986 1325 380
 292 1321 877
 1222 1434 1210
 1259 777 1435
 1041 1435 777
 1420 1347 1346
 1181 1122 1193
 789 1436 980
 429 980 1436
 1214 19 18
 1377 1074 1225
 785 796 1245
 1222 1120 1434
 466 940 1373
 1237 1310 1238
 722 1437 708
 298 1383 299
 1231 1339 1425
 578 725 947
 264 939 240
 1300 1298 320
 202 525 1197
 1340 1197 525
 324 442 724
 1310 1226 1238
 606 1051 546
 575 109 571
 1312 571 109
 1259 1400 1260
 1419 1351 558
 476 1226 968
 1192 226 1255
 678 927 1166
 236 587 1386
 237 1386 587
 1087 1353 1086
 441 1064 723
 1003 723 1064
 1405 1406 1409
 155 1409 1406
 1253 791 179
 408 558 1351
 17 1039 1252
 1142 534 1000
 51 1000 534
 921 896 1065
 943 945 1023
 87 1282 179
 455 1262 1317
 1151 1317 1262
 686 807 562
 1059 1438 1057
 908 405 873
 744 746 1333
 1359 1325 757
 1085 1063 291
 1010 1140 208
 1391 592 346
 157 1372 348
 494 1439 493
 1192 1255 1095
 921 1065 1289
 207 1161 205
 428 990 1418
 1358 877 1321
 656 599 317
 1349 317 599
 126 1057 1438
 1196 1342 1440
 1196 1440 1201
 1059 1273 1438
 1186 1182 1399
 549 683 477
 414 815 1140
 337 475 1215
 1366 1193 1122
 1420 1111 350
 1280 883 871
 78 77 970
 660 1294 917
 502 1292 1201
 1204 783 1403
 789 519 1436
 1117 1436 519
 364 299 1383
 552 914 915
 1212 1066 1021
 1085 1084 1063
 7 747 1144
 1388 1438 1273
 870 1242 1172
 168 1172 1242
 32 1012 1365
 495 626 100
 808 458 1116
 1350 1351 1441
 1076 1337 1415
 785 1305 796
 417 796 1305
 1256 917 1294
 432 1397 951
 190 1238 1226
 296 1170 1169
 260 837 515
 1388 1386 969
 303 305 1282
 1340 1286 1341
 379 1341 1286
 902 612 946
 251 835 1442
 822 1442 835
 1340 1013 1197
 399 1396 1435
 1259 1435 1396
 1349 1348 1103
 164 802 1314
 932 1443 1020
 334 1444 320
 1357 1260 1400
 960 910 831
 9 1250 1022
 343 1065 341
 563 638 802
 432 1371 1397
 315 317 377
 1349 377 317
 358 1223 1179
 452 1179 1223
 1142 1370 534
 52 534 1370
 1267 1445 1446
 1227 783 809
 60 1098 1178
 1199 1165 1447
 9 1331 1250
 518 914 667
 192 1266 834
 1448 834 1266
 7 914 0
 164 1133 239
 753 1352 1424
 518 666 519
 893 1233 892
 158 339 434
 338 434 339
 1449 1442 1450
 1267 1005 551
 656 1175 600
 560 1264 1060
 1158 1294 1159
 876 1001 1378
 462 1395 1001
 730 781 729
 818 820 1406
 155 1406 820
 1109 810 899
 343 342 449
 102 1281 727
 1014 727 1281
 1096 1095 1255
 491 1451 492
 651 492 1451
 1336 31 36
 352 1157 1156
 1180 1452 1002
 446 1002 1452
 704 1411 323
 1008 1397 1371
 60 1178 61
 963 412 1411
 1180 1179 1452
 452 1452 1179
 1090 1329 605
 1359 1360 340
 523 674 1447
 298 300 862
 1323 1287 1099
 1090 537 1177
 556 159 450
 659 745 657
 744 657 745
 1259 1396 1400
 1384 1144 747
 1003 1073 798
 429 1436 948
 1117 948 1436
 1350 688 1453
 728 978 1418
 1109 947 725
 758 1363 757
 1188 1029 1153
 389 1156 1030
 1350 1441 688
 855 1258 1314
 859 1354 942
 268 270 632
 1212 1177 537
 379 1423 1341
 572 1341 1423
 855 802 638
 29 1023 945
 993 1454 994
 1217 994 1454
 789 980 306
 979 306 980
 730 840 469
 1142 1103 1348
 808 1116 1431
 184 1316 1028
 805 1381 1263
 1449 252 1442
 67 69 760
 863 760 69
 598 302 1348
 1359 422 380
 1067 1354 267
 859 267 1354
 1284 718 1455
 621 1455 718
 1388 969 1438
 550 640 1415
 1076 1415 640
 196 169 396
 1127 275 831
 960 831 275
 303 1282 1298
 87 1298 1282
 1080 1447 674
 1253 1344 654
 722 708 873
 1007 1411 412
 956 1203 1334
 1188 1334 1203
 1234 1299 1421
 1300 1421 1299
 714 1020 1443
 1188 1203 1029
 168 1242 1248
 1027 430 1038
 49 1038 430
 1217 1454 1218
 785 591 650
 379 55 1423
 54 1423 55
 1212 1021 1177
 22 1177 1021
 958 1369 737
 139 737 1369
 494 1194 1424
 1311 66 80
 278 482 973
 1456 1239 1161
 399 1435 611
 1404 1339 895
 1231 895 1339
 765 836 1236
 403 402 1270
 1449 1457 252
 253 252 1457
 765 1236 899
 864 862 300
 321 259 1050
 1366 1050 259
 1149 1071 970
 943 605 1329
 272 271 849
 782 99 1458
 905 1458 99
 1025 1169 1168
 249 182 1431
 101 854 749
 349 351 1207
 857 1220 682
 712 1082 409
 462 1355 182
 1256 1352 1017
 1145 1376 739
 1214 475 750
 700 336 1393
 335 1393 336
 6 1413 5
 1078 5 1413
 191 340 1428
 1042 1044 1018
 664 708 1437
 1199 1447 1288
 1328 1414 1416
 1412 1416 1414
 762 1207 584
 121 804 1401
 98 1233 401
 344 1066 1213
 110 90 795
 903 1392 293
 608 1124 1079
 1149 1028 1316
 1384 1073 1144
 1106 1445 1429
 1311 1400 1396
 297 1132 866
 712 1244 1228
 431 1228 1244
 1087 849 1394
 1350 1333 924
 445 367 1101
 1359 340 422
 752 1224 1150
 218 1150 1224
 276 1407 1046
 981 1046 1407
 912 304 1198
 1110 1208 351
 1456 1161 1157
 223 1083 759
 629 246 1327
 1297 951 1397
 26 25 1011
 1010 1011 25
 108 50 1244
 880 1285 767
 1328 767 1285
 790 1220 803
 806 803 1220
 651 1451 309
 1328 1416 836
 303 1299 1198
 1234 1198 1299
 526 528 1160
 1391 1373 940
 204 422 340
 334 1260 1444
 1106 1457 1445
 120 583 803
 631 1115 1459
 184 1138 1316
 84 971 353
 1456 353 971
 782 1458 809
 681 809 1458
 517 1216 1305
 417 1305 1216
 46 871 883
 1206 419 773
 1180 1002 1385
 717 1353 718
 908 1136 961
 352 353 1157
 1456 1157 353
 372 1028 904
 1149 904 1028
 1269 1440 1342
 1340 525 1171
 987 1171 525
 1008 1371 814
 695 1441 1460
 1419 1460 1441
 998 961 1136
 162 161 187
 484 187 161
 1217 911 1402
 1067 1338 1354
 210 1163 1432
 312 1432 1163
 1328 1285 1414
 567 1079 566
 1078 566 1079
 1404 977 1433
 1200 1433 977
 410 1175 411
 253 1457 1296
 278 973 142
 78 642 76
 468 754 1194
 523 1447 1165
 1269 1433 1440
 1067 1240 1338
 1241 1338 1240
 1419 1441 1351
 1449 1446 1445
 436 946 1365
 857 743 1232
 905 1232 743
 1243 761 1026
 261 1026 761
 1127 1126 1407
 981 1407 1126
 1300 320 1444
 199 562 807
 905 401 1232
 1312 409 1082
 1412 1414 1455
 1284 1455 1414
 615 508 1390
 88 1390 508
 1200 1201 1440
 446 1452 733
 1149 1316 1071
 937 1417 1191
 70 1191 1417
 853 1390 792
 954 1131 1302
 1345 793 829
 487 884 916
 856 916 884
 925 632 270
 1206 1162 1135
 902 1255 226
 932 847 1443
 563 1189 250
 180 250 1189
 568 682 483
 1323 1209 1330
 13 814 1371
 618 229 1119
 337 1394 849
 597 336 595
 700 595 336
 1212 1213 1066
 237 969 1386
 687 1033 1453
 1200 1440 1433
 1027 845 430
 432 430 845
 1196 1201 1292
 1094 622 1265
 1312 1443 847
 1267 1429 1445
 395 984 842
 424 842 984
 1267 1446 1266
 452 733 1452
 198 520 1418
 839 1459 1115
 357 509 1318
 1384 1318 509
 364 1383 270
 51 53 1356
 695 688 1441
 1251 1416 1309
 1412 1309 1416
 431 1244 50
 775 777 1174
 753 1017 1352
 833 834 928
 734 1434 1120
 993 1408 1454
 641 76 642
 1389 1402 911
 1448 928 834
 806 1220 1425
 337 1215 1394
 619 1394 1215
 627 100 626
 1196 692 1342
 979 978 473
 1349 1103 1427
 1412 1455 1019
 621 1019 1455
 827 1018 1044
 413 1301 1271
 1181 1271 1301
 1366 966 1193
 340 1360 1428
 720 1155 1218
 245 1218 1155
 431 951 1228
 1297 1228 951
 1180 1385 1324
 720 1454 1408
 664 1437 637
 173 637 1437
 673 1303 1308
 1449 1445 1457
 215 240 1018
 529 829 1303
 564 992 1189
 604 913 1264
 1204 1403 1276
 841 1276 1403
 790 803 583
 1128 1263 1381
 1167 293 1392
 728 1418 520
 822 1426 1450
 198 1418 990
 345 1213 1361
 660 1159 1294
 631 1459 632
 1222 602 1120
 375 1332 837
 695 1461 689
 130 689 1461
 1110 1304 1208
 1097 1208 1304
 734 1460 1434
 1391 1068 592
 70 423 1191
 1190 1191 423
 872 751 721
 722 721 751
 1061 848 1101
 1448 1446 1450
 1449 1450 1446
 1190 423 1004
 68 1004 423
 131 1049 1119
 618 1119 1049
 1041 611 1435
 857 1232 1425
 784 1239 971
 1456 971 1239
 243 566 1413
 1102 1422 1427
 744 1333 1453
 1206 773 1162
 6 1135 1162
 1267 551 1429
 550 1429 551
 1027 1038 696
 28 696 1038
 1391 533 1068
 183 1098 1319
 1102 878 1422
 1358 1422 878
 1448 1450 1426
 1007 411 316
 785 1245 591
 1419 1210 1434
 1061 819 848
 1084 1374 1063
 908 873 708
 932 1101 848
 126 1438 969
 744 1453 1033
 1350 1453 1333
 1340 1171 1286
 1106 930 1296
 730 838 840
 1078 1413 566
 322 1050 1147
 1102 1427 1103
 1231 1425 1232
 687 1453 688
 641 1057 76
 126 76 1057
 1269 1401 1433
 538 1219 891
 319 1291 1295
 1398 1360 1363
 298 862 1382
 1366 1147 1050
 1128 1432 1129
 312 1129 1432
 1087 620 1353
 35 739 1376
 1290 348 1372
 149 1308 1303
 639 1153 1029
 870 1296 930
 418 891 1219
 857 1425 1220
 787 652 1393
 700 1393 652
 1080 1288 1447
 1448 1426 928
 665 840 838
 1357 1444 1260
 590 1314 1258
 279 1131 933
 954 933 1131
 1045 1462 972
 1312 1082 1443
 183 1178 1098
 1106 1296 1457
 762 764 1375
 1094 1277 622
 841 622 1277
 1419 1434 1460
 822 1450 1442
 1349 1427 377
 989 1173 988
 755 988 1173
 728 473 978
 314 1068 533
 268 632 1459
 863 69 996
 817 928 1426
 462 1356 1355
 1097 1319 1098
 846 848 819
 734 1461 1460
 597 750 475
 855 601 1258
 390 1193 966
 722 751 1437
 173 1437 751
 1448 1266 1446
 32 1365 365
 265 1370 302
 861 996 1417
 70 1417 996
 925 270 1383
 185 61 1178
 425 648 1211
 440 1211 648
 1357 1421 1444
 1430 1104 1315
 160 369 1026
 548 1029 1203
 861 1382 862
 855 637 601
 128 972 1462
 734 112 1461
 173 601 637
 846 997 901
 811 901 997
 744 1033 657
 1300 1444 1421
 251 1442 252
 720 1218 1454
 1275 1276 1277
 1227 1403 783
 140 1265 622
 494 1424 1439
 841 1277 1276
 238 1063 1374
 714 1443 1082
 1001 1395 1378
 1254 1378 1395
 695 1460 1461
 1045 1268 1462
 511 1230 1318
 357 1318 1230
 507 657 1033
 130 1461 112
 1398 1428 1360
 681 1458 743
 905 743 1458
 180 1189 992
 1243 1026 369
 268 1459 1143
 1045 972 1044
 839 1143 1459
 1112 1319 1304
 1097 1304 1319
 827 1044 972
 70 996 69
 182 1355 1431
 808 1431 1355
 18
 283 116 1388 1274 285 236 135 282 398 136 281 1387 874 397 119 1273 888 404
 0
 57
 909 364 232 81 503 512 496 1336 1405 864 1151 1420 1274 349 82 863 457 513 269 361 813 34 812 497 818 1056 936 1409 800 1152 1009 381 643 31 299 1105 935 1262 1334 1335 1410 1272 1379 760 456 33 994 1375 382 764 1347 350 1343 763 300 1058 505
 57
 47 1148 1326 542 479 491 459 44 1014 91 912 1430 1345 128 93 544 485 307 57 1158 772 45 671 150 1367 1380 421 788 119 493 955 1060 273 1015 1043 486 1302 58 793 262 913 561 1352 1104 1451 129 1439 1257 1307 975 309 1268 1270 402 1364 1424 1462
 0
