1416 2677
4.197526 1.870366 1
4.205878 1.765920 1
4.353964 1.802044 1
4.266956 1.957000 1
5.021739 1.179394 1
4.893626 1.277357 1
4.907285 1.106014 1
4.807293 1.166631 1
4.508610 1.716591 1
4.403931 1.670555 1
4.564542 1.598689 1
2.778845 2.835404 1
2.722581 2.737618 1
2.902174 2.798072 1
0.396185 2.183249 1
0.485793 2.257014 1
0.408222 2.362005 1
1.124692 2.502292 1
1.228799 2.671952 1
1.078740 2.622919 1
4.428215 1.553005 1
5.530592 1.588824 2
5.418162 1.689044 2
5.438151 1.531744 1
5.320665 1.604995 1
1.260920 2.524205 1
2.799273 2.657090 1
0.307372 2.242768 1
1.891838 1.660905 1
1.812134 1.749249 1
1.768777 1.588196 1
1.715435 1.715435 1
5.530718 0.481856 1
5.695170 0.474101 1
5.646289 0.628994 1
1.754323 2.040810 1
1.758451 2.202305 1
1.616540 2.144050 1
2.224255 0.306330 1
2.388637 0.301507 1
2.347324 0.430043 1
0.322056 2.511587 1
0.277052 2.371028 1
3.777970 3.146677 1
3.652420 3.199282 1
3.661256 3.088212 1
3.743002 3.263467 1
3.813725 3.367210 1
3.647573 3.329685 1
2.583424 2.501775 1
2.701661 2.377132 1
2.695099 2.498819 1
1.941770 2.558034 1
1.986268 2.386796 1
2.062971 2.489299 1
0.454521 2.808389 1
0.571388 2.861906 1
0.452134 2.950124 1
5.069196 0.635702 1
4.961960 0.559769 1
5.133544 0.478251 1
3.475663 0.888661 1
3.630861 0.810948 1
3.620797 0.962889 1
2.234407 0.657481 1
2.120073 0.575014 1
2.240137 0.511258 1
2.746652 3.966335 2
2.786584 3.867271 1
2.905543 3.942552 2
5.163724 1.126447 1
5.045081 1.009605 1
4.309810 1.458320 1
4.284656 1.344871 1
4.423867 1.436994 1
3.035245 2.932065 1
2.925088 2.947470 1
3.850509 0.260440 1
3.979503 0.179251 1
4.005759 0.298898 1
1.127248 1.726203 1
1.287513 1.779542 1
1.172185 1.879920 1
3.526508 0.747543 1
1.512000 3.028704 1
1.638329 2.981352 1
1.652687 3.096948 1
2.646301 0.922937 1
2.670109 0.789847 1
2.774578 0.915790 1
1.198950 0.801339 1
1.130480 0.928674 1
1.047596 0.816552 1
2.809502 0.795452 1
5.292080 1.380322 1
5.350010 1.474343 1
5.214271 1.518538 1
2.287620 1.524415 1
2.254541 1.369898 1
2.361500 1.418024 1
2.571431 3.205691 1
2.535318 3.365102 2
2.434222 3.215888 1
2.399718 3.322978 2
1.860394 2.484539 1
5.131914 0.869455 1
4.979466 0.893651 1
5.051641 0.767929 1
5.167317 1.389628 1
3.458855 4.122495 1
3.606796 4.177765 1
3.483129 4.255417 1
3.598774 4.337320 1
0.790780 1.521364 1
0.866223 1.686136 1
0.720848 1.668843 1
2.169859 1.495364 1
3.339667 0.912487 1
3.270177 0.973470 1
3.207373 0.855838 1
2.810024 0.456545 1
2.953604 0.456908 1
2.865226 0.576531 1
2.902658 1.497932 1
2.858719 1.367423 1
3.032295 1.365025 1
2.344383 2.780520 1
2.410020 2.636260 1
2.463959 2.742223 1
2.741634 3.009562 1
2.625647 3.073562 1
2.667062 2.893990 1
3.445907 2.659313 1
3.518409 2.790100 1
3.368222 2.742452 1
3.029496 1.489282 1
1.616217 1.525900 1
1.625544 1.659426 1
2.260671 2.687577 1
0.000000 3.611111 0
0.000000 3.472222 0
0.145812 3.516792 2
3.472222 0.000000 0
3.611111 0.000000 0
3.516792 0.145812 1
2.972581 3.152143 1
3.051320 3.237915 1
2.891829 3.294670 1
1.626288 2.311020 1
1.334896 0.555154 1
1.426591 0.410512 1
1.466554 0.565998 1
3.641623 0.107255 1
2.913982 3.504823 1
3.083112 3.536109 1
2.906021 3.610849 1
2.991431 3.677116 1
4.264837 0.506349 1
4.212965 0.369220 1
4.362883 0.430394 1
4.346334 0.298179 1
3.083775 2.826700 1
2.770490 3.248269 1
2.759542 3.399570 1
1.919936 1.270345 1
1.755492 1.254920 1
1.871586 1.127154 1
1.739587 1.082100 1
2.271795 0.209714 1
3.663119 3.911580 1
3.826711 3.869400 1
3.770090 3.992099 1
0.215148 2.456833 1
4.131754 0.207418 1
1.527778 0.000000 0
1.666667 0.000000 0
1.589848 0.164068 1
0.000000 1.666667 0
0.000000 1.527778 0
0.166367 1.576067 1
0.929934 2.639890 1
0.910989 2.774923 1
0.801785 2.672930 1
3.350452 0.817033 1
1.774427 3.040984 1
1.793190 3.163004 2
2.529397 2.962426 1
0.794699 2.807750 1
2.339659 0.578731 1
5.380229 0.370990 1
5.504284 0.305714 1
3.368343 3.309905 1
3.518182 3.389859 1
3.370279 3.428877 1
4.436863 1.321819 1
1.946766 2.013768 1
1.849528 1.959829 1
1.990244 1.885894 1
3.451608 3.228068 1
1.305229 0.389658 1
0.571555 2.580719 1
0.703462 2.592797 1
0.657172 2.726656 1
0.985853 1.824786 1
1.035779 1.969255 1
4.995296 0.236381 1
5.156919 0.196422 1
5.078186 0.341365 1
5.224209 0.344523 1
0.868734 0.211318 1
0.964521 0.286455 1
0.812346 0.369957 1
1.582600 0.637034 1
1.586031 0.794422 1
1.444892 0.702479 1
1.455321 0.867097 1
2.857611 3.172049 1
1.700395 1.421035 1
1.848912 1.412530 1
4.296433 1.636482 1
3.828493 1.142571 1
3.683397 1.093184 1
3.767156 0.999493 1
1.805556 0.000000 0
1.903467 0.135013 1
1.734081 0.126238 1
0.000000 1.805556 0
0.127251 1.739763 1
0.133506 1.909086 1
4.504739 0.855871 1
4.639683 0.942703 1
4.530584 1.020250 1
4.992430 0.434300 1
2.556905 2.379816 1
1.218172 1.198164 1
1.350614 1.261764 1
1.181875 1.340844 1
3.948735 2.525645 1
3.998096 2.637498 1
3.843473 2.645442 1
3.842246 2.212200 1
3.712051 2.282257 1
3.704172 2.146105 1
1.529652 2.930318 1
3.683997 3.444801 1
2.581689 0.570891 1
2.727676 0.657350 1
2.592718 0.699527 1
3.390509 2.852428 1
0.311474 0.668788 1
0.467381 0.608861 1
0.442229 0.729840 1
3.758397 3.758531 1
3.084625 1.710023 1
3.214273 1.796005 1
3.044488 1.817739 1
3.938292 2.741144 1
1.669384 2.508442 1
1.783510 2.581631 1
1.639057 2.657163 1
1.573964 2.558412 1
2.641909 2.265342 1
6.232086 0.489105 2
6.130297 0.402729 1
6.309723 0.352951 2
6.175150 0.288281 1
1.950579 1.542280 1
4.651967 1.116920 1
2.293576 2.914561 1
2.211674 2.801809 1
2.157629 2.901798 1
3.833107 2.492996 1
0.000000 1.388889 0
0.149972 1.286949 1
0.099357 1.458333 1
1.388889 0.000000 0
1.451688 0.102339 1
1.291612 0.150376 1
0.325970 2.789191 1
0.430034 2.642692 1
4.062547 2.751495 1
1.900319 2.246005 1
2.059149 2.222981 1
3.486349 2.979638 1
3.405792 3.076089 1
3.373044 2.967898 1
3.287072 3.032096 1
1.618358 0.331709 1
1.559231 0.486486 1
1.495906 0.308210 1
5.129714 1.775617 1
4.972393 1.838057 1
5.032820 1.697711 1
5.614038 0.973464 1
5.434222 0.993871 1
5.499931 0.878386 1
1.969311 1.019273 1
2.061746 0.892063 1
2.102736 1.025609 1
2.868498 3.815696 1
0.339635 1.612239 1
0.418746 1.759923 1
0.268489 1.723210 1
0.833333 0.000000 0
0.952749 0.121463 1
0.771428 0.118995 1
0.000000 0.833333 0
0.118995 0.771428 1
0.121463 0.952749 1
3.903397 1.006895 1
0.900401 1.538032 1
3.754267 2.567093 1
4.592384 2.319388 1
4.691078 2.196561 1
4.696296 2.345913 1
4.580345 2.206484 1
2.650289 0.424858 1
2.789191 0.325970 1
5.102249 1.883111 1
1.864834 2.669803 1
5.043925 1.413306 1
5.104763 1.279750 1
0.375573 0.517925 1
2.436220 1.687967 1
2.544760 1.593015 1
2.582546 1.762051 1
4.198955 1.500195 1
3.469650 1.397828 1
3.586089 1.443134 1
3.520157 1.563006 1
4.462722 2.564050 1
4.526483 2.659689 1
4.347877 2.679267 1
4.475300 2.761858 1
0.579927 1.330083 1
0.693155 1.242052 1
0.699880 1.394122 1
2.322065 1.125849 1
2.203482 1.235145 1
2.203379 1.083952 1
3.215673 0.712031 1
3.635818 1.537494 1
3.698988 1.429815 1
3.747811 1.581453 1
3.849503 1.421999 1
3.408179 1.538060 1
4.903107 0.343548 1
1.224287 0.296905 1
1.202538 0.454328 1
1.086883 0.329925 1
1.204282 1.580212 1
1.276246 1.667205 1
0.711800 3.215925 1
0.817296 3.350409 2
0.664800 3.365109 2
3.351627 0.668842 1
1.604082 1.158693 1
0.210360 1.430914 1
0.309166 1.491194 1
4.798086 2.091643 1
4.663584 2.037987 1
3.560399 3.252693 1
3.544816 3.119268 1
0.816208 2.523963 1
0.269519 0.553090 1
0.268505 0.404020 1
3.714597 0.708935 1
3.702993 0.565209 1
3.848248 0.685716 1
3.848161 0.545098 1
1.859522 1.853826 1
0.916679 1.238047 1
0.965835 1.099162 1
1.031494 1.177436 1
2.530812 1.259939 1
2.437385 1.333153 1
2.440845 1.158403 1
1.454482 2.360494 1
1.366972 2.232490 1
1.514913 2.246294 1
2.303614 2.080386 1
2.467033 2.125870 1
2.314073 2.205104 1
2.414804 2.274356 1
4.178657 1.655982 1
4.864355 0.634513 1
4.799226 0.536415 1
2.344617 1.257511 1
2.523767 0.807827 1
0.000000 2.638889 0
0.000000 2.500000 0
0.156563 2.564223 1
2.500000 0.000000 0
2.638889 0.000000 0
2.580803 0.155104 1
0.691302 2.067234 1
0.783778 1.939588 1
0.854382 2.058358 1
3.327806 1.347803 1
3.391597 1.254465 1
4.038846 3.000278 1
4.123266 2.867643 1
4.188133 2.985779 1
3.500594 1.253994 1
5.523998 1.106661 1
5.616538 0.374448 1
0.575569 2.333369 1
0.555307 2.449255 1
0.990665 2.513189 1
3.739409 2.992201 1
0.651550 1.897666 1
4.769942 2.280101 1
4.871974 2.324351 1
4.797622 2.415462 1
2.446260 0.545086 1
4.888039 0.454218 1
1.083317 1.567965 1
4.312762 2.854862 1
4.226376 2.765024 1
4.375290 2.773214 1
4.773951 1.017079 1
3.969128 1.361352 1
3.956628 1.481164 1
0.191461 0.489829 1
1.345006 0.811477 1
1.279948 1.975235 1
1.295532 2.101532 1
1.163028 2.022084 1
3.021576 1.079524 1
3.150005 1.136741 1
3.024085 1.210747 1
3.136336 1.263274 1
3.039363 0.550608 1
2.615546 1.082204 1
2.523352 0.955785 1
0.340190 0.827867 1
0.859163 1.097124 1
4.203020 2.518538 1
4.284287 2.418287 1
4.327531 2.549852 1
3.698022 2.449470 1
3.621327 2.565028 1
1.556893 1.896948 1
1.426256 1.824901 1
1.530432 1.733837 1
3.862222 0.115869 1
3.549135 2.892482 1
3.672231 4.470662 2
3.522887 4.489528 2
0.562077 1.993732 1
3.686920 3.654907 1
3.811975 3.609040 1
3.898018 3.736639 1
3.158106 4.022573 1
3.266143 3.958967 1
3.291701 4.098896 1
4.173781 2.409400 1
4.576276 2.986893 1
4.676769 2.899004 2
4.701535 3.049531 2
2.658534 3.302438 1
3.038144 2.689117 1
2.920684 2.606197 1
3.070481 2.557373 1
3.534906 1.865153 1
3.688168 1.858842 1
3.667001 2.000325 1
4.266639 1.208421 1
4.162879 1.264773 1
4.154629 1.098465 1
1.907914 3.243223 2
2.029438 3.159523 1
2.045098 3.303173 2
3.669930 4.054786 1
3.553286 4.052860 1
0.409535 0.412463 1
0.000000 1.250000 0
1.250000 0.000000 0
3.522048 1.072109 1
0.097560 2.702323 1
2.705536 0.097139 1
5.574383 0.760526 1
5.472854 0.651649 1
0.547388 3.025512 1
0.142591 0.344801 1
0.293416 0.264023 1
3.298969 1.696324 1
3.402265 1.774331 1
3.335945 1.880307 1
0.507339 1.134566 1
0.563142 0.991858 1
0.619008 1.146263 1
3.126991 1.895258 1
0.196901 0.196901 1
2.114829 1.161689 1
1.428417 0.211565 1
1.287793 2.335515 1
1.282266 3.134658 2
1.114740 3.190928 2
1.200760 3.029277 1
1.066132 3.019356 1
1.414853 1.981967 1
2.992458 1.606666 1
2.871074 1.633615 1
4.551707 2.098530 1
1.679207 2.789721 1
1.508932 2.776086 1
1.619870 2.889459 1
4.540506 1.857687 1
0.963276 0.910615 1
4.072998 1.832016 1
4.070199 1.692867 1
3.981842 1.107964 1
4.033360 0.990844 1
4.630215 0.814108 1
1.781925 2.355033 1
2.990162 2.481465 1
3.911410 0.404852 1
3.026370 3.348619 1
0.494141 0.194617 1
0.426389 0.291239 1
0.354120 0.138728 1
4.029822 3.147438 1
3.900661 3.036299 1
4.191768 0.738060 1
4.064754 0.862926 1
4.016786 0.705493 1
4.902018 0.986021 1
2.715771 1.861416 1
2.616538 1.926217 1
2.897116 0.362254 1
3.218712 2.513155 1
3.355587 2.533348 1
3.277953 2.669799 1
4.034224 1.931055 1
3.923554 1.853063 1
0.796502 2.183070 1
4.330723 0.835721 1
4.198482 0.880987 1
0.955972 0.412901 1
0.651486 1.530363 1
4.044223 2.059058 1
4.154537 2.170261 1
3.992948 2.189189 1
4.079422 2.316966 1
1.355590 2.757757 1
1.427904 2.896766 1
1.250350 2.823003 1
3.114750 3.650118 1
3.695457 1.200774 1
2.529763 0.315156 1
2.496198 0.441729 1
0.458728 2.509269 1
0.998214 1.483394 1
1.034647 1.338494 1
1.096392 1.437640 1
0.914497 1.418791 1
1.552569 3.145017 2
0.531076 3.469311 2
0.501801 3.344194 1
4.935510 0.798596 1
0.303327 2.643407 1
0.204520 2.705582 1
4.408943 1.208203 1
2.201414 0.412802 1
1.904876 3.102249 1
1.612268 1.306570 1
0.705132 1.066432 1
3.760977 4.141288 1
3.865321 4.286638 1
3.730860 4.287013 1
5.613404 0.247793 1
5.775684 0.178337 1
5.738230 0.320551 1
2.083333 0.000000 0
2.222222 0.000000 0
2.155499 0.130976 1
0.000000 2.222222 0
0.000000 2.083333 0
0.130890 2.155257 1
0.677595 0.299934 1
0.644156 0.449829 1
0.555341 0.298229 1
0.519273 0.410918 1
0.959141 3.272808 2
0.848638 3.194028 1
4.101400 3.641224 1
4.029352 3.743405 1
3.953509 3.619774 1
1.105655 2.816049 1
1.152034 2.918720 1
1.013140 2.883109 1
1.276167 2.941524 1
2.609238 3.517793 1
2.523007 3.648184 2
2.486100 3.502004 2
2.513322 1.423509 1
2.630529 1.357583 1
1.311510 1.415828 1
0.587877 1.751007 1
0.528754 1.862419 1
2.705582 0.204520 1
2.647284 0.296403 1
3.510444 3.945162 1
5.815335 0.449445 1
1.322060 0.701230 1
0.325855 1.831504 1
1.321646 1.882507 1
4.076138 0.103667 1
3.404548 0.268258 1
3.461062 0.404400 1
3.328546 0.382219 1
3.377062 0.515177 1
0.405477 3.463461 1
0.378596 3.319889 1
0.268258 3.404548 1
5.026401 1.985366 1
5.070536 2.087768 1
4.939309 2.094151 1
1.352674 2.447920 1
1.353049 2.614886 1
0.729831 1.793274 1
0.800232 1.190266 1
0.810924 1.353468 1
2.673563 1.634048 1
4.264057 0.989583 1
4.401928 0.975729 1
3.204232 3.703293 1
3.226218 3.840267 1
3.088363 3.763826 1
1.072271 2.401469 1
0.922144 2.388603 1
3.193962 1.666452 1
1.464859 2.537365 1
3.890006 4.160296 1
1.029407 2.740659 1
4.640522 2.762918 1
3.793797 2.080250 1
2.763805 1.037202 1
4.891725 1.989285 1
3.834103 2.353311 1
3.951665 2.410690 1
1.179332 2.145504 1
5.656200 0.116656 1
2.174151 3.085896 1
2.100081 2.995924 1
1.980043 3.005756 1
4.133937 2.644026 1
4.077076 2.488711 1
3.754119 0.403516 1
3.514709 1.719278 1
5.171740 0.594230 1
3.433949 2.407681 1
3.570265 2.320343 1
3.555036 2.463536 1
3.601026 0.455091 1
3.536094 0.303084 1
0.455974 3.598279 2
0.303318 3.536052 2
1.019990 1.005327 1
3.196591 2.947488 1
1.627476 1.784595 1
4.562850 2.864707 1
2.529548 2.292510 1
3.405697 4.008058 1
4.287328 0.156011 1
4.437894 0.163075 1
4.342330 0.685432 1
3.134465 3.448697 1
3.206612 3.570246 1
3.806587 1.955921 1
3.944605 1.966865 1
4.564247 1.248620 1
4.526571 1.138205 1
2.518943 1.873322 1
3.615175 1.304414 1
1.940146 0.871278 1
0.360182 2.896423 1
2.818202 2.930408 1
4.323374 1.097108 1
2.910152 0.242337 1
3.056968 0.169976 1
3.022608 0.329511 1
2.709339 2.016364 1
1.126688 0.709832 1
2.803290 1.965028 1
2.023181 0.094830 1
0.092829 2.016189 1
0.349809 0.337138 1
1.802902 0.244661 1
0.226299 1.817828 1
3.484943 0.629437 1
3.761477 1.293916 1
0.969066 3.120357 1
4.448486 0.731356 1
2.404523 1.959093 1
1.284990 0.997983 1
1.130524 1.080647 1
0.355013 3.178329 1
0.264285 3.290146 1
0.243069 3.144606 1
3.181105 0.357897 1
3.139652 0.247285 1
3.290539 0.264936 1
1.453294 2.143997 1
3.651117 0.340842 1
3.158952 4.149160 2
3.355225 4.213881 2
4.550630 1.464148 1
5.776108 0.965661 2
5.746908 1.073127 2
4.365158 2.329854 1
4.413340 2.452439 1
2.765934 1.452646 1
2.749717 1.333528 1
4.066500 1.192001 1
3.622439 1.656989 1
3.719571 1.738871 1
4.095340 3.866561 1
4.196617 3.755592 1
3.590630 2.684185 1
0.856220 3.040886 1
0.748270 3.084017 1
2.138441 0.481055 1
0.132785 3.358270 1
3.358270 0.132785 1
5.274645 0.556224 1
5.348751 0.647325 1
5.209572 0.706741 1
4.410639 1.931589 1
0.213983 0.864530 1
2.983404 0.661308 1
1.866400 2.102868 1
3.518463 2.154564 1
3.409978 2.049430 1
3.524222 2.006972 1
4.571433 0.430196 1
4.490055 0.339435 1
4.656291 0.343453 1
4.579339 0.224829 1
1.636586 1.009266 1
1.732573 0.938516 1
3.485222 4.369045 1
2.305499 2.586493 1
2.329350 2.436040 1
2.447927 2.498250 1
2.426300 1.809981 1
2.331050 1.877390 1
3.424379 0.747733 1
1.717798 1.875217 1
3.233610 2.820423 1
0.555556 0.000000 0
0.694444 0.000000 0
0.624231 0.153507 1
0.000000 0.694444 0
0.000000 0.555556 0
0.152226 0.623898 1
0.420917 1.928146 1
2.065522 1.484890 1
2.097991 1.597253 1
3.609948 1.775104 1
4.109686 1.573721 1
2.649626 1.500520 1
4.370944 3.065555 1
4.445385 2.912859 1
4.486003 3.063442 1
2.429618 2.873436 1
4.065104 0.412415 1
4.131865 0.522479 1
1.638687 2.005035 1
3.313319 3.773828 1
4.476840 2.359542 1
4.469009 2.230560 1
5.293349 0.250840 1
3.105634 3.030736 1
3.212515 1.527108 1
3.306975 1.590395 1
1.710454 0.548027 1
4.749104 1.959170 1
3.334796 3.669358 1
0.849068 1.832281 1
0.000000 3.333333 0
3.333333 0.000000 0
3.130578 3.901307 1
1.536053 2.034399 1
0.580966 1.624627 1
1.998213 1.664424 1
2.212756 2.982619 1
0.759233 0.229289 1
5.401428 0.214096 1
3.253668 3.446566 1
3.578319 1.177414 1
1.687407 3.196637 2
1.494737 1.249506 1
1.464182 1.376227 1
1.846440 0.980156 1
3.004563 3.449836 1
2.875806 3.413953 1
2.864636 0.691966 1
3.905096 3.170962 1
2.586313 2.176878 1
2.653286 3.746954 1
2.556775 3.810593 2
1.341398 0.280135 1
4.030450 3.517035 1
1.831876 0.613857 1
1.973511 0.573318 1
1.925536 0.727707 1
2.071491 0.687137 1
6.096727 0.612747 1
6.209965 0.725599 2
6.069672 0.717208 2
5.416667 0.000000 0
5.555555 0.000000 0
5.504745 0.142925 1
3.717463 2.749289 1
3.705432 2.642207 1
4.135249 0.629142 1
2.772818 3.517823 1
5.197884 0.982405 1
5.300575 1.056993 1
1.002043 1.704599 1
2.262336 1.955468 1
4.567456 3.148981 2
5.776990 0.694899 1
5.785912 0.573163 1
6.204954 0.596510 1
1.580054 1.423513 1
3.845217 1.716956 1
1.117136 0.585166 1
0.943857 0.568149 1
1.061277 0.470094 1
4.267220 3.534466 1
4.334121 3.451462 2
4.366788 3.584994 2
3.796619 1.824731 1
4.299214 2.967769 1
3.904215 2.075878 1
0.957942 2.990262 1
3.322062 1.462646 1
2.713194 0.536243 1
3.259622 3.307623 1
3.970571 1.752461 1
1.728074 0.715074 1
0.590910 1.441185 1
0.690698 2.862676 1
2.276365 3.172421 1
2.319116 3.273398 2
1.345885 1.133201 1
0.568243 1.226271 1
1.645534 0.899312 1
1.544757 0.940892 1
0.537335 2.709244 1
2.385357 3.105984 1
5.066491 0.106432 1
0.246848 2.913737 1
0.321435 3.020672 1
0.169776 3.057310 1
1.507207 1.487833 1
5.736123 0.856853 1
3.308843 3.184427 1
0.878031 0.714775 1
0.778876 0.819733 1
0.717826 0.702975 1
3.145880 2.740204 1
1.691617 0.243349 1
2.057900 2.608670 1
2.111815 2.711766 1
1.976511 2.685504 1
2.005661 2.793774 1
2.413283 1.549996 1
0.472575 1.652194 1
3.136050 0.991132 1
5.053280 1.586605 1
5.171651 1.655489 1
0.487143 0.090776 1
0.086995 0.486111 1
4.117604 0.318278 1
5.094077 1.486866 1
5.857598 0.815424 2
4.995025 2.181149 1
5.106811 2.203736 2
4.991894 2.301419 2
6.111111 0.000000 0
6.250000 0.000000 0
6.180937 0.137478 1
4.359907 3.812293 2
4.230332 3.864177 1
5.636862 1.106228 1
2.964751 3.791596 1
3.722780 0.273609 1
5.678832 0.759675 1
1.572444 2.445432 1
0.630066 0.830477 1
0.492288 0.849073 1
0.592840 0.709844 1
2.928959 1.278061 1
0.786546 0.529079 1
6.324122 0.610765 2
1.818970 0.832252 1
5.847640 0.347198 1
3.108794 1.581715 1
3.944857 3.279537 1
4.080956 3.284735 1
3.979446 3.402946 1
1.244893 1.102499 1
0.277778 0.000000 0
0.416667 0.000000 0
0.000000 0.416667 0
0.000000 0.277778 0
4.129733 3.082790 1
5.589827 1.204062 1
5.700864 1.196129 2
5.639409 1.351996 2
3.033436 3.865733 1
1.672118 0.432130 1
5.291018 1.165540 1
3.839779 3.241144 1
4.133654 1.954951 1
4.167809 2.050471 1
5.622250 0.846234 1
0.000000 3.055556 0
0.108668 2.953682 1
3.055556 0.000000 0
2.952795 0.107677 1
3.436522 2.260481 1
4.274614 2.090020 1
1.115047 1.241050 1
4.329508 3.709597 1
5.878862 0.239091 1
4.153842 4.086401 1
4.099603 4.201324 1
3.998106 4.081865 1
3.977496 4.237344 1
2.865752 0.975219 1
2.901945 1.074872 1
2.819974 1.143045 1
2.107658 2.346035 1
5.876892 0.663522 1
5.972222 0.000000 0
6.067082 0.109985 1
5.898426 0.116071 1
3.957970 0.911975 1
3.959849 2.875437 1
0.390641 1.407513 1
0.441784 1.278391 1
0.496440 1.418488 1
1.910382 2.878036 1
1.864057 2.985655 1
1.750556 2.901249 1
1.129870 2.711843 1
1.458757 1.139654 1
3.478721 3.539876 1
2.141032 3.189655 1
3.883708 1.567199 1
2.087509 2.079071 1
2.189418 2.140769 1
2.199541 2.264792 1
3.139514 2.120711 1
3.296390 2.111793 1
3.199289 2.221692 1
1.882226 2.368093 1
1.944444 0.000000 0
0.000000 1.944444 0
2.162515 0.902203 1
2.171318 2.578232 1
5.387472 0.522666 1
4.540211 2.455931 1
4.611162 2.568521 1
3.915571 0.802402 1
1.994545 1.394618 1
0.208161 2.029161 1
2.029161 0.208161 1
5.404268 1.122500 1
5.468201 1.238726 1
4.675114 2.456182 1
4.762679 2.571348 1
3.080878 0.732427 1
3.040666 0.853878 1
3.959123 0.513422 1
5.967681 0.740476 2
3.384558 3.882700 1
5.389453 0.105653 1
2.798532 3.650784 1
3.631456 2.815304 1
3.726347 0.895825 1
1.928613 1.772891 1
3.941152 0.610507 1
2.850164 2.348053 1
2.930329 2.224630 1
2.984742 2.359340 1
4.067390 1.302073 1
4.148262 1.378936 1
4.070376 1.461076 1
5.359257 0.759984 1
2.105972 2.821742 1
2.241171 2.489126 1
3.485706 2.552667 1
4.224841 2.889864 1
4.455444 0.607523 1
4.560836 0.542137 1
4.563451 0.696712 1
4.670970 0.591237 1
3.878421 1.282080 1
1.223186 0.559792 1
5.283319 0.442716 1
2.725824 1.139400 1
2.811653 1.245847 1
4.697741 1.235568 1
5.438052 1.373489 1
5.350778 1.260211 1
3.204315 1.379568 1
3.259067 1.085353 1
0.910307 0.820293 1
4.312671 2.198335 1
4.106912 3.411744 1
4.928566 2.422585 2
3.601517 3.546279 1
0.972222 0.000000 0
0.000000 0.972222 0
4.842820 0.875042 1
1.226026 0.652913 1
2.314593 1.659975 1
3.393071 2.160466 1
3.827495 2.795848 1
2.601359 2.058598 1
2.521679 1.988620 1
3.121882 1.466238 1
3.295975 2.916973 1
1.003319 0.703230 1
3.223093 2.028296 1
3.258112 1.230243 1
4.780706 1.288361 1
2.826248 2.103138 1
2.779103 2.240019 1
2.420148 1.007251 1
1.021242 2.290112 1
2.861258 2.509342 1
2.772994 2.559116 1
4.682758 1.491060 1
4.663811 1.351062 1
3.837439 2.919240 1
3.739827 2.848954 1
3.784562 3.477700 1
3.659046 2.917655 1
5.468232 0.781475 1
4.440127 1.087113 1
4.143056 0.964561 1
2.677222 3.628210 1
3.745319 0.148263 1
2.662411 1.226015 1
5.004983 1.311464 1
0.000000 2.916667 0
0.000000 2.777778 0
0.126715 2.825142 1
2.777778 0.000000 0
2.916667 0.000000 0
2.824630 0.126071 1
3.155647 0.105018 1
0.105018 3.155647 1
1.414830 1.003783 1
0.897737 2.261121 1
2.953717 1.735142 1
3.565874 3.649191 1
3.447007 3.652848 1
0.407763 0.954280 1
0.280749 0.962352 1
0.799050 1.004161 1
2.026828 0.785144 1
4.225101 2.304498 1
2.076653 0.355921 1
1.928411 0.294825 1
1.942917 0.425354 1
0.338355 2.037788 1
0.294825 1.928411 1
4.921088 1.717341 1
4.409590 2.128758 1
4.444445 0.000000 0
4.543991 0.104653 1
5.694445 0.000000 0
4.823249 1.882537 1
3.152739 2.636584 1
5.232052 1.265720 1
4.683551 2.651215 1
3.750000 0.000000 0
3.519101 3.834054 1
4.033442 0.602806 1
0.304244 1.212124 1
0.299258 1.339156 1
5.994103 0.213297 1
3.940217 2.293453 1
0.804001 0.635863 1
1.058497 0.184312 1
0.184312 1.058497 1
2.200313 3.282825 2
3.394670 1.027432 1
1.434055 2.688274 1
3.942056 1.661629 1
1.524075 2.643659 1
3.345389 1.153100 1
4.292946 3.352727 2
4.196562 3.299059 1
4.326914 3.215930 2
0.711231 0.936692 1
0.437769 1.057717 1
0.785964 2.303798 1
0.769742 2.412311 1
3.088658 2.269545 1
3.226219 2.342403 1
3.102443 2.417721 1
5.312334 0.951196 1
5.261732 0.838786 1
2.774451 1.565211 1
3.504400 0.508635 1
2.507634 1.068091 1
3.231197 0.473336 1
3.842282 0.902299 1
0.588144 0.588144 1
0.513241 0.509499 1
3.097116 0.451777 1
4.693324 1.835843 1
5.540326 1.323904 1
5.566142 1.451249 2
2.463426 0.213157 1
2.614172 2.762391 1
2.540833 2.848108 1
2.378560 0.187229 1
4.363525 2.028943 1
3.180450 3.215299 1
3.155227 3.341714 1
5.274411 1.744259 1
5.348793 1.834921 2
3.204031 3.102371 1
3.623500 2.212112 1
1.412666 1.711518 1
4.185935 3.189254 1
4.305555 0.000000 0
4.188107 0.103704 1
2.037129 0.482115 1
3.319385 2.425381 1
3.888889 0.000000 0
3.606921 0.671055 1
1.807906 2.804029 1
0.588716 3.246781 1
3.612837 0.214986 1
2.715691 1.741103 1
0.967330 1.604430 1
4.673587 0.710112 1
2.168581 2.022651 1
6.375421 0.217663 2
6.264836 0.224408 1
1.494926 1.608590 1
4.473945 0.484199 1
3.622774 3.758597 1
4.871843 2.202187 1
1.201904 1.471797 1
4.310056 3.929770 2
0.660197 2.980864 1
0.635436 3.122160 1
4.884775 2.618406 2
4.802077 2.705404 2
4.861111 0.000000 0
5.000000 0.000000 0
4.909756 0.121741 1
2.667090 3.420545 1
2.173393 0.790393 1
4.583333 0.000000 0
4.722222 0.000000 0
4.672441 0.119825 1
1.755678 2.469362 1
3.432795 1.920420 1
0.990084 2.182014 1
0.891994 2.156935 1
0.961750 2.062615 1
1.069861 2.093642 1
0.000000 0.000000 0
0.138889 0.000000 0
0.114254 0.114254 1
0.000000 0.138889 0
4.730761 0.885847 1
0.877952 0.476651 1
1.297043 1.547593 1
1.152123 0.105043 1
0.104976 1.151346 1
0.668522 2.223001 1
2.547752 2.677674 1
0.594302 2.129804 1
0.468229 2.064114 1
3.905245 3.963724 1
3.856679 4.061239 1
1.998749 1.156131 1
2.361111 0.000000 0
2.439367 0.106791 1
2.293406 0.104691 1
0.000000 2.361111 0
0.104577 2.288904 1
0.107604 2.436661 1
2.985061 0.969088 1
4.244239 2.651063 1
3.254211 0.592756 1
3.698494 4.373678 1
3.808077 4.401528 2
3.818960 4.513000 3
4.232365 3.643092 1
3.892028 3.497513 1
2.822122 1.771414 1
4.623531 1.736114 1
1.355461 3.026949 1
2.765425 3.758421 1
2.754933 3.122748 1
3.607256 2.092462 1
4.368527 0.081179 1
5.285372 0.138369 1
1.683176 2.417166 1
1.708324 0.828011 1
2.317063 1.775103 1
0.694410 0.592424 1
4.637472 1.933982 1
0.770035 2.936203 1
2.654012 2.621906 1
2.676207 3.190542 1
5.138889 0.000000 0
5.194705 0.085142 1
4.166667 0.000000 0
2.691714 2.142068 1
4.827893 1.769695 1
4.735635 1.704167 1
6.303110 0.114363 1
1.854079 0.501035 1
1.834179 0.376955 1
4.013083 3.953603 1
6.527778 0.000000 0
6.498920 0.145414 2
6.405153 0.101550 1
4.823543 1.530825 1
4.799692 1.398689 1
4.694332 1.602949 1
0.227374 0.751302 1
3.304002 2.226061 1
0.468288 3.220364 1
4.274329 4.054249 2
4.189739 3.956672 1
4.158294 3.530331 1
2.937374 0.769187 1
2.537799 1.157463 1
0.500699 2.168376 1
4.960206 1.506675 1
0.167097 3.240989 1
3.240989 0.167097 1
3.609040 2.999769 1
1.396836 1.506192 1
2.060268 1.266113 1
2.130070 1.378753 1
3.448032 1.143824 1
0.912848 1.945715 1
6.388889 0.000000 0
4.097208 3.997294 1
3.024067 2.154481 1
3.050842 3.962158 1
3.026547 4.078624 2
2.307020 0.783294 1
1.201700 2.419512 1
4.761513 0.665579 1
1.153550 0.213930 1
0.213930 1.153550 1
0.188829 2.366446 1
0.216388 0.089976 1
0.091278 0.219877 1
0.829501 0.908576 1
2.942861 2.108407 1
3.346754 2.327696 1
2.310028 0.998124 1
6.096117 0.210944 1
2.915656 1.182207 1
3.783251 0.797203 1
3.128230 0.636367 1
1.378407 1.612362 1
1.887796 2.758913 1
1.770466 2.711713 1
4.243562 0.616111 1
1.982508 2.110129 1
2.214086 0.980023 1
4.243294 0.265448 1
2.291043 3.043742 1
2.404053 3.000973 1
4.357610 0.555006 1
5.277778 0.000000 0
2.998208 3.041924 1
3.083927 3.128006 1
2.157194 2.450393 1
2.401212 0.886268 1
0.264624 2.150678 1
2.132638 0.245777 1
2.262382 0.888277 1
4.540840 1.979222 1
1.759653 0.444356 1
0.319502 1.079225 1
0.000000 1.111111 0
1.111111 0.000000 0
4.677654 0.468864 1
2.907280 2.430012 1
4.908827 1.410845 1
0.670592 2.459717 1
4.027778 0.000000 0
2.910770 2.004319 1
2.460347 0.671721 1
1.268035 0.888256 1
3.154818 0.542404 1
5.833333 0.000000 0
4.829906 1.649870 1
4.741789 0.782922 1
4.849654 0.738157 1
1.532904 1.058559 1
0.883838 2.905522 1
0.447165 3.090198 1
3.714086 3.543481 1
5.195613 2.110418 2
5.169352 1.977927 2
2.508872 2.577290 1
1.160633 2.284393 1
2.909976 1.879384 1
2.675906 3.858227 2
2.352547 0.687952 1
4.936807 1.614838 1
1.719057 0.348415 1
4.783470 0.397058 1
4.796529 0.282452 1
3.194444 0.000000 0
0.000000 3.194444 0
4.533991 1.348814 1
4.695080 0.236925 1
2.033170 1.767027 1
4.256149 3.096748 1
2.902155 0.879769 1
4.767579 2.825063 2
3.952791 4.375410 2
0.526815 1.532871 1
0.688612 2.346434 1
5.213384 1.838588 2
3.351694 3.548263 1
2.321094 2.322698 1
3.422117 4.438757 2
2.416507 0.770873 1
2.499911 3.088206 1
1.253819 2.221075 1
4.453945 2.031813 1
3.965398 3.853828 1
4.223198 3.429797 1
2.226640 2.377940 1
0.402869 1.155797 1
2.872922 3.056670 1
3.123369 1.995431 1
3.022892 2.055470 1
0.416624 1.526584 1
1.422505 3.123403 1
1.363881 3.209672 2
1.826902 0.719624 1
4.208792 4.172944 2
2.148384 1.913549 1
2.044647 2.000212 1
4.791667 0.183726 1
4.791667 0.078739 1
0.538731 3.146183 1
2.129306 1.804879 1
3.021968 1.940591 1
2.812789 1.869311 1
5.389285 0.867283 1
3.371267 4.340522 2
4.067450 4.328677 2
0.565144 2.223985 1
0.208869 2.269420 1
4.872369 2.513663 1
3.416794 3.773523 1
2.807389 0.224724 1
0.226583 2.806432 1
3.231018 1.924711 1
3.593017 0.564681 1
4.444899 3.150003 2
5.763889 0.075243 1
4.189581 4.291617 2
2.043079 2.899563 1
2.200007 1.619631 1
3.965343 1.219341 1
2.771380 1.669078 1
3.516917 3.732760 1
1.357789 0.913241 1
2.233232 1.841750 1
4.988203 2.540515 2
4.960452 0.689004 1
3.320478 1.980983 1
5.986506 0.632032 1
4.883244 0.236595 1
2.217895 1.739479 1
4.439803 3.695257 2
2.442154 2.377958 1
4.006957 1.578603 1
0.080980 3.256537 1
3.256537 0.080980 1
1.047968 0.081641 1
0.081641 1.047968 1
1.084230 2.199133 1
3.958333 0.073239 1
6.116432 0.504141 1
5.955906 0.325406 1
5.925706 0.435554 1
5.899045 0.541603 1
6.025506 0.407118 1
6.009024 0.516635 1
3.406164 1.651777 1
0.904912 1.004763 1
2.792107 2.450197 1
2.883663 3.715283 1
2.112085 1.701302 1
6.063309 0.305677 1
3.252874 4.200253 2
1.468642 3.218100 2
 0 1 2
 3 0 2
 4 5 6
 6 5 7
 8 9 10
 11 12 13
 14 15 16
 17 18 19
 9 20 10
 21 22 23
 22 24 23
 25 18 17
 12 26 13
 27 14 16
 28 29 30
 30 29 31
 32 33 34
 35 36 37
 38 39 40
 41 42 16
 43 44 45
 46 47 48
 49 50 51
 52 53 54
 55 56 57
 58 59 60
 61 62 63
 64 65 66
 67 68 69
 70 4 71
 72 73 74
 75 76 13
 77 78 79
 80 81 82
 83 62 61
 84 85 86
 87 88 89
 90 91 92
 89 88 93
 94 95 96
 97 98 99
 100 101 102
 103 102 101
 104 53 52
 105 106 107
 108 94 96
 109 110 111
 112 111 110
 113 114 115
 97 116 98
 117 118 119
 120 121 122
 123 124 125
 126 127 128
 129 130 131
 132 133 134
 135 123 125
 136 30 137
 126 138 127
 139 140 141
 142 143 144
 30 31 137
 145 146 147
 148 37 36
 149 150 151
 143 152 144
 153 154 155
 156 155 154
 157 158 159
 160 159 158
 161 75 13
 162 147 163
 164 165 166
 167 166 165
 38 168 39
 169 170 171
 41 172 42
 173 79 78
 174 175 176
 177 178 179
 180 181 182
 183 117 119
 184 185 86
 186 131 130
 181 187 182
 188 64 66
 32 189 190
 191 192 193
 74 73 194
 195 196 197
 191 198 192
 149 199 150
 200 201 202
 80 82 203
 204 203 82
 205 206 207
 208 207 206
 209 210 211
 212 213 214
 215 214 213
 145 147 216
 217 218 30
 219 72 20
 220 221 222
 223 224 225
 226 227 228
 229 230 231
 232 60 59
 233 50 49
 234 235 236
 219 2 1
 237 238 239
 240 241 242
 84 243 85
 48 47 244
 245 246 247
 133 248 134
 249 250 251
 169 252 170
 253 254 255
 239 238 256
 257 258 259
 260 257 259
 261 50 233
 262 263 264
 264 263 265
 266 30 218
 164 218 165
 217 165 218
 267 231 230
 126 268 269
 270 269 268
 237 239 271
 272 273 274
 275 276 277
 55 278 279
 280 256 238
 281 282 53
 283 284 285
 286 285 284
 287 288 289
 150 289 288
 290 291 292
 293 294 295
 296 297 298
 299 69 68
 4 6 71
 300 301 302
 303 304 305
 306 307 308
 220 222 309
 113 310 114
 239 311 271
 312 313 314
 315 313 312
 120 316 317
 290 318 291
 319 258 52
 108 320 321
 249 322 250
 323 324 325
 219 326 72
 327 328 329
 330 331 332
 333 332 331
 334 335 336
 337 338 339
 340 183 119
 341 342 343
 344 343 342
 345 327 329
 232 346 207
 347 348 349
 43 46 44
 80 350 351
 80 351 81
 352 353 354
 340 355 183
 167 165 356
 357 358 179
 359 313 360
 361 198 362
 363 180 182
 322 364 365
 366 367 368
 369 368 367
 196 370 197
 371 372 373
 374 375 376
 377 378 379
 300 179 358
 380 381 382
 383 382 381
 219 384 326
 385 386 59
 375 387 376
 388 88 87
 284 362 198
 389 390 391
 392 393 394
 93 88 246
 395 396 397
 398 399 327
 400 401 402
 327 399 403
 187 202 182
 293 404 294
 32 405 33
 202 201 182
 406 407 16
 363 408 180
 43 45 409
 395 410 396
 411 412 413
 188 40 414
 59 386 415
 80 416 350
 212 214 151
 417 418 419
 267 230 420
 344 421 422
 423 365 364
 215 424 214
 425 426 427
 428 429 430
 431 430 429
 121 432 122
 433 434 87
 249 251 435
 32 190 405
 371 436 372
 361 362 44
 437 438 439
 440 311 441
 442 443 444
 77 445 78
 418 332 419
 133 446 248
 283 248 446
 112 447 448
 395 449 410
 450 451 252
 452 252 451
 453 454 455
 437 456 438
 457 458 459
 162 163 460
 461 462 463
 464 465 466
 467 468 469
 470 471 472
 473 474 169
 322 365 475
 272 476 273
 477 275 277
 217 30 136
 478 63 221
 389 391 479
 393 480 394
 481 482 34
 32 34 482
 24 96 95
 57 56 483
 484 485 365
 266 28 30
 486 487 254
 488 254 487
 411 413 314
 489 490 491
 246 88 247
 492 255 254
 493 485 484
 494 339 338
 495 176 289
 496 378 377
 205 207 346
 497 498 499
 500 499 498
 52 258 104
 442 501 443
 135 502 123
 503 123 502
 360 313 504
 259 505 506
 507 506 505
 508 2 8
 92 91 509
 287 289 176
 510 511 1
 387 338 337
 220 309 512
 513 512 309
 229 514 230
 148 36 515
 516 463 462
 77 79 517
 518 147 146
 519 520 521
 400 522 523
 524 525 526
 527 71 6
 521 520 485
 528 529 325
 120 530 121
 531 532 533
 132 533 532
 510 534 535
 395 397 536
 524 537 538
 539 211 210
 113 540 336
 541 542 543
 544 543 542
 545 546 547
 156 154 548
 149 348 199
 220 549 221
 39 550 551
 40 39 551
 41 16 552
 553 554 555
 556 554 553
 84 86 557
 558 559 354
 560 107 106
 41 561 391
 562 391 561
 194 73 563
 19 180 408
 38 40 564
 470 565 471
 217 566 165
 567 491 490
 568 569 570
 571 572 573
 574 575 576
 577 578 579
 580 581 582
 583 582 581
 249 364 322
 584 353 585
 352 585 353
 586 587 588
 589 590 591
 500 591 590
 592 547 546
 593 594 595
 596 374 597
 598 236 235
 524 538 525
 599 410 600
 601 602 394
 550 394 602
 474 603 169
 27 16 42
 33 573 604
 605 149 214
 596 375 374
 301 606 302
 501 607 443
 173 78 608
 609 610 611
 612 611 610
 559 613 614
 615 614 613
 616 617 618
 214 149 151
 25 619 620
 599 621 410
 70 321 4
 335 622 623
 624 325 324
 625 537 626
 229 626 537
 627 628 629
 630 408 631
 253 632 254
 633 620 619
 568 634 569
 19 635 180
 636 333 331
 240 242 637
 433 87 638
 616 618 639
 640 641 271
 642 427 426
 571 643 572
 644 471 645
 646 645 471
 647 238 648
 369 649 517
 464 487 650
 58 60 651
 652 653 654
 440 654 653
 655 610 656
 657 658 613
 659 509 91
 161 660 75
 442 444 661
 636 662 333
 261 233 663
 109 455 664
 160 665 666
 524 667 537
 470 185 565
 154 668 669
 670 535 671
 437 647 648
 670 637 466
 242 466 637
 672 563 673
 674 325 529
 675 327 403
 296 676 297
 112 110 570
 568 570 110
 383 381 663
 55 57 677
 11 13 678
 76 678 13
 283 362 284
 467 469 679
 680 681 682
 371 623 622
 77 517 649
 529 528 683
 90 92 684
 271 641 237
 683 528 685
 105 71 106
 574 576 686
 578 687 579
 688 475 365
 689 225 224
 690 228 227
 612 691 355
 675 692 342
 344 342 692
 154 669 548
 584 693 498
 229 537 694
 380 695 381
 696 697 91
 698 699 700
 701 702 703
 704 37 379
 148 379 37
 371 373 554
 655 656 705
 440 441 654
 453 455 706
 109 707 455
 10 20 708
 293 709 710
 438 711 712
 713 597 714
 715 469 468
 341 343 716
 717 716 343
 718 587 719
 500 498 693
 132 720 133
 721 585 722
 357 274 273
 495 277 276
 280 418 401
 723 66 65
 150 288 151
 140 724 141
 142 144 725
 726 727 728
 508 729 2
 209 305 304
 730 308 307
 731 122 432
 357 179 274
 495 276 176
 35 732 36
 733 734 735
 736 737 738
 739 738 737
 567 622 335
 167 740 741
 112 448 742
 743 744 745
 674 695 746
 747 746 695
 83 61 748
 183 748 61
 35 749 196
 315 504 313
 750 660 161
 279 278 561
 751 752 753
 754 755 756
 599 600 301
 757 301 600
 758 759 266
 464 760 465
 174 176 276
 178 274 179
 761 326 384
 762 597 713
 763 764 765
 126 766 268
 267 420 7
 767 158 768
 157 768 158
 698 614 699
 701 703 611
 175 225 176
 177 179 227
 35 37 769
 627 770 628
 589 591 635
 771 772 312
 315 312 772
 35 769 749
 208 206 773
 774 75 660
 775 776 632
 212 288 777
 26 462 13
 750 533 134
 359 360 778
 627 779 770
 780 114 203
 140 781 724
 782 142 725
 16 407 552
 316 602 317
 361 192 198
 628 783 629
 704 784 37
 81 607 82
 599 785 115
 759 786 266
 270 268 787
 535 534 671
 209 211 788
 208 773 189
 789 189 773
 790 669 668
 478 221 791
 388 87 434
 86 792 557
 461 161 13
 194 563 672
 363 631 408
 40 551 414
 793 566 794
 167 741 795
 518 796 797
 93 246 798
 522 799 523
 567 335 491
 381 800 663
 586 719 587
 801 802 594
 150 803 289
 221 63 222
 518 797 147
 586 588 804
 232 207 60
 805 806 807
 808 807 806
 704 379 378
 809 810 811
 593 595 101
 750 134 248
 812 813 814
 562 479 391
 601 394 480
 815 816 239
 524 526 817
 153 155 818
 70 819 820
 80 821 416
 380 822 695
 621 114 780
 115 114 621
 165 566 356
 457 459 823
 824 34 825
 809 826 810
 566 827 794
 717 343 828
 829 830 831
 539 831 830
 832 833 834
 670 835 535
 1 511 384
 406 16 15
 763 836 764
 541 543 837
 240 837 543
 160 666 737
 739 737 666
 500 838 591
 398 327 839
 345 839 327
 245 840 246
 440 653 241
 188 66 40
 790 841 193
 510 535 842
 212 843 213
 336 540 844
 187 845 202
 519 753 582
 580 582 753
 846 102 847
 234 848 235
 334 849 335
 850 851 213
 215 213 851
 184 565 185
 200 202 852
 853 102 846
 205 854 206
 24 95 23
 855 856 857
 217 136 827
 858 827 136
 293 859 709
 286 284 860
 861 862 863
 750 864 533
 184 86 85
 287 176 865
 300 302 179
 866 867 868
 869 868 867
 3 2 729
 126 128 766
 97 99 870
 300 871 301
 428 872 429
 873 96 874
 751 753 875
 755 876 756
 425 82 607
 173 877 79
 108 878 320
 824 879 859
 880 881 882
 883 884 885
 219 9 2
 545 506 546
 771 712 711
 719 886 887
 293 710 888
 726 728 651
 191 860 198
 299 889 69
 352 722 585
 77 649 890
 41 552 279
 200 279 552
 550 316 551
 245 551 316
 824 891 34
 148 892 377
 83 748 691
 627 548 669
 296 166 795
 893 894 895
 251 895 894
 896 125 124
 348 831 349
 897 581 211
 580 211 581
 898 826 262
 464 650 760
 899 807 676
 900 604 573
 775 632 901
 281 515 36
 902 903 904
 696 905 697
 599 301 871
 906 907 521
 908 909 484
 167 795 166
 400 402 910
 911 912 913
 914 69 889
 288 915 777
 115 785 540
 537 667 694
 45 44 362
 70 820 916
 43 917 46
 918 3 919
 481 920 295
 921 922 857
 923 681 924
 733 653 925
 652 925 653
 919 3 926
 234 927 697
 373 697 927
 596 870 99
 55 852 56
 928 886 719
 371 554 556
 572 929 573
 40 66 564
 202 56 852
 930 931 932
 933 932 931
 934 935 638
 936 638 935
 53 282 937
 335 623 336
 824 938 879
 939 940 941
 153 796 154
 567 436 622
 555 554 236
 513 309 942
 757 606 301
 400 943 401
 513 469 512
 715 512 469
 944 945 946
 655 649 367
 369 367 649
 947 948 949
 950 547 589
 229 231 626
 951 793 235
 848 951 235
 952 193 192
 471 953 472
 33 405 573
 789 814 190
 571 190 814
 153 818 797
 343 954 828
 220 692 549
 625 679 469
 955 956 282
 957 282 956
 18 547 950
 958 959 960
 281 53 961
 223 962 224
 963 226 228
 297 964 298
 453 783 454
 866 965 867
 32 966 189
 330 332 439
 873 874 292
 330 967 968
 969 368 526
 240 640 241
 440 241 640
 789 190 189
 164 970 218
 266 218 970
 971 579 687
 972 686 576
 344 954 343
 973 404 974
 293 295 920
 900 573 929
 975 976 968
 340 119 977
 978 977 119
 767 768 979
 980 879 938
 649 705 890
 981 454 628
 812 814 982
 495 289 803
 983 818 155
 815 984 720
 813 643 814
 911 974 404
 985 222 63
 203 114 821
 370 986 197
 368 987 526
 988 989 990
 991 992 993
 994 728 727
 24 874 96
 869 867 995
 747 695 822
 743 996 744
 815 720 816
 633 377 892
 467 563 73
 441 720 997
 421 991 993
 417 998 418
 113 623 556
 334 946 945
 387 337 376
 999 1000 1001
 1002 1001 1000
 344 1003 421
 149 1004 348
 208 189 1005
 1006 936 1007
 691 748 355
 267 7 1008
 1009 94 1010
 431 1011 125
 113 115 540
 429 872 1012
 496 377 619
 633 619 377
 861 1013 862
 1014 542 926
 1015 904 903
 902 522 903
 1016 413 412
 859 879 709
 743 745 127
 33 825 34
 952 192 1017
 244 1017 192
 303 1018 304
 1019 306 308
 599 115 621
 527 420 1020
 90 1021 605
 630 17 408
 780 396 621
 410 621 396
 97 870 1022
 733 1023 734
 815 239 1024
 323 870 324
 1025 381 1026
 1011 1027 125
 212 151 288
 750 248 1028
 628 454 783
 90 605 424
 129 131 678
 370 196 749
 92 1013 1029
 861 1029 1013
 100 460 101
 1030 959 958
 431 429 1031
 5 1032 7
 978 119 872
 118 1012 872
 184 949 948
 519 875 753
 423 756 876
 108 96 878
 726 60 1005
 208 1005 60
 1033 989 1034
 988 1034 989
 280 647 418
 148 377 379
 1035 376 337
 191 193 841
 293 920 859
 824 859 891
 284 198 860
 721 693 585
 239 816 311
 120 122 840
 246 840 122
 704 426 501
 425 501 426
 1009 95 94
 630 631 1036
 1037 462 1038
 1038 462 26
 104 961 53
 627 669 779
 461 13 462
 10 708 1039
 1040 1039 708
 1041 409 1042
 244 47 1043
 1044 1042 409
 481 295 1045
 1046 673 563
 681 702 682
 341 329 328
 425 427 82
 425 607 501
 680 924 681
 855 857 922
 625 538 537
 513 525 1047
 593 1048 594
 801 594 1048
 981 628 770
 616 291 318
 77 1049 445
 1050 1006 1007
 5 4 1051
 1052 1053 1054
 1055 1056 1057
 923 1058 681
 921 857 1059
 411 314 313
 696 1060 848
 999 1001 694
 371 622 436
 280 401 943
 914 629 783
 631 1061 1036
 323 1022 870
 503 502 1062
 952 1063 1064
 952 1017 1063
 1065 1066 435
 730 435 1066
 11 678 131
 567 1067 436
 807 1068 676
 544 542 1069
 972 1070 1071
 1072 1071 1070
 757 1073 1074
 971 1074 1073
 208 60 207
 1075 292 291
 646 471 565
 975 968 967
 772 1076 504
 481 34 891
 105 107 728
 58 728 107
 1077 1078 666
 813 1079 643
 266 786 28
 7 420 6
 1080 291 639
 616 639 291
 132 134 533
 516 462 1037
 113 336 623
 531 533 1081
 70 1082 321
 992 73 326
 72 326 73
 670 671 837
 969 525 942
 513 942 525
 973 1010 916
 968 1083 331
 1084 445 1049
 229 1001 514
 41 391 172
 169 603 1085
 527 6 420
 829 1029 830
 861 830 1029
 1086 979 768
 1087 1088 273
 357 273 1088
 331 1083 636
 442 749 769
 1089 941 940
 191 841 860
 32 482 966
 829 831 348
 544 1090 543
 507 243 506
 897 830 1091
 1092 210 304
 1093 308 1066
 240 637 837
 972 1071 224
 689 224 1071
 690 1074 228
 971 228 1074
 1094 472 953
 944 1088 945
 478 1095 61
 132 997 720
 429 1012 1031
 633 1096 620
 1097 828 954
 659 91 697
 633 1098 1096
 1099 1031 1012
 1100 1101 1102
 893 1103 490
 567 490 1103
 489 1104 490
 596 597 762
 457 764 662
 1105 631 1106
 363 1106 631
 1107 1108 1109
 344 422 954
 1110 819 1111
 105 1111 819
 861 1091 830
 503 1112 123
 612 1113 691
 160 737 159
 433 1114 434
 893 490 894
 1065 894 490
 701 611 1115
 985 63 62
 315 772 504
 985 1116 222
 347 199 348
 1117 1118 581
 701 1115 1119
 267 673 231
 1080 778 1120
 690 302 606
 644 953 471
 237 648 238
 1014 926 1076
 1121 1122 1009
 913 1122 1121
 320 1051 321
 550 1123 394
 1124 1125 128
 1126 39 168
 1117 895 250
 251 250 895
 973 974 1010
 421 993 422
 861 863 1091
 969 526 525
 926 1127 1076
 659 697 372
 1128 1129 146
 752 305 753
 754 756 307
 1130 22 1131
 387 99 98
 893 863 862
 24 1130 874
 670 466 465
 774 660 1132
 1041 943 523
 400 523 943
 733 1133 653
 81 351 1134
 1135 903 522
 675 403 791
 1136 665 1137
 1041 1024 943
 1124 12 131
 11 131 12
 457 765 764
 908 484 876
 907 875 521
 1135 1102 1101
 625 626 679
 1046 679 626
 806 1138 65
 1009 1010 974
 531 1108 1139
 1040 672 1008
 267 1008 672
 253 1062 502
 652 997 532
 1084 1140 445
 83 691 1141
 541 837 671
 1142 947 949
 1014 1069 542
 237 641 648
 352 354 1143
 1144 144 152
 528 325 1145
 1146 416 821
 609 144 656
 1144 656 144
 615 658 141
 596 762 324
 624 324 762
 58 651 728
 163 797 818
 1002 1147 1001
 829 348 1004
 541 919 542
 873 878 96
 592 590 547
 533 864 1081
 380 956 1148
 242 241 1133
 438 712 439
 1149 264 1150
 858 136 1151
 531 1109 1108
 105 728 1111
 994 1111 728
 159 737 1152
 373 372 697
 450 252 1153
 675 328 327
 596 99 375
 169 1153 252
 261 1034 50
 344 692 1003
 767 979 517
 359 1154 313
 411 313 1154
 555 1155 416
 209 304 210
 730 1066 308
 1156 887 886
 994 482 1045
 481 1045 482
 893 895 863
 423 876 484
 519 521 875
 259 506 1098
 1157 1158 483
 568 110 473
 112 742 111
 544 641 1090
 417 419 764
 333 764 419
 805 843 777
 212 777 843
 380 1148 822
 545 547 18
 1157 483 56
 283 285 248
 1159 1160 976
 1161 1162 1163
 593 101 1164
 808 64 1165
 1166 1167 1168
 236 554 927
 739 666 1078
 104 258 1169
 464 1170 487
 933 634 932
 808 806 65
 381 695 1026
 86 185 792
 350 416 1155
 1171 1172 1173
 229 694 1001
 118 872 119
 1171 1173 1174
 1175 1176 1177
 1175 1177 1178
 249 756 364
 423 364 756
 420 1179 1020
 109 111 707
 431 125 430
 896 430 125
 31 29 749
 370 749 29
 531 1139 532
 281 36 732
 584 585 693
 793 356 566
 55 279 852
 767 517 79
 897 1180 830
 898 810 826
 580 788 211
 598 1181 1155
 981 1085 603
 899 676 795
 296 795 676
 477 277 1182
 476 1183 273
 440 640 271
 395 536 1184
 1124 128 1185
 150 199 803
 232 59 415
 449 1186 1187
 544 648 641
 1188 932 1189
 410 449 600
 757 600 449
 265 1150 264
 245 316 840
 41 279 561
 655 705 649
 296 298 1190
 494 1190 298
 1191 1192 1193
 1194 1195 1196
 70 71 819
 105 819 71
 70 916 1082
 457 662 458
 24 22 1130
 1025 800 381
 296 1190 166
 978 872 1197
 113 556 310
 25 620 18
 290 292 874
 550 602 316
 332 1198 439
 340 1199 355
 1107 990 989
 200 852 279
 323 325 746
 674 746 325
 112 1200 447
 1201 1202 447
 928 1203 834
 442 784 501
 902 904 47
 1204 47 904
 120 840 316
 506 243 546
 503 1062 1205
 10 1206 8
 592 1207 499
 497 499 1207
 983 1208 1048
 104 515 961
 129 1209 130
 609 725 144
 615 141 724
 387 375 99
 733 735 1210
 452 588 587
 1077 666 1211
 206 1212 773
 726 651 60
 148 515 1213
 911 913 1121
 213 843 1214
 251 894 435
 1065 435 894
 583 581 1118
 1087 945 1088
 1215 1022 323
 184 948 565
 418 998 401
 392 394 1192
 390 1196 391
 164 166 1190
 1065 490 1104
 746 1215 323
 1117 581 1216
 1120 778 1217
 84 1207 546
 592 546 1207
 374 1050 597
 714 597 1050
 204 82 427
 999 694 667
 442 661 749
 464 466 735
 371 556 623
 721 722 1218
 1157 1218 722
 943 1024 256
 26 12 1219
 400 910 522
 1135 522 910
 994 727 482
 130 1209 1220
 508 8 1206
 417 764 836
 545 18 620
 478 61 63
 981 603 664
 1009 23 95
 1221 1222 854
 921 1052 922
 1056 923 924
 1223 1136 1137
 261 1224 1034
 714 1050 1007
 1080 1120 1225
 1226 1225 1120
 884 1227 885
 539 830 1180
 1072 1228 1229
 1188 1230 932
 1231 1232 1233
 1234 1039 1235
 1040 1235 1039
 1105 1061 631
 10 1236 1206
 580 753 788
 249 1237 756
 240 1090 640
 441 997 654
 1107 960 1108
 1238 1108 960
 437 648 456
 1146 114 310
 698 1239 614
 1156 1240 1241
 586 804 1242
 1015 1242 804
 20 74 708
 440 271 311
 801 1048 1208
 104 1169 515
 175 223 225
 226 177 227
 195 732 196
 35 196 732
 731 977 1243
 978 1243 977
 736 1152 737
 670 465 835
 857 856 700
 866 54 965
 433 1050 1244
 374 1244 1050
 359 778 639
 1080 639 778
 652 654 997
 559 1143 354
 1245 1187 1186
 873 1246 878
 320 878 1246
 1247 700 699
 1248 703 702
 452 170 252
 4 321 1051
 1084 1049 152
 330 968 331
 45 1249 409
 598 794 1250
 183 61 117
 1080 1225 291
 1075 291 1225
 1044 409 1249
 494 338 1251
 1252 1251 338
 403 1253 791
 169 1085 1153
 92 1029 684
 850 741 740
 571 405 190
 1105 1184 536
 518 146 1129
 902 799 522
 624 762 1112
 601 317 602
 281 961 515
 771 312 967
 975 967 312
 1171 1036 1061
 562 561 278
 242 1210 466
 780 203 1254
 832 834 1203
 1255 1231 1233
 930 932 1256
 568 473 171
 1107 989 1257
 69 1258 1259
 26 1219 1038
 19 408 17
 486 632 776
 808 1165 1068
 1188 171 170
 544 1069 456
 366 1141 367
 575 1193 576
 577 579 1195
 1052 1054 922
 1056 924 1057
 1260 1165 64
 496 619 1261
 25 1261 619
 219 1 384
 975 314 413
 1002 386 1262
 385 1262 386
 1252 970 1251
 164 1251 970
 369 517 979
 883 885 940
 508 1206 1120
 286 1132 660
 1033 683 685
 347 1263 277
 1087 273 1264
 510 1 0
 453 706 1259
 696 848 905
 234 905 848
 442 769 784
 1126 1193 1192
 1265 1196 1195
 1041 523 409
 43 409 523
 1162 1221 854
 743 127 138
 906 521 1266
 493 1266 521
 493 484 1267
 909 1267 484
 1268 862 1013
 265 885 1150
 1033 1269 989
 1238 1270 1108
 133 720 984
 1035 337 1271
 120 317 530
 1201 447 1200
 265 1272 885
 1157 722 1158
 461 864 161
 752 303 305
 306 754 307
 428 430 1273
 985 1274 1116
 731 432 1275
 81 1134 443
 1276 1134 351
 319 1277 1278
 598 1250 1181
 428 1273 935
 157 1279 768
 880 882 1154
 281 1280 282
 309 222 1116
 1077 1166 1078
 1281 298 964
 863 895 1216
 1117 1216 895
 55 677 278
 545 1096 506
 333 419 332
 160 1282 665
 750 161 864
 418 1198 332
 571 814 643
 688 365 485
 853 1283 1284
 204 1254 203
 366 1274 62
 985 62 1274
 1152 999 1285
 793 951 356
 290 874 1130
 768 1279 817
 259 1098 260
 731 1275 977
 928 719 1203
 559 614 1239
 596 324 870
 1204 451 1043
 858 1250 794
 268 1284 1283
 1286 812 982
 145 1287 1288
 1289 965 54
 1286 982 1212
 988 50 1034
 1265 42 172
 388 434 1290
 1035 1290 434
 612 355 1199
 971 1291 579
 972 576 1292
 431 1031 1011
 398 1011 1031
 850 213 1214
 723 1138 1070
 143 1084 152
 363 182 201
 612 610 1113
 657 613 558
 1260 1293 1165
 1201 570 569
 128 1125 766
 589 547 590
 280 238 647
 508 1294 729
 1295 1229 1228
 53 937 54
 1289 54 937
 1252 758 970
 539 349 831
 1092 349 210
 1093 1066 1296
 72 74 20
 1142 1278 1277
 476 1297 1183
 1298 477 1182
 774 1288 1287
 219 20 9
 159 1152 1285
 736 1299 1000
 205 1163 854
 897 1216 581
 988 990 1300
 388 247 88
 333 662 764
 441 816 720
 884 1255 1227
 493 521 485
 423 484 365
 320 1301 1051
 206 854 1222
 366 368 1274
 969 1274 368
 688 485 520
 363 201 1302
 200 407 1302
 1303 1223 608
 1033 685 1304
 388 1305 247
 245 1305 414
 397 396 1254
 90 1306 91
 696 91 1306
 944 358 1088
 357 1088 358
 297 1068 1165
 1307 1119 1115
 495 803 277
 347 277 803
 636 458 662
 1154 882 412
 609 703 725
 615 724 699
 398 839 1011
 775 1011 839
 680 1057 924
 855 922 1054
 334 336 844
 1105 536 1061
 858 794 827
 1308 939 941
 1107 1109 990
 1072 1070 1138
 1234 1309 1236
 1310 1311 1020
 560 1020 1311
 428 1197 872
 525 538 1047
 848 1060 951
 939 883 940
 31 749 661
 183 355 748
 1312 740 356
 438 456 1069
 149 605 1021
 187 181 1313
 957 937 282
 1072 806 1228
 805 1228 806
 455 454 664
 167 356 740
 1086 817 526
 1165 1293 964
 500 693 838
 721 838 693
 1033 1224 683
 220 1003 692
 698 1314 1239
 451 1315 1043
 675 549 692
 444 1151 137
 1128 860 841
 1046 626 231
 478 791 1253
 1316 617 1317
 616 1317 617
 723 1070 564
 249 435 1237
 240 543 1090
 1318 127 745
 1312 356 951
 496 1261 1319
 630 1319 1261
 1238 960 959
 1162 854 1163
 730 1237 435
 1320 1205 1062
 801 1208 1321
 675 342 328
 395 1186 449
 652 532 1139
 188 1322 64
 1260 64 1322
 148 1213 892
 109 474 110
 1234 1246 1323
 689 1324 865
 642 1174 427
 204 427 1174
 132 532 997
 461 463 1081
 539 1180 211
 897 211 1180
 1295 1228 777
 805 777 1228
 507 85 243
 689 1229 1324
 359 639 618
 527 106 71
 157 159 1285
 1033 1034 1224
 437 439 1198
 516 1037 1300
 1325 738 1326
 923 1327 1058
 1328 921 1059
 444 1134 1151
 609 656 610
 615 613 658
 1320 1304 685
 1040 708 1329
 330 712 967
 281 732 1280
 603 474 664
 109 664 474
 790 1129 841
 488 487 1170
 457 823 765
 233 49 745
 1318 745 49
 1204 904 804
 1015 804 904
 738 1330 1326
 1331 197 986
 200 552 407
 80 203 821
 108 321 1082
 612 1115 611
 763 1102 1332
 1135 1332 1102
 640 1090 641
 723 65 1138
 780 1254 396
 163 818 1164
 593 1164 818
 441 311 816
 93 1333 89
 1252 98 116
 1002 1000 1299
 2 9 8
 636 1334 458
 162 216 147
 230 1179 420
 245 414 551
 899 795 741
 14 27 1291
 361 48 192
 244 192 48
 38 564 1070
 173 665 1282
 536 1172 1061
 592 499 590
 1073 14 1291
 1040 1329 672
 1201 569 1335
 1234 1323 1309
 1201 1200 570
 1336 844 540
 1166 1168 1078
 163 147 797
 586 1203 719
 287 915 288
 1035 1271 1290
 1105 1337 1184
 406 1184 1337
 1317 318 1338
 1204 804 588
 555 236 1155
 194 672 1329
 245 247 1305
 790 193 1339
 1124 1219 12
 717 465 760
 701 682 702
 609 611 703
 615 699 614
 757 1187 1073
 591 1313 181
 704 501 784
 200 1302 201
 1040 1032 1235
 188 414 1305
 406 1302 407
 1234 1236 1039
 957 382 1340
 406 1337 1302
 1341 742 448
 173 1137 665
 1234 1235 1301
 539 210 349
 1065 1296 1066
 136 137 1151
 753 305 788
 756 1237 307
 653 1133 241
 482 727 966
 363 1302 1106
 188 1305 1322
 388 1342 1305
 666 665 1211
 1136 1211 665
 347 349 1263
 1092 1263 349
 1087 1264 1296
 1093 1296 1264
 297 676 1068
 739 1078 1168
 680 530 317
 858 1151 1250
 1276 1250 1151
 704 378 426
 972 1292 1070
 38 1070 1292
 971 1073 1291
 518 668 796
 999 667 1285
 518 1129 668
 568 171 1189
 100 102 1343
 153 797 796
 726 1005 966
 189 966 1005
 642 426 1344
 981 664 454
 571 573 405
 1345 504 1076
 708 74 1329
 100 1343 130
 452 1346 170
 789 982 814
 524 1279 667
 1226 1206 1236
 176 225 865
 689 865 225
 690 227 302
 179 302 227
 1248 725 703
 1247 699 724
 169 171 473
 1015 903 1101
 322 475 1118
 832 1242 1347
 194 1329 74
 829 1021 684
 957 1340 1348
 433 1006 1050
 1321 1208 68
 1015 1101 1347
 266 970 758
 1055 1057 480
 601 480 1057
 562 1054 479
 1053 479 1054
 387 98 338
 598 1155 236
 790 1339 669
 718 1346 587
 1252 116 758
 1087 1296 1349
 145 216 1350
 257 1169 258
 1087 1349 945
 335 849 491
 598 235 794
 100 1220 460
 19 18 950
 670 837 637
 1030 958 1351
 1352 1351 958
 932 634 1189
 624 1145 325
 186 1284 766
 268 766 1284
 767 877 158
 160 158 1282
 83 1141 62
 366 62 1141
 576 168 1292
 829 1004 1021
 544 456 648
 1234 1301 1246
 494 1251 1190
 164 1190 1251
 1072 1229 1071
 731 1243 798
 290 1130 1338
 300 1353 871
 267 672 673
 1290 1271 1293
 726 966 727
 497 1354 1355
 1194 577 1195
 575 1191 1193
 933 569 634
 805 807 1356
 930 1240 1357
 1358 1359 197
 380 382 956
 957 956 382
 1157 845 1218
 261 663 800
 1360 1361 1163
 1161 1163 1361
 38 1292 168
 718 719 887
 1191 392 1192
 390 1194 1196
 774 1132 1288
 1362 483 1158
 1331 1363 197
 1358 197 1363
 636 1160 1334
 5 1051 1301
 527 1020 106
 560 106 1020
 215 851 1060
 1312 1060 851
 1320 255 1364
 402 401 998
 1110 820 819
 655 1113 610
 559 558 613
 934 89 1333
 186 130 1343
 1360 1168 1361
 1167 1361 1168
 1345 729 1294
 489 849 945
 334 945 849
 1014 772 711
 771 711 772
 51 1219 49
 1318 49 1219
 1010 94 1082
 277 1263 1182
 273 1183 1264
 1040 1008 1032
 1144 705 656
 486 254 632
 1276 1151 1134
 975 413 976
 1358 1148 1359
 253 502 901
 43 523 799
 899 1356 807
 528 1365 685
 933 1335 569
 90 684 1021
 1110 1366 294
 295 294 1366
 855 278 677
 112 570 1200
 1320 685 1365
 497 1207 1354
 832 1203 1242
 586 1242 1203
 808 1068 807
 111 1367 707
 934 1197 935
 428 935 1197
 1107 1257 958
 983 1048 818
 1072 1138 806
 1144 152 1049
 244 1315 1017
 450 1017 1315
 808 65 64
 1204 588 451
 976 1160 1083
 933 1368 1335
 406 1369 1184
 880 618 617
 579 1291 1370
 973 294 404
 531 463 1109
 1159 976 1371
 395 1184 1186
 1320 1062 255
 981 1372 1085
 76 1350 678
 129 678 1350
 757 1074 606
 625 469 1047
 743 138 965
 867 965 138
 832 1347 833
 397 1254 1173
 402 836 1332
 763 1332 836
 1144 1049 890
 77 890 1049
 320 1246 1301
 27 1370 1291
 601 1373 317
 562 278 1374
 257 892 1213
 893 862 1103
 51 1038 1219
 492 1375 1351
 110 474 473
 453 1259 1258
 108 1082 94
 930 1241 1240
 516 990 1109
 217 827 566
 955 282 1280
 367 1141 1376
 275 174 276
 178 272 274
 559 1239 1143
 103 847 102
 680 317 1373
 855 1374 278
 1318 1185 127
 128 127 1185
 1009 1122 23
 731 798 122
 1226 1120 1206
 360 1217 778
 1336 871 1353
 763 1377 1102
 186 766 1125
 1312 951 1060
 1188 1346 1230
 572 1378 941
 1308 941 1378
 1362 1239 1314
 771 967 712
 19 950 635
 933 931 1368
 1379 1368 931
 528 1145 1205
 57 1314 856
 698 856 1314
 701 1119 682
 121 682 1119
 718 1230 1346
 492 254 1375
 293 888 404
 698 700 856
 1128 146 1288
 1065 1104 1296
 1157 56 845
 234 236 927
 1149 1233 1232
 718 1241 1256
 90 424 1306
 757 449 1187
 1226 1236 1309
 853 1343 102
 914 1258 69
 489 945 1349
 214 424 605
 899 843 1356
 1086 526 987
 452 587 1346
 1025 1224 800
 261 800 1224
 869 1380 947
 646 947 1380
 187 1313 1218
 793 794 235
 359 618 1154
 97 1381 116
 759 116 1381
 145 1350 1287
 421 1382 991
 736 738 1299
 149 1021 1004
 899 1214 843
 81 443 607
 1295 777 915
 444 443 1134
 1320 1365 1205
 319 1278 258
 829 684 1029
 503 1205 1383
 528 1205 1365
 644 846 953
 1094 953 846
 450 1153 1063
 761 384 511
 1384 1063 1153
 805 1356 843
 541 671 534
 135 901 502
 1268 1103 862
 1046 231 673
 1384 1153 1085
 1331 986 786
 28 786 986
 426 378 1344
 93 1243 1333
 46 917 47
 902 47 917
 215 1385 424
 84 546 243
 1073 1187 14
 187 1218 845
 674 1026 695
 234 697 905
 1223 1137 608
 76 1287 1350
 450 1315 451
 747 822 1386
 1358 1386 822
 452 451 588
 1002 1262 1147
 195 1280 732
 857 700 1059
 1247 1059 700
 681 1058 702
 1248 702 1058
 433 638 1006
 779 1064 1372
 978 1333 1243
 1146 821 114
 322 1118 250
 680 1373 1057
 855 1054 1374
 721 1218 1313
 93 798 1243
 1016 1387 1371
 593 818 1048
 866 52 54
 739 1168 1330
 1360 1330 1168
 341 328 342
 373 927 554
 962 574 686
 578 963 687
 1010 1082 916
 25 17 1261
 1238 1023 925
 467 679 563
 1046 563 679
 123 1112 713
 560 1388 107
 58 107 1388
 734 1389 1170
 1176 906 1266
 909 1178 1267
 118 1095 1012
 1099 1012 1095
 87 89 638
 934 638 89
 968 976 1083
 809 811 1390
 655 367 1376
 962 686 224
 963 228 687
 601 1057 1373
 562 1374 1054
 510 0 918
 541 534 918
 402 1332 910
 1135 910 1332
 1281 1271 339
 513 1047 469
 1245 14 1187
 992 468 73
 467 73 468
 205 1391 1163
 1360 1163 1391
 97 1022 1381
 1392 1381 1022
 510 842 511
 466 1210 735
 135 125 1027
 195 1359 1280
 1053 389 479
 393 1055 480
 869 947 1277
 1142 1277 947
 341 716 329
 650 329 716
 7 1032 1008
 340 1275 1199
 971 687 228
 972 224 686
 57 856 677
 855 677 856
 135 1027 901
 775 901 1027
 1035 1114 376
 3 1127 926
 591 181 635
 337 339 1271
 1089 929 941
 572 941 929
 1124 131 1125
 186 1125 131
 1352 958 1257
 733 925 1023
 1350 216 1209
 516 1109 463
 823 1377 765
 718 1256 1230
 1099 1095 1253
 478 1253 1095
 1325 386 1299
 508 1120 1217
 374 376 1244
 1255 1233 1227
 633 260 1098
 1318 1219 1185
 1124 1185 1219
 744 996 1348
 1289 1348 996
 928 1393 886
 680 682 530
 121 530 682
 980 1390 811
 734 1170 735
 1025 529 683
 350 1155 1181
 180 635 181
 975 312 314
 1307 1199 1275
 650 716 760
 789 773 1212
 37 784 769
 907 751 875
 755 908 876
 1030 1351 1375
 744 1340 1394
 253 901 632
 583 520 582
 542 919 926
 1002 1299 386
 162 460 1220
 186 1343 1284
 496 1319 1344
 204 1173 1254
 583 475 520
 633 892 260
 422 993 1395
 761 1395 993
 1136 1077 1211
 535 828 842
 1097 842 828
 1221 1286 1222
 1107 958 960
 801 1321 802
 1316 881 617
 880 617 881
 280 943 256
 230 514 1179
 1310 1179 514
 330 439 712
 1286 1212 1222
 1362 1143 1239
 625 1047 538
 1336 1353 946
 630 1036 1319
 781 1328 1396
 1327 782 1397
 583 1118 475
 789 1212 982
 718 887 1241
 1014 711 1069
 438 1069 711
 10 1039 1236
 767 79 877
 689 1071 1229
 100 130 1220
 675 791 549
 129 1350 1209
 1018 1298 1398
 1297 1019 1399
 352 1143 1158
 1362 1158 1143
 461 1081 864
 911 404 888
 361 44 48
 46 48 44
 1325 1299 738
 1171 1174 1400
 488 1375 254
 568 1189 634
 421 1003 1382
 936 1006 638
 636 1083 1160
 589 635 950
 1099 399 1031
 398 1031 399
 61 1095 117
 1167 1161 1361
 1030 1389 959
 507 949 85
 932 1230 1256
 652 1270 925
 1097 1395 511
 761 511 1395
 541 918 919
 1035 434 1114
 3 729 1127
 1245 15 14
 885 1227 1150
 1149 1150 1227
 286 660 1028
 642 1319 1400
 21 23 1122
 1079 1308 1378
 158 877 1282
 173 1282 877
 209 788 305
 730 307 1237
 1238 925 1270
 206 1222 1212
 1140 1303 1401
 1252 338 98
 1025 683 1224
 955 1280 1359
 1336 540 785
 1384 1064 1063
 1310 1262 1311
 385 1311 1262
 162 1220 1209
 262 826 1402
 809 1402 826
 944 946 1353
 1310 1020 1179
 1384 1372 1064
 853 846 1283
 642 1344 1319
 612 1199 1115
 1015 1347 1242
 744 1394 745
 973 916 820
 5 1235 1032
 1128 1132 860
 1268 1067 1103
 567 1103 1067
 1135 1101 903
 118 117 1095
 450 1063 1017
 900 1403 1404
 286 1028 285
 5 1301 1235
 1188 170 1346
 510 918 534
 33 604 825
 1405 825 604
 3 918 0
 1100 1347 1101
 1130 1131 1338
 1289 996 965
 743 965 996
 734 959 1389
 1097 511 842
 646 565 948
 1268 1013 509
 1406 1402 1407
 1384 1085 1372
 978 1197 1333
 976 413 1371
 880 1154 618
 1108 1270 1139
 717 760 716
 1307 1115 1199
 259 258 1278
 650 487 1408
 486 1408 487
 696 1385 1060
 989 1269 1257
 781 1396 724
 782 725 1397
 779 1372 770
 1325 1326 346
 1268 509 1409
 101 460 1164
 163 1164 460
 319 52 868
 644 1283 846
 853 1284 1343
 721 1313 838
 506 1096 1098
 1345 1127 729
 1014 1076 772
 1097 954 1395
 422 1395 954
 779 1339 1064
 369 987 368
 545 620 1096
 988 1300 1410
 1094 846 847
 1320 1364 1304
 1352 1304 1364
 715 991 1382
 1128 1288 1132
 739 1330 738
 1092 1398 1182
 1298 1182 1398
 1093 1183 1399
 1297 1399 1183
 1379 931 1357
 775 1027 1011
 873 1323 1246
 1037 1410 1300
 507 505 949
 385 1388 1311
 560 1311 1388
 246 122 798
 397 1173 1172
 616 318 1317
 1159 1371 1387
 531 1081 463
 202 845 56
 992 326 993
 761 993 326
 717 835 465
 1248 1397 725
 1247 724 1396
 1303 608 1401
 78 1401 608
 1406 263 1402
 952 1339 193
 1325 415 386
 779 669 1339
 1075 1323 292
 873 292 1323
 983 1411 1208
 299 1208 1411
 759 1412 786
 1331 786 1412
 642 1400 1174
 1144 890 705
 1079 1378 643
 572 643 1378
 347 803 199
 973 820 294
 1110 294 820
 957 1348 937
 1289 937 1348
 710 912 888
 1128 841 1129
 516 1300 990
 126 269 138
 867 138 269
 775 839 776
 345 776 839
 1149 1227 1233
 257 260 892
 385 59 1388
 58 1388 59
 1260 1290 1293
 1016 1371 413
 488 1170 1389
 930 1357 931
 1307 1275 432
 286 860 1132
 204 1174 1173
 955 1148 956
 1281 339 298
 145 1288 146
 1099 1253 399
 403 399 1253
 759 758 116
 646 948 947
 1406 1413 263
 265 263 1413
 930 1256 1241
 866 868 52
 397 1172 536
 1156 1241 887
 1260 1342 1290
 496 1344 378
 624 1112 1383
 1238 959 1023
 1204 1043 47
 383 1394 1340
 340 977 1275
 500 590 499
 205 346 1391
 1041 1042 1024
 391 1196 172
 1265 172 1196
 952 1064 1339
 184 85 949
 599 871 785
 1336 785 871
 1176 1266 1177
 1178 1177 1267
 492 1351 1364
 1352 1364 1351
 173 608 1137
 1345 1076 1127
 1089 1403 929
 297 1165 964
 494 298 339
 1325 346 415
 1033 1304 1269
 733 1210 1133
 242 1133 1210
 295 1366 1045
 994 1045 1366
 352 1158 722
 576 1193 168
 1100 833 1347
 388 1290 1342
 630 1261 17
 195 197 1359
 162 1209 216
 690 606 1074
 902 917 799
 345 329 1408
 650 1408 329
 492 1364 255
 232 415 346
 1089 1413 1403
 111 742 1367
 1341 1367 742
 215 1060 1385
 579 1370 1195
 1281 964 1293
 790 668 1129
 762 713 1112
 911 1121 974
 555 416 553
 1146 553 416
 944 1353 358
 1001 1147 514
 1310 514 1147
 455 1414 706
 1009 974 1121
 1075 1309 1323
 714 124 713
 123 713 124
 411 1154 412
 67 1321 68
 265 1413 1272
 253 255 1062
 659 372 1409
 436 1409 372
 1265 1195 1370
 1188 1189 171
 464 735 1170
 896 1273 430
 1226 1309 1225
 1075 1225 1309
 345 1408 776
 486 776 1408
 1406 1404 1403
 1392 1022 1215
 519 582 520
 688 520 475
 763 765 1377
 723 564 66
 994 1366 1111
 1110 1111 1366
 1018 1398 304
 1019 308 1399
 1126 168 1193
 988 1410 50
 406 15 1369
 221 549 791
 934 1333 1197
 287 865 1324
 154 796 668
 383 663 1394
 233 1394 663
 51 50 1410
 969 1116 1274
 1086 768 817
 955 1359 1148
 1142 949 505
 481 891 920
 859 920 891
 1171 1061 1172
 394 1123 1192
 1126 1192 1123
 300 358 1353
 900 929 1403
 402 998 836
 417 836 998
 900 1404 604
 270 645 1380
 220 512 1382
 1336 946 844
 1345 1294 504
 360 504 1294
 1171 1400 1036
 646 1380 645
 1092 1182 1263
 1093 1264 1183
 734 1023 959
 591 838 1313
 696 1306 1385
 824 825 938
 1358 822 1148
 383 1340 382
 1405 938 825
 1016 412 882
 1415 1355 1354
 897 1091 1216
 863 1216 1091
 503 1383 1112
 1295 1324 1229
 455 707 1414
 691 1376 1141
 747 1215 746
 992 991 468
 1117 250 1118
 815 1024 1042
 936 1273 1007
 896 1007 1273
 1093 1399 308
 1092 304 1398
 346 1326 1391
 233 745 1394
 493 1267 1177
 493 1177 1266
 369 979 987
 1086 987 979
 624 1383 1145
 259 1278 505
 244 1043 1315
 667 1279 1285
 1406 1403 1413
 239 256 1024
 524 817 1279
 1140 1401 445
 78 445 1401
 1352 1269 1304
 715 1382 512
 809 1390 1407
 220 1382 1003
 489 491 849
 652 1139 1270
 1362 1314 483
 57 483 1314
 1037 1038 1410
 51 1410 1038
 28 986 29
 370 29 986
 1302 1337 1106
 84 1354 1207
 270 787 645
 750 1028 660
 1406 1407 1404
 1405 1404 1407
 436 1067 1409
 121 1119 432
 1307 432 1119
 981 770 1372
 644 645 787
 928 834 1393
 896 124 1007
 714 1007 124
 156 629 889
 914 889 629
 1265 1370 42
 1276 1181 1250
 1405 1407 1390
 911 888 912
 1310 1147 1262
 1089 940 1272
 1245 1369 15
 717 828 835
 43 799 917
 1281 1293 1271
 936 935 1273
 283 1249 362
 45 362 1249
 27 42 1370
 1260 1322 1342
 1248 1058 1397
 1247 1396 1059
 1142 505 1278
 1312 851 740
 1415 1354 557
 84 557 1354
 1360 1326 1330
 299 68 1208
 319 868 1277
 248 285 1028
 156 1411 155
 983 155 1411
 556 553 310
 299 1411 889
 1276 351 1181
 350 1181 351
 550 39 1123
 157 1285 1279
 850 740 851
 885 1272 940
 1327 1397 1058
 1328 1059 1396
 1305 1342 1322
 1105 1106 1337
 1392 1386 1363
 1358 1363 1386
 1405 1390 938
 774 1287 75
 76 75 1287
 535 835 828
 1296 1104 1349
 655 1376 1113
 691 1113 1376
 969 942 1116
 309 1116 942
 1044 446 984
 424 1385 1306
 744 1348 1340
 1089 1272 1413
 156 548 629
 1268 1409 1067
 92 509 1013
 1319 1036 1400
 334 844 946
 809 1407 1402
 999 1152 1000
 736 1000 1152
 715 468 991
 627 629 548
 1030 1375 1389
 268 1283 787
 644 787 1283
 1392 1412 1381
 1205 1145 1383
 674 529 1026
 1025 1026 529
 31 661 137
 444 137 661
 980 938 1390
 759 1381 1412
 515 1169 1213
 1352 1257 1269
 867 269 995
 287 1324 915
 489 1349 1104
 1392 1363 1412
 659 1409 509
 1331 1412 1363
 1295 915 1324
 899 741 1214
 290 1338 318
 1405 604 1404
 270 1380 995
 869 995 1380
 418 647 1198
 437 1198 647
 1392 1215 1386
 1126 1123 39
 869 1277 868
 133 984 446
 262 1402 263
 1146 310 553
 850 1214 741
 488 1389 1375
 1044 1249 446
 508 1217 1294
 360 1294 1217
 156 889 1411
 453 1258 783
 257 1213 1169
 914 783 1258
 1360 1391 1326
 747 1386 1215
 1245 1186 1369
 376 1114 1244
 1044 984 1042
 1184 1369 1186
 433 1244 1114
 283 446 1249
 815 1042 984
 270 995 269
 35
 103 470 657 584 497 1094 1341 67 353 1415 498 101 185 594 447 354 472 595 69 141 1259 448 706 1321 658 802 707 1355 557 792 847 1367 1414 558 1202
 0
 0
 45
 1159 898 1201 1016 1156 1149 1316 1379 1100 21 710 980 262 810 913 264 823 1102 1232 459 458 1335 1160 1387 879 1122 1317 1240 1368 881 811 882 834 1357 709 1334 1377 1393 833 912 22 1131 886 1338 1202
 0
