333 593
8.820605 5.021739 2
8.722643 4.893626 1
8.893986 4.907285 1
8.833369 4.807293 1
9.678115 2.511569 1
9.574879 2.350617 2
9.721053 2.365102 1
9.111339 3.475663 1
9.189052 3.630861 1
9.037111 3.620797 1
8.541680 4.309810 1
8.655129 4.284656 1
8.563005 4.423867 1
9.739560 3.850509 1
9.820748 3.979503 1
9.701102 4.005759 1
9.252457 3.526508 1
9.077063 2.646301 1
9.210153 2.670109 1
9.084210 2.774578 1
9.204548 2.809502 1
9.130545 5.131914 2
9.106349 4.979466 1
9.232071 5.051641 2
9.087513 3.339667 1
9.026529 3.270177 1
9.144161 3.207373 1
9.543455 2.810024 1
9.543092 2.953604 1
9.423470 2.865226 1
10.000000 3.472222 0
10.000000 3.611111 0
9.854188 3.516792 1
9.892745 3.641623 1
9.493650 4.264837 1
9.630780 4.212965 1
9.569606 4.362883 1
9.701820 4.346334 1
9.789246 2.448795 1
9.792582 4.131754 1
9.182967 3.350452 1
8.678182 4.436863 1
9.655478 5.224209 2
9.658634 5.078186 1
9.803578 5.156919 2
9.763619 4.995296 1
8.363518 4.296433 2
8.446996 4.428215 2
8.857430 3.828493 1
8.906816 3.683397 1
9.000507 3.767156 1
9.144129 4.504739 1
9.057297 4.639683 1
8.979750 4.530584 1
9.565700 4.992430 1
9.521749 5.133544 2
9.440231 4.961960 2
9.429109 2.581689 1
9.342649 2.727676 1
9.300473 2.592718 1
8.289977 3.084625 1
8.203995 3.214273 3
8.182261 3.044488 2
8.883080 4.651967 1
8.990396 5.045081 2
8.993105 3.903397 1
9.570928 2.643228 1
9.666690 2.753694 1
8.512171 3.029562 1
8.501996 2.902117 1
8.635534 3.000477 1
8.499805 4.198955 2
8.602221 3.469974 1
8.556871 3.586126 1
8.437001 3.520203 1
8.632577 2.858719 1
9.287970 3.215673 1
8.462506 3.635818 1
8.570185 3.698988 1
8.418548 3.747811 2
8.578001 3.849503 1
8.461940 3.408179 1
9.656452 4.903107 1
9.331159 3.351627 1
9.454902 3.848161 1
9.314283 3.848248 1
9.434791 3.702993 1
9.291065 3.714597 1
9.365487 4.864355 1
9.463585 4.799226 1
9.192173 2.523767 1
10.000000 2.500000 0
10.000000 2.638889 0
9.843488 2.564197 1
8.652964 3.332888 1
8.745855 3.392673 1
8.746016 3.500659 1
9.421269 2.339659 2
9.438756 2.449300 1
9.545782 4.888039 1
8.982921 4.773951 1
8.638648 3.969128 1
8.518836 3.956628 1
8.920476 3.021576 1
8.855284 3.136485 1
8.782388 3.023703 1
8.719112 3.129190 1
9.449391 3.039363 1
8.917796 2.615546 2
9.044215 2.523352 2
9.884130 3.862222 1
8.791578 4.266639 1
8.735228 4.162879 1
8.901535 4.154629 1
8.927892 3.522048 1
9.902959 2.703294 1
8.303676 3.298969 1
8.225669 3.402265 2
8.393827 2.992672 1
8.366385 2.871074 1
8.892035 3.981842 1
9.009155 4.033360 1
9.185892 4.630215 1
9.595148 3.911410 1
9.261940 4.191768 1
9.137074 4.064754 1
9.294507 4.016786 1
9.013980 4.902018 1
9.661263 2.881736 1
9.164279 4.330723 1
9.119013 4.198482 1
8.799227 3.695459 1
9.201405 4.935510 1
8.791797 4.408943 1
10.000000 2.083333 0
10.000000 2.222222 0
9.869110 2.155257 1
9.538357 2.507281 1
9.795480 2.705582 1
9.691846 2.643283 1
9.697988 2.218618 2
9.896333 4.076138 1
9.731742 3.404548 1
9.595600 3.461062 1
9.617782 3.328546 1
9.484823 3.377062 1
8.365952 2.673563 1
8.237949 2.582546 3
8.406985 2.544760 2
9.010417 4.264057 1
9.024271 4.401928 1
8.334949 3.194570 1
8.962798 2.763805 1
9.596484 3.754119 1
9.544909 3.601026 1
9.696916 3.536094 1
9.843989 4.287328 1
9.836925 4.437894 1
9.314569 4.342330 1
8.751380 4.564247 1
8.861794 4.526571 1
8.695585 3.615175 1
8.902892 4.323374 1
9.774709 2.930579 1
9.830764 3.057855 1
9.671414 3.023718 1
9.905188 2.023133 1
9.370563 3.484943 1
8.706083 3.761477 1
9.268643 4.448486 1
9.642103 3.181105 1
9.752715 3.139652 1
9.735064 3.290539 1
9.659159 3.651117 1
8.547351 2.765906 1
8.642417 2.630529 2
8.666471 2.749717 1
8.808000 4.066500 1
8.343011 3.622439 2
9.867215 3.358270 1
9.338692 2.983404 1
9.569804 4.571433 1
9.660564 4.490055 1
9.656548 4.656291 1
9.775171 4.579339 1
9.252267 3.424379 1
8.499480 2.649626 2
9.587584 4.065104 1
9.477521 4.131865 1
8.486609 3.217386 1
8.413008 3.308919 1
10.000000 3.333333 0
8.578949 3.131859 1
8.421050 3.111072 1
8.822588 3.578330 1
9.308034 2.864636 1
9.370858 4.135249 1
8.542651 3.328246 1
9.463327 2.712473 1
9.893568 5.066491 1
9.007729 3.134118 1
9.681722 4.117604 1
9.726391 3.722780 1
10.000000 3.055556 0
9.896259 2.958136 1
9.024781 2.865752 1
8.925119 2.901931 1
8.856956 2.819974 1
9.088025 3.957970 1
9.197598 3.915571 1
9.791840 2.029161 2
8.432581 3.883755 2
9.267573 3.080878 1
9.146122 3.040666 1
9.486578 3.959123 1
9.104176 3.726347 1
9.389493 3.941152 1
8.697927 4.067390 1
8.621064 4.148262 1
8.538924 4.070376 1
9.408763 4.670970 1
9.303288 4.563451 1
9.457863 4.560836 1
9.392477 4.455444 1
8.717920 3.878421 1
8.860596 2.725816 1
8.754113 2.811574 1
8.764432 4.697741 1
8.913311 3.256656 1
9.124958 4.842820 1
8.770854 3.259098 1
8.711639 4.780706 1
8.721547 2.928189 1
8.644530 3.228079 1
8.648938 4.663811 1
8.508940 4.682758 2
8.535851 4.550630 2
8.912887 4.440127 1
9.035439 4.143056 1
9.851737 3.745319 1
8.773985 2.662411 2
8.688021 5.006658 2
10.000000 2.777778 0
10.000000 2.916667 0
9.875825 2.830022 1
9.894982 3.155647 1
8.264857 2.953717 2
10.000000 4.444445 0
9.895347 4.543991 1
10.000000 3.750000 0
9.397194 4.033442 1
8.972569 3.394670 1
8.846900 3.345389 1
8.434777 2.774361 1
9.491364 3.504400 1
9.526664 3.231197 1
9.097701 3.842282 1
9.548377 3.097301 1
10.000000 4.305555 0
9.896297 4.188107 1
10.000000 3.888889 0
9.328944 3.606921 1
9.785014 3.612837 1
8.138584 2.715771 2
8.258897 2.715691 1
9.289888 4.673587 1
9.515800 4.473945 1
10.000000 4.861111 0
10.000000 5.000000 0
9.878259 4.909756 1
10.000000 4.583333 0
10.000000 4.722222 0
9.880175 4.672441 1
9.114153 4.730761 1
10.000000 2.361111 0
9.892401 2.436659 1
9.895423 2.288904 1
9.030814 2.984897 1
9.407244 3.254211 1
8.228585 2.822122 2
9.918821 4.368527 1
10.000000 5.138889 0
9.914859 5.194705 2
10.000000 4.166667 0
8.469175 4.823543 3
8.601311 4.799692 1
9.230813 2.937374 1
9.832903 3.240989 1
8.856175 3.448032 1
9.758629 2.819886 1
9.334420 4.761513 1
9.811171 2.366446 1
8.817172 2.915550 1
9.202797 3.783251 1
9.363633 3.128230 1
9.383889 4.243562 1
9.734552 4.243294 1
9.444994 4.357610 1
9.113731 2.401212 2
9.752971 2.126009 1
9.531137 4.677654 1
10.000000 4.027778 0
9.328279 2.460347 1
9.457596 3.154818 1
9.217078 4.741789 1
9.261843 4.849654 1
9.602942 4.783470 1
9.717548 4.796529 1
10.000000 3.194444 0
8.651186 4.533991 1
9.763075 4.695080 1
9.120214 2.902128 1
8.589025 4.907459 2
9.312048 2.352547 2
9.229127 2.416507 2
9.644619 2.075948 2
9.816274 4.791667 1
9.921261 4.791667 1
9.791131 2.269420 1
9.435319 3.593017 1
8.780659 3.965343 1
8.330919 2.771362 1
10.000000 1.944444 0
9.310996 4.960452 2
9.864987 1.903467 2
9.763405 4.883244 1
8.280723 3.514709 2
8.426278 4.109686 2
8.420769 4.007967 2
10.000000 5.277778 0
9.919020 3.256537 1
9.926762 3.958333 1
8.348223 3.406164 1
 0 1 2
 2 1 3
 4 5 6
 7 8 9
 10 11 12
 13 14 15
 16 8 7
 17 18 19
 19 18 20
 21 22 23
 24 25 26
 27 28 29
 30 31 32
 31 33 32
 34 35 36
 37 36 35
 4 6 38
 39 15 14
 40 24 26
 12 11 41
 42 43 44
 45 44 43
 46 10 47
 48 49 50
 51 52 53
 54 55 56
 57 58 59
 60 61 62
 63 53 52
 0 2 64
 48 50 65
 27 66 67
 68 69 70
 46 71 10
 72 73 74
 69 75 70
 76 40 26
 77 78 79
 80 79 78
 81 72 74
 54 82 43
 76 83 40
 84 85 86
 87 86 85
 88 89 56
 90 18 17
 91 92 93
 20 18 58
 94 95 72
 72 95 96
 97 5 98
 89 99 56
 63 52 100
 80 101 102
 103 104 105
 106 105 104
 28 107 29
 108 109 17
 13 110 14
 111 112 113
 114 9 49
 92 115 93
 116 117 61
 58 18 59
 45 43 82
 68 118 69
 119 69 118
 48 65 120
 121 120 65
 51 122 52
 13 15 123
 124 125 126
 127 64 2
 27 128 28
 124 129 130
 48 131 49
 132 23 22
 41 11 133
 134 135 136
 4 137 5
 124 130 125
 138 139 93
 4 93 139
 140 6 5
 39 14 141
 142 143 144
 145 144 143
 146 147 148
 149 129 150
 51 150 129
 60 151 61
 108 17 152
 84 153 123
 154 143 155
 37 156 157
 124 158 129
 159 133 160
 161 72 96
 111 113 162
 163 164 165
 13 123 153
 21 64 22
 134 136 166
 145 167 83
 161 168 78
 80 78 168
 51 129 169
 170 171 172
 154 155 173
 174 175 176
 177 113 112
 77 79 178
 30 32 179
 180 29 107
 181 182 183
 184 183 182
 16 7 185
 40 185 7
 186 175 174
 63 100 3
 187 35 188
 34 188 35
 170 172 144
 189 190 151
 191 30 179
 68 192 193
 189 193 192
 66 139 67
 114 49 194
 90 17 109
 41 133 159
 5 137 98
 20 58 195
 49 9 50
 54 43 55
 138 93 115
 124 126 196
 37 157 182
 184 182 157
 81 197 72
 94 72 197
 57 198 58
 45 199 44
 103 200 104
 39 201 15
 13 153 202
 4 66 137
 57 137 66
 16 185 167
 189 151 193
 129 158 169
 203 164 204
 205 206 152
 207 152 206
 121 65 208
 121 113 120
 177 120 113
 154 153 86
 84 86 153
 51 53 150
 48 168 131
 149 162 113
 209 85 126
 210 166 136
 80 211 79
 76 26 212
 213 212 26
 187 188 214
 153 173 202
 215 50 9
 85 216 126
 217 218 219
 111 133 11
 101 217 219
 220 221 222
 223 222 221
 80 224 101
 225 207 226
 167 185 83
 63 3 227
 104 200 228
 127 100 229
 106 104 230
 1 231 3
 213 26 200
 25 228 200
 232 70 75
 27 29 198
 58 198 29
 189 233 197
 234 235 236
 237 160 133
 164 171 165
 77 74 73
 163 204 164
 149 130 129
 121 125 238
 13 239 110
 240 225 226
 1 0 241
 242 243 244
 203 245 164
 223 221 169
 119 118 246
 42 55 43
 247 248 157
 3 100 2
 218 11 71
 10 71 11
 209 125 208
 121 208 125
 249 110 239
 51 221 122
 4 38 93
 127 2 100
 250 214 188
 114 251 7
 104 228 230
 252 230 228
 80 102 211
 119 253 69
 145 254 167
 37 182 36
 170 144 255
 215 9 8
 215 256 50
 170 255 257
 63 160 53
 101 219 102
 209 126 125
 161 96 194
 258 156 259
 149 150 162
 237 162 150
 106 70 105
 234 159 227
 63 227 159
 60 246 118
 249 260 110
 16 167 261
 262 32 33
 263 147 264
 142 32 155
 262 155 32
 146 148 186
 220 265 221
 36 182 266
 232 105 70
 161 73 72
 80 168 224
 187 214 123
 267 268 269
 270 271 272
 184 157 248
 51 169 221
 25 200 26
 100 273 229
 187 123 15
 54 56 99
 57 66 198
 154 173 153
 189 192 233
 274 275 276
 213 200 277
 4 139 66
 76 278 83
 27 198 66
 119 246 279
 142 179 32
 247 157 280
 91 93 275
 176 175 240
 223 169 158
 114 7 9
 281 282 199
 243 203 204
 283 258 259
 176 240 226
 284 235 285
 234 285 235
 47 12 236
 180 212 286
 213 286 212
 181 266 182
 287 172 171
 249 239 33
 40 7 24
 96 288 194
 146 186 253
 138 67 139
 289 163 128
 67 289 128
 116 151 190
 87 261 86
 135 276 136
 243 204 244
 220 89 290
 88 290 89
 84 123 214
 291 276 275
 268 281 199
 27 67 128
 103 105 292
 215 293 256
 180 107 294
 103 292 206
 34 295 188
 65 50 256
 247 270 248
 37 296 156
 87 293 8
 215 8 293
 266 223 297
 188 295 196
 180 294 212
 291 38 6
 90 109 298
 145 83 278
 210 136 299
 31 249 33
 145 143 254
 10 12 47
 36 266 297
 181 300 222
 45 269 199
 90 59 18
 44 199 282
 87 85 293
 209 293 85
 301 283 141
 90 302 59
 57 302 98
 303 257 255
 142 172 179
 163 244 204
 304 305 229
 132 229 305
 103 277 200
 125 130 238
 40 83 185
 250 196 126
 48 224 168
 161 131 168
 237 150 53
 114 194 288
 268 199 269
 161 78 73
 127 22 64
 34 36 297
 306 183 307
 94 197 233
 203 308 245
 142 155 143
 234 236 309
 183 310 307
 145 255 144
 20 311 19
 220 222 300
 52 273 100
 57 98 137
 39 156 296
 234 309 159
 270 272 248
 41 159 309
 57 59 302
 170 165 171
 142 144 172
 234 231 285
 97 98 302
 39 259 156
 284 285 312
 97 302 313
 90 314 302
 157 156 280
 258 280 156
 184 248 272
 210 299 315
 140 315 299
 223 158 297
 236 12 309
 124 295 158
 287 179 172
 41 309 12
 108 225 240
 242 244 115
 138 115 244
 146 264 147
 187 201 35
 37 35 296
 16 261 8
 87 8 261
 180 286 195
 63 159 160
 135 274 276
 316 317 269
 267 269 317
 274 91 275
 1 241 312
 132 22 229
 127 229 22
 154 254 143
 205 19 311
 271 317 272
 316 272 317
 234 227 231
 262 173 155
 116 61 151
 60 118 193
 103 206 277
 205 277 206
 262 33 239
 136 318 299
 149 113 238
 13 202 239
 262 239 202
 140 299 318
 86 261 319
 138 289 67
 180 195 29
 263 264 279
 170 257 165
 28 165 257
 250 126 216
 101 320 217
 181 183 300
 106 192 70
 119 279 321
 68 193 118
 237 53 160
 20 286 311
 283 259 141
 220 290 265
 287 171 245
 164 245 171
 108 152 225
 213 311 286
 138 244 289
 20 195 286
 316 310 272
 184 272 310
 77 73 78
 322 134 166
 111 162 133
 237 133 162
 69 253 174
 132 323 23
 25 251 228
 252 228 251
 205 152 19
 17 19 152
 154 86 319
 322 166 324
 163 289 244
 121 238 113
 68 70 192
 111 11 112
 218 112 11
 316 269 325
 45 325 269
 106 230 233
 92 242 115
 77 178 74
 326 74 178
 106 233 192
 3 231 227
 76 294 278
 210 324 166
 114 288 251
 252 251 288
 306 89 300
 163 165 128
 28 128 165
 303 278 294
 60 193 151
 220 300 89
 327 328 219
 102 219 328
 258 247 280
 281 329 282
 52 122 273
 304 273 122
 149 238 130
 308 191 330
 187 15 201
 161 194 131
 306 300 183
 101 224 320
 207 225 152
 252 95 230
 94 230 95
 7 251 24
 271 267 317
 35 201 296
 39 296 201
 260 301 331
 304 290 305
 88 305 290
 304 229 273
 145 278 255
 1 285 231
 25 24 251
 1 312 285
 213 277 311
 303 255 278
 116 332 117
 326 117 332
 191 179 330
 306 307 82
 102 328 211
 84 216 85
 94 233 230
 177 217 320
 184 310 183
 88 323 305
 132 305 323
 58 29 195
 327 219 71
 218 71 219
 287 330 179
 301 141 331
 14 331 141
 306 99 89
 262 202 173
 81 190 197
 189 197 190
 88 56 323
 303 294 107
 96 95 288
 252 288 95
 146 253 321
 76 212 294
 45 82 325
 291 275 38
 93 38 275
 39 141 259
 306 82 99
 90 298 314
 326 332 74
 81 74 332
 54 99 82
 136 276 318
 186 174 253
 304 122 265
 221 265 122
 176 75 174
 69 174 75
 60 62 246
 291 318 276
 232 292 105
 116 190 332
 81 332 190
 49 131 194
 205 311 277
 209 256 293
 250 188 196
 48 120 320
 119 321 253
 167 319 261
 218 217 112
 207 292 226
 232 226 292
 82 307 325
 84 214 216
 250 216 214
 146 321 264
 158 295 297
 124 196 295
 260 331 110
 14 110 331
 177 320 120
 48 320 224
 28 257 107
 303 107 257
 176 226 75
 232 75 226
 291 6 318
 304 265 290
 207 206 292
 140 318 6
 287 245 330
 316 307 310
 34 297 295
 308 330 245
 302 314 313
 154 319 254
 167 254 319
 65 256 208
 209 208 256
 223 266 222
 181 222 266
 177 112 217
 279 264 321
 316 325 307
 14
 46 284 327 326 79 47 236 235 61 117 178 71 211 328
 0
 16
 108 97 140 210 5 186 315 240 324 147 175 148 298 109 313 314
 6
 263 279 147 61 246 62
 0
 0
 0
 0
 0
 0
 13
 42 21 284 44 0 55 64 23 56 323 241 312 282
 0
 0
 0
 0
 0
 0
 0
 0
 0
 0
 0
 0
