332 590
6.801157 9.515192 1
6.687997 9.444273 1
6.839583 9.404687 1
6.547130 9.231997 1
6.642835 9.095756 1
6.670410 9.223898 1
6.759707 9.315547 1
7.196783 8.586221 1
7.200417 8.693474 1
7.050214 8.601746 1
6.485560 9.116166 1
7.098999 8.730274 1
6.329707 9.377750 1
6.492596 9.347685 1
6.401016 9.473169 1
6.023907 9.579772 1
5.876548 9.535896 1
6.006768 9.473273 1
7.580945 7.964810 3
7.718913 8.041488 2
7.572391 8.086435 1
6.783435 9.018176 1
6.778850 9.177019 1
7.275660 8.213222 1
7.137843 8.159833 1
7.227174 8.086565 1
6.406180 9.252308 1
6.646036 8.522911 1
6.661362 8.674201 1
6.551526 8.651682 1
5.942748 9.666035 1
6.522646 8.522436 1
7.193438 8.308837 1
6.673309 9.597209 1
6.560266 9.486866 1
6.344052 9.144920 1
6.398485 9.020336 1
6.805555 10.000000 0
6.669086 9.877488 1
6.780723 9.831198 1
6.551444 8.971073 1
5.494482 9.751087 1
5.389594 9.632672 1
5.532137 9.655560 1
5.840853 8.968827 1
6.024354 9.014854 1
5.875474 9.096663 1
5.100862 9.495233 2
5.248151 9.549439 1
5.089444 9.635806 2
5.225109 9.663507 1
5.951161 8.879012 1
6.555438 9.633027 1
6.713991 8.770042 1
6.679886 8.911281 1
6.559259 8.790221 1
5.777870 9.287535 1
5.914904 9.298908 1
5.802255 9.410053 1
5.912392 9.415397 1
7.203186 8.425324 1
7.341808 8.373205 1
5.397138 9.790697 1
7.135184 9.459273 1
7.014851 9.497261 1
7.063276 9.350357 1
6.952539 9.398787 1
7.669065 8.139335 1
7.499422 8.836214 1
7.567285 8.700944 1
7.614100 8.825500 1
7.777778 10.000000 0
7.638889 10.000000 0
7.724136 9.844862 1
6.186282 9.712640 1
6.141191 9.618241 1
6.285971 9.581976 1
7.569445 9.905751 1
7.084967 8.269139 1
7.380812 9.350439 1
7.468836 9.518209 1
7.334869 9.455361 1
7.493327 9.372643 1
7.158516 9.235254 1
7.226109 9.365529 1
6.811966 9.642995 1
6.899935 9.120657 1
7.410687 9.658910 1
7.521936 9.691813 1
5.617157 9.754135 1
5.728519 9.697784 1
5.782080 9.823995 1
6.666667 10.000000 0
5.658605 9.881393 1
6.894502 8.629272 1
6.754989 8.622025 1
6.789530 8.518266 1
6.902410 8.501462 1
7.591715 9.599132 1
7.460124 9.079474 1
7.479390 9.224616 1
7.369483 9.136706 1
7.358087 8.091799 1
6.155670 9.054038 1
6.189645 8.950685 1
6.979998 8.732032 1
6.099037 8.875254 1
7.452580 8.715000 1
6.415514 8.787515 1
6.440328 8.675400 1
6.153409 9.522855 1
6.396385 8.457839 2
6.343915 8.611896 1
6.266117 8.525078 2
7.923119 8.516538 1
7.902009 8.402747 1
8.049421 8.457720 3
7.995249 8.344823 2
5.287799 9.750173 1
7.380548 7.964545 2
7.269433 7.976513 2
6.265505 9.053463 1
6.464293 9.583187 1
5.513700 9.525151 1
7.678721 8.743058 1
5.555555 10.000000 0
5.416667 10.000000 0
5.510119 9.866122 1
5.676312 9.257267 1
5.751612 9.154735 1
7.006534 8.433873 1
7.028942 8.053897 1
6.919601 8.113318 2
6.924795 7.945973 2
7.361111 10.000000 0
7.296700 9.920088 1
7.432374 9.886025 1
5.407197 9.504215 1
5.019590 9.767318 2
5.151985 9.824062 1
5.070296 9.897686 1
7.574777 9.791536 1
7.408272 9.765462 1
5.311906 9.455657 2
5.147015 9.724869 1
6.250000 10.000000 0
6.111111 10.000000 0
6.181142 9.858657 1
6.901500 8.367714 1
7.266487 8.507080 1
7.559837 9.099396 1
7.500000 10.000000 0
6.808378 8.875128 1
6.901810 8.967202 1
7.121701 8.888822 1
7.252378 8.899221 1
7.108465 9.000947 1
6.388434 9.671264 1
7.584832 9.331422 1
7.660341 9.421269 1
7.579844 9.484646 1
7.220484 9.031564 1
6.302894 9.706076 1
6.443992 8.575473 1
6.882627 9.886447 1
5.860522 9.198224 1
7.004992 9.053137 1
7.022418 9.191932 1
5.982752 9.153278 1
7.666224 8.507869 1
7.710230 8.424544 1
7.797597 8.493773 1
5.972222 10.000000 0
5.898700 9.885500 1
6.060734 9.888889 1
7.271050 9.722310 1
7.253049 9.606718 1
7.083333 10.000000 0
7.079720 9.858798 1
7.202360 9.863933 1
7.781382 9.697988 1
7.656583 9.697560 1
7.222222 10.000000 0
7.705776 8.620243 1
6.916779 9.288080 1
7.154130 9.733686 1
7.124003 9.594628 1
6.297576 8.948071 1
6.219924 8.820246 1
7.719052 9.561968 1
5.104562 9.353175 3
5.215716 9.421371 2
5.389453 9.894346 1
5.836073 9.651634 1
7.376606 9.243668 1
7.329925 8.650030 1
7.874085 9.884976 2
7.355088 9.564360 1
6.817110 8.413960 1
5.607803 9.159656 2
5.720968 9.035899 2
6.099948 9.147806 1
7.384907 8.518030 1
6.624095 9.338402 1
6.244683 9.457056 1
6.100932 9.407632 1
6.199639 9.344516 1
7.041790 9.729144 1
7.482370 8.449934 1
5.567767 9.303588 1
5.444541 9.386308 2
5.476700 9.225661 2
7.467947 8.026443 2
7.316314 9.819341 1
7.862401 8.622876 1
7.795235 8.738968 1
6.054611 9.284513 1
6.336432 8.839258 1
7.004952 9.625604 1
7.563559 8.551735 1
6.686429 8.234365 2
6.780162 8.311740 1
6.638235 8.363351 2
5.694445 10.000000 0
7.515350 8.324350 1
7.409687 8.238256 1
7.575780 8.206882 1
7.473275 8.137273 1
7.855938 9.773578 1
5.870399 9.754210 1
5.993177 9.780726 1
6.730762 8.424308 1
6.008992 8.708517 2
6.067565 8.626242 2
6.106747 8.749391 1
6.201482 8.650692 2
6.324863 8.732353 1
7.389845 8.909194 1
7.382853 8.800762 1
7.606037 8.950572 1
7.479389 8.979532 1
7.277528 8.773541 1
7.460085 8.602646 1
6.441116 8.889874 1
6.723753 9.719796 1
6.604926 9.764725 1
7.130146 9.110865 1
7.266002 9.152352 1
7.058541 7.923673 2
5.640282 9.603033 1
5.000000 10.000000 0
4.861111 10.000000 0
4.913227 9.878787 2
7.916667 10.000000 0
6.953569 9.795262 1
6.845856 9.760732 1
7.858946 8.846169 2
7.725531 8.872280 1
7.346021 9.026924 1
6.842145 8.742575 1
6.164565 9.233966 1
7.761899 9.464337 1
7.123057 8.487046 1
5.284987 9.862564 1
5.138889 10.000000 0
5.198089 9.915951 1
6.303110 9.885636 1
6.929001 8.841491 1
6.498373 9.849589 1
6.485882 9.713652 1
6.379928 9.784677 1
6.527778 10.000000 0
6.405153 9.898450 1
7.657934 9.067125 1
7.683282 9.289816 2
7.806282 9.365907 2
6.532987 8.414411 2
7.935765 8.731040 2
6.388889 10.000000 0
7.612805 9.195540 1
7.660402 8.315230 1
7.803555 8.367072 1
7.778971 8.259164 2
8.004167 8.605570 2
5.997921 9.375944 1
6.264444 9.787251 1
6.019511 8.795521 1
6.096767 9.787628 1
7.276907 9.262949 1
5.831116 8.859455 2
5.277778 10.000000 0
7.236239 9.498988 1
7.146385 8.006252 2
6.578643 9.915918 1
6.910433 9.478945 1
7.598155 8.429619 1
5.833333 10.000000 0
5.704263 8.908795 2
7.861919 9.508206 2
7.926123 9.647036 2
7.830669 9.606924 1
7.056210 8.818560 1
7.973966 9.793027 2
7.020594 8.927916 1
6.276409 9.249656 1
7.764816 9.034150 2
7.712763 9.154874 2
6.944445 10.000000 0
5.565848 9.414798 1
6.987856 9.906951 1
6.907895 9.580243 1
7.000827 8.307480 1
6.901956 8.237766 1
6.800545 8.175446 2
7.804010 8.931683 1
7.705962 8.971114 1
5.763889 9.924757 1
5.727032 9.496281 1
5.626346 9.486788 1
5.761691 9.596926 1
7.763533 8.158393 2
5.676509 9.380824 1
7.010829 8.189888 1
6.056384 9.693966 1
7.688800 8.220469 1
7.178983 8.806170 1
5.914955 8.744390 2
6.217739 9.146187 1
6.922500 9.688689 1
7.102002 8.371950 1
7.889706 8.301809 2
7.889166 8.981995 2
 0 1 2
 3 4 5
 1 6 2
 7 8 9
 10 4 3
 8 11 9
 12 13 14
 15 16 17
 18 19 20
 21 22 4
 23 24 25
 12 26 13
 27 28 29
 15 30 16
 27 29 31
 23 32 24
 1 33 34
 35 36 10
 37 38 39
 40 4 10
 41 42 43
 44 45 46
 47 48 49
 48 50 49
 44 51 45
 33 52 34
 35 10 26
 53 54 55
 56 57 58
 59 58 57
 60 32 61
 62 42 41
 63 64 65
 59 17 16
 64 66 65
 67 20 19
 68 69 70
 53 55 28
 71 72 73
 74 75 76
 72 77 73
 78 24 32
 23 61 32
 79 80 81
 82 80 79
 83 84 65
 63 65 84
 1 0 33
 85 33 0
 21 86 22
 87 80 88
 89 90 91
 37 92 38
 89 91 93
 94 95 96
 94 96 97
 98 88 80
 99 100 101
 23 25 102
 103 45 104
 11 105 9
 106 104 45
 29 28 55
 40 55 54
 107 69 68
 108 109 55
 29 55 109
 40 10 36
 76 75 110
 111 112 113
 114 115 116
 94 9 105
 5 4 22
 115 117 116
 62 118 42
 50 42 118
 119 102 120
 35 121 36
 122 76 14
 123 43 42
 124 70 69
 125 126 127
 56 128 129
 94 97 9
 130 9 97
 131 132 133
 134 135 136
 42 48 137
 138 139 140
 141 136 142
 141 142 88
 143 137 48
 138 144 139
 141 73 77
 145 146 147
 130 97 148
 60 61 149
 99 150 100
 151 134 136
 21 152 153
 154 155 156
 122 157 76
 50 48 42
 158 159 160
 156 155 161
 82 158 160
 74 76 162
 111 163 112
 37 39 164
 56 129 165
 166 167 86
 168 57 165
 169 170 171
 172 173 174
 87 175 176
 177 178 179
 168 46 45
 10 3 26
 180 73 181
 141 181 73
 182 177 179
 183 169 171
 184 6 22
 185 186 176
 123 42 137
 187 104 188
 159 189 160
 190 191 47
 184 22 86
 185 175 179
 126 192 127
 27 95 28
 125 127 93
 193 16 30
 194 101 100
 7 149 195
 71 73 196
 40 54 4
 21 4 54
 87 176 197
 198 148 97
 129 199 200
 106 188 104
 103 201 45
 202 195 149
 1 34 203
 13 203 34
 76 204 14
 106 45 51
 166 86 153
 21 153 86
 205 204 110
 44 46 200
 205 206 204
 185 207 186
 202 61 208
 129 200 46
 209 210 211
 119 212 102
 213 136 135
 202 149 61
 168 45 201
 214 215 183
 124 183 215
 213 179 175
 168 216 57
 187 188 217
 218 186 207
 219 183 69
 124 69 183
 220 221 222
 223 125 93
 185 176 175
 98 160 189
 224 225 226
 227 226 225
 180 228 73
 12 14 204
 91 90 229
 230 174 173
 13 34 14
 222 221 231
 232 233 234
 235 234 233
 168 165 46
 224 61 225
 23 225 61
 25 120 102
 21 54 152
 235 112 236
 193 229 90
 237 155 238
 214 183 171
 239 150 240
 241 238 155
 235 113 112
 202 208 242
 187 243 36
 29 163 31
 39 38 244
 245 244 38
 184 167 65
 83 65 167
 166 246 167
 29 109 163
 161 247 246
 83 246 247
 106 234 188
 235 188 234
 187 36 121
 131 133 248
 224 208 61
 123 249 43
 184 86 167
 250 251 252
 168 201 216
 122 34 52
 235 236 188
 245 52 33
 253 71 196
 81 84 79
 139 144 118
 254 164 255
 87 142 175
 256 257 215
 124 215 257
 237 258 155
 53 95 259
 94 259 95
 260 206 216
 205 216 206
 159 261 189
 161 155 258
 161 258 247
 7 262 149
 139 118 263
 7 9 262
 40 243 55
 245 33 244
 85 244 33
 264 140 265
 13 26 3
 145 147 266
 267 153 152
 245 268 269
 270 269 268
 271 272 268
 219 242 208
 129 128 199
 5 22 6
 73 228 196
 239 273 150
 39 255 164
 1 203 6
 5 6 203
 159 274 275
 27 31 276
 256 215 277
 214 277 215
 185 179 178
 60 149 262
 27 276 222
 271 278 272
 279 100 150
 187 217 243
 180 181 189
 98 189 181
 170 280 281
 282 281 280
 214 283 277
 59 57 284
 146 174 147
 74 285 147
 264 250 140
 138 49 144
 15 17 110
 205 110 17
 106 51 286
 74 147 287
 108 55 243
 209 211 199
 84 288 79
 89 93 127
 56 165 57
 44 289 51
 184 2 6
 89 43 249
 126 290 192
 290 263 192
 63 84 291
 81 291 84
 214 114 283
 131 292 24
 138 140 252
 245 293 268
 278 145 266
 139 265 140
 82 79 100
 194 100 79
 247 258 101
 111 276 31
 294 66 64
 40 36 243
 7 195 8
 224 280 295
 87 197 80
 130 262 9
 82 160 80
 267 259 105
 94 105 259
 83 288 84
 172 296 173
 146 172 174
 44 297 289
 298 299 300
 250 252 140
 267 105 301
 227 102 212
 25 24 292
 89 249 90
 302 228 299
 180 299 228
 267 301 303
 219 169 183
 99 258 240
 237 240 258
 224 226 280
 224 295 208
 83 167 246
 260 216 201
 12 304 26
 227 225 102
 23 102 225
 213 175 142
 27 96 95
 305 306 273
 245 38 293
 76 157 162
 245 269 52
 180 300 299
 62 127 192
 241 195 238
 107 238 195
 116 283 114
 214 171 114
 307 37 164
 53 28 95
 151 136 77
 141 77 136
 209 308 210
 123 210 308
 50 118 144
 294 0 2
 143 210 137
 123 137 210
 219 208 295
 177 309 178
 81 80 197
 176 186 291
 63 291 186
 99 240 150
 170 295 280
 12 206 304
 239 70 257
 124 257 70
 177 307 309
 83 247 288
 230 229 30
 279 306 274
 294 310 0
 85 0 310
 130 148 311
 312 313 132
 53 152 54
 256 314 257
 239 257 315
 185 178 207
 254 207 178
 296 316 173
 91 173 316
 44 200 297
 270 268 272
 298 261 275
 317 249 318
 123 318 249
 170 281 171
 115 171 281
 317 319 249
 213 142 136
 98 181 88
 141 88 181
 122 14 34
 98 80 160
 239 240 68
 237 68 240
 271 268 293
 218 310 64
 159 275 261
 184 65 66
 72 151 77
 198 231 221
 67 19 320
 56 58 321
 317 321 58
 298 189 261
 78 311 322
 35 26 304
 209 199 128
 230 30 323
 176 291 197
 81 197 291
 241 8 195
 298 300 189
 180 189 300
 89 127 41
 312 322 311
 230 173 229
 91 229 173
 76 110 204
 254 178 309
 294 64 310
 278 266 272
 108 236 109
 112 109 236
 62 41 127
 62 263 118
 5 203 3
 13 3 203
 159 158 274
 92 271 293
 107 68 238
 237 238 68
 312 221 313
 198 97 96
 260 304 206
 282 280 324
 111 31 163
 194 79 288
 290 264 265
 25 292 120
 131 248 292
 15 110 75
 290 265 263
 202 242 195
 107 195 242
 62 192 263
 27 222 231
 131 322 132
 279 274 158
 154 325 155
 50 144 49
 129 46 165
 87 88 142
 134 182 135
 270 157 269
 194 247 101
 302 196 228
 166 303 156
 154 156 303
 296 223 316
 51 326 286
 232 286 326
 241 155 325
 139 263 265
 279 158 100
 12 204 206
 260 327 304
 131 24 322
 254 328 207
 218 207 328
 194 288 247
 53 259 152
 267 152 259
 317 58 16
 59 16 58
 209 128 321
 74 162 285
 130 311 329
 312 132 322
 166 153 303
 267 303 153
 108 243 217
 143 48 191
 47 191 48
 56 321 128
 89 41 43
 78 322 24
 107 242 69
 219 69 242
 239 315 273
 280 226 324
 108 217 236
 188 236 217
 239 68 70
 254 255 328
 317 318 321
 220 313 221
 115 330 117
 78 329 311
 223 93 316
 91 316 93
 122 52 269
 122 269 157
 35 304 327
 279 273 306
 209 321 308
 154 301 325
 249 319 90
 305 273 315
 270 272 266
 279 150 273
 193 30 229
 219 295 169
 115 114 171
 218 64 186
 63 186 64
 270 162 157
 256 331 314
 103 104 121
 187 121 104
 67 226 20
 227 20 226
 270 266 285
 11 325 301
 312 148 221
 106 286 234
 161 246 156
 99 101 258
 92 293 38
 270 285 162
 11 301 105
 193 90 319
 74 287 323
 147 285 266
 232 234 286
 254 309 164
 182 179 135
 67 324 226
 305 314 331
 213 135 179
 51 289 326
 166 156 246
 130 329 262
 218 328 310
 307 164 309
 82 100 158
 15 323 30
 154 303 301
 241 325 8
 11 8 325
 193 319 16
 39 244 255
 85 255 244
 112 163 109
 147 174 287
 230 287 174
 170 169 295
 60 262 329
 57 216 284
 205 284 216
 230 323 287
 184 66 2
 198 221 148
 78 32 329
 60 329 32
 317 16 319
 103 327 201
 321 318 308
 18 20 212
 227 212 20
 294 2 66
 103 121 327
 260 201 327
 27 231 96
 198 96 231
 15 75 323
 85 310 328
 74 323 75
 35 327 121
 282 330 281
 115 281 330
 59 284 17
 312 311 148
 205 17 284
 282 324 320
 305 315 314
 257 314 315
 85 328 255
 123 308 318
 67 320 324
 0
 0
 0
 0
 0
 0
 0
 27
 111 119 190 220 235 143 232 133 18 210 199 222 297 233 248 132 313 120 289 211 276 191 326 113 292 200 212
 13
 305 116 302 256 298 299 275 283 196 331 277 274 306
 7
 116 282 18 19 117 320 330
 0
 5
 190 138 47 252 49
 0
 0
 0
 0
 0
 0
 0
 0
 0
 0
 0
