329 590
4.792192 8.827494 1
4.900336 8.739722 2
4.900708 8.889679 2
4.518532 9.039821 1
4.623083 9.182564 1
4.474886 9.182805 1
4.643481 9.022559 1
3.984750 9.683025 1
4.081141 9.703469 1
3.991364 9.808573 1
3.044516 8.797724 1
2.927110 8.801484 1
2.978158 8.659540 2
3.125738 8.723030 1
4.154042 9.791286 1
4.690049 8.661431 1
4.815514 8.530622 2
4.799302 8.686742 2
2.389450 8.917956 1
2.507951 8.842249 2
2.535382 9.000408 1
3.948256 8.299196 1
3.843820 8.384261 1
3.843518 8.238039 1
3.734205 8.298347 1
3.850071 9.739372 1
5.033668 8.974723 2
4.887443 9.018431 1
5.117629 9.121278 2
5.054770 9.226753 2
4.976250 9.108380 1
2.634778 9.100739 1
2.751874 9.095387 1
2.661494 9.223904 1
3.611111 10.000000 0
3.472222 10.000000 0
3.516792 9.854188 1
2.809457 9.542949 1
2.863925 9.418609 1
2.953662 9.542715 1
2.807078 9.202169 1
3.641623 9.892745 1
4.992723 9.561673 1
4.955625 9.444233 1
5.100862 9.495233 2
5.104562 9.353175 3
3.357792 9.078940 1
3.207491 9.144413 1
3.270567 9.026120 1
2.580719 9.428445 1
2.584457 9.302958 1
2.726588 9.342508 1
4.134202 8.347101 1
3.981994 8.390379 1
4.054682 8.266901 2
3.600476 8.706468 1
3.692692 8.572439 1
3.757893 8.727348 1
1.970951 8.965046 1
1.824499 9.015575 2
1.870443 8.844454 3
3.350409 9.182704 1
2.610155 8.909194 1
3.841172 8.600904 1
3.907595 8.740753 1
3.835572 8.882611 1
2.753611 9.666281 1
2.642692 9.569966 1
3.426557 8.510435 1
3.487289 8.414026 1
3.542542 8.558068 1
3.612251 8.459483 1
4.752560 9.091887 1
4.753585 9.217464 1
4.255176 8.445662 1
4.310953 8.315970 2
3.215754 9.288006 1
3.364952 9.339704 1
2.523983 9.183787 1
3.714597 9.291065 1
3.848248 9.314283 1
3.702993 9.434791 1
3.857107 9.455001 1
4.050963 8.481641 1
4.659850 8.878281 1
4.771643 8.955138 1
4.864355 9.365487 1
4.799243 9.464533 1
2.638889 10.000000 0
2.500000 10.000000 0
2.564223 9.843437 2
4.549316 8.906294 1
4.694573 8.537153 1
3.441815 8.638124 1
2.339659 9.421269 2
2.449164 9.443862 1
2.355013 9.581230 2
3.928511 9.222762 1
4.074122 9.245570 1
4.003203 9.356768 1
4.888464 9.546127 1
4.344721 9.139347 1
4.397971 9.039911 1
3.484770 8.751163 1
3.326754 8.652893 1
3.258701 8.765776 1
3.199464 8.588102 2
3.862267 9.882134 1
3.039750 9.448254 1
2.654395 8.768534 2
4.557470 9.579404 1
4.409207 9.553614 1
4.558940 9.462377 1
4.451516 9.419845 1
3.667729 8.858192 1
2.703299 9.902945 1
4.635546 8.455350 1
4.588533 8.601883 1
4.478090 8.516355 1
4.180976 9.319201 1
4.115375 9.448175 1
2.881615 9.660957 1
2.809819 8.748355 1
2.774133 8.871576 1
2.906578 8.940297 1
5.089444 9.635806 2
4.911258 9.657254 1
4.263486 9.510584 1
4.325822 9.399570 1
3.910711 9.593875 1
2.511587 9.677944 2
2.507870 9.539163 1
3.474867 9.459817 1
3.348336 9.496619 1
3.496610 9.345310 1
4.938622 9.210174 1
2.705582 9.795480 1
2.643671 9.691219 1
4.341845 9.257669 1
4.079746 9.898533 1
3.463461 9.594523 1
3.323871 9.619709 1
3.404548 9.731742 1
4.083990 8.923274 1
3.944699 8.990733 1
3.989815 8.849579 1
2.388564 9.077755 1
5.019590 9.767318 2
3.754241 9.597116 1
3.595502 9.551279 1
3.532054 9.698666 1
3.990979 9.487936 1
4.346334 9.701820 1
4.437894 9.836925 1
4.289364 9.844871 1
2.930575 9.774561 1
3.023593 9.671023 1
3.057844 9.830734 1
4.226120 9.176881 1
3.181200 9.641978 1
3.292801 9.734212 1
3.139652 9.752715 1
2.699648 8.977465 1
3.649877 9.659216 1
3.358270 9.867215 1
4.193398 8.227467 2
4.579339 9.775171 1
4.491577 9.682027 1
4.655893 9.654855 1
4.447915 8.350212 1
4.448827 8.208036 2
2.983458 9.338620 1
3.537035 9.225267 1
3.434815 9.243501 1
3.455557 9.105533 1
4.443876 8.669430 1
4.581558 8.759679 1
3.333333 10.000000 0
3.532003 8.938999 1
3.589677 9.086582 1
4.105875 9.132679 1
2.897183 9.084881 1
3.007979 9.034867 1
4.056133 9.035362 1
4.352052 8.542392 1
2.860039 9.305372 1
2.709552 9.461353 1
4.257246 8.596165 1
4.145428 8.562978 1
4.314149 8.687351 1
4.001079 8.619575 1
4.472039 8.800057 1
3.815947 9.000827 1
3.019313 8.927312 1
3.172261 8.877253 1
3.142503 9.012094 1
4.449424 9.311433 1
3.055556 10.000000 0
2.958133 9.896220 1
3.722469 9.726491 1
3.640723 8.979976 1
2.811066 8.983169 1
3.081324 9.268017 1
3.041671 9.147126 1
2.845678 8.557736 2
2.864630 8.666462 1
4.106539 8.681413 1
3.269875 8.919956 1
4.859877 9.151567 1
4.368837 8.434118 1
3.715698 8.424626 1
4.531622 8.420821 1
4.562901 8.315740 1
4.711200 8.307444 2
3.995246 9.121576 1
3.745319 9.851737 1
2.916667 10.000000 0
2.777778 10.000000 0
2.830021 9.875804 1
3.155647 9.894982 1
4.444445 10.000000 0
4.543991 9.895347 1
3.345575 8.847124 1
2.197724 9.016069 1
2.107676 8.934102 1
2.247982 8.912095 1
2.158822 8.828609 2
3.750000 10.000000 0
3.312670 8.536125 1
4.250460 8.816812 1
4.368865 8.786231 1
4.325902 8.925805 1
3.555865 8.817285 1
3.734553 8.954844 1
3.394715 8.972930 1
4.698592 8.771091 1
2.412495 9.230323 1
2.304126 9.214216 1
3.096404 9.548437 1
3.224978 9.529265 1
4.213342 9.427270 1
4.127783 8.810086 1
4.209990 8.931535 1
4.148323 8.448848 1
4.305555 10.000000 0
4.186213 9.892676 1
3.888889 10.000000 0
3.608349 9.325408 1
3.505209 8.273164 1
3.356488 8.323774 2
3.612837 9.785014 1
3.651424 9.198225 1
4.030770 8.744462 1
4.722222 10.000000 0
4.583333 10.000000 0
4.672441 9.880175 1
4.068501 9.585863 1
2.940107 9.226430 1
4.565258 9.317526 1
3.087309 8.611466 2
3.522590 8.166489 2
3.625255 8.229438 1
3.361814 8.439623 1
4.212398 8.713079 1
1.952648 9.115278 2
3.249555 9.409588 1
3.618646 8.343740 1
4.368891 9.918979 1
2.162253 9.112062 1
2.058272 9.036160 1
4.166667 10.000000 0
2.019666 8.846539 2
3.801892 8.497043 1
2.263370 9.107443 1
2.301919 9.006825 1
3.251038 8.433955 2
3.240989 9.832903 1
4.433757 8.899753 1
2.288204 8.801998 2
2.819856 9.758503 1
2.742036 8.654783 2
3.580338 9.431469 1
2.416075 8.773869 2
2.232544 9.342650 2
2.171618 9.210989 2
3.721320 9.071493 1
3.862135 9.102349 1
4.671092 9.415395 1
4.757458 9.336107 1
3.125162 9.365748 1
4.743224 8.436479 2
3.785517 9.194808 1
4.174572 9.047209 1
4.249196 9.746644 1
4.290026 9.051939 1
4.670959 9.291055 1
4.679265 9.535705 1
4.595613 8.187726 3
3.155239 9.457389 1
2.460074 9.329252 1
4.027778 10.000000 0
3.408233 8.183514 2
2.064703 9.130988 1
2.018899 9.223706 2
4.783470 9.602942 1
4.796529 9.717548 1
3.194444 10.000000 0
4.693612 9.760940 1
4.306518 9.603655 1
2.347884 9.312045 1
3.916076 8.502984 1
4.163507 9.540902 1
4.207045 9.648600 1
4.861111 10.000000 0
4.791667 9.921261 1
4.913227 9.878787 2
4.791667 9.816274 1
3.823353 8.107009 2
3.733426 8.174810 1
3.713003 8.075606 3
3.963344 8.167383 2
3.451617 8.848603 1
4.961455 9.310482 1
4.886454 9.767436 1
3.256537 9.919020 1
3.962588 9.923513 1
4.850798 9.263067 1
3.637452 8.120075 2
3.375226 8.749762 1
 0 1 2
 3 4 5
 6 4 3
 7 8 9
 10 11 12
 13 10 12
 9 8 14
 15 16 17
 18 19 20
 21 22 23
 24 23 22
 25 7 9
 2 26 27
 28 29 30
 31 32 33
 34 35 36
 37 38 39
 32 40 33
 34 36 41
 42 43 44
 45 44 43
 46 47 48
 49 50 51
 52 53 54
 55 56 57
 58 59 60
 61 47 46
 62 20 19
 63 64 57
 65 57 64
 37 66 67
 68 69 70
 70 69 71
 63 57 56
 4 72 73
 6 72 4
 74 52 75
 76 47 61
 76 61 77
 78 31 33
 79 80 81
 82 81 80
 83 53 52
 84 85 6
 86 43 87
 21 54 53
 88 89 90
 84 6 91
 15 92 16
 40 51 33
 70 55 93
 51 50 33
 94 95 96
 78 20 31
 97 98 99
 87 43 100
 101 102 5
 93 55 103
 97 99 80
 82 80 99
 104 105 106
 13 106 105
 25 9 107
 39 38 108
 62 19 109
 110 111 112
 113 112 111
 102 3 5
 55 57 114
 88 90 115
 116 117 118
 119 120 99
 37 39 121
 122 11 123
 11 124 123
 42 125 126
 127 128 111
 25 129 7
 113 111 128
 130 96 131
 65 114 57
 132 133 77
 134 132 77
 135 30 29
 136 90 137
 130 137 90
 119 138 128
 14 139 9
 133 140 141
 142 141 140
 143 144 145
 65 145 144
 18 20 146
 147 126 125
 82 129 148
 149 150 140
 82 99 151
 152 153 154
 155 156 157
 25 148 129
 28 30 26
 119 158 138
 159 160 161
 31 20 162
 62 162 20
 149 163 150
 119 99 98
 35 164 36
 52 165 75
 166 167 168
 110 168 167
 169 75 170
 171 108 38
 172 173 174
 61 174 173
 67 66 137
 175 118 117
 84 91 176
 159 141 160
 42 44 125
 35 177 164
 96 95 131
 119 98 158
 178 179 174
 78 146 20
 180 158 98
 181 124 182
 136 115 90
 152 167 153
 166 153 167
 143 183 144
 175 184 118
 40 185 51
 49 51 186
 74 187 188
 175 189 184
 63 190 64
 187 184 189
 172 134 173
 130 131 67
 49 67 131
 176 91 191
 65 144 192
 193 194 195
 5 138 101
 82 148 81
 116 92 117
 5 196 138
 175 117 176
 197 198 157
 37 186 38
 51 38 186
 25 199 148
 149 81 148
 178 200 179
 201 124 181
 76 202 47
 203 47 202
 55 70 56
 71 56 70
 13 105 194
 172 174 179
 204 12 205
 206 190 188
 194 207 195
 48 195 207
 27 30 208
 21 53 22
 134 77 173
 62 109 123
 27 208 72
 169 118 209
 65 64 145
 6 3 91
 24 22 210
 83 188 190
 148 199 163
 169 211 118
 116 118 211
 116 212 213
 157 156 161
 203 195 47
 122 205 11
 12 11 205
 84 0 85
 97 214 98
 155 157 198
 25 107 215
 216 217 218
 197 157 219
 194 105 207
 71 210 56
 220 153 221
 222 207 105
 223 224 225
 226 225 224
 178 114 200
 227 215 107
 68 93 228
 229 230 231
 55 114 232
 178 232 114
 65 233 114
 1 0 17
 193 10 194
 13 194 10
 74 184 187
 178 174 234
 84 235 0
 62 123 162
 6 85 72
 78 236 146
 237 146 236
 159 238 239
 159 239 141
 119 128 240
 82 151 129
 143 241 242
 229 242 241
 83 52 243
 74 243 52
 244 245 154
 246 227 107
 172 247 134
 248 69 249
 250 41 36
 250 36 150
 142 150 36
 52 54 165
 143 145 241
 172 179 251
 206 252 190
 253 254 255
 15 176 117
 166 221 153
 256 7 129
 48 47 195
 37 67 186
 203 257 181
 40 181 257
 42 100 43
 130 67 137
 104 228 93
 5 4 258
 13 12 259
 248 260 261
 249 69 262
 187 263 188
 206 188 263
 49 186 67
 58 264 59
 145 252 241
 76 77 265
 248 261 266
 256 129 151
 142 36 164
 149 148 163
 64 190 252
 220 267 153
 223 268 269
 223 269 224
 193 182 124
 171 257 202
 203 202 257
 15 235 176
 84 176 235
 197 216 198
 244 270 245
 58 60 271
 56 210 272
 237 273 146
 18 146 274
 116 211 212
 104 106 228
 275 228 106
 276 161 160
 227 41 215
 277 231 230
 27 72 85
 18 225 278
 61 46 174
 279 121 155
 66 121 279
 152 111 167
 110 167 111
 122 109 280
 136 137 66
 149 132 281
 79 81 247
 18 278 282
 216 218 198
 237 283 284
 285 192 286
 287 288 87
 86 87 288
 74 188 243
 55 232 103
 171 289 108
 287 112 258
 113 258 112
 116 213 290
 285 286 291
 37 121 66
 143 242 292
 13 259 106
 171 202 289
 152 154 293
 254 220 221
 175 176 191
 138 158 101
 294 101 158
 79 251 291
 285 291 251
 143 292 183
 256 151 120
 99 120 151
 138 196 128
 113 128 196
 227 34 41
 133 265 77
 287 258 295
 78 33 50
 149 140 132
 180 292 158
 294 158 292
 5 258 196
 277 3 102
 203 182 195
 110 112 296
 297 213 212
 297 212 170
 169 170 212
 79 291 80
 97 80 291
 298 239 238
 78 50 299
 49 95 299
 270 300 139
 142 164 160
 155 198 218
 248 249 301
 61 173 77
 27 85 2
 15 117 92
 204 205 280
 68 70 93
 237 284 273
 302 284 303
 229 231 242
 134 281 132
 118 184 209
 201 181 32
 40 32 181
 27 26 30
 122 123 109
 304 305 168
 306 197 219
 142 140 150
 168 305 307
 49 131 95
 133 141 239
 287 296 112
 71 266 210
 24 210 266
 58 271 224
 226 224 271
 254 221 255
 127 111 308
 302 303 264
 94 283 309
 237 309 283
 159 161 156
 113 196 258
 277 91 3
 284 268 273
 142 160 141
 49 299 50
 94 299 95
 68 262 69
 180 98 214
 83 190 310
 94 309 299
 14 154 245
 78 299 236
 153 267 154
 244 154 267
 166 255 221
 256 311 312
 14 293 154
 256 312 8
 0 2 85
 276 160 164
 217 115 218
 136 218 115
 201 123 124
 79 247 251
 172 251 247
 152 308 111
 171 185 257
 313 314 315
 316 315 314
 193 11 10
 133 132 140
 316 314 255
 253 255 314
 71 69 266
 248 266 69
 226 278 225
 127 312 311
 277 191 91
 14 8 312
 152 312 308
 127 308 312
 250 215 41
 250 150 163
 14 312 293
 152 293 312
 317 318 319
 285 233 192
 250 199 215
 25 215 199
 63 56 272
 21 23 320
 317 320 23
 203 181 182
 122 280 205
 81 281 247
 136 66 279
 222 321 234
 178 234 321
 159 156 238
 39 238 156
 317 23 318
 24 318 23
 171 38 185
 258 4 295
 193 195 182
 285 200 233
 110 296 168
 73 72 208
 277 102 231
 275 249 262
 201 162 123
 287 295 288
 40 257 185
 270 139 245
 157 161 219
 276 219 161
 136 279 218
 316 255 307
 166 307 255
 256 120 311
 119 240 120
 58 269 264
 302 264 269
 135 29 322
 45 322 29
 149 281 81
 155 218 279
 83 310 53
 169 209 75
 74 75 209
 193 124 11
 316 323 315
 147 315 323
 217 88 115
 65 192 233
 63 310 190
 222 234 207
 48 207 234
 76 265 289
 304 296 87
 144 214 286
 155 121 156
 39 156 121
 298 289 265
 287 87 296
 24 266 261
 220 244 267
 229 189 230
 223 225 274
 18 274 225
 294 242 231
 177 306 324
 135 208 30
 97 286 214
 304 168 296
 21 320 54
 174 46 234
 229 241 263
 206 263 241
 313 253 314
 175 191 230
 300 246 325
 16 92 290
 116 290 92
 229 263 189
 24 261 318
 0 235 17
 86 288 326
 73 326 288
 144 286 192
 64 252 145
 63 272 310
 285 179 200
 48 234 46
 294 292 242
 327 261 260
 133 239 265
 294 102 101
 22 310 272
 18 282 19
 298 265 239
 177 324 164
 304 126 305
 256 8 7
 248 301 260
 222 105 328
 104 328 105
 166 168 307
 285 251 179
 104 93 328
 103 328 93
 135 322 326
 86 326 322
 51 185 38
 276 164 324
 9 139 325
 300 325 139
 304 87 100
 302 269 268
 83 243 188
 127 311 240
 120 240 311
 250 163 199
 180 183 292
 97 291 286
 86 322 43
 45 43 322
 31 162 32
 201 32 162
 58 224 269
 298 108 289
 169 212 211
 147 323 126
 327 318 261
 22 272 210
 74 209 184
 76 289 202
 222 328 321
 103 321 328
 302 268 284
 103 232 321
 178 321 232
 14 245 139
 127 240 128
 304 100 126
 42 126 100
 73 208 326
 146 273 274
 223 274 273
 73 295 4
 144 183 214
 15 17 235
 22 53 310
 327 319 318
 223 273 268
 134 247 281
 126 323 305
 114 233 200
 275 262 228
 68 228 262
 175 230 189
 206 241 252
 180 214 183
 9 325 107
 246 107 325
 298 238 108
 39 108 238
 73 288 295
 299 309 236
 277 230 191
 294 231 102
 276 324 219
 316 307 305
 135 326 208
 306 219 324
 237 236 309
 187 189 263
 316 305 323
 0
 0
 0
 0
 0
 0
 5
 45 147 44 315 125
 11
 45 1 297 28 16 26 213 29 290 17 2
 0
 0
 0
 0
 8
 297 317 75 170 320 165 54 319
 18
 327 275 226 204 12 106 60 109 249 280 19 271 260 301 259 282 278 319
 10
 94 130 96 90 60 59 283 264 284 303
 0
 0
 0
 0
 0
 0
 0
 0
