334 595
8.136876 4.213919 1
8.233779 4.208621 1
8.197956 4.353964 1
8.043000 4.266956 1
8.283409 4.508610 1
8.329446 4.403931 1
8.401311 4.564542 1
8.446996 4.428215 2
6.849532 3.776139 1
6.800718 3.652420 1
6.911029 3.660890 1
6.810746 4.185935 1
6.771570 4.326343 1
6.666837 4.183290 1
6.642293 4.299617 1
6.070206 3.682619 1
6.214737 3.731762 1
6.058446 3.837669 1
6.213589 3.874769 1
7.340687 3.445907 1
7.209900 3.518409 1
7.257548 3.368222 1
6.690095 3.368343 1
6.610770 3.517084 1
6.571198 3.370148 2
6.771995 3.451471 1
5.977030 3.962249 1
5.876711 3.891672 1
8.363518 4.296433 2
7.474355 3.948735 1
7.362502 3.998096 1
7.354558 3.843473 1
7.787800 3.842246 1
7.717743 3.712051 1
7.853895 3.704172 1
6.765488 4.794387 1
6.921344 4.852563 1
6.792965 4.944991 1
7.147572 3.390509 1
5.957494 3.764695 1
7.258852 3.938286 1
7.507003 3.833107 1
6.506629 3.889209 1
6.371160 3.918404 1
6.453152 3.767231 1
7.248505 4.062547 1
6.967904 3.287072 1
7.032102 3.373044 1
6.923911 3.405792 1
7.020362 3.486349 1
7.432907 3.754267 1
7.680612 4.592384 1
7.803439 4.691078 1
7.654087 4.696296 1
7.793516 4.580345 1
7.695964 5.158335 1
7.704840 4.993128 1
7.798072 5.105775 1
7.488338 5.133633 1
7.391780 5.076591 1
7.464369 4.987767 1
7.435950 4.462722 1
7.340311 4.526483 1
7.320731 4.347878 1
7.238105 4.475309 1
6.733642 3.740400 1
7.908357 4.798086 1
7.962013 4.663584 1
6.747306 3.560399 1
6.880623 3.544763 1
7.733526 5.338585 3
7.612352 5.241457 2
7.774418 5.233129 1
8.348732 4.179103 1
8.499805 4.198955 2
6.764845 5.204879 2
6.863762 5.336168 2
6.685428 5.362820 3
6.712580 3.932482 1
6.708884 4.073019 1
6.595653 3.964163 1
6.999556 4.038641 1
7.132358 4.123266 1
7.014201 4.188108 1
6.315060 3.798978 1
7.007150 3.739095 1
7.719899 4.769942 1
7.677336 4.871897 1
7.584693 4.797374 1
6.946815 5.205117 1
7.145138 4.312762 1
7.234975 4.226376 1
7.226786 4.375290 1
7.481462 4.203020 1
7.581713 4.284287 1
7.450148 4.327531 1
7.550530 3.698022 1
7.434972 3.621327 1
6.136762 4.092844 1
6.245292 4.146565 1
6.110779 4.221756 2
6.244764 4.271516 2
7.107476 3.549114 1
5.546039 4.041147 2
5.645875 3.954549 2
5.657291 4.098102 1
7.590600 4.173781 1
6.740088 4.479023 1
6.844259 4.575675 1
6.694670 4.607204 1
8.134847 3.534906 1
8.141157 3.688168 1
7.999675 3.667001 1
6.840518 4.024195 1
6.958953 3.898711 1
8.119693 3.335945 1
8.203995 3.214273 3
8.225669 3.402265 2
6.970466 5.038136 1
7.072138 5.117852 1
6.584668 4.109902 1
7.901470 4.551707 1
8.142313 4.540506 1
8.164438 4.105258 1
8.303850 4.077287 1
6.933664 4.371037 1
7.087327 4.451959 1
6.923322 4.490115 1
7.486845 3.218712 2
7.466652 3.355587 1
7.330201 3.277953 1
7.940942 4.044223 1
7.829739 4.154537 1
7.810811 3.992948 1
7.683034 4.079422 1
6.621573 3.804765 1
6.669802 3.646270 1
5.938301 3.649847 2
6.056940 3.532387 3
6.560232 3.675211 1
7.589087 5.067315 1
6.726094 5.043987 2
6.687865 4.905247 2
8.014758 5.026240 2
7.912322 5.070052 1
7.905993 4.939065 1
7.236230 4.640737 1
7.919750 3.793797 1
8.010725 4.891712 1
7.646689 3.834103 1
7.589310 3.951665 1
7.076392 4.822713 1
7.184811 4.897837 1
7.085773 4.974476 1
7.355974 4.133937 1
7.511289 4.077076 1
8.280723 3.514709 2
6.631879 4.698171 1
6.770990 4.672834 1
7.819833 4.993639 1
7.592319 3.433949 1
7.679657 3.570265 1
7.536464 3.555036 1
7.136845 4.570757 1
8.140535 3.900856 1
8.224384 3.983773 1
8.077665 4.032224 1
8.044079 3.806587 1
8.028935 3.941008 1
6.635351 4.809585 1
7.293615 4.802448 1
7.301553 4.971611 1
7.381545 4.884879 1
6.848817 5.063982 1
8.535851 4.550630 2
7.670146 4.365158 1
7.547561 4.413340 1
8.261129 3.719571 1
8.343011 3.622439 2
8.418548 3.747811 2
7.315815 3.590630 1
6.822093 3.892826 1
8.068411 4.410639 1
7.845436 3.518463 1
7.950570 3.409978 1
7.993028 3.524222 1
6.908397 4.961698 1
7.179577 3.233610 1
7.052512 3.196591 2
7.173300 3.083775 2
8.224896 3.609948 1
6.506563 4.665459 1
6.403944 4.719996 2
6.436944 4.559677 2
6.012780 4.101611 1
8.426278 4.109686 2
5.754136 3.997911 1
5.877999 4.044163 1
7.640458 4.476840 1
7.769440 4.469009 1
8.040832 4.749102 1
7.250711 3.717463 1
7.357793 3.705432 1
6.485501 4.018254 1
6.366496 4.075804 1
8.281182 3.844628 1
8.184880 3.793109 1
7.032129 4.300321 1
7.924122 3.904215 1
6.815573 3.308843 1
7.259796 3.145880 1
5.986840 4.235795 2
7.190773 5.054635 1
6.207385 3.602029 2
6.917846 4.123974 1
8.045205 4.134794 1
7.949552 4.167972 1
6.748885 3.832602 1
7.739520 3.436522 1
7.909980 4.274614 1
6.644121 4.409723 1
7.124539 3.959820 1
7.010106 4.599801 1
5.748894 3.857811 2
6.460124 3.478721 2
8.432581 3.883755 2
7.879289 3.139514 2
7.888206 3.296390 1
7.778308 3.199289 1
7.544069 4.540211 1
7.431479 4.611162 1
7.543818 4.675114 1
7.428025 4.762900 1
7.184696 3.631456 1
6.900465 4.703477 1
7.447333 3.485706 1
7.110127 4.224920 1
7.801664 4.312671 1
6.103865 3.968939 1
7.579435 4.927200 1
6.455020 3.605576 1
7.839534 3.393071 1
7.204153 3.827495 1
7.083027 3.295975 1
7.971704 3.223093 1
6.692377 3.259622 2
5.654665 4.222553 2
5.770917 4.139910 1
5.793844 4.270030 2
8.508940 4.682758 2
7.080760 3.837439 1
7.151046 3.739827 1
7.082345 3.659046 1
6.248830 4.009155 1
7.387219 5.170876 1
6.330319 3.680072 1
6.346057 3.572299 2
7.695502 4.225101 1
7.871242 4.409590 1
8.161983 4.972324 2
8.117463 4.823249 1
7.008394 4.908817 1
7.363416 3.152739 2
7.009689 4.730780 1
7.348605 4.683610 1
7.175807 4.768098 1
6.634635 4.507141 1
7.706547 3.940217 1
8.336599 3.943409 1
7.180489 5.198416 2
8.164157 4.693324 1
7.971057 4.363525 1
7.291842 5.136604 1
7.787888 3.623500 1
6.332431 4.471969 2
6.441395 4.412462 1
7.657597 3.226219 2
7.574619 3.319385 1
6.839843 4.438451 1
7.797813 4.871843 1
8.079580 3.432795 1
7.112457 4.685982 1
7.348937 4.244239 1
5.843804 3.761670 2
5.549659 4.177384 2
8.263885 4.623531 1
7.907538 3.607256 1
6.557072 4.237191 1
6.475811 4.160089 1
8.066018 4.637471 1
8.230309 4.827884 1
8.295834 4.735635 1
5.889726 4.184255 1
8.397052 4.694332 1
7.773939 3.304002 1
7.730455 3.088658 2
7.443591 5.267010 2
6.999979 3.608918 1
8.282659 4.921088 2
5.904289 4.310095 2
6.897636 3.204002 2
7.672304 3.346754 1
7.310883 3.038144 2
7.059162 5.227658 2
6.568055 4.580277 1
8.020779 4.540840 1
6.542387 4.470530 1
8.469175 4.823543 3
8.350130 4.829906 1
8.022291 5.169083 2
7.890661 5.195217 1
6.784701 3.180450 2
7.320543 5.240543 1
7.316336 5.349784 2
6.903252 4.256149 1
8.388100 4.946356 2
6.354817 4.210866 1
7.001209 5.322127 2
5.560513 4.315344 3
7.968187 4.453945 1
8.004569 3.123369 2
6.527680 4.768586 1
6.458292 4.860746 2
6.453289 4.285913 1
7.487613 4.872024 1
8.019016 3.320478 1
6.345994 4.337882 2
8.075289 3.231018 2
7.858644 5.299185 2
7.224258 5.305674 2
8.420769 4.007967 2
7.976167 5.274621 2
6.546760 4.352573 1
6.561650 4.911911 2
 0 1 2
 3 0 2
 4 5 6
 5 7 6
 8 9 10
 11 12 13
 14 13 12
 15 16 17
 18 17 16
 19 20 21
 22 23 24
 22 25 23
 26 27 17
 28 2 1
 29 30 31
 32 33 34
 35 36 37
 20 38 21
 17 27 39
 31 30 40
 29 31 41
 42 43 44
 45 40 30
 46 47 48
 49 48 47
 31 50 41
 51 52 53
 54 52 51
 55 56 57
 58 59 60
 61 62 63
 64 63 62
 8 65 9
 66 52 67
 68 25 69
 70 71 72
 28 73 74
 75 76 77
 48 69 25
 78 79 80
 81 82 83
 43 84 44
 8 10 85
 86 87 88
 75 89 76
 90 91 92
 68 69 9
 93 94 95
 96 50 97
 98 99 100
 101 100 99
 91 63 92
 20 102 38
 49 38 102
 103 104 105
 93 106 94
 107 108 109
 110 111 112
 81 113 114
 115 116 117
 86 88 53
 118 119 89
 120 80 79
 67 52 121
 122 2 4
 123 124 1
 125 126 127
 128 129 130
 19 130 129
 131 132 133
 134 133 132
 65 135 136
 15 137 138
 136 135 139
 58 60 140
 37 141 142
 143 144 145
 35 37 142
 146 64 62
 32 34 147
 143 145 148
 149 150 41
 151 152 153
 154 30 155
 110 117 156
 35 157 158
 159 57 56
 160 161 162
 96 162 161
 139 135 44
 146 163 64
 164 165 166
 167 164 168
 93 154 155
 167 147 112
 34 112 147
 55 72 71
 49 69 48
 35 169 157
 109 158 157
 41 150 29
 152 170 171
 171 170 172
 75 173 89
 96 97 162
 6 7 174
 94 175 176
 177 178 179
 118 89 173
 19 180 20
 113 181 114
 45 91 82
 122 182 2
 183 184 185
 37 186 173
 54 121 52
 187 188 189
 110 190 111
 191 192 193
 98 100 194
 55 140 56
 195 74 73
 196 27 197
 198 199 51
 54 51 199
 187 130 21
 66 67 200
 78 113 79
 68 23 25
 164 166 168
 37 173 141
 59 171 60
 171 172 60
 187 21 38
 201 202 31
 42 203 43
 204 43 203
 177 179 205
 167 206 164
 1 124 73
 125 207 126
 32 208 133
 131 133 208
 96 161 33
 58 140 71
 55 71 140
 46 48 209
 187 210 130
 3 2 182
 42 44 135
 28 5 2
 198 176 175
 22 209 25
 100 211 194
 212 153 152
 15 138 213
 123 166 165
 110 156 190
 81 83 214
 10 9 69
 215 3 216
 8 217 65
 183 161 218
 160 218 161
 216 3 219
 35 142 169
 14 12 220
 81 221 82
 222 127 126
 196 105 104
 196 223 27
 224 24 23
 179 225 205
 226 227 228
 61 63 95
 61 229 230
 32 149 33
 96 33 149
 107 220 12
 231 232 230
 201 233 180
 222 234 108
 35 234 36
 201 180 202
 97 180 235
 90 236 91
 237 132 219
 18 238 17
 26 17 238
 239 88 87
 224 23 240
 139 240 23
 183 241 184
 201 31 242
 187 38 243
 244 227 226
 45 154 91
 22 24 245
 48 25 209
 31 202 50
 246 247 248
 6 174 249
 250 85 251
 252 251 85
 18 43 253
 58 254 59
 139 44 240
 255 240 44
 86 53 52
 45 82 221
 224 240 256
 134 132 257
 231 230 229
 199 258 121
 143 148 259
 260 259 148
 19 21 130
 151 153 261
 15 17 39
 128 130 262
 255 16 213
 167 168 208
 151 36 263
 230 264 62
 18 253 238
 264 146 62
 204 253 43
 151 265 152
 107 109 266
 22 245 209
 134 267 133
 32 147 208
 19 235 180
 268 205 225
 212 269 119
 222 126 163
 212 152 171
 54 199 121
 172 170 232
 260 200 270
 29 155 30
 237 219 258
 212 119 153
 255 213 256
 118 173 186
 98 238 253
 219 271 258
 212 171 272
 81 214 113
 11 113 214
 167 112 111
 11 79 113
 250 221 114
 81 114 221
 183 273 161
 250 242 221
 78 181 113
 274 275 193
 128 276 277
 107 278 108
 160 235 129
 131 208 168
 59 272 171
 237 257 132
 29 150 155
 131 216 132
 130 210 262
 34 33 273
 94 176 95
 66 279 52
 86 52 279
 98 194 238
 26 238 194
 134 150 267
 64 126 92
 90 92 126
 49 47 38
 36 234 263
 110 280 117
 128 277 129
 96 149 41
 37 36 186
 134 155 150
 222 163 281
 63 282 95
 283 39 27
 118 153 119
 246 284 105
 6 285 4
 15 39 137
 183 185 286
 120 287 288
 91 236 82
 270 200 289
 103 105 284
 110 112 185
 221 242 40
 120 13 287
 122 4 285
 90 126 207
 260 270 290
 291 290 270
 109 108 158
 292 197 194
 6 293 285
 32 267 149
 97 235 162
 294 276 228
 295 228 276
 93 155 106
 96 41 50
 58 71 296
 167 111 206
 239 140 60
 260 148 200
 66 200 148
 160 162 235
 61 230 62
 10 297 85
 260 290 259
 298 259 290
 8 114 181
 252 85 297
 204 203 288
 120 288 203
 198 51 229
 231 229 51
 34 286 112
 26 194 197
 18 84 43
 134 257 106
 28 1 73
 292 211 299
 231 53 88
 222 108 127
 122 285 270
 46 300 188
 123 1 0
 8 85 114
 250 114 85
 294 301 276
 20 180 233
 302 210 189
 119 269 303
 64 92 63
 187 189 210
 91 282 63
 151 261 36
 292 299 248
 109 157 304
 45 30 154
 122 305 182
 255 44 84
 306 193 275
 292 247 197
 28 7 5
 268 165 205
 75 141 173
 64 163 126
 97 202 180
 26 197 27
 146 281 163
 307 308 293
 94 106 257
 108 278 127
 143 309 144
 310 144 309
 311 209 245
 196 197 247
 32 133 267
 294 228 227
 159 56 279
 98 253 99
 204 99 253
 160 129 277
 152 265 170
 292 248 247
 19 129 235
 66 148 145
 93 95 282
 164 205 165
 222 263 234
 61 176 229
 115 117 280
 35 158 234
 108 234 158
 312 296 313
 125 12 314
 11 314 12
 149 267 150
 97 50 202
 42 135 80
 78 80 135
 2 5 4
 146 265 281
 222 281 263
 292 194 211
 68 136 23
 139 23 136
 307 315 308
 232 170 264
 204 288 316
 177 111 190
 89 317 76
 307 293 249
 161 273 33
 246 318 284
 109 304 266
 319 121 258
 291 285 293
 279 56 87
 167 208 147
 244 226 320
 15 213 16
 191 321 192
 322 192 321
 134 106 155
 146 170 265
 101 99 316
 283 137 39
 18 16 84
 246 105 247
 83 82 236
 319 182 305
 323 316 288
 237 199 175
 198 175 199
 204 316 99
 231 88 232
 118 261 153
 11 13 79
 196 247 105
 159 145 144
 172 232 324
 83 207 314
 125 314 207
 255 84 16
 291 270 285
 67 289 200
 120 203 80
 125 278 12
 198 229 176
 239 56 140
 191 304 157
 291 293 308
 66 145 279
 107 12 278
 195 73 124
 131 168 166
 151 281 265
 89 119 303
 283 27 223
 294 241 218
 184 325 280
 230 232 264
 123 0 215
 131 166 215
 83 314 214
 11 214 314
 151 263 281
 268 124 165
 112 286 185
 118 186 261
 239 60 324
 3 271 219
 312 269 272
 212 272 269
 183 218 241
 191 193 304
 306 304 193
 122 270 289
 184 280 185
 231 51 53
 156 178 190
 101 316 326
 244 320 327
 146 264 170
 132 216 219
 70 72 328
 295 226 228
 45 221 40
 61 95 176
 42 80 203
 94 257 175
 237 175 257
 323 288 287
 6 249 293
 65 217 135
 78 135 217
 196 104 223
 302 262 210
 68 9 136
 65 136 9
 115 327 116
 159 144 57
 310 57 144
 244 325 227
 312 329 269
 323 275 326
 274 326 275
 160 301 218
 195 124 330
 268 330 124
 131 215 216
 3 182 271
 46 188 243
 294 218 301
 14 287 13
 310 309 331
 311 300 209
 55 57 72
 310 72 57
 255 256 240
 46 243 47
 123 215 166
 3 215 0
 184 227 325
 123 165 124
 159 279 145
 276 301 277
 177 190 178
 323 326 316
 172 324 60
 232 88 324
 319 271 182
 237 258 199
 268 225 330
 177 206 111
 14 220 332
 14 332 287
 239 324 88
 120 79 13
 115 280 325
 46 209 300
 58 296 254
 312 254 296
 294 227 241
 169 333 321
 322 321 333
 250 251 242
 319 258 271
 107 266 220
 306 220 266
 183 286 273
 34 273 286
 36 261 186
 125 127 278
 298 308 315
 86 279 87
 110 185 280
 298 290 308
 291 308 290
 169 142 333
 8 181 217
 83 236 207
 90 207 236
 67 121 305
 319 305 121
 184 241 227
 310 331 328
 201 242 251
 89 303 317
 312 313 329
 306 332 220
 306 275 332
 323 287 332
 323 332 275
 31 40 242
 160 277 301
 187 243 188
 239 87 56
 177 205 206
 59 254 272
 10 69 297
 49 297 69
 38 47 243
 312 272 254
 191 157 321
 169 321 157
 164 206 205
 252 102 233
 310 328 72
 244 327 325
 78 217 181
 91 154 282
 93 282 154
 306 266 304
 20 233 102
 115 325 327
 252 297 102
 122 289 305
 67 305 289
 252 233 251
 49 102 297
 201 251 233
 0
 14
 28 307 195 156 179 7 174 249 116 117 178 74 225 330
 0
 19
 224 128 311 295 302 189 276 138 226 116 24 262 213 188 327 300 245 320 256
 0
 17
 75 246 101 322 274 77 100 192 141 193 318 248 142 326 333 211 299
 0
 0
 0
 10
 70 77 76 269 296 71 317 313 329 303
 9
 70 143 307 298 259 309 331 315 328
 0
 0
 0
 0
 0
 0
 0
 0
 0
 0
 8
 283 103 138 137 223 284 318 104
 0
