330 590
1.945885 5.835670 1
1.933685 5.698942 3
2.064463 5.800741 2
1.597471 5.537529 1
1.534143 5.440955 2
1.696365 5.417908 2
1.470755 6.498024 1
1.542161 6.396385 1
1.577821 6.558721 1
1.659293 6.444950 1
0.510559 7.108503 1
0.395163 7.165545 1
0.409375 7.016966 1
1.556666 6.985476 1
1.596790 6.824622 1
1.680047 6.992041 1
1.753950 6.896599 1
1.723917 5.896436 1
1.803463 6.010889 1
1.660720 6.017687 1
1.720692 6.157330 1
1.512895 5.982413 1
1.443898 6.091654 1
1.365815 5.952167 1
1.321293 6.079159 1
0.559112 6.615945 1
0.663739 6.708256 1
0.514937 6.747599 1
1.786778 7.275660 2
1.674321 7.205916 1
1.840102 7.137749 2
0.812300 7.631135 1
0.853759 7.789952 2
0.733534 7.748320 1
0.540023 7.005441 1
0.304373 6.188498 1
0.458075 6.124873 2
0.439970 6.285912 1
1.998426 6.103631 1
2.107111 6.010770 2
2.088281 6.169971 2
0.000000 6.805555 0
0.124206 6.674959 1
0.168758 6.780949 1
0.354021 7.393651 1
0.435442 7.313666 1
0.446700 7.459182 1
1.696916 6.314753 1
1.592284 6.279613 1
1.954613 6.582535 1
2.088911 6.516935 2
2.038125 6.684228 2
0.402159 6.651262 1
0.578731 7.660341 1
0.448479 7.727332 2
0.515410 7.559653 1
0.400869 7.591715 1
1.590164 6.121782 1
1.551207 7.285677 1
1.564610 7.186412 1
1.590732 7.730081 1
1.716652 7.782197 1
1.610746 7.862753 1
1.904055 7.879086 1
1.837587 7.992599 1
1.796929 7.883687 1
1.630993 7.365955 1
1.716988 6.784972 1
0.849315 6.312347 1
0.956951 6.196434 1
0.972829 6.363189 1
1.961229 7.996693 1
0.607504 6.824253 1
0.247466 7.171700 1
0.311634 7.287780 1
0.190436 7.302215 1
1.499858 7.947772 2
1.398136 7.838314 2
1.500886 7.797293 1
0.950514 7.675474 2
1.264026 5.770383 1
1.328080 5.670756 1
1.360249 5.814812 1
0.124253 7.204134 1
0.833166 6.086993 1
0.965494 6.052625 1
1.098112 6.129204 1
1.258960 7.182138 1
1.125977 7.093374 1
1.247292 7.029595 1
1.687510 7.652841 1
1.118547 7.236432 1
0.555792 6.480118 1
0.661663 6.433148 1
0.692328 6.567451 1
0.738248 7.897949 2
0.604607 7.778429 2
0.000000 7.777778 0
0.000000 7.638889 0
0.155138 7.724136 1
0.553257 7.346814 1
0.094249 7.569445 1
1.730406 7.084311 1
0.596528 6.329490 1
0.575201 6.206668 1
1.189196 5.700500 1
1.463800 6.891809 1
1.819209 5.788214 1
1.783377 6.277089 1
1.249943 5.883609 1
0.323862 6.067037 2
0.000000 6.666667 0
1.126392 6.947610 1
0.987395 6.885596 1
1.114545 6.819599 1
1.015840 6.738435 1
0.283384 7.047626 1
1.346684 6.950495 1
1.439220 7.024059 1
1.345919 7.083216 1
0.751689 6.471792 1
0.465655 6.555604 1
0.886363 6.750875 1
1.051319 6.259661 1
1.266389 7.642892 1
1.177508 7.507638 1
1.326424 7.547935 1
0.972894 5.614025 2
1.073092 5.746907 1
0.953502 5.786160 2
1.210548 6.020026 1
0.371069 6.795438 1
1.283737 7.430814 1
1.204557 7.331199 1
1.070193 6.356997 1
1.158510 6.252482 1
1.198241 6.407594 1
1.288719 6.310036 1
0.732483 6.352259 1
0.721417 6.205487 1
2.079071 7.912491 1
2.120774 7.803924 2
2.198971 7.963866 2
2.006415 7.842937 1
0.960186 5.918945 1
1.060478 5.867939 1
1.075357 5.997949 1
0.997649 7.156612 1
0.906328 7.288684 1
0.844803 7.132699 1
1.390459 7.691524 1
1.501852 7.678027 1
0.739847 7.167933 1
0.668488 7.268610 1
0.630688 7.118028 1
1.090806 7.389845 1
1.371875 6.417456 1
1.438828 6.301654 1
1.884973 6.114752 1
0.270356 6.722905 1
0.241087 6.594317 1
0.756333 7.376606 1
0.669728 7.526626 1
0.642332 7.395194 1
0.840212 6.200315 1
0.532266 7.220194 1
0.563854 7.457312 1
1.944062 6.806640 1
2.054027 6.924795 2
1.886681 6.919601 2
0.000000 7.361111 0
0.081500 7.298603 1
0.115371 7.430360 1
0.208464 7.574777 1
0.250566 7.417533 1
2.126284 8.081773 2
2.057845 8.012397 1
0.323471 7.516419 1
0.362887 6.551648 1
0.814496 7.491768 1
1.106314 5.636593 1
1.959572 5.977446 1
1.241030 6.163182 1
1.368997 6.188184 1
1.492842 5.722325 1
0.000000 7.500000 0
1.862262 6.226519 1
1.912050 6.310066 1
1.203689 5.589727 1
0.481959 6.387649 1
0.311214 6.299680 1
0.113225 6.883154 1
1.978818 6.434281 1
1.599322 5.826808 1
1.484004 5.872913 1
1.854272 5.900525 1
1.853078 6.394500 1
0.000000 7.083333 0
0.141202 7.079720 1
1.758602 5.662060 1
1.720629 5.535300 1
1.859047 5.557207 2
1.364042 6.804653 1
1.751417 7.973350 1
0.790186 7.268943 1
0.302012 7.781382 2
0.303171 7.658401 1
0.000000 7.222222 0
0.755263 5.973875 2
0.867131 5.978233 1
1.490665 6.790922 1
0.957793 6.520961 1
1.070850 6.471199 1
1.860916 8.142054 3
2.010645 8.122132 2
0.717251 6.064655 1
1.753081 6.410414 1
1.155098 7.636156 1
1.762708 6.517904 1
1.701525 6.607427 1
0.929986 7.017158 1
0.862778 6.878037 1
0.804398 6.970953 1
0.115023 7.874085 2
1.495888 6.199917 1
1.333971 6.646914 1
1.205009 6.635832 1
1.276242 6.520332 1
0.930958 7.556477 1
1.463472 7.365602 1
1.532278 7.479693 1
1.108239 5.522227 2
1.235183 5.467110 2
0.664117 6.992033 1
0.692460 6.894339 1
0.768840 6.814992 1
0.799684 6.671224 1
0.323504 6.922027 1
0.479855 6.892079 1
0.736771 7.076329 1
1.040813 7.011794 1
1.383168 6.525343 1
1.478751 6.592216 1
1.444627 6.706367 1
1.675653 7.515348 1
1.761743 7.409687 2
1.793636 7.572269 2
0.235199 7.868153 2
1.334587 7.310613 1
1.812431 5.456323 2
1.458034 5.570761 1
1.319570 5.547248 1
1.372863 5.437885 2
0.920541 7.459746 1
1.396366 7.460019 1
1.632814 5.711406 1
1.976478 7.746914 2
1.021153 7.292825 1
0.683349 7.644981 1
1.288095 7.776429 2
1.146914 7.747867 2
0.849335 6.431480 1
2.078305 6.379520 2
0.831033 6.551325 1
1.236438 6.883706 1
0.821548 5.858727 2
0.605128 6.093863 2
1.164663 6.531327 1
1.860227 6.496627 1
1.451279 7.567094 1
0.352246 6.389323 1
1.542193 6.684094 1
0.000000 6.250000 0
0.144028 6.180555 2
0.114363 6.303110 1
0.215323 6.379928 1
0.286639 6.485198 1
0.145565 6.498655 1
0.000000 6.527778 0
0.101550 6.405153 1
0.201777 6.955204 1
0.241448 6.843279 1
1.644509 6.699808 1
1.456548 7.228272 1
1.516216 7.100515 1
1.147493 5.921739 1
1.598852 5.928372 1
2.060019 6.808969 2
0.000000 6.388889 0
1.708726 5.785487 1
0.220797 6.099459 2
2.021545 6.303704 1
0.217860 6.270355 1
1.226046 6.755610 1
1.420698 7.120935 1
1.071071 6.610753 1
1.128930 6.714970 1
2.139534 5.880462 2
2.043949 5.901158 1
0.084081 6.578643 1
1.575904 7.604143 1
1.642432 7.990613 2
0.935367 6.645044 1
1.750976 8.080727 2
0.418895 6.471860 1
0.000000 6.944445 0
0.093535 6.987447 1
1.703635 7.898520 1
1.824299 6.803420 1
1.031805 7.484908 1
1.056095 7.595831 1
1.888285 6.699817 1
1.765391 6.700409 1
1.363342 7.185035 1
0.981706 7.387838 1
0.857799 7.383876 1
1.842852 7.773014 1
1.878363 7.667325 2
0.575413 6.917888 1
1.811099 7.010266 2
1.823849 6.603411 1
1.556930 5.627866 1
1.782536 7.690072 1
1.164038 5.815179 1
1.654394 5.613462 1
1.049190 7.700259 2
1.623212 7.089769 1
2.138969 6.287920 2
0.633783 5.986217 2
1.962033 6.206042 1
 0 1 2
 3 4 5
 6 7 8
 8 7 9
 10 11 12
 13 14 15
 16 15 14
 17 18 19
 20 19 18
 21 22 23
 24 23 22
 25 26 27
 28 29 30
 31 32 33
 10 12 34
 35 36 37
 38 39 40
 41 42 43
 44 45 46
 20 47 48
 49 50 51
 25 27 52
 53 54 55
 56 55 54
 20 48 57
 58 59 29
 60 61 62
 63 64 65
 66 58 29
 16 14 67
 68 69 70
 63 71 64
 72 27 26
 73 74 75
 76 77 78
 31 79 32
 80 81 82
 73 75 83
 84 85 69
 86 69 85
 87 88 89
 60 90 61
 87 91 88
 92 93 94
 95 96 33
 97 98 99
 45 100 46
 98 101 99
 102 30 29
 103 37 104
 80 105 81
 28 66 29
 13 106 14
 0 107 1
 95 33 32
 20 108 47
 82 109 80
 23 109 82
 35 110 36
 44 74 45
 41 111 42
 112 113 114
 115 114 113
 12 11 116
 117 118 119
 117 119 89
 120 94 93
 25 52 121
 115 113 122
 69 123 70
 124 125 126
 127 128 129
 24 130 23
 131 52 27
 25 92 94
 132 125 133
 134 135 136
 137 136 135
 68 138 139
 140 141 142
 63 143 71
 140 71 143
 144 145 146
 147 148 149
 150 151 78
 152 153 154
 155 133 125
 144 146 85
 7 156 157
 20 18 158
 7 6 156
 131 159 52
 160 52 159
 161 162 163
 73 116 11
 68 139 164
 21 57 22
 153 165 154
 53 55 162
 166 162 55
 167 168 169
 170 171 172
 77 150 78
 173 172 174
 175 176 142
 173 174 177
 160 178 52
 161 179 162
 173 99 101
 140 142 176
 127 180 128
 38 158 181
 137 182 183
 18 181 158
 184 82 81
 185 170 172
 186 187 108
 137 135 182
 188 81 105
 103 189 37
 47 9 48
 48 9 7
 35 37 190
 41 43 191
 86 123 69
 49 192 50
 184 193 194
 17 195 18
 187 196 108
 197 198 83
 199 200 201
 117 202 106
 203 65 64
 148 204 149
 205 99 206
 173 206 99
 199 201 1
 207 197 83
 84 208 209
 106 202 210
 211 70 212
 213 71 214
 84 215 208
 0 195 107
 21 19 57
 196 216 108
 124 217 125
 20 158 186
 87 133 91
 218 219 9
 113 220 221
 222 221 220
 97 99 223
 219 8 9
 21 23 194
 84 69 164
 68 164 69
 37 36 104
 166 46 100
 112 89 88
 224 183 22
 199 1 107
 53 96 54
 38 181 39
 225 226 227
 31 179 228
 147 88 91
 60 78 151
 229 66 230
 188 231 232
 222 233 234
 72 26 235
 236 235 26
 12 237 238
 131 238 237
 222 239 233
 132 126 125
 75 172 171
 161 153 204
 152 204 153
 112 240 113
 241 242 225
 243 225 242
 222 220 149
 103 139 138
 140 176 71
 184 194 82
 20 186 108
 244 245 246
 205 247 99
 205 206 54
 56 54 206
 87 248 133
 137 156 136
 249 201 200
 184 81 250
 244 66 245
 28 245 66
 250 251 252
 81 251 250
 253 228 179
 166 163 162
 132 248 254
 229 254 248
 222 149 239
 229 230 254
 184 255 193
 236 122 235
 256 141 143
 147 257 148
 43 42 159
 160 159 42
 31 33 258
 124 259 260
 68 261 138
 120 138 261
 47 108 216
 50 192 262
 45 74 11
 136 156 227
 244 230 66
 224 57 48
 224 157 183
 120 263 94
 112 264 89
 117 89 264
 144 265 129
 213 64 71
 84 139 215
 266 215 139
 241 225 227
 84 164 139
 196 187 192
 267 227 226
 196 192 268
 266 139 104
 103 104 139
 31 258 162
 222 234 235
 131 27 238
 188 251 81
 31 162 179
 113 221 122
 86 135 123
 269 254 230
 37 189 270
 53 162 258
 147 91 257
 14 210 271
 224 48 157
 7 157 48
 272 273 274
 222 235 221
 275 276 277
 160 277 276
 278 279 277
 280 191 281
 134 212 70
 14 271 282
 147 240 88
 229 58 66
 99 247 223
 211 261 70
 59 283 284
 285 146 145
 72 235 234
 76 78 62
 17 286 193
 269 150 126
 224 22 57
 73 83 198
 167 287 168
 155 91 133
 72 238 27
 278 288 279
 17 193 289
 75 74 174
 147 220 240
 273 290 35
 291 192 187
 292 273 35
 293 225 202
 243 202 225
 233 154 34
 10 34 154
 294 284 283
 43 281 191
 24 22 183
 229 248 283
 267 226 295
 124 126 150
 49 268 192
 295 226 296
 73 11 74
 44 174 74
 161 163 153
 23 130 109
 134 70 123
 132 133 248
 45 11 165
 10 165 11
 84 209 85
 144 85 209
 236 94 263
 297 39 298
 160 299 277
 288 272 274
 17 19 286
 8 242 6
 218 216 268
 155 257 91
 244 90 300
 76 62 301
 17 107 195
 152 149 204
 10 154 165
 18 195 181
 124 260 217
 196 268 216
 280 116 198
 73 198 116
 134 136 212
 267 212 136
 293 202 264
 117 264 202
 3 5 200
 86 85 146
 236 302 122
 53 258 96
 33 96 258
 203 303 301
 304 270 189
 0 181 195
 199 107 289
 12 238 34
 21 286 19
 244 246 90
 199 289 255
 244 300 230
 20 57 19
 120 261 263
 103 92 189
 160 42 299
 37 270 190
 160 276 178
 243 210 202
 304 92 121
 25 121 92
 87 89 119
 236 263 302
 77 259 150
 124 150 259
 24 183 182
 23 82 194
 305 41 191
 173 101 172
 185 172 101
 285 130 146
 86 146 130
 147 149 220
 113 240 220
 269 230 300
 197 306 198
 112 114 264
 293 264 114
 60 300 90
 208 265 209
 266 104 36
 31 228 79
 197 305 306
 56 177 46
 294 119 118
 86 182 135
 137 157 156
 137 183 157
 211 212 295
 267 295 212
 60 62 78
 61 307 62
 16 308 169
 167 169 308
 252 4 250
 193 255 289
 39 181 298
 155 125 309
 310 309 125
 127 231 180
 291 262 192
 275 277 279
 304 189 92
 103 93 92
 13 118 106
 86 130 182
 24 182 130
 167 308 311
 312 311 308
 75 174 172
 241 156 6
 173 177 206
 56 206 177
 87 313 248
 44 46 177
 167 311 51
 278 277 299
 21 194 286
 193 286 194
 148 314 315
 25 94 26
 236 26 94
 98 185 101
 112 88 240
 134 123 135
 63 316 256
 317 256 316
 72 318 238
 102 15 319
 152 239 149
 310 125 217
 0 298 181
 285 109 130
 49 51 311
 211 295 302
 115 302 295
 16 319 15
 235 122 221
 280 198 306
 288 274 279
 248 313 283
 293 226 225
 49 311 320
 267 136 227
 111 278 299
 184 250 321
 115 122 302
 13 284 118
 61 90 322
 128 105 323
 68 70 261
 144 209 265
 188 180 231
 167 51 287
 44 177 174
 170 207 171
 275 270 276
 310 79 228
 49 320 268
 117 106 118
 17 289 107
 241 227 156
 3 250 4
 16 67 308
 56 46 55
 184 321 255
 312 67 282
 35 190 292
 253 315 314
 293 114 296
 115 296 114
 211 263 261
 16 169 319
 140 143 141
 90 246 322
 312 308 67
 199 255 324
 148 257 314
 243 271 210
 102 319 30
 14 282 67
 161 204 315
 148 315 204
 310 325 79
 115 295 296
 211 302 263
 269 151 150
 304 276 270
 128 180 105
 13 15 326
 102 326 15
 275 279 274
 269 126 254
 304 178 276
 166 55 46
 252 251 232
 218 9 216
 269 300 151
 275 190 270
 59 58 283
 229 283 58
 291 40 327
 294 118 284
 14 106 210
 275 274 292
 3 321 250
 280 281 237
 80 323 105
 280 237 116
 12 116 237
 233 239 154
 161 315 179
 253 179 315
 111 299 42
 275 292 190
 310 217 325
 260 325 217
 218 320 219
 312 219 320
 188 232 251
 273 292 274
 203 301 307
 62 307 301
 312 282 219
 8 219 282
 317 322 246
 208 215 328
 266 328 215
 280 306 191
 312 320 311
 207 83 171
 241 6 242
 132 254 126
 294 283 313
 8 282 271
 63 256 143
 47 216 9
 43 159 281
 131 281 159
 75 171 83
 310 228 309
 291 327 262
 249 200 5
 305 191 306
 285 323 109
 80 109 323
 102 29 326
 59 326 29
 8 271 242
 253 309 228
 59 284 326
 243 242 271
 152 154 239
 71 176 214
 175 214 176
 38 329 158
 186 158 329
 218 268 320
 103 138 93
 120 93 138
 233 318 234
 72 234 318
 213 303 64
 144 129 145
 128 145 129
 199 324 200
 3 200 324
 60 151 300
 304 121 178
 52 178 121
 45 165 100
 153 100 165
 233 34 318
 238 318 34
 188 105 180
 35 290 110
 293 296 226
 63 65 316
 61 316 65
 291 329 40
 38 40 329
 203 64 303
 155 314 257
 291 187 329
 186 329 187
 255 321 324
 155 309 314
 253 314 309
 285 145 323
 128 323 145
 131 237 281
 153 163 100
 166 100 163
 61 65 307
 61 322 316
 13 326 284
 0 2 298
 297 298 2
 317 316 322
 203 307 65
 294 313 119
 3 324 321
 87 119 313
 0
 0
 0
 0
 0
 0
 0
 0
 0
 0
 0
 0
 0
 24
 317 28 213 297 175 1 50 168 39 142 245 256 169 51 246 30 141 214 287 319 40 327 262 2
 16
 205 95 76 213 77 260 54 32 223 79 259 301 96 303 247 325
 0
 18
 127 266 252 249 208 1 273 36 231 232 201 265 4 129 290 110 5 328
 0
 0
 0
 0
 0
 0
