332 597
0.804761 8.931736 1
0.883450 9.033758 1
0.731714 9.012262 1
0.813117 9.117463 1
1.305696 7.883720 1
1.208009 7.992225 1
1.205268 7.860732 1
2.511587 9.677944 2
2.365838 9.722083 1
2.355013 9.581230 2
0.586217 8.671837 1
0.717139 8.653090 1
0.688054 8.781419 1
0.600051 9.442334 1
0.625002 9.593052 1
0.495180 9.502041 1
2.232544 9.342650 2
2.231482 9.477139 1
2.118436 9.423791 1
0.302012 7.781382 2
0.448479 7.727332 2
0.365202 7.918355 1
0.518228 7.867599 1
0.441684 9.357429 1
0.279594 9.434204 1
0.296961 9.314909 1
0.376853 9.485054 1
0.858725 8.722531 1
1.021079 8.803075 1
0.926489 8.895859 1
1.353558 7.981986 1
0.722314 9.520363 1
2.456092 9.784729 1
1.666667 10.000000 0
1.527778 10.000000 0
1.576167 9.835144 1
0.000000 8.472222 0
0.000000 8.333333 0
0.166292 8.423943 1
0.206973 7.973966 1
0.290860 8.070413 1
1.499858 7.947772 2
1.398136 7.838314 2
1.805556 10.000000 0
1.737316 9.870559 1
1.903461 9.864985 1
0.000000 8.194445 0
0.133506 8.090914 1
0.127202 8.260216 1
1.508334 8.189949 1
1.644398 8.157336 1
1.585124 8.273692 1
1.707647 8.287313 1
1.761035 8.899155 1
1.870443 8.844454 3
1.824499 9.015575 2
1.085593 8.281207 1
1.211066 8.256941 1
1.196026 8.392241 1
0.577212 8.273679 1
0.521991 8.149955 1
0.693256 8.164474 1
2.339659 9.421269 2
1.388889 10.000000 0
1.286949 9.850028 1
1.458333 9.900642 1
0.000000 8.611111 0
0.099357 8.541667 1
0.149972 8.713051 1
0.000000 9.166667 0
0.123921 9.056075 1
0.118748 9.221499 1
0.833333 10.000000 0
0.771428 9.881005 1
0.952749 9.878537 1
0.738248 7.897949 2
0.613699 7.946341 1
0.604607 7.778429 2
0.511959 9.611855 1
0.803698 9.649410 1
0.678018 9.708518 1
0.624954 8.078673 1
0.210358 8.569089 1
0.309136 8.508445 1
1.616130 9.365771 1
1.769831 9.294094 1
1.730980 9.435247 1
0.261602 9.600441 1
0.339019 8.387820 1
1.189201 8.795759 1
1.113182 8.680849 1
0.758679 8.431259 1
0.733248 8.305851 1
0.866699 8.310026 1
0.267082 8.277399 1
0.413076 8.244780 1
1.696259 8.602985 1
1.803862 8.695800 2
1.657487 8.728475 1
1.494142 8.765318 1
1.645896 8.843415 1
1.564363 8.918695 1
1.317680 8.269543 1
1.451239 8.326179 1
1.309117 8.378160 1
1.066928 8.429412 1
0.191461 9.510171 1
1.398905 8.200853 1
1.103121 8.910573 1
1.767289 8.201658 1
1.592797 9.097786 1
1.669018 9.221201 1
1.548165 9.241406 1
0.616477 8.393044 1
0.473950 8.361743 1
0.795406 8.565123 1
0.908448 8.586155 1
0.411077 9.591169 1
1.250000 10.000000 0
0.000000 8.750000 0
0.853759 7.789952 2
0.883070 7.929007 1
0.997349 7.815324 1
1.146914 7.747867 2
1.091823 7.907299 1
0.546415 8.787341 1
0.990099 8.657994 1
0.142591 9.655199 1
0.283525 9.728330 1
1.464331 9.149743 1
1.402143 8.440618 1
0.196901 9.803100 1
1.431722 9.788975 1
1.492050 9.689928 1
1.728744 8.439555 1
1.596820 8.391994 1
1.287874 8.131318 1
0.864869 8.475965 1
1.561748 8.649764 1
1.608491 9.667698 1
0.526764 8.467170 1
0.293526 8.784400 1
0.441780 8.860373 1
0.333250 8.930343 1
1.181810 8.551363 1
1.220491 8.689522 1
1.596348 8.519858 1
1.544884 8.074590 1
2.218618 9.697988 1
2.203887 9.583989 1
1.334896 9.444846 1
1.348866 9.335640 1
1.469599 9.466022 1
2.222222 10.000000 0
2.083333 10.000000 0
2.155257 9.869110 1
0.506783 7.991428 1
1.497565 9.348309 1
1.071089 8.570249 1
1.684391 8.982583 1
1.361718 8.903855 1
1.337824 8.769677 1
1.458961 8.869428 1
0.414963 8.071552 1
2.023131 9.905187 1
0.356034 9.675016 1
1.802797 9.755301 1
0.225961 8.181989 1
0.211318 9.131266 1
0.294735 9.054495 1
0.369858 9.189230 1
2.138381 9.518966 1
0.529079 9.213453 1
0.322388 8.169227 1
0.983326 8.514839 1
0.864530 9.786017 1
0.435687 8.704444 1
0.235199 7.868153 2
1.051147 8.044083 1
1.144988 8.142914 1
0.981902 8.191603 1
0.694444 10.000000 0
0.555556 10.000000 0
0.632514 9.850994 1
0.000000 9.444445 0
0.000000 9.305555 0
0.147830 9.363488 1
0.714316 9.402905 1
0.795127 8.045098 1
0.229289 9.240767 1
1.247027 9.296149 1
1.236969 9.439577 1
1.445282 9.003757 1
0.191008 8.946526 1
1.838712 9.384990 1
1.918479 9.271042 1
1.973748 9.426676 1
2.070018 9.313602 1
0.712002 9.129732 1
0.695885 8.017605 1
0.832334 8.181274 1
1.894796 8.283788 2
1.796368 8.333261 1
0.636902 8.530614 1
0.817945 9.228610 1
0.705682 9.281222 1
1.687356 9.755663 1
0.487094 9.909638 1
0.086995 9.513889 1
1.818970 9.167747 1
1.952648 9.115278 2
1.212820 9.693766 1
1.355126 9.675912 1
0.830477 9.369934 1
0.838538 9.499920 1
0.493726 8.971506 1
0.404042 9.048648 1
0.000000 9.722222 0
0.000000 9.583333 0
0.416667 10.000000 0
0.277778 10.000000 0
0.347068 9.865978 1
0.804992 8.836111 1
0.390550 8.588207 1
0.499662 8.572626 1
1.154797 9.368364 1
1.944444 10.000000 0
0.000000 8.055555 0
0.598355 8.906145 1
2.029161 9.791840 1
1.497397 8.567036 1
0.984513 8.316355 1
1.030836 9.115532 1
1.126290 9.230981 1
1.010762 9.226134 1
0.972222 10.000000 0
0.000000 9.027778 0
0.996799 7.950277 1
0.492241 9.801861 1
2.018899 9.223706 2
1.004662 8.995338 1
1.878052 8.432953 2
1.824728 8.560706 2
1.747745 8.802259 1
1.860916 8.142054 3
1.155032 9.125547 1
1.623189 9.519094 1
0.964521 9.713545 1
0.954280 9.592237 1
1.942917 9.574646 1
2.075941 9.644622 1
1.928411 9.705174 1
1.263118 8.884799 1
2.564223 9.843437 2
0.299041 8.656504 1
1.058497 9.815688 1
0.950514 7.675474 2
0.930620 9.294585 1
0.973801 9.436555 1
1.054995 9.315080 1
1.205404 8.976017 1
0.633174 9.197259 1
0.592068 9.076138 1
0.564581 9.714310 1
1.288095 7.776429 2
0.213930 8.846450 1
1.429399 8.087277 1
2.037016 9.517852 1
0.953595 8.408203 1
0.000000 7.916667 0
0.000000 7.777778 0
0.115023 7.874085 2
1.713748 9.647942 1
1.746946 9.550308 1
0.000000 10.000000 0
0.000000 9.861111 0
0.107824 9.892176 1
0.138889 10.000000 0
1.151346 9.895024 1
0.106092 8.849491 1
2.171618 9.210989 2
2.361111 10.000000 0
2.288904 9.895423 1
2.436661 9.892396 1
1.358403 9.543875 1
1.443864 9.592309 1
0.911069 9.174496 1
2.500000 10.000000 0
1.062614 9.535784 1
1.717935 9.096978 1
1.311718 8.993432 1
1.831896 9.622097 1
1.853158 9.498068 1
0.759233 9.770711 1
1.258936 9.570167 1
0.480838 9.114609 1
0.389819 9.757821 1
1.153550 9.786070 1
1.346873 9.100210 1
2.366446 9.811171 1
0.091278 9.780123 1
0.213692 9.912251 1
1.301408 8.605935 1
1.426698 8.649664 1
0.599666 9.312307 1
1.076383 9.418751 1
2.126009 9.752971 1
0.923397 8.056890 1
1.079324 9.680214 1
0.000000 8.888889 0
1.111111 10.000000 0
1.049190 7.700259 2
1.534460 9.581480 1
1.345869 9.212654 1
1.642432 7.990613 2
1.750976 8.080727 2
1.444916 9.260551 1
0.719683 8.890155 1
1.142776 9.493199 1
1.149933 9.600081 1
1.404965 8.536551 1
1.305023 8.488237 1
2.269420 9.791131 1
0.418376 8.475342 1
0.092829 7.983811 1
1.117910 9.027727 1
0.455960 9.693076 1
1.497119 8.467815 1
1.229989 9.066641 1
0.084204 8.953752 1
1.047968 9.918360 1
1.242998 9.176913 1
 0 1 2
 1 3 2
 4 5 6
 7 8 9
 10 11 12
 13 14 15
 16 17 18
 19 20 21
 22 21 20
 23 24 25
 26 24 23
 27 28 29
 30 5 4
 13 31 14
 7 32 8
 33 34 35
 36 37 38
 39 21 40
 41 30 42
 43 44 45
 46 47 48
 49 50 51
 52 51 50
 53 54 55
 56 57 58
 59 60 61
 62 17 16
 63 64 65
 66 67 68
 69 70 71
 72 73 74
 75 76 77
 78 15 14
 31 79 14
 14 79 80
 81 61 60
 82 38 83
 84 85 86
 26 87 24
 88 83 38
 89 28 90
 91 92 93
 88 94 95
 96 97 98
 99 100 101
 102 103 104
 99 98 100
 56 58 105
 106 24 87
 102 107 103
 89 108 28
 52 50 109
 110 111 112
 59 113 114
 27 115 116
 26 117 87
 63 118 64
 119 66 68
 75 120 121
 122 123 124
 6 124 123
 10 12 125
 84 111 85
 27 126 28
 127 87 128
 110 112 129
 130 104 103
 27 11 115
 131 127 128
 132 133 35
 52 134 135
 136 5 30
 91 93 137
 96 98 138
 139 35 133
 140 114 113
 141 142 143
 136 102 57
 90 144 145
 96 138 146
 49 147 50
 148 149 9
 27 12 11
 150 151 152
 153 154 155
 81 60 156
 152 151 157
 148 9 8
 158 144 90
 110 101 159
 160 161 162
 163 40 21
 154 164 155
 165 87 117
 166 45 44
 167 48 47
 168 169 170
 171 18 17
 172 23 170
 25 170 23
 95 94 173
 158 126 174
 82 68 67
 132 65 64
 52 135 51
 168 71 70
 175 74 73
 132 35 65
 82 67 38
 141 176 142
 116 174 126
 39 177 21
 178 179 180
 56 180 179
 181 182 183
 184 185 186
 36 38 67
 34 65 35
 13 187 31
 33 35 44
 37 48 38
 58 57 104
 99 162 161
 75 121 188
 168 170 189
 190 151 191
 99 101 162
 110 192 101
 101 100 159
 193 169 70
 122 121 120
 194 195 196
 197 196 195
 198 2 3
 188 61 199
 200 180 93
 201 202 109
 62 9 17
 163 156 60
 10 203 11
 198 204 205
 88 38 94
 139 206 35
 182 207 183
 184 186 208
 209 210 195
 211 212 64
 132 64 212
 53 159 100
 213 214 187
 31 187 214
 59 95 60
 59 114 95
 215 216 143
 142 215 143
 163 60 95
 217 218 127
 219 220 221
 99 138 98
 88 95 114
 136 57 179
 9 149 17
 136 107 102
 27 29 222
 223 224 176
 10 176 224
 49 103 107
 190 191 225
 27 116 126
 163 95 173
 22 77 76
 102 104 57
 226 43 45
 46 227 47
 228 142 125
 229 155 164
 200 61 188
 230 146 138
 168 70 169
 180 231 93
 228 215 142
 91 115 203
 81 199 61
 232 233 234
 11 203 115
 59 61 92
 158 90 126
 228 125 12
 235 72 74
 69 236 70
 122 237 121
 106 208 186
 238 183 207
 195 210 239
 240 29 108
 28 108 29
 52 109 202
 241 242 134
 96 134 242
 22 20 77
 97 54 243
 244 201 109
 245 233 232
 178 5 179
 84 246 152
 175 79 247
 248 247 79
 249 250 251
 229 251 250
 160 252 161
 59 92 113
 89 252 108
 216 170 169
 7 253 32
 82 254 68
 141 68 254
 255 74 247
 122 120 256
 150 191 151
 39 40 47
 167 47 40
 166 251 45
 229 45 251
 213 257 258
 259 258 257
 213 258 214
 248 214 258
 167 173 94
 260 108 252
 198 261 262
 198 262 2
 194 86 85
 198 205 261
 181 183 73
 185 71 186
 178 124 5
 213 205 204
 238 263 183
 80 183 263
 172 262 261
 228 2 262
 218 208 127
 219 221 207
 6 123 264
 141 143 265
 200 93 92
 96 242 97
 136 30 266
 196 18 267
 268 137 93
 175 247 74
 213 187 205
 91 113 92
 106 127 208
 238 207 221
 41 266 30
 136 179 5
 269 270 271
 139 246 272
 273 272 246
 274 275 276
 274 276 277
 106 186 24
 25 24 186
 197 18 196
 25 189 170
 118 278 64
 119 68 279
 194 85 195
 209 195 85
 197 280 16
 281 282 283
 150 152 284
 285 284 152
 209 55 210
 198 3 204
 240 232 1
 286 1 232
 58 144 105
 158 105 144
 53 243 54
 248 79 214
 31 214 79
 200 92 61
 287 283 253
 248 258 288
 209 289 55
 160 192 290
 26 23 15
 249 291 292
 89 161 252
 80 293 183
 25 186 189
 43 33 44
 37 46 48
 6 5 124
 211 294 212
 172 295 262
 10 224 203
 228 262 215
 19 21 177
 238 221 296
 193 143 169
 110 289 111
 153 155 282
 209 85 111
 211 64 297
 141 265 68
 84 112 111
 298 290 192
 299 283 282
 131 300 127
 220 301 221
 131 221 301
 217 127 300
 53 55 159
 240 1 29
 0 29 1
 72 181 73
 185 69 71
 302 145 144
 98 97 243
 81 156 76
 99 303 138
 172 304 23
 13 23 304
 13 304 187
 205 187 304
 258 305 288
 13 15 23
 209 111 289
 165 128 87
 197 239 280
 22 156 21
 163 21 156
 160 162 192
 56 105 231
 259 305 258
 298 192 129
 141 254 176
 223 176 254
 299 8 32
 229 306 155
 171 250 267
 273 292 291
 121 307 188
 255 247 308
 309 119 279
 118 310 278
 99 161 303
 200 307 180
 131 128 221
 106 87 127
 285 133 212
 132 212 133
 135 134 146
 96 146 134
 82 83 254
 223 254 83
 200 188 307
 142 176 125
 268 231 105
 249 267 250
 110 129 192
 10 125 176
 122 124 237
 249 292 196
 194 196 292
 122 311 123
 230 138 303
 171 149 250
 166 206 272
 285 152 312
 80 79 293
 166 272 291
 91 203 113
 175 293 79
 294 284 212
 298 129 313
 55 289 159
 50 314 315
 273 86 292
 316 129 112
 194 292 86
 101 192 162
 27 222 12
 216 295 170
 172 170 295
 259 234 233
 228 12 317
 316 157 151
 28 126 90
 178 180 307
 148 250 149
 42 30 4
 171 267 18
 316 313 129
 273 246 86
 84 152 157
 302 303 161
 121 237 307
 84 86 246
 56 179 57
 56 231 180
 318 288 305
 248 308 247
 183 293 73
 186 71 189
 211 297 308
 255 308 297
 148 306 250
 229 250 306
 38 48 94
 35 206 44
 167 94 48
 166 44 206
 78 14 263
 211 308 319
 211 319 294
 49 266 147
 152 246 312
 249 251 291
 281 153 282
 287 281 283
 89 145 161
 302 161 145
 302 320 303
 64 278 297
 68 265 279
 302 321 320
 241 202 201
 136 266 107
 197 195 239
 193 265 143
 249 196 267
 285 212 284
 216 215 295
 262 295 215
 178 307 237
 140 113 203
 197 16 18
 155 306 322
 163 173 40
 318 191 294
 150 294 191
 148 322 306
 213 204 257
 41 314 147
 34 63 65
 66 36 67
 140 203 224
 52 202 134
 150 284 294
 248 288 308
 241 134 202
 318 294 319
 75 188 199
 50 147 314
 89 90 145
 140 323 114
 88 114 323
 286 257 204
 269 271 324
 39 324 271
 139 312 246
 154 226 164
 227 269 324
 220 277 301
 275 217 300
 110 159 289
 226 45 164
 227 324 47
 80 263 14
 190 225 233
 259 233 225
 39 47 324
 229 164 45
 0 222 29
 41 147 266
 158 174 105
 268 105 174
 135 103 51
 240 325 232
 245 232 325
 49 107 266
 182 219 207
 218 184 208
 78 263 326
 135 327 103
 130 103 327
 260 328 325
 245 325 328
 178 237 124
 216 169 143
 49 51 103
 166 291 251
 236 309 329
 310 235 330
 298 313 331
 39 271 177
 286 204 3
 168 189 71
 175 73 293
 268 93 231
 298 331 328
 190 313 151
 316 151 313
 122 256 311
 50 315 109
 223 323 224
 26 15 117
 78 117 15
 309 279 329
 193 329 279
 310 330 278
 255 278 330
 240 108 325
 260 325 108
 140 224 323
 22 76 156
 116 137 174
 228 317 2
 0 2 317
 58 321 144
 302 144 321
 253 283 32
 299 32 283
 275 300 276
 277 276 301
 165 326 296
 286 234 257
 259 257 234
 167 40 173
 155 322 282
 42 4 264
 6 264 4
 230 303 320
 259 225 305
 139 133 312
 285 312 133
 223 83 323
 286 3 1
 130 320 321
 230 327 146
 299 282 322
 268 174 137
 238 326 263
 318 225 191
 171 17 149
 235 74 330
 236 329 70
 165 296 128
 286 232 234
 75 199 76
 139 272 206
 84 157 112
 165 117 326
 78 326 117
 135 146 327
 12 222 317
 88 323 83
 81 76 199
 255 297 278
 193 279 265
 273 291 272
 318 305 225
 172 261 304
 205 304 261
 58 104 321
 130 321 104
 193 70 329
 255 330 74
 131 276 300
 131 301 276
 316 112 157
 116 115 137
 260 252 290
 53 100 243
 98 243 100
 299 322 8
 160 290 252
 148 8 322
 190 233 331
 245 331 233
 244 109 315
 190 331 313
 238 296 326
 308 288 319
 230 320 327
 0 317 222
 318 319 288
 130 327 320
 245 328 331
 91 137 115
 260 290 328
 221 128 296
 298 328 290
 0
 0
 0
 0
 0
 0
 0
 0
 0
 0
 0
 10
 62 7 9 253 54 55 16 210 280 239
 0
 6
 241 244 97 54 201 242
 0
 16
 19 75 41 244 42 123 20 120 271 256 264 314 77 315 177 311
 0
 0
 0
 0
 0
 0
 0
