332 596
0.949779 3.404397 2
1.054199 3.509120 2
0.863356 3.491082 1
0.929897 3.592054 1
1.447017 5.148707 1
1.284539 5.081104 1
1.429996 5.052123 1
0.316807 3.985194 1
0.296819 4.080687 1
0.191424 3.991625 1
1.372061 5.212504 1
1.534143 5.440955 2
1.605105 5.323936 1
1.696365 5.417908 2
0.208946 4.153841 1
1.336604 3.931155 1
1.411892 4.023517 1
1.257768 4.007148 1
1.318588 4.106539 1
1.625208 4.773975 1
1.634479 4.644356 1
1.755826 4.672694 1
1.747181 4.815470 1
0.635702 5.069196 1
0.478251 5.133544 1
0.559542 4.962142 1
1.127223 5.153876 1
1.141149 5.001644 1
1.541535 4.288084 1
1.435274 4.418665 1
1.363267 4.263799 1
0.260440 3.850509 1
1.845991 4.317462 1
1.710832 4.271868 1
1.848897 4.146701 1
0.698432 5.772837 1
0.575890 5.792314 1
0.596135 5.650707 1
1.372741 5.314714 1
1.516472 5.222009 1
1.473827 5.352179 1
1.678203 3.965249 1
1.713768 3.849500 3
1.844278 3.966350 2
0.869467 5.131529 1
0.769390 5.051095 1
0.900624 4.981236 1
1.046198 4.122622 1
1.052132 4.303879 1
0.954772 4.204939 1
1.157460 4.226938 1
0.000000 3.611111 0
0.145812 3.516792 2
0.107255 3.641623 1
0.737325 5.669270 1
1.972178 4.097893 2
0.344523 5.224209 1
0.196422 5.156919 1
0.341365 5.078186 1
0.236381 4.995296 1
0.987016 3.751022 1
1.114635 3.829833 1
0.950544 3.894858 1
0.434300 4.992430 1
1.011520 5.057606 1
1.287651 4.420591 1
0.725570 4.565895 1
0.832983 4.618250 1
0.676561 4.652657 1
0.782922 4.741789 1
0.972894 5.614025 2
0.889425 5.497691 1
1.003072 5.424653 1
1.091373 3.977587 1
1.554171 5.074500 1
1.484426 4.911976 1
0.568905 4.559208 1
0.682309 4.460582 1
1.708725 4.146117 1
0.343548 4.903107 1
0.717624 3.718441 1
0.684755 3.851752 1
0.575425 3.706501 1
0.543499 3.861286 1
0.634513 4.864355 1
0.533296 4.801731 1
1.108239 5.522227 2
1.025232 4.906744 1
1.173181 4.840536 1
1.373677 4.553658 1
0.453549 4.888576 1
0.117865 3.862267 1
0.576647 4.440132 1
0.439510 4.421194 1
0.420596 4.557470 1
1.130480 3.678314 1
0.210583 5.397940 1
0.354821 5.390138 1
0.249973 5.502886 1
0.802402 3.915571 1
0.782489 4.064852 1
0.647741 3.997498 1
1.246724 4.592386 1
1.981885 4.254064 2
0.404852 3.911410 1
0.682058 4.177941 1
0.552354 4.113791 1
1.264962 3.777778 1
0.648033 3.496348 1
0.531076 3.469311 2
0.664800 3.365109 2
0.798703 4.935954 1
0.616793 5.524652 1
0.753121 5.474871 1
0.704196 5.575406 1
0.101495 4.079753 1
1.153041 4.501813 1
1.165372 4.363902 1
0.239582 5.637921 1
0.279358 5.768495 1
0.178162 5.768868 1
0.356925 5.562954 1
0.360935 5.703599 1
1.557101 4.441323 1
0.110544 5.656777 1
0.404601 3.755174 1
0.589610 5.172690 1
0.455974 3.598279 1
0.303318 3.536052 2
0.405477 3.463461 2
1.305190 4.892964 1
1.246485 4.971503 1
0.298179 4.346334 1
0.163075 4.437894 1
0.155146 4.289350 1
0.938187 4.303159 1
0.983424 4.420954 1
1.649491 5.183521 1
0.340842 3.651117 1
1.997262 3.961263 3
1.106335 4.660254 1
1.050924 4.792417 1
0.961264 4.723523 1
0.512555 3.990443 1
0.967973 4.616813 1
0.890913 4.840916 1
0.345145 4.655893 1
0.317155 4.493004 1
0.224829 4.579339 1
1.456560 4.158369 1
1.666563 4.399127 1
0.460374 5.629442 1
1.511669 4.565185 1
1.487731 4.716579 1
1.620126 4.919281 1
1.745081 4.939768 1
0.249671 5.295481 1
1.592145 4.171113 1
1.690180 5.050747 1
1.948714 4.534981 2
1.852256 4.457335 1
1.952836 4.392175 2
0.623057 5.404192 1
0.838054 3.780471 1
0.000000 5.555555 0
0.000000 5.416667 0
0.132429 5.509089 1
1.246031 5.221209 1
1.225959 3.886014 1
0.106432 5.066491 1
0.759355 5.356022 1
1.914454 5.282464 1
2.052919 5.351081 2
1.933411 5.425395 2
0.953502 5.786160 2
0.844892 5.723430 1
0.000000 6.250000 0
0.000000 6.111111 0
0.144028 6.180555 2
1.757389 4.056217 1
1.939620 5.144183 1
1.848137 5.192117 1
1.825933 5.051859 1
0.821548 5.858727 2
0.736492 3.530544 1
0.746491 3.433412 1
0.273826 3.722991 1
0.492459 5.721128 1
0.495417 5.508823 1
1.949055 4.990519 1
2.078709 4.956062 2
2.046958 5.102517 2
0.877540 4.413786 1
0.000000 5.972222 0
0.116808 5.897958 1
0.111832 6.061011 1
0.823822 5.596280 1
0.498943 5.377163 1
2.142704 5.215140 2
2.019053 5.225721 1
0.420228 6.023907 1
0.458075 6.124873 2
0.323862 6.067037 2
1.230318 4.716856 1
1.336670 4.690624 1
1.258429 3.661305 1
1.407226 3.692912 2
1.758916 5.154770 1
1.963672 4.855675 1
0.105653 5.389453 1
2.076948 4.795655 2
0.805133 4.493316 1
0.441826 5.283202 1
1.372863 5.437885 2
1.260954 5.351810 1
1.252662 4.198272 1
1.376183 4.959968 1
1.289464 4.793635 1
0.462606 5.832233 1
0.344942 5.846585 1
1.738686 4.527773 1
1.624204 4.521267 1
1.017475 3.636533 1
0.556224 5.274645 1
1.136453 5.394846 1
1.235183 5.467110 2
1.374240 3.826074 1
0.148263 3.745319 1
0.833898 4.203212 1
0.903448 4.091822 1
1.316966 3.563776 2
0.955230 5.303747 1
0.838786 5.261732 1
0.989375 5.185784 1
0.718892 5.204931 1
0.000000 4.444445 0
0.104653 4.543991 1
0.000000 5.694445 0
0.000000 3.750000 0
0.671950 5.881313 1
1.079771 4.434591 1
0.220288 5.997429 1
1.190860 3.579062 2
1.180613 4.103860 1
0.672693 3.611420 1
1.768899 4.404296 1
1.243384 4.290224 1
1.065321 5.294051 1
1.171018 5.288370 1
2.005201 5.571858 3
1.933685 5.698942 3
1.859047 5.557207 2
0.661354 5.299221 1
0.000000 4.305555 0
0.107323 4.186213 1
0.000000 3.888889 0
0.214986 3.612837 1
1.032397 4.539159 1
1.762124 5.277796 1
1.837731 5.358323 1
0.000000 5.000000 0
0.000000 4.861111 0
0.121741 4.909756 1
0.920518 4.531152 1
0.000000 4.722222 0
0.000000 4.583333 0
0.119825 4.672441 1
0.755263 5.973875 2
0.414330 4.068227 1
0.808822 3.631481 1
0.817296 3.350409 2
0.081024 4.368888 1
1.812431 5.456323 2
0.138369 5.285372 1
1.845996 4.885234 1
0.000000 5.138889 0
0.085142 5.194705 1
0.000000 4.166667 0
1.494057 3.828117 2
1.866666 4.740505 1
1.519705 4.078920 1
1.541506 3.965039 1
0.569405 4.688503 1
0.657364 4.762203 1
1.424073 4.634500 1
1.401960 4.827195 1
0.646802 4.323534 1
0.770799 4.381408 1
0.571542 3.574226 1
0.519351 6.007927 1
0.605128 6.093863 2
0.253715 4.248518 1
0.000000 5.277778 0
1.431660 3.914780 1
0.457483 4.687528 1
0.898227 3.693818 1
0.738157 4.849654 1
0.000000 4.027778 0
0.546788 5.903909 1
0.424369 5.926633 1
0.000000 5.833333 0
0.967439 4.006477 1
0.876311 3.995480 1
1.632625 4.071932 1
1.980952 4.739970 1
1.847712 4.590309 1
0.397058 4.783470 1
0.282452 4.796529 1
1.516116 4.814785 1
0.239060 4.693612 1
0.403314 4.311971 1
0.489652 4.263585 1
0.537349 4.347873 1
0.352589 4.204545 1
1.940171 4.651053 1
0.078739 4.791667 1
0.183726 4.791667 1
0.460118 4.163203 1
0.866498 5.386453 1
2.056813 4.649498 2
0.749340 4.281882 1
0.075243 5.763889 1
1.602232 3.849742 2
0.581823 4.228570 1
0.833953 4.316689 1
0.689004 4.960452 1
0.320373 5.961413 1
0.236595 4.883244 1
0.243322 5.873458 1
0.220797 6.099459 2
0.076489 3.962608 1
0.633783 5.986217 2
 0 1 2
 2 1 3
 4 5 6
 7 8 9
 10 5 4
 11 12 13
 9 8 14
 15 16 17
 17 16 18
 19 20 21
 19 21 22
 23 24 25
 26 27 5
 28 29 30
 31 7 9
 32 33 34
 35 36 37
 38 39 40
 41 42 43
 44 45 46
 10 39 38
 47 48 49
 50 48 47
 51 52 53
 35 37 54
 55 34 43
 56 57 58
 59 58 57
 60 61 62
 63 25 24
 26 64 27
 65 30 29
 66 67 68
 68 67 69
 70 71 72
 73 62 61
 74 6 75
 66 76 77
 78 34 33
 63 58 79
 80 81 82
 83 82 81
 84 25 85
 70 72 86
 87 88 27
 65 29 89
 85 25 90
 31 9 91
 92 76 93
 94 93 76
 60 95 61
 96 97 98
 99 100 101
 12 40 39
 65 89 102
 59 79 58
 32 34 103
 31 104 7
 99 101 81
 83 81 101
 87 27 64
 105 106 101
 107 61 95
 108 109 110
 111 46 45
 112 113 114
 14 115 9
 65 116 117
 118 119 120
 118 121 122
 66 68 76
 92 77 76
 28 123 29
 118 120 124
 83 104 125
 65 102 116
 23 126 24
 127 128 129
 130 131 88
 105 101 100
 132 133 134
 97 121 98
 135 48 136
 74 137 39
 31 125 104
 44 46 64
 127 138 128
 55 43 139
 140 141 142
 83 101 143
 140 142 144
 69 142 145
 94 146 147
 148 147 146
 28 30 149
 28 33 150
 122 121 151
 152 20 153
 19 153 20
 19 22 154
 155 154 22
 28 150 123
 127 82 125
 83 125 82
 56 156 57
 28 157 33
 56 97 156
 96 156 97
 74 158 137
 159 160 161
 162 113 112
 69 67 142
 63 24 58
 88 131 27
 80 163 81
 99 81 163
 164 165 166
 10 167 5
 26 5 167
 148 133 147
 132 147 133
 73 61 168
 59 57 169
 170 113 162
 12 11 40
 171 172 173
 70 174 175
 28 149 157
 176 177 178
 41 43 179
 180 181 182
 140 88 141
 73 168 17
 35 175 183
 184 108 185
 31 186 125
 10 4 39
 187 37 36
 188 121 97
 189 190 191
 135 136 192
 193 194 195
 70 175 196
 188 97 197
 74 75 154
 70 196 71
 198 172 199
 171 199 172
 200 201 202
 140 102 203
 204 203 102
 107 205 206
 207 182 181
 204 102 89
 189 208 190
 87 141 88
 74 39 4
 125 186 138
 165 209 166
 210 190 208
 164 166 124
 66 211 67
 108 110 185
 56 212 97
 43 34 179
 213 214 38
 18 30 215
 74 4 6
 140 203 88
 5 216 6
 130 88 217
 187 218 122
 219 122 218
 220 221 150
 1 222 3
 56 24 212
 223 212 24
 167 10 38
 214 167 38
 87 145 141
 142 141 145
 224 225 86
 213 38 40
 15 168 226
 55 103 34
 35 54 175
 31 91 227
 105 100 228
 229 228 100
 230 206 205
 135 49 48
 231 232 233
 56 58 24
 44 234 45
 23 45 234
 235 133 236
 237 164 124
 60 62 163
 99 163 62
 107 226 168
 44 233 232
 238 227 91
 5 131 216
 189 180 182
 35 183 239
 240 136 48
 241 195 194
 12 39 137
 60 222 95
 242 95 1
 95 222 1
 107 95 205
 152 89 29
 188 197 162
 83 143 104
 73 17 243
 184 244 108
 220 150 245
 107 206 226
 65 246 30
 18 149 30
 198 199 191
 213 225 214
 189 191 180
 224 72 247
 231 247 72
 26 167 248
 26 248 247
 73 243 47
 249 250 251
 234 252 126
 253 254 134
 152 29 123
 224 214 225
 255 238 91
 78 33 157
 256 53 52
 256 52 128
 23 234 126
 140 144 257
 258 259 13
 170 234 232
 44 232 234
 114 54 37
 175 174 183
 260 261 262
 263 67 211
 264 265 266
 170 162 252
 148 236 133
 267 239 183
 207 137 158
 268 7 104
 63 90 25
 127 125 138
 224 248 214
 5 27 131
 80 269 163
 270 0 2
 235 271 133
 272 13 259
 223 126 252
 57 156 273
 223 24 126
 18 243 17
 268 104 143
 189 274 208
 223 252 162
 240 117 116
 189 182 274
 213 40 11
 275 169 276
 253 277 254
 170 252 234
 188 162 112
 44 64 233
 26 233 64
 278 226 206
 223 162 197
 118 122 119
 75 6 216
 238 53 227
 279 208 274
 280 16 281
 12 137 258
 94 147 93
 132 93 147
 280 157 149
 12 258 13
 282 283 85
 84 85 283
 204 89 284
 140 116 102
 204 153 285
 177 195 178
 191 199 180
 92 286 77
 287 77 286
 275 260 169
 127 109 288
 200 289 201
 290 201 289
 132 134 291
 30 246 215
 75 216 285
 265 235 236
 118 124 166
 80 82 244
 101 106 143
 268 143 106
 165 292 209
 282 76 68
 292 273 209
 238 51 53
 127 129 109
 15 17 168
 281 16 293
 220 21 20
 94 76 294
 59 169 262
 71 196 113
 163 269 295
 130 285 216
 57 276 169
 32 103 161
 69 145 296
 277 297 115
 207 258 137
 298 289 299
 270 2 185
 193 300 194
 270 185 110
 73 47 301
 229 301 47
 177 193 195
 111 296 145
 99 302 100
 41 303 281
 280 281 303
 279 22 21
 260 262 169
 155 274 182
 210 208 304
 184 2 269
 3 269 2
 279 21 305
 107 168 61
 279 304 208
 87 64 46
 306 307 146
 19 308 153
 150 221 123
 146 307 309
 249 251 173
 272 173 251
 130 216 131
 282 294 76
 204 284 153
 78 179 34
 152 221 20
 135 228 49
 229 49 228
 279 274 22
 188 151 121
 265 236 266
 75 308 154
 152 153 284
 310 311 312
 93 310 312
 114 113 196
 108 288 109
 175 54 196
 231 233 247
 74 154 158
 155 158 154
 50 47 243
 99 62 302
 19 154 308
 14 134 254
 133 271 134
 253 134 271
 148 266 236
 14 291 134
 220 20 221
 132 313 310
 132 291 313
 96 166 209
 92 93 312
 279 305 314
 18 215 243
 132 310 93
 26 247 233
 207 181 258
 171 258 181
 261 315 262
 316 262 315
 298 299 218
 264 266 315
 316 315 266
 256 128 138
 311 313 317
 268 317 313
 231 72 318
 71 318 72
 311 310 313
 14 313 291
 14 8 313
 268 313 8
 256 227 53
 159 305 160
 220 160 305
 210 304 319
 171 259 258
 224 86 72
 73 301 62
 105 320 286
 111 145 46
 87 46 145
 256 186 227
 31 227 186
 127 288 82
 105 228 320
 220 245 160
 50 246 117
 171 173 259
 184 269 244
 80 244 269
 60 295 222
 120 194 321
 300 321 194
 159 319 314
 41 281 322
 105 323 106
 287 286 320
 187 151 37
 188 37 151
 105 286 323
 92 312 286
 94 294 146
 229 47 49
 187 122 151
 32 161 160
 106 323 317
 135 324 228
 277 115 254
 3 222 295
 69 283 68
 268 106 317
 148 309 266
 316 266 309
 219 119 122
 111 45 325
 23 325 45
 171 180 199
 241 326 202
 155 22 274
 114 196 54
 311 317 323
 59 262 327
 316 327 262
 50 117 48
 118 166 98
 96 98 166
 306 294 85
 41 179 303
 78 303 179
 75 285 308
 170 318 113
 71 113 318
 184 185 2
 229 100 302
 241 194 328
 120 328 194
 96 273 156
 241 202 329
 140 257 116
 282 85 294
 41 322 42
 235 253 271
 292 275 276
 230 205 242
 200 299 289
 292 276 273
 96 209 273
 306 146 294
 60 163 295
 261 264 315
 118 98 121
 152 123 221
 278 322 281
 263 211 192
 287 192 211
 300 237 321
 57 273 276
 224 247 248
 297 255 330
 150 33 245
 32 245 33
 69 296 283
 84 283 296
 214 248 167
 272 259 173
 171 181 180
 187 36 218
 298 218 36
 204 285 217
 65 117 246
 153 308 285
 220 305 21
 32 160 245
 88 203 217
 306 79 307
 240 116 257
 286 312 323
 311 323 312
 223 197 212
 148 146 309
 268 8 7
 280 149 16
 18 16 149
 82 288 244
 188 112 37
 111 325 296
 84 296 325
 62 301 302
 9 115 330
 297 330 115
 306 85 90
 219 326 328
 256 138 186
 120 321 124
 237 124 321
 97 212 197
 152 284 89
 23 25 325
 84 325 25
 241 328 326
 78 157 303
 278 281 293
 319 304 314
 59 327 79
 219 328 119
 14 254 115
 130 217 285
 306 90 79
 240 257 136
 263 136 257
 15 293 16
 120 119 328
 178 195 329
 241 329 195
 63 79 90
 204 217 203
 280 303 157
 66 77 211
 287 211 77
 240 48 117
 114 37 112
 263 257 144
 3 295 269
 108 244 288
 207 158 182
 155 182 158
 135 192 324
 287 324 192
 170 232 318
 231 318 232
 15 226 293
 278 293 226
 263 192 136
 95 242 205
 50 243 215
 279 314 304
 263 144 67
 200 202 326
 79 327 307
 50 215 246
 142 67 144
 9 330 91
 255 91 330
 282 68 283
 159 314 305
 316 309 307
 219 299 326
 200 326 299
 267 331 239
 298 239 331
 219 218 299
 298 331 289
 290 289 331
 228 324 320
 287 320 324
 298 36 239
 35 239 36
 229 302 301
 316 307 327
 0
 0
 0
 0
 0
 0
 0
 0
 0
 0
 0
 0
 0
 2
 249 250
 0
 18
 70 290 213 272 267 250 178 201 86 225 251 183 11 174 329 202 13 331
 0
 0
 3
 43 139 42
 14
 1 278 230 270 206 0 110 129 52 128 42 322 242 109
 13
 55 249 210 198 159 172 191 103 319 190 139 173 161
 0
 0
