342 606
2.778845 2.835404 2
2.722581 2.737618 1
2.902174 2.798072 2
2.799273 2.657090 1
2.045098 3.303173 1
2.145648 3.373467 1
1.976770 3.446197 1
1.891838 1.660905 1
1.812134 1.749249 1
1.768777 1.588196 1
2.119670 3.493098 1
1.715435 1.715435 1
1.754323 2.040810 1
1.758451 2.202305 1
1.616540 2.144050 1
2.583424 2.501775 1
2.701661 2.377132 1
2.695099 2.498819 1
1.941770 2.558034 1
1.986268 2.386796 1
2.062971 2.489299 1
1.127248 1.726203 2
1.287513 1.779542 1
1.172185 1.879920 2
1.198950 0.801339 1
1.130480 0.928674 2
1.047596 0.816552 2
2.287620 1.524415 1
2.254541 1.369898 1
2.361500 1.418024 1
1.823967 3.799310 1
1.844278 3.966350 2
1.713768 3.849500 3
2.571431 3.205691 2
2.535318 3.365102 3
2.434222 3.215888 1
2.399718 3.322978 1
1.860394 2.484539 1
2.169859 1.495364 1
2.344383 2.780520 1
2.410020 2.636260 1
2.463959 2.742223 1
1.616217 1.525900 1
1.625544 1.659426 1
2.260671 2.687577 1
1.626288 2.311020 1
1.334896 0.555154 1
1.426591 0.410512 1
1.466554 0.565998 1
1.919936 1.270345 1
1.755492 1.254920 1
1.871586 1.127154 1
1.739587 1.082100 1
1.774427 3.040984 1
1.793190 3.163004 1
1.652687 3.096948 2
2.529397 2.962426 1
2.667062 2.893990 2
2.625647 3.073562 2
1.946766 2.013768 1
1.849528 1.959829 1
1.990244 1.885894 1
1.305229 0.389658 1
1.857689 3.579554 2
2.015769 3.551778 1
2.186648 3.695920 1
2.264641 3.792607 2
2.162940 3.843647 2
1.582600 0.637034 1
1.586031 0.794422 1
1.444892 0.702479 1
1.455321 0.867097 1
1.700395 1.421035 1
1.848912 1.412530 1
2.556905 2.379816 1
1.218172 1.198164 1
1.350614 1.261764 1
1.181875 1.340844 1
2.081096 3.728491 1
1.669384 2.508442 1
1.783510 2.581631 1
1.639057 2.657163 1
1.573964 2.558412 1
2.641909 2.265342 1
1.950579 1.542280 1
2.293576 2.914561 1
2.211674 2.801809 1
2.157629 2.901798 1
1.388889 0.000000 0
1.451688 0.102339 1
1.291612 0.150376 1
1.900319 2.246005 1
2.059149 2.222981 1
1.495906 0.308210 2
1.559231 0.486486 2
1.969311 1.019273 1
2.061746 0.892063 1
2.102736 1.025609 1
2.000322 3.658331 1
1.864834 2.669803 1
2.436220 1.687967 1
2.544760 1.593015 1
2.582546 1.762051 1
2.322065 1.125849 1
2.203482 1.235145 1
2.203379 1.083952 1
1.907914 3.243223 1
1.757735 3.323189 2
1.224287 0.296905 1
1.202538 0.454328 1
1.086883 0.329925 1
1.204282 1.580212 1
1.276246 1.667205 1
1.604082 1.158693 1
1.859522 1.853826 1
2.530812 1.259939 2
2.437385 1.333153 1
2.440845 1.158403 2
1.454482 2.360494 2
1.366972 2.232490 2
1.514913 2.246294 1
2.303614 2.080386 1
2.467033 2.125870 1
2.314073 2.205104 1
2.414804 2.274356 1
2.344617 1.257511 1
1.083317 1.567965 2
1.345006 0.811477 1
1.556893 1.896948 1
1.426256 1.824901 1
1.530432 1.733837 1
2.029438 3.159523 1
1.250000 0.000000 0
2.114829 1.161689 1
1.428417 0.211565 1
1.589848 0.164068 2
1.414853 1.981967 1
1.679207 2.789721 1
1.508932 2.776086 2
1.619870 2.889459 1
1.781925 2.355033 1
2.715771 1.861416 1
2.616538 1.926217 1
1.904876 3.102249 1
1.612268 1.306570 1
2.513322 1.423509 1
2.630529 1.357583 2
1.311510 1.415828 1
1.322060 0.701230 1
1.321646 1.882507 1
2.673563 1.634048 1
2.174151 3.085896 1
2.100081 2.995924 1
1.980043 3.005756 1
1.627476 1.784595 1
2.529548 2.292510 1
2.518943 1.873322 1
1.940146 0.871278 1
2.709339 2.016364 1
1.126688 0.709832 1
2.803290 1.965028 1
2.404523 1.959093 1
1.284990 0.997983 1
1.130524 1.080647 2
1.453294 2.143997 1
1.866400 2.102868 1
1.636586 1.009266 1
1.732573 0.938516 1
2.305499 2.586493 1
2.329350 2.436040 1
2.447927 2.498250 1
2.426300 1.809981 1
2.331050 1.877390 1
1.717798 1.875217 1
2.065522 1.484890 1
2.097991 1.597253 1
1.527778 0.000000 0
2.429618 2.873436 1
1.638687 2.005035 1
1.710454 0.548027 2
2.920684 2.606197 2
1.536053 2.034399 1
1.998213 1.664424 1
2.212756 2.982619 1
1.494737 1.249506 1
1.464182 1.376227 1
1.846440 0.980156 1
2.586313 2.176878 1
2.042769 3.837402 1
2.123543 3.972538 2
1.997262 3.961263 3
1.341398 0.280135 1
2.262336 1.955468 1
1.580054 1.423513 1
1.117136 0.585166 1
0.943857 0.568149 2
1.061277 0.470094 1
0.955972 0.412901 2
1.935556 3.863652 1
1.728074 0.715074 2
2.276365 3.172421 1
2.319116 3.273398 1
1.345885 1.133201 1
1.645534 0.899312 1
1.544757 0.940892 1
2.385357 3.105984 1
1.507207 1.487833 1
1.638329 2.981352 2
2.057900 2.608670 1
2.111815 2.711766 1
1.976511 2.685504 1
2.005661 2.793774 1
2.413283 1.549996 1
1.279948 1.975235 2
1.687407 3.196637 2
1.572444 2.445432 1
1.824021 3.453087 2
1.818970 0.832252 2
1.925536 0.727707 2
1.244893 1.102499 1
1.115047 1.241050 1
1.031494 1.177436 2
2.313524 3.484680 1
2.376864 3.565907 1
2.233952 3.561823 1
2.107658 2.346035 1
1.096392 1.437640 2
1.034647 1.338494 2
1.910382 2.878036 1
1.864057 2.985655 1
1.750556 2.901249 1
1.458757 1.139654 1
2.141032 3.189655 1
2.398672 3.432443 1
2.087509 2.079071 1
2.189418 2.140769 1
2.199541 2.264792 1
1.882226 2.368093 1
2.162515 0.902203 1
2.171318 2.578232 1
2.267133 3.651647 1
1.994545 1.394618 1
1.928613 1.772891 1
2.105972 2.821742 1
2.241171 2.489126 1
1.464859 2.537365 2
1.223186 0.559792 1
1.226026 0.652913 1
2.314593 1.659975 1
2.601359 2.058598 1
2.521679 1.988620 1
2.826248 2.103138 2
2.930329 2.224630 2
2.779103 2.240019 1
2.850164 2.348053 2
2.420148 1.007251 2
1.295532 2.101532 2
2.861258 2.509342 2
2.772994 2.559116 1
1.414830 1.003783 1
2.026828 0.785144 2
2.486100 3.502004 2
2.523007 3.648184 2
1.003319 0.703230 2
1.899794 3.359475 1
1.529652 2.930318 2
1.058497 0.184312 1
0.964521 0.286455 2
0.952749 0.121463 2
1.885537 3.695536 1
2.200313 3.282825 1
1.524075 2.643659 1
1.434055 2.688274 2
2.649626 1.500520 2
2.614172 2.762391 1
2.540833 2.848108 1
1.412666 1.711518 1
2.364691 3.674391 2
1.807906 2.804029 1
2.715691 1.741103 1
2.168581 2.022651 1
1.494926 1.608590 1
1.201904 1.471797 1
1.755678 2.469362 1
1.297043 1.547593 1
1.152123 0.105043 1
2.547752 2.677674 1
1.998749 1.156131 1
1.683176 2.417166 1
1.708324 0.828011 1
2.317063 1.775103 1
2.654012 2.621906 1
2.691714 2.142068 1
1.396836 1.506192 1
1.774530 3.699827 2
2.060268 1.266113 1
2.130070 1.378753 1
2.774451 1.565211 2
1.153550 0.213930 1
2.310028 0.998124 1
1.378407 1.612362 1
1.887796 2.758913 1
1.770466 2.711713 1
1.982508 2.110129 1
2.214086 0.980023 1
2.291043 3.043742 1
2.404053 3.000973 1
2.157194 2.450393 1
1.111111 0.000000 0
2.111428 3.605422 1
2.910770 2.004319 2
1.268035 0.888256 1
2.173393 0.790393 2
1.532904 1.058559 1
2.262382 0.888277 2
2.508872 2.577290 1
2.909976 1.879384 2
2.033170 1.767027 1
2.401212 0.886268 2
1.961541 3.763787 1
2.321094 2.322698 1
2.499911 3.088206 1
2.226640 2.377940 1
2.148384 1.913549 1
2.044647 2.000212 1
2.129306 1.804879 1
2.812789 1.869311 1
2.822122 1.771414 2
2.043079 2.899563 1
2.200007 1.619631 1
2.871074 1.633615 3
2.771380 1.669078 1
1.357789 0.913241 1
2.233232 1.841750 1
2.284962 3.372878 1
2.217895 1.739479 1
2.442154 2.377958 1
2.219551 3.457190 1
0.972222 0.000000 0
1.047968 0.081641 1
2.112085 1.701302 1
2.792107 2.450197 2
 0 1 2
 1 3 2
 4 5 6
 7 8 9
 6 5 10
 9 8 11
 12 13 14
 15 16 17
 18 19 20
 21 22 23
 24 25 26
 27 28 29
 30 31 32
 33 34 35
 36 35 34
 37 19 18
 27 38 28
 39 40 41
 42 9 43
 39 44 40
 9 11 43
 45 14 13
 46 47 48
 49 50 51
 52 51 50
 53 54 55
 56 57 58
 59 60 61
 46 62 47
 63 6 64
 65 66 67
 68 69 70
 71 70 69
 72 73 9
 74 16 15
 75 76 77
 65 67 78
 79 80 81
 82 79 81
 83 16 74
 84 9 73
 49 73 50
 72 50 73
 39 85 86
 87 86 85
 88 89 90
 91 92 19
 47 93 94
 95 96 97
 63 64 98
 99 80 18
 100 101 102
 103 104 105
 106 107 54
 108 109 110
 21 111 112
 21 112 22
 52 50 113
 60 114 61
 115 116 117
 118 119 120
 121 122 123
 124 123 122
 116 125 117
 21 126 111
 68 70 48
 71 127 70
 128 129 130
 106 131 4
 132 88 90
 72 9 42
 84 7 9
 133 105 104
 134 135 93
 18 80 37
 128 136 129
 81 137 138
 139 138 137
 125 104 103
 45 13 140
 141 142 102
 46 109 62
 106 143 131
 72 144 50
 145 115 146
 147 77 76
 148 46 70
 145 116 115
 136 149 129
 70 46 48
 150 102 101
 151 131 152
 153 152 131
 128 130 154
 83 74 155
 106 54 143
 156 102 142
 95 157 96
 124 122 155
 142 141 158
 24 26 159
 158 141 160
 121 161 122
 162 163 25
 164 14 120
 45 120 14
 134 90 89
 47 94 48
 134 89 135
 12 165 13
 52 166 167
 168 169 170
 156 161 171
 172 171 161
 12 173 60
 174 175 84
 176 135 89
 39 177 85
 12 14 178
 12 178 173
 68 94 179
 3 180 2
 164 181 14
 22 149 23
 175 182 84
 87 85 183
 184 144 185
 52 167 186
 122 187 155
 188 189 190
 47 191 93
 164 120 119
 121 192 161
 50 144 113
 144 193 185
 194 195 196
 197 196 195
 30 198 31
 68 199 69
 200 35 201
 75 202 76
 203 204 69
 71 69 204
 53 143 54
 205 35 200
 72 42 193
 206 193 42
 53 55 207
 208 209 210
 211 210 209
 39 41 177
 27 29 212
 213 23 149
 54 107 214
 45 215 118
 188 67 189
 95 51 186
 109 196 110
 63 216 6
 217 218 157
 91 140 13
 162 219 163
 52 186 51
 10 64 6
 75 220 163
 221 163 220
 145 212 29
 222 223 224
 19 92 225
 226 227 77
 228 229 230
 231 184 76
 202 231 76
 131 232 4
 36 34 233
 234 235 92
 236 92 235
 91 19 237
 96 238 97
 208 239 209
 223 240 224
 49 241 73
 84 73 241
 134 93 191
 114 242 61
 211 209 243
 172 161 192
 168 244 169
 245 118 215
 125 103 117
 46 246 109
 168 170 40
 24 247 148
 27 212 248
 100 212 101
 249 122 250
 68 48 94
 24 148 127
 114 60 173
 53 230 229
 251 252 253
 254 253 252
 45 118 120
 255 117 103
 164 256 136
 213 136 256
 257 180 258
 258 180 3
 37 237 19
 213 149 136
 162 259 202
 100 248 212
 218 260 157
 34 261 233
 262 223 261
 153 131 143
 84 182 7
 194 263 195
 128 173 178
 106 4 264
 6 264 4
 194 196 109
 139 265 138
 266 267 268
 63 98 269
 270 4 232
 245 271 272
 145 146 273
 108 62 109
 151 232 131
 274 275 41
 125 29 28
 22 112 276
 274 1 57
 0 57 1
 277 223 262
 278 228 230
 141 102 279
 145 273 101
 150 101 273
 194 109 246
 121 235 280
 206 42 281
 145 29 116
 83 253 16
 226 282 126
 81 138 271
 68 179 199
 121 280 192
 77 227 220
 37 80 283
 122 161 250
 55 54 214
 111 126 282
 11 8 173
 114 173 8
 91 13 165
 184 113 144
 147 284 282
 217 157 186
 95 186 157
 132 90 285
 274 41 286
 47 62 191
 95 97 287
 133 287 97
 249 187 122
 95 287 51
 100 102 171
 156 171 102
 128 181 136
 37 140 237
 125 116 29
 45 140 288
 69 199 289
 290 248 100
 53 229 143
 49 51 287
 171 290 100
 128 154 173
 3 1 291
 83 292 253
 37 283 140
 59 165 60
 12 60 165
 208 20 239
 147 185 293
 30 32 294
 133 104 295
 296 295 104
 26 263 159
 203 167 166
 150 273 297
 91 237 140
 3 291 258
 296 241 295
 49 295 241
 188 78 67
 251 158 160
 108 298 90
 162 202 219
 75 219 202
 128 178 181
 168 40 44
 255 103 299
 22 276 129
 300 276 112
 99 301 302
 147 293 284
 91 303 92
 304 97 238
 205 305 306
 184 231 113
 81 271 82
 145 101 212
 206 293 185
 85 306 305
 307 239 20
 254 16 253
 203 69 289
 65 240 66
 277 66 240
 41 275 177
 19 225 20
 307 20 225
 296 174 241
 197 110 196
 266 110 267
 278 302 301
 308 132 285
 98 309 78
 251 160 310
 24 311 25
 162 25 311
 96 260 312
 134 191 90
 108 90 191
 206 185 193
 202 259 231
 11 173 154
 313 166 113
 46 148 247
 236 225 92
 31 198 190
 52 113 166
 312 314 238
 251 292 158
 130 281 43
 315 40 170
 313 113 231
 45 288 215
 106 264 107
 139 207 265
 251 253 292
 130 276 281
 316 310 160
 91 165 303
 74 15 170
 315 170 15
 317 61 242
 296 28 38
 217 186 167
 255 299 318
 226 77 282
 30 269 319
 274 291 1
 164 136 181
 236 123 320
 197 267 110
 42 43 281
 30 319 198
 108 110 298
 266 298 110
 96 157 260
 206 281 293
 300 293 281
 164 119 256
 277 240 223
 33 35 321
 33 321 58
 194 247 159
 236 320 322
 84 241 174
 125 28 104
 147 282 77
 296 38 174
 79 283 80
 147 76 185
 150 279 102
 56 306 177
 85 177 306
 194 246 247
 270 5 4
 133 295 287
 49 287 295
 318 299 314
 323 324 61
 121 123 235
 236 235 123
 83 155 187
 317 325 61
 323 61 325
 71 204 259
 313 259 204
 56 58 321
 17 291 15
 315 15 291
 65 78 309
 90 298 285
 300 281 276
 323 280 324
 141 326 160
 24 159 247
 316 160 326
 168 44 239
 209 239 44
 79 215 288
 17 258 291
 72 193 144
 234 92 303
 88 176 89
 36 201 35
 315 286 40
 41 40 286
 56 177 275
 313 231 259
 141 279 327
 98 64 309
 75 77 220
 24 127 311
 205 321 35
 70 127 148
 63 269 294
 249 292 187
 83 187 292
 211 328 228
 153 228 328
 184 185 76
 27 329 38
 175 38 329
 261 223 233
 222 233 223
 46 247 246
 217 289 199
 22 129 149
 130 129 276
 316 326 327
 99 302 80
 194 159 263
 330 327 331
 141 327 326
 151 200 232
 270 232 200
 317 242 182
 7 182 242
 71 332 127
 156 250 161
 75 163 219
 172 192 333
 323 333 192
 59 303 165
 270 334 5
 208 18 20
 221 220 227
 304 299 105
 27 248 329
 335 329 248
 59 324 303
 211 228 301
 278 301 228
 188 190 198
 103 105 299
 274 57 275
 56 275 57
 245 82 271
 315 291 286
 274 286 291
 169 244 322
 307 322 244
 249 142 158
 111 282 284
 14 181 178
 169 320 336
 56 321 306
 245 215 82
 107 264 216
 334 337 5
 338 308 339
 139 230 207
 296 104 28
 249 158 292
 234 303 324
 205 200 305
 169 336 170
 307 244 239
 168 239 244
 153 143 229
 81 80 302
 162 332 259
 99 18 210
 151 305 200
 205 306 321
 138 272 271
 270 200 201
 266 339 285
 308 285 339
 139 137 230
 36 233 334
 222 334 233
 175 340 182
 317 182 340
 108 191 62
 236 322 225
 307 225 322
 39 86 44
 209 44 86
 79 82 215
 234 280 235
 304 105 97
 175 174 38
 153 229 228
 208 210 18
 150 297 331
 124 336 320
 53 207 230
 96 312 238
 133 97 105
 59 61 324
 71 259 332
 270 201 334
 304 238 314
 30 294 269
 6 216 264
 335 248 290
 36 334 201
 338 339 268
 254 341 16
 124 155 336
 74 336 155
 17 16 341
 234 324 280
 278 230 137
 87 152 328
 153 328 152
 266 285 298
 162 311 332
 323 192 280
 124 320 123
 330 331 297
 172 290 171
 266 268 339
 74 170 336
 150 331 279
 81 302 137
 10 337 224
 222 224 337
 222 337 334
 257 258 341
 17 341 258
 7 242 8
 114 8 242
 87 183 152
 10 224 309
 151 152 183
 10 309 64
 98 319 269
 300 284 293
 65 224 240
 304 314 299
 65 309 224
 278 137 302
 313 204 166
 99 210 301
 10 5 337
 300 112 284
 111 284 112
 203 166 204
 335 333 325
 323 325 333
 127 332 311
 169 322 320
 98 78 319
 188 319 78
 188 198 319
 85 305 183
 151 183 305
 335 340 329
 327 279 331
 156 142 250
 249 250 142
 11 154 43
 130 43 154
 175 329 340
 140 283 288
 209 86 243
 335 325 340
 317 340 325
 217 167 289
 87 328 243
 211 243 328
 335 290 333
 211 301 210
 203 289 167
 79 288 283
 172 333 290
 87 243 86
 0
 0
 0
 0
 0
 0
 0
 0
 0
 0
 0
 0
 0
 0
 0
 0
 3
 31 190 32
 18
 217 330 255 115 135 273 94 218 199 117 146 312 318 297 179 93 314 260
 0
 30
 213 226 197 63 21 245 26 55 221 118 195 138 23 107 25 227 256 163 263 216 119 268 267 126 32 207 294 214 265 272
 8
 277 189 34 262 66 261 190 67
 0
 16
 254 316 251 330 33 0 34 252 257 2 327 58 57 180 310 341
