297 529
8.820605 5.021739 1
8.722643 4.893626 1
8.893986 4.907285 1
8.833369 4.807293 1
8.564707 5.134566 1
8.709617 5.112521 1
8.627939 5.212504 1
9.364298 5.069196 1
9.440231 4.961960 1
9.521749 5.133544 1
9.111339 3.475663 1
9.189052 3.630861 1
9.037111 3.620797 1
8.873552 5.163724 1
8.990396 5.045081 1
8.541680 4.309810 2
8.655129 4.284656 1
8.563005 4.423867 1
9.739560 3.850509 1
9.820748 3.979503 1
9.701102 4.005759 1
8.583735 5.031181 1
9.252457 3.526508 1
9.084210 2.774578 3
9.210153 2.670109 2
9.204548 2.809502 1
8.627259 5.314714 1
8.528218 5.353157 1
8.491294 5.224998 1
9.130545 5.131914 1
9.106349 4.979466 1
9.232071 5.051641 1
9.087513 3.339667 1
9.026529 3.270177 1
9.144161 3.207373 1
10.000000 3.472222 0
10.000000 3.611111 0
9.854188 3.516792 1
9.892745 3.641623 1
9.493650 4.264837 1
9.630780 4.212965 1
9.569606 4.362883 1
9.701820 4.346334 1
9.792582 4.131754 1
9.182967 3.350452 1
8.678182 4.436863 1
9.655478 5.224209 1
9.658634 5.078186 1
9.803578 5.156919 1
9.763619 4.995296 1
9.512300 5.505040 1
9.580210 5.622232 2
9.396482 5.642149 2
8.857430 3.828493 1
8.906816 3.683397 1
9.000507 3.767156 1
9.144129 4.504739 1
9.057297 4.639683 1
8.979750 4.530584 1
9.565700 4.992430 1
8.883080 4.651967 1
8.993105 3.903397 1
8.602221 3.469974 2
8.556871 3.586126 1
8.437001 3.520203 2
9.287970 3.215673 1
8.462506 3.635818 1
8.570185 3.698988 1
8.418548 3.747811 2
8.578001 3.849503 1
9.656452 4.903107 1
9.331159 3.351627 1
9.454902 3.848161 1
9.314283 3.848248 1
9.434791 3.702993 1
9.291065 3.714597 1
9.365487 4.864355 1
9.463585 4.799226 1
9.342649 2.727676 2
8.745855 3.392673 2
8.746016 3.500659 1
9.545782 4.888039 1
8.982921 4.773951 1
8.638648 3.969128 1
8.518836 3.956628 1
9.543092 2.953604 2
9.449391 3.039363 1
9.423470 2.865226 2
9.884130 3.862222 1
8.791578 4.266639 1
8.735228 4.162879 1
8.901535 4.154629 1
9.789417 5.397940 1
9.743815 5.500126 1
9.629246 5.391258 1
8.927892 3.522048 1
9.239473 5.574383 2
9.357913 5.466718 1
8.397983 5.325667 2
8.892035 3.981842 1
9.009155 4.033360 1
9.185892 4.630215 1
9.595148 3.911410 1
9.261940 4.191768 1
9.137074 4.064754 1
9.294507 4.016786 1
9.013980 4.902018 1
9.164279 4.330723 1
9.119013 4.198482 1
8.799227 3.695459 1
9.201405 4.935510 1
8.791797 4.408943 1
9.896333 4.076138 1
9.731742 3.404548 1
9.595600 3.461062 1
9.617782 3.328546 1
9.484823 3.377062 1
9.010417 4.264057 1
9.024271 4.401928 1
9.596484 3.754119 1
9.405770 5.171740 1
9.544909 3.601026 1
9.696916 3.536094 1
9.843989 4.287328 1
9.836925 4.437894 1
9.314569 4.342330 1
9.643438 5.532288 1
8.751380 4.564247 1
8.861794 4.526571 1
8.695585 3.615175 1
8.902892 4.323374 1
9.774709 2.930579 2
9.830764 3.057855 1
9.671414 3.023718 1
9.370563 3.484943 1
8.706083 3.761477 1
9.268643 4.448486 1
9.642103 3.181105 1
9.752715 3.139652 1
9.735064 3.290539 1
9.659159 3.651117 1
8.808000 4.066500 1
8.343011 3.622439 2
9.867215 3.358270 1
9.443776 5.274645 1
9.352675 5.348751 1
9.293259 5.209572 1
9.338692 2.983404 1
9.569804 4.571433 1
9.660564 4.490055 1
9.656548 4.656291 1
9.775171 4.579339 1
9.252267 3.424379 1
9.587584 4.065104 1
9.477521 4.131865 1
9.749074 5.293266 1
10.000000 3.333333 0
8.822588 3.578330 1
9.308034 2.864636 1
10.000000 5.416667 0
10.000000 5.555555 0
9.862366 5.518735 1
9.370858 4.135249 1
9.017595 5.197884 1
8.943007 5.300575 1
9.893568 5.066491 1
8.480675 5.451016 2
8.444735 5.075212 1
8.351130 5.181495 1
9.681722 4.117604 1
9.726391 3.722780 1
8.834460 5.291018 1
10.000000 3.055556 0
9.896259 2.958136 1
9.088025 3.957970 1
8.494654 4.948745 1
9.476225 5.378482 1
8.308622 5.038104 2
9.197598 3.915571 1
8.432581 3.883755 2
8.877501 5.404268 1
8.893339 5.523998 2
8.761273 5.468201 2
9.267573 3.080878 1
9.146122 3.040666 1
9.486578 3.959123 1
9.894346 5.389453 1
9.878208 5.660171 2
9.104176 3.726347 1
9.389493 3.941152 1
8.697927 4.067390 1
8.621064 4.148262 1
8.538924 4.070376 1
9.240016 5.359257 1
9.740313 5.638144 2
9.408763 4.670970 1
9.303288 4.563451 1
9.457863 4.560836 1
9.392477 4.455444 1
8.717920 3.878421 1
9.557239 5.283425 1
8.764432 4.697741 1
8.626511 5.438052 2
8.739789 5.350778 1
9.124958 4.842820 1
8.711639 4.780706 1
9.007729 3.134118 2
8.913311 3.256656 2
8.648938 4.663811 1
8.508940 4.682758 2
8.535851 4.550630 2
9.121614 5.499931 2
9.218525 5.468232 1
8.912887 4.440127 1
9.035439 4.143056 1
9.851737 3.745319 1
8.688021 5.006658 1
9.894982 3.155647 1
10.000000 4.444445 0
9.895347 4.543991 1
8.737043 5.234947 1
8.499805 4.198955 2
10.000000 3.750000 0
9.397194 4.033442 1
8.972569 3.394670 1
8.846900 3.345389 1
8.770854 3.259098 2
9.161214 5.261732 1
9.048803 5.312334 1
9.491364 3.504400 1
9.526664 3.231197 1
9.097701 3.842282 1
9.548377 3.097301 1
8.251304 5.295807 3
10.000000 4.305555 0
9.896297 4.188107 1
10.000000 3.888889 0
9.328944 3.606921 1
9.785014 3.612837 1
9.289888 4.673587 1
9.515800 4.473945 1
10.000000 4.861111 0
10.000000 5.000000 0
9.878259 4.909756 1
10.000000 4.583333 0
10.000000 4.722222 0
9.880175 4.672441 1
9.114153 4.730761 1
9.030814 2.984897 2
8.224382 5.129714 2
9.407244 3.254211 1
9.918821 4.368527 1
9.861631 5.285372 1
10.000000 5.138889 0
9.914859 5.194705 1
10.000000 2.916667 0
10.000000 4.166667 0
8.469175 4.823543 2
8.601311 4.799692 1
8.446996 4.428215 2
9.230813 2.937374 1
9.832903 3.240989 1
8.856175 3.448032 1
9.875825 2.830022 2
9.334420 4.761513 1
9.202797 3.783251 1
9.363633 3.128230 1
9.383889 4.243562 1
9.734552 4.243294 1
9.444994 4.357610 1
10.000000 5.277778 0
9.531137 4.677654 1
8.589025 4.907459 1
10.000000 4.027778 0
9.457596 3.154818 1
9.217078 4.741789 1
9.261843 4.849654 1
8.388100 4.946356 2
9.602942 4.783470 1
9.717548 4.796529 1
10.000000 3.194444 0
8.651186 4.533991 1
9.763075 4.695080 1
9.120214 2.902128 2
9.816274 4.791667 1
9.921261 4.791667 1
9.132717 5.389285 1
9.006129 5.434222 2
9.435319 3.593017 1
8.780659 3.965343 1
9.310996 4.960452 1
9.763405 4.883244 1
9.661263 2.881736 2
8.426278 4.109686 2
8.420769 4.007967 2
9.919020 3.256537 1
9.926762 3.958333 1
 0 1 2
 2 1 3
 4 5 6
 7 8 9
 10 11 12
 13 0 14
 15 16 17
 18 19 20
 21 5 4
 22 11 10
 23 24 25
 26 27 28
 29 30 31
 6 26 28
 32 33 34
 35 36 37
 36 38 37
 39 40 41
 42 41 40
 43 20 19
 44 32 34
 17 16 45
 46 47 48
 49 48 47
 50 51 52
 53 54 55
 56 57 58
 59 9 8
 60 58 57
 0 2 14
 53 55 61
 62 63 64
 65 44 34
 66 67 68
 69 68 67
 59 70 47
 65 71 44
 72 73 74
 75 74 73
 76 77 8
 25 24 78
 62 79 80
 77 81 8
 60 57 82
 69 83 84
 85 86 87
 18 88 19
 89 90 91
 92 93 94
 95 12 54
 96 97 52
 50 52 97
 98 28 27
 49 47 70
 53 61 99
 100 99 61
 56 101 57
 18 20 102
 103 104 105
 106 14 2
 103 107 108
 53 109 54
 110 31 30
 45 16 111
 103 108 104
 43 19 112
 113 114 115
 116 115 114
 13 5 0
 117 107 118
 56 118 107
 72 119 102
 7 9 120
 121 114 122
 42 123 124
 103 125 107
 94 93 126
 127 111 128
 129 62 80
 89 91 130
 131 132 133
 18 102 119
 29 14 30
 116 134 71
 129 135 67
 69 67 135
 56 107 136
 137 138 139
 121 122 140
 141 91 90
 66 68 142
 35 37 143
 144 145 146
 147 87 86
 148 149 150
 151 150 149
 22 10 152
 44 152 10
 60 82 3
 153 40 154
 39 154 40
 137 139 115
 46 48 155
 156 35 143
 92 94 155
 46 155 94
 95 54 157
 45 111 127
 25 78 158
 54 12 55
 59 47 9
 159 160 161
 103 105 162
 13 163 164
 42 124 149
 151 149 124
 49 165 48
 98 27 166
 167 28 168
 43 169 20
 167 21 4
 144 146 120
 18 119 170
 22 152 134
 50 94 126
 107 125 136
 13 164 171
 172 132 173
 100 61 174
 100 91 99
 141 99 91
 121 119 74
 72 74 119
 167 175 21
 56 58 118
 53 135 109
 117 130 91
 50 176 94
 167 168 177
 178 73 105
 69 179 68
 180 181 182
 65 34 183
 184 183 34
 153 154 185
 119 140 170
 159 161 186
 160 187 161
 188 55 12
 73 189 105
 190 191 192
 193 146 145
 98 168 28
 89 111 16
 194 51 126
 83 190 192
 195 196 197
 198 197 196
 69 199 83
 46 94 200
 134 152 71
 60 3 201
 202 26 203
 106 82 204
 1 205 3
 184 34 206
 33 207 206
 167 4 28
 144 9 200
 46 200 9
 202 27 26
 208 209 210
 96 211 212
 213 128 111
 132 138 133
 66 64 63
 131 173 132
 117 108 107
 100 104 214
 18 215 88
 1 0 216
 172 217 132
 198 196 136
 46 9 47
 29 31 146
 7 146 31
 218 219 124
 3 82 2
 13 220 5
 191 16 221
 15 221 16
 178 104 174
 100 174 104
 180 203 171
 222 88 215
 56 196 101
 106 2 82
 223 185 154
 50 97 176
 95 224 10
 225 226 207
 69 84 179
 29 227 163
 228 163 227
 116 229 134
 42 149 41
 137 115 230
 188 12 11
 188 231 55
 137 230 232
 60 128 58
 21 216 5
 180 182 203
 83 192 84
 178 105 104
 98 233 168
 129 80 157
 234 123 235
 117 118 130
 213 130 118
 202 203 182
 208 127 201
 60 201 127
 222 236 88
 22 134 237
 238 37 38
 113 37 122
 238 122 37
 7 120 146
 195 239 196
 6 28 4
 29 146 227
 193 227 146
 41 149 240
 129 63 62
 69 135 199
 153 185 102
 96 212 97
 193 97 212
 241 242 243
 244 245 246
 151 124 219
 56 136 196
 33 206 34
 82 247 204
 153 102 20
 59 8 81
 121 140 119
 13 14 163
 29 163 14
 13 171 220
 184 206 248
 249 177 168
 65 250 71
 113 143 37
 218 124 251
 48 252 155
 144 120 9
 198 136 125
 193 145 97
 95 10 12
 202 166 27
 253 254 165
 255 172 173
 256 234 235
 257 209 258
 208 258 209
 259 17 210
 147 183 260
 184 260 183
 148 240 149
 261 139 138
 0 5 216
 222 215 38
 44 10 32
 80 262 157
 75 237 74
 255 173 263
 195 77 264
 76 264 77
 72 102 185
 242 253 165
 188 265 231
 147 86 266
 39 267 154
 61 55 231
 218 244 219
 42 268 123
 194 161 187
 75 265 11
 188 11 265
 240 198 269
 249 168 233
 154 267 162
 147 266 183
 270 159 186
 270 186 252
 116 71 250
 36 222 38
 116 114 229
 15 17 259
 41 240 269
 148 271 197
 49 243 165
 21 272 216
 48 165 254
 75 73 265
 178 265 73
 273 256 112
 274 232 230
 113 139 143
 131 263 173
 275 276 204
 110 204 276
 104 108 214
 44 71 152
 223 162 105
 53 199 135
 129 109 135
 213 118 58
 95 157 262
 242 165 243
 129 67 63
 257 175 277
 106 30 14
 39 41 269
 278 150 279
 172 280 217
 113 122 114
 208 210 281
 150 282 279
 6 5 220
 116 230 115
 25 283 23
 195 197 271
 57 247 82
 43 123 268
 208 281 127
 244 246 219
 45 127 281
 137 133 138
 113 115 139
 208 205 258
 43 235 123
 257 258 272
 97 145 176
 124 123 251
 234 251 123
 151 219 246
 198 125 269
 144 200 176
 94 176 200
 210 17 281
 92 186 161
 103 267 125
 261 143 139
 45 281 17
 153 169 40
 42 40 268
 22 237 11
 75 11 237
 257 272 175
 147 260 158
 60 127 128
 144 176 145
 284 285 243
 241 243 285
 1 216 272
 110 30 204
 106 204 30
 228 164 163
 121 229 114
 245 285 246
 284 246 285
 203 26 220
 208 201 205
 238 140 122
 228 286 287
 211 287 286
 238 38 215
 180 287 181
 117 91 214
 18 170 215
 238 215 170
 21 175 272
 6 220 26
 74 237 288
 147 158 87
 137 232 133
 85 133 232
 223 105 189
 83 289 190
 148 150 271
 213 58 128
 25 260 283
 256 235 112
 195 264 239
 261 138 217
 132 217 138
 184 283 260
 50 126 51
 25 158 260
 284 282 246
 151 246 282
 66 63 67
 203 220 171
 89 130 111
 213 111 130
 110 290 31
 7 31 290
 33 224 207
 225 207 224
 121 74 288
 100 214 91
 89 16 90
 191 90 16
 284 243 291
 49 291 243
 194 93 161
 66 142 64
 3 205 201
 65 266 250
 92 161 93
 95 262 224
 225 224 262
 278 77 271
 131 133 292
 85 292 133
 274 250 266
 92 155 252
 195 271 77
 293 294 192
 84 192 294
 234 218 251
 253 270 254
 57 101 247
 275 247 101
 270 252 254
 117 214 108
 280 156 295
 92 252 186
 153 20 169
 129 157 109
 278 271 150
 83 199 289
 225 79 226
 10 224 32
 245 241 285
 194 126 93
 40 169 268
 43 268 169
 48 254 252
 236 273 296
 275 264 276
 76 276 264
 275 204 247
 116 250 230
 180 171 164
 1 258 205
 33 32 224
 1 272 258
 184 248 283
 274 230 250
 156 143 295
 278 279 70
 84 294 179
 72 189 73
 141 190 289
 151 282 150
 167 277 175
 76 290 276
 110 276 290
 78 87 158
 293 192 221
 191 221 192
 261 295 143
 273 112 296
 19 296 112
 278 81 77
 167 177 277
 238 170 140
 228 287 164
 180 164 287
 76 8 290
 7 290 8
 274 266 86
 80 79 262
 225 262 79
 65 183 266
 49 70 291
 43 112 235
 278 70 81
 211 286 212
 193 212 286
 59 81 70
 275 101 239
 196 239 101
 228 227 286
 193 286 227
 54 109 157
 178 231 265
 223 154 162
 53 99 289
 134 288 237
 191 190 90
 70 279 291
 72 185 189
 223 189 185
 125 267 269
 103 162 267
 236 296 88
 19 88 296
 141 289 99
 53 289 199
 85 232 86
 274 86 232
 275 239 264
 261 217 295
 284 279 282
 39 269 267
 280 295 217
 121 288 229
 134 229 288
 61 231 174
 178 174 231
 198 240 197
 148 197 240
 141 90 190
 284 291 279
 0
 0
 0
 0
 0
 0
 0
 0
 0
 0
 0
 0
 0
 8
 131 85 78 24 263 87 292 23
 0
 0
 13
 202 98 194 96 211 52 233 181 187 182 287 51 166
 0
 24
 257 249 293 15 68 62 259 210 233 206 209 226 142 221 248 177 23 283 179 277 64 207 79 294
 0
 0
 0
 0
 0
 0
 0
