292 517
8.801050 9.198662 1
8.869520 9.071326 1
8.952404 9.183449 1
8.660706 9.433530 1
8.734312 9.573100 1
8.588496 9.554889 1
9.209220 8.478637 1
9.133777 8.313864 1
9.279152 8.331158 1
8.532495 9.432484 1
8.260413 8.917900 1
8.128414 8.872846 2
8.244508 8.745080 3
8.472222 10.000000 0
8.333333 10.000000 0
8.410002 9.835957 1
10.000000 8.333333 0
10.000000 8.472222 0
9.833633 8.423933 1
8.417400 9.362967 1
8.413969 9.205578 1
8.555108 9.297521 1
8.544679 9.132903 1
8.194445 10.000000 0
8.096696 9.865049 1
8.265920 9.873768 1
10.000000 8.194445 0
9.872749 8.260237 1
9.866494 8.090914 1
8.781828 8.801836 1
8.649385 8.738236 1
8.818125 8.659156 1
9.130144 7.937394 2
9.225966 7.866392 2
9.220140 8.040486 1
9.688526 9.331212 1
9.532619 9.391139 1
9.557771 9.270160 1
9.319926 7.938755 1
10.000000 8.611111 0
9.850028 8.713051 1
9.900642 8.541667 1
8.611111 10.000000 0
8.541667 9.900642 1
8.713051 9.850028 1
8.381642 9.668290 1
8.440768 9.513515 1
8.504643 9.684635 1
8.030688 8.980727 1
7.947371 9.103440 2
7.889166 8.981995 2
9.660365 8.387761 1
9.581254 8.240078 1
9.731511 8.276791 1
9.166667 10.000000 0
9.060560 9.875159 1
9.228572 9.881005 1
10.000000 9.166667 0
9.881005 9.228572 1
9.878537 9.047251 1
9.099599 8.461967 1
9.624427 9.482075 1
9.421269 7.660341 1
9.493247 7.573498 2
9.560072 7.710315 1
9.420495 8.666971 1
9.306875 8.757733 1
9.300120 8.605878 1
8.872752 8.273797 2
8.795718 8.419788 1
8.723754 8.332795 2
8.395918 8.841307 1
9.789640 8.569086 1
9.690856 8.508653 1
9.730481 9.446910 1
9.731496 9.595981 1
9.083322 8.761953 1
9.034164 8.900838 1
8.968506 8.822564 1
9.600762 7.588399 1
9.609865 8.588952 1
9.558648 8.718589 1
9.508277 8.578885 1
9.355014 8.099744 1
8.916683 8.432035 1
9.808538 9.510171 1
8.654994 9.188523 1
9.659810 9.172133 1
9.140837 8.902877 1
9.440724 8.011049 1
9.590465 9.587537 1
10.000000 8.750000 0
8.750000 10.000000 0
9.857409 9.655199 1
9.706584 9.735977 1
9.492661 8.865435 1
9.436858 9.008142 1
9.380994 8.853726 1
9.803100 9.803100 1
8.568278 9.788975 1
9.036724 9.089385 1
10.000000 7.638889 0
10.000000 7.777778 0
9.844862 7.724136 2
9.505859 9.805383 1
9.573610 9.708761 1
9.645881 9.861273 1
8.943639 9.813982 1
9.063405 9.701385 1
8.789272 9.702189 1
8.879976 9.577625 1
8.928077 9.695581 1
9.348514 8.469637 1
9.001785 8.516606 1
8.965353 8.661506 1
8.903607 8.562360 1
9.085503 8.581209 1
9.294868 8.933568 1
9.322405 9.700066 1
9.356080 9.550115 1
9.444659 9.701771 1
9.480726 9.589083 1
8.688490 8.584172 1
9.412123 8.248993 1
9.472584 8.137895 1
8.678230 9.297966 1
9.675336 8.168266 1
9.270805 8.205359 1
9.199769 8.809722 1
9.189078 8.646520 1
8.980009 8.994673 1
8.061770 9.128206 1
8.880564 9.289346 1
9.650190 9.662862 1
8.197098 9.755339 1
9.773701 8.182172 1
8.715010 9.002016 1
8.869476 8.919353 1
9.131266 9.788682 1
9.786017 9.135469 1
8.363414 8.990734 1
8.267426 9.061483 1
9.444445 10.000000 0
9.305555 10.000000 0
9.375769 9.846493 1
10.000000 9.305555 0
10.000000 9.444445 0
9.847774 9.376101 1
9.579082 8.071854 1
8.289546 9.451973 1
9.150931 8.167719 1
9.014147 8.175214 2
9.419034 8.375373 1
9.189544 9.629596 1
9.243043 9.770309 1
8.505263 8.750494 1
8.387732 8.693430 2
8.535817 8.623773 2
8.153561 9.019844 1
8.168123 9.386144 1
8.029886 9.428067 1
8.076845 9.273692 1
7.941777 9.321276 1
8.997957 8.295401 1
8.271926 9.284926 1
9.404091 8.558254 1
8.654115 8.866799 1
9.431934 8.772491 1
8.354466 9.100688 1
8.455243 9.059108 1
9.121969 9.285225 1
9.221124 9.180266 1
9.282174 9.297025 1
8.308353 9.756657 1
9.527425 8.347806 1
9.512856 9.909224 1
9.913005 9.513889 1
8.654727 9.690136 1
9.369934 9.169523 1
9.507711 9.150927 1
9.407161 9.290156 1
9.213453 9.470921 1
8.181029 9.167747 1
8.755107 8.897501 1
9.722222 10.000000 0
9.583333 10.000000 0
10.000000 9.583333 0
10.000000 9.722222 0
8.327882 9.567870 1
8.884953 8.758950 1
9.697988 7.781382 1
9.697448 7.657166 2
8.844609 9.791304 1
8.541244 8.860346 1
8.055555 10.000000 0
10.000000 8.055555 0
9.884976 7.874085 1
9.089998 9.179560 1
9.027778 10.000000 0
10.000000 9.027778 0
8.781221 9.350517 1
9.001717 9.294336 1
8.901231 9.415819 1
8.789835 9.467961 1
7.806282 9.365907 2
7.881345 9.226439 2
8.585171 8.996217 1
9.719251 9.037647 1
9.592237 9.045720 1
9.200950 8.995839 1
7.981822 9.210610 1
7.973966 9.793027 2
7.926123 9.647036 2
8.071431 9.707599 1
8.057083 9.574646 1
9.793027 7.973966 1
9.711129 8.070436 1
9.649418 7.925094 1
9.774055 7.855732 1
9.067988 9.416265 1
9.045720 9.592237 1
9.700743 8.660844 1
9.695756 8.787876 1
9.195999 9.364137 1
9.815688 8.941504 1
9.288770 9.063309 1
9.562283 8.942449 1
9.461425 7.753967 1
9.411857 9.411857 1
9.486769 9.490499 1
8.969739 9.506767 1
9.032669 8.395570 1
9.360974 7.795764 2
8.798096 8.528203 1
10.000000 7.916667 0
7.916667 10.000000 0
7.777778 10.000000 0
7.874085 9.884976 2
10.000000 10.000000 0
9.861111 10.000000 0
9.892176 9.892176 1
10.000000 9.861111 0
9.113083 9.518191 1
8.702957 8.452410 1
9.895024 8.848654 1
8.849010 9.894740 1
7.989208 8.853703 2
8.291677 9.171988 1
9.305600 9.407574 1
8.146068 9.499043 1
8.165795 9.623449 1
9.772626 9.248697 1
8.603163 8.493831 1
9.085225 8.050256 1
9.786070 8.846450 1
9.784898 9.911309 1
9.908722 9.780123 1
9.170499 9.091424 1
8.621593 8.387638 1
8.587319 8.288657 2
8.964221 8.030745 2
8.492793 8.512167 2
7.861919 9.508206 2
7.967513 9.517891 1
8.240347 9.555644 1
9.680498 8.920775 1
10.000000 8.888889 0
8.888889 10.000000 0
8.731964 9.111744 1
8.467096 8.941441 1
9.309827 7.662305 2
8.280940 9.651610 1
9.473185 8.467130 1
9.534204 7.948786 1
8.505053 8.391668 2
9.605901 7.830323 1
9.598125 8.847374 1
9.583376 8.473415 1
8.174481 9.278128 1
9.503384 7.849445 1
9.414783 7.904535 1
7.919417 9.419112 1
9.560238 7.471699 2
9.680796 7.517345 2
9.031474 7.947983 2
8.642211 9.086759 1
9.907170 7.983811 1
7.983394 9.908610 1
8.953975 9.916777 1
9.918360 8.952032 1
9.095088 8.995237 1
9.377488 7.560817 3
 0 1 2
 3 4 5
 6 7 8
 3 5 9
 10 11 12
 13 14 15
 16 17 18
 19 20 21
 22 21 20
 23 24 25
 26 27 28
 29 30 31
 32 33 34
 35 36 37
 33 38 34
 39 40 41
 42 43 44
 45 46 47
 5 47 46
 48 49 50
 51 52 53
 54 55 56
 57 58 59
 6 60 7
 35 61 36
 62 63 64
 65 66 67
 68 69 70
 10 12 71
 72 73 18
 61 74 75
 76 77 78
 51 18 73
 79 64 63
 80 81 82
 82 81 65
 38 83 34
 68 84 69
 19 21 9
 85 75 74
 22 86 21
 35 37 87
 76 88 77
 38 89 83
 61 75 90
 39 91 40
 92 42 44
 93 94 75
 95 96 97
 98 94 93
 99 15 47
 2 1 100
 45 47 15
 101 102 103
 104 105 106
 106 105 94
 107 108 55
 109 110 111
 6 112 67
 113 114 115
 116 114 113
 117 97 96
 118 119 120
 121 120 119
 35 74 61
 122 31 30
 123 83 124
 125 3 21
 52 126 53
 21 3 9
 123 127 83
 66 128 129
 130 100 1
 48 131 49
 76 129 128
 0 2 132
 133 90 75
 134 25 24
 135 28 27
 136 137 1
 76 78 114
 72 41 40
 99 44 43
 5 46 9
 138 56 55
 139 59 58
 72 18 41
 99 43 15
 117 128 66
 10 140 141
 142 143 144
 145 146 147
 148 52 124
 123 124 52
 13 15 43
 17 41 18
 14 25 15
 16 18 27
 19 46 149
 138 55 108
 150 7 151
 123 152 8
 138 153 154
 155 156 157
 138 108 153
 10 141 158
 117 66 97
 159 160 161
 162 161 160
 68 163 84
 127 7 150
 8 7 127
 12 156 71
 19 164 20
 67 112 165
 104 144 120
 118 120 144
 29 166 30
 65 167 66
 168 169 20
 22 20 169
 170 171 172
 45 15 173
 51 53 18
 51 174 52
 142 144 175
 146 176 147
 109 4 110
 99 177 44
 109 44 177
 48 11 158
 178 179 180
 37 180 179
 181 119 153
 118 153 119
 182 161 131
 136 183 137
 123 52 174
 184 185 106
 186 187 93
 10 158 11
 46 188 149
 8 152 112
 29 189 137
 78 137 189
 76 114 116
 66 129 67
 117 88 128
 115 114 31
 148 126 52
 190 191 103
 109 111 192
 166 193 30
 193 155 30
 23 194 24
 195 26 28
 151 7 163
 6 129 116
 102 196 103
 6 8 112
 170 197 171
 5 4 177
 54 198 55
 199 57 59
 123 8 127
 0 200 125
 150 34 127
 83 127 34
 19 9 46
 0 125 86
 170 201 197
 2 197 201
 202 110 203
 104 175 144
 85 147 176
 162 204 205
 136 206 166
 76 128 88
 139 87 207
 208 207 87
 117 209 88
 161 210 131
 211 212 213
 214 213 212
 215 216 217
 148 217 216
 6 67 129
 190 103 218
 170 219 201
 202 201 219
 220 111 110
 72 40 221
 222 221 40
 181 219 223
 224 59 207
 215 28 216
 135 216 28
 211 213 24
 134 24 213
 80 221 81
 130 1 137
 178 225 96
 117 96 225
 95 226 96
 170 223 219
 62 64 227
 178 96 179
 208 179 96
 228 229 119
 135 53 126
 228 180 36
 37 36 180
 170 172 223
 130 137 77
 143 56 144
 145 147 58
 178 172 171
 107 111 108
 186 93 176
 185 175 106
 220 110 230
 231 84 163
 38 33 232
 202 230 110
 78 77 137
 115 233 84
 139 207 59
 178 180 172
 85 176 93
 104 106 175
 159 164 149
 19 149 164
 31 114 189
 69 84 233
 102 234 196
 235 236 237
 238 239 240
 238 240 241
 85 74 147
 35 147 74
 155 71 156
 181 242 219
 118 154 153
 122 243 233
 182 131 158
 48 158 131
 91 244 40
 92 44 245
 148 124 89
 83 89 124
 48 50 246
 48 246 11
 6 116 60
 220 153 108
 20 164 247
 37 179 87
 208 87 179
 121 119 229
 222 81 221
 208 96 226
 228 119 248
 76 116 129
 214 249 250
 118 144 154
 35 251 147
 231 7 60
 14 23 25
 26 16 27
 103 196 218
 122 157 252
 110 4 203
 2 201 132
 168 141 140
 150 151 253
 202 219 230
 109 192 44
 222 40 254
 29 183 166
 136 166 183
 184 106 255
 98 255 106
 98 93 256
 187 256 93
 257 171 197
 143 54 56
 57 145 58
 258 259 70
 122 252 243
 228 248 180
 172 180 248
 133 75 94
 260 253 151
 155 193 71
 109 177 4
 261 252 157
 168 20 247
 262 263 212
 264 250 249
 224 207 265
 91 266 244
 267 92 245
 181 248 119
 98 106 94
 85 93 75
 133 94 105
 99 47 177
 5 177 47
 32 34 253
 136 1 268
 0 268 1
 72 221 73
 80 73 221
 65 67 165
 214 212 263
 166 206 193
 269 140 71
 3 125 200
 62 232 270
 214 160 249
 159 249 160
 79 191 64
 190 64 191
 10 71 140
 35 87 251
 269 71 193
 139 251 87
 134 271 173
 220 242 153
 181 153 242
 159 149 249
 264 249 149
 134 250 271
 215 217 218
 190 218 217
 68 151 163
 150 253 34
 182 158 141
 272 165 112
 45 188 46
 115 31 233
 148 273 217
 202 203 200
 3 200 203
 208 265 207
 144 56 154
 147 251 58
 222 254 265
 224 265 254
 49 131 210
 261 274 252
 258 252 274
 3 203 4
 190 217 275
 15 25 173
 134 173 25
 135 27 53
 18 53 27
 61 90 229
 202 200 132
 122 233 31
 222 265 276
 222 276 81
 66 167 97
 122 30 157
 214 250 213
 51 277 174
 159 161 278
 107 192 111
 22 169 206
 269 206 169
 279 280 232
 95 167 81
 65 81 167
 40 244 254
 44 192 245
 258 274 259
 182 278 161
 0 132 200
 262 204 281
 162 281 204
 220 230 242
 219 242 230
 162 210 161
 214 263 160
 162 160 281
 279 232 227
 79 282 283
 148 216 126
 32 253 284
 178 171 225
 17 39 41
 42 13 43
 38 232 280
 272 174 277
 269 193 206
 208 226 265
 29 31 189
 0 86 268
 148 89 273
 95 81 276
 21 86 125
 182 164 278
 155 157 30
 182 247 164
 79 283 191
 264 149 188
 202 132 201
 62 227 232
 38 280 89
 159 278 164
 257 225 171
 22 285 86
 217 273 275
 29 137 183
 215 196 286
 234 286 196
 211 287 237
 235 237 287
 231 163 7
 61 229 36
 78 189 114
 194 235 287
 234 195 286
 239 184 255
 187 241 256
 194 287 24
 195 28 286
 279 275 273
 215 286 28
 211 24 287
 69 233 243
 185 142 175
 146 186 176
 121 105 120
 260 284 253
 121 90 105
 121 229 90
 134 213 250
 198 267 288
 266 199 289
 279 64 275
 190 275 64
 215 218 196
 279 227 64
 139 58 251
 138 154 56
 79 63 282
 272 112 152
 257 209 225
 117 225 209
 257 197 100
 136 285 206
 257 100 290
 220 108 111
 224 244 289
 266 289 244
 267 245 288
 107 288 245
 279 273 280
 89 280 273
 272 152 174
 123 174 152
 239 255 240
 241 240 256
 135 126 216
 22 206 285
 115 84 113
 231 113 84
 80 277 73
 130 77 290
 88 290 77
 62 270 291
 104 120 105
 133 105 90
 198 288 55
 199 59 289
 45 173 271
 80 82 277
 51 73 277
 62 291 63
 65 165 82
 107 245 192
 224 254 244
 136 268 285
 181 223 248
 172 248 223
 264 271 250
 228 36 229
 224 289 59
 107 55 288
 98 256 240
 98 240 255
 272 277 82
 95 97 167
 88 209 290
 258 243 252
 269 169 140
 116 113 60
 69 243 70
 258 70 243
 168 140 169
 262 281 263
 160 263 281
 265 226 276
 86 285 268
 257 290 209
 2 100 197
 272 82 165
 45 271 188
 95 276 226
 130 290 100
 264 188 271
 182 141 247
 49 210 205
 231 60 113
 168 247 141
 162 205 210
 0
 0
 0
 0
 0
 0
 0
 0
 0
 0
 0
 0
 0
 0
 0
 0
 6
 103 191 63 283 282 291
 0
 0
 11
 211 262 49 12 11 212 204 237 246 50 205
 0
 0
 16
 68 260 261 32 12 151 156 232 157 274 33 70 270 291 259 284
 0
 0
 0
