302 528
5.530718 0.481856 1
5.695170 0.474101 1
5.646289 0.628994 1
5.069196 0.635702 1
4.961960 0.559769 1
5.133544 0.478251 1
3.475663 0.888661 2
3.630861 0.810948 1
3.620797 0.962889 1
3.850509 0.260440 1
3.979503 0.179251 1
4.005759 0.298898 1
3.526508 0.747543 2
5.131914 0.869455 1
4.979466 0.893651 1
5.051641 0.767929 1
3.472222 0.000000 0
3.611111 0.000000 0
3.516792 0.145812 1
3.641623 0.107255 1
4.264837 0.506349 1
4.212965 0.369220 1
4.362883 0.430394 1
4.346334 0.298179 1
4.131754 0.207418 1
6.361014 1.300424 1
6.245265 1.175609 1
6.418029 1.163651 1
6.311475 1.063067 1
5.380229 0.370990 1
5.504284 0.305714 1
4.995296 0.236381 1
5.156919 0.196422 1
5.078186 0.341365 1
5.224209 0.344523 1
3.828493 1.142571 2
3.683397 1.093184 1
3.767156 0.999493 1
4.504739 0.855871 1
4.639683 0.942703 1
4.530584 1.020250 1
4.992430 0.434300 1
6.232086 0.489105 1
6.130297 0.402729 1
6.309723 0.352951 2
6.175150 0.288281 1
4.651967 1.116920 2
5.614038 0.973464 1
5.434222 0.993871 2
5.499931 0.878386 1
3.903397 1.006895 1
4.903107 0.343548 1
6.230560 1.344904 1
6.201416 1.471436 1
6.086552 1.410100 1
3.714597 0.708935 1
3.702993 0.565209 1
3.848248 0.685716 1
3.848161 0.545098 1
4.864355 0.634513 1
4.799226 0.536415 1
6.130081 1.262278 1
5.523998 1.106661 2
5.616538 0.374448 1
4.888039 0.454218 1
4.773951 1.017079 1
3.862222 0.115869 1
3.522048 1.072109 2
5.574383 0.760526 1
5.472854 0.651649 1
3.981842 1.107964 2
4.033360 0.990844 1
4.630215 0.814108 1
3.911410 0.404852 1
4.191768 0.738060 1
4.064754 0.862926 1
4.016786 0.705493 1
4.902018 0.986021 1
5.045081 1.009605 2
4.907285 1.106014 2
6.422426 1.621216 2
6.284449 1.579454 2
6.390977 1.521575 1
4.330723 0.835721 1
4.198482 0.880987 1
3.695457 1.200774 3
6.012587 0.979377 1
5.989002 1.095738 1
5.884440 1.047806 1
5.899824 0.937686 1
4.935510 0.798596 1
6.086993 0.833166 1
6.152033 0.968888 1
5.613404 0.247793 1
5.775684 0.178337 1
5.738230 0.320551 1
5.846208 1.398244 2
5.911312 1.262849 1
5.969497 1.377423 1
6.580320 1.413871 1
6.676661 1.313509 2
6.676695 1.483973 3
5.815335 0.449445 1
4.076138 0.103667 1
3.404548 0.268258 1
3.461062 0.404400 1
3.328546 0.382219 2
3.377062 0.515177 2
4.264057 0.989583 1
4.401928 0.975729 1
5.656200 0.116656 1
3.754119 0.403516 1
5.171740 0.594230 1
3.601026 0.455091 1
3.536094 0.303084 1
5.791094 1.253505 1
4.287328 0.156011 1
4.437894 0.163075 1
4.342330 0.685432 1
4.266639 1.208421 2
4.154629 1.098465 2
4.323374 1.097108 1
6.759270 1.021705 2
6.719118 1.165979 2
6.623026 1.060949 1
4.448486 0.731356 1
3.181105 0.357897 2
3.139652 0.247285 2
3.290539 0.264936 1
3.651117 0.340842 1
5.776108 0.965661 1
5.746908 1.073127 1
6.021003 1.303025 1
3.358270 0.132785 1
5.274645 0.556224 1
5.348751 0.647325 1
5.209572 0.706741 1
4.571433 0.430196 1
4.490055 0.339435 1
4.656291 0.343453 1
4.579339 0.224829 1
4.807293 1.166631 2
4.065104 0.412415 1
4.131865 0.522479 1
5.293349 0.250840 1
3.333333 0.000000 0
5.401428 0.214096 1
3.578319 1.177414 2
6.324122 0.610765 1
6.351065 0.492053 2
5.964937 0.861226 1
5.967681 0.740476 1
6.096727 0.612747 1
6.209965 0.725599 1
6.069672 0.717208 1
5.416667 0.000000 0
5.555555 0.000000 0
5.504745 0.142925 1
4.135249 0.629142 1
6.319388 0.847432 1
6.376384 0.726212 1
5.776990 0.694899 1
5.785912 0.573163 1
6.204954 0.596510 1
5.751071 1.354306 2
5.700864 1.196129 2
6.109220 1.114250 1
6.017458 1.194945 1
5.066491 0.106432 1
5.736123 0.856853 1
4.117604 0.318278 1
5.857598 0.815424 1
6.111111 0.000000 0
6.250000 0.000000 0
6.180937 0.137478 1
5.636862 1.106228 2
6.474845 0.818576 2
6.385768 0.954320 1
6.515819 0.965129 2
6.462369 1.397370 1
6.324215 1.436751 1
3.722780 0.273609 1
5.678832 0.759675 1
5.847640 0.347198 1
6.571663 1.316208 1
6.483446 1.273219 1
5.622250 0.846234 1
5.878862 0.239091 1
5.876892 0.663522 1
5.972222 0.000000 0
6.067082 0.109985 1
5.898426 0.116071 1
3.957970 0.911975 1
5.387472 0.522666 1
3.915571 0.802402 1
3.959123 0.513422 1
5.389453 0.105653 1
5.982413 1.512895 2
6.119349 1.567009 2
6.025159 1.666218 3
3.726347 0.895825 1
3.941152 0.610507 1
5.359257 0.759984 1
4.455444 0.607523 1
4.560836 0.542137 1
4.563451 0.696712 1
4.670970 0.591237 1
5.283319 0.442716 1
4.842820 0.875042 1
6.502028 0.681337 2
5.468232 0.781475 1
4.440127 1.087113 1
4.526571 1.138205 2
4.408943 1.208203 2
4.143056 0.964561 1
3.745319 0.148263 1
4.444445 0.000000 0
4.543991 0.104653 1
5.694445 0.000000 0
3.750000 0.000000 0
4.033442 0.602806 1
5.994103 0.213297 1
5.312334 0.951196 1
5.197884 0.982405 2
5.261732 0.838786 1
3.504400 0.508635 1
3.484943 0.629437 2
3.842282 0.902299 1
6.433274 0.580817 2
4.305555 0.000000 0
4.188107 0.103704 1
5.921306 1.142314 1
3.888889 0.000000 0
3.606921 0.671055 1
6.590637 1.189853 1
3.612837 0.214986 1
6.507941 1.506101 2
4.673587 0.710112 1
6.375421 0.217663 2
6.264836 0.224408 1
4.473945 0.484199 1
4.861111 0.000000 0
5.000000 0.000000 0
4.909756 0.121741 1
4.583333 0.000000 0
4.722222 0.000000 0
4.672441 0.119825 1
6.209862 1.066738 1
4.730761 0.885847 1
4.368527 0.081179 1
5.285372 0.138369 1
6.201790 0.855314 1
5.138889 0.000000 0
5.194705 0.085142 1
4.166667 0.000000 0
6.303110 0.114363 1
6.527778 0.000000 0
6.498920 0.145414 2
6.405153 0.101550 1
3.240989 0.167097 1
6.388889 0.000000 0
4.761513 0.665579 1
6.096117 0.210944 1
6.511671 1.081840 1
3.783251 0.797203 1
6.417073 1.053950 1
4.243562 0.616111 1
4.243294 0.265448 1
4.357610 0.555006 1
5.277778 0.000000 0
4.677654 0.468864 1
4.027778 0.000000 0
5.833333 0.000000 0
4.741789 0.782922 1
4.849654 0.738157 1
6.645611 0.936113 2
4.783470 0.397058 1
4.796529 0.282452 1
3.055556 0.000000 0
3.194444 0.000000 0
3.155647 0.105018 2
4.695080 0.236925 1
4.791667 0.183726 1
4.791667 0.078739 1
5.300575 1.056993 2
5.389285 0.867283 1
6.263386 0.959293 1
3.593017 0.564681 1
5.763889 0.075243 1
4.960452 0.689004 1
5.986506 0.632032 1
4.883244 0.236595 1
5.825987 1.162622 1
3.256537 0.080980 1
3.958333 0.073239 1
6.116432 0.504141 1
5.955906 0.325406 1
5.925706 0.435554 1
5.899045 0.541603 1
6.025506 0.407118 1
6.009024 0.516635 1
6.063309 0.305677 1
 0 1 2
 3 4 5
 6 7 8
 9 10 11
 12 7 6
 13 14 15
 16 17 18
 17 19 18
 20 21 22
 23 22 21
 24 11 10
 25 26 27
 28 27 26
 0 29 30
 31 32 33
 34 33 32
 35 36 37
 38 39 40
 41 5 4
 42 43 44
 44 43 45
 46 40 39
 47 48 49
 35 37 50
 41 51 33
 52 53 54
 55 56 57
 58 57 56
 59 60 4
 61 52 54
 47 62 48
 0 63 1
 4 60 64
 46 39 65
 0 30 63
 9 66 10
 67 8 36
 68 69 2
 0 2 69
 31 33 51
 35 50 70
 71 70 50
 38 72 39
 9 11 73
 74 75 76
 77 78 79
 80 81 82
 74 83 84
 35 85 36
 86 87 88
 89 86 88
 90 15 14
 91 92 86
 93 94 95
 96 97 98
 74 84 75
 99 100 101
 1 95 102
 24 10 103
 104 105 106
 107 106 105
 108 83 109
 38 109 83
 93 110 94
 58 111 73
 3 5 112
 113 105 114
 115 97 96
 23 116 117
 74 118 83
 119 120 121
 9 73 111
 13 78 14
 122 123 124
 38 83 125
 126 127 128
 113 114 129
 47 130 131
 132 61 54
 16 18 133
 134 135 136
 137 138 139
 140 139 138
 132 98 97
 46 65 141
 142 21 143
 20 143 21
 126 128 106
 34 32 144
 145 16 133
 34 144 29
 146 29 144
 67 36 147
 148 42 149
 91 150 151
 36 8 37
 41 33 5
 152 153 154
 155 156 157
 74 76 158
 159 153 160
 148 160 153
 161 2 162
 152 163 153
 91 151 154
 115 164 165
 23 117 138
 140 138 117
 166 86 92
 132 167 61
 166 61 167
 31 168 32
 47 169 130
 24 170 11
 161 171 169
 172 173 174
 47 131 175
 134 136 112
 159 176 177
 178 177 176
 25 179 180
 9 111 181
 161 182 2
 148 163 42
 183 102 95
 166 26 61
 184 179 185
 25 27 185
 83 118 125
 68 186 49
 94 187 95
 161 188 171
 189 190 191
 71 50 192
 71 120 70
 99 179 184
 113 111 56
 58 56 111
 38 40 109
 1 63 95
 146 157 30
 93 30 157
 108 121 120
 61 26 52
 26 25 52
 0 193 29
 25 185 179
 194 57 76
 146 30 29
 47 49 186
 183 95 187
 142 143 195
 151 171 188
 111 129 181
 155 157 196
 197 198 199
 156 110 157
 200 37 8
 57 201 76
 202 136 135
 197 54 198
 203 204 205
 206 205 204
 34 29 207
 197 96 98
 89 130 171
 169 171 130
 1 162 2
 77 65 208
 25 180 52
 115 96 164
 134 5 207
 34 207 5
 47 186 169
 161 169 182
 209 176 160
 68 49 210
 211 212 213
 108 84 83
 71 75 214
 9 215 66
 203 205 125
 53 198 54
 34 5 33
 68 2 182
 13 15 136
 3 136 15
 216 217 117
 156 218 110
 141 65 79
 194 75 192
 71 192 75
 219 66 215
 38 205 72
 77 79 65
 220 195 143
 221 191 190
 0 69 193
 222 223 224
 13 224 223
 107 225 226
 23 138 22
 200 8 7
 200 227 37
 46 212 40
 209 160 228
 194 76 75
 42 44 149
 229 116 230
 108 109 121
 211 121 109
 231 88 87
 91 86 150
 91 154 153
 219 232 66
 12 226 233
 234 124 123
 235 18 19
 104 18 114
 235 114 18
 3 112 136
 99 101 236
 206 237 205
 238 44 239
 13 136 224
 202 224 136
 22 138 240
 142 195 73
 202 69 210
 68 210 69
 241 242 243
 244 245 246
 140 117 217
 166 92 247
 38 125 205
 159 160 176
 65 248 208
 142 73 11
 148 153 163
 41 4 64
 45 239 44
 113 129 111
 13 223 78
 104 133 18
 234 185 27
 216 117 249
 32 250 144
 134 112 5
 159 251 153
 91 153 251
 203 125 118
 91 251 92
 202 135 69
 67 6 8
 252 253 168
 254 229 230
 173 255 174
 256 257 258
 148 228 160
 53 81 198
 137 240 138
 259 128 127
 219 215 19
 53 180 81
 82 81 180
 93 63 30
 260 256 258
 55 233 56
 206 60 261
 59 261 60
 58 73 195
 172 174 190
 99 236 179
 82 179 236
 242 252 168
 45 174 239
 45 262 174
 234 27 263
 200 264 227
 28 265 27
 20 266 143
 50 37 227
 216 244 217
 23 267 116
 93 157 110
 55 264 7
 200 7 264
 240 203 268
 234 123 100
 143 266 158
 269 155 196
 269 196 250
 17 219 19
 107 105 225
 22 240 268
 137 270 204
 31 243 168
 151 150 171
 173 260 255
 32 168 253
 55 57 264
 194 264 57
 271 254 103
 82 180 179
 104 128 133
 272 189 191
 273 274 208
 90 208 274
 75 84 214
 189 172 190
 89 150 86
 220 158 76
 211 109 40
 178 275 124
 242 168 243
 122 124 275
 77 14 78
 20 22 268
 276 139 277
 278 279 280
 104 114 105
 139 281 277
 206 204 270
 39 248 65
 24 116 267
 244 246 217
 82 236 80
 104 106 128
 24 230 116
 69 135 193
 117 116 249
 229 249 116
 140 217 246
 166 247 26
 203 118 268
 134 207 193
 29 193 207
 93 95 63
 146 196 157
 74 266 118
 259 133 128
 142 170 21
 23 21 267
 12 233 7
 55 7 233
 134 193 135
 99 184 100
 166 87 86
 234 100 184
 282 283 243
 241 243 283
 77 208 14
 90 14 208
 222 284 223
 113 225 105
 282 246 283
 245 283 246
 235 129 114
 222 285 48
 49 48 285
 235 19 215
 28 247 286
 108 120 214
 235 215 181
 9 181 215
 56 233 287
 94 288 191
 272 191 288
 92 286 247
 47 175 62
 238 258 257
 234 263 124
 220 76 201
 137 139 270
 211 40 212
 254 230 103
 206 261 237
 259 127 280
 140 246 281
 282 281 246
 119 121 213
 211 213 121
 90 289 15
 3 15 289
 152 154 290
 113 56 287
 71 214 120
 31 291 243
 282 243 291
 221 187 191
 94 191 187
 89 171 150
 276 60 270
 260 258 255
 151 290 154
 146 144 250
 206 270 60
 229 216 249
 252 269 253
 131 292 165
 39 72 248
 273 248 72
 269 250 253
 108 214 84
 279 145 293
 146 250 196
 142 11 170
 276 270 139
 178 265 177
 245 241 283
 148 149 228
 174 255 239
 238 239 255
 218 272 288
 21 170 267
 24 267 170
 234 184 185
 32 253 250
 232 271 294
 197 98 54
 273 261 274
 59 274 261
 42 163 295
 152 295 163
 273 208 248
 178 124 263
 183 296 297
 1 102 162
 298 162 102
 132 54 98
 299 295 300
 53 52 180
 132 97 167
 231 167 97
 145 133 293
 276 277 51
 58 201 57
 140 281 139
 28 286 177
 59 289 274
 90 274 289
 259 293 133
 271 103 294
 10 294 103
 299 43 295
 276 64 60
 235 181 129
 218 288 110
 94 110 288
 28 26 247
 222 48 284
 131 165 175
 238 255 258
 59 4 289
 3 289 4
 299 301 43
 45 43 301
 31 51 291
 115 165 292
 24 103 230
 221 296 187
 178 263 265
 276 51 64
 49 285 210
 202 210 285
 159 286 251
 92 251 286
 41 64 51
 221 301 296
 159 177 286
 205 237 72
 273 72 237
 45 301 262
 299 297 296
 202 285 224
 222 224 285
 36 85 147
 28 177 265
 194 227 264
 220 143 158
 68 182 186
 169 186 182
 183 187 296
 183 297 102
 161 162 188
 298 188 162
 226 287 233
 51 277 291
 58 195 201
 220 201 195
 115 292 97
 231 97 292
 118 266 268
 299 296 301
 74 158 266
 232 294 66
 10 66 294
 152 290 300
 89 88 130
 131 130 88
 299 300 297
 298 297 300
 298 300 290
 273 237 261
 221 190 262
 259 280 293
 282 277 281
 20 268 266
 174 262 190
 279 293 280
 298 290 188
 113 287 225
 226 225 287
 194 192 227
 50 227 192
 221 262 301
 152 300 295
 203 240 204
 137 204 240
 151 188 290
 231 87 167
 166 167 87
 231 292 88
 131 88 292
 298 102 297
 27 265 263
 42 295 43
 282 291 277
 0
 0
 0
 0
 0
 0
 0
 21
 46 197 35 119 141 96 199 78 120 62 223 213 70 48 175 164 284 212 165 85 79
 0
 11
 67 126 12 107 226 6 106 147 280 127 85
 0
 0
 0
 0
 6
 199 81 198 101 236 80
 13
 122 178 238 209 176 44 100 257 275 123 149 101 228
 0
 0
 0
 0
 0
 0
 0
 0
 0
 0
