303 539
6.515219 5.280851 1
6.635678 5.241629 1
6.685428 5.362820 1
6.546347 5.390184 1
6.810746 4.185935 2
6.771570 4.326343 2
6.666837 4.183290 1
6.642293 4.299617 1
6.070206 3.682619 1
6.214737 3.731762 1
6.058446 3.837669 1
6.213589 3.874769 1
7.223019 5.959930 1
7.327240 5.856607 1
7.330631 6.014463 1
5.782885 4.915845 1
5.654538 5.009116 2
5.613523 4.876764 2
7.708025 5.982225 2
7.537745 5.993568 1
7.569298 5.891051 1
7.445928 5.925075 1
5.977030 3.962249 1
5.876711 3.891672 1
6.850639 5.821062 1
6.764899 5.732218 1
6.949240 5.690904 1
6.124452 5.399304 1
6.250869 5.309196 1
6.212828 5.480120 1
6.765488 4.794387 1
6.921344 4.852563 1
6.792965 4.944991 1
6.197004 5.609816 1
6.292776 5.740302 1
6.176824 5.767386 1
5.957494 3.764695 1
7.484683 5.762489 1
6.807890 5.608046 1
7.411201 5.419500 1
7.443591 5.267010 2
7.530152 5.345335 1
7.588943 6.084669 1
6.506629 3.889209 1
6.371160 3.918404 1
6.453152 3.767231 2
6.324090 5.449898 1
6.206203 4.558007 1
6.139965 4.456416 1
6.238244 4.398286 1
6.365672 4.825902 1
6.262121 4.844088 1
6.236480 4.716629 1
6.318694 4.601766 1
6.332431 4.471969 1
6.436944 4.559677 1
7.331261 5.717915 1
5.711236 4.758887 1
6.458292 4.860746 1
6.561650 4.911911 1
6.449646 4.988196 1
7.702898 5.823640 2
6.348578 6.008866 1
6.448305 6.119336 2
6.317267 6.096814 2
7.198951 5.742980 1
7.176685 5.859831 1
5.589419 4.442449 1
5.690715 4.356841 1
5.711939 4.496269 1
5.812953 4.400337 1
6.420067 5.386676 1
6.411714 5.261772 1
6.764845 5.204879 1
6.863762 5.336168 1
6.824794 5.472210 1
7.124092 5.526034 1
7.204670 5.405964 1
7.296735 5.500678 1
6.712580 3.932482 3
6.708884 4.073019 2
6.595653 3.964163 1
6.315060 3.798978 1
6.946815 5.205117 1
6.403944 4.719996 1
5.944004 4.749156 1
5.838029 4.800569 1
5.821872 4.670084 1
6.529588 5.553187 1
6.684817 5.529173 1
6.574519 5.663994 1
6.690910 5.668113 1
6.136762 4.092844 1
6.245292 4.146565 1
6.110779 4.221756 1
6.244764 4.271516 1
5.546039 4.041147 1
5.645875 3.954549 1
5.657291 4.098102 1
5.915690 4.628152 1
6.740088 4.479023 1
6.844259 4.575675 1
6.694670 4.607204 1
6.541129 5.048256 1
5.458508 4.842330 2
5.566566 4.755843 1
7.432375 6.025464 1
7.292564 6.143494 1
7.370585 6.231817 2
7.210431 6.242014 2
6.970466 5.038136 1
7.072138 5.117852 1
6.584668 4.109902 1
7.226384 5.625953 1
7.521933 5.446952 1
6.438160 5.975036 1
5.938301 3.649847 2
6.056940 3.532387 3
6.687865 4.905247 1
6.726094 5.043987 1
6.631585 5.002763 1
6.978658 5.457349 1
6.311346 5.599753 1
6.330822 5.175495 1
6.223165 5.123343 1
6.127608 5.195673 1
6.577372 6.121279 2
6.631111 6.026497 1
6.721230 6.140491 2
7.596216 5.791795 1
7.416350 6.133093 1
7.492447 6.216510 2
6.631879 4.698171 1
6.770990 4.672834 1
6.635351 4.809585 1
6.848817 5.063982 1
6.076811 4.962896 1
6.038838 5.092997 1
5.911179 5.023998 1
5.489552 4.544328 1
5.448073 4.418504 1
6.638291 5.119759 1
6.908397 4.961698 1
7.647130 6.204130 3
5.930738 4.904496 1
7.060996 6.145112 1
6.950093 6.061373 1
7.052244 6.037927 1
6.506563 4.665459 1
6.012780 4.101611 1
5.754136 3.997911 1
5.877999 4.044163 1
6.958768 6.202483 2
7.176009 6.071414 1
6.485501 4.018254 1
6.366496 4.075804 1
6.734489 6.014736 1
6.339557 4.936695 1
6.110510 5.681526 1
6.621573 3.804765 2
5.535244 3.911534 2
5.986840 4.235795 1
6.207385 3.602029 2
5.788845 5.072317 2
5.654665 4.222553 1
5.793844 4.270030 1
6.202116 5.874313 1
6.049241 5.823913 2
6.425797 5.666373 1
6.107842 5.934070 2
6.644121 4.409723 1
5.611839 4.572730 1
5.748894 3.857811 2
6.408441 5.539903 1
6.062716 5.543975 2
7.316336 5.349784 1
7.112624 5.953517 1
7.010106 4.599801 2
6.900465 4.703477 1
6.015033 4.338188 1
6.133647 4.350860 1
6.042073 4.442723 1
5.353764 4.366374 1
5.331782 4.453492 1
5.237947 4.414595 1
6.103865 3.968939 1
6.618520 5.443135 1
6.091345 5.299238 1
7.698123 6.095406 2
7.019033 5.579883 1
5.292158 4.288077 1
6.922052 5.560655 1
5.770917 4.139910 1
5.721786 4.621486 1
5.838165 4.542286 1
6.248830 4.009155 1
6.001570 5.691066 2
7.428337 5.656695 1
7.076392 4.822713 2
7.085773 4.974476 2
7.008394 4.908817 1
7.447411 5.545475 1
7.343417 5.616569 1
6.177315 4.920896 1
6.246135 5.013011 1
5.353297 4.189147 1
5.444251 4.126675 1
5.430542 4.274333 1
6.330319 3.680072 2
5.549659 4.177384 1
7.009689 4.730780 1
6.552555 5.914373 1
6.448441 5.864358 1
6.516156 5.774285 1
6.634635 4.507141 1
6.643902 5.788945 1
7.190773 5.054635 2
7.180489 5.198416 1
5.461146 4.733736 1
7.102363 5.654710 1
7.083399 5.771421 1
6.441395 4.412462 1
6.839843 4.438451 1
6.972481 5.823722 1
6.122160 4.639272 1
7.089032 5.409372 1
7.118725 5.312184 1
6.332316 5.886735 1
7.224258 5.305674 1
6.130311 4.813898 1
6.886796 5.934924 1
5.155808 4.309731 2
5.223313 4.165204 2
6.530414 5.177039 1
6.432092 5.129369 1
5.843804 3.761670 2
5.373848 4.542871 1
6.867051 6.143633 1
6.836936 6.272779 3
6.557072 4.237191 1
6.475811 4.160089 1
7.006169 5.945679 1
5.889726 4.184255 1
6.403038 5.775277 1
7.627986 5.690001 2
7.612352 5.241457 2
6.527028 6.032881 1
7.001209 5.322127 1
6.746459 5.836737 1
6.783448 5.935107 1
6.681101 5.925217 1
7.597425 5.533714 1
7.628674 5.388248 2
5.345166 4.081958 2
5.923215 5.140003 1
5.802876 5.196856 2
5.904289 4.310095 1
6.923322 4.490115 2
7.059162 5.227658 1
5.560513 4.315344 1
6.010065 5.411418 2
6.568055 4.580277 1
5.627614 4.668246 1
6.036800 4.862010 1
6.542387 4.470530 1
7.718904 5.458847 3
7.723514 5.584177 2
6.143450 5.044470 1
5.298054 4.647369 1
5.213462 4.793371 2
5.175752 4.646007 2
6.075419 4.729247 1
6.504592 5.462617 1
7.320543 5.240543 2
5.359335 4.752727 2
7.112457 4.685982 2
6.354817 4.210866 1
6.080802 4.545942 1
7.526029 5.635945 1
5.440802 3.996083 2
6.527680 4.768586 1
6.336903 5.061018 1
6.453289 4.285913 1
6.839781 6.036135 1
5.263251 4.540002 1
5.987270 5.305165 2
5.907853 5.249306 2
6.933664 4.371037 2
7.291842 5.136604 2
6.236439 5.984707 2
5.151458 4.531467 3
5.962838 4.537652 1
6.345994 4.337882 1
5.633647 3.820791 2
6.011571 4.641583 1
5.927338 4.431966 1
6.015219 5.208495 1
6.546760 4.352573 1
7.062775 5.862608 1
7.062410 6.272943 2
5.103247 4.421588 2
5.413896 4.651574 1
5.527368 4.655096 1
 0 1 2
 3 0 2
 4 5 6
 7 6 5
 8 9 10
 11 10 9
 12 13 14
 15 16 17
 18 19 20
 13 21 14
 22 23 10
 24 25 26
 27 28 29
 30 31 32
 33 34 35
 10 23 36
 37 21 13
 25 38 26
 39 40 41
 18 42 19
 43 44 45
 46 29 28
 47 48 49
 50 51 52
 53 54 55
 54 47 49
 37 13 56
 53 47 54
 15 17 57
 58 59 60
 18 20 61
 62 63 64
 65 13 66
 12 66 13
 67 68 69
 70 69 68
 46 28 71
 28 72 71
 73 74 2
 75 2 74
 76 77 78
 79 80 81
 44 82 45
 73 83 74
 84 50 52
 37 20 21
 85 86 87
 88 89 90
 89 91 90
 65 56 13
 92 93 94
 95 94 93
 96 97 98
 85 87 99
 100 101 102
 75 89 2
 60 59 103
 17 104 105
 106 14 21
 107 108 109
 110 111 83
 112 81 80
 76 78 113
 39 41 114
 115 63 62
 8 116 117
 118 119 120
 32 119 118
 75 74 121
 33 122 34
 123 28 124
 125 124 28
 126 127 128
 30 32 118
 37 129 20
 106 42 130
 131 130 42
 30 132 133
 15 57 86
 123 72 28
 30 134 132
 102 133 132
 73 135 83
 136 137 138
 110 83 135
 67 139 140
 73 1 141
 32 142 135
 131 42 143
 136 138 144
 145 146 147
 148 84 55
 53 55 84
 92 94 149
 150 23 151
 32 135 119
 145 152 146
 73 141 119
 91 89 38
 75 38 89
 145 147 153
 43 154 44
 155 44 154
 156 128 127
 58 60 157
 53 84 52
 106 19 42
 33 35 158
 43 45 159
 96 160 97
 94 161 149
 8 117 162
 15 163 16
 164 165 68
 35 166 167
 168 88 90
 169 167 166
 30 118 134
 7 5 170
 67 171 139
 150 98 97
 150 172 23
 168 173 88
 15 144 138
 100 170 5
 27 29 174
 33 174 29
 39 175 40
 147 176 153
 177 178 101
 30 178 31
 179 180 181
 182 183 184
 11 185 10
 22 10 185
 85 144 86
 3 2 186
 27 187 28
 15 138 163
 18 188 42
 76 189 121
 190 182 184
 75 121 191
 164 192 165
 87 193 194
 46 122 29
 11 44 195
 69 194 193
 73 2 1
 196 174 158
 37 56 197
 198 199 200
 39 201 78
 202 78 201
 125 28 187
 8 10 36
 203 51 157
 204 203 157
 205 206 207
 208 9 162
 206 209 207
 198 31 210
 11 195 185
 211 212 213
 155 195 44
 100 102 214
 168 90 213
 211 213 215
 15 86 144
 216 217 111
 216 111 199
 26 38 191
 75 191 38
 110 135 142
 218 105 104
 92 185 195
 26 219 220
 67 69 171
 54 221 55
 100 222 101
 26 220 223
 211 115 212
 53 52 47
 224 47 52
 33 158 174
 35 167 158
 76 121 225
 92 149 185
 22 185 149
 2 89 186
 76 225 77
 226 77 225
 179 94 180
 48 181 180
 31 178 210
 227 166 34
 226 228 77
 35 34 166
 32 31 142
 51 229 52
 230 24 223
 231 232 190
 233 72 234
 235 36 23
 110 199 111
 164 209 98
 120 103 59
 8 36 116
 139 236 140
 237 238 128
 112 239 240
 65 113 56
 202 56 113
 96 98 209
 70 68 165
 112 6 239
 123 234 72
 230 223 241
 102 101 133
 242 151 149
 46 173 122
 168 213 243
 61 129 244
 196 158 167
 41 40 245
 70 194 69
 231 190 184
 121 189 191
 115 246 63
 121 74 247
 155 154 240
 112 240 154
 248 24 249
 211 215 250
 251 114 252
 230 249 24
 227 212 115
 22 149 151
 11 82 44
 69 193 171
 253 205 232
 254 255 163
 242 161 256
 177 101 257
 233 0 72
 254 138 137
 111 217 258
 87 194 99
 198 200 31
 207 259 140
 242 256 165
 27 174 260
 41 245 252
 102 132 261
 262 171 193
 183 140 236
 88 186 89
 208 45 82
 136 144 263
 264 55 221
 242 192 151
 229 203 263
 85 263 144
 211 246 115
 73 119 135
 67 140 259
 263 203 136
 77 175 78
 39 78 175
 227 115 62
 226 225 247
 121 247 225
 22 151 23
 251 252 265
 12 153 176
 251 266 244
 237 152 238
 33 29 122
 101 222 257
 91 38 25
 150 151 192
 51 203 229
 46 71 173
 20 129 61
 125 137 267
 65 219 113
 76 113 219
 92 195 93
 155 93 195
 242 165 192
 268 269 270
 177 210 178
 107 14 130
 125 267 124
 168 34 122
 30 133 178
 101 178 133
 229 271 52
 173 71 272
 273 40 175
 268 274 269
 43 159 81
 79 81 159
 177 275 210
 242 149 161
 58 157 50
 12 14 153
 107 153 14
 254 163 138
 262 57 105
 155 240 276
 207 209 259
 48 47 277
 251 244 278
 17 105 57
 224 52 271
 83 247 74
 37 244 129
 87 86 57
 96 279 160
 164 259 209
 164 68 259
 102 261 214
 233 141 1
 95 180 94
 67 259 68
 37 278 244
 8 162 9
 148 280 84
 58 84 280
 204 281 124
 230 241 146
 95 93 276
 218 104 274
 248 250 215
 235 116 36
 11 9 82
 164 98 192
 282 276 240
 237 128 283
 156 283 128
 88 272 186
 155 276 93
 110 200 199
 4 6 80
 123 124 281
 268 270 284
 150 192 98
 85 271 263
 179 161 94
 226 258 217
 202 113 78
 208 82 9
 232 205 190
 285 187 260
 27 260 187
 39 114 201
 254 286 255
 106 130 14
 229 263 271
 112 154 81
 287 222 5
 91 215 90
 213 90 215
 233 234 103
 148 261 132
 126 63 246
 120 119 141
 224 277 47
 100 5 222
 248 25 24
 83 111 258
 58 50 84
 235 23 172
 147 146 241
 26 191 189
 26 189 219
 198 210 275
 251 278 201
 110 142 200
 145 153 109
 107 109 153
 273 217 288
 216 288 217
 251 201 114
 227 289 166
 290 284 270
 148 55 261
 264 261 55
 72 0 71
 3 71 0
 291 99 194
 251 265 266
 227 62 289
 136 203 267
 95 276 292
 91 25 215
 248 215 25
 293 172 97
 226 217 228
 233 1 0
 227 34 243
 43 81 154
 204 267 203
 282 240 239
 169 166 289
 293 97 160
 150 97 172
 202 197 56
 227 243 212
 26 223 24
 85 99 294
 60 103 234
 273 228 217
 282 221 292
 54 292 221
 230 146 283
 207 190 205
 202 201 197
 3 186 272
 107 130 108
 41 252 114
 7 239 6
 168 122 173
 179 256 161
 87 57 193
 64 289 62
 237 146 152
 290 184 284
 213 212 243
 282 292 276
 65 220 219
 48 277 181
 96 209 206
 76 219 189
 291 194 295
 207 140 182
 183 182 140
 48 180 49
 254 137 296
 125 296 137
 7 170 297
 7 297 239
 112 80 6
 262 193 57
 291 295 181
 298 241 223
 51 50 157
 145 109 299
 290 300 184
 233 103 141
 134 59 280
 58 280 59
 70 295 194
 100 214 170
 264 170 214
 204 157 281
 298 223 220
 31 200 142
 207 182 190
 70 165 256
 287 257 222
 253 279 206
 96 206 279
 183 284 184
 12 176 66
 298 66 176
 145 299 152
 253 206 205
 136 267 137
 65 66 220
 298 220 66
 20 19 21
 106 21 19
 179 181 295
 88 173 272
 42 188 143
 268 236 301
 285 286 296
 254 296 286
 168 243 34
 60 281 157
 120 59 118
 134 118 59
 211 127 246
 231 184 300
 262 302 171
 139 171 302
 60 234 281
 123 281 234
 131 108 130
 285 296 187
 125 187 296
 83 258 247
 226 247 258
 273 175 228
 264 297 170
 264 221 297
 282 239 297
 282 297 221
 268 284 236
 230 283 249
 156 249 283
 139 301 236
 218 274 301
 268 301 274
 147 241 176
 298 176 241
 291 181 277
 201 278 197
 218 301 302
 139 302 301
 70 256 295
 95 49 180
 204 124 267
 291 277 294
 224 294 277
 148 132 280
 134 280 132
 95 292 49
 54 49 292
 211 250 127
 156 127 250
 183 236 284
 179 295 256
 224 271 294
 85 294 271
 262 105 302
 120 141 103
 77 228 175
 3 272 71
 218 302 105
 264 214 261
 291 294 99
 248 249 250
 237 283 146
 126 246 127
 156 250 249
 37 197 278
 0
 0
 0
 0
 0
 0
 0
 0
 12
 231 235 293 253 290 232 117 116 172 160 279 300
 0
 0
 0
 0
 0
 6
 208 79 117 45 159 162
 0
 7
 18 61 244 266 265 143 188
 0
 17
 4 177 216 198 287 273 79 5 275 199 80 40 257 265 245 288 252
 0
 0
 0
 7
 131 238 143 109 108 152 299
 0
 0
 22
 64 196 169 126 290 17 285 174 16 163 269 289 63 238 167 128 104 255 260 270 274 286
