304 540
4.197526 1.870366 1
4.205878 1.765920 1
4.353964 1.802044 1
4.266956 1.957000 1
5.021739 1.179394 1
4.893626 1.277357 1
4.907285 1.106014 2
4.807293 1.166631 2
4.508610 1.716591 1
4.403931 1.670555 1
4.564542 1.598689 1
4.428215 1.553005 1
5.530592 1.588824 1
5.418162 1.689044 1
5.438151 1.531744 1
5.320665 1.604995 1
5.163724 1.126447 1
5.045081 1.009605 2
4.309810 1.458320 1
4.284656 1.344871 1
4.423867 1.436994 1
5.292080 1.380322 1
5.350010 1.474343 1
5.214271 1.518538 1
5.167317 1.389628 1
5.707364 1.638875 1
5.555358 1.705302 1
5.626503 1.565697 1
5.644777 1.756792 1
4.436863 1.321819 1
5.832567 1.649027 1
5.784334 1.788280 1
4.296433 1.636482 1
3.948735 2.525645 1
3.998096 2.637498 1
3.843473 2.645442 1
3.842246 2.212200 1
3.712051 2.282257 1
3.704172 2.146105 1
3.938292 2.741144 1
3.833107 2.492996 1
4.062547 2.751495 1
5.129714 1.775617 1
4.972393 1.838057 1
5.032820 1.697711 1
3.754267 2.567093 1
4.592384 2.319388 1
4.691078 2.196561 1
4.696296 2.345913 1
4.580345 2.206484 1
5.102249 1.883111 1
5.043925 1.413306 1
5.104763 1.279750 1
4.198955 1.500195 1
3.469650 1.397828 2
3.586089 1.443134 1
3.520157 1.563006 1
4.462722 2.564050 1
4.526483 2.659689 1
4.347877 2.679267 1
4.475300 2.761858 1
3.635818 1.537494 1
3.698988 1.429815 1
3.747811 1.581453 1
3.849503 1.421999 1
3.408179 1.538060 2
4.798086 2.091643 1
4.663584 2.037987 1
4.178657 1.655982 1
4.038846 3.000278 1
4.123266 2.867643 1
4.188133 2.985779 1
4.769942 2.280101 1
4.871974 2.324351 1
4.797622 2.415462 1
4.312762 2.854862 1
4.226376 2.765024 1
4.375290 2.773214 1
3.969128 1.361352 1
3.956628 1.481164 1
4.203020 2.518538 1
4.284287 2.418287 1
4.327531 2.549852 1
3.698022 2.449470 1
3.621327 2.565028 1
4.173781 2.409400 1
3.534906 1.865153 1
3.688168 1.858842 1
3.667001 2.000325 1
4.266639 1.208421 2
4.162879 1.264773 1
4.154629 1.098465 2
5.889647 2.035367 1
6.008340 2.139752 2
5.866033 2.207757 3
3.298969 1.696324 1
3.402265 1.774331 1
3.214273 1.796005 3
3.335945 1.880307 2
4.551707 2.098530 1
4.540506 1.857687 1
4.072998 1.832016 1
4.070199 1.692867 1
4.029822 3.147438 1
3.900661 3.036299 1
4.034224 1.931055 1
3.923554 1.853063 1
4.044223 2.059058 1
4.154537 2.170261 1
3.992948 2.189189 1
4.079422 2.316966 1
4.408943 1.208203 2
5.026401 1.985366 1
5.070536 2.087768 1
4.939309 2.094151 1
4.640522 2.762918 2
3.793797 2.080250 1
4.891725 1.989285 1
3.834103 2.353311 1
3.951665 2.410690 1
4.133937 2.644026 1
4.077076 2.488711 1
3.514709 1.719278 1
3.433949 2.407681 1
3.570265 2.320343 1
3.555036 2.463536 1
4.562850 2.864707 2
3.806587 1.955921 1
3.944605 1.966865 1
4.564247 1.248620 1
4.526571 1.138205 2
3.615175 1.304414 2
3.761477 1.293916 1
5.639409 1.351996 1
5.700864 1.196129 2
5.751071 1.354306 2
4.550630 1.464148 1
4.365158 2.329854 1
4.413340 2.452439 1
4.066500 1.192001 1
3.622439 1.656989 1
3.719571 1.738871 1
4.410639 1.931589 1
3.518463 2.154564 1
3.409978 2.049430 1
3.524222 2.006972 1
3.609948 1.775104 1
4.109686 1.573721 1
4.476840 2.359542 1
4.469009 2.230560 1
4.749104 1.959170 1
5.924449 1.697210 1
3.905096 3.170962 1
3.717463 2.749289 1
3.705432 2.642207 1
5.197884 0.982405 2
5.300575 1.056993 2
3.845217 1.716956 1
3.796619 1.824731 1
4.370944 3.065555 2
4.299214 2.967769 1
4.445385 2.912859 2
3.904215 2.075878 1
3.970571 1.752461 1
5.053280 1.586605 1
5.171651 1.655489 1
5.094077 1.486866 1
4.995025 2.181149 1
5.106811 2.203736 2
4.991894 2.301419 2
5.982413 1.512895 2
5.834264 1.546674 1
5.846208 1.398244 2
5.553351 2.008258 1
5.591503 2.147502 2
5.479326 2.095993 1
5.674036 2.063046 1
4.129733 3.082790 1
5.589827 1.204062 1
5.291018 1.165540 1
4.133654 1.954951 1
4.167809 2.050471 1
3.436522 2.260481 1
4.274614 2.090020 1
3.959849 2.875437 1
3.981842 1.107964 2
3.883708 1.567199 1
3.828493 1.142571 2
3.695457 1.200774 3
4.540211 2.455931 1
4.611162 2.568521 1
5.404268 1.122500 1
5.523998 1.106661 2
5.468201 1.238726 1
4.675114 2.456182 1
4.762679 2.571348 2
3.631456 2.815304 2
3.590630 2.684185 2
5.932649 1.802741 1
4.067390 1.302073 1
4.148262 1.378936 1
4.070376 1.461076 1
3.485706 2.552667 2
4.224841 2.889864 1
3.878421 1.282080 1
4.651967 1.116920 2
4.697741 1.235568 1
5.438052 1.373489 1
5.350778 1.260211 1
5.708072 1.483647 1
5.457215 1.809657 1
5.567788 1.866657 1
5.416706 1.952760 1
4.312671 2.198335 1
3.944857 3.279537 2
4.080956 3.284735 3
4.928566 2.422585 2
3.393071 2.160466 1
3.827495 2.795848 1
4.780706 1.288361 1
6.025159 1.666218 3
6.084925 1.777562 2
4.682758 1.491060 1
4.663811 1.351062 1
3.837439 2.919240 1
3.739409 2.992201 2
3.739827 2.848954 2
5.004983 1.311464 1
4.225101 2.304498 1
4.921088 1.717341 1
4.409590 2.128758 1
4.823249 1.882537 1
5.232052 1.265720 1
4.683551 2.651215 2
5.372931 2.074364 1
5.278401 2.024982 1
3.940217 2.293453 1
6.055794 1.888699 2
5.566142 1.451249 1
3.942056 1.661629 1
4.693324 1.835843 1
5.540326 1.323904 1
4.363525 2.028943 1
5.274411 1.744259 1
5.348793 1.834921 1
5.279668 1.913752 1
3.623500 2.212112 1
4.185935 3.189254 2
6.006395 1.997754 2
3.355587 2.533348 2
4.871843 2.202187 1
3.432795 1.920420 1
5.843597 1.911012 1
5.949358 1.913687 1
4.244239 2.651063 1
4.623531 1.736114 1
3.607256 2.092462 1
4.637472 1.933982 1
5.922396 1.609534 1
4.827893 1.769695 1
4.735635 1.704167 1
4.823543 1.530825 1
4.799692 1.398689 1
4.694332 1.602949 1
3.304002 2.226061 1
3.226219 2.342403 2
3.199289 2.221692 2
5.718493 1.931503 1
4.960206 1.506675 1
5.697073 2.217800 2
5.781999 2.106490 1
3.193962 1.666452 2
3.306975 1.590395 2
3.777970 3.146677 2
3.346754 2.327696 1
4.540840 1.979222 1
4.908827 1.410845 1
4.829906 1.649870 1
5.195613 2.110418 1
5.169352 1.977927 1
3.296390 2.111793 2
3.319385 2.425381 2
4.936807 1.614838 1
4.533991 1.348814 1
5.509090 2.200744 2
5.213384 1.838588 1
4.326914 3.215930 2
4.256149 3.096748 1
5.781554 2.009484 1
4.453945 2.031813 1
5.626534 1.947606 1
5.665025 1.848221 1
5.434222 0.993871 2
3.965343 1.219341 1
3.320478 1.980983 2
5.343924 2.289512 2
5.306698 2.150501 1
5.410939 2.180963 2
4.006957 1.578603 1
5.238379 2.222766 2
5.636862 1.106228 2
4.872369 2.513663 2
3.406164 1.651777 1
3.839779 3.241144 2
 0 1 2
 3 0 2
 4 5 6
 6 5 7
 8 9 10
 9 11 10
 12 13 14
 13 15 14
 16 4 17
 18 19 20
 21 22 23
 24 21 23
 25 26 27
 28 26 25
 20 19 29
 30 31 25
 32 18 11
 32 2 1
 33 34 35
 36 37 38
 35 34 39
 33 35 40
 41 39 34
 42 43 44
 4 6 17
 35 45 40
 46 47 48
 49 47 46
 42 50 43
 24 51 52
 32 53 18
 54 55 56
 57 58 59
 60 59 58
 61 62 63
 64 63 62
 65 54 56
 12 27 26
 66 47 67
 32 68 53
 69 70 71
 72 73 74
 75 76 77
 64 78 79
 80 81 82
 83 45 84
 76 59 77
 80 85 81
 28 25 31
 86 87 88
 89 90 91
 92 93 94
 15 23 22
 95 96 97
 98 97 96
 72 74 48
 67 47 99
 100 2 8
 101 102 1
 69 103 104
 101 105 106
 107 108 109
 110 109 108
 29 19 111
 112 113 114
 16 52 4
 115 60 58
 36 38 116
 112 114 117
 118 119 40
 120 34 121
 86 96 122
 123 124 125
 83 125 124
 115 126 60
 127 106 128
 80 120 121
 127 116 88
 38 88 116
 129 111 130
 40 119 33
 131 132 62
 64 62 132
 133 134 135
 83 84 125
 10 11 136
 81 137 138
 139 91 90
 61 63 140
 141 140 63
 41 76 70
 100 142 2
 143 144 145
 49 99 47
 86 146 87
 147 53 68
 148 149 46
 49 46 149
 66 67 150
 30 151 31
 106 105 128
 29 111 129
 103 152 104
 153 154 35
 16 155 156
 141 63 157
 127 158 106
 1 102 68
 159 160 161
 107 109 162
 36 162 109
 83 124 37
 101 106 163
 15 22 14
 3 2 142
 164 23 165
 24 166 51
 167 168 169
 32 9 2
 148 138 137
 170 171 172
 173 174 175
 86 122 146
 173 176 174
 69 71 177
 178 134 133
 16 156 179
 180 3 181
 143 124 182
 123 182 124
 181 3 183
 69 184 70
 139 185 91
 63 186 157
 187 132 188
 57 59 82
 164 165 44
 57 189 190
 36 118 37
 83 37 118
 64 186 63
 191 192 193
 194 195 190
 153 196 197
 198 31 151
 178 193 192
 199 200 201
 15 165 23
 153 197 154
 89 111 19
 84 197 202
 78 199 201
 75 203 76
 64 204 78
 205 7 206
 207 21 208
 209 135 172
 210 211 212
 173 212 211
 213 108 183
 214 103 215
 216 74 73
 143 217 144
 153 35 218
 5 219 7
 24 23 166
 198 220 221
 41 120 76
 35 154 45
 207 22 21
 10 136 222
 223 222 136
 224 225 226
 61 56 55
 112 43 50
 5 4 227
 72 48 47
 41 70 184
 110 108 228
 229 44 43
 194 190 189
 149 230 99
 209 172 171
 231 43 117
 112 117 43
 16 232 52
 200 19 53
 18 53 19
 127 128 162
 191 208 179
 190 233 58
 58 233 115
 234 235 212
 110 236 109
 198 221 237
 36 116 162
 209 238 133
 239 157 186
 64 79 186
 49 149 99
 231 150 240
 33 121 34
 213 183 230
 241 238 207
 133 238 241
 51 227 52
 191 193 208
 78 201 79
 183 242 230
 243 13 244
 245 212 235
 15 243 165
 127 88 87
 224 184 104
 69 104 184
 143 246 124
 247 215 103
 224 218 184
 209 133 135
 92 248 93
 207 208 193
 223 129 206
 205 206 129
 234 212 175
 123 202 249
 107 162 128
 213 228 108
 33 119 121
 107 181 108
 164 166 23
 38 37 246
 81 138 82
 131 55 54
 64 132 204
 66 250 47
 72 47 250
 110 119 236
 75 77 161
 60 161 77
 198 151 220
 86 251 96
 30 25 171
 209 171 25
 173 175 212
 210 26 211
 28 211 26
 83 118 40
 110 121 119
 16 17 155
 16 179 232
 92 252 253
 15 13 243
 92 253 248
 42 44 165
 59 254 82
 10 255 8
 143 145 256
 178 133 241
 76 203 70
 240 150 257
 86 88 145
 184 218 39
 69 177 103
 247 103 177
 100 8 255
 75 161 160
 170 220 258
 207 14 22
 231 240 259
 260 259 240
 261 222 262
 223 262 222
 10 263 255
 36 236 118
 84 202 125
 264 265 266
 80 121 85
 267 31 252
 11 20 136
 83 40 45
 127 87 158
 66 150 117
 231 117 150
 123 125 202
 164 268 166
 51 166 268
 4 52 227
 57 190 58
 231 259 43
 229 43 259
 214 152 103
 148 46 189
 194 189 46
 198 252 31
 38 256 88
 269 270 94
 95 271 272
 110 228 85
 170 258 171
 32 1 68
 194 48 74
 100 255 240
 101 1 0
 210 244 13
 224 104 225
 273 225 104
 264 274 265
 167 169 250
 60 77 59
 76 254 59
 42 165 243
 41 34 120
 100 275 142
 18 20 11
 32 11 9
 60 126 161
 84 154 197
 51 276 227
 92 94 270
 198 237 253
 269 176 270
 250 169 73
 261 277 263
 81 85 228
 187 204 132
 131 188 132
 278 113 279
 112 279 113
 36 109 236
 264 266 280
 12 26 13
 131 62 55
 123 249 281
 261 268 282
 66 117 114
 80 82 254
 223 136 283
 284 175 174
 57 138 189
 98 96 251
 245 279 285
 24 52 232
 159 286 287
 247 287 286
 118 236 119
 84 45 154
 2 9 8
 223 283 129
 261 282 277
 279 50 285
 29 129 283
 141 87 146
 223 219 262
 261 263 222
 261 262 276
 124 246 37
 267 288 176
 289 99 230
 136 20 283
 260 255 263
 29 283 20
 267 176 290
 173 290 176
 127 162 116
 110 85 121
 261 276 268
 267 291 31
 28 31 291
 42 243 285
 205 129 130
 5 227 276
 71 70 203
 289 142 275
 213 149 137
 148 137 149
 208 21 232
 223 206 219
 95 97 271
 194 74 195
 273 104 152
 269 174 176
 167 114 113
 191 292 192
 71 160 287
 159 287 160
 51 268 276
 24 232 21
 207 238 14
 260 240 255
 67 257 150
 148 189 138
 260 263 277
 66 114 250
 78 293 199
 147 68 102
 107 128 105
 61 55 62
 208 232 179
 264 217 182
 144 294 251
 190 195 233
 101 0 180
 107 105 180
 71 287 177
 247 177 287
 200 90 19
 89 19 90
 101 163 102
 88 256 145
 61 140 56
 122 56 140
 7 219 206
 3 242 183
 209 27 238
 143 182 217
 100 240 257
 144 251 145
 295 296 297
 194 46 48
 122 140 146
 108 181 183
 79 201 298
 147 298 201
 106 157 163
 239 163 157
 278 168 113
 167 113 168
 41 184 39
 267 252 288
 57 82 138
 295 299 296
 213 137 228
 81 228 137
 10 222 263
 245 244 212
 210 212 244
 178 192 300
 78 204 293
 123 274 182
 239 298 102
 147 102 298
 107 180 181
 92 288 252
 3 142 242
 12 14 238
 264 182 274
 278 279 235
 191 179 156
 5 262 219
 237 248 253
 278 299 168
 5 276 262
 101 180 105
 3 180 0
 245 285 244
 243 244 285
 144 280 294
 239 102 163
 195 74 301
 167 250 114
 265 274 281
 141 146 140
 122 96 302
 95 302 96
 28 291 211
 173 211 290
 176 288 270
 289 242 142
 213 230 149
 239 186 298
 79 298 186
 30 171 258
 139 199 293
 12 238 27
 164 282 268
 245 235 279
 112 50 279
 200 53 201
 147 201 53
 141 158 87
 229 282 44
 164 44 282
 191 156 292
 216 301 74
 98 251 294
 198 253 252
 209 25 27
 264 280 217
 224 226 218
 289 230 242
 143 256 246
 38 246 256
 214 303 152
 65 56 302
 122 302 56
 178 241 193
 207 193 241
 229 277 282
 72 250 73
 86 145 251
 260 277 259
 229 259 277
 65 302 272
 95 272 302
 278 235 296
 71 203 160
 75 160 203
 187 185 293
 289 275 99
 67 99 275
 210 13 26
 144 217 280
 216 73 169
 200 199 90
 153 218 226
 35 39 218
 220 151 258
 139 293 185
 187 293 204
 123 281 274
 234 296 235
 284 297 175
 234 175 297
 234 297 296
 178 300 134
 141 157 158
 273 152 303
 278 296 299
 106 158 157
 92 270 288
 139 90 199
 42 285 50
 76 120 254
 80 254 120
 267 290 291
 211 291 290
 100 257 275
 67 275 257
 30 258 151
 153 226 196
 0
 0
 0
 0
 0
 0
 21
 205 170 187 89 7 172 220 17 91 192 155 111 185 292 300 135 156 130 134 188 6
 0
 20
 247 269 295 115 216 159 284 94 161 286 195 215 126 168 299 169 297 174 233 301
 7
 131 65 54 97 271 272 188
 0
 0
 17
 273 214 98 265 249 97 215 225 280 281 303 202 197 266 226 196 294
 0
 6
 220 237 94 93 248 221
 0
 0
 0
 0
 0
 0
 0
 0
 0
 0
 0
