299 531
0.396185 2.183249 1
0.485793 2.257014 1
0.408222 2.362005 1
1.260920 2.524205 1
1.228799 2.671952 2
1.124692 2.502292 2
0.307372 2.242768 1
1.768777 1.588196 2
1.812134 1.749249 2
1.715435 1.715435 1
1.754323 2.040810 1
1.758451 2.202305 1
1.616540 2.144050 1
0.322056 2.511587 2
0.277052 2.371028 1
1.127248 1.726203 1
1.287513 1.779542 1
1.172185 1.879920 1
1.198950 0.801339 2
1.130480 0.928674 1
1.047596 0.816552 1
1.860394 2.484539 1
1.986268 2.386796 2
1.941770 2.558034 2
0.790780 1.521364 1
0.866223 1.686136 1
0.720848 1.668843 1
1.616217 1.525900 1
1.625544 1.659426 1
1.626288 2.311020 1
0.215148 2.456833 1
0.000000 1.666667 0
0.000000 1.527778 0
0.166367 1.576067 1
1.946766 2.013768 1
1.849528 1.959829 1
1.990244 1.885894 2
0.985853 1.824786 1
1.035779 1.969255 1
0.868734 0.211318 1
0.964521 0.286455 2
0.812346 0.369957 1
0.000000 1.805556 0
0.127251 1.739763 1
0.133506 1.909086 1
1.218172 1.198164 1
1.350614 1.261764 1
1.181875 1.340844 1
0.311474 0.668788 1
0.467381 0.608861 1
0.442229 0.729840 1
1.669384 2.508442 1
1.783510 2.581631 1
1.639057 2.657163 1
1.573964 2.558412 1
0.000000 1.388889 0
0.149972 1.286949 1
0.099357 1.458333 1
1.900319 2.246005 1
2.059149 2.222981 3
0.339635 1.612239 1
0.418746 1.759923 1
0.268489 1.723210 1
0.833333 0.000000 0
0.952749 0.121463 2
0.771428 0.118995 1
0.000000 0.833333 0
0.118995 0.771428 1
0.121463 0.952749 1
0.900401 1.538032 1
1.864834 2.669803 2
0.375573 0.517925 1
0.579927 1.330083 1
0.693155 1.242052 1
0.699880 1.394122 1
1.204282 1.580212 1
1.276246 1.667205 1
0.210360 1.430914 1
0.309166 1.491194 1
0.269519 0.553090 1
0.268505 0.404020 1
1.859522 1.853826 2
0.916679 1.238047 1
0.965835 1.099162 1
1.031494 1.177436 1
1.454482 2.360494 1
1.366972 2.232490 1
1.514913 2.246294 1
0.000000 2.638889 0
0.000000 2.500000 0
0.156563 2.564223 2
0.691302 2.067234 1
0.783778 1.939588 1
0.854382 2.058358 1
0.575569 2.333369 1
0.555307 2.449255 1
0.651550 1.897666 1
1.083317 1.567965 1
0.191461 0.489829 1
1.279948 1.975235 1
1.295532 2.101532 1
1.163028 2.022084 1
0.340190 0.827867 1
0.859163 1.097124 1
1.556893 1.896948 1
1.426256 1.824901 1
1.530432 1.733837 1
0.562077 1.993732 1
0.409535 0.412463 1
0.000000 1.250000 0
1.700395 1.421035 2
0.142591 0.344801 1
0.293416 0.264023 1
0.507339 1.134566 1
0.563142 0.991858 1
0.619008 1.146263 1
0.196901 0.196901 1
1.287793 2.335515 1
1.414853 1.981967 1
1.679207 2.789721 2
1.508932 2.776086 3
0.963276 0.910615 1
1.781925 2.355033 1
0.494141 0.194617 1
0.426389 0.291239 1
0.354120 0.138728 1
0.796502 2.183070 1
0.955972 0.412901 2
0.651486 1.530363 1
0.458728 2.509269 2
0.998214 1.483394 1
1.034647 1.338494 1
1.096392 1.437640 1
0.914497 1.418791 1
0.705132 1.066432 1
0.000000 2.222222 0
0.000000 2.083333 0
0.130890 2.155257 1
0.677595 0.299934 1
0.644156 0.449829 1
0.555341 0.298229 1
0.519273 0.410918 1
1.311510 1.415828 1
0.587877 1.751007 1
0.528754 1.862419 1
0.325855 1.831504 1
1.321646 1.882507 1
1.352674 2.447920 1
1.353049 2.614886 1
0.729831 1.793274 1
0.800232 1.190266 1
0.810924 1.353468 1
1.072271 2.401469 1
0.990665 2.513189 2
0.922144 2.388603 2
1.464859 2.537365 1
1.179332 2.145504 1
1.019990 1.005327 1
1.627476 1.784595 1
1.126688 0.709832 2
0.092829 2.016189 1
0.349809 0.337138 1
0.226299 1.817828 1
1.284990 0.997983 1
1.130524 1.080647 1
1.453294 2.143997 1
0.213983 0.864530 1
1.866400 2.102868 1
1.717798 1.875217 1
0.555556 0.000000 0
0.694444 0.000000 0
0.624231 0.153507 1
0.000000 0.694444 0
0.000000 0.555556 0
0.152226 0.623898 1
0.420917 1.928146 1
1.638687 2.005035 1
0.849068 1.832281 1
1.536053 2.034399 1
0.580966 1.624627 1
0.759233 0.229289 1
1.494737 1.249506 1
1.612268 1.306570 2
1.464182 1.376227 1
1.002043 1.704599 1
1.580054 1.423513 1
0.590910 1.441185 1
1.345885 1.133201 1
0.568243 1.226271 1
1.507207 1.487833 1
0.878031 0.714775 1
0.778876 0.819733 1
0.717826 0.702975 1
0.472575 1.652194 1
0.487143 0.090776 1
0.086995 0.486111 1
1.572444 2.445432 1
0.630066 0.830477 1
0.492288 0.849073 1
0.592840 0.709844 1
0.786546 0.529079 1
1.244893 1.102499 1
0.277778 0.000000 0
0.416667 0.000000 0
0.000000 0.416667 0
0.000000 0.277778 0
1.115047 1.241050 1
0.390641 1.407513 1
0.441784 1.278391 1
0.496440 1.418488 1
1.458757 1.139654 2
1.882226 2.368093 1
0.000000 1.944444 0
0.208161 2.029161 1
0.910307 0.820293 1
0.972222 0.000000 0
0.000000 0.972222 0
1.003319 0.703230 1
1.021242 2.290112 1
1.414830 1.003783 2
0.897737 2.261121 1
0.407763 0.954280 1
0.280749 0.962352 1
0.799050 1.004161 1
0.338355 2.037788 1
0.294825 1.928411 1
1.117136 0.585166 2
0.943857 0.568149 2
0.304244 1.212124 1
0.299258 1.339156 1
0.804001 0.635863 1
0.184312 1.058497 1
1.434055 2.688274 1
1.524075 2.643659 1
0.711231 0.936692 1
0.437769 1.057717 1
0.785964 2.303798 1
0.769742 2.412311 2
0.588144 0.588144 1
0.513241 0.509499 1
1.412666 1.711518 1
0.967330 1.604430 1
1.494926 1.608590 1
1.201904 1.471797 1
1.755678 2.469362 1
0.990084 2.182014 1
0.891994 2.156935 1
0.961750 2.062615 1
1.069861 2.093642 1
0.000000 0.000000 0
0.138889 0.000000 0
0.114254 0.114254 1
0.000000 0.138889 0
1.604082 1.158693 2
0.877952 0.476651 1
1.297043 1.547593 1
0.104976 1.151346 1
0.668522 2.223001 1
0.594302 2.129804 1
0.468229 2.064114 1
0.000000 2.361111 0
0.104577 2.288904 1
0.107604 2.436661 1
1.683176 2.417166 1
0.694410 0.592424 1
1.355590 2.757757 2
0.227374 0.751302 1
0.500699 2.168376 1
1.396836 1.506192 1
0.912848 1.945715 1
1.201700 2.419512 1
0.213930 1.153550 1
0.188829 2.366446 1
0.216388 0.089976 1
0.091278 0.219877 1
0.829501 0.908576 1
1.378407 1.612362 1
1.982508 2.110129 1
0.264624 2.150678 1
0.319502 1.079225 1
0.000000 1.111111 0
0.571555 2.580719 2
0.670592 2.459717 2
1.268035 0.888256 2
1.160633 2.284393 1
0.526815 1.532871 1
0.688612 2.346434 1
1.253819 2.221075 1
0.402869 1.155797 1
0.416624 1.526584 1
0.565144 2.223985 1
0.208869 2.269420 1
2.087509 2.079071 2
1.770466 2.711713 2
2.044647 2.000212 2
0.081641 1.047968 1
1.084230 2.199133 1
1.357789 0.913241 2
0.904912 1.004763 1
 0 1 2
 3 4 5
 6 0 2
 7 8 9
 10 11 12
 13 14 2
 15 16 17
 18 19 20
 21 22 23
 24 25 26
 27 7 28
 7 9 28
 29 12 11
 13 30 14
 31 32 33
 34 35 36
 15 17 37
 38 37 17
 39 40 41
 42 43 44
 45 46 47
 48 49 50
 51 52 53
 54 51 53
 55 56 57
 58 59 22
 60 61 62
 63 64 65
 66 67 68
 24 69 25
 70 52 23
 48 71 49
 72 73 74
 15 75 76
 15 76 16
 77 78 33
 71 79 80
 35 81 36
 82 83 84
 85 86 87
 60 33 78
 88 89 90
 91 92 93
 94 95 2
 91 96 92
 15 97 75
 98 80 79
 99 100 101
 48 50 102
 82 103 83
 104 105 106
 91 107 96
 71 80 108
 55 109 56
 110 7 27
 111 112 80
 113 114 115
 116 112 111
 117 86 85
 23 52 21
 104 118 105
 53 119 120
 20 19 121
 29 11 122
 123 124 125
 125 124 112
 91 93 126
 127 41 40
 24 128 74
 13 2 129
 130 131 132
 133 131 130
 134 115 114
 135 136 137
 138 139 140
 141 140 139
 48 79 71
 142 47 46
 143 96 144
 6 2 14
 61 145 62
 118 146 105
 3 147 148
 143 149 96
 73 150 151
 152 153 154
 155 148 147
 156 101 100
 157 121 19
 104 106 158
 82 151 150
 18 20 159
 136 160 137
 161 108 80
 162 44 43
 163 164 19
 165 12 87
 29 87 12
 82 84 131
 77 57 56
 39 65 64
 166 68 67
 77 33 57
 10 167 11
 134 150 73
 10 168 35
 169 170 171
 172 173 174
 143 144 61
 175 61 144
 32 57 33
 31 33 43
 10 12 176
 10 176 168
 177 25 37
 2 95 129
 165 178 12
 16 146 17
 143 179 26
 39 41 180
 181 182 183
 134 73 115
 165 87 86
 15 184 97
 149 25 177
 26 25 149
 182 185 183
 94 2 1
 74 128 186
 123 171 140
 138 140 171
 45 187 46
 72 188 73
 110 27 185
 189 185 27
 190 191 192
 60 62 33
 60 193 61
 169 171 194
 173 195 174
 99 17 146
 29 196 85
 197 198 199
 50 199 198
 200 139 41
 138 41 139
 58 122 11
 163 201 164
 143 61 193
 202 203 125
 204 205 111
 26 179 128
 45 206 164
 84 164 206
 82 131 133
 73 151 74
 134 103 150
 132 131 47
 175 145 61
 207 208 209
 210 181 46
 187 210 46
 58 22 211
 212 42 44
 213 137 160
 37 25 184
 155 85 196
 24 151 133
 72 209 208
 24 26 128
 117 85 147
 155 147 85
 190 214 191
 63 215 64
 216 66 68
 143 26 149
 152 5 153
 177 92 149
 96 149 92
 81 35 168
 20 214 217
 190 217 214
 123 194 171
 98 174 195
 29 85 87
 165 100 118
 99 118 100
 152 154 218
 21 211 22
 99 101 17
 99 146 118
 163 219 187
 82 150 103
 154 220 218
 221 222 102
 166 102 222
 134 223 103
 175 224 225
 213 225 224
 24 74 151
 13 90 30
 226 217 227
 190 227 217
 228 229 56
 77 56 229
 104 168 176
 200 227 230
 231 68 222
 162 225 44
 213 44 225
 207 229 208
 155 232 148
 157 19 164
 155 233 232
 197 234 114
 134 114 234
 113 235 114
 236 154 237
 190 230 227
 197 114 198
 221 198 114
 238 239 139
 162 62 145
 238 199 49
 50 49 199
 190 192 230
 157 164 83
 170 65 171
 172 174 67
 197 192 191
 16 76 240
 204 111 195
 203 194 125
 241 97 184
 189 27 242
 84 83 164
 132 243 97
 39 64 40
 166 222 68
 197 199 192
 98 195 111
 123 125 194
 53 120 233
 47 131 206
 21 52 244
 75 97 243
 245 246 247
 245 247 248
 249 250 251
 249 251 252
 48 174 79
 98 79 174
 9 8 168
 81 168 8
 58 11 167
 181 253 182
 200 254 227
 138 180 41
 142 255 243
 109 256 56
 91 126 257
 107 258 259
 96 107 144
 175 144 107
 260 261 262
 24 133 69
 3 148 4
 104 178 118
 21 122 211
 29 122 263
 50 198 102
 221 102 198
 141 139 239
 228 208 229
 89 262 90
 221 114 235
 238 139 264
 38 17 101
 104 158 168
 82 133 151
 265 4 148
 127 227 254
 236 220 154
 138 171 180
 48 266 174
 241 25 69
 21 244 122
 42 31 43
 34 167 35
 10 35 167
 267 259 258
 142 183 268
 20 217 159
 236 257 126
 58 211 122
 245 218 220
 177 37 269
 135 137 261
 117 147 270
 3 270 147
 228 56 271
 163 187 201
 45 201 187
 104 176 178
 272 262 261
 202 125 273
 116 273 125
 116 111 274
 205 274 111
 275 191 214
 170 63 65
 66 172 67
 16 240 105
 276 240 76
 142 268 255
 58 277 59
 192 199 264
 238 264 199
 265 232 120
 161 80 112
 38 269 37
 181 210 253
 53 233 54
 189 268 183
 272 14 30
 213 278 137
 231 222 279
 109 280 256
 200 264 139
 116 125 112
 98 111 80
 161 112 124
 281 95 282
 93 92 269
 18 283 19
 163 19 283
 207 78 229
 77 229 78
 72 74 186
 236 126 220
 189 183 185
 187 219 210
 9 168 158
 106 242 28
 48 102 266
 117 270 284
 152 284 270
 166 266 102
 91 258 107
 29 263 196
 156 248 101
 38 101 248
 127 254 41
 200 41 254
 106 240 242
 58 167 277
 281 129 95
 15 37 184
 177 269 92
 0 6 278
 126 246 220
 224 0 278
 285 186 128
 236 286 257
 94 257 286
 132 47 243
 175 259 224
 165 118 178
 94 282 95
 94 286 282
 221 279 222
 27 28 242
 171 65 180
 174 266 67
 228 271 279
 231 279 271
 189 242 268
 276 268 242
 165 86 100
 213 224 278
 156 100 287
 162 43 62
 33 62 43
 71 108 239
 142 243 47
 228 279 288
 51 244 52
 228 288 208
 73 188 115
 142 46 183
 60 289 193
 260 135 261
 89 260 262
 113 188 208
 72 208 188
 56 256 271
 276 242 240
 94 290 257
 137 278 291
 91 257 258
 175 225 145
 93 269 247
 6 291 278
 51 196 263
 197 191 234
 110 185 182
 292 59 277
 32 55 57
 285 193 289
 221 235 279
 45 47 206
 175 107 259
 113 208 288
 181 183 46
 16 105 146
 106 105 240
 70 293 52
 226 159 217
 275 234 191
 100 86 287
 224 259 0
 45 164 201
 34 277 167
 241 184 25
 71 239 49
 84 206 131
 136 212 160
 3 5 270
 250 202 273
 205 252 274
 212 44 160
 267 0 259
 34 294 277
 213 160 44
 155 54 233
 75 243 255
 12 178 176
 203 169 194
 173 204 195
 141 124 140
 117 284 287
 38 247 269
 141 108 124
 155 196 54
 285 289 209
 152 218 284
 141 239 108
 280 216 295
 245 248 296
 267 1 0
 156 284 296
 39 180 65
 166 67 266
 292 277 294
 285 128 179
 207 209 289
 156 287 284
 275 223 234
 134 234 223
 275 214 121
 53 52 293
 163 297 219
 275 121 298
 120 232 233
 265 148 232
 231 256 295
 280 295 256
 93 247 246
 156 296 248
 51 54 196
 38 248 247
 93 246 126
 117 287 86
 90 262 30
 272 30 262
 143 193 179
 285 179 193
 250 273 251
 252 251 274
 152 270 5
 34 36 294
 162 145 225
 137 291 261
 132 97 130
 241 130 97
 207 289 78
 157 83 298
 103 298 83
 272 261 291
 123 140 124
 161 124 108
 216 68 295
 94 1 290
 245 220 246
 60 78 289
 285 209 186
 245 296 218
 231 271 256
 163 283 297
 200 230 264
 192 264 230
 238 49 239
 231 295 68
 116 274 251
 116 251 273
 53 293 119
 113 115 188
 282 286 237
 103 223 298
 272 291 14
 276 255 268
 267 290 1
 6 14 291
 133 130 69
 276 76 255
 75 255 76
 236 237 286
 279 235 288
 275 298 223
 20 121 214
 284 218 296
 72 186 209
 9 158 28
 106 28 158
 122 244 263
 113 288 235
 157 298 121
 241 69 130
 51 263 244
 267 258 290
 257 290 258
 0
 0
 0
 0
 0
 0
 0
 0
 0
 21
 292 127 110 18 226 81 227 7 182 59 253 36 219 64 40 159 283 210 8 297 294
 0
 12
 13 265 281 90 154 120 282 4 129 153 5 237
 7
 22 70 120 59 119 293 23
 0
 0
 0
 0
 0
 0
 0
 0
 0
 0
 0
 0
 0
