294 523
1.891838 1.660905 1
1.812134 1.749249 2
1.768777 1.588196 2
2.224255 0.306330 1
2.388637 0.301507 1
2.347324 0.430043 1
2.234407 0.657481 1
2.120073 0.575014 1
2.240137 0.511258 1
2.646301 0.922937 1
2.670109 0.789847 1
2.774578 0.915790 1
2.809502 0.795452 1
2.287620 1.524415 1
2.254541 1.369898 1
2.361500 1.418024 1
2.169859 1.495364 1
3.339667 0.912487 1
3.270177 0.973470 1
3.207373 0.855838 1
2.810024 0.456545 1
2.953604 0.456908 1
2.865226 0.576531 1
2.902658 1.497932 1
2.858719 1.367423 1
3.032295 1.365025 1
3.029496 1.489282 1
1.334896 0.555154 1
1.426591 0.410512 1
1.466554 0.565998 1
1.919936 1.270345 1
1.755492 1.254920 1
1.871586 1.127154 1
1.739587 1.082100 1
2.271795 0.209714 1
1.527778 0.000000 0
1.666667 0.000000 0
1.589848 0.164068 1
3.350452 0.817033 1
2.339659 0.578731 1
1.305229 0.389658 1
1.582600 0.637034 1
1.586031 0.794422 1
1.444892 0.702479 1
1.455321 0.867097 1
1.700395 1.421035 2
1.848912 1.412530 1
1.805556 0.000000 0
1.903467 0.135013 1
1.734081 0.126238 1
2.581689 0.570891 1
2.727676 0.657350 1
2.592718 0.699527 1
1.950579 1.542280 1
1.388889 0.000000 0
1.451688 0.102339 1
1.291612 0.150376 1
1.618358 0.331709 1
1.559231 0.486486 1
1.495906 0.308210 1
1.969311 1.019273 1
2.061746 0.892063 1
2.102736 1.025609 1
2.650289 0.424858 1
2.789191 0.325970 1
2.436220 1.687967 1
2.544760 1.593015 1
2.582546 1.762051 1
2.322065 1.125849 1
2.203482 1.235145 1
2.203379 1.083952 1
3.215673 0.712031 1
1.224287 0.296905 1
1.202538 0.454328 1
1.086883 0.329925 1
3.351627 0.668842 1
1.604082 1.158693 2
2.530812 1.259939 1
2.437385 1.333153 1
2.440845 1.158403 1
2.344617 1.257511 1
2.523767 0.807827 1
2.500000 0.000000 0
2.638889 0.000000 0
2.580803 0.155104 1
3.327806 1.347803 1
3.391597 1.254465 1
3.469650 1.397828 2
3.500594 1.253994 1
2.446260 0.545086 1
1.345006 0.811477 1
3.021576 1.079524 1
3.150005 1.136741 1
3.024085 1.210747 1
3.136336 1.263274 1
3.039363 0.550608 1
2.615546 1.082204 1
2.523352 0.955785 1
1.250000 0.000000 0
2.705536 0.097139 1
2.114829 1.161689 1
1.428417 0.211565 1
2.992458 1.606666 1
2.871074 1.633615 1
2.715771 1.861416 2
2.616538 1.926217 2
2.897116 0.362254 1
2.529763 0.315156 1
2.496198 0.441729 1
2.201414 0.412802 1
1.612268 1.306570 2
2.083333 0.000000 0
2.222222 0.000000 0
2.155499 0.130976 1
2.513322 1.423509 1
2.630529 1.357583 1
2.705582 0.204520 1
2.647284 0.296403 1
1.322060 0.701230 1
2.673563 1.634048 1
3.084625 1.710023 2
3.193962 1.666452 2
3.214273 1.796005 3
2.763805 1.037202 1
2.518943 1.873322 1
3.615175 1.304414 2
1.940146 0.871278 1
2.910152 0.242337 1
3.056968 0.169976 1
3.022608 0.329511 1
2.023181 0.094830 1
1.802902 0.244661 1
3.377062 0.515177 2
3.484943 0.629437 2
2.303614 2.080386 2
2.404523 1.959093 1
2.467033 2.125870 2
2.765934 1.452646 1
2.749717 1.333528 1
2.138441 0.481055 1
2.983404 0.661308 1
1.636586 1.009266 1
1.732573 0.938516 1
2.426300 1.809981 1
2.331050 1.877390 1
3.526508 0.747543 2
3.475663 0.888661 2
3.424379 0.747733 1
2.065522 1.484890 1
2.097991 1.597253 1
2.649626 1.500520 1
3.212515 1.527108 1
3.306975 1.590395 2
1.710454 0.548027 1
1.998213 1.664424 1
1.846440 0.980156 1
2.864636 0.691966 1
1.341398 0.280135 1
1.831876 0.613857 1
1.973511 0.573318 1
1.925536 0.727707 1
2.071491 0.687137 1
2.262336 1.955468 1
1.117136 0.585166 2
0.943857 0.568149 2
1.061277 0.470094 1
0.955972 0.412901 2
3.322062 1.462646 1
3.408179 1.538060 2
2.713194 0.536243 1
1.728074 0.715074 1
1.645534 0.899312 1
1.544757 0.940892 1
1.691617 0.243349 1
2.413283 1.549996 1
3.136050 0.991132 1
2.928959 1.278061 1
1.818970 0.832252 1
3.108794 1.581715 1
1.672118 0.432130 1
3.055556 0.000000 0
2.952795 0.107677 1
2.865752 0.975219 1
2.901945 1.074872 1
2.819974 1.143045 1
2.087509 2.079071 2
2.189418 2.140769 2
2.059149 2.222981 3
1.944444 0.000000 0
2.162515 0.902203 1
1.994545 1.394618 1
2.029161 0.208161 1
3.080878 0.732427 1
3.040666 0.853878 1
1.859522 1.853826 2
1.928613 1.772891 1
1.990244 1.885894 2
1.223186 0.559792 1
2.725824 1.139400 1
2.811653 1.245847 1
3.204315 1.379568 1
3.259067 1.085353 1
1.198950 0.801339 2
1.226026 0.652913 1
2.314593 1.659975 1
2.601359 2.058598 2
2.521679 1.988620 1
3.121882 1.466238 1
3.258112 1.230243 1
2.420148 1.007251 1
3.139652 0.247285 2
2.662411 1.226015 1
2.777778 0.000000 0
2.916667 0.000000 0
2.824630 0.126071 1
3.155647 0.105018 2
2.953717 1.735142 2
2.026828 0.785144 1
2.076653 0.355921 1
1.928411 0.294825 1
1.942917 0.425354 1
1.058497 0.184312 1
0.964521 0.286455 2
0.952749 0.121463 2
3.522048 1.072109 2
3.394670 1.027432 1
3.345389 1.153100 1
2.774451 1.565211 1
2.507634 1.068091 1
3.181105 0.357897 2
3.328546 0.382219 2
3.231197 0.473336 1
3.097116 0.451777 1
2.463426 0.213157 1
2.378560 0.187229 1
3.578319 1.177414 2
2.037129 0.482115 1
2.715691 1.741103 1
2.168581 2.022651 1
2.173393 0.790393 1
1.152123 0.105043 1
1.998749 1.156131 1
2.361111 0.000000 0
2.439367 0.106791 1
2.293406 0.104691 1
2.985061 0.969088 1
3.254211 0.592756 1
2.822122 1.771414 2
1.708324 0.828011 1
2.317063 1.775103 1
1.854079 0.501035 1
1.834179 0.376955 1
2.937374 0.769187 1
2.537799 1.157463 1
2.060268 1.266113 1
2.130070 1.378753 1
3.448032 1.143824 1
2.307020 0.783294 1
1.153550 0.213930 1
2.310028 0.998124 1
2.915656 1.182207 1
3.128230 0.636367 1
2.214086 0.980023 1
2.401212 0.886268 1
2.132638 0.245777 1
2.262382 0.888277 1
1.759653 0.444356 1
1.111111 0.000000 0
2.460347 0.671721 1
3.154818 0.542404 1
1.532904 1.058559 1
1.458757 1.139654 2
2.352547 0.687952 1
1.719057 0.348415 1
2.033170 1.767027 1
2.902155 0.879769 1
2.416507 0.770873 1
1.126688 0.709832 2
1.826902 0.719624 1
2.148384 1.913549 1
2.044647 2.000212 2
2.129306 1.804879 1
1.414830 1.003783 2
2.807389 0.224724 1
1.268035 0.888256 2
2.200007 1.619631 1
2.771380 1.669078 1
1.357789 0.913241 2
2.233232 1.841750 1
2.217895 1.739479 1
3.695457 1.200774 3
0.972222 0.000000 0
1.047968 0.081641 1
2.112085 1.701302 1
 0 1 2
 3 4 5
 6 7 8
 9 10 11
 11 10 12
 13 14 15
 13 16 14
 17 18 19
 20 21 22
 23 24 25
 26 23 25
 27 28 29
 30 31 32
 33 32 31
 3 34 4
 35 36 37
 38 17 19
 39 6 8
 27 40 28
 41 42 43
 44 43 42
 45 46 2
 47 48 49
 50 51 52
 53 2 46
 30 46 31
 45 31 46
 54 55 56
 57 58 59
 28 59 58
 60 61 62
 20 63 64
 65 66 67
 68 69 70
 71 38 19
 72 73 74
 71 75 38
 33 31 76
 77 78 79
 78 80 79
 81 10 9
 82 83 84
 12 10 51
 85 86 87
 87 86 88
 39 5 89
 41 43 29
 44 90 43
 91 92 93
 94 93 92
 21 95 22
 96 97 9
 98 54 56
 83 99 84
 53 0 2
 51 10 52
 100 70 69
 101 37 59
 26 102 23
 103 23 102
 57 59 37
 80 69 68
 104 105 67
 20 106 21
 27 73 40
 4 107 108
 5 4 108
 3 5 109
 45 110 31
 111 112 113
 114 77 115
 116 117 84
 107 84 117
 118 27 43
 114 78 77
 43 27 29
 119 67 66
 120 121 122
 96 9 123
 124 67 105
 125 87 88
 60 126 61
 127 128 129
 111 113 130
 131 49 48
 132 133 75
 134 135 136
 137 115 138
 101 56 55
 139 8 7
 28 58 29
 140 22 95
 101 55 37
 33 141 142
 124 135 143
 144 143 135
 145 146 147
 38 147 146
 148 149 53
 35 37 55
 150 115 137
 36 49 37
 151 152 121
 41 58 153
 63 117 64
 149 154 53
 81 9 97
 5 108 89
 33 142 155
 12 51 156
 28 157 59
 158 159 160
 161 160 159
 116 84 99
 134 162 135
 31 110 76
 163 164 165
 166 165 164
 85 87 167
 168 167 87
 50 169 51
 39 8 5
 41 170 42
 171 172 42
 44 42 172
 57 37 173
 13 15 174
 91 175 92
 107 63 108
 50 108 63
 145 147 133
 60 32 155
 176 25 24
 73 165 74
 177 160 126
 151 121 178
 33 155 32
 58 179 153
 180 128 181
 114 174 15
 5 8 109
 182 183 123
 184 123 183
 185 186 187
 47 188 48
 61 189 62
 30 190 46
 53 46 190
 191 130 113
 71 19 192
 193 192 19
 101 59 157
 194 195 196
 144 135 162
 80 68 79
 27 197 73
 198 184 199
 133 147 75
 94 200 25
 92 175 201
 202 203 118
 13 174 204
 65 174 66
 205 136 206
 200 207 25
 41 29 58
 202 118 90
 94 92 208
 193 19 175
 18 201 175
 209 79 68
 20 22 169
 51 169 22
 128 210 129
 127 181 128
 211 198 199
 212 213 214
 180 215 128
 65 204 174
 103 102 216
 160 217 126
 191 218 219
 220 219 218
 53 154 0
 163 165 73
 221 222 223
 191 219 48
 131 48 219
 224 225 146
 92 201 208
 226 208 201
 114 115 150
 103 227 23
 96 228 97
 229 230 231
 72 40 73
 229 231 232
 107 233 84
 234 4 34
 80 15 14
 125 88 235
 159 236 7
 120 216 102
 104 67 237
 114 150 66
 119 66 150
 163 73 197
 134 186 238
 114 15 78
 158 170 153
 41 153 170
 134 238 162
 161 6 239
 161 159 7
 136 135 206
 18 175 19
 94 25 93
 176 93 25
 177 126 155
 60 155 126
 98 56 240
 28 40 157
 50 63 169
 60 62 241
 100 241 62
 242 243 244
 60 241 32
 193 175 245
 107 117 63
 71 246 75
 65 67 143
 124 143 67
 20 169 63
 103 216 247
 80 78 15
 42 170 248
 249 204 65
 82 84 243
 30 32 241
 143 249 65
 77 211 115
 138 115 211
 213 180 181
 138 211 199
 220 250 251
 36 47 49
 140 192 252
 193 252 192
 96 211 253
 77 253 211
 38 146 17
 100 69 254
 255 254 69
 88 256 235
 171 142 141
 119 150 227
 116 64 117
 161 239 217
 112 244 113
 213 181 214
 257 239 6
 255 190 254
 30 254 190
 72 258 56
 234 244 243
 209 68 259
 20 64 106
 91 93 260
 140 95 261
 91 260 183
 262 62 189
 140 261 192
 114 66 174
 81 97 263
 209 263 97
 132 75 246
 191 113 264
 94 208 200
 85 200 208
 171 42 248
 139 236 218
 257 265 239
 266 251 250
 255 148 190
 166 74 165
 221 74 222
 267 98 240
 81 52 10
 81 268 52
 50 268 89
 61 217 239
 269 232 231
 101 157 56
 72 56 157
 85 167 200
 151 200 167
 127 214 181
 220 218 236
 91 245 175
 38 75 147
 270 141 76
 27 118 203
 220 159 250
 158 250 159
 33 76 141
 239 265 189
 224 235 256
 139 218 109
 270 76 271
 39 272 6
 257 6 272
 131 273 173
 266 250 153
 158 153 250
 131 251 273
 274 196 195
 132 231 230
 139 7 236
 12 275 11
 255 14 16
 50 89 108
 177 155 142
 3 109 218
 57 179 58
 209 259 263
 50 52 268
 229 129 210
 39 89 268
 166 222 74
 39 268 272
 81 276 268
 72 74 258
 221 258 74
 61 126 217
 127 106 64
 191 264 218
 3 218 264
 37 49 173
 131 173 49
 163 203 277
 96 198 211
 53 190 148
 212 214 99
 116 99 214
 80 14 69
 255 16 148
 119 237 67
 113 34 264
 163 197 203
 100 254 241
 30 241 254
 220 251 219
 140 252 156
 263 259 265
 112 242 244
 158 160 278
 279 280 196
 3 264 34
 242 82 243
 274 281 196
 279 196 281
 44 172 282
 270 282 172
 182 11 275
 56 258 240
 279 238 280
 120 102 178
 177 278 160
 202 277 203
 161 217 160
 182 245 183
 91 183 245
 220 236 159
 161 7 6
 116 283 64
 54 35 55
 127 64 283
 140 156 22
 270 271 282
 104 237 247
 229 232 129
 21 129 232
 202 90 284
 43 90 118
 177 170 278
 13 285 16
 149 16 285
 27 203 197
 177 248 170
 266 153 179
 103 247 286
 158 278 170
 26 178 102
 274 195 154
 0 154 195
 12 252 275
 44 287 90
 124 206 135
 144 162 288
 279 288 162
 128 215 210
 96 123 198
 193 275 252
 127 283 214
 12 156 252
 188 111 130
 23 227 137
 18 225 201
 226 201 225
 9 11 123
 182 123 11
 188 130 48
 116 214 283
 262 259 70
 13 204 285
 289 285 204
 26 25 207
 83 212 99
 71 261 246
 191 48 130
 26 207 178
 151 178 207
 209 228 79
 68 70 259
 226 225 256
 224 256 225
 77 79 253
 127 129 106
 21 106 129
 269 246 261
 120 178 121
 131 219 251
 125 235 290
 291 267 292
 184 198 123
 226 86 208
 85 208 86
 146 225 17
 209 97 228
 255 69 14
 132 246 231
 18 17 225
 193 245 275
 269 231 246
 221 292 240
 267 240 292
 151 207 200
 51 22 156
 149 293 154
 274 154 293
 72 157 40
 151 167 152
 168 152 167
 257 263 265
 269 261 95
 185 238 186
 262 70 62
 226 256 86
 88 86 256
 149 148 16
 257 276 263
 119 227 286
 71 192 261
 61 239 189
 100 62 70
 113 244 34
 81 263 276
 44 282 287
 262 189 265
 150 137 227
 138 24 137
 23 137 24
 176 260 93
 289 204 249
 139 109 8
 291 292 223
 234 34 244
 182 275 245
 57 173 273
 185 280 238
 84 233 243
 234 243 233
 221 240 258
 279 162 238
 103 286 227
 266 273 251
 144 249 143
 184 260 199
 176 199 260
 221 223 292
 119 286 237
 0 195 1
 194 1 195
 21 232 95
 269 95 232
 176 24 199
 138 199 24
 262 265 259
 184 183 260
 257 272 276
 270 172 141
 107 4 233
 171 141 172
 268 276 272
 289 288 281
 279 281 288
 90 287 284
 289 293 285
 247 237 286
 124 105 206
 205 206 105
 149 285 293
 57 273 179
 289 281 293
 274 293 281
 266 179 273
 177 142 248
 289 249 288
 234 233 4
 171 248 142
 144 288 249
 79 228 253
 96 253 228
 0
 0
 0
 0
 0
 0
 11
 224 229 145 132 133 146 230 235 215 210 290
 7
 125 168 87 122 121 152 290
 0
 0
 21
 185 166 45 202 163 194 164 2 110 187 76 196 282 223 222 277 284 271 1 287 280
 0
 11
 205 120 134 104 136 187 247 122 216 186 105
 0
 0
 0
 0
 0
 0
 0
 0
 0
 0
 0
 0
 0
