300 535
2.457381 7.696479 1
2.330687 7.682017 1
2.433056 7.563674 1
2.215323 8.693197 1
2.352635 8.589117 1
2.338058 8.714190 1
3.044516 8.797724 1
2.927110 8.801484 1
2.978158 8.659540 1
3.125738 8.723030 1
2.534269 7.374473 1
2.443488 7.311311 1
2.579876 7.256678 1
2.255517 8.547160 1
3.421979 7.817657 1
3.556786 7.772664 2
3.511250 7.910295 2
2.282214 7.583952 2
2.389450 8.917956 1
2.507951 8.842249 1
2.535382 9.000408 1
2.305840 7.476904 2
2.107061 8.657786 1
2.156330 8.559928 1
2.988788 8.221578 1
2.848468 8.223381 1
2.938308 8.067600 1
3.081775 8.353309 1
2.937531 8.385432 1
2.634778 9.100739 1
2.751874 9.095387 1
2.661494 9.223904 1
2.417764 7.184912 3
3.611111 10.000000 0
3.472222 10.000000 0
3.516792 9.854188 2
2.809457 9.542949 1
2.863925 9.418609 1
2.953662 9.542715 1
2.807078 9.202169 1
2.601451 8.230957 1
2.705326 8.289047 1
2.563487 8.380516 1
3.099504 7.861408 1
3.087139 7.754130 1
3.246407 7.816896 1
3.455959 8.054653 1
3.603015 8.014289 2
3.522590 8.166489 2
2.826501 8.085840 1
3.357792 9.078940 1
3.207491 9.144413 1
3.270567 9.026120 1
2.580719 9.428445 1
2.584457 9.302958 1
2.726588 9.342508 1
2.313748 7.309247 2
2.418204 7.433827 1
2.583979 7.497101 1
2.759440 7.514537 1
2.666480 7.624243 1
3.600476 8.706468 1
3.692692 8.572439 1
3.757893 8.727348 2
3.167779 7.683233 1
1.970951 8.965046 1
1.824499 9.015575 2
1.870443 8.844454 2
2.824404 7.342330 1
2.669007 7.374741 1
3.350409 9.182704 1
2.908478 7.476202 1
2.610155 8.909194 1
2.684485 8.547401 1
2.845678 8.557736 1
2.742036 8.654783 1
2.753611 9.666281 1
2.642692 9.569966 1
2.685320 8.413293 1
3.426557 8.510435 1
3.487289 8.414026 1
3.542542 8.558068 1
3.612251 8.459483 1
3.841172 8.600904 2
2.952770 7.357646 2
3.067519 7.422348 2
2.796300 8.460410 1
3.030931 7.537596 1
3.215754 9.288006 1
3.364952 9.339704 1
2.523983 9.183787 1
2.799217 7.693826 1
2.923133 7.614957 1
2.638889 10.000000 0
2.500000 10.000000 0
2.564223 9.843437 2
2.808614 7.168708 2
2.942381 7.236932 2
3.441815 8.638124 1
2.339659 9.421269 2
2.449164 9.443862 1
2.355013 9.581230 2
3.484770 8.751163 1
3.326754 8.652893 1
3.258701 8.765776 1
3.199464 8.588102 1
3.039750 9.448254 1
3.510660 7.636990 1
3.447775 7.505364 2
3.627092 7.551364 3
2.654395 8.768534 1
2.535372 8.717549 1
2.466010 8.508545 1
2.438167 8.359035 1
3.667729 8.858192 2
3.031659 8.517939 1
2.703299 9.902945 1
3.131418 8.196046 1
2.318282 8.054093 1
2.336846 7.907362 1
2.449202 7.997257 1
2.307197 8.331261 1
2.310130 8.199123 1
2.416319 8.226562 1
3.063891 7.641549 1
2.198971 7.963866 2
2.881615 9.660957 1
2.809819 8.748355 1
2.774133 8.871576 1
2.906578 8.940297 1
2.207673 8.252357 2
2.991874 7.710558 1
2.511587 9.677944 2
2.507870 9.539163 1
3.474867 9.459817 1
3.348336 9.496619 1
3.496610 9.345310 1
2.705582 9.795480 1
2.643671 9.691219 1
3.463461 9.594523 1
3.323871 9.619709 1
3.404548 9.731742 1
2.388564 9.077755 1
2.793774 7.994339 1
2.686939 7.956045 1
2.792672 7.848142 1
3.162837 7.963872 1
3.595502 9.551279 1
3.532054 9.698666 1
2.930575 9.774561 1
3.023593 9.671023 1
3.057844 9.830734 1
2.740686 8.172968 1
2.416075 8.773869 1
2.439552 8.650907 1
3.181200 9.641978 1
3.292801 9.734212 1
3.139652 9.752715 1
2.344554 8.463660 1
2.699648 8.977465 1
3.649877 9.659216 2
2.929271 8.493922 1
3.358270 9.867215 1
3.282170 7.982706 1
2.626130 8.127058 1
2.983458 9.338620 1
2.891120 7.950875 1
3.537035 9.225267 1
3.434815 9.243501 1
3.455557 9.105533 1
3.018186 7.962210 1
3.026406 8.119363 1
2.177634 8.374730 2
3.333333 10.000000 0
2.586080 7.112348 2
3.532003 8.938999 1
3.589677 9.086582 1
2.897183 9.084881 1
3.007979 9.034867 1
3.109078 8.066141 1
2.860039 9.305372 1
2.709552 9.461353 1
2.556417 7.605742 1
2.440898 7.840679 1
2.551204 7.791159 1
2.592933 7.696841 1
3.019313 8.927312 1
3.172261 8.877253 1
3.142503 9.012094 1
2.794759 8.349617 1
3.055556 10.000000 0
2.958133 9.896220 1
3.209192 8.323812 1
3.142920 8.472559 1
3.251038 8.433955 1
3.384366 7.927693 1
3.338727 8.074183 1
3.702993 9.434791 2
3.754241 9.597116 2
2.660093 7.848749 1
3.640723 8.979976 2
2.213852 8.122400 3
2.811066 8.983169 1
3.081324 9.268017 1
3.041671 9.147126 1
2.864630 8.666462 1
3.269875 8.919956 1
3.349836 7.708594 1
2.578987 8.492351 1
1.965205 8.701877 2
2.055979 8.579137 1
3.734205 8.298347 2
3.843820 8.384261 2
3.715698 8.424626 1
2.559854 7.907807 1
2.580730 8.027303 1
2.019666 8.846539 1
3.263058 7.656786 1
2.508919 8.137167 1
2.074688 8.746455 1
2.916667 10.000000 0
2.777778 10.000000 0
2.830021 9.875804 1
3.155647 9.894982 1
2.359423 7.771815 1
3.345575 8.847124 1
2.197724 9.016069 1
2.107676 8.934102 1
2.247982 8.912095 1
2.158822 8.828609 1
3.312670 8.536125 1
3.555865 8.817285 1
2.503778 8.272970 1
3.394715 8.972930 1
2.412495 9.230323 1
2.304126 9.214216 1
3.096404 9.548437 1
3.224978 9.529265 1
2.084858 8.479953 2
2.228667 8.455847 1
2.911109 7.846158 1
3.608349 9.325408 1
3.505209 8.273164 1
3.356488 8.323774 1
3.612837 9.785014 2
2.686038 7.749208 1
3.651424 9.198225 1
2.723051 7.266156 1
2.940107 9.226430 1
2.070018 9.313602 2
2.171618 9.210989 1
2.232544 9.342650 2
3.087309 8.611466 1
3.625255 8.229438 2
3.361814 8.439623 1
1.952648 9.115278 2
3.249555 9.409588 1
3.618646 8.343740 1
2.162253 9.112062 1
2.058272 9.036160 1
2.709536 7.054564 2
2.684746 7.162374 1
3.801892 8.497043 1
2.263370 9.107443 1
3.182489 7.548820 2
2.301919 9.006825 1
3.240989 9.832903 1
2.288204 8.801998 1
1.955428 8.552999 2
2.819856 9.758503 1
3.580338 9.431469 1
3.714597 9.291065 2
3.279959 8.202665 1
3.221675 8.093870 1
3.125162 9.365748 1
2.018899 9.223706 2
3.785517 9.194808 2
3.721320 9.071493 2
2.698863 8.066895 1
2.261610 7.806186 2
3.155239 9.457389 1
2.460074 9.329252 1
2.400570 8.122841 1
3.408233 8.183514 1
2.064703 9.130988 1
2.209255 7.681920 2
3.194444 10.000000 0
2.347884 9.312045 1
2.633778 8.656528 1
3.603919 7.676636 2
3.451617 8.848603 1
3.451642 7.720843 1
3.320114 7.573364 2
3.008007 7.820422 1
2.898241 7.744026 1
3.256537 9.919020 1
2.552602 8.594373 1
3.408854 7.624741 1
3.916076 8.502984 2
3.375226 8.749762 1
 0 1 2
 3 4 5
 6 7 8
 9 6 8
 10 11 12
 13 4 3
 14 15 16
 1 17 2
 18 19 20
 17 21 2
 22 23 3
 24 25 26
 24 27 28
 29 30 31
 11 32 12
 33 34 35
 36 37 38
 30 39 31
 40 41 42
 43 44 45
 46 47 48
 26 25 49
 50 51 52
 53 54 55
 56 57 21
 58 59 60
 61 62 63
 57 2 21
 64 45 44
 65 66 67
 68 59 69
 58 69 59
 70 51 50
 68 71 59
 72 20 19
 73 74 75
 36 76 77
 42 41 78
 79 80 81
 81 80 82
 83 63 62
 71 84 85
 73 86 74
 23 13 3
 87 71 85
 88 51 70
 88 70 89
 90 29 31
 91 59 92
 93 94 95
 68 96 97
 39 55 31
 81 61 98
 55 54 31
 99 100 101
 90 20 29
 98 61 102
 103 104 105
 9 105 104
 38 37 106
 107 108 109
 72 19 110
 111 110 19
 112 113 42
 61 63 114
 115 28 27
 93 95 116
 24 117 27
 118 119 120
 121 122 123
 87 124 92
 118 125 119
 36 38 126
 127 7 128
 7 129 128
 121 130 122
 131 92 124
 132 101 133
 134 135 89
 136 134 89
 137 95 138
 132 138 95
 58 57 10
 91 60 59
 135 139 140
 141 140 139
 46 16 47
 18 20 142
 143 144 145
 43 45 146
 147 148 139
 149 150 151
 40 152 41
 24 28 25
 111 153 154
 155 156 157
 112 158 113
 29 20 159
 72 159 20
 147 160 148
 74 161 8
 115 8 161
 34 162 35
 163 146 45
 68 97 84
 164 152 40
 165 106 37
 143 145 166
 167 168 169
 70 169 168
 26 170 171
 77 76 138
 56 11 57
 155 140 156
 58 2 57
 121 172 130
 34 173 162
 101 100 133
 12 32 174
 175 176 169
 90 142 20
 87 92 71
 177 129 178
 171 170 179
 137 116 95
 12 69 10
 58 10 69
 39 180 55
 53 55 181
 121 123 113
 58 60 182
 167 136 168
 132 133 77
 53 77 133
 183 0 184
 185 184 0
 186 187 188
 189 28 86
 111 19 153
 190 191 151
 27 192 193
 193 192 194
 163 45 195
 14 195 45
 36 181 37
 55 37 181
 185 0 182
 46 196 195
 147 197 198
 199 145 144
 175 200 176
 59 71 92
 118 201 125
 202 129 177
 88 203 51
 204 51 203
 61 81 62
 82 62 81
 9 104 187
 167 169 176
 74 8 205
 187 206 188
 189 25 28
 52 188 206
 28 161 86
 115 27 193
 179 170 146
 136 89 168
 72 110 128
 14 45 207
 112 42 208
 46 195 16
 209 210 22
 211 212 213
 183 214 120
 215 120 214
 209 216 67
 64 217 45
 215 218 120
 209 22 219
 151 150 157
 204 188 51
 127 205 7
 8 7 205
 149 151 191
 220 221 222
 190 151 223
 187 104 206
 82 213 62
 183 224 0
 225 206 104
 226 227 228
 229 228 227
 175 114 200
 79 98 230
 43 146 170
 61 114 231
 40 42 232
 175 231 114
 186 6 187
 9 187 6
 175 169 233
 72 128 159
 90 234 142
 235 142 234
 155 236 237
 155 237 140
 24 26 171
 238 239 23
 240 166 145
 167 241 136
 238 172 239
 242 80 243
 244 35 148
 141 148 35
 199 184 245
 167 176 246
 68 247 96
 52 51 188
 36 77 181
 204 248 177
 39 177 248
 249 250 251
 132 77 138
 103 230 98
 115 252 8
 9 8 252
 27 117 192
 242 48 253
 243 80 254
 53 181 77
 65 255 66
 189 41 25
 152 25 41
 88 89 256
 242 253 257
 141 35 162
 147 198 160
 226 258 259
 226 259 227
 0 2 182
 186 178 129
 165 248 203
 204 203 248
 260 96 261
 190 220 191
 65 67 216
 62 213 262
 235 263 142
 121 113 158
 87 85 264
 163 195 196
 18 142 265
 5 154 153
 103 105 230
 194 230 105
 266 157 156
 45 217 207
 18 228 267
 70 50 169
 209 268 210
 269 126 149
 76 126 269
 194 105 193
 56 32 11
 127 110 75
 137 138 76
 105 252 193
 147 134 270
 271 197 241
 18 267 153
 220 222 191
 235 251 250
 272 117 273
 179 273 117
 61 231 102
 185 245 184
 165 274 106
 183 120 119
 115 193 252
 36 126 76
 194 192 243
 272 243 192
 9 252 105
 165 203 274
 272 192 117
 249 275 250
 271 246 276
 277 276 246
 135 256 89
 90 31 54
 147 139 134
 68 69 247
 152 164 278
 204 178 188
 279 119 125
 280 237 236
 90 54 281
 53 100 281
 120 218 282
 152 49 25
 141 162 156
 149 191 222
 242 243 283
 272 283 243
 70 168 89
 209 219 216
 74 205 75
 79 81 98
 215 214 144
 235 250 263
 284 250 275
 12 247 69
 115 161 28
 118 120 282
 22 3 219
 229 219 3
 136 270 134
 179 117 171
 24 171 117
 279 285 1
 202 177 30
 39 30 177
 127 128 110
 286 190 223
 141 139 148
 68 84 71
 53 133 100
 26 49 166
 279 1 224
 135 140 237
 57 11 10
 73 78 86
 82 257 213
 211 213 257
 65 216 227
 229 227 216
 284 275 255
 99 251 287
 235 287 251
 155 157 150
 250 258 263
 141 156 140
 53 281 54
 99 281 100
 79 254 80
 143 166 49
 99 287 281
 90 281 234
 163 273 146
 179 146 273
 199 144 214
 266 156 162
 221 116 222
 137 222 116
 202 128 129
 271 241 246
 167 246 241
 14 16 195
 111 288 110
 165 180 248
 186 7 6
 135 134 139
 82 80 257
 242 257 80
 229 267 228
 189 78 41
 244 148 160
 272 196 283
 183 119 224
 83 62 262
 123 218 232
 40 232 218
 199 214 184
 204 177 178
 238 210 268
 107 109 289
 143 49 278
 152 278 49
 127 75 205
 197 270 241
 137 76 269
 225 290 233
 175 233 290
 279 224 119
 155 150 236
 38 236 150
 73 208 78
 42 78 208
 165 37 180
 186 188 178
 74 86 161
 107 15 291
 14 291 15
 194 243 254
 292 217 264
 202 159 128
 131 293 294
 39 248 180
 151 157 223
 266 223 157
 64 124 264
 87 264 124
 137 269 222
 65 259 255
 284 255 259
 91 92 294
 131 294 92
 147 270 197
 149 222 269
 186 129 7
 13 23 239
 229 3 267
 221 93 116
 225 233 206
 52 206 233
 88 256 274
 46 283 196
 64 264 217
 107 289 15
 149 126 150
 38 150 126
 42 113 232
 26 166 170
 110 288 75
 12 174 261
 280 274 256
 91 294 145
 240 145 294
 211 257 253
 240 293 170
 43 170 293
 91 245 60
 185 60 245
 226 228 265
 18 265 228
 173 286 295
 111 154 296
 112 296 154
 185 182 60
 73 75 288
 272 273 196
 260 261 174
 121 239 172
 169 50 233
 292 108 297
 107 297 108
 292 297 207
 14 207 291
 215 164 218
 240 294 293
 292 207 217
 96 247 261
 215 144 278
 83 262 298
 277 176 200
 52 233 50
 135 237 256
 229 216 219
 91 145 245
 199 245 145
 212 298 262
 18 153 19
 280 256 237
 173 295 162
 46 48 283
 242 283 48
 225 104 299
 103 299 104
 240 170 166
 277 246 176
 103 98 299
 102 299 98
 55 180 37
 266 162 295
 5 4 154
 123 282 218
 189 86 78
 284 259 258
 29 159 30
 202 30 159
 65 227 259
 40 218 164
 280 106 274
 215 278 164
 12 261 247
 212 262 213
 88 274 203
 225 299 290
 102 290 299
 284 258 250
 102 231 290
 175 290 231
 73 288 296
 163 196 273
 112 154 4
 58 182 2
 131 44 293
 142 263 265
 226 265 263
 143 278 144
 112 208 296
 17 1 285
 118 282 122
 123 122 282
 183 184 214
 131 124 44
 64 44 124
 112 4 158
 226 263 258
 123 232 113
 136 241 270
 194 254 230
 79 230 254
 280 236 106
 38 106 236
 281 287 234
 118 122 201
 130 201 122
 13 158 4
 266 295 223
 5 267 3
 286 223 295
 111 296 288
 235 234 287
 121 158 239
 13 239 158
 5 153 267
 73 296 208
 0 224 1
 107 291 297
 207 297 291
 43 293 44
 238 23 210
 22 210 23
 0
 16
 99 209 132 249 238 101 130 95 67 66 251 268 172 255 275 201
 8
 17 56 279 32 125 285 21 201
 0
 11
 292 260 96 32 109 97 108 174 264 85 84
 0
 0
 0
 0
 0
 0
 0
 0
 0
 0
 0
 0
 0
 0
 0
 0
 22
 83 277 211 244 271 212 114 198 63 16 35 109 197 15 160 276 200 48 47 298 253 289
 0
 0
 0
 0
