298 534
6.801157 9.515192 1
6.687997 9.444273 1
6.839583 9.404687 1
6.547130 9.231997 1
6.642835 9.095756 1
6.670410 9.223898 1
6.759707 9.315547 1
7.196783 8.586221 1
7.200417 8.693474 1
7.050214 8.601746 1
6.485560 9.116166 1
7.098999 8.730274 1
6.329707 9.377750 1
6.492596 9.347685 1
6.401016 9.473169 1
6.023907 9.579772 2
5.876548 9.535896 2
6.006768 9.473273 1
7.580945 7.964810 1
7.718913 8.041488 2
7.572391 8.086435 1
6.783435 9.018176 1
6.778850 9.177019 1
7.275660 8.213222 1
7.137843 8.159833 1
7.227174 8.086565 1
6.686429 8.234365 1
6.638235 8.363351 1
6.535256 8.299313 1
6.567698 8.175380 1
6.406180 9.252308 1
6.515550 7.910473 2
6.624644 7.818213 2
6.686428 7.967595 1
8.080065 8.729655 1
8.244508 8.745080 3
8.128414 8.872846 2
7.695690 7.911520 2
6.646036 8.522911 1
6.661362 8.674201 1
6.551526 8.651682 1
6.522646 8.522436 1
7.193438 8.308837 1
6.673309 9.597209 1
6.560266 9.486866 1
6.344052 9.144920 1
6.398485 9.020336 1
6.805555 10.000000 0
6.669086 9.877488 1
6.780723 9.831198 1
8.150883 8.586969 2
6.572844 8.041079 1
6.551444 8.971073 1
6.555438 9.633027 1
6.713991 8.770042 1
6.679886 8.911281 1
6.559259 8.790221 1
5.912392 9.415397 1
5.802255 9.410053 2
5.914904 9.298908 2
7.203186 8.425324 1
7.341808 8.373205 1
7.135184 9.459273 1
7.014851 9.497261 1
7.063276 9.350357 1
6.750058 7.850803 1
6.952539 9.398787 1
7.669065 8.139335 1
7.499422 8.836214 1
7.567285 8.700944 1
7.614100 8.825500 1
7.777778 10.000000 0
7.638889 10.000000 0
7.724136 9.844862 1
6.186282 9.712640 2
6.141191 9.618241 1
6.285971 9.581976 1
7.569445 9.905751 1
7.084967 8.269139 1
7.380812 9.350439 1
7.468836 9.518209 1
7.334869 9.455361 1
7.493327 9.372643 1
7.158516 9.235254 1
7.226109 9.365529 1
6.811966 9.642995 1
6.899935 9.120657 1
7.410687 9.658910 1
7.521936 9.691813 1
6.666667 10.000000 0
6.894502 8.629272 1
6.754989 8.622025 1
6.789530 8.518266 1
6.902410 8.501462 1
7.591715 9.599132 1
7.460124 9.079474 1
7.479390 9.224616 1
7.369483 9.136706 1
7.358087 8.091799 1
6.155670 9.054038 1
6.024354 9.014854 2
6.189645 8.950685 2
6.979998 8.732032 1
7.947371 9.103440 2
7.829123 9.124092 1
7.889166 8.981995 2
7.452580 8.715000 1
6.415514 8.787515 1
6.440328 8.675400 1
7.380548 7.964545 1
7.327610 7.829855 2
7.459446 7.887070 2
6.153409 9.522855 1
6.396385 8.457839 1
6.343915 8.611896 1
6.266117 8.525078 2
7.923119 8.516538 1
7.902009 8.402747 2
8.049421 8.457720 2
7.269433 7.976513 1
6.265505 9.053463 1
6.464293 9.583187 1
7.678721 8.743058 1
7.006534 8.433873 1
7.028942 8.053897 1
6.919601 8.113318 1
6.924795 7.945973 1
6.806640 8.055938 1
7.361111 10.000000 0
7.296700 9.920088 1
7.432374 9.886025 1
6.453265 8.234514 2
6.475371 8.127416 2
7.574777 9.791536 1
7.408272 9.765462 1
6.901500 8.367714 1
7.266487 8.507080 1
7.559837 9.099396 1
7.500000 10.000000 0
6.808378 8.875128 1
6.901810 8.967202 1
7.121701 8.888822 1
7.252378 8.899221 1
7.108465 9.000947 1
6.388434 9.671264 1
7.584832 9.331422 1
7.660341 9.421269 1
7.579844 9.484646 1
7.220484 9.031564 1
6.302894 9.706076 1
6.443992 8.575473 1
6.882627 9.886447 1
6.430508 8.018143 2
7.004992 9.053137 1
7.022418 9.191932 1
6.303124 8.424181 2
5.982752 9.153278 1
5.860522 9.198224 2
7.666224 8.507869 1
7.710230 8.424544 1
7.797597 8.493773 1
7.271050 9.722310 1
7.253049 9.606718 1
7.083333 10.000000 0
7.079720 9.858798 1
7.202360 9.863933 1
5.875474 9.096663 3
7.781382 9.697988 1
7.656583 9.697560 1
7.222222 10.000000 0
7.764816 9.034150 1
7.705776 8.620243 1
7.559846 7.847754 2
6.916779 9.288080 1
7.154130 9.733686 1
7.124003 9.594628 1
7.778578 9.234900 1
7.881345 9.226439 2
7.806282 9.365907 2
6.297576 8.948071 1
6.219924 8.820246 2
8.004167 8.605570 1
7.719052 9.561968 1
6.841384 7.754109 2
6.862159 7.857463 1
6.985586 7.796449 2
7.058541 7.923673 1
7.376606 9.243668 1
7.329925 8.650030 1
7.874085 9.884976 2
7.355088 9.564360 1
6.817110 8.413960 1
6.099948 9.147806 1
7.384907 8.518030 1
6.624095 9.338402 1
6.244683 9.457056 1
6.100932 9.407632 1
6.199639 9.344516 1
7.041790 9.729144 1
7.482370 8.449934 1
7.467947 8.026443 1
7.316314 9.819341 1
7.862401 8.622876 1
7.795235 8.738968 1
6.054611 9.284513 1
6.808969 7.939981 1
6.336432 8.839258 1
7.004952 9.625604 1
7.563559 8.551735 1
6.780162 8.311740 1
7.515350 8.324350 1
7.409687 8.238256 1
7.575780 8.206882 1
7.473275 8.137273 1
7.855938 9.773578 1
6.730762 8.424308 1
6.201482 8.650692 2
6.324863 8.732353 1
7.683282 9.289816 1
7.389845 8.909194 1
7.382853 8.800762 1
7.606037 8.950572 1
7.479389 8.979532 1
7.277528 8.773541 1
7.460085 8.602646 1
6.441116 8.889874 1
6.723753 9.719796 1
6.604926 9.764725 1
7.130146 9.110865 1
7.266002 9.152352 1
6.953569 9.795262 1
6.845856 9.760732 1
7.858946 8.846169 1
7.725531 8.872280 1
7.346021 9.026924 1
6.842145 8.742575 1
7.989208 8.853703 2
6.164565 9.233966 1
7.761899 9.464337 1
7.123057 8.487046 1
6.706133 7.730347 3
6.250000 10.000000 0
6.181142 9.858657 2
6.303110 9.885636 1
6.929001 8.841491 1
6.498373 9.849589 1
6.485882 9.713652 1
6.379928 9.784677 1
6.527778 10.000000 0
6.405153 9.898450 1
7.657934 9.067125 1
6.532987 8.414411 1
7.935765 8.731040 1
6.388889 10.000000 0
7.612805 9.195540 1
7.660402 8.315230 1
7.803555 8.367072 1
7.778971 8.259164 1
5.997921 9.375944 1
7.102448 7.810996 2
6.264444 9.787251 1
7.276907 9.262949 1
7.236239 9.498988 1
7.181079 7.889103 2
7.146385 8.006252 1
6.578643 9.915918 1
6.910433 9.478945 1
7.598155 8.429619 1
6.690825 8.109853 1
7.861919 9.508206 2
7.926123 9.647036 2
7.830669 9.606924 1
7.056210 8.818560 1
7.973966 9.793027 2
7.020594 8.927916 1
6.276409 9.249656 1
7.712763 9.154874 1
6.944445 10.000000 0
6.422322 8.355339 1
6.987856 9.906951 1
6.907895 9.580243 1
7.000827 8.307480 1
6.901956 8.237766 1
6.800545 8.175446 1
7.804010 8.931683 1
7.705962 8.971114 1
7.763533 8.158393 1
7.846719 8.090850 2
7.010829 8.189888 1
6.332718 8.297338 2
7.688800 8.220469 1
7.178983 8.806170 1
6.217739 9.146187 1
6.922500 9.688689 1
7.102002 8.371950 1
7.870694 8.195121 2
6.056384 9.693966 2
7.889706 8.301809 2
 0 1 2
 3 4 5
 1 6 2
 7 8 9
 10 4 3
 8 11 9
 12 13 14
 15 16 17
 18 19 20
 21 22 4
 23 24 25
 26 27 28
 26 28 29
 12 30 13
 31 32 33
 34 35 36
 37 19 18
 38 39 40
 38 40 41
 23 42 24
 1 43 44
 45 46 10
 47 48 49
 34 50 35
 51 31 33
 52 4 10
 43 53 44
 45 10 30
 54 55 56
 57 58 59
 60 42 61
 62 63 64
 65 33 32
 57 17 16
 63 66 64
 67 20 19
 68 69 70
 54 56 39
 71 72 73
 74 75 76
 72 77 73
 78 24 42
 23 61 42
 79 80 81
 82 80 79
 83 84 64
 62 64 84
 1 0 43
 85 43 0
 21 86 22
 87 80 88
 47 89 48
 90 91 92
 90 92 93
 94 88 80
 95 96 97
 23 25 98
 99 100 101
 11 102 9
 103 104 105
 40 39 56
 52 56 55
 106 69 68
 107 108 56
 40 56 108
 109 110 111
 52 10 46
 76 75 112
 113 114 115
 116 117 118
 90 9 102
 5 4 22
 109 98 119
 45 120 46
 121 76 14
 122 70 69
 90 93 9
 123 9 93
 124 125 126
 127 126 125
 128 129 130
 29 131 132
 133 130 134
 133 134 88
 133 73 77
 123 93 135
 60 61 136
 95 137 96
 138 128 130
 21 139 140
 141 142 143
 121 144 76
 145 146 147
 143 142 148
 82 145 147
 74 76 149
 113 150 114
 47 49 151
 51 152 31
 153 154 86
 113 115 155
 156 59 157
 158 159 160
 87 161 162
 163 164 165
 156 166 100
 10 3 30
 167 73 168
 133 168 73
 169 163 165
 170 105 104
 171 158 160
 37 18 172
 109 119 110
 173 6 22
 174 175 162
 176 177 178
 179 101 180
 34 181 50
 118 50 181
 146 182 147
 173 22 86
 174 161 165
 38 91 39
 65 183 184
 185 186 126
 187 97 96
 7 136 188
 71 73 189
 52 55 4
 21 4 55
 87 162 190
 191 135 93
 99 192 100
 193 188 136
 1 44 194
 13 194 44
 76 195 14
 153 86 140
 21 140 86
 196 195 112
 196 197 195
 174 198 175
 193 61 199
 109 200 98
 201 130 129
 193 136 61
 156 100 192
 202 203 171
 122 171 203
 201 165 161
 156 204 59
 65 184 205
 179 180 206
 207 175 198
 208 171 69
 122 69 171
 26 209 27
 174 162 161
 94 147 182
 210 211 212
 213 212 211
 167 214 73
 12 14 195
 13 44 14
 27 209 215
 156 157 166
 210 61 211
 23 211 61
 25 119 98
 21 55 139
 216 114 217
 176 178 218
 219 142 220
 202 171 160
 221 137 222
 28 131 29
 223 220 142
 216 115 114
 193 199 224
 179 225 46
 40 150 41
 49 48 226
 227 226 48
 173 154 64
 83 64 154
 153 228 154
 40 108 150
 148 229 228
 83 228 229
 179 46 120
 124 126 186
 210 199 61
 173 86 154
 156 192 204
 121 44 53
 216 217 180
 227 53 43
 81 84 79
 230 151 231
 87 134 161
 232 233 203
 122 203 233
 219 234 142
 54 91 235
 90 235 91
 232 236 105
 237 197 204
 196 204 197
 146 238 182
 148 142 234
 148 234 229
 7 239 136
 7 9 239
 185 126 184
 52 225 56
 34 36 236
 227 43 226
 85 226 43
 65 240 183
 13 30 3
 241 242 243
 244 140 139
 227 245 246
 247 246 245
 248 249 245
 208 224 199
 5 22 6
 73 214 189
 221 250 137
 49 231 151
 1 194 6
 5 6 194
 146 218 178
 38 41 251
 232 203 252
 202 252 203
 174 165 164
 127 205 126
 60 136 239
 38 251 27
 248 253 249
 254 96 137
 179 206 225
 167 168 182
 94 182 168
 159 255 256
 257 256 255
 34 252 181
 202 181 252
 57 59 258
 185 259 186
 74 260 242
 15 17 112
 196 112 17
 107 56 225
 84 261 79
 173 2 6
 62 84 262
 81 262 84
 263 110 119
 202 116 181
 124 264 24
 227 265 245
 253 241 243
 82 79 96
 187 96 79
 229 234 97
 113 251 41
 266 66 63
 52 46 225
 7 188 8
 210 255 267
 87 190 80
 123 239 9
 82 147 80
 244 235 102
 90 102 235
 83 261 84
 26 29 268
 51 268 29
 269 270 271
 185 184 183
 244 102 272
 213 98 200
 25 24 264
 273 214 270
 167 270 214
 244 272 274
 208 158 171
 95 234 222
 219 222 234
 210 212 255
 210 267 199
 83 154 228
 237 204 192
 12 275 30
 213 211 98
 23 98 211
 201 161 134
 38 92 91
 170 276 250
 227 48 265
 76 144 149
 227 246 53
 167 271 270
 223 188 220
 106 220 188
 118 181 116
 202 160 116
 277 47 151
 170 104 276
 113 278 251
 54 39 91
 138 130 77
 133 77 130
 34 236 252
 232 252 236
 266 0 2
 208 199 267
 18 200 111
 163 279 164
 81 80 190
 162 175 262
 62 262 175
 263 186 259
 95 222 137
 159 267 255
 12 197 275
 221 70 233
 122 233 70
 163 277 279
 83 229 261
 176 218 276
 254 276 218
 266 280 0
 85 0 280
 51 132 152
 123 135 281
 282 283 125
 127 125 283
 54 139 55
 232 284 233
 221 233 285
 174 164 198
 230 198 164
 247 245 249
 269 238 178
 26 268 283
 127 283 268
 159 256 160
 117 160 256
 201 134 130
 94 168 88
 133 88 168
 18 111 172
 121 14 44
 94 80 147
 221 222 68
 219 68 222
 127 268 33
 248 245 265
 207 280 63
 146 178 238
 173 64 66
 72 138 77
 191 215 209
 67 19 286
 287 286 19
 269 182 238
 78 281 288
 45 30 275
 109 111 200
 28 27 251
 162 262 190
 81 190 262
 289 278 155
 223 8 188
 51 33 268
 269 271 182
 167 182 271
 282 288 281
 76 112 195
 230 164 279
 266 63 280
 253 243 249
 107 217 108
 114 108 217
 5 194 3
 13 3 194
 146 145 218
 89 248 265
 106 68 220
 219 220 68
 282 209 283
 191 93 92
 237 275 197
 257 255 290
 113 41 150
 187 79 261
 51 29 132
 263 119 264
 25 264 119
 124 186 264
 15 112 75
 193 224 188
 106 188 224
 38 27 215
 124 288 125
 254 218 145
 127 33 205
 141 291 142
 87 88 134
 128 169 129
 247 144 246
 187 229 97
 65 32 240
 273 189 214
 153 274 143
 141 143 274
 223 142 291
 254 145 96
 12 195 197
 237 292 275
 124 24 288
 230 293 198
 207 198 293
 187 261 229
 54 235 139
 244 139 235
 57 16 58
 74 149 260
 65 205 33
 123 281 294
 282 125 288
 153 140 274
 244 274 140
 107 225 206
 113 155 278
 78 288 24
 106 224 69
 208 69 224
 221 285 250
 255 212 290
 107 206 217
 180 217 206
 221 68 70
 230 231 293
 26 283 209
 78 294 281
 263 264 186
 121 53 246
 121 246 144
 45 275 292
 254 250 276
 141 272 291
 170 250 285
 247 249 243
 254 137 250
 208 267 158
 117 116 160
 207 63 175
 62 175 63
 247 149 144
 126 205 184
 28 251 278
 232 105 284
 99 101 120
 179 120 101
 67 212 20
 213 20 212
 247 243 260
 11 291 272
 282 135 209
 148 228 143
 95 97 234
 89 265 48
 247 260 149
 11 272 102
 242 260 243
 176 276 104
 230 279 151
 169 165 129
 67 290 212
 170 284 105
 201 129 165
 153 143 228
 123 294 239
 207 293 280
 277 151 279
 82 96 145
 141 274 272
 223 291 8
 11 8 291
 49 226 231
 85 231 226
 114 150 108
 159 158 267
 60 239 294
 59 204 258
 196 258 204
 103 177 104
 173 66 2
 191 209 135
 78 42 294
 60 294 42
 99 292 192
 18 20 200
 213 200 20
 266 2 66
 99 120 292
 237 192 292
 38 215 92
 191 92 215
 287 295 286
 257 286 295
 15 75 296
 176 104 177
 85 280 293
 74 296 75
 289 131 278
 45 292 120
 257 297 256
 117 256 297
 257 295 297
 28 278 131
 57 258 17
 282 281 135
 196 17 258
 257 290 286
 170 285 284
 233 284 285
 85 293 231
 67 286 290
 0
 0
 0
 0
 0
 0
 0
 0
 0
 0
 0
 0
 0
 0
 0
 0
 0
 0
 0
 0
 14
 216 289 31 180 152 100 240 166 115 132 101 32 131 155
 9
 74 15 242 59 166 296 16 157 58
 17
 185 118 263 37 287 117 35 183 50 172 110 240 19 259 295 297 111
 11
 273 269 103 35 36 270 178 189 236 105 177
 0
 0
