152 258
7.421057 5.301277 2
7.757559 5.000937 1
8.036289 5.296001 2
8.466560 3.600780 1
8.553036 4.152994 1
8.034113 3.806587 1
8.099839 4.319713 1
9.055422 0.400585 1
8.500000 0.000000 0
9.000000 0.000000 0
10.000000 1.000000 0
10.000000 1.500000 0
9.599416 0.944579 1
7.941058 2.577009 1
8.356617 2.680021 1
7.999978 3.169600 1
10.000000 2.000000 0
9.435477 2.345658 1
9.605880 1.809298 1
8.000000 0.000000 0
8.205017 0.388400 1
7.654342 0.564522 1
5.000000 5.000000 1
5.203485 5.435993 1
4.587121 5.502742 4
6.093332 4.768786 1
5.810459 4.394621 1
6.318933 4.330133 1
10.000000 2.500000 0
7.500000 0.000000 0
7.111571 0.548053 1
8.658932 0.548727 1
9.410041 1.383574 1
4.531970 4.902879 2
7.366182 1.111200 1
7.789040 0.985449 1
7.721440 1.590438 1
8.535398 3.046531 1
5.051620 5.901019 2
6.564394 0.738843 1
6.202824 1.091035 1
6.046386 0.606284 1
8.319978 1.690132 1
8.517486 1.229477 1
8.877745 1.484661 1
8.110278 1.258845 1
8.735188 1.891365 1
5.213371 3.591947 2
5.667889 3.959843 1
5.149551 4.053057 1
6.920655 5.029402 1
6.403636 5.206127 2
6.600986 4.668982 1
5.688540 3.545236 2
6.119803 4.049432 1
6.864631 5.478378 2
8.966551 3.478299 1
6.000000 0.000000 0
5.599133 0.436245 2
7.121367 2.191923 1
6.677606 2.397825 1
6.694536 1.932409 1
9.028990 5.640933 2
9.351067 5.133022 1
9.563872 5.599389 2
6.971801 2.590915 1
7.000000 0.000000 0
7.126559 2.955192 1
6.529193 2.866476 1
5.640933 0.971010 2
5.960241 1.496555 2
7.568381 3.652464 1
9.183880 1.817259 1
8.211814 0.828751 1
6.039965 2.571611 2
5.997490 3.136412 2
6.396925 1.540147 1
6.124018 1.994288 2
5.568357 4.970441 1
5.310039 4.641696 1
8.887929 5.150860 1
7.254286 1.703365 1
6.914734 1.427768 1
7.996828 2.051613 1
6.908709 1.001740 1
8.974099 3.024712 1
6.517223 3.448023 1
6.014967 5.626393 2
5.939258 5.181006 1
8.445899 2.246587 1
9.008276 0.980768 1
9.415665 0.584335 1
6.590618 1.174481 1
7.480892 3.200562 1
5.500000 0.000000 0
10.000000 5.500000 0
10.000000 6.000000 0
10.000000 0.500000 0
9.500000 0.000000 0
6.317542 2.333390 1
10.000000 4.500000 0
9.422619 4.451180 1
9.612291 4.086689 1
8.819378 4.655449 1
8.495914 4.994725 1
9.314345 3.177495 1
9.540133 3.630155 1
9.212415 3.939141 1
7.244879 4.023013 1
7.056840 3.481710 1
7.388955 4.823813 1
7.630020 2.851552 1
8.843570 2.619207 1
9.010321 2.199805 1
9.609913 2.845462 1
8.417145 4.583381 1
5.430021 4.281511 1
10.000000 3.500000 0
10.000000 4.000000 0
7.404282 2.543161 1
7.574806 2.114884 1
4.962249 4.489476 1
9.676301 0.323699 1
7.421456 4.437271 1
7.003161 4.583924 1
6.811263 4.185420 1
6.364417 0.336274 1
5.627848 5.408683 1
6.094593 3.677833 1
4.586895 4.383030 2
8.531447 5.459974 2
6.821593 3.810345 1
9.235481 2.802507 1
8.614861 0.896897 1
9.012094 4.300417 1
10.000000 3.000000 0
9.616893 4.846227 1
6.798548 3.188571 1
8.842998 3.860583 1
9.705551 5.250000 1
6.711302 0.336243 1
8.097537 4.797393 1
6.477758 3.913559 1
9.208590 4.747908 1
7.778477 4.589602 1
6.500000 0.000000 0
4.745620 3.957538 2
5.510819 5.802945 2
7.696418 4.138186 1
10.000000 5.000000 0
10.000000 0.000000 0
9.699023 3.247592 1
 0 1 2
 3 4 5
 6 5 4
 7 8 9
 10 11 12
 13 14 15
 16 17 18
 19 20 21
 22 23 24
 25 26 27
 16 28 17
 29 19 21
 29 21 30
 31 8 7
 12 11 32
 22 24 33
 34 35 36
 3 15 37
 38 24 23
 15 14 37
 39 40 41
 42 43 44
 36 35 45
 42 44 46
 47 48 49
 34 30 21
 50 51 52
 53 48 47
 54 27 26
 50 55 51
 3 37 56
 57 41 58
 59 60 61
 62 63 64
 59 65 60
 66 29 30
 67 68 65
 25 27 52
 60 65 68
 69 40 70
 3 5 15
 71 15 5
 72 18 17
 73 21 20
 74 68 75
 76 61 77
 78 79 26
 62 80 63
 81 59 61
 82 81 61
 25 78 26
 42 83 36
 34 84 30
 37 85 56
 86 75 68
 51 87 88
 50 0 55
 13 83 89
 42 89 83
 90 91 12
 90 7 91
 69 41 40
 39 92 40
 71 93 15
 94 57 58
 95 96 64
 97 12 91
 98 91 7
 77 61 99
 100 101 102
 42 36 45
 103 80 104
 105 106 56
 107 56 106
 90 12 32
 90 31 7
 71 108 109
 34 36 81
 50 110 0
 1 0 110
 74 99 68
 13 15 111
 112 89 113
 25 52 51
 28 114 17
 69 58 41
 103 104 115
 71 109 93
 67 93 109
 116 49 48
 117 118 106
 13 119 120
 22 33 121
 97 91 122
 98 122 91
 72 44 32
 90 32 44
 60 68 99
 123 124 108
 125 108 124
 13 120 83
 112 14 89
 39 41 126
 76 82 61
 112 37 14
 118 100 102
 97 10 12
 9 98 7
 67 119 111
 127 23 78
 22 78 23
 34 81 82
 118 102 106
 57 126 41
 86 128 75
 53 75 128
 121 33 129
 42 46 89
 59 119 65
 36 120 81
 104 130 2
 39 30 84
 6 4 115
 103 115 4
 60 99 61
 86 109 131
 76 77 70
 112 17 132
 112 113 17
 72 17 113
 67 111 93
 42 45 43
 73 35 21
 34 21 35
 76 92 82
 89 46 113
 90 133 31
 73 43 45
 107 101 134
 13 89 14
 28 135 114
 100 136 101
 107 102 101
 11 18 32
 73 20 31
 72 32 18
 8 31 20
 125 124 52
 50 52 124
 112 85 37
 34 82 84
 67 137 68
 59 81 120
 109 108 131
 36 83 120
 73 31 133
 3 138 4
 103 4 134
 67 109 137
 86 137 109
 63 139 64
 74 77 99
 90 44 43
 125 52 27
 116 26 79
 66 30 140
 6 115 141
 127 88 87
 59 120 119
 13 111 119
 86 131 142
 39 140 30
 76 40 92
 86 68 137
 67 65 119
 103 143 80
 6 141 144
 73 133 43
 72 46 44
 15 93 111
 63 80 143
 123 144 110
 1 110 144
 11 16 18
 19 8 20
 104 80 130
 39 126 140
 105 56 85
 22 79 78
 22 121 79
 145 66 140
 57 145 126
 90 43 133
 25 88 78
 127 78 88
 146 49 121
 116 121 49
 127 87 147
 76 70 40
 17 114 132
 101 143 134
 71 5 148
 6 148 5
 25 51 88
 127 147 23
 38 23 147
 6 144 148
 123 148 144
 123 110 124
 50 124 110
 100 149 136
 146 47 49
 150 122 98
 150 97 122
 103 134 143
 107 106 102
 53 128 48
 54 48 128
 135 151 114
 105 114 151
 73 45 35
 116 79 121
 3 56 138
 71 148 108
 123 108 148
 62 130 80
 146 121 129
 86 142 128
 54 128 142
 82 92 84
 135 117 151
 149 95 139
 72 113 46
 95 64 139
 63 136 139
 149 139 136
 105 132 114
 125 131 108
 107 138 56
 117 106 151
 105 151 106
 54 26 48
 1 141 2
 104 2 141
 104 141 115
 39 84 92
 54 142 27
 125 27 142
 107 134 138
 4 138 134
 101 136 143
 63 143 136
 116 48 26
 105 85 132
 145 140 126
 1 144 141
 125 142 131
 112 132 85
 12
 53 74 146 69 24 75 77 47 58 33 70 129
 1
 24
 0
 11
 62 38 24 0 51 64 55 130 147 87 2
