150 252
3.061475 7.541786 1
3.036554 7.116055 1
3.548679 7.413867 1
3.526145 6.962081 1
2.688868 5.478332 1
3.014475 5.269521 1
3.178222 5.615045 1
3.217904 6.705928 1
2.861800 6.551113 1
3.078464 6.129756 1
3.541095 6.447021 1
2.748969 5.839282 1
3.610930 8.451221 1
3.286426 8.203651 1
3.835377 7.935706 1
3.429289 7.822212 1
0.000000 9.000000 0
0.000000 8.500000 0
0.400585 9.055422 1
0.944579 9.599416 1
1.500000 10.000000 0
1.000000 10.000000 0
2.250275 4.992496 1
1.959089 4.708433 2
2.519454 4.617539 2
2.000000 10.000000 0
1.809278 9.605790 1
2.345658 9.435477 1
0.000000 8.000000 0
0.548719 7.753302 1
0.441197 8.265736 1
2.500000 10.000000 0
0.000000 7.500000 0
0.533981 7.123613 1
1.710187 8.289813 1
1.900401 8.763212 1
1.476981 8.888110 1
0.524690 8.669641 1
1.383472 9.409592 1
2.595374 8.915371 1
2.206201 9.003235 1
2.312035 8.384999 1
0.746040 6.555224 1
0.607484 6.044858 1
1.087542 6.185545 1
1.229477 8.517486 1
0.958000 7.386718 1
2.136719 6.724856 1
1.994682 6.227536 1
2.455535 6.538917 1
1.109140 6.959435 1
2.791648 7.995997 1
0.000000 6.000000 0
0.436387 5.598951 1
3.510846 8.935240 2
3.060463 8.517699 1
0.971010 5.640933 1
0.648933 5.133022 1
0.799582 3.916036 1
1.064760 3.510846 2
1.315974 4.105296 2
4.112068 8.682659 2
0.000000 7.000000 0
4.850392 6.970865 2
4.544239 7.470311 2
4.311411 6.953655 1
4.039961 7.428069 1
1.428608 5.458821 1
1.496137 5.966736 1
1.744698 6.667954 1
3.970612 8.312254 1
1.817259 9.183880 1
0.868130 8.170958 1
4.587121 5.502742 4
4.267972 5.909310 2
4.182246 5.452900 2
2.537181 6.148106 1
1.075010 5.118639 1
2.680995 8.541888 1
2.025773 7.949537 1
2.452630 6.998343 1
1.564962 7.008573 1
1.262428 6.602551 1
1.128048 7.810184 1
1.625369 7.828491 1
2.037039 7.398280 1
3.024155 8.936788 1
0.979910 9.004504 1
0.584335 9.415665 1
1.523717 6.342100 1
0.000000 5.500000 0
0.500000 10.000000 0
0.000000 9.500000 0
3.911919 6.653083 1
0.000000 4.500000 0
0.411399 4.068558 1
0.519148 4.469748 1
1.120462 4.653204 1
1.480698 4.979750 1
0.685274 3.176999 2
0.465999 3.631433 1
3.176999 9.314727 1
3.631433 9.534001 2
2.401751 7.844774 1
2.844957 9.610103 1
3.948619 5.819788 1
0.000000 4.000000 0
0.000000 3.500000 0
4.000000 10.000000 0
3.500000 10.000000 0
2.638333 7.488691 1
0.286117 9.713883 1
1.523207 4.559756 2
1.474479 7.353233 1
1.923828 7.034168 1
3.706503 5.422816 2
3.573682 5.938948 1
0.337757 6.362359 1
4.324074 8.179432 1
4.588274 8.432290 2
2.646777 5.095945 1
3.056570 4.859698 2
2.284514 5.718431 1
4.330139 6.401568 2
1.930992 5.270320 1
2.797429 9.242493 1
1.784577 5.691288 1
4.622149 8.003650 2
1.323312 8.131766 1
0.883902 4.308674 1
0.000000 3.000000 0
0.000000 2.500000 0
0.389897 2.844957 2
3.000000 10.000000 0
0.373402 4.849321 1
0.870417 8.538280 1
4.594089 6.686401 2
4.259838 7.768824 1
3.908822 7.045800 1
0.294449 5.250000 1
0.335261 6.711713 1
3.938942 6.224551 1
3.350339 5.217937 2
0.770143 4.755435 1
0.000000 6.500000 0
0.000000 5.000000 0
2.360285 5.311105 1
0.000000 10.000000 0
0.300977 3.247592 1
3.247592 9.699023 1
 0 1 2
 2 1 3
 4 5 6
 7 8 9
 10 7 9
 11 4 6
 12 13 14
 15 14 13
 16 17 18
 19 20 21
 22 23 24
 25 26 27
 28 29 30
 31 25 27
 28 32 29
 32 33 29
 34 35 36
 18 17 37
 38 20 19
 39 40 41
 42 43 44
 34 36 45
 46 29 33
 41 40 35
 47 48 49
 46 33 50
 51 0 15
 52 53 43
 12 54 55
 56 53 57
 58 59 60
 12 61 54
 32 62 33
 51 15 13
 63 64 65
 66 65 64
 56 67 68
 56 68 44
 47 69 48
 6 9 11
 12 14 70
 71 27 26
 72 30 29
 73 74 75
 76 49 48
 56 57 77
 39 41 78
 34 79 41
 1 80 8
 81 82 69
 42 44 82
 42 50 33
 72 29 83
 46 83 29
 34 84 79
 85 79 84
 55 54 86
 87 88 18
 87 19 88
 56 44 43
 89 69 82
 52 90 53
 91 88 19
 92 18 88
 10 93 3
 8 80 49
 94 95 96
 97 98 77
 34 41 35
 99 59 100
 58 100 59
 101 54 102
 87 18 37
 87 38 19
 89 48 69
 51 78 41
 51 41 103
 31 27 104
 56 43 53
 105 75 74
 76 9 8
 106 107 100
 108 109 102
 85 110 103
 91 111 88
 92 88 111
 71 38 36
 87 36 38
 97 112 98
 85 84 113
 85 113 114
 85 103 79
 15 2 14
 66 14 2
 85 80 110
 6 115 116
 105 116 115
 42 117 43
 118 119 61
 22 24 120
 121 120 24
 81 50 82
 94 106 95
 21 91 19
 92 16 18
 51 55 78
 6 116 9
 10 9 116
 51 110 0
 106 100 95
 52 43 117
 76 48 122
 51 13 55
 123 65 93
 10 3 7
 1 7 3
 98 124 67
 97 60 112
 81 114 113
 39 125 27
 126 67 124
 46 113 83
 84 83 113
 71 40 27
 39 27 40
 118 127 119
 34 128 84
 1 0 110
 97 129 60
 85 114 80
 130 131 132
 133 31 104
 94 96 134
 71 36 35
 20 38 26
 17 30 37
 71 26 38
 76 122 11
 58 129 95
 96 95 129
 126 122 48
 12 55 13
 37 30 135
 72 135 30
 63 65 136
 1 110 80
 72 128 45
 66 64 137
 41 79 103
 87 37 135
 66 138 65
 123 136 65
 57 53 139
 126 48 68
 89 68 48
 87 45 36
 4 11 122
 76 11 9
 62 140 33
 58 60 129
 12 70 61
 118 61 70
 10 141 93
 51 103 110
 126 124 122
 42 33 140
 121 142 5
 97 77 143
 46 50 113
 81 113 50
 72 83 128
 87 135 45
 22 124 23
 98 23 124
 39 78 86
 55 86 78
 57 143 77
 47 80 114
 15 0 2
 1 8 7
 25 20 26
 17 28 30
 10 116 141
 98 67 77
 101 86 54
 42 140 117
 62 144 140
 3 93 138
 144 52 117
 89 82 44
 72 45 135
 34 45 128
 126 68 67
 89 44 68
 3 138 2
 66 2 138
 27 125 104
 47 49 80
 145 94 134
 122 124 146
 76 8 49
 123 93 141
 147 111 91
 147 92 111
 58 95 100
 118 14 137
 105 141 116
 99 148 132
 130 132 148
 133 104 149
 101 149 104
 71 35 40
 56 77 67
 121 5 120
 4 120 5
 84 128 83
 98 112 23
 107 130 148
 109 133 149
 90 145 139
 66 137 14
 105 115 75
 90 139 53
 118 70 14
 65 138 93
 101 104 125
 97 143 129
 96 129 143
 57 139 134
 145 134 139
 4 122 146
 107 148 100
 109 149 102
 99 100 148
 101 102 149
 118 137 127
 42 82 50
 6 142 115
 96 143 134
 57 134 143
 22 120 146
 4 146 120
 101 125 86
 105 74 141
 22 146 124
 144 117 140
 64 127 137
 6 5 142
 123 141 74
 39 86 125
 81 69 114
 47 114 69
 12
 121 99 73 24 60 59 132 115 23 112 75 142
 0
 1
 73
 11
 123 63 73 64 61 54 102 119 127 136 74
