529 962
7.800000 0.000000 0
8.000000 0.000000 0
7.900016 0.173201 2
7.600000 0.000000 0
7.700005 0.173204 1
7.400000 0.000000 0
7.500001 0.173205 1
7.200000 0.000000 0
7.300000 0.173205 1
7.000000 0.000000 0
7.100000 0.173205 1
6.800000 0.000000 0
6.900000 0.173205 1
6.600000 0.000000 0
6.700000 0.173205 1
6.400000 0.000000 0
6.500000 0.173205 1
6.200000 0.000000 0
6.300000 0.173205 1
6.000000 0.000000 0
6.100000 0.173205 1
5.800000 0.000000 0
5.900000 0.173205 1
5.600000 0.000000 0
5.700000 0.173205 1
5.400000 0.000000 0
5.500000 0.173205 1
5.200000 0.000000 0
5.300000 0.173205 1
5.100000 0.173205 2
7.800033 0.346402 2
7.600011 0.346410 1
7.400003 0.346411 1
7.200001 0.346411 1
7.000000 0.346410 1
6.800000 0.346410 1
6.600000 0.346410 1
6.400000 0.346410 1
6.200000 0.346410 1
6.000000 0.346410 1
5.800000 0.346410 1
5.600000 0.346410 1
5.400000 0.346410 1
5.200000 0.346410 1
5.000000 0.346410 2
7.700065 0.519616 1
7.500023 0.519623 1
7.300007 0.519620 1
7.100001 0.519617 1
6.900000 0.519615 1
6.700000 0.519615 1
6.500000 0.519615 1
6.300000 0.519615 1
6.100000 0.519615 1
5.900000 0.519615 1
5.700000 0.519615 1
5.500000 0.519615 1
5.300000 0.519615 1
5.100000 0.519615 1
7.900150 0.519573 2
4.900000 0.519615 2
7.800275 0.692829 1
7.600124 0.692866 1
7.400046 0.692852 1
7.200013 0.692833 1
7.000003 0.692824 1
6.800000 0.692821 1
6.600000 0.692820 1
6.400000 0.692820 1
6.200000 0.692820 1
6.000000 0.692820 1
5.800000 0.692820 1
5.600000 0.692820 1
5.400000 0.692820 1
5.200000 0.692820 1
5.000000 0.692820 1
8.000520 0.692669 2
4.800000 0.692820 2
8.200827 0.692332 2
8.101452 0.865608 1
7.900900 0.866078 1
7.700478 0.866220 1
7.500211 0.866181 1
7.300076 0.866104 1
7.100021 0.866053 1
6.900004 0.866032 1
6.700001 0.866026 1
6.500000 0.866025 1
6.300000 0.866025 1
6.100000 0.866025 1
5.900000 0.866025 1
5.700000 0.866025 1
5.500000 0.866025 1
5.300000 0.866025 1
5.100000 0.866025 1
4.900000 0.866025 1
8.302035 0.864744 2
4.700000 0.866025 2
8.203375 1.038248 2
8.002403 1.039413 1
7.801457 1.039881 1
7.600734 1.039816 1
7.400304 1.039573 1
7.200104 1.039376 1
7.000029 1.039276 1
6.800006 1.039240 1
6.600001 1.039232 1
6.400000 1.039231 1
6.200000 1.039230 1
6.000000 1.039230 1
5.800000 1.039230 1
5.600000 1.039230 1
5.400000 1.039230 1
5.200000 1.039230 1
5.000000 1.039230 1
4.800000 1.039230 1
4.600000 1.039230 2
8.105444 1.212754 2
7.903730 1.214213 1
7.702051 1.214218 1
7.500936 1.213598 1
7.300362 1.212997 1
7.100121 1.212644 1
6.900037 1.212494 1
6.700010 1.212448 1
6.500002 1.212437 1
6.300000 1.212436 1
6.100000 1.212436 1
5.900000 1.212436 1
5.700000 1.212436 1
5.500000 1.212436 1
5.300000 1.212436 1
5.100000 1.212436 1
4.900000 1.212436 1
4.700000 1.212436 1
4.500000 1.212436 2
8.008467 1.389786 2
7.804851 1.390228 1
7.602309 1.388886 1
7.400953 1.387343 1
7.200369 1.386347 1
7.000139 1.385873 1
6.800050 1.385701 1
6.600016 1.385652 1
6.400004 1.385642 1
6.200001 1.385641 1
6.000000 1.385641 1
5.800000 1.385641 1
5.600000 1.385641 1
5.400000 1.385641 1
5.200000 1.385641 1
5.000000 1.385641 1
4.800000 1.385641 1
4.600000 1.385641 1
4.400000 1.385641 1
4.300000 1.212436 2
4.200000 1.385641 2
7.910056 1.569237 2
7.704708 1.566725 1
7.501908 1.563083 1
7.300817 1.560709 1
7.100385 1.559523 1
6.900183 1.559046 1
6.700077 1.558892 1
6.500026 1.558854 1
6.300006 1.558847 1
6.100001 1.558846 1
5.900000 1.558846 1
5.700000 1.558846 1
5.500000 1.558846 1
5.300000 1.558846 1
5.100000 1.558846 1
4.900000 1.558846 1
4.700000 1.558846 1
4.500000 1.558846 1
4.300000 1.558846 2
7.808210 1.750072 1
7.602533 1.740929 1
7.401227 1.735968 1
7.200796 1.733546 1
7.000508 1.732529 1
6.800273 1.732174 1
6.600117 1.732074 1
6.400039 1.732053 1
6.200009 1.732050 1
6.000001 1.732051 1
5.800000 1.732051 1
5.600000 1.732051 1
5.400000 1.732051 1
5.200000 1.732051 1
5.000000 1.732051 1
4.800000 1.732051 1
4.600000 1.732051 1
4.400000 1.732051 1
8.017666 1.751873 2
4.199999 1.732051 2
7.916114 1.953064 2
7.699193 1.920100 1
7.500632 1.911615 1
7.301202 1.907701 1
7.101138 1.906056 1
6.900765 1.905461 1
6.700394 1.905282 1
6.500159 1.905246 1
6.300050 1.905247 1
6.100012 1.905253 1
5.900002 1.905255 1
5.700000 1.905256 1
5.500000 1.905256 1
5.300000 1.905256 1
5.100000 1.905256 1
4.900000 1.905256 1
4.700000 1.905256 1
4.500000 1.905256 1
4.299998 1.905256 2
7.769251 2.080619 1
7.598040 2.085400 1
7.401307 2.080982 1
7.202183 2.079188 1
7.001782 2.078593 1
6.801054 2.078408 1
6.600491 2.078376 1
6.400184 2.078403 1
6.200055 2.078435 1
6.000012 2.078453 1
5.800001 2.078460 1
5.600000 2.078461 1
5.400000 2.078461 1
5.200000 2.078461 1
5.000000 2.078461 1
4.800000 2.078461 1
4.600000 2.078461 1
4.399998 2.078462 2
7.916215 2.176583 2
7.715331 2.267915 2
7.500977 2.251624 1
7.303854 2.250980 1
7.103647 2.251275 1
6.902344 2.251352 1
6.701195 2.251339 1
6.500512 2.251427 1
6.300180 2.251543 1
6.100049 2.251621 1
5.900009 2.251655 1
5.700000 2.251665 1
5.500000 2.251666 1
5.300000 2.251666 1
5.100000 2.251666 1
4.900000 2.251666 1
4.700000 2.251666 1
4.499998 2.251667 2
7.742054 2.901270 2
7.745611 3.101319 2
7.570318 3.003832 1
7.564512 2.806926 1
7.734031 2.697400 2
7.534124 2.593119 1
7.731332 2.490512 2
7.578265 2.404672 1
7.406755 2.419639 1
7.207006 2.423249 1
7.004527 2.424298 1
6.802338 2.424028 1
6.601114 2.424141 1
6.400464 2.424439 1
6.200158 2.424684 1
6.000041 2.424814 1
5.800009 2.424862 1
5.600003 2.424872 1
5.400002 2.424872 1
5.200001 2.424871 1
5.000000 2.424871 1
4.799999 2.424871 1
4.599996 2.424873 1
7.572503 3.202252 2
4.399982 2.424882 2
7.401920 4.899995 1
7.575128 4.799998 2
7.575129 5.000000 2
7.401912 4.699984 1
7.575124 4.599996 2
7.401892 4.499966 1
7.575115 4.399996 2
7.401860 4.299963 1
7.575098 4.200018 2
7.397244 3.104354 1
7.396869 2.907930 1
7.405969 2.738339 1
7.313740 2.593949 1
7.108208 2.599282 1
6.903466 2.596437 1
6.701893 2.596218 1
6.500976 2.596862 1
6.300426 2.597482 1
6.100166 2.597859 1
5.900070 2.598031 1
5.700036 2.598082 1
5.500020 2.598085 1
5.300009 2.598080 1
5.100002 2.598078 1
4.899997 2.598078 1
4.699988 2.598081 1
4.499968 2.598094 1
4.299912 2.598133 1
4.199931 2.424911 2
7.401920 5.100001 2
7.401821 4.100049 2
7.398678 3.303178 2
4.099755 2.598246 2
7.401884 5.500021 2
7.228634 5.400047 1
7.401910 5.300008 2
7.228690 5.200013 1
7.228707 4.999991 1
7.228694 4.799959 1
7.228652 4.599897 1
7.228584 4.399815 1
7.228517 4.199793 1
7.228503 4.000044 1
7.401742 3.900363 2
7.228488 3.800911 1
7.401453 3.701064 2
7.228018 3.602712 1
7.400558 3.502144 2
7.225955 3.405191 1
7.220392 3.205528 1
7.222239 3.005103 1
7.217866 2.790201 1
7.001481 2.767710 1
6.802310 2.766870 1
6.601788 2.768381 1
6.401031 2.769757 1
6.200559 2.770633 1
6.000339 2.771116 1
5.800220 2.771300 1
5.600135 2.771328 1
5.400070 2.771310 1
5.200027 2.771293 1
4.999999 2.771287 1
4.799970 2.771295 1
4.599919 2.771318 1
4.399827 2.771373 1
4.199659 2.771497 2
7.228533 5.600099 3
7.055157 5.500192 1
7.055366 5.300069 1
7.055458 5.099999 1
7.055461 4.899924 1
7.055388 4.699782 1
7.055244 4.499543 1
7.055079 4.299260 1
7.055042 4.099163 1
7.055341 3.899759 1
7.055895 3.701829 1
7.055636 3.506113 1
7.051824 3.313012 1
7.025085 3.104084 1
7.073992 2.920014 1
6.902282 2.933767 1
6.703349 2.938375 1
6.502329 2.941333 1
6.301538 2.942856 1
6.101200 2.943983 1
5.900901 2.944539 1
5.700603 2.944670 1
5.500349 2.944624 1
5.300164 2.944554 1
5.100044 2.944515 1
4.899949 2.944519 1
4.699821 2.944566 1
4.499619 2.944663 1
4.299323 2.944820 2
7.054866 5.700380 3
6.881126 5.600614 2
6.881736 5.400246 1
6.882077 5.200054 1
6.882175 4.999899 1
6.882082 4.799642 1
6.881815 4.599163 1
6.881443 4.398440 1
6.881188 4.197661 1
6.881483 3.997330 1
6.883006 3.798505 1
6.885648 3.602848 1
6.887191 3.411706 1
6.896906 3.246528 1
6.807559 3.105780 1
6.605196 3.113425 1
6.403300 3.113977 1
6.203310 3.116281 1
6.002806 3.117798 1
5.802030 3.118254 1
5.601278 3.118198 1
5.400676 3.117987 1
5.200269 3.117822 1
4.999989 3.117771 1
4.799702 3.117842 1
4.599276 3.118035 1
4.398651 3.118316 1
4.197893 3.118627 2
6.707357 5.500651 2
6.708319 5.300206 1
6.708727 5.099927 1
6.708698 4.899539 1
6.708280 4.698785 1
6.707546 4.497481 1
6.706819 4.295703 1
6.706699 4.093930 1
6.707966 3.892879 1
6.713069 3.694792 1
6.721134 3.503249 1
6.714007 3.298263 1
6.503598 3.281546 1
6.307525 3.286827 1
6.107226 3.291108 1
5.905461 3.292304 1
5.703693 3.292384 1
5.502136 3.291913 1
5.301006 3.291391 1
5.100268 3.291113 1
4.899672 3.291137 1
4.698908 3.291465 1
4.497745 3.292047 1
4.296191 3.292655 1
4.094584 3.292998 2
6.533750 5.400454 2
6.534873 5.200035 2
6.535142 4.999551 2
6.534647 4.798604 1
6.533405 4.596767 1
6.531759 4.393763 1
6.530834 4.190064 1
6.531560 3.986812 1
6.533312 3.782964 1
6.550257 3.585893 1
6.580191 3.424278 1
6.415909 3.450574 1
6.216805 3.465732 1
6.012115 3.466950 1
5.808833 3.467701 1
5.605465 3.467008 1
5.402808 3.465672 1
5.201106 3.464736 1
4.999941 3.464459 1
4.798752 3.464832 1
4.596994 3.465860 1
4.394298 3.467295 1
4.191016 3.468174 1
3.988198 3.467917 2
6.360919 4.898767 2
6.359250 4.696793 1
6.356237 4.492949 1
6.352998 4.286659 1
6.353514 4.080087 1
6.357468 3.877417 1
6.342303 3.656801 1
6.120941 3.640646 1
5.918134 3.644237 1
5.711941 3.644645 1
5.506257 3.641587 1
5.302824 3.639053 1
5.100743 3.637913 1
4.899042 3.637994 1
4.696891 3.639292 1
4.493366 3.641963 1
4.287665 3.645133 1
4.081683 3.644882 2
6.185367 4.797679 2
6.181274 4.594276 1
6.174655 4.387145 1
6.167640 4.173211 1
6.179339 3.963414 1
6.206383 3.791509 1
6.034045 3.817878 1
5.824357 3.828679 1
5.611322 3.820980 1
5.405224 3.814687 1
5.202112 3.811705 1
4.999848 3.810969 1
4.797530 3.811940 1
4.594291 3.815134 1
4.388085 3.821581 1
4.175085 3.829355 1
3.965717 3.818590 2
6.007491 4.697156 2
5.999539 4.492769 1
5.985254 4.281757 1
5.956914 4.038933 1
5.714865 4.007560 1
5.506200 3.991862 1
5.303460 3.985818 1
5.101062 3.983914 1
4.898533 3.984063 1
4.696011 3.986255 1
4.493102 3.992536 1
4.284352 4.008356 1
4.042418 4.039702 2
4.013954 4.282567 2
3.831830 4.173845 3
4.208342 4.202204 1
5.825511 4.598698 2
5.817083 4.397943 1
5.790763 4.201298 1
5.598191 4.166802 1
5.403332 4.158935 1
5.202557 4.156714 1
4.999789 4.156389 1
4.796943 4.157049 1
4.595987 4.159571 1
4.400958 4.167648 1
4.182033 4.398869 2
4.331014 4.318569 1
5.627558 4.497765 2
5.668088 4.317640 1
5.502778 4.327365 1
5.304957 4.328632 1
5.101945 4.329381 1
4.897652 4.329564 1
4.694493 4.329161 1
4.496460 4.328167 1
4.371658 4.498763 2
5.410894 4.498173 2
5.206214 4.504466 2
4.999890 4.503228 2
4.793485 4.504927 1
4.588579 4.498978 1
4.496521 4.641739 2
4.682240 4.694730 2
4.899690 4.677087 2
 0 1 2
 3 0 4
 5 3 6
 7 5 8
 9 7 10
 11 9 12
 13 11 14
 15 13 16
 17 15 18
 19 17 20
 21 19 22
 23 21 24
 25 23 26
 27 25 28
 0 2 4
 3 4 6
 5 6 8
 7 8 10
 9 10 12
 11 12 14
 13 14 16
 15 16 18
 17 18 20
 19 20 22
 21 22 24
 23 24 26
 25 26 28
 27 28 29
 4 2 30
 6 4 31
 8 6 32
 10 8 33
 12 10 34
 14 12 35
 16 14 36
 18 16 37
 20 18 38
 22 20 39
 24 22 40
 26 24 41
 28 26 42
 29 28 43
 4 30 31
 6 31 32
 8 32 33
 10 33 34
 12 34 35
 14 35 36
 16 36 37
 18 37 38
 20 38 39
 22 39 40
 24 40 41
 26 41 42
 28 42 43
 29 43 44
 31 30 45
 32 31 46
 33 32 47
 34 33 48
 35 34 49
 36 35 50
 37 36 51
 38 37 52
 39 38 53
 40 39 54
 41 40 55
 42 41 56
 43 42 57
 44 43 58
 59 45 30
 31 45 46
 32 46 47
 33 47 48
 34 48 49
 35 49 50
 36 50 51
 37 51 52
 38 52 53
 39 53 54
 40 54 55
 41 55 56
 42 56 57
 43 57 58
 44 58 60
 45 59 61
 46 45 62
 46 63 47
 48 47 64
 48 65 49
 50 49 66
 51 50 67
 52 51 68
 53 52 69
 54 53 70
 54 71 55
 56 55 72
 57 56 73
 58 57 74
 60 58 75
 76 61 59
 45 61 62
 46 62 63
 63 64 47
 48 64 65
 65 66 49
 50 66 67
 51 67 68
 52 68 69
 53 69 70
 54 70 71
 71 72 55
 56 72 73
 74 57 73
 58 74 75
 60 75 77
 76 78 79
 61 76 80
 62 61 81
 62 82 63
 64 63 83
 65 64 84
 65 85 66
 66 86 67
 68 67 87
 68 88 69
 70 69 89
 71 70 90
 72 71 91
 73 72 92
 73 93 74
 74 94 75
 75 95 77
 78 96 79
 76 79 80
 61 80 81
 62 81 82
 82 83 63
 64 83 84
 65 84 85
 85 86 66
 86 87 67
 68 87 88
 88 89 69
 70 89 90
 71 90 91
 72 91 92
 73 92 93
 74 93 94
 94 95 75
 95 97 77
 96 98 79
 80 79 99
 81 80 100
 82 81 101
 83 82 102
 84 83 103
 84 104 85
 86 85 105
 87 86 106
 88 87 107
 88 108 89
 89 109 90
 91 90 110
 91 111 92
 93 92 112
 94 93 113
 94 114 95
 97 95 115
 98 99 79
 80 99 100
 81 100 101
 82 101 102
 83 102 103
 84 103 104
 104 105 85
 86 105 106
 87 106 107
 88 107 108
 108 109 89
 109 110 90
 91 110 111
 112 92 111
 113 93 112
 94 113 114
 114 115 95
 97 115 116
 117 99 98
 99 118 100
 101 100 119
 101 120 102
 103 102 121
 104 103 122
 105 104 123
 106 105 124
 106 125 107
 107 126 108
 109 108 127
 110 109 128
 111 110 129
 111 130 112
 112 131 113
 132 114 113
 114 133 115
 115 134 116
 118 99 117
 118 119 100
 101 119 120
 120 121 102
 103 121 122
 104 122 123
 105 123 124
 106 124 125
 125 126 107
 126 127 108
 109 127 128
 110 128 129
 111 129 130
 112 130 131
 131 132 113
 133 114 132
 133 134 115
 134 135 116
 136 118 117
 137 119 118
 119 138 120
 121 120 139
 122 121 140
 122 141 123
 124 123 142
 125 124 143
 126 125 144
 127 126 145
 128 127 146
 128 147 129
 129 148 130
 130 149 131
 131 150 132
 132 151 133
 133 152 134
 135 134 153
 135 154 155
 137 118 136
 138 119 137
 138 139 120
 121 139 140
 122 140 141
 141 142 123
 124 142 143
 125 143 144
 126 144 145
 127 145 146
 128 146 147
 129 147 148
 130 148 149
 131 149 150
 150 151 132
 151 152 133
 152 153 134
 135 153 154
 154 156 155
 137 136 157
 158 138 137
 159 139 138
 139 160 140
 140 161 141
 142 141 162
 143 142 163
 143 164 144
 144 165 145
 146 145 166
 147 146 167
 147 168 148
 148 169 149
 149 170 150
 151 150 171
 152 151 172
 153 152 173
 154 153 174
 175 156 154
 137 157 158
 159 138 158
 160 139 159
 160 161 140
 161 162 141
 142 162 163
 143 163 164
 164 165 144
 165 166 145
 146 166 167
 147 167 168
 148 168 169
 149 169 170
 171 150 170
 172 151 171
 152 172 173
 153 173 174
 154 174 175
 158 157 176
 159 158 177
 178 160 159
 179 161 160
 180 162 161
 162 181 163
 163 182 164
 164 183 165
 184 166 165
 166 185 167
 167 186 168
 169 168 187
 170 169 188
 171 170 189
 172 171 190
 191 173 172
 192 174 173
 193 175 174
 176 157 194
 158 176 177
 159 177 178
 179 160 178
 180 161 179
 181 162 180
 181 182 163
 182 183 164
 183 184 165
 185 166 184
 167 185 186
 187 168 186
 188 169 187
 189 170 188
 190 171 189
 172 190 191
 192 173 191
 193 174 192
 195 175 193
 196 176 194
 177 176 197
 178 177 198
 179 178 199
 200 180 179
 201 181 180
 202 182 181
 183 182 203
 184 183 204
 184 205 185
 186 185 206
 186 207 187
 187 208 188
 188 209 189
 190 189 210
 191 190 211
 212 192 191
 192 213 193
 195 193 214
 197 176 196
 177 197 198
 178 198 199
 179 199 200
 201 180 200
 202 181 201
 203 182 202
 183 203 204
 184 204 205
 206 185 205
 186 206 207
 187 207 208
 188 208 209
 210 189 209
 190 210 211
 191 211 212
 213 192 212
 213 214 193
 215 197 196
 198 197 216
 198 217 199
 200 199 218
 201 200 219
 220 202 201
 203 202 221
 203 222 204
 223 205 204
 206 205 224
 225 207 206
 208 207 226
 227 209 208
 210 209 228
 211 210 229
 212 211 230
 212 231 213
 232 214 213
 233 215 196
 216 197 215
 198 216 217
 217 218 199
 200 218 219
 201 219 220
 221 202 220
 203 221 222
 222 223 204
 224 205 223
 224 225 206
 226 207 225
 226 227 208
 228 209 227
 229 210 228
 211 229 230
 212 230 231
 231 232 213
 234 215 233
 216 215 234
 217 216 235
 217 236 218
 218 237 219
 220 219 238
 221 220 239
 221 240 222
 222 241 223
 242 224 223
 243 225 224
 226 225 244
 226 245 227
 227 246 228
 228 247 229
 230 229 248
 230 249 231
 250 232 231
 216 234 235
 217 235 236
 236 237 218
 237 238 219
 220 238 239
 221 239 240
 240 241 222
 241 242 223
 242 243 224
 244 225 243
 226 244 245
 227 245 246
 228 246 247
 247 248 229
 230 248 249
 249 250 231
 251 252 253
 251 254 255
 256 257 255
 257 258 234
 258 235 234
 236 235 259
 260 237 236
 261 238 237
 238 262 239
 240 239 263
 241 240 264
 241 265 242
 242 266 243
 243 267 244
 244 268 245
 246 245 269
 247 246 270
 248 247 271
 272 249 248
 273 250 249
 253 252 274
 251 253 254
 254 256 255
 258 257 256
 235 258 259
 236 259 260
 261 237 260
 262 238 261
 262 263 239
 240 263 264
 241 264 265
 242 265 266
 243 266 267
 244 267 268
 269 245 268
 270 246 269
 271 247 270
 248 271 272
 273 249 272
 275 250 273
 276 277 278
 279 280 277
 281 282 280
 282 283 284
 253 274 285
 254 253 286
 256 254 287
 258 256 259
 259 288 260
 260 289 261
 262 261 290
 262 291 263
 263 292 264
 264 293 265
 266 265 294
 267 266 295
 296 268 267
 268 297 269
 269 298 270
 271 270 299
 300 272 271
 301 273 272
 275 273 302
 303 304 275
 278 305 276
 279 277 276
 281 280 279
 283 282 281
 283 306 284
 285 274 307
 286 253 285
 287 254 286
 288 256 287
 259 256 288
 288 289 260
 289 290 261
 262 290 291
 291 292 263
 264 292 293
 294 265 293
 295 266 294
 295 296 267
 268 296 297
 269 297 298
 299 270 298
 271 299 300
 301 272 300
 302 273 301
 275 302 303
 308 304 303
 309 310 311
 311 312 305
 276 305 313
 279 276 314
 281 279 315
 283 281 316
 317 306 283
 318 319 306
 320 321 319
 321 322 323
 324 307 323
 325 285 307
 326 286 285
 327 287 286
 287 327 288
 327 289 288
 289 328 290
 291 290 329
 292 291 330
 293 292 331
 293 332 294
 294 333 295
 295 334 296
 335 297 296
 336 298 297
 337 299 298
 338 300 299
 301 300 339
 302 301 340
 341 303 302
 308 303 342
 309 343 310
 311 310 312
 313 305 312
 276 313 314
 279 314 315
 281 315 316
 283 316 317
 318 306 317
 320 319 318
 322 321 320
 322 324 323
 324 325 307
 325 326 285
 326 327 286
 328 289 327
 328 329 290
 291 329 330
 331 292 330
 293 331 332
 294 332 333
 295 333 334
 334 335 296
 335 336 297
 336 337 298
 337 338 299
 339 300 338
 301 339 340
 302 340 341
 342 303 341
 344 310 343
 310 345 312
 312 346 313
 314 313 347
 348 315 314
 349 316 315
 350 317 316
 351 318 317
 318 352 320
 353 322 320
 354 324 322
 355 325 324
 326 325 356
 327 326 357
 327 357 328
 328 358 329
 330 329 359
 330 360 331
 332 331 361
 362 333 332
 333 363 334
 334 364 335
 335 365 336
 336 366 337
 367 338 337
 338 368 339
 340 339 369
 341 340 370
 341 371 342
 372 344 343
 310 344 345
 312 345 346
 346 347 313
 314 347 348
 349 315 348
 350 316 349
 351 317 350
 352 318 351
 352 353 320
 354 322 353
 355 324 354
 356 325 355
 326 356 357
 357 358 328
 358 359 329
 330 359 360
 361 331 360
 361 362 332
 333 362 363
 334 363 364
 335 364 365
 336 365 366
 366 367 337
 338 367 368
 368 369 339
 340 369 370
 341 370 371
 372 373 344
 344 374 345
 345 375 346
 346 376 347
 348 347 377
 349 348 378
 350 349 379
 351 350 380
 381 352 351
 353 352 382
 383 354 353
 384 355 354
 356 355 385
 356 358 357
 358 386 359
 387 360 359
 361 360 388
 361 389 362
 362 390 363
 391 364 363
 392 365 364
 393 366 365
 394 367 366
 367 395 368
 368 396 369
 370 369 397
 371 370 398
 344 373 374
 345 374 375
 375 376 346
 376 377 347
 348 377 378
 349 378 379
 350 379 380
 351 380 381
 382 352 381
 353 382 383
 384 354 383
 385 355 384
 386 356 385
 358 356 386
 386 387 359
 388 360 387
 361 388 389
 362 389 390
 390 391 363
 391 392 364
 392 393 365
 393 394 366
 367 394 395
 395 396 368
 396 397 369
 370 397 398
 371 398 399
 374 373 400
 375 374 401
 376 375 402
 403 377 376
 404 378 377
 378 405 379
 379 406 380
 381 380 407
 408 382 381
 382 409 383
 384 383 410
 385 384 411
 411 386 385
 387 386 411
 387 412 388
 413 389 388
 389 414 390
 415 391 390
 416 392 391
 393 392 417
 393 418 394
 394 419 395
 395 420 396
 396 421 397
 398 397 422
 399 398 423
 401 374 400
 375 401 402
 376 402 403
 404 377 403
 405 378 404
 405 406 379
 406 407 380
 381 407 408
 409 382 408
 409 410 383
 384 410 411
 387 411 412
 412 413 388
 389 413 414
 414 415 390
 415 416 391
 417 392 416
 393 417 418
 394 418 419
 395 419 420
 420 421 396
 421 422 397
 398 422 423
 399 423 424
 401 400 425
 402 401 426
 427 403 402
 428 404 403
 405 404 429
 430 406 405
 407 406 431
 407 432 408
 409 408 433
 434 410 409
 411 410 435
 411 435 412
 412 436 413
 437 414 413
 415 414 438
 415 439 416
 416 440 417
 417 441 418
 418 442 419
 419 443 420
 421 420 444
 422 421 445
 423 422 446
 423 447 424
 426 401 425
 402 426 427
 428 403 427
 429 404 428
 405 429 430
 431 406 430
 407 431 432
 432 433 408
 409 433 434
 435 410 434
 412 435 436
 436 437 413
 438 414 437
 415 438 439
 416 439 440
 417 440 441
 418 441 442
 419 442 443
 443 444 420
 421 444 445
 422 445 446
 423 446 447
 447 448 424
 427 449 428
 450 429 428
 430 429 451
 452 431 430
 432 431 453
 432 454 433
 433 455 434
 435 434 436
 437 436 455
 438 437 456
 438 457 439
 439 458 440
 459 441 440
 441 460 442
 443 442 461
 462 444 443
 463 445 444
 464 446 445
 446 465 447
 448 447 466
 449 450 428
 451 429 450
 430 451 452
 453 431 452
 432 453 454
 454 455 433
 455 436 434
 456 437 455
 438 456 457
 439 457 458
 458 459 440
 441 459 460
 461 442 460
 443 461 462
 463 444 462
 464 445 463
 465 446 464
 465 466 447
 450 449 467
 468 451 450
 452 451 469
 453 452 470
 471 454 453
 472 455 454
 456 455 472
 456 473 457
 458 457 474
 475 459 458
 476 460 459
 477 461 460
 461 478 462
 462 479 463
 480 464 463
 481 465 464
 482 466 465
 450 467 468
 469 451 468
 452 469 470
 453 470 471
 472 454 471
 456 472 473
 474 457 473
 474 475 458
 475 476 459
 476 477 460
 461 477 478
 478 479 462
 479 480 463
 481 464 480
 482 465 481
 483 466 482
 467 484 468
 468 485 469
 470 469 486
 470 487 471
 471 473 472
 487 474 473
 488 475 474
 475 489 476
 477 476 490
 477 491 478
 492 479 478
 480 479 493
 480 494 481
 495 482 481
 496 483 482
 496 497 498
 484 485 468
 485 486 469
 470 486 487
 471 487 473
 487 488 474
 475 488 489
 490 476 489
 477 490 491
 492 478 491
 493 479 492
 480 493 494
 494 495 481
 496 482 495
 497 496 499
 485 484 500
 485 501 486
 502 487 486
 488 487 502
 489 488 503
 504 490 489
 491 490 505
 506 492 491
 492 507 493
 508 494 493
 495 494 509
 499 496 495
 497 499 510
 485 500 501
 501 502 486
 503 488 502
 503 504 489
 505 490 504
 505 506 491
 506 507 492
 507 508 493
 509 494 508
 495 509 499
 499 511 510
 500 512 501
 501 513 502
 513 503 502
 514 504 503
 505 504 515
 516 506 505
 506 517 507
 507 518 508
 519 509 508
 499 509 511
 520 510 511
 512 513 501
 513 514 503
 515 504 514
 515 516 505
 506 516 517
 517 518 507
 518 519 508
 511 509 519
 519 520 511
 513 512 514
 515 514 521
 516 515 522
 516 523 517
 517 524 518
 518 525 519
 525 520 519
 525 526 520
 521 514 512
 522 515 521
 516 522 523
 523 524 517
 524 525 518
 525 527 526
 528 524 523
 525 524 527
 527 524 528
 2
 372 343
 0
 21
 528 527 523 526 522 521 520 512 510 500 484 497 467 498 449 426 425 427 400 373 372
 26
 496 498 483 466 448 424 399 371 342 308 275 304 250 232 214 195 175 156 135 155 116 97 77 60 44 29
 0
 33
 343 305 311 309 306 319 321 307 323 278 277 280 282 284 274 234 257 255 251 252 233 196 194 157 136 117 98 96 78 76 59 30 2
