358 637
7.959190 1.754323 2
7.802344 1.756332 2
7.856203 1.616465 1
7.443472 1.942950 1
7.613626 1.986608 1
7.510754 2.063014 2
7.552849 0.916855 1
7.494326 1.025363 1
7.374181 0.926226 1
8.273797 1.127248 1
8.220457 1.287513 1
8.120080 1.172185 1
9.198662 1.198950 2
9.071326 1.130480 1
9.183449 1.047596 1
7.438138 0.557798 1
7.316076 0.631051 1
7.295281 0.481153 1
7.523554 1.866925 1
7.731541 1.104297 1
7.749978 1.235802 1
7.601613 1.214993 1
8.478637 0.790780 1
8.313864 0.866223 1
8.331158 0.720848 1
8.474099 1.616217 2
8.411804 1.768777 2
8.340574 1.625544 1
7.486001 0.809553 1
8.284565 1.715435 2
7.691458 1.625557 1
7.587032 1.102500 1
8.333333 0.000000 0
8.472222 0.000000 0
8.423933 0.166367 1
8.175214 0.985853 1
8.030745 1.035779 1
9.788682 0.868734 1
9.713545 0.964521 1
9.630043 0.812346 1
8.194445 0.000000 0
8.260237 0.127251 1
8.090914 0.133506 1
8.801836 1.218172 2
8.738236 1.350614 2
8.659156 1.181875 1
9.331212 0.311474 1
9.391139 0.467381 1
9.270160 0.442229 1
7.491823 1.669027 1
7.420715 1.784334 1
7.342836 1.639057 1
6.805555 0.000000 0
6.780949 0.168758 1
6.669086 0.122512 1
7.441488 1.573872 1
8.611111 0.000000 0
8.713051 0.149972 1
8.541667 0.099357 1
7.753994 1.900319 2
7.777062 2.059184 3
7.471699 0.439762 1
7.393651 0.354021 1
8.387761 0.339635 1
8.240078 0.418746 1
8.276791 0.268489 1
10.000000 0.833333 0
9.878537 0.952749 1
9.881005 0.771428 1
9.166667 0.000000 0
9.228572 0.118995 1
9.047251 0.121463 1
8.461967 0.900401 1
7.330197 1.864834 1
9.482075 0.375573 1
7.660341 0.578731 1
7.567696 0.509109 1
7.710315 0.439928 1
7.136683 0.529082 1
7.205846 0.625018 1
8.669917 0.579927 1
8.757948 0.693155 1
8.605878 0.699880 1
9.703095 1.224287 2
9.545672 1.202538 1
9.670074 1.086883 1
8.419788 1.204282 1
8.332795 1.276246 1
8.569086 0.210360 1
8.508806 0.309166 1
9.446910 0.269519 1
9.595981 0.268505 1
8.761953 0.916679 1
8.900838 0.965835 1
8.822564 1.031494 1
7.639262 1.456599 1
7.763267 1.366998 1
7.753578 1.515011 1
7.003982 0.388354 1
7.133464 0.392585 1
7.012825 0.504763 1
7.949999 0.693922 1
8.057818 0.785259 1
7.934078 0.862031 1
7.588399 0.399238 1
8.101618 0.647294 1
8.432035 1.083317 1
9.510171 0.191461 1
8.024765 1.279948 1
7.894146 1.289960 1
7.976189 1.160414 1
9.172133 0.340190 1
8.902877 0.859163 1
8.103052 1.556893 1
8.175099 1.426256 1
8.266163 1.530432 1
7.171700 0.247466 1
7.302215 0.190436 1
7.275958 0.316941 1
7.809556 0.964260 1
7.810327 0.850372 1
8.014078 0.559529 1
7.204134 0.124253 1
9.587537 0.409535 1
8.750000 0.000000 0
9.655199 0.142591 1
9.735977 0.293416 1
8.865435 0.507339 1
9.008142 0.563142 1
8.853737 0.619008 1
9.803100 0.196901 1
7.660153 1.319150 1
8.018033 1.414853 1
7.209929 1.679876 2
7.221816 1.512943 2
9.089385 0.963276 1
7.638889 0.000000 0
7.777778 0.000000 0
7.724136 0.155138 1
7.670127 1.770020 1
7.569445 0.094249 1
9.805383 0.494141 1
9.708761 0.426389 1
9.861273 0.354120 1
9.587098 0.955972 1
8.469637 0.651486 1
9.444846 1.334896 2
9.610342 1.305229 2
8.516606 0.998214 1
8.661506 1.034647 1
8.562360 1.096392 1
8.581209 0.914497 1
7.949980 0.968231 1
8.933568 0.705132 1
9.700066 0.677595 1
9.550171 0.644156 1
9.701771 0.555341 1
9.589083 0.519273 1
8.584172 1.311510 1
8.248993 0.587877 1
8.138595 0.527782 1
8.168266 0.324664 1
8.117494 1.321646 1
8.206525 0.729662 1
8.809734 0.800232 1
8.646532 0.810924 1
7.846552 0.756488 1
6.666667 0.000000 0
7.850990 1.168013 1
7.044038 0.280671 1
8.994673 1.019990 1
8.215405 1.627476 1
7.336075 1.231452 1
7.169745 1.239987 2
7.261079 1.146039 2
7.457663 0.674062 1
7.462380 1.464749 1
7.388029 1.351707 1
7.538618 1.349015 1
7.462672 1.262592 1
9.290168 1.126688 1
9.662862 0.349809 1
8.182172 0.226299 1
9.002016 1.284990 2
8.919353 1.130524 2
7.856003 1.453294 1
9.135469 0.213983 1
7.372607 1.087612 1
7.239058 1.351035 1
10.000000 0.555556 0
10.000000 0.694444 0
9.846493 0.624231 1
9.305555 0.000000 0
9.444445 0.000000 0
9.376101 0.152226 1
8.071854 0.420917 1
6.668028 0.549795 2
6.668671 0.402044 2
6.783769 0.483042 1
6.804168 0.361318 1
7.994965 1.638687 1
8.124784 1.717798 2
8.167719 0.849068 1
7.965651 1.536039 1
8.375373 0.580966 1
9.770711 0.759233 1
7.893880 1.056013 1
8.295401 1.002043 1
7.258426 1.044417 2
7.190665 0.931192 1
9.529906 1.061277 1
9.431851 0.943857 1
9.414834 1.117136 1
8.558815 0.590910 1
7.361111 0.000000 0
7.430360 0.115371 1
7.298603 0.081500 1
8.773729 0.568243 1
9.285225 0.878031 1
9.180266 0.778876 1
9.297025 0.717826 1
7.574777 0.208464 1
7.413603 0.246067 1
7.391330 2.057900 2
7.288234 2.111815 3
7.314125 1.977033 1
7.206226 2.005661 2
7.517454 0.318836 1
8.347806 0.472575 1
9.909224 0.487143 1
9.513889 0.086995 1
7.167843 0.736264 1
7.038102 0.646844 1
7.376606 0.756333 1
7.500000 0.000000 0
7.084176 1.397750 2
7.554602 1.571620 1
9.169523 0.630066 1
9.150927 0.492288 1
9.290156 0.592840 1
9.470921 0.786546 1
10.000000 0.277778 0
10.000000 0.416667 0
9.583333 0.000000 0
9.722222 0.000000 0
6.883154 0.113225 1
8.758950 1.115047 1
7.475721 1.154086 1
7.653986 2.107674 2
7.083333 0.000000 0
7.079720 0.141202 1
8.592486 0.390641 1
8.721608 0.441784 1
8.581511 0.496440 1
7.657166 0.302552 1
7.781382 0.302012 1
7.222222 0.000000 0
7.067441 0.778951 1
7.632497 1.874329 1
8.055555 0.000000 0
7.874085 0.115023 1
9.440208 1.223186 1
9.179708 0.910307 1
10.000000 0.972222 0
9.027778 0.000000 0
7.265856 0.824856 1
9.347087 1.226026 1
9.298770 1.322060 2
9.296770 1.003319 1
7.617286 0.798666 1
9.045720 0.407763 1
9.037647 0.280749 1
8.995839 0.799050 1
7.925094 0.350582 1
8.070436 0.288870 1
7.973966 0.206973 1
7.855732 0.225946 1
7.102610 1.031868 2
7.042629 0.903632 2
8.660844 0.299258 1
8.787876 0.304244 1
9.364137 0.804001 1
7.311299 1.434176 1
7.355800 1.524904 1
9.815688 1.058497 1
8.941504 0.184312 1
7.542164 1.765435 1
9.063309 0.711231 1
8.942284 0.437769 1
7.753076 0.535534 1
9.411857 0.588144 1
9.490500 0.513241 1
8.288482 1.412666 1
6.604926 0.235275 2
6.723753 0.280204 1
6.899308 0.555920 1
6.905020 0.667579 2
6.767800 0.593947 2
8.395570 0.967330 1
8.512167 1.507207 2
8.391410 1.494926 1
8.528203 1.201904 1
7.559259 0.720355 1
7.646367 0.999774 1
7.916667 0.000000 0
10.000000 0.000000 0
10.000000 0.138889 0
9.885746 0.114254 1
9.861111 0.000000 0
9.523350 0.877952 1
8.452407 1.297043 1
8.848654 0.104976 1
9.407576 0.694410 1
6.955204 0.201777 1
6.845220 0.241074 1
9.248697 0.227374 1
7.595392 1.680493 1
8.623773 1.464182 2
8.493809 1.396836 1
8.052592 0.914370 1
8.846450 0.213930 1
6.929450 0.775722 2
9.910024 0.216388 1
9.780123 0.091278 1
9.091424 0.829501 1
8.387638 1.378407 1
7.238861 1.890927 2
7.288260 1.771016 1
7.146887 0.834979 1
7.281088 0.725714 1
8.920775 0.319502 1
7.195971 1.807906 2
8.888889 0.000000 0
9.111744 1.268035 2
7.740407 0.769692 1
7.662305 0.690173 1
7.794248 0.634852 1
7.702896 0.885367 1
8.467130 0.526815 1
7.954675 0.465097 1
9.786070 1.153550 2
6.578643 0.084081 2
7.830323 0.394099 1
8.844203 0.402869 1
6.944445 0.000000 0
8.473415 0.416624 1
7.849445 0.496616 1
7.904535 0.585217 1
6.987447 0.093535 1
7.983811 0.092829 1
6.901521 0.436730 1
10.000000 1.111111 0
9.918360 1.047968 1
8.952032 0.081641 1
7.557285 0.622383 1
6.924089 0.321164 1
8.995237 0.904912 1
9.894957 1.152123 2
 0 1 2
 3 4 5
 6 7 8
 9 10 11
 12 13 14
 15 16 17
 18 4 3
 19 20 21
 22 23 24
 25 26 27
 6 8 28
 27 26 29
 30 2 1
 31 19 21
 32 33 34
 9 11 35
 36 35 11
 37 38 39
 40 41 42
 43 44 45
 46 47 48
 49 50 51
 52 53 54
 55 49 51
 56 57 58
 59 60 4
 15 17 61
 62 61 17
 63 64 65
 66 67 68
 69 70 71
 22 72 23
 73 50 3
 46 74 47
 75 76 77
 78 17 79
 80 81 82
 83 84 85
 9 86 87
 9 87 10
 88 89 34
 74 90 91
 92 93 94
 95 96 97
 98 99 100
 63 34 89
 101 102 103
 104 77 76
 101 105 102
 9 106 86
 107 91 90
 108 109 110
 46 48 111
 92 112 93
 113 114 115
 116 117 118
 103 119 120
 101 121 105
 78 100 99
 116 122 117
 74 91 123
 56 124 57
 125 126 91
 127 128 129
 130 126 125
 131 96 95
 3 50 18
 113 132 114
 51 133 134
 14 13 135
 136 137 138
 30 1 139
 136 138 140
 17 16 79
 141 142 143
 143 142 126
 144 39 38
 22 145 82
 146 84 147
 148 149 150
 151 149 148
 152 119 103
 153 129 128
 154 155 156
 157 156 155
 46 90 74
 158 45 44
 159 105 160
 64 161 65
 132 162 114
 159 163 105
 81 164 165
 101 103 166
 62 17 118
 167 52 54
 168 110 109
 98 169 99
 170 135 13
 113 115 171
 172 173 174
 15 175 16
 176 177 178
 179 178 177
 92 165 164
 12 14 180
 181 123 91
 182 42 41
 183 184 13
 30 97 2
 185 2 97
 92 94 149
 88 58 57
 37 68 67
 186 71 70
 88 34 58
 187 8 7
 153 164 81
 188 173 172
 189 190 191
 192 193 194
 195 64 160
 159 160 64
 33 58 34
 196 197 198
 199 198 197
 78 99 17
 32 34 41
 0 2 200
 0 200 201
 202 23 35
 185 203 2
 10 162 11
 159 204 24
 37 39 205
 153 81 129
 185 97 96
 109 96 20
 168 19 206
 119 206 19
 9 207 106
 168 109 20
 163 23 202
 24 23 163
 187 208 8
 209 8 208
 116 99 169
 144 210 211
 212 211 210
 131 21 20
 82 145 213
 141 191 156
 154 156 191
 214 215 216
 80 217 81
 218 219 220
 221 222 215
 63 65 34
 223 224 225
 226 225 224
 221 227 222
 63 228 64
 189 191 229
 193 230 194
 108 11 162
 221 140 138
 231 232 79
 233 16 175
 214 234 215
 188 134 235
 30 236 95
 237 238 239
 48 239 238
 84 210 85
 154 39 155
 240 155 39
 59 139 1
 159 64 228
 241 242 143
 243 244 125
 24 204 145
 52 245 53
 43 246 184
 94 184 246
 179 172 247
 187 247 172
 233 28 8
 92 149 151
 4 60 248
 81 165 82
 153 112 164
 150 149 45
 249 122 250
 195 161 64
 251 252 253
 221 138 254
 255 254 138
 249 256 122
 231 257 232
 59 4 258
 259 40 42
 35 23 207
 176 95 236
 22 165 151
 80 253 252
 176 178 95
 131 95 178
 137 260 138
 146 261 84
 22 24 145
 218 262 219
 66 263 67
 264 69 71
 159 24 163
 209 265 8
 233 8 265
 12 266 267
 202 102 163
 105 163 102
 14 262 268
 218 268 262
 141 229 191
 107 194 230
 6 28 269
 30 95 97
 185 109 132
 108 132 109
 18 258 4
 117 216 215
 108 110 11
 108 162 132
 92 164 112
 270 271 111
 186 111 271
 153 272 112
 195 273 274
 275 274 273
 22 82 165
 188 235 173
 255 138 276
 212 268 211
 218 211 268
 209 277 278
 88 57 279
 280 279 57
 113 201 200
 212 210 84
 240 211 281
 176 282 177
 176 283 282
 284 38 67
 285 71 271
 182 274 42
 275 42 274
 251 279 252
 170 13 184
 18 50 286
 237 287 128
 153 128 287
 127 288 128
 218 281 211
 75 77 289
 237 128 238
 270 238 128
 83 147 84
 290 291 155
 182 65 161
 290 239 47
 48 47 239
 218 220 281
 170 184 93
 190 68 191
 192 194 70
 209 208 277
 237 220 219
 10 87 292
 293 54 294
 53 294 54
 243 125 230
 242 229 143
 295 296 297
 17 99 118
 298 106 207
 212 84 261
 299 25 300
 94 93 184
 150 301 106
 37 67 38
 186 271 71
 302 269 28
 237 239 220
 107 230 125
 141 143 229
 51 134 283
 45 149 246
 6 303 7
 86 106 301
 137 304 260
 119 152 206
 305 306 307
 305 307 308
 78 79 232
 46 194 90
 107 90 194
 240 309 211
 154 205 39
 158 310 301
 124 311 57
 195 160 121
 105 121 160
 139 258 286
 22 151 72
 286 258 18
 113 203 132
 179 177 172
 188 172 177
 48 238 111
 270 111 238
 157 155 291
 280 252 279
 270 128 288
 290 155 312
 36 11 110
 199 197 294
 293 294 197
 113 171 201
 92 151 165
 144 211 309
 313 314 245
 154 191 205
 46 315 194
 31 7 303
 298 23 72
 30 139 316
 40 32 41
 138 260 276
 158 317 318
 116 250 122
 14 268 180
 59 258 139
 202 35 319
 117 222 118
 280 57 320
 113 200 203
 321 232 257
 241 143 322
 130 322 143
 130 125 323
 244 323 125
 324 219 262
 190 66 68
 69 192 70
 10 292 114
 325 292 87
 73 326 327
 158 318 310
 53 245 314
 220 239 312
 290 312 239
 188 282 134
 181 91 126
 36 319 35
 116 118 99
 62 118 222
 51 283 55
 299 318 317
 209 278 328
 233 329 16
 4 248 5
 144 85 210
 284 85 38
 285 271 330
 331 327 326
 124 332 311
 78 232 100
 295 100 232
 240 312 155
 321 257 278
 130 143 126
 107 125 91
 181 126 142
 103 102 319
 183 13 333
 12 333 13
 251 89 279
 88 279 89
 49 286 50
 80 82 213
 29 201 171
 119 19 303
 146 267 266
 334 335 336
 75 336 335
 104 254 77
 255 77 254
 116 169 250
 313 250 169
 115 300 27
 46 111 315
 186 315 111
 302 28 175
 233 175 28
 168 206 110
 36 110 206
 144 309 39
 240 39 309
 275 273 276
 255 276 273
 115 292 300
 9 35 207
 202 319 102
 6 269 337
 338 213 145
 295 297 198
 150 45 301
 195 339 273
 185 132 203
 187 172 174
 144 38 85
 270 330 271
 25 27 300
 191 68 205
 194 315 70
 31 303 19
 83 85 340
 284 340 85
 285 330 320
 280 320 330
 293 341 54
 325 318 300
 299 300 318
 185 96 109
 255 273 342
 30 316 236
 182 41 65
 34 65 41
 74 123 291
 119 337 120
 334 120 337
 212 266 180
 158 301 45
 321 296 232
 295 232 296
 280 330 343
 6 337 303
 280 343 252
 52 344 245
 81 217 129
 158 44 317
 212 261 266
 221 215 140
 234 140 215
 119 303 337
 63 345 228
 101 166 336
 334 336 166
 346 347 336
 249 250 348
 127 217 252
 80 252 217
 57 311 320
 325 300 292
 12 180 266
 346 336 289
 344 249 348
 104 61 227
 195 274 161
 103 319 152
 103 120 166
 237 219 287
 33 56 58
 101 336 347
 338 228 345
 270 288 330
 43 45 246
 195 121 339
 127 252 343
 168 20 19
 117 215 222
 146 266 261
 104 227 254
 221 254 227
 131 178 21
 179 21 178
 10 114 162
 115 114 292
 73 327 50
 212 180 268
 62 227 61
 75 289 336
 101 347 121
 324 287 219
 273 339 342
 234 136 140
 275 260 349
 304 349 260
 298 207 23
 74 291 47
 223 3 5
 94 246 149
 304 259 349
 199 350 198
 295 198 350
 306 241 322
 244 308 323
 259 42 349
 346 342 339
 275 349 42
 49 236 316
 313 348 250
 187 174 208
 176 55 283
 131 20 96
 86 301 310
 2 203 200
 242 189 229
 193 243 230
 278 257 328
 157 142 156
 36 152 319
 157 123 142
 176 236 55
 338 345 253
 157 291 123
 98 100 350
 295 350 100
 231 79 329
 263 351 352
 332 264 353
 16 329 79
 346 77 342
 255 342 77
 62 222 227
 256 214 216
 275 276 260
 31 247 7
 187 7 247
 346 289 77
 37 205 68
 186 70 315
 104 76 61
 15 76 354
 15 354 175
 338 145 204
 251 253 345
 98 350 355
 199 355 350
 324 272 287
 153 287 272
 324 262 135
 51 50 327
 324 135 356
 73 3 225
 134 282 283
 196 198 297
 188 177 282
 285 311 353
 332 353 311
 284 352 357
 351 357 352
 49 55 236
 36 206 152
 15 61 76
 75 335 354
 223 225 3
 346 339 347
 121 347 339
 313 355 314
 98 355 169
 313 169 355
 334 337 269
 159 228 204
 338 204 228
 306 322 307
 308 307 323
 231 265 328
 209 328 265
 302 354 335
 167 54 341
 182 161 274
 231 329 265
 150 106 148
 298 148 106
 251 345 89
 313 245 348
 233 265 329
 256 216 122
 170 93 356
 112 356 93
 75 354 76
 141 156 142
 181 142 123
 263 352 67
 264 71 353
 31 21 247
 179 247 21
 63 89 345
 199 294 314
 53 314 294
 117 122 216
 302 175 354
 338 253 213
 284 357 340
 285 320 311
 344 348 245
 334 166 120
 240 281 312
 220 312 281
 290 47 291
 285 353 71
 284 67 352
 130 323 307
 130 307 322
 51 327 133
 127 129 217
 231 328 257
 112 272 356
 325 310 318
 331 133 327
 73 225 326
 151 148 72
 86 310 87
 325 87 310
 330 288 343
 302 335 269
 334 269 335
 324 356 272
 14 135 262
 80 213 253
 115 27 171
 29 171 27
 139 286 316
 127 343 288
 170 356 135
 199 314 355
 226 326 225
 298 72 148
 49 316 286
 0
 0
 0
 0
 0
 0
 0
 0
 0
 0
 0
 0
 19
 226 321 196 293 331 224 197 134 278 235 208 277 173 133 296 326 297 174 341
 0
 5
 223 224 60 248 5
 22
 29 146 0 83 12 43 59 183 299 25 26 201 1 60 184 44 147 357 317 333 267 340
 0
 0
 0
 0
 0
 0
