355 638
6.701519 1.785672 1
6.879232 1.891371 1
6.723532 1.909799 1
6.805418 1.728012 1
6.567963 2.290683 1
6.680757 2.396833 1
6.582386 2.496284 1
6.484631 2.419052 1
6.442039 2.093051 1
6.397256 1.985062 1
6.536678 1.996341 1
5.530592 1.588824 1
5.418162 1.689044 2
5.438151 1.531744 2
6.542043 2.143331 1
6.048975 2.539656 1
6.016453 2.402017 1
6.128496 2.422999 1
6.692447 1.608083 1
5.697073 2.217800 1
5.866033 2.207757 1
5.789660 2.318496 1
6.184692 2.536127 1
5.707364 1.638875 1
5.555358 1.705302 1
5.626503 1.565697 1
6.505392 2.912363 1
6.463891 3.083112 2
6.394594 2.906682 1
6.322877 2.991369 1
6.953347 1.488441 1
6.831847 1.586057 1
6.827979 1.453654 1
6.963366 1.048810 1
6.884698 0.923605 1
7.042629 0.903632 2
6.956197 1.599887 1
6.913921 1.734840 1
5.644777 1.756792 1
6.008340 2.139752 1
6.117687 2.149634 1
6.089433 2.274208 1
6.361014 1.300424 1
6.245265 1.175609 1
6.418029 1.163651 1
6.311475 1.063067 1
5.981593 2.283386 1
6.375421 0.217663 1
6.491006 0.285487 1
6.309723 0.352951 1
6.534350 1.620327 1
6.507941 1.506101 1
6.676695 1.483973 1
5.832567 1.649027 1
5.784334 1.788280 1
6.456118 0.426628 1
6.668028 0.549795 2
6.552711 0.526996 1
6.668671 0.402044 2
6.232086 0.489105 1
6.130297 0.402729 1
6.175150 0.288281 1
7.219480 2.344383 2
7.085173 2.293885 1
7.198239 2.211733 2
7.098757 2.157671 1
6.919063 1.345560 1
7.084176 1.397750 2
7.033436 1.283168 1
5.614038 0.973464 1
5.434222 0.993871 3
5.499931 0.878386 2
6.619639 1.893718 1
6.669048 2.050785 1
6.124938 2.025252 1
6.055794 1.888699 1
6.204272 1.876331 1
6.453895 2.610102 1
6.349832 2.687730 1
6.323233 2.547328 1
6.232348 2.645741 1
6.458221 2.769819 1
6.590697 2.811427 1
6.230560 1.344904 1
6.201416 1.471436 1
6.086552 1.410100 1
6.197185 1.710938 1
6.084925 1.777562 1
6.561868 2.666827 1
6.555438 0.366973 1
6.130081 1.262278 1
5.523998 1.106661 1
6.929450 0.775722 2
6.801984 0.823573 1
6.788272 0.705521 1
5.433549 2.599946 2
5.340167 2.452921 2
5.458736 2.481935 1
5.889647 2.035367 1
5.677823 2.356534 1
7.110541 1.619870 1
7.221816 1.512943 2
7.209929 1.679876 2
5.343924 2.289512 2
5.430822 2.384359 1
5.929688 2.502023 1
5.965956 2.652368 1
5.839457 2.581542 1
6.033929 2.753751 1
6.050534 2.866902 1
5.894266 2.803605 2
6.422426 1.621216 1
6.284449 1.579454 1
6.390977 1.521575 1
6.676661 1.313509 1
6.777507 1.361396 1
5.944719 2.927681 2
6.350657 3.114302 2
6.012587 0.979377 1
5.989002 1.095738 1
5.884440 1.047806 1
6.331472 1.699374 1
5.899824 0.937686 1
6.086993 0.833166 1
6.152033 0.968888 1
5.613404 0.247793 2
5.775684 0.178337 1
5.738230 0.320551 2
5.846208 1.398244 1
5.911312 1.262849 1
5.969497 1.377423 1
6.437969 2.501460 1
6.580320 1.413871 1
5.695170 0.474101 2
5.815335 0.449445 1
5.656200 0.116656 1
6.727134 2.194557 1
6.807657 2.096110 1
5.791094 1.253505 1
6.623591 1.689522 1
6.759270 1.021705 1
6.719118 1.165979 1
6.623026 1.060949 1
7.102610 1.031868 2
5.639409 1.351996 1
5.700864 1.196129 1
5.751071 1.354306 1
5.853254 2.683828 2
5.776108 0.965661 1
5.746908 1.073127 1
6.800164 1.985727 1
6.021003 1.303025 1
6.669121 0.801367 1
6.635121 0.669872 1
7.065910 1.528489 1
7.025963 1.672231 1
6.600846 2.932975 2
7.126564 2.429618 2
5.924449 1.697210 1
6.317006 1.807146 1
7.015406 2.209645 1
6.498818 1.877933 1
6.404159 1.871603 1
6.919560 2.163072 1
6.833597 2.217250 1
6.324122 0.610765 1
6.351065 0.492053 1
5.964937 0.861226 1
5.967681 0.740476 1
6.096727 0.612747 1
6.209965 0.725599 1
6.069672 0.717208 1
6.319388 0.847432 1
6.376384 0.726212 1
6.351488 2.797552 1
5.776990 0.694899 1
5.646289 0.628994 2
5.785912 0.573163 1
6.204954 0.596510 1
6.905020 0.667579 2
6.412480 2.222630 1
6.109220 1.114250 1
7.000378 1.790072 1
7.106781 1.745396 1
7.104016 1.896052 1
6.017458 1.194945 1
7.001577 1.985255 1
6.904934 2.032708 1
6.177104 2.218388 1
5.736123 0.856853 1
6.259442 2.007288 1
5.857598 0.815424 1
6.111111 0.000000 0
6.250000 0.000000 0
6.180937 0.137478 1
5.898433 2.361704 1
5.636862 1.106228 1
5.982413 1.512895 1
5.834264 1.546674 1
5.553351 2.008258 1
5.591503 2.147502 1
5.479326 2.095993 2
6.949171 2.859374 3
6.831521 2.857825 2
6.882554 2.715508 1
6.474845 0.818576 1
6.385768 0.954320 1
6.515819 0.965129 1
6.025159 1.666218 1
6.119349 1.567009 1
6.462369 1.397370 1
6.324215 1.436751 1
6.846932 1.120401 1
5.678832 0.759675 1
5.847640 0.347198 1
5.674036 2.063046 1
5.589827 1.204062 1
6.814268 1.252717 1
6.944895 1.193835 1
6.571663 1.316208 1
6.483446 1.273219 1
5.574383 0.760526 2
5.622250 0.846234 1
5.878862 0.239091 1
5.876892 0.663522 1
5.972222 0.000000 0
6.067082 0.109985 1
5.898426 0.116071 1
6.659159 2.606412 1
7.168542 1.126727 1
7.261079 1.146039 2
7.169745 1.239987 2
6.840494 2.576562 1
6.760593 2.649564 1
6.707620 2.517997 1
5.404268 1.122500 2
5.468201 1.238726 2
5.932649 1.802741 1
5.555555 0.000000 0
5.504745 0.142925 2
5.789452 2.447912 1
5.654687 2.474114 1
7.206226 2.005661 2
7.288234 2.111815 3
7.178379 2.105992 1
6.553916 3.018667 2
5.708072 1.483647 1
5.457215 1.809657 1
5.567788 1.866657 1
5.416706 1.952760 2
6.502028 0.681337 1
6.866995 1.028238 1
6.144776 3.030098 1
6.239849 3.085736 2
6.111645 3.123548 3
6.991859 2.737978 2
6.321735 2.117894 1
6.574481 1.762843 1
6.460699 1.758031 1
5.694445 0.000000 0
6.992469 1.889416 1
6.799769 2.448540 1
5.994103 0.213297 1
5.566142 1.451249 1
6.433274 0.580817 1
5.540326 1.323904 1
5.438052 1.373489 2
7.258426 1.044417 2
6.743394 0.907869 1
6.787325 2.759643 1
6.708418 2.887866 2
6.678010 2.730290 1
5.921306 1.142314 1
6.006395 1.997754 1
7.195971 1.807906 2
6.590637 1.189853 1
6.264836 0.224408 1
6.767800 0.593947 2
6.424726 2.335515 1
6.958165 2.625986 1
7.108499 2.672402 2
5.736414 2.540970 1
6.604926 0.235275 2
6.209862 1.066738 1
5.843597 1.911012 1
5.949358 1.913687 1
6.626881 2.198417 1
7.063766 1.154066 1
6.201790 0.855314 1
5.922396 1.609534 1
6.303110 0.114363 1
6.317778 1.914775 1
6.104757 2.647847 1
6.498920 0.145414 1
6.527778 0.000000 0
6.405153 0.101550 1
5.718493 1.931503 1
6.569833 0.765405 1
7.040461 2.535963 2
6.388889 0.000000 0
5.781999 2.106490 1
5.348793 1.834921 2
6.886305 2.395355 1
6.789903 2.320815 1
6.932283 2.288611 1
6.096117 0.210944 1
6.511671 1.081840 1
6.575046 0.857318 1
6.417073 1.053950 1
6.322611 2.328206 1
6.273861 2.219225 1
6.998342 2.405602 1
6.035318 3.017223 2
6.578643 0.084081 2
6.119900 2.949749 1
5.553119 2.562042 2
5.544065 2.402545 1
5.833333 0.000000 0
6.645611 0.936113 1
6.675809 2.285191 1
6.152049 2.750640 1
6.176887 2.866034 1
5.509090 2.200744 1
6.251194 2.425773 1
5.781554 2.009484 1
5.626534 1.947606 1
5.584702 2.271896 1
5.665025 1.848221 1
6.918958 2.495602 1
5.621850 2.687035 3
5.662192 2.588951 1
6.263386 0.959293 1
5.467221 2.294885 1
5.763889 0.075243 1
7.100437 2.043079 1
6.210627 2.120456 1
6.257380 2.762722 1
6.287323 2.882153 1
5.986506 0.632032 1
7.238861 1.890927 2
5.410939 2.180963 2
6.666667 0.000000 0
5.825987 1.162622 1
6.116432 0.504141 1
5.955906 0.325406 1
5.925706 0.435554 1
5.899045 0.541603 1
6.025506 0.407118 1
6.009024 0.516635 1
6.063309 0.305677 1
6.372652 2.421640 1
5.744256 2.653518 2
6.207363 2.318223 1
7.013205 2.100784 1
6.221040 2.971697 1
 0 1 2
 3 1 0
 4 5 6
 7 4 6
 8 9 10
 11 12 13
 14 8 10
 15 16 17
 18 3 0
 19 20 21
 15 17 22
 23 24 25
 26 27 28
 29 28 27
 30 31 32
 33 34 35
 36 37 31
 38 24 23
 39 40 41
 18 31 3
 42 43 44
 45 44 43
 46 39 41
 47 48 49
 50 51 52
 53 54 23
 55 49 48
 56 57 58
 18 50 52
 59 60 49
 49 60 61
 62 63 64
 65 64 63
 30 66 67
 68 67 66
 69 70 71
 10 72 73
 72 2 73
 74 75 76
 77 78 79
 80 79 78
 11 25 24
 26 81 82
 83 84 85
 86 76 87
 77 6 88
 58 57 89
 90 83 85
 69 91 70
 30 32 66
 92 93 94
 95 96 97
 38 23 54
 46 20 39
 98 39 20
 37 3 31
 19 21 99
 100 101 102
 103 104 96
 105 106 107
 108 109 110
 111 112 113
 114 115 52
 116 110 109
 29 27 117
 118 119 120
 121 112 111
 122 118 120
 123 124 118
 125 126 127
 128 129 130
 77 131 6
 92 35 34
 132 114 52
 133 127 134
 92 34 93
 30 36 31
 125 135 126
 76 75 87
 14 10 73
 15 106 105
 136 73 137
 26 28 81
 138 129 128
 18 0 139
 140 141 142
 33 35 143
 144 145 146
 147 107 106
 69 148 149
 2 150 73
 151 90 85
 86 112 121
 152 153 94
 137 73 150
 30 154 36
 36 154 155
 26 82 156
 151 130 129
 62 157 63
 53 158 54
 86 159 76
 65 63 160
 10 9 161
 162 161 9
 163 164 137
 136 137 164
 165 59 166
 123 167 168
 169 170 171
 172 170 173
 165 173 170
 174 81 28
 175 176 177
 169 178 170
 123 168 171
 138 146 145
 77 79 131
 92 94 179
 14 4 180
 80 22 79
 181 118 124
 182 183 184
 151 185 90
 181 90 185
 186 187 1
 188 41 40
 69 189 148
 74 76 190
 152 94 93
 175 191 189
 192 193 194
 21 20 195
 15 105 16
 69 149 196
 197 198 128
 199 200 201
 202 203 204
 172 205 206
 207 206 205
 86 208 209
 42 210 211
 140 212 141
 175 213 176
 165 178 59
 214 134 127
 199 215 200
 181 43 90
 216 145 144
 217 218 66
 219 210 220
 42 44 220
 221 222 71
 126 223 127
 175 224 191
 225 226 227
 46 195 20
 132 210 219
 228 88 6
 229 230 231
 232 233 234
 1 187 150
 90 43 83
 43 42 83
 108 110 106
 42 220 210
 235 91 236
 69 71 222
 214 127 223
 86 121 159
 168 191 224
 197 209 208
 237 54 158
 238 135 239
 216 236 91
 99 240 241
 242 243 244
 197 85 209
 68 66 218
 26 245 27
 246 146 128
 247 248 249
 199 249 248
 197 128 130
 122 148 191
 189 191 148
 133 177 176
 250 57 153
 56 153 57
 33 251 34
 42 211 83
 138 128 146
 237 208 87
 69 222 189
 175 189 213
 250 205 173
 252 253 254
 32 52 115
 255 202 204
 84 209 85
 256 190 9
 147 106 110
 221 176 213
 257 258 50
 238 259 135
 246 128 198
 182 184 260
 86 209 112
 18 52 31
 32 31 52
 232 234 261
 262 227 226
 237 87 75
 68 231 67
 182 1 37
 246 263 144
 163 137 187
 7 6 131
 250 173 264
 265 263 266
 144 263 265
 55 264 166
 55 57 264
 229 143 267
 140 268 34
 100 154 101
 269 270 271
 82 271 270
 59 49 166
 272 120 119
 246 144 146
 98 273 39
 74 39 273
 3 37 1
 123 118 167
 123 171 170
 274 184 183
 275 142 141
 132 52 51
 21 240 99
 100 155 154
 47 49 276
 94 153 277
 140 34 251
 4 278 180
 32 115 66
 255 279 280
 237 158 208
 55 89 57
 281 241 240
 282 58 89
 181 124 283
 172 173 205
 53 23 198
 246 198 23
 199 201 249
 247 24 248
 38 248 24
 165 170 178
 182 260 1
 74 273 75
 61 276 49
 82 270 156
 98 284 285
 98 285 273
 136 286 73
 68 287 231
 275 220 44
 216 144 265
 172 288 170
 123 170 288
 123 288 124
 197 208 289
 101 154 67
 193 290 194
 9 190 291
 86 87 208
 108 106 292
 282 48 293
 47 293 48
 294 293 295
 165 264 173
 2 1 150
 217 114 141
 7 278 4
 217 212 218
 94 277 179
 84 112 209
 296 54 284
 269 204 203
 18 139 50
 257 50 139
 84 211 112
 113 112 211
 217 141 212
 250 297 205
 298 280 279
 237 284 54
 299 294 295
 19 300 20
 55 166 49
 197 289 198
 192 194 226
 247 301 12
 132 51 210
 113 210 51
 302 303 304
 61 194 276
 61 305 194
 275 44 306
 207 205 307
 45 308 44
 125 239 135
 303 164 304
 275 141 114
 309 310 180
 256 180 310
 162 159 258
 121 258 159
 186 1 260
 302 304 311
 63 311 304
 116 109 312
 228 234 233
 282 293 313
 168 167 191
 193 299 290
 312 109 314
 113 211 210
 74 40 39
 98 20 300
 237 75 285
 33 218 212
 19 215 300
 95 97 315
 316 315 97
 317 225 227
 225 192 226
 50 258 111
 122 167 118
 229 231 287
 207 318 142
 11 24 12
 14 73 286
 5 4 319
 14 286 4
 140 142 318
 15 292 106
 108 320 109
 321 109 320
 322 201 200
 79 22 323
 228 271 88
 302 261 303
 5 303 261
 269 203 270
 232 204 233
 68 218 287
 50 111 51
 113 51 111
 46 41 16
 17 16 41
 105 240 195
 217 66 115
 56 277 153
 296 324 215
 316 241 315
 181 283 43
 282 89 48
 140 251 212
 34 268 93
 108 292 320
 296 215 325
 199 325 215
 19 99 326
 152 93 268
 298 311 157
 63 157 311
 296 327 54
 38 54 327
 298 279 328
 132 219 114
 217 115 114
 181 119 118
 275 114 219
 329 315 330
 174 78 81
 77 81 78
 316 326 99
 152 268 318
 17 323 22
 19 200 215
 30 67 154
 82 88 271
 235 70 91
 45 283 331
 14 180 8
 256 8 180
 137 150 187
 103 332 104
 309 180 278
 105 195 16
 162 9 291
 266 263 13
 33 212 251
 126 333 227
 317 227 333
 124 331 283
 69 196 91
 47 295 293
 316 99 241
 275 306 142
 82 81 88
 242 334 184
 186 184 334
 21 195 240
 77 88 81
 256 310 335
 256 9 8
 294 313 293
 321 336 337
 232 328 279
 232 279 204
 33 143 287
 229 287 143
 169 171 338
 188 335 310
 186 260 184
 242 184 339
 274 339 184
 207 307 318
 302 328 261
 232 261 328
 103 340 332
 322 332 340
 246 25 263
 262 223 227
 126 227 223
 257 139 0
 122 191 167
 299 295 290
 269 233 204
 168 338 171
 80 292 22
 294 341 313
 316 332 326
 15 22 292
 149 342 145
 296 284 324
 321 320 336
 247 249 301
 256 335 190
 216 91 196
 250 264 57
 207 308 206
 165 166 264
 19 326 200
 33 287 218
 98 324 284
 194 290 276
 47 276 290
 11 13 263
 259 317 333
 298 328 311
 275 219 220
 322 326 332
 74 190 335
 197 130 85
 59 178 343
 169 343 178
 252 254 312
 207 142 306
 75 273 285
 214 344 345
 133 134 177
 346 177 134
 151 85 130
 347 343 348
 84 83 211
 151 129 185
 272 185 129
 38 327 248
 199 248 325
 215 324 300
 53 198 289
 45 331 206
 11 263 25
 100 102 183
 347 60 343
 259 333 135
 126 135 333
 152 318 307
 45 43 283
 55 48 89
 149 145 196
 174 336 78
 80 78 336
 46 16 195
 47 290 295
 229 267 230
 347 349 60
 61 60 349
 2 72 0
 257 0 72
 237 285 284
 322 200 326
 246 23 25
 140 318 268
 174 337 336
 138 145 342
 121 111 258
 5 319 303
 136 303 319
 262 344 223
 281 330 241
 315 241 330
 207 306 308
 80 320 292
 250 153 297
 152 297 153
 309 350 323
 76 291 190
 136 164 303
 172 331 288
 124 288 331
 281 107 351
 147 351 107
 316 104 332
 5 261 234
 262 349 344
 228 233 271
 172 206 331
 309 352 310
 188 310 352
 79 323 350
 216 265 236
 316 97 104
 5 234 6
 266 236 265
 26 156 245
 61 349 305
 162 258 161
 257 161 258
 347 345 344
 302 311 328
 45 206 308
 182 37 155
 76 159 291
 162 291 159
 228 6 234
 274 183 102
 221 213 222
 189 222 213
 163 187 353
 252 312 314
 17 41 352
 188 352 41
 163 304 164
 329 330 351
 255 204 279
 214 223 344
 214 345 134
 100 183 155
 247 12 24
 281 351 330
 309 323 352
 175 177 224
 36 155 37
 346 224 177
 163 353 160
 17 352 323
 138 342 129
 272 129 342
 347 344 349
 186 353 187
 208 158 289
 96 104 97
 10 161 72
 80 336 320
 169 338 348
 186 334 353
 122 120 148
 149 148 120
 347 348 345
 346 345 348
 281 240 107
 105 107 240
 322 340 201
 29 253 354
 252 354 253
 346 348 338
 216 196 145
 262 226 305
 257 72 161
 74 335 40
 163 160 304
 63 304 160
 7 350 278
 174 28 337
 29 337 28
 321 354 314
 321 337 354
 7 131 350
 194 305 226
 182 155 183
 346 338 224
 65 353 334
 98 300 324
 262 305 349
 29 117 253
 65 160 353
 169 348 343
 321 314 109
 168 224 338
 243 64 244
 272 119 185
 181 185 119
 272 342 120
 149 120 342
 346 134 345
 44 308 306
 242 244 334
 65 334 244
 136 319 286
 4 286 319
 269 271 233
 188 40 335
 59 343 60
 152 307 297
 309 278 350
 296 325 327
 248 327 325
 252 314 354
 29 354 337
 79 350 131
 53 289 158
 205 297 307
 65 244 64
 0
 0
 0
 0
 0
 7
 116 329 147 110 351 312 254
 15
 95 266 103 235 329 96 315 249 236 70 13 340 12 201 301
 8
 125 221 133 71 176 239 127 70
 0
 0
 0
 19
 242 92 56 282 274 243 58 101 35 67 267 143 231 102 179 339 277 230 313
 0
 9
 27 270 202 203 253 156 245 117 254
 8
 298 62 255 243 157 202 280 64
 0
 0
 0
 0
 0
 0
 0
