341 606
8.820605 5.021739 1
8.722643 4.893626 1
8.893986 4.907285 1
8.833369 4.807293 1
9.238634 6.557529 1
9.209997 6.687902 2
9.073569 6.634866 2
9.437507 7.231271 2
9.319554 7.073822 2
9.461488 7.110020 1
8.564707 5.134566 1
8.709617 5.112521 1
8.627939 5.212504 1
8.199057 5.447165 1
8.251304 5.295807 1
8.331640 5.457134 1
9.364298 5.069196 1
9.440231 4.961960 1
9.521749 5.133544 1
9.128688 6.469355 2
8.873552 5.163724 1
8.990396 5.045081 1
8.583735 5.031181 1
8.627259 5.314714 1
8.528218 5.353157 1
8.491294 5.224998 1
9.130545 5.131914 1
9.106349 4.979466 1
9.232071 5.051641 1
9.493650 4.264837 1
9.630780 4.212965 2
9.569606 4.362883 1
9.701820 4.346334 1
8.397983 5.325667 1
9.782336 6.375421 1
9.714513 6.491006 1
9.647049 6.309723 1
8.889911 6.068428 2
8.876207 5.943291 1
9.011252 6.006241 1
9.449766 6.670732 1
9.491693 6.805404 1
9.328373 6.770059 2
8.370704 5.826476 1
8.212707 5.784408 2
8.353352 5.703722 1
9.655478 5.224209 1
9.658634 5.078186 1
9.803578 5.156919 1
9.763619 4.995296 1
9.516789 5.717927 1
9.396482 5.642149 1
9.580210 5.622232 1
9.512300 5.505040 1
9.573372 6.456118 1
9.144129 4.504739 1
9.057297 4.639683 1
8.979750 4.530584 1
9.565700 4.992430 1
9.475797 6.554090 1
9.598319 6.671058 1
10.000000 6.805555 0
9.831214 6.780807 1
9.877488 6.669086 1
8.508942 5.730789 1
8.491449 5.882424 1
9.510895 6.232086 1
9.597271 6.130297 1
9.711719 6.175150 1
8.883080 4.651967 1
9.758457 7.177536 1
9.807975 7.302424 1
9.676048 7.282984 1
8.224382 5.129714 1
8.161983 4.972324 2
8.308622 5.038104 1
9.026536 5.614038 1
9.006129 5.434222 1
9.121614 5.499931 1
9.642888 7.392735 1
9.560238 7.471699 2
9.530840 7.331017 2
8.116965 5.102116 1
9.656452 4.903107 1
9.365487 4.864355 1
9.463585 4.799226 1
9.389372 6.885819 1
9.633027 6.555438 1
8.893339 5.523998 1
9.389235 6.324122 1
9.279037 6.403996 1
9.273932 6.211929 1
9.151763 6.320628 1
9.545782 4.888039 1
8.982921 4.773951 1
9.875747 7.204134 1
8.480675 5.451016 1
8.248270 5.643020 1
9.789417 5.397940 1
9.743815 5.500126 1
9.629246 5.391258 1
9.239473 5.574383 1
9.357913 5.466718 1
9.166834 6.086993 1
9.019207 6.168121 2
10.000000 7.638889 0
10.000000 7.777778 0
9.844862 7.724136 2
9.185892 4.630215 1
9.905751 7.569445 1
9.261940 4.191768 1
9.137074 4.064754 2
9.294507 4.016786 2
9.013980 4.902018 1
8.157369 5.343278 1
9.164279 4.330723 1
9.119013 4.198482 1
9.740313 5.638144 1
9.818915 5.770711 1
9.723989 5.769244 1
8.470879 5.998748 1
8.440294 6.124748 2
8.331203 6.030407 2
9.201405 4.935510 1
8.799455 6.008124 1
9.010417 4.264057 1
9.024271 4.401928 1
10.000000 6.666667 0
8.608825 5.841091 1
8.750695 5.904475 1
8.598965 5.957848 1
9.878208 5.660171 1
9.405770 5.171740 1
8.746495 5.791094 1
9.843989 4.287328 2
9.836925 4.437894 1
9.314569 4.342330 1
9.643438 5.532288 1
8.751380 4.564247 2
8.791797 4.408943 2
8.861794 4.526571 1
8.791578 4.266639 2
8.901535 4.154629 2
8.902892 4.323374 1
8.648005 5.639409 1
8.803871 5.700864 1
8.645694 5.751071 1
9.268643 4.448486 1
9.643176 6.816199 1
9.038133 5.778345 1
8.926873 5.746908 1
9.276552 6.921955 2
9.407954 6.992599 1
9.443776 5.274645 1
9.352675 5.348751 1
9.293259 5.209572 1
8.960310 5.866012 1
9.569804 4.571433 1
9.660564 4.490055 1
9.656548 4.656291 1
9.775171 4.579339 1
9.599318 7.152754 1
9.477521 4.131865 2
9.035880 6.385995 2
9.749074 5.293266 1
8.573090 6.070598 2
8.410294 5.534955 1
9.507947 6.351065 1
9.136582 5.963425 1
9.259523 5.967681 1
9.387253 6.096727 1
9.282792 6.069672 1
10.000000 5.416667 0
10.000000 5.555555 0
9.862366 5.518735 1
9.370858 4.135249 1
9.017595 5.197884 1
8.943007 5.300575 1
9.305101 5.776990 1
9.427407 5.788477 1
9.403490 6.204954 1
10.000000 7.361111 0
9.884402 7.430390 1
9.916790 7.300453 1
9.893568 5.066491 1
8.699404 6.020217 1
9.143147 5.736123 1
9.791536 7.574777 1
9.752471 7.414346 1
9.680796 7.517345 1
8.444735 5.075212 1
8.351130 5.181495 1
9.184378 5.857446 1
10.000000 6.111111 0
10.000000 6.250000 0
9.862522 6.180937 1
9.060925 5.898763 1
8.893772 5.636862 1
10.000000 7.500000 0
9.238060 5.686774 1
8.795938 5.589827 1
8.834460 5.291018 1
9.886647 6.882835 1
9.153767 5.622250 1
9.336540 5.877294 1
10.000000 5.972222 0
9.890016 6.067082 1
9.884097 5.897996 1
10.000000 7.083333 0
9.858798 7.079720 1
9.697448 7.657166 3
8.494654 4.948745 1
10.000000 7.222222 0
9.476225 5.378482 1
8.877501 5.404268 1
8.761273 5.468201 1
9.894346 5.389453 1
9.240016 5.359257 1
9.408763 4.670970 1
9.303288 4.563451 1
9.457863 4.560836 1
9.392477 4.455444 1
9.557239 5.283425 1
8.297964 5.907558 2
9.624385 7.011266 1
9.720688 7.050440 1
8.764432 4.697741 1
8.626511 5.438052 1
8.739789 5.350778 1
8.133616 5.564425 2
8.053024 5.415451 2
9.647109 5.717340 1
9.346112 6.510459 1
9.334600 6.631521 1
9.124958 4.842820 1
8.711639 4.780706 1
9.218525 5.468232 1
8.912887 4.440127 1
9.009155 4.033360 2
9.035439 4.143056 1
8.688021 5.006658 1
8.014758 5.026240 2
8.282659 4.921088 1
10.000000 4.444445 0
9.895347 4.543991 1
10.000000 5.694445 0
8.737043 5.234947 1
9.786703 5.994103 1
8.547714 5.569932 1
9.161214 5.261732 1
9.048803 5.312334 1
8.675888 5.541084 1
9.428583 6.433308 1
9.197598 3.915571 3
8.086248 5.279668 1
7.976167 5.274621 3
9.476728 6.925831 1
9.764725 6.604926 1
9.719796 6.723753 1
8.648938 4.663811 2
9.289888 4.673587 1
9.775592 6.264836 1
9.515800 4.473945 1
10.000000 4.861111 0
10.000000 5.000000 0
9.878259 4.909756 1
10.000000 4.583333 0
10.000000 4.722222 0
9.880175 4.672441 1
8.391885 5.929610 1
9.114153 4.730761 1
9.139549 6.204449 1
9.797285 6.954320 1
9.755142 6.843324 1
9.918821 4.368527 1
9.861631 5.285372 1
10.000000 5.138889 0
9.914859 5.194705 1
9.885636 6.303110 1
9.854586 6.498920 1
10.000000 6.527778 0
9.898450 6.405153 1
8.469175 4.823543 1
8.508940 4.682758 2
8.601311 4.799692 1
9.544719 5.824807 1
9.655012 5.846220 1
8.230309 4.827884 2
10.000000 6.388889 0
9.334420 4.761513 1
9.789057 6.096117 1
9.383889 4.243562 1
8.948379 6.302454 2
9.058955 6.276330 1
9.734552 4.243294 2
9.444994 4.357610 1
10.000000 5.277778 0
9.531137 4.677654 1
9.915918 6.578643 1
8.589025 4.907459 1
10.000000 5.833333 0
8.350130 4.829906 2
8.397052 4.694332 2
9.217078 4.741789 1
9.261843 4.849654 1
9.397194 4.033442 2
8.388100 4.946356 1
8.339474 5.584421 1
8.255172 5.537175 1
9.602942 4.783470 1
9.717548 4.796529 1
9.763075 4.695080 1
8.022291 5.169083 2
8.154737 5.215671 1
9.524220 7.030573 1
10.000000 4.305555 0
10.000000 6.944445 0
8.151960 5.664776 2
9.816274 4.791667 1
9.921261 4.791667 1
9.906357 6.987324 1
9.132717 5.389285 1
9.577426 6.911754 1
9.600762 7.588399 2
9.924757 5.763889 1
9.310996 4.960452 1
9.367978 5.986574 1
9.763405 4.883244 1
9.758597 5.873807 1
8.438113 5.630522 1
8.668210 6.148387 2
8.781055 6.104211 2
8.845331 5.824608 1
9.495859 6.116432 1
9.674578 5.954826 1
9.565812 5.926412 1
9.458397 5.899045 1
9.592882 6.025506 1
9.483365 6.009024 1
9.685886 6.927042 1
9.694324 6.063309 1
 0 1 2
 2 1 3
 4 5 6
 7 8 9
 10 11 12
 13 14 15
 16 17 18
 19 4 6
 20 0 21
 22 11 10
 23 24 25
 26 27 28
 12 23 25
 29 30 31
 32 31 30
 33 15 14
 34 35 36
 37 38 39
 40 41 42
 43 44 45
 46 47 48
 49 48 47
 50 51 52
 53 52 51
 54 36 35
 55 56 57
 58 18 17
 40 59 60
 61 62 63
 64 65 43
 66 67 36
 67 68 36
 69 57 56
 70 71 72
 73 74 75
 76 77 78
 79 80 81
 0 2 21
 64 43 45
 73 82 74
 58 83 47
 84 85 17
 42 41 86
 60 59 87
 76 88 77
 89 90 91
 92 91 90
 85 93 17
 69 56 94
 70 95 71
 33 96 15
 97 45 44
 98 99 100
 101 102 51
 53 51 102
 33 25 24
 49 47 83
 103 104 39
 105 106 107
 55 108 56
 105 107 109
 110 111 112
 113 21 2
 13 114 14
 110 115 116
 117 118 119
 120 121 122
 123 28 27
 110 116 111
 20 11 0
 37 124 38
 125 115 126
 55 126 115
 127 61 63
 128 129 130
 117 131 118
 16 18 132
 133 129 128
 32 134 135
 110 136 115
 100 99 137
 138 139 140
 141 142 143
 26 21 27
 144 145 146
 55 115 147
 40 60 41
 148 41 60
 76 149 150
 151 86 152
 153 154 155
 151 152 8
 38 156 39
 157 158 159
 160 159 158
 81 7 161
 69 94 3
 79 81 72
 29 162 30
 92 19 163
 46 48 164
 9 161 7
 120 165 121
 98 100 164
 46 164 100
 166 15 96
 89 66 167
 103 168 169
 58 47 18
 170 91 171
 172 173 174
 110 112 175
 20 176 177
 178 51 179
 170 180 91
 103 169 171
 133 146 145
 32 135 158
 160 158 135
 181 182 183
 49 184 48
 33 24 96
 185 130 129
 76 186 149
 187 188 182
 187 189 188
 190 25 191
 190 22 10
 178 192 186
 187 109 107
 193 194 195
 196 39 156
 64 128 65
 76 150 197
 153 155 132
 181 198 182
 178 199 51
 89 180 66
 53 100 137
 200 145 144
 115 136 147
 20 177 201
 61 202 62
 101 203 78
 92 90 19
 178 204 192
 205 206 207
 208 95 209
 187 107 210
 190 211 22
 55 57 126
 208 212 95
 125 143 142
 53 213 100
 190 191 75
 214 88 215
 76 78 203
 103 39 168
 169 192 204
 37 39 104
 172 174 216
 173 131 174
 200 215 88
 217 155 154
 33 191 25
 71 188 72
 117 52 137
 218 219 220
 221 220 219
 46 100 222
 43 223 44
 224 225 161
 69 3 226
 227 23 228
 64 146 128
 13 229 230
 117 231 52
 186 192 149
 196 149 192
 50 179 51
 232 59 233
 40 233 59
 113 94 234
 133 128 146
 70 161 225
 1 235 3
 190 10 25
 153 18 222
 46 222 18
 178 186 199
 76 203 186
 227 24 23
 71 183 182
 101 78 236
 237 140 139
 125 116 115
 238 111 239
 1 0 240
 221 219 147
 241 74 82
 46 18 47
 242 75 74
 101 51 199
 26 28 155
 16 155 28
 243 244 135
 173 245 131
 3 94 2
 20 246 11
 214 228 201
 55 219 108
 113 2 94
 19 90 4
 232 4 90
 247 207 206
 40 42 233
 5 233 42
 53 102 213
 79 72 188
 64 248 144
 117 119 231
 26 249 176
 250 176 249
 32 158 31
 69 140 57
 144 248 251
 251 248 227
 22 240 11
 54 252 167
 214 215 228
 54 59 252
 253 112 111
 254 230 255
 256 86 41
 33 14 191
 66 36 167
 257 63 258
 62 258 63
 125 126 143
 237 143 126
 64 144 146
 227 228 215
 259 138 226
 69 226 138
 103 171 91
 81 161 72
 16 132 155
 218 260 219
 12 25 10
 34 36 261
 26 155 249
 217 249 155
 31 158 262
 101 236 102
 217 102 236
 151 42 86
 263 264 265
 266 267 268
 54 87 59
 120 122 269
 160 135 244
 257 60 87
 55 147 219
 94 270 234
 89 91 180
 58 17 93
 68 261 36
 20 21 176
 26 176 21
 20 201 246
 73 75 191
 103 91 271
 92 271 91
 272 273 202
 243 135 274
 48 275 164
 153 132 18
 200 144 251
 221 147 136
 257 258 60
 148 60 258
 217 154 102
 227 96 24
 276 277 184
 194 278 195
 257 35 279
 34 279 35
 280 279 281
 282 283 284
 259 284 283
 157 262 158
 0 11 240
 50 231 285
 286 285 231
 242 74 287
 70 209 95
 89 252 90
 232 90 252
 288 280 281
 54 167 36
 62 202 273
 218 85 289
 84 289 85
 193 195 206
 264 276 184
 68 195 261
 68 290 195
 103 271 104
 29 291 162
 292 104 293
 243 266 244
 32 294 134
 117 174 131
 262 221 295
 70 72 161
 73 191 14
 162 291 175
 296 172 216
 296 216 275
 31 262 295
 157 297 220
 49 265 184
 257 279 298
 169 168 192
 194 288 278
 22 299 240
 48 184 277
 300 205 207
 282 301 302
 303 304 234
 123 234 304
 111 116 239
 205 193 206
 305 175 112
 196 168 39
 237 126 57
 264 184 265
 256 152 86
 282 211 306
 166 307 15
 15 307 308
 113 27 21
 29 31 295
 9 8 152
 309 159 310
 159 311 310
 12 11 246
 120 65 130
 218 220 297
 254 312 313
 56 270 94
 282 306 301
 266 268 244
 128 130 65
 224 161 314
 259 235 284
 282 302 283
 282 284 299
 312 82 313
 102 154 213
 135 134 274
 315 274 134
 160 244 268
 257 298 63
 257 87 35
 221 136 295
 153 222 213
 100 213 222
 98 216 174
 110 291 136
 61 316 202
 32 30 294
 282 299 211
 187 182 109
 198 109 182
 73 14 313
 69 138 140
 153 213 154
 97 44 317
 318 319 265
 263 265 319
 1 240 299
 123 27 234
 113 234 27
 70 225 209
 272 209 225
 250 177 176
 267 319 268
 318 268 319
 208 209 320
 228 23 246
 259 226 235
 250 321 77
 78 77 321
 256 322 314
 316 208 320
 214 77 88
 323 80 189
 148 322 41
 256 41 322
 125 142 239
 22 211 299
 9 314 161
 12 246 23
 227 248 96
 118 324 207
 300 207 324
 76 197 88
 34 281 279
 71 182 188
 157 159 297
 323 189 210
 187 210 189
 79 189 80
 280 298 279
 237 57 140
 198 105 109
 218 289 260
 53 137 52
 318 311 268
 160 268 311
 228 246 201
 141 143 139
 237 139 143
 123 325 28
 16 28 325
 97 229 308
 13 308 229
 170 171 326
 224 314 322
 238 239 142
 318 265 327
 49 327 265
 117 99 174
 3 235 226
 98 174 99
 50 52 231
 247 328 207
 118 207 328
 196 192 168
 309 85 297
 272 320 209
 64 329 248
 288 281 278
 185 330 165
 169 326 171
 37 331 124
 98 164 275
 280 127 298
 218 297 85
 315 243 274
 276 296 277
 150 332 145
 56 108 270
 303 270 108
 296 275 277
 125 239 116
 98 275 216
 254 114 230
 13 230 114
 200 88 197
 309 297 159
 232 252 59
 79 188 189
 212 181 183
 267 263 319
 117 137 99
 89 167 252
 195 278 261
 34 261 278
 166 96 248
 245 300 324
 292 293 163
 92 163 293
 48 277 275
 303 289 304
 84 304 289
 66 180 333
 170 333 180
 303 234 270
 214 201 177
 1 284 235
 120 130 165
 254 313 114
 14 114 313
 286 334 335
 1 299 284
 50 285 179
 336 179 285
 337 333 338
 286 231 119
 97 317 229
 309 310 83
 160 311 159
 185 331 330
 190 306 211
 84 325 304
 123 304 325
 185 165 130
 224 339 225
 272 225 339
 254 255 312
 166 248 329
 337 67 333
 241 82 312
 309 93 85
 242 306 75
 190 75 306
 118 131 324
 245 324 131
 54 35 87
 250 77 177
 214 177 77
 150 145 197
 34 278 281
 272 339 273
 84 17 325
 16 325 17
 337 340 67
 68 67 340
 64 45 329
 97 307 45
 256 314 152
 49 83 327
 133 145 332
 247 334 328
 309 83 93
 78 321 236
 217 236 321
 127 63 298
 5 4 233
 232 233 4
 58 93 83
 247 340 334
 104 271 293
 92 293 271
 200 251 215
 303 108 260
 219 260 108
 227 215 251
 272 202 320
 242 301 306
 68 340 290
 212 183 95
 242 287 301
 337 335 334
 250 249 321
 217 321 249
 305 162 175
 101 199 203
 186 203 199
 120 269 65
 43 65 269
 286 328 334
 71 95 183
 286 335 285
 13 15 308
 178 179 204
 224 322 339
 316 320 202
 336 204 179
 83 310 327
 148 258 273
 62 273 258
 148 339 322
 133 332 129
 38 129 332
 136 291 295
 337 334 340
 110 175 291
 122 223 269
 170 326 338
 196 156 149
 150 149 156
 336 335 338
 337 338 335
 286 119 328
 118 328 119
 336 338 326
 200 197 145
 303 260 289
 247 206 290
 318 310 311
 9 152 314
 29 295 291
 195 290 206
 336 326 204
 247 290 340
 170 338 333
 221 262 220
 157 220 262
 169 204 326
 97 308 307
 185 124 331
 150 156 332
 38 332 156
 336 285 335
 73 313 82
 185 129 124
 38 124 129
 66 333 67
 148 273 339
 318 327 310
 43 269 223
 45 307 329
 166 329 307
 0
 0
 0
 0
 0
 0
 0
 0
 0
 0
 0
 0
 0
 0
 16
 253 241 259 238 141 111 138 142 74 283 312 139 301 255 302 287
 7
 253 305 134 30 162 112 294
 2
 107 210
 0
 26
 5 37 151 292 323 81 19 42 122 104 121 8 44 6 230 229 165 163 210 80 331 255 7 330 223 317
 0
 0
 0
