353 622
2.266543 4.837543 1
2.354569 4.780239 1
2.362011 4.940258 1
2.475768 4.831185 1
0.863356 3.491082 2
1.054199 3.509120 2
0.929897 3.592054 1
0.316807 3.985194 1
0.296819 4.080687 1
0.191424 3.991625 1
0.208946 4.153841 1
1.976770 3.446197 2
2.145648 3.373467 2
2.119670 3.493098 1
1.336604 3.931155 1
1.411892 4.023517 1
1.257768 4.007148 1
1.318588 4.106539 1
2.628444 4.929286 1
2.494393 5.003564 2
2.746652 3.966335 1
2.786584 3.867271 1
2.905543 3.942552 1
1.541535 4.288084 1
1.435274 4.418665 1
1.363267 4.263799 1
0.260440 3.850509 1
2.578471 3.951762 1
2.670653 4.094378 1
1.845991 4.317462 1
1.710832 4.271868 1
1.848897 4.146701 1
1.823967 3.799310 1
1.844278 3.966350 1
1.713768 3.849500 1
1.678203 3.965249 1
1.046198 4.122622 1
1.052132 4.303879 1
0.954772 4.204939 1
2.848079 5.061532 3
2.716476 5.031258 1
2.764699 4.932348 1
2.741634 3.009562 1
2.625647 3.073562 2
2.667062 2.893990 2
2.881194 4.935314 2
0.000000 3.611111 0
0.000000 3.472222 0
0.145812 3.516792 2
1.157460 4.226938 1
2.461796 4.161706 1
2.524874 4.329898 1
2.368239 4.274683 1
2.802897 4.053679 1
0.107255 3.641623 1
2.913982 3.504823 1
3.083112 3.536109 1
2.906021 3.610849 1
2.991431 3.677116 1
2.770490 3.248269 1
2.891829 3.294670 2
2.759542 3.399570 1
1.972178 4.097893 1
1.857689 3.579554 1
2.015769 3.551778 1
2.186648 3.695920 1
2.264641 3.792607 1
2.162940 3.843647 1
0.987016 3.751022 1
1.114635 3.829833 1
0.950544 3.894858 1
0.434300 4.992430 1
0.559542 4.962142 2
0.478251 5.133544 2
1.948714 4.534981 1
1.952836 4.392175 1
2.077769 4.478052 1
2.081096 3.728491 1
2.677975 4.403424 1
2.632258 4.578031 1
2.560628 4.436356 1
1.287651 4.420591 1
0.725570 4.565895 1
0.832983 4.618250 1
0.676561 4.652657 1
0.782922 4.741789 2
1.545395 3.612684 1
1.708498 3.610493 2
1.647203 3.724900 1
2.748864 4.504391 1
2.868498 3.815696 1
2.218435 4.216924 1
2.195001 4.360684 1
2.319805 4.424444 1
1.091373 3.977587 1
2.288267 3.928280 1
2.194062 4.086891 1
2.123543 3.972538 1
2.162099 4.878536 1
2.217421 4.707479 1
2.000322 3.658331 1
0.568905 4.559208 1
0.682309 4.460582 1
1.708725 4.146117 1
2.076948 4.795655 1
2.681637 4.256405 1
0.341365 5.078186 2
0.343548 4.903107 1
2.328976 4.094757 1
0.717624 3.718441 1
0.684755 3.851752 1
0.575425 3.706501 1
0.543499 3.861286 1
2.362937 3.794144 1
2.445605 3.866630 1
2.582572 4.189142 1
1.373677 4.553658 2
0.533296 4.801731 2
0.453549 4.888576 1
2.438004 4.007002 1
0.117865 3.862267 1
3.158106 4.022573 1
3.266143 3.958967 2
3.291701 4.098896 2
0.576647 4.440132 1
0.439510 4.421194 1
0.420596 4.557470 1
2.658534 3.302438 1
1.130480 3.678314 1
2.054163 4.363466 1
2.211415 4.472812 1
0.802402 3.915571 1
0.782489 4.064852 1
0.647741 3.997498 1
2.896825 4.090075 1
1.246724 4.592386 2
2.559604 4.702583 1
2.620094 4.801671 1
0.236381 4.995296 2
1.981885 4.254064 1
2.723489 4.742270 1
0.404852 3.911410 1
2.369568 5.111186 2
2.282167 5.236704 2
2.249674 5.133719 1
0.682058 4.177941 1
0.552354 4.113791 1
3.114750 3.650118 1
1.264962 3.777778 1
0.531076 3.469311 1
0.501801 3.344194 2
0.664800 3.365109 2
0.648033 3.496348 1
2.609238 3.517793 1
2.523007 3.648184 1
2.486100 3.502004 1
2.056813 4.649498 1
0.101495 4.079753 1
1.153041 4.501813 1
1.165372 4.363902 1
3.204232 3.703293 2
3.226218 3.840267 2
3.088363 3.763826 1
1.557101 4.441323 1
2.614580 5.068915 2
0.404601 3.755174 1
0.455974 3.598279 1
0.303318 3.536052 2
0.405477 3.463461 2
0.298179 4.346334 1
0.163075 4.437894 1
0.155146 4.289350 1
3.134465 3.448697 2
3.206612 3.570246 3
0.938187 4.303159 1
0.983424 4.420954 1
1.538939 3.726226 1
0.340842 3.651117 1
3.158952 4.149160 2
1.997262 3.961263 1
0.512555 3.990443 1
1.106335 4.660254 2
0.961264 4.723523 2
0.967973 4.616813 1
2.170873 4.567527 1
0.345145 4.655893 1
0.317155 4.493004 1
0.224829 4.579339 1
1.456560 4.158369 1
1.666563 4.399127 1
2.675906 3.858227 1
2.293629 4.533353 1
2.364146 4.641335 1
2.940133 4.188791 1
2.794811 4.175054 1
2.859029 4.264322 1
2.556775 3.810593 1
3.130578 3.901307 1
1.592145 4.171113 1
1.852256 4.457335 1
3.026370 3.348619 2
3.004563 3.449836 1
2.875806 3.413953 1
2.042769 3.837402 1
2.653286 3.746954 1
2.535318 3.365102 2
0.838054 3.780471 1
2.772818 3.517823 1
2.540742 4.074995 1
1.935556 3.863652 1
1.225959 3.886014 1
1.757389 4.056217 1
2.969521 4.300983 2
2.823711 4.393661 2
2.964751 3.791596 1
0.736492 3.530544 1
0.746491 3.433412 2
0.273826 3.722991 1
1.824021 3.453087 2
2.468989 4.628735 1
2.523161 4.529856 1
3.033436 3.865733 1
1.949055 4.990519 2
2.078709 4.956062 1
2.046958 5.102517 2
0.877540 4.413786 1
1.583376 3.502321 2
2.313524 3.484680 1
2.376864 3.565907 1
2.233952 3.561823 1
2.118942 4.284904 1
2.442650 4.721149 1
1.258429 3.661305 1
1.407226 3.692912 1
2.267133 3.651647 1
1.963672 4.855675 2
2.093771 4.187382 1
2.798532 3.650784 1
0.805133 4.493316 1
1.252662 4.198272 1
2.161426 5.086014 1
2.191758 4.977833 1
3.026547 4.078624 1
2.451574 3.748473 1
2.818202 2.930408 3
2.571431 3.205691 2
1.738686 4.527773 1
1.624204 4.521267 1
1.017475 3.636533 1
1.374240 3.826074 1
2.776603 4.618862 2
2.085275 4.074595 1
2.677222 3.628210 1
0.148263 3.745319 1
0.833898 4.203212 1
0.903448 4.091822 1
1.316966 3.563776 2
2.398672 3.432443 2
0.000000 4.444445 0
0.104653 4.543991 1
2.264250 4.935091 1
0.000000 3.750000 0
1.079771 4.434591 1
1.190860 3.579062 2
1.885537 3.695536 1
1.511669 4.565185 2
2.440646 4.411197 1
2.717163 4.844965 1
1.180613 4.103860 1
0.672693 3.611420 1
1.768899 4.404296 1
1.243384 4.290224 1
2.739348 5.145971 2
0.000000 4.305555 0
0.107323 4.186213 1
0.000000 3.888889 0
2.364691 3.674391 1
0.214986 3.612837 1
2.768164 4.308964 1
1.032397 4.539159 1
0.000000 5.000000 0
0.000000 4.861111 0
0.121741 4.909756 1
2.667090 3.420545 1
0.920518 4.531152 1
0.000000 4.722222 0
0.000000 4.583333 0
0.119825 4.672441 1
0.414330 4.068227 1
2.862094 4.510117 2
2.765425 3.758421 1
2.754933 3.122748 1
0.808822 3.631481 1
0.081024 4.368888 1
1.774530 3.699827 1
2.676207 3.190542 1
0.000000 4.166667 0
1.438288 3.555330 2
1.494057 3.828117 1
1.519705 4.078920 1
1.541506 3.965039 1
3.050842 3.962158 1
2.274977 5.033824 1
0.569405 4.688503 1
0.657364 4.762203 2
3.062189 4.222247 2
0.646802 4.323534 1
0.770799 4.381408 1
0.000000 5.138889 0
0.106432 5.066491 2
0.571542 3.574226 1
0.253715 4.248518 1
1.431660 3.914780 1
1.755826 4.672694 2
1.634479 4.644356 2
0.457483 4.687528 1
2.111428 3.605422 1
0.898227 3.693818 1
2.142704 5.215140 3
0.000000 4.027778 0
0.967439 4.006477 1
0.876311 3.995480 1
1.632625 4.071932 1
1.980952 4.739970 1
1.866666 4.740505 2
1.847712 4.590309 1
0.397058 4.783470 1
0.282452 4.796529 1
2.849089 4.819247 2
0.239060 4.693612 1
1.602232 3.849742 1
2.857611 3.172049 2
2.401201 4.527609 1
0.403314 4.311971 1
0.489652 4.263585 1
0.537349 4.347873 1
1.961541 3.763787 1
0.352589 4.204545 1
1.940171 4.651053 1
0.078739 4.791667 1
0.183726 4.791667 1
0.460118 4.163203 1
0.749340 4.281882 1
2.872922 3.056670 2
2.839083 4.711417 2
0.581823 4.228570 1
0.833953 4.316689 1
1.769243 3.527869 2
0.236595 4.883244 1
2.284962 3.372878 2
2.219551 3.457190 1
0.076489 3.962608 1
2.883663 3.715283 1
 0 1 2
 1 3 2
 4 5 6
 7 8 9
 9 8 10
 11 12 13
 14 15 16
 16 15 17
 3 18 19
 20 21 22
 23 24 25
 26 7 9
 27 20 28
 29 30 31
 32 33 34
 35 34 33
 36 37 38
 3 19 2
 39 40 41
 42 43 44
 39 41 45
 46 47 48
 49 37 36
 50 51 52
 20 22 53
 46 48 54
 55 56 57
 58 57 56
 59 60 61
 62 31 33
 63 11 64
 65 66 67
 68 69 70
 71 72 73
 74 75 76
 65 67 77
 78 79 80
 81 25 24
 82 83 84
 84 83 85
 86 87 88
 89 79 78
 90 22 21
 91 52 92
 93 92 52
 94 70 69
 95 96 97
 0 98 99
 63 64 100
 82 101 102
 103 31 30
 99 98 104
 105 78 51
 71 106 107
 91 108 52
 50 52 108
 109 110 111
 112 111 110
 95 113 114
 50 115 51
 105 51 115
 81 24 116
 117 72 118
 95 114 119
 27 119 114
 26 9 120
 121 122 123
 124 101 125
 126 125 101
 59 61 127
 68 128 69
 129 92 76
 92 130 76
 131 132 133
 50 108 119
 134 53 22
 81 116 135
 3 136 137
 138 107 106
 29 31 139
 140 136 79
 26 141 7
 3 137 18
 142 143 144
 131 133 110
 112 110 133
 145 146 133
 58 56 147
 148 69 128
 149 150 151
 152 149 151
 153 154 155
 104 156 99
 10 157 9
 81 158 159
 82 84 101
 160 161 162
 124 102 101
 95 66 113
 23 163 24
 164 18 40
 41 40 18
 112 141 165
 81 135 158
 166 167 168
 145 133 132
 169 170 171
 56 172 173
 174 37 175
 86 88 176
 26 165 141
 56 173 147
 166 177 167
 121 123 178
 62 33 179
 95 108 96
 112 133 180
 181 182 183
 95 97 67
 184 99 156
 126 185 186
 187 186 185
 23 25 188
 23 30 189
 27 190 20
 184 191 99
 192 99 191
 193 194 134
 195 194 193
 23 189 163
 27 114 196
 166 111 165
 112 165 111
 161 197 162
 23 198 30
 74 199 75
 129 76 75
 200 201 202
 85 83 182
 203 97 179
 204 196 154
 200 202 60
 71 73 106
 153 155 205
 109 206 110
 131 110 206
 55 57 207
 50 119 208
 187 170 186
 169 186 170
 32 209 33
 94 69 210
 23 188 198
 35 33 211
 195 212 213
 94 210 16
 90 214 22
 215 152 216
 26 217 165
 160 147 173
 203 67 97
 63 218 11
 219 220 79
 136 219 79
 220 80 79
 221 22 214
 13 64 11
 142 2 19
 222 223 224
 174 175 225
 86 226 87
 227 228 229
 55 201 56
 129 139 230
 55 207 202
 89 78 213
 3 231 136
 148 232 233
 121 197 122
 228 234 229
 222 235 223
 165 217 177
 139 236 230
 237 207 57
 164 19 18
 104 223 235
 82 238 83
 152 151 216
 33 31 211
 17 25 239
 240 223 241
 224 223 240
 134 22 242
 154 196 243
 161 122 197
 42 44 244
 245 127 205
 246 247 189
 5 248 6
 140 137 136
 14 210 249
 62 139 31
 95 119 108
 140 79 250
 62 179 251
 153 252 154
 204 154 252
 62 236 139
 26 120 253
 145 132 254
 255 254 132
 256 233 232
 174 38 37
 221 162 197
 205 155 257
 154 228 155
 258 170 259
 0 2 260
 68 70 206
 131 206 70
 148 249 210
 95 67 66
 261 253 120
 97 251 179
 262 175 37
 68 248 128
 263 128 5
 128 248 5
 148 128 232
 63 100 264
 265 116 24
 51 266 52
 41 18 267
 112 180 141
 94 16 268
 215 269 152
 246 189 270
 148 233 249
 81 271 25
 17 188 25
 184 156 76
 74 76 156
 39 272 40
 105 28 194
 94 268 36
 273 274 171
 265 24 163
 275 261 120
 276 228 154
 103 30 198
 277 54 48
 277 48 167
 78 278 213
 61 202 207
 181 183 279
 280 281 282
 153 205 283
 284 83 238
 285 286 287
 187 259 170
 288 7 141
 71 118 72
 166 165 177
 89 289 250
 237 290 252
 42 291 43
 109 292 206
 258 293 170
 17 268 16
 288 141 180
 88 294 34
 91 236 96
 262 159 158
 43 291 295
 91 96 108
 273 296 274
 86 233 297
 256 297 233
 86 176 233
 298 233 176
 298 249 233
 204 252 290
 20 53 28
 27 28 208
 105 115 28
 276 154 243
 261 54 253
 32 34 294
 299 15 300
 126 186 125
 169 125 186
 299 198 188
 22 301 242
 142 302 2
 303 304 117
 181 158 135
 203 77 67
 305 242 178
 121 178 242
 124 306 102
 307 102 306
 308 280 309
 166 149 310
 86 297 226
 169 171 311
 25 271 239
 286 258 259
 109 111 269
 104 98 223
 133 146 180
 288 180 146
 303 101 84
 261 46 54
 166 168 149
 65 234 66
 276 66 234
 14 16 210
 276 113 66
 300 15 312
 246 313 314
 126 101 315
 138 309 282
 100 316 77
 206 292 317
 318 224 240
 129 75 139
 29 139 75
 296 319 157
 93 52 266
 105 278 78
 94 36 320
 255 320 36
 33 209 179
 27 208 119
 131 321 132
 63 294 87
 35 322 300
 299 300 322
 280 282 309
 204 290 190
 104 235 323
 215 4 292
 6 292 4
 324 313 325
 148 210 69
 324 323 235
 326 327 185
 41 267 328
 140 328 267
 0 99 1
 192 1 99
 189 247 163
 185 327 329
 61 207 283
 153 283 207
 303 315 101
 88 330 176
 103 211 31
 59 331 60
 265 247 314
 174 254 38
 255 38 254
 192 332 219
 286 259 287
 333 334 335
 125 333 335
 152 310 149
 61 60 202
 32 264 336
 49 36 268
 131 70 321
 10 171 274
 32 336 209
 170 293 171
 273 171 293
 187 287 259
 10 311 171
 246 314 247
 200 172 201
 276 234 228
 105 194 278
 169 337 333
 55 202 201
 169 311 337
 195 278 194
 93 130 92
 298 176 330
 190 290 21
 124 125 335
 41 328 45
 324 325 338
 17 239 268
 88 87 294
 245 295 127
 318 144 143
 192 191 332
 169 333 125
 220 266 80
 91 92 230
 281 339 282
 340 282 339
 91 230 236
 150 149 168
 285 287 339
 340 339 287
 65 77 316
 184 76 130
 277 167 177
 27 196 190
 334 337 341
 288 341 337
 220 332 266
 334 333 337
 10 337 311
 134 242 193
 305 193 242
 10 8 337
 288 337 8
 237 252 207
 277 253 54
 74 325 199
 246 199 325
 104 323 156
 94 320 70
 145 342 306
 142 144 302
 42 244 343
 51 78 80
 277 217 253
 26 253 217
 166 310 111
 145 254 342
 246 270 199
 318 240 144
 121 242 301
 49 271 159
 140 344 328
 215 292 269
 109 269 292
 68 317 248
 89 250 79
 100 64 316
 74 156 338
 35 300 330
 145 345 146
 221 301 22
 307 306 342
 63 264 294
 145 306 345
 124 335 306
 155 228 257
 227 257 228
 126 315 185
 255 36 38
 241 223 98
 29 75 199
 236 251 96
 62 251 236
 146 345 341
 174 346 254
 129 230 92
 63 87 347
 296 157 274
 6 248 317
 85 304 84
 28 53 194
 153 207 252
 288 146 341
 187 329 287
 340 287 329
 334 341 345
 138 282 348
 340 348 282
 49 159 37
 203 179 209
 343 331 291
 241 302 240
 144 240 302
 326 315 117
 35 211 322
 103 322 211
 220 219 332
 215 216 4
 255 132 321
 114 243 196
 181 279 158
 93 191 130
 303 117 315
 59 127 295
 89 213 289
 35 330 34
 258 273 293
 256 232 263
 204 190 196
 349 350 12
 245 43 295
 42 343 291
 326 185 315
 68 206 317
 305 212 193
 164 40 272
 281 285 339
 265 163 247
 298 330 300
 284 238 225
 307 225 238
 319 275 351
 50 208 115
 28 115 208
 93 332 191
 189 30 270
 29 270 30
 59 295 291
 18 137 267
 195 213 278
 81 159 271
 246 325 313
 29 199 270
 88 34 330
 326 107 327
 205 127 283
 61 283 127
 262 158 279
 306 335 345
 334 345 335
 187 185 329
 288 8 7
 299 188 15
 17 15 188
 111 310 269
 70 320 321
 9 157 351
 319 351 157
 326 117 118
 227 349 257
 237 352 290
 90 290 352
 97 96 251
 277 177 217
 241 98 260
 195 193 212
 103 198 322
 298 300 312
 156 323 338
 138 348 107
 134 194 53
 10 274 157
 326 118 107
 262 279 175
 284 175 279
 59 291 331
 14 312 15
 71 107 118
 63 347 218
 299 322 198
 32 294 264
 82 102 238
 307 238 102
 262 37 159
 184 130 191
 284 279 183
 20 190 21
 6 317 292
 152 269 310
 174 225 346
 307 346 225
 56 201 172
 14 249 312
 298 312 249
 0 260 98
 284 225 175
 51 80 266
 128 263 232
 49 268 239
 324 338 323
 136 231 219
 192 231 1
 284 183 83
 107 348 327
 49 239 271
 182 83 183
 192 219 231
 13 350 229
 227 229 350
 9 351 120
 275 120 351
 227 350 349
 13 229 316
 13 316 64
 58 162 214
 221 214 162
 100 336 264
 140 250 344
 65 229 234
 303 84 304
 65 316 229
 93 266 332
 74 338 325
 340 329 327
 90 21 290
 58 352 57
 237 57 352
 13 12 350
 90 352 214
 58 147 162
 100 77 336
 203 336 77
 203 209 336
 140 267 137
 160 162 147
 254 346 342
 307 342 346
 3 1 231
 255 321 320
 2 302 260
 241 260 302
 58 214 352
 114 113 243
 276 243 113
 121 301 197
 221 197 301
 340 327 348
 20
 181 324 265 85 222 138 318 182 73 135 224 235 314 106 117 116 313 309 304 72
 0
 0
 0
 7
 164 39 142 318 272 19 143
 15
 160 39 305 123 161 328 213 122 178 173 45 250 212 289 344
 7
 200 60 343 173 331 244 172
 0
 0
 0
 24
 5 150 256 245 11 205 151 168 48 87 43 44 218 349 167 297 4 226 244 263 12 257 347 216
 0
 0
 0
 0
 0
 0
 0
 0
 0
 0
 0
