351 633
0.949779 3.404397 1
1.054199 3.509120 2
0.863356 3.491082 2
2.778845 2.835404 1
2.722581 2.737618 1
2.902174 2.798072 2
0.396185 2.183249 1
0.485793 2.257014 1
0.408222 2.362005 1
1.124692 2.502292 1
1.228799 2.671952 1
1.078740 2.622919 1
1.260920 2.524205 1
2.799273 2.657090 1
2.045098 3.303173 1
2.145648 3.373467 2
1.976770 3.446197 2
0.307372 2.242768 1
1.754323 2.040810 1
1.758451 2.202305 1
1.616540 2.144050 1
0.322056 2.511587 1
0.277052 2.371028 1
2.583424 2.501775 1
2.701661 2.377132 1
2.695099 2.498819 1
1.941770 2.558034 1
1.986268 2.386796 1
2.062971 2.489299 1
0.454521 2.808389 1
0.571388 2.861906 1
0.452134 2.950124 1
1.512000 3.028704 1
1.638329 2.981352 1
1.652687 3.096948 1
1.042573 3.357720 1
1.152876 3.345575 1
2.571431 3.205691 2
2.535318 3.365102 2
2.434222 3.215888 1
2.399718 3.322978 1
1.860394 2.484539 1
1.205574 3.476413 1
2.344383 2.780520 1
2.410020 2.636260 1
2.463959 2.742223 1
2.260671 2.687577 1
1.626288 2.311020 1
0.215148 2.456833 1
0.000000 1.666667 0
0.000000 1.527778 0
0.166367 1.576067 2
0.929934 2.639890 1
0.910989 2.774923 1
0.801785 2.672930 1
1.774427 3.040984 1
1.793190 3.163004 1
2.529397 2.962426 1
2.667062 2.893990 2
2.625647 3.073562 2
0.794699 2.807750 1
0.959141 3.272808 1
1.114740 3.190928 1
1.946766 2.013768 1
1.849528 1.959829 1
1.990244 1.885894 2
0.571555 2.580719 1
0.703462 2.592797 1
0.657172 2.726656 1
0.000000 1.805556 0
0.127251 1.739763 1
0.133506 1.909086 1
2.556905 2.379816 1
1.529652 2.930318 1
1.669384 2.508442 1
1.783510 2.581631 1
1.639057 2.657163 1
1.573964 2.558412 1
2.641909 2.265342 1
2.293576 2.914561 1
2.211674 2.801809 1
2.157629 2.901798 1
0.325970 2.789191 1
0.430034 2.642692 1
1.900319 2.246005 1
2.059149 2.222981 1
0.339635 1.612239 2
0.418746 1.759923 2
0.268489 1.723210 1
1.864834 2.669803 1
1.907914 3.243223 1
1.757735 3.323189 1
0.711800 3.215925 1
0.817296 3.350409 1
0.664800 3.365109 2
0.816208 2.523963 1
1.859522 1.853826 2
1.454482 2.360494 1
1.366972 2.232490 1
1.514913 2.246294 1
2.303614 2.080386 1
2.467033 2.125870 1
2.314073 2.205104 1
2.414804 2.274356 1
0.000000 2.638889 0
0.000000 2.500000 0
0.156563 2.564223 1
0.691302 2.067234 1
0.783778 1.939588 2
0.854382 2.058358 1
0.575569 2.333369 1
0.555307 2.449255 1
0.990665 2.513189 1
1.388970 3.318665 1
1.514504 3.315554 1
1.492873 3.422162 1
0.651550 1.897666 2
1.279948 1.975235 1
1.295532 2.101532 1
1.163028 2.022084 1
0.562077 1.993732 1
2.029438 3.159523 1
0.097560 2.702323 1
0.547388 3.025512 1
1.287793 2.335515 1
1.282266 3.134658 1
1.200760 3.029277 1
1.066132 3.019356 1
1.556893 1.896948 2
1.414853 1.981967 1
1.426256 1.824901 2
1.679207 2.789721 1
1.508932 2.776086 1
1.619870 2.889459 1
1.781925 2.355033 1
2.715771 1.861416 2
2.616538 1.926217 1
2.582546 1.762051 2
0.796502 2.183070 1
1.355590 2.757757 1
1.427904 2.896766 1
1.250350 2.823003 1
1.605948 3.264765 1
1.468642 3.218100 1
1.552569 3.145017 1
0.458728 2.509269 1
0.303327 2.643407 1
0.204520 2.705582 1
1.904876 3.102249 1
0.000000 2.222222 0
0.000000 2.083333 0
0.130890 2.155257 1
0.848638 3.194028 1
1.105655 2.816049 1
1.152034 2.918720 1
1.013140 2.883109 1
1.348485 3.453827 1
1.276167 2.941524 1
0.325855 1.831504 1
1.321646 1.882507 2
0.501801 3.344194 2
0.405477 3.463461 2
0.378596 3.319889 1
0.268258 3.404548 1
1.352674 2.447920 1
1.353049 2.614886 1
1.072271 2.401469 1
0.922144 2.388603 1
1.464859 2.537365 1
1.029407 2.740659 1
1.179332 2.145504 1
2.174151 3.085896 1
2.100081 2.995924 1
1.980043 3.005756 1
1.687407 3.196637 1
2.529548 2.292510 1
2.518943 1.873322 1
0.360182 2.896423 1
2.818202 2.930408 3
1.316966 3.563776 2
2.709339 2.016364 1
2.803290 1.965028 2
0.092829 2.016189 1
0.226299 1.817828 1
0.969066 3.120357 1
2.404523 1.959093 1
0.355013 3.178329 1
0.264285 3.290146 1
0.243069 3.144606 1
1.453294 2.143997 1
1.256852 3.379022 1
0.856220 3.040886 1
0.748270 3.084017 1
0.000000 3.472222 0
0.132785 3.358270 1
0.145812 3.516792 2
1.866400 2.102868 1
2.305499 2.586493 1
2.329350 2.436040 1
2.447927 2.498250 1
2.426300 1.809981 1
2.331050 1.877390 1
1.717798 1.875217 2
0.420917 1.928146 1
0.528754 1.862419 2
2.429618 2.873436 1
1.638687 2.005035 1
2.920684 2.606197 2
0.000000 3.333333 0
1.536053 2.034399 1
2.212756 2.982619 1
2.586313 2.176878 1
2.262336 1.955468 1
0.957942 2.990262 1
0.690698 2.862676 1
2.276365 3.172421 1
2.319116 3.273398 1
0.537335 2.709244 1
2.385357 3.105984 1
0.246848 2.913737 1
0.321435 3.020672 1
0.169776 3.057310 1
2.057900 2.608670 1
2.111815 2.711766 1
1.976511 2.685504 1
2.005661 2.793774 1
1.172185 1.879920 2
1.572444 2.445432 1
0.000000 3.055556 0
0.108668 2.953682 1
2.107658 2.346035 1
1.910382 2.878036 1
1.864057 2.985655 1
1.750556 2.901249 1
1.129870 2.711843 1
1.363881 3.209672 1
2.141032 3.189655 1
2.398672 3.432443 2
2.087509 2.079071 1
2.189418 2.140769 1
2.199541 2.264792 1
1.882226 2.368093 1
0.000000 1.944444 0
2.171318 2.578232 1
0.208161 2.029161 1
1.256936 3.262984 1
2.850164 2.348053 1
2.930329 2.224630 2
2.984742 2.359340 3
2.105972 2.821742 1
2.241171 2.489126 1
2.601359 2.058598 1
2.521679 1.988620 1
2.826248 2.103138 2
2.779103 2.240019 1
1.021242 2.290112 1
2.861258 2.509342 1
2.772994 2.559116 1
0.000000 2.916667 0
0.000000 2.777778 0
0.126715 2.825142 1
0.105018 3.155647 1
0.897737 2.261121 1
0.338355 2.037788 1
0.294825 1.928411 1
2.990162 2.481465 2
1.609873 3.384493 1
1.693205 3.467392 1
1.899794 3.359475 1
2.200313 3.282825 1
1.434055 2.688274 1
1.524075 2.643659 1
0.785964 2.303798 1
0.769742 2.412311 1
1.583376 3.502321 2
1.438288 3.555330 2
1.708498 3.610493 2
2.614172 2.762391 1
2.540833 2.848108 1
1.824021 3.453087 2
1.807906 2.804029 1
0.588716 3.246781 1
0.303318 3.536052 2
2.168581 2.022651 1
0.660197 2.980864 1
0.635436 3.122160 1
1.755678 2.469362 1
0.990084 2.182014 1
0.891994 2.156935 1
0.961750 2.062615 1
1.069861 2.093642 1
0.668522 2.223001 1
2.547752 2.677674 1
0.594302 2.129804 1
0.468229 2.064114 1
0.000000 2.361111 0
0.104577 2.288904 1
0.107604 2.436661 1
2.436220 1.687967 2
1.355461 3.026949 1
1.683176 2.417166 1
2.317063 1.775103 1
2.314593 1.659975 3
1.035779 1.969255 2
0.770035 2.936203 1
2.654012 2.621906 1
2.691714 2.142068 1
0.468288 3.220364 1
0.500699 2.168376 1
0.167097 3.240989 1
1.201700 2.419512 1
0.188829 2.366446 1
1.887796 2.758913 1
1.770466 2.711713 1
1.982508 2.110129 1
2.291043 3.043742 1
2.404053 3.000973 1
2.157194 2.450393 1
0.264624 2.150678 1
2.907280 2.430012 1
0.670592 2.459717 1
0.912848 1.945715 2
0.746491 3.433412 2
0.883838 2.905522 1
0.447165 3.090198 1
2.508872 2.577290 1
1.160633 2.284393 1
0.000000 3.194444 0
0.688612 2.346434 1
2.321094 2.322698 1
2.499911 3.088206 1
1.253819 2.221075 1
2.226640 2.377940 1
1.422505 3.123403 1
2.148384 1.913549 1
2.044647 2.000212 1
0.538731 3.146183 1
2.129306 1.804879 2
1.190860 3.579062 2
0.565144 2.223985 1
0.208869 2.269420 1
0.226583 2.806432 1
2.043079 2.899563 1
1.769243 3.527869 2
2.233232 1.841750 1
2.284962 3.372878 2
2.442154 2.377958 1
0.080980 3.256537 1
1.084230 2.199133 1
2.792107 2.450197 1
2.217895 1.739479 2
 0 1 2
 3 4 5
 6 7 8
 9 10 11
 12 10 9
 4 13 5
 14 15 16
 17 6 8
 18 19 20
 21 22 8
 23 24 25
 26 27 28
 29 30 31
 32 33 34
 1 35 36
 37 38 39
 40 39 38
 41 27 26
 1 36 42
 43 44 45
 43 46 44
 47 20 19
 21 48 22
 49 50 51
 52 53 54
 55 56 34
 57 58 59
 53 60 54
 61 62 35
 63 64 65
 36 35 62
 66 67 68
 69 70 71
 72 24 23
 32 73 33
 74 75 76
 77 74 76
 78 24 72
 43 79 80
 81 80 79
 29 82 83
 84 85 27
 86 87 88
 89 75 26
 90 91 56
 92 93 94
 95 52 54
 64 96 65
 97 98 99
 100 101 102
 103 102 101
 104 105 106
 107 108 109
 60 68 54
 68 67 54
 110 111 8
 95 112 52
 113 114 115
 107 116 108
 61 0 93
 117 118 119
 107 120 116
 90 121 14
 104 106 122
 31 30 123
 124 98 97
 125 62 126
 127 126 62
 26 75 41
 128 129 130
 76 131 132
 133 132 131
 47 19 134
 135 136 137
 107 109 138
 139 140 141
 142 143 144
 21 8 145
 32 34 144
 21 146 106
 147 106 146
 11 52 112
 90 148 121
 149 150 151
 61 93 152
 92 152 93
 153 154 155
 127 155 154
 113 115 156
 157 141 140
 17 8 22
 87 158 88
 129 159 130
 160 161 162
 163 162 161
 12 164 165
 166 112 167
 168 165 164
 11 169 52
 113 143 114
 170 119 118
 171 121 172
 173 172 121
 142 144 174
 78 72 175
 90 56 148
 176 137 136
 103 101 175
 29 31 177
 3 5 178
 179 42 156
 136 135 180
 180 135 181
 150 182 151
 183 71 70
 61 184 62
 100 185 101
 186 187 188
 189 20 99
 47 99 20
 42 190 156
 127 62 184
 191 152 192
 193 194 195
 18 196 19
 197 198 199
 176 185 200
 201 200 185
 18 202 64
 83 82 146
 203 87 204
 43 205 79
 186 162 187
 49 51 70
 18 20 206
 153 155 169
 18 206 202
 13 207 5
 193 208 194
 8 111 145
 189 209 20
 81 79 210
 34 174 144
 95 167 112
 101 211 175
 189 99 98
 147 122 106
 100 212 185
 110 8 7
 127 213 155
 60 214 68
 215 39 216
 55 148 56
 66 68 217
 218 39 215
 219 220 221
 142 114 143
 55 34 33
 86 88 51
 222 223 224
 225 224 223
 43 45 205
 117 226 159
 56 91 174
 139 132 140
 92 192 152
 21 145 83
 66 83 145
 47 227 97
 84 134 19
 228 229 221
 29 217 30
 68 30 217
 27 85 230
 203 158 87
 231 232 233
 234 141 153
 113 235 143
 121 236 14
 40 38 237
 238 239 85
 240 85 239
 10 141 234
 84 27 241
 242 69 71
 222 243 223
 244 151 182
 125 245 62
 36 62 245
 246 247 248
 225 223 249
 201 185 212
 197 250 198
 168 97 227
 124 97 164
 168 164 97
 197 199 44
 166 9 112
 251 101 252
 96 64 202
 1 0 35
 55 233 232
 253 247 254
 246 254 247
 47 97 99
 191 184 152
 189 118 129
 117 129 118
 166 167 255
 256 207 257
 257 207 13
 41 241 27
 117 119 226
 117 159 129
 219 221 229
 258 259 260
 228 221 261
 167 262 255
 3 178 58
 203 263 264
 244 264 263
 173 121 148
 265 207 256
 142 91 266
 267 266 91
 21 106 48
 128 202 206
 90 14 268
 16 268 14
 133 73 132
 183 264 71
 244 71 264
 269 14 236
 168 270 165
 168 271 270
 272 167 273
 95 273 167
 115 274 275
 267 276 274
 183 88 158
 171 236 121
 277 278 45
 277 4 58
 3 58 4
 267 91 279
 280 231 233
 92 94 281
 163 282 195
 157 154 141
 100 239 283
 142 174 91
 78 254 24
 76 132 271
 284 285 123
 100 283 212
 139 141 10
 284 123 30
 41 75 286
 101 185 252
 34 56 174
 287 288 289
 287 289 290
 84 19 196
 61 152 184
 29 83 217
 107 138 291
 277 45 292
 120 293 294
 116 120 204
 203 204 120
 21 83 146
 295 296 297
 251 211 101
 12 165 10
 66 217 83
 298 137 200
 176 200 137
 128 209 129
 132 73 140
 157 299 126
 125 126 299
 41 134 241
 163 195 194
 93 0 2
 47 134 300
 301 302 298
 55 232 148
 105 297 106
 200 301 298
 32 299 140
 157 140 299
 303 226 119
 191 192 304
 284 304 192
 13 4 305
 139 10 165
 228 258 229
 78 306 254
 272 262 167
 186 307 162
 41 286 134
 69 49 70
 63 196 64
 18 64 196
 221 220 188
 222 28 243
 160 281 94
 308 294 293
 309 188 187
 272 291 138
 84 241 134
 287 255 262
 147 146 82
 13 305 257
 11 112 9
 149 151 296
 258 260 229
 124 164 310
 12 310 164
 253 180 181
 128 206 209
 311 297 296
 197 44 46
 284 192 285
 89 312 313
 84 314 85
 29 177 82
 139 270 132
 218 315 316
 76 271 77
 160 162 307
 79 316 315
 317 243 28
 246 24 254
 311 22 48
 244 318 151
 95 54 67
 115 275 156
 45 278 205
 153 141 154
 27 230 28
 317 28 230
 280 313 312
 246 248 319
 95 67 320
 66 111 320
 109 108 321
 93 2 322
 163 194 187
 219 229 260
 272 138 262
 93 322 94
 60 53 323
 240 230 85
 127 184 213
 191 213 184
 253 306 180
 186 324 307
 325 44 199
 124 310 326
 166 326 310
 107 293 120
 47 300 227
 90 268 91
 170 290 119
 303 119 290
 133 33 73
 253 254 306
 265 256 319
 327 228 261
 163 161 282
 61 35 0
 84 196 314
 113 156 190
 72 23 199
 325 199 23
 66 145 111
 6 17 318
 138 288 262
 157 126 154
 263 6 318
 272 328 291
 110 291 328
 277 305 4
 163 187 162
 203 294 263
 155 323 53
 189 129 209
 66 320 67
 110 320 111
 240 102 329
 110 328 320
 95 320 273
 189 98 118
 244 263 318
 37 39 330
 170 118 331
 37 330 59
 183 70 88
 51 88 70
 309 187 194
 240 329 332
 147 260 122
 259 122 260
 74 286 75
 11 10 234
 57 316 205
 79 205 316
 269 15 14
 125 333 235
 295 149 296
 334 335 65
 100 102 239
 240 239 102
 284 214 304
 78 175 211
 105 295 297
 336 123 285
 334 65 337
 57 59 330
 25 305 23
 325 23 305
 179 338 42
 334 283 335
 219 82 177
 125 299 333
 110 339 291
 151 318 340
 107 291 293
 203 264 158
 197 46 243
 223 243 46
 109 321 289
 17 340 318
 147 82 341
 74 227 300
 25 257 305
 238 85 314
 160 307 281
 40 216 39
 219 341 82
 325 292 44
 45 44 292
 1 42 338
 57 205 278
 336 307 324
 11 234 169
 31 324 220
 186 220 324
 186 188 220
 284 30 214
 203 120 294
 218 330 39
 251 306 211
 78 211 306
 225 342 231
 173 231 342
 60 323 304
 89 313 75
 171 215 236
 269 236 215
 267 279 343
 118 98 331
 267 343 276
 32 140 73
 263 294 6
 60 304 214
 176 252 185
 113 245 235
 201 212 344
 334 344 212
 63 314 196
 221 188 261
 309 261 188
 269 345 15
 219 260 341
 191 304 323
 222 26 28
 150 242 182
 12 9 310
 242 71 182
 147 341 260
 113 190 245
 36 245 190
 308 6 294
 63 335 314
 259 104 122
 225 231 312
 280 312 231
 244 182 71
 31 220 177
 219 177 220
 155 53 169
 277 58 278
 57 278 58
 168 77 271
 325 305 292
 277 292 305
 198 250 332
 317 332 250
 251 136 180
 52 169 53
 20 209 206
 198 329 346
 57 330 316
 124 326 331
 36 190 42
 303 289 321
 168 227 77
 91 268 279
 336 281 307
 166 255 326
 208 327 347
 92 281 285
 336 285 281
 287 290 348
 125 235 245
 153 169 234
 133 233 33
 308 7 6
 170 326 348
 251 180 306
 238 314 335
 218 215 315
 170 331 326
 198 346 199
 179 156 275
 317 250 243
 197 243 250
 173 148 232
 76 75 313
 208 347 194
 89 26 224
 171 315 215
 218 316 330
 191 323 213
 132 270 271
 139 165 270
 246 319 349
 269 215 216
 256 349 319
 133 131 233
 109 289 288
 68 214 30
 309 194 347
 40 237 345
 170 348 290
 240 332 230
 317 230 332
 265 319 248
 43 80 46
 223 46 80
 74 77 227
 303 290 289
 238 283 239
 173 232 231
 222 224 26
 109 288 138
 124 331 98
 103 346 329
 127 154 126
 142 266 114
 115 114 266
 106 297 48
 311 48 297
 55 33 233
 92 285 192
 166 310 9
 63 65 335
 183 158 264
 151 340 296
 269 216 345
 16 279 268
 311 296 340
 350 302 301
 40 345 216
 246 349 24
 110 7 339
 267 274 266
 115 266 274
 103 175 346
 72 346 175
 25 24 349
 238 335 283
 280 233 131
 287 262 288
 81 172 342
 287 348 255
 173 342 172
 155 213 323
 334 212 283
 103 329 102
 143 235 333
 201 301 200
 72 199 346
 76 313 131
 336 324 123
 31 123 324
 256 257 349
 25 349 257
 320 328 273
 32 333 299
 81 210 172
 171 172 210
 311 340 22
 308 339 7
 17 22 340
 309 347 261
 280 131 313
 143 333 144
 32 144 333
 89 224 312
 327 261 347
 272 273 328
 350 344 337
 334 337 344
 198 332 329
 326 255 348
 79 315 210
 171 210 315
 176 136 252
 251 252 136
 134 286 300
 223 80 249
 81 342 249
 225 249 342
 350 301 344
 225 312 224
 74 300 286
 201 344 301
 308 293 339
 291 339 293
 81 249 80
 0
 0
 0
 0
 0
 0
 5
 265 5 248 207 178
 8
 253 298 135 247 181 137 248 302
 18
 86 128 303 96 350 116 51 87 226 202 130 108 204 65 302 321 337 159
 24
 1 160 179 37 16 38 94 161 195 276 59 58 279 345 282 275 2 274 178 338 15 237 343 322
 0
 0
 0
 0
 0
 0
 0
 0
 0
 0
 0
 0
