341 612
6.324848 6.482803 1
6.340768 6.646847 1
6.250611 6.565264 1
6.025010 7.132655 1
5.983438 7.024341 1
6.124147 7.063564 1
6.063959 6.945081 1
6.336443 7.604251 1
6.425355 7.527565 1
6.428321 7.684815 2
6.523942 7.618282 1
6.434163 6.527350 1
6.244118 7.184323 1
6.266187 7.027318 1
6.347591 7.127566 1
4.410115 6.599568 1
4.332772 6.515707 2
4.483908 6.449684 2
6.985586 7.796449 2
6.940618 7.663868 1
7.081625 7.688628 1
7.047115 7.545722 1
5.996070 7.736128 1
5.958368 7.915096 2
5.865686 7.811341 1
6.362182 7.384542 1
6.409706 7.225019 1
6.497157 7.378639 1
6.993425 6.836701 1
7.114738 6.939888 2
6.971315 7.008838 1
6.296477 6.291746 1
6.178900 6.299035 1
6.199009 6.150740 2
5.087639 5.919766 2
5.172787 6.042550 1
5.027209 6.035408 2
4.543251 6.941085 1
4.651010 6.849020 1
4.676975 7.006541 1
6.462371 6.286243 1
6.550437 6.430156 1
6.375656 6.392724 1
7.144457 7.206719 1
7.307000 7.237937 2
7.226987 7.311540 1
5.219138 6.610251 1
5.205322 6.783471 1
5.094726 6.711517 1
5.838173 7.692947 1
7.265111 7.137614 2
5.571858 7.994799 1
5.702821 7.933967 1
5.684880 8.078018 3
5.229473 7.854873 1
5.325183 7.953028 2
5.183760 7.973964 2
5.602718 6.699167 1
5.685526 6.823863 1
5.533053 6.801820 1
6.232662 6.425375 1
6.036715 7.571488 1
6.139481 7.641781 1
6.090784 7.860630 2
6.707098 6.267285 1
6.586689 6.236336 2
6.721230 6.140491 3
5.448219 6.482357 1
5.550116 6.335684 1
5.598416 6.473492 1
5.385935 6.762380 1
5.444646 6.913848 1
5.285058 6.963790 1
5.303810 6.851843 1
5.664499 7.207910 1
5.646004 7.361714 1
5.534051 7.227073 1
5.494450 7.360512 1
5.330009 6.659079 1
5.704483 6.374544 1
5.749829 6.701849 1
7.017651 7.162090 1
7.078317 7.069114 1
4.566793 6.573065 1
6.265494 7.724443 2
6.126753 7.757062 2
6.086353 6.241210 1
5.057843 6.603064 1
6.528897 7.259480 1
6.290893 6.904168 1
6.397560 6.995712 1
6.405883 6.864030 1
5.928920 7.612831 1
5.204967 6.904642 1
5.076235 6.911542 1
6.911581 7.128113 1
6.348769 6.192240 1
5.054564 6.800837 1
5.635381 6.053502 1
5.708464 6.179259 1
5.580335 6.184878 1
5.724779 7.792501 1
5.813758 7.908040 1
5.087629 7.126500 1
5.238856 7.112688 1
5.122115 7.262406 1
5.279744 7.252313 1
6.862116 6.880311 1
6.677935 6.532219 1
6.720660 6.397946 1
6.806112 6.512841 1
4.834458 7.281233 2
4.974308 7.230979 1
4.991446 7.348893 2
5.115304 7.631296 2
5.248849 7.594256 1
5.241812 7.726308 1
5.307677 5.989727 2
5.244080 6.136095 1
5.830169 8.029728 2
5.125394 7.766198 2
5.374543 7.049115 1
5.942912 7.503657 1
5.844851 7.405440 1
5.952569 7.343401 1
7.204169 7.596014 1
5.568016 7.505361 1
5.421016 7.473299 1
4.974689 6.722596 1
4.848577 6.738701 1
4.914988 6.591507 1
4.793907 6.642322 1
6.840674 6.409237 2
6.696742 7.478108 1
6.654553 7.582757 1
6.600378 7.433842 1
6.542108 7.522443 1
5.482297 5.971089 2
5.619124 5.899089 2
6.755052 6.772868 1
6.775290 6.640496 1
6.890939 6.756567 1
4.598866 7.059680 1
6.175334 6.712549 1
5.582434 7.111613 1
5.730698 7.082888 1
4.623034 6.302894 2
4.613519 6.446199 1
6.036983 7.427572 1
5.722375 7.494719 1
5.690073 7.627812 1
5.553058 7.626899 1
5.338184 6.231318 1
5.399867 6.102345 1
5.459824 6.216411 1
5.878323 6.748794 1
6.016706 6.747408 1
5.954902 6.877563 1
5.135509 6.219526 1
5.055723 6.299394 1
4.986338 6.169107 2
6.628255 6.795046 1
6.654490 6.668553 1
5.848434 6.998054 1
5.808165 6.849018 1
4.955557 6.285827 1
6.095220 6.845009 1
5.763447 5.978761 2
5.725727 6.942658 1
6.579016 7.137706 1
6.660239 7.031088 1
6.706936 7.148492 1
7.190681 7.054890 2
5.768535 6.088666 1
4.770121 6.206210 2
4.774349 6.316844 1
6.317267 6.096814 2
4.771996 6.822196 1
4.921848 6.875056 1
4.776976 6.939325 1
5.106018 6.117599 1
5.280290 6.342507 1
5.411267 6.342228 1
5.295508 6.477823 1
6.812208 7.044554 1
4.581967 7.159510 1
4.698600 7.260993 2
4.564543 7.276639 2
5.989936 6.513116 1
6.079998 6.386104 1
6.131536 6.546044 1
5.592066 7.860765 1
6.836936 6.272779 2
4.715678 7.142967 1
6.900599 6.621822 1
6.979423 6.705133 1
7.119430 6.782479 2
5.946052 6.642387 1
7.078156 6.658418 2
6.802744 7.636057 1
6.841384 7.754109 2
6.460231 6.637274 1
7.158202 7.461568 1
6.990125 7.435170 1
7.130754 7.349192 1
5.097023 7.394842 1
7.201718 7.753582 1
7.292130 7.686495 1
6.308508 6.782358 1
6.882695 7.457458 1
6.758337 7.389542 1
6.906394 7.355773 1
5.626664 7.003680 1
6.784105 7.514131 1
4.856603 7.145395 1
5.368001 7.803230 1
5.149235 6.503205 1
6.830453 7.287535 1
5.342384 7.156353 1
6.158843 7.484761 1
6.214417 7.341128 1
6.287699 7.489812 1
6.065762 6.644947 1
6.488848 6.925975 1
5.281466 7.474548 1
5.354449 7.365193 1
4.872307 7.020385 1
6.045297 6.091761 2
6.618821 6.336739 1
5.001524 7.020991 1
7.102448 7.810996 2
6.909560 7.540865 1
5.957688 6.180433 1
6.448305 6.119336 2
6.552126 6.569087 1
6.538285 6.701602 1
5.020481 7.500053 2
6.817706 7.185980 1
5.884179 7.129126 1
6.233740 7.586770 1
6.203375 6.835410 1
5.449233 7.590049 1
5.233618 6.250854 1
6.173964 6.936758 1
4.963239 7.116050 1
7.024794 7.314281 1
6.311791 7.282618 1
5.778982 7.195742 1
5.513087 7.016447 1
5.599947 6.895392 1
6.124454 7.204599 1
6.631719 7.227518 1
6.070055 7.308872 1
4.380692 6.783002 1
4.327588 6.682076 1
4.485376 6.682701 1
6.922612 7.239156 1
6.706133 7.730347 2
5.209591 7.373124 1
4.701714 6.395284 1
5.830730 7.559935 1
6.722287 6.909847 1
5.775057 6.563979 1
5.705297 6.482441 1
5.842587 6.430380 1
7.404126 7.691044 2
7.327610 7.829855 3
5.193571 5.926731 2
5.154410 7.012564 1
5.554943 8.137086 2
5.493474 7.799499 1
5.460635 7.695292 1
5.533744 6.581156 1
5.892580 6.036529 2
5.462663 7.912985 1
5.983962 7.228858 1
4.209164 6.676344 2
4.210244 6.520789 3
4.291726 6.598414 1
5.778348 6.292717 1
5.895851 6.288805 1
5.344021 7.672044 1
5.425395 8.066589 2
5.348897 7.561344 1
4.476462 7.048297 2
4.404589 6.915154 2
4.689008 6.623161 1
4.802021 6.536401 1
5.864811 7.265457 1
5.756623 7.304313 1
6.936630 6.474407 2
7.003452 6.582570 2
4.692145 6.510069 1
5.648269 6.275876 1
6.533076 7.023215 1
5.515975 6.101072 1
6.465974 7.128116 1
7.307018 7.490772 2
5.881123 6.555159 1
5.477098 6.708196 1
4.504460 6.802976 1
5.436562 6.612066 1
6.594790 6.921363 1
6.621301 7.323880 1
5.585395 7.733250 1
4.595124 6.705735 1
5.960152 6.379493 1
6.122543 7.390570 1
4.712487 6.733693 1
5.087064 7.877637 2
5.209268 6.416811 1
5.162119 7.494687 1
6.571133 7.724998 2
5.102062 6.414493 1
5.008130 6.495294 1
5.743260 7.394180 1
4.776282 7.054303 1
6.427768 6.742944 1
5.345887 6.568316 1
7.343606 7.591983 2
5.402276 7.244334 1
4.464261 7.193318 3
5.846077 6.642434 1
7.181079 7.889103 2
5.994973 6.290595 1
5.450286 7.125034 1
6.512930 6.825555 1
7.250477 7.403278 1
5.149359 5.806612 3
7.358154 7.360455 2
4.901669 6.452595 1
5.660082 6.583299 1
4.799413 6.423173 1
4.984843 6.382586 1
6.725146 7.264184 1
5.837869 6.177964 1
5.170027 6.324827 1
4.880465 6.349662 1
4.866957 6.236947 2
4.309435 6.850822 2
4.286083 6.765038 2
 0 1 2
 3 4 5
 4 6 5
 7 8 9
 9 8 10
 11 1 0
 12 13 14
 12 5 13
 15 16 17
 18 19 20
 21 20 19
 22 23 24
 25 26 27
 28 29 30
 31 32 33
 34 35 36
 37 38 39
 40 41 42
 11 42 41
 43 44 45
 46 47 48
 22 24 49
 50 44 43
 51 52 53
 54 55 56
 57 58 59
 60 31 42
 22 61 62
 22 63 23
 64 65 66
 67 68 69
 70 59 71
 72 73 71
 70 71 73
 74 75 76
 77 76 75
 70 47 78
 46 78 47
 79 69 68
 57 80 58
 81 30 82
 15 17 83
 62 84 85
 86 33 32
 46 48 87
 26 88 27
 13 89 90
 91 90 89
 22 92 61
 47 93 94
 95 30 81
 31 33 96
 97 47 94
 98 99 100
 101 49 24
 101 102 52
 103 104 105
 106 105 104
 28 30 107
 101 24 102
 108 109 110
 111 112 113
 114 115 116
 117 118 35
 119 53 52
 114 116 120
 72 71 121
 122 123 124
 21 125 20
 70 73 47
 77 126 127
 128 129 130
 131 130 129
 132 110 109
 133 134 135
 135 134 136
 98 137 138
 139 140 141
 37 39 142
 143 2 1
 74 144 145
 40 42 31
 146 147 17
 122 124 148
 149 150 126
 151 126 150
 103 105 112
 152 153 154
 155 156 157
 60 32 31
 154 100 68
 158 159 160
 139 161 162
 163 164 157
 165 160 159
 6 157 166
 98 138 167
 156 166 157
 101 150 49
 163 168 164
 169 170 171
 128 130 87
 50 43 172
 155 164 80
 118 153 152
 98 173 99
 58 80 164
 146 174 175
 176 96 33
 177 178 179
 158 180 118
 181 182 183
 67 183 182
 184 30 95
 77 75 126
 185 186 187
 188 189 190
 60 190 189
 40 31 96
 51 191 52
 132 109 192
 64 192 109
 185 193 186
 112 105 113
 82 30 29
 194 141 140
 119 102 23
 195 196 28
 39 38 179
 155 197 156
 198 196 195
 199 19 200
 11 201 1
 22 85 63
 202 203 204
 22 49 92
 205 113 105
 20 125 206
 206 125 207
 13 90 14
 72 121 104
 143 1 208
 118 180 35
 209 210 211
 117 153 118
 212 145 144
 18 200 19
 82 172 43
 213 199 134
 133 213 134
 111 214 112
 21 203 202
 143 166 156
 54 215 55
 46 87 216
 217 211 210
 22 62 85
 104 121 218
 108 41 109
 21 202 125
 219 220 221
 25 221 220
 185 142 193
 39 193 142
 184 171 170
 188 222 197
 91 223 90
 224 225 127
 77 127 225
 226 179 178
 86 227 33
 188 190 222
 40 228 41
 177 129 178
 47 97 48
 226 178 229
 94 229 178
 128 87 48
 18 20 230
 21 231 203
 86 232 227
 40 233 65
 158 160 180
 108 234 41
 11 41 234
 235 162 161
 205 236 113
 184 237 171
 163 238 145
 62 239 84
 143 240 166
 151 241 126
 127 126 241
 139 162 140
 158 118 242
 111 193 214
 6 243 5
 226 244 214
 245 81 43
 246 12 14
 26 246 14
 145 238 247
 212 248 249
 12 220 250
 60 42 0
 226 229 244
 184 107 30
 184 95 237
 169 171 251
 177 179 38
 252 250 220
 219 62 61
 71 249 248
 143 190 2
 103 112 244
 219 239 62
 253 254 255
 245 256 81
 199 200 257
 224 258 225
 106 225 258
 146 175 259
 49 150 260
 184 261 107
 67 182 68
 143 156 222
 262 263 264
 245 204 203
 207 265 266
 34 267 35
 103 229 268
 94 268 229
 209 203 231
 154 68 182
 117 137 153
 51 53 269
 270 215 271
 79 263 69
 209 213 210
 21 19 231
 25 246 26
 136 10 8
 67 69 272
 149 126 75
 40 65 228
 273 227 232
 270 274 215
 139 141 107
 143 208 240
 3 250 275
 79 264 263
 276 277 278
 79 279 264
 280 264 279
 281 271 215
 149 260 150
 139 107 261
 72 104 268
 55 215 274
 55 274 282
 51 282 274
 224 127 283
 7 9 84
 23 102 24
 37 284 285
 131 286 287
 288 123 289
 194 290 291
 292 287 286
 79 68 293
 64 66 192
 169 294 170
 154 295 100
 194 110 290
 15 83 255
 103 268 104
 199 257 134
 163 145 168
 212 168 145
 26 296 88
 297 125 202
 128 178 129
 98 167 173
 60 2 190
 169 88 296
 117 35 267
 101 52 191
 68 100 293
 262 264 298
 98 295 137
 184 170 261
 82 29 172
 108 110 140
 252 275 250
 6 4 157
 70 299 59
 36 35 180
 253 300 285
 37 285 300
 149 123 260
 122 260 123
 46 216 183
 7 84 239
 199 231 19
 301 299 78
 299 70 78
 28 196 29
 51 274 191
 302 261 170
 67 272 301
 154 153 295
 119 52 102
 58 168 249
 212 249 168
 253 255 300
 133 135 210
 303 210 135
 28 107 141
 188 298 264
 163 157 4
 101 304 150
 151 150 304
 136 8 27
 25 27 8
 305 38 300
 37 300 38
 15 255 254
 188 264 306
 280 306 264
 219 307 220
 131 129 308
 106 104 218
 41 228 109
 54 56 309
 183 216 310
 224 115 311
 74 76 144
 288 124 123
 312 134 257
 74 289 75
 71 59 249
 313 216 314
 12 246 220
 302 161 261
 111 186 193
 205 105 258
 106 258 105
 3 5 250
 25 220 246
 149 75 315
 156 197 222
 36 180 160
 252 220 307
 51 269 282
 39 316 193
 245 43 204
 45 204 43
 114 311 115
 139 261 161
 91 208 317
 67 301 318
 155 157 164
 163 4 238
 3 238 4
 207 125 319
 87 314 216
 77 320 76
 303 27 88
 185 321 284
 193 316 214
 77 225 320
 273 173 167
 40 96 233
 188 197 298
 149 315 123
 281 116 115
 219 61 148
 122 148 61
 1 317 208
 94 178 97
 128 97 178
 54 309 120
 155 80 322
 177 308 129
 323 206 266
 305 255 83
 86 324 232
 13 5 243
 297 319 125
 325 76 320
 302 170 294
 54 120 116
 155 322 197
 106 320 225
 86 189 324
 305 83 286
 292 286 83
 235 161 326
 49 260 92
 122 92 260
 194 140 110
 205 311 236
 57 299 272
 297 202 327
 123 315 289
 99 293 100
 188 306 189
 224 311 258
 301 272 299
 7 221 8
 57 59 299
 34 328 267
 45 44 329
 46 183 318
 226 214 316
 133 210 213
 82 43 81
 325 218 121
 58 249 59
 25 8 221
 98 100 295
 60 189 32
 17 147 83
 292 83 147
 114 236 311
 37 142 284
 205 258 311
 86 32 189
 54 116 215
 136 134 10
 305 308 38
 177 38 308
 312 10 134
 131 287 130
 252 148 124
 108 140 162
 323 230 206
 143 222 190
 330 130 287
 270 191 274
 58 164 168
 72 268 93
 108 162 234
 112 214 244
 122 61 92
 235 234 162
 235 201 234
 11 234 201
 217 237 256
 95 256 237
 12 250 5
 281 215 116
 146 259 147
 67 318 183
 131 308 286
 60 0 2
 262 322 80
 189 306 324
 137 295 153
 74 145 247
 270 271 304
 151 304 271
 302 326 161
 57 331 80
 262 80 331
 94 93 268
 11 0 42
 103 244 229
 212 144 248
 292 332 287
 292 259 332
 106 218 320
 136 27 135
 303 135 27
 330 314 130
 297 327 329
 45 329 327
 87 130 314
 219 221 239
 101 191 304
 270 304 191
 207 266 206
 181 183 310
 325 144 76
 46 318 78
 288 247 238
 313 314 333
 91 326 223
 217 334 237
 91 317 326
 79 293 279
 99 279 293
 15 254 278
 47 73 93
 72 93 73
 202 204 327
 45 327 204
 176 233 96
 312 9 10
 280 335 232
 273 232 335
 235 326 317
 15 278 16
 280 279 335
 99 335 279
 252 307 148
 305 300 255
 252 124 275
 128 48 97
 154 182 152
 181 152 182
 313 159 336
 281 241 271
 313 333 159
 288 275 124
 7 239 221
 197 322 298
 224 283 115
 281 115 283
 171 237 334
 281 283 241
 240 89 243
 13 243 89
 288 238 275
 3 275 238
 226 316 179
 39 179 316
 64 109 228
 219 148 307
 169 251 88
 185 284 142
 74 247 289
 169 296 294
 90 294 296
 313 310 216
 95 81 256
 302 223 326
 26 14 296
 194 291 195
 198 195 291
 325 320 218
 28 141 195
 280 232 324
 20 206 230
 235 317 201
 165 333 337
 330 337 333
 57 272 331
 69 331 272
 64 228 65
 330 333 314
 303 88 251
 273 335 173
 217 210 334
 132 290 110
 305 286 308
 1 201 317
 288 289 247
 158 242 336
 240 208 89
 91 89 208
 303 334 210
 99 173 335
 165 159 333
 90 296 14
 175 332 259
 90 223 294
 302 294 223
 280 324 306
 194 195 141
 262 298 322
 75 289 315
 292 147 259
 165 338 160
 253 285 339
 175 337 332
 325 248 144
 245 211 256
 181 310 336
 240 243 166
 6 166 243
 325 121 248
 276 254 340
 330 287 332
 245 203 211
 217 256 211
 181 336 242
 207 319 265
 313 336 310
 158 336 159
 262 331 263
 69 263 331
 301 78 318
 151 271 241
 303 251 334
 276 278 254
 185 187 321
 330 332 337
 71 248 121
 253 340 254
 209 211 203
 175 338 337
 277 16 278
 127 241 283
 175 174 338
 209 231 213
 199 213 231
 181 242 152
 171 334 251
 165 337 338
 118 152 242
 253 339 340
 0
 0
 0
 7
 276 277 284 285 321 339 340
 10
 34 146 17 36 277 328 16 160 174 338
 0
 0
 0
 0
 0
 0
 0
 0
 13
 273 176 117 227 137 138 167 33 233 66 65 328 267
 0
 0
 0
 0
 16
 297 132 50 198 29 329 266 192 196 66 172 291 44 319 265 290
 0
 14
 111 114 55 53 120 236 282 269 56 309 321 187 186 113
 14
 119 18 323 312 23 53 200 266 84 9 257 63 230 85
