357 642
8.739079 7.475795 1
8.787069 7.324305 2
8.863484 7.510697 2
8.098322 8.315125 1
8.191681 8.238590 1
8.229992 8.408799 1
8.284565 8.284565 1
8.057467 7.442184 2
8.013730 7.613206 1
7.937085 7.511055 2
8.872752 8.273797 1
8.712487 8.220457 1
8.827452 8.119555 1
8.801050 9.198662 1
8.869520 9.071326 1
8.952404 9.183449 1
8.229831 7.968397 1
8.261547 7.818151 1
8.329817 7.931155 1
8.660706 9.433530 1
8.734312 9.573100 1
8.588496 9.554889 1
8.139606 7.515463 1
9.209220 8.478637 1
9.133777 8.313864 1
9.279152 8.331158 1
8.383783 8.474099 1
8.366885 8.338261 1
8.402851 7.835985 1
8.328498 8.202458 1
8.373713 7.688981 1
8.532495 9.432484 1
8.080065 8.729655 1
8.244508 8.745080 1
8.128414 8.872846 1
8.260413 8.917900 1
8.472222 10.000000 0
8.333333 10.000000 0
8.410002 9.835957 2
10.000000 8.333333 0
10.000000 8.472222 0
9.833633 8.423933 1
8.964221 8.030745 1
9.014147 8.175214 1
8.417400 9.362967 2
8.413969 9.205578 1
8.555108 9.297521 1
8.544679 9.132903 1
8.299604 8.578965 1
8.150883 8.586969 1
10.000000 8.194445 0
9.872749 8.260237 1
9.866494 8.090914 1
8.781828 8.801836 1
8.649385 8.738236 1
8.818125 8.659156 1
9.130144 7.937394 1
9.225966 7.866392 1
9.220140 8.040486 1
9.688526 9.331212 1
9.532619 9.391139 1
9.557771 9.270160 1
8.330523 7.491629 1
8.214594 7.419095 2
8.358824 7.344438 2
8.425339 7.441966 1
8.049421 8.457720 1
9.319926 7.938755 1
10.000000 8.611111 0
9.850028 8.713051 1
9.900642 8.541667 1
8.611111 10.000000 0
8.541667 9.900642 1
8.713051 9.850028 1
8.099681 7.753994 1
7.956195 7.781517 1
8.381642 9.668290 2
8.440768 9.513515 2
8.504643 9.684635 1
9.660365 8.387761 1
9.581254 8.240078 1
9.731511 8.276791 1
9.166667 10.000000 0
9.060560 9.875159 1
9.228572 9.881005 1
10.000000 9.166667 0
9.881005 9.228572 1
9.878537 9.047251 1
9.099599 8.461967 1
9.624427 9.482075 1
9.420495 8.666971 1
9.306875 8.757733 1
9.300120 8.605878 1
8.795718 8.419788 1
8.723754 8.332795 1
8.395918 8.841307 1
9.789640 8.569086 1
9.690856 8.508653 1
8.204013 8.135688 1
9.730481 9.446910 1
9.731496 9.595981 1
9.083322 8.761953 1
9.034164 8.900838 1
8.968506 8.822564 1
9.609865 8.588952 1
9.558648 8.718589 1
9.508277 8.578885 1
9.355014 8.099744 1
8.916683 8.432035 1
9.808538 9.510171 1
8.654994 9.188523 1
9.659810 9.172133 1
9.140837 8.902877 1
8.456162 8.111847 1
8.573744 8.175099 1
8.469419 8.267972 1
9.440724 8.011049 1
9.590465 9.587537 1
10.000000 8.750000 0
8.750000 10.000000 0
9.857409 9.655199 1
9.706584 9.735977 1
9.492661 8.865435 1
9.436858 9.008142 1
9.380994 8.853726 1
8.165002 7.887933 1
9.803100 9.803100 1
8.568278 9.788975 1
8.580176 8.027264 1
9.036724 9.089385 1
8.218075 7.644967 1
9.505859 9.805383 1
9.573610 9.708761 1
9.645881 9.861273 1
8.545636 7.859164 1
8.439276 7.975345 1
8.943639 9.813982 1
9.063405 9.701385 1
8.789272 9.702189 1
8.879976 9.577625 1
8.928077 9.695581 1
9.348514 8.469637 1
9.001785 8.516606 1
8.965353 8.661506 1
8.903607 8.562360 1
9.085503 8.581209 1
9.039663 7.817400 1
9.031474 7.947983 1
8.387732 8.693430 1
9.294868 8.933568 1
9.322405 9.700066 1
9.356080 9.550115 1
9.444659 9.701771 1
9.480726 9.589083 1
8.688490 8.584172 1
9.412123 8.248993 1
9.472584 8.137895 1
8.678230 9.297966 1
9.675336 8.168266 1
8.677230 8.118213 1
8.641857 7.558207 1
8.648011 7.383770 1
9.270805 8.205359 1
9.199769 8.809722 1
9.189078 8.646520 1
9.148010 7.811317 1
8.535125 7.462648 1
8.980009 8.994673 1
8.880564 9.289346 1
9.650190 9.662862 1
9.773701 8.182172 1
8.715010 9.002016 1
8.869476 8.919353 1
8.483023 7.750613 1
9.131266 9.788682 1
9.786017 9.135469 1
8.363414 8.990734 1
8.267426 9.061483 1
9.444445 10.000000 0
9.305555 10.000000 0
9.375769 9.846493 1
10.000000 9.305555 0
10.000000 9.444445 0
9.847774 9.376101 1
9.579082 8.071854 1
7.923119 8.516538 1
7.902009 8.402747 2
9.150931 8.167719 1
9.419034 8.375373 1
7.995249 8.344823 1
9.189544 9.629596 1
9.243043 9.770309 1
8.505263 8.750494 1
8.535817 8.623773 1
8.153561 9.019844 2
8.997957 8.295401 1
8.419946 8.576487 1
7.924693 7.911226 1
8.045691 7.919219 1
8.271926 9.284926 2
9.404091 8.558254 1
8.654115 8.866799 1
9.431934 8.772491 1
8.354466 9.100688 1
8.455243 9.059108 1
8.492793 8.512167 1
9.121969 9.285225 1
9.221124 9.180266 1
9.282174 9.297025 1
8.157418 8.042859 1
9.527425 8.347806 1
9.512856 9.909224 1
9.913005 9.513889 1
8.717513 8.021095 1
8.315578 8.057897 1
8.654727 9.690136 1
8.426731 7.554425 1
8.538711 7.638179 1
8.030688 8.980727 2
9.369934 9.169523 1
9.507711 9.150927 1
9.407161 9.290156 1
9.213453 9.470921 1
8.755107 8.897501 1
9.722222 10.000000 0
9.583333 10.000000 0
10.000000 9.583333 0
10.000000 9.722222 0
8.884953 8.758950 1
7.894087 7.659541 2
9.697988 7.781382 1
9.697448 7.657166 3
9.844862 7.724136 2
8.844609 9.791304 1
8.541244 8.860346 1
7.806349 7.866779 1
7.800468 7.735221 1
8.117773 7.631908 1
10.000000 8.055555 0
8.004167 8.605570 1
10.000000 7.777778 0
9.884976 7.874085 1
8.681143 7.679514 1
9.089998 9.179560 1
8.590138 7.746810 1
9.027778 10.000000 0
10.000000 9.027778 0
8.781221 9.350517 1
9.001717 9.294336 1
8.901231 9.415819 1
8.789835 9.467961 1
8.846429 7.983572 1
7.987757 8.241926 1
8.092755 8.164125 1
7.862401 8.622876 1
7.795235 8.738968 2
7.705776 8.620243 2
8.585171 8.996217 1
8.051931 8.055278 1
9.719251 9.037647 1
9.592237 9.045720 1
9.200950 8.995839 1
9.793027 7.973966 1
9.711129 8.070436 1
9.649418 7.925094 1
7.695690 7.911520 2
7.559846 7.847754 3
7.681553 7.796613 1
9.774055 7.855732 1
9.067988 9.416265 1
9.045720 9.592237 1
9.700743 8.660844 1
9.695756 8.787876 1
8.780966 7.599359 1
9.195999 9.364137 1
9.815688 8.941504 1
8.568451 7.303868 1
8.475490 7.356688 1
9.288770 9.063309 1
9.562283 8.942449 1
9.411857 9.411857 1
9.486769 9.490499 1
7.797597 8.493773 2
8.587319 8.288657 1
8.969739 9.506767 1
9.032669 8.395570 1
9.360974 7.795764 2
9.230308 7.740407 2
7.830132 7.981082 1
8.505053 8.391668 1
8.798096 8.528203 1
8.491088 7.224000 2
7.718913 8.041488 2
8.243887 7.530795 1
10.000000 7.916667 0
8.938119 7.904119 1
10.000000 10.000000 0
9.861111 10.000000 0
9.892176 9.892176 1
10.000000 9.861111 0
9.113083 9.518191 1
8.702957 8.452410 1
9.895024 8.848654 1
8.849010 9.894740 1
7.989208 8.853703 2
8.816823 7.728460 1
8.696080 7.813788 1
8.830438 7.855295 1
8.316641 7.582819 1
8.291677 9.171988 1
9.305600 9.407574 1
7.548998 7.737122 2
7.945772 8.015533 1
8.641073 7.230170 2
9.772626 9.248697 1
8.603163 8.493831 1
7.935765 8.731040 2
9.085225 8.050256 1
9.786070 8.846450 1
9.784898 9.911309 1
9.908722 9.780123 1
9.170499 9.091424 1
8.621593 8.387638 1
8.896052 7.641379 1
9.003117 7.679253 2
8.920702 7.770984 1
9.680498 8.920775 1
10.000000 8.888889 0
8.888889 10.000000 0
8.731964 9.111744 1
8.660126 7.930956 1
8.467096 8.941441 1
9.560072 7.710315 2
8.757175 7.928904 1
8.181029 9.167747 2
9.473185 8.467130 1
9.534204 7.948786 1
7.669476 7.682158 2
9.605901 7.830323 1
7.773861 7.628350 2
9.598125 8.847374 1
9.583376 8.473415 1
9.503384 7.849445 2
9.414783 7.904535 1
7.968060 8.127023 1
8.642211 9.086759 1
7.846719 8.090850 1
7.763533 8.158393 2
9.907170 7.983811 1
8.971289 7.542330 2
8.953975 9.916777 1
9.918360 8.952032 1
9.113971 7.694994 2
9.095088 8.995237 1
7.889706 8.301809 2
7.870694 8.195121 1
7.778971 8.259164 2
 0 1 2
 3 4 5
 4 6 5
 7 8 9
 10 11 12
 13 14 15
 16 17 18
 19 20 21
 22 8 7
 23 24 25
 26 5 27
 28 18 17
 29 6 4
 27 5 6
 30 28 17
 19 21 31
 32 33 34
 35 34 33
 36 37 38
 39 40 41
 42 43 12
 10 12 43
 44 45 46
 47 46 45
 48 49 5
 50 51 52
 53 54 55
 56 57 58
 59 60 61
 62 63 64
 65 62 64
 66 5 49
 57 67 58
 48 33 49
 32 49 33
 68 69 70
 71 72 73
 74 75 8
 76 77 78
 21 78 77
 79 80 81
 82 83 84
 85 86 87
 23 88 24
 59 89 60
 90 91 92
 10 93 94
 10 94 11
 35 33 95
 96 97 41
 98 29 4
 89 99 100
 101 102 103
 79 41 97
 104 105 106
 106 105 90
 67 107 58
 10 108 93
 44 46 31
 109 100 99
 47 110 46
 59 61 111
 101 112 102
 113 114 115
 67 116 107
 89 100 117
 68 118 69
 119 71 73
 48 5 26
 120 121 100
 66 3 5
 122 123 124
 16 125 17
 126 121 120
 127 38 78
 7 63 22
 113 128 114
 15 14 129
 76 78 38
 30 17 130
 131 132 133
 133 132 121
 134 135 28
 136 137 83
 138 139 140
 23 141 92
 142 143 144
 145 143 142
 146 56 147
 48 148 33
 149 124 123
 150 151 152
 153 152 151
 59 99 89
 154 55 54
 155 107 156
 157 19 46
 80 158 81
 128 159 114
 46 19 31
 0 160 161
 155 162 107
 91 163 164
 146 165 56
 166 161 160
 167 129 14
 113 115 29
 101 164 163
 13 15 168
 169 117 100
 170 52 51
 171 172 14
 134 28 173
 30 173 28
 101 103 143
 96 70 69
 127 73 72
 21 77 31
 174 84 83
 175 87 86
 96 41 70
 127 72 38
 149 163 91
 35 176 177
 178 179 180
 181 182 183
 184 80 156
 155 156 80
 185 186 66
 36 38 72
 40 70 41
 39 41 51
 174 83 137
 187 24 43
 11 159 12
 155 188 25
 186 189 66
 174 190 191
 192 148 193
 174 137 190
 35 177 194
 149 91 124
 10 195 108
 162 24 187
 25 24 162
 33 148 95
 148 196 193
 197 75 198
 74 198 75
 44 199 45
 92 141 200
 131 180 152
 150 152 180
 53 201 54
 90 202 91
 203 204 45
 47 45 204
 48 26 196
 205 196 26
 206 207 208
 198 125 209
 79 81 41
 79 210 80
 178 180 211
 182 212 183
 213 12 159
 98 214 29
 138 20 139
 127 215 73
 138 73 215
 30 216 217
 218 34 194
 219 220 221
 61 221 220
 222 151 190
 150 190 151
 74 130 17
 171 223 172
 155 80 210
 224 225 133
 226 227 120
 35 194 34
 25 188 141
 53 228 172
 103 172 228
 101 143 145
 8 75 229
 91 164 92
 149 112 163
 144 143 55
 184 158 80
 230 231 232
 138 140 233
 201 234 54
 234 192 54
 197 235 75
 236 75 235
 74 8 237
 238 50 52
 32 239 49
 66 49 239
 43 24 195
 16 209 125
 166 217 216
 23 164 145
 240 241 232
 23 25 141
 242 217 160
 166 160 217
 206 243 207
 242 244 217
 21 20 215
 82 245 83
 246 85 87
 155 25 162
 13 247 157
 187 58 162
 107 162 58
 44 31 77
 13 157 110
 206 248 243
 15 243 248
 249 139 250
 131 211 180
 109 183 212
 30 217 173
 22 237 8
 213 251 12
 213 159 128
 252 253 3
 254 255 256
 171 257 201
 101 163 112
 134 128 135
 258 198 209
 175 111 259
 260 259 111
 149 261 112
 262 263 264
 184 264 263
 66 189 3
 23 92 164
 265 266 267
 230 232 268
 206 269 248
 249 248 269
 270 140 139
 96 69 271
 272 271 69
 0 273 160
 222 269 274
 275 87 259
 262 52 263
 170 263 52
 104 271 105
 166 276 161
 167 14 172
 166 277 276
 219 278 123
 149 123 278
 122 279 123
 206 274 269
 219 123 220
 260 220 123
 280 281 151
 170 81 158
 252 3 189
 254 256 282
 280 221 60
 61 60 221
 206 208 274
 167 172 102
 179 84 180
 181 183 86
 219 208 207
 136 140 137
 11 94 283
 226 120 212
 225 211 133
 270 139 284
 285 108 195
 67 57 286
 287 286 57
 249 284 139
 265 235 288
 205 26 289
 103 102 172
 144 290 108
 175 259 87
 219 221 208
 109 212 120
 131 133 211
 64 291 277
 265 288 292
 55 143 228
 22 63 293
 16 214 209
 98 209 214
 93 108 290
 240 294 241
 146 147 295
 296 297 298
 296 298 299
 109 99 183
 59 183 99
 192 95 148
 222 300 269
 150 191 190
 154 301 290
 118 302 69
 119 73 303
 184 156 116
 107 116 156
 218 304 34
 23 145 88
 0 161 1
 242 160 273
 22 130 237
 242 305 306
 307 306 305
 270 190 137
 30 130 308
 45 199 309
 61 220 111
 260 111 220
 153 151 281
 272 105 271
 32 34 304
 260 123 279
 280 151 310
 42 12 251
 311 267 266
 101 145 164
 197 198 312
 258 312 198
 313 1 161
 113 214 135
 150 180 191
 59 314 183
 285 24 88
 22 293 130
 50 39 51
 232 241 268
 154 193 315
 139 20 250
 254 316 255
 15 248 168
 203 177 176
 74 237 130
 187 43 317
 249 269 284
 32 316 239
 254 239 316
 138 233 73
 272 69 318
 53 223 201
 171 201 223
 224 133 319
 126 319 133
 126 120 320
 227 320 120
 321 207 243
 179 82 84
 85 181 86
 11 283 114
 322 283 94
 154 315 301
 323 324 325
 280 310 221
 208 221 310
 74 125 198
 313 276 291
 169 100 121
 42 317 43
 192 234 95
 138 215 20
 64 277 65
 205 315 193
 203 45 309
 8 229 9
 254 185 239
 275 259 326
 118 327 302
 328 119 303
 222 310 151
 126 133 121
 109 120 100
 169 121 132
 127 78 215
 21 215 78
 56 58 317
 171 14 329
 13 329 14
 96 271 97
 104 97 271
 323 325 305
 214 18 135
 90 92 200
 205 193 196
 134 330 128
 74 17 125
 201 257 234
 331 176 95
 19 157 247
 236 229 75
 230 332 231
 35 95 176
 115 289 27
 59 111 314
 331 95 234
 175 314 111
 258 209 253
 98 253 209
 30 308 216
 42 251 295
 307 295 251
 242 306 244
 270 300 190
 222 190 300
 113 135 128
 307 333 306
 262 264 268
 230 268 264
 115 283 289
 10 43 195
 134 306 330
 187 317 58
 334 194 177
 213 333 251
 335 200 141
 213 128 330
 144 55 290
 184 336 264
 236 267 337
 249 250 247
 19 247 250
 260 326 259
 26 27 289
 180 84 191
 183 314 86
 272 318 326
 275 326 318
 205 289 315
 322 315 289
 113 29 214
 19 250 20
 230 264 338
 170 51 81
 41 81 51
 89 117 281
 249 247 168
 236 337 339
 66 239 185
 154 290 55
 254 282 185
 272 326 340
 62 293 63
 272 340 105
 91 202 124
 154 54 193
 32 304 316
 79 341 210
 236 235 267
 265 267 235
 136 233 140
 47 204 257
 331 257 204
 342 343 286
 122 202 105
 90 105 202
 69 302 318
 73 233 303
 322 289 283
 13 168 247
 270 284 300
 269 300 284
 306 333 330
 184 263 158
 56 317 147
 252 344 253
 258 253 344
 56 165 57
 62 216 308
 219 207 278
 48 196 148
 40 68 70
 71 36 72
 67 286 343
 335 210 341
 331 234 257
 0 2 273
 260 279 326
 53 55 228
 13 110 329
 184 116 336
 122 105 340
 46 110 157
 192 193 54
 334 309 199
 11 114 159
 115 114 283
 249 168 248
 67 343 116
 321 278 207
 47 345 110
 264 336 338
 53 172 223
 346 347 292
 134 244 306
 262 241 348
 294 348 241
 285 195 24
 89 281 60
 103 228 143
 294 238 348
 297 224 319
 227 299 320
 238 52 348
 342 338 336
 262 348 52
 323 349 324
 166 65 277
 93 290 301
 225 178 211
 182 226 212
 3 253 4
 153 132 152
 146 325 324
 42 147 317
 153 117 132
 166 216 65
 307 325 295
 323 305 273
 242 273 305
 346 288 312
 153 281 117
 245 328 350
 327 246 351
 342 332 338
 230 338 332
 146 295 325
 115 27 29
 6 29 27
 262 268 241
 346 312 344
 175 86 314
 174 191 84
 335 141 188
 321 261 278
 149 278 261
 16 18 214
 321 243 129
 171 345 257
 146 352 165
 287 165 352
 323 2 349
 321 129 353
 307 305 325
 270 137 140
 291 276 277
 313 161 276
 98 4 253
 146 324 352
 275 302 351
 327 351 302
 328 303 350
 136 350 303
 186 354 189
 252 189 354
 236 339 229
 323 273 2
 134 173 244
 217 244 173
 62 65 216
 42 295 147
 197 288 235
 186 185 282
 342 336 343
 116 343 336
 335 188 210
 155 210 188
 297 319 298
 299 298 320
 170 158 263
 213 330 333
 47 257 345
 307 251 333
 144 108 142
 285 142 108
 104 341 97
 167 102 353
 112 353 102
 28 135 18
 131 152 132
 169 132 117
 245 350 83
 246 87 351
 104 106 341
 346 344 355
 252 355 344
 79 97 341
 90 200 106
 136 303 233
 275 318 302
 171 329 345
 346 292 288
 311 337 267
 287 57 165
 222 274 310
 208 310 274
 197 312 288
 280 60 281
 275 351 87
 136 83 350
 126 320 298
 126 298 319
 335 341 106
 122 124 202
 112 261 353
 322 301 315
 258 344 312
 331 204 176
 145 142 88
 93 301 94
 322 94 301
 203 176 204
 346 355 347
 356 347 355
 326 279 340
 110 345 329
 321 353 261
 15 129 243
 335 106 200
 130 293 308
 122 340 279
 356 355 354
 167 353 129
 252 354 355
 334 177 309
 285 88 142
 203 309 177
 62 308 293
 0
 0
 0
 0
 0
 0
 0
 0
 0
 0
 0
 0
 0
 0
 0
 0
 0
 2
 232 231
 21
 64 311 313 287 342 291 1 286 332 266 63 352 2 231 229 339 9 349 324 7 337
 0
 0
 20
 334 76 44 218 265 356 186 38 77 194 256 199 266 304 255 316 282 292 347 354
