336 606
0.804761 8.931736 1
0.883450 9.033758 1
0.731714 9.012262 1
0.813117 9.117463 1
1.305696 7.883720 1
1.208009 7.992225 1
1.205268 7.860732 1
0.586217 8.671837 1
0.717139 8.653090 1
0.688054 8.781419 1
0.600051 9.442334 1
0.625002 9.593052 1
0.495180 9.502041 1
0.302012 7.781382 1
0.448479 7.727332 1
0.365202 7.918355 1
0.518228 7.867599 1
0.441684 9.357429 1
0.279594 9.434204 1
0.296961 9.314909 1
0.376853 9.485054 1
0.858725 8.722531 1
1.021079 8.803075 1
0.926489 8.895859 1
1.353558 7.981986 1
0.722314 9.520363 1
0.000000 8.472222 0
0.000000 8.333333 0
0.166292 8.423943 1
0.206973 7.973966 1
0.290860 8.070413 1
1.499858 7.947772 1
1.398136 7.838314 1
0.000000 8.194445 0
0.133506 8.090914 1
0.127202 8.260216 1
1.508334 8.189949 1
1.644398 8.157336 1
1.585124 8.273692 1
1.707647 8.287313 1
1.761035 8.899155 1
1.870443 8.844454 2
1.824499 9.015575 2
1.085593 8.281207 1
1.211066 8.256941 1
1.196026 8.392241 1
0.577212 8.273679 1
0.521991 8.149955 1
0.693256 8.164474 1
0.812300 7.631135 1
0.853759 7.789952 1
0.733534 7.748320 1
1.388889 10.000000 0
1.286949 9.850028 1
1.458333 9.900642 1
0.000000 8.611111 0
0.099357 8.541667 1
0.149972 8.713051 1
0.000000 9.166667 0
0.123921 9.056075 1
0.118748 9.221499 1
0.833333 10.000000 0
0.771428 9.881005 1
0.952749 9.878537 1
0.738248 7.897949 1
0.613699 7.946341 1
0.604607 7.778429 1
0.511959 9.611855 1
0.803698 9.649410 1
0.678018 9.708518 1
0.624954 8.078673 1
0.210358 8.569089 1
0.309136 8.508445 1
0.578731 7.660341 1
0.515410 7.559653 1
1.616130 9.365771 1
1.769831 9.294094 1
1.730980 9.435247 2
0.261602 9.600441 1
0.400869 7.591715 1
0.339019 8.387820 1
1.189201 8.795759 1
1.113182 8.680849 1
0.758679 8.431259 1
0.733248 8.305851 1
0.866699 8.310026 1
0.267082 8.277399 1
0.413076 8.244780 1
1.696259 8.602985 1
1.803862 8.695800 2
1.657487 8.728475 1
1.494142 8.765318 1
1.645896 8.843415 1
1.564363 8.918695 1
1.317680 8.269543 1
1.451239 8.326179 1
1.309117 8.378160 1
1.066928 8.429412 1
0.191461 9.510171 1
1.398905 8.200853 1
1.103121 8.910573 1
1.767289 8.201658 1
1.500886 7.797293 2
0.950514 7.675474 1
1.592797 9.097786 1
1.669018 9.221201 1
1.548165 9.241406 1
0.616477 8.393044 1
0.473950 8.361743 1
0.795406 8.565123 1
0.908448 8.586155 1
0.411077 9.591169 1
1.250000 10.000000 0
0.000000 8.750000 0
0.883070 7.929007 1
0.997349 7.815324 1
1.146914 7.747867 1
1.091823 7.907299 1
0.546415 8.787341 1
0.990099 8.657994 1
0.142591 9.655199 1
0.283525 9.728330 1
1.464331 9.149743 1
1.402143 8.440618 1
0.196901 9.803100 1
1.431722 9.788975 1
1.492050 9.689928 1
1.576167 9.835144 2
1.728744 8.439555 1
1.596820 8.391994 1
1.287874 8.131318 1
0.864869 8.475965 1
1.561748 8.649764 1
1.608491 9.667698 2
0.526764 8.467170 1
0.293526 8.784400 1
0.441780 8.860373 1
0.333250 8.930343 1
1.181810 8.551363 1
1.220491 8.689522 1
1.596348 8.519858 1
1.544884 8.074590 1
1.334896 9.444846 1
1.348866 9.335640 1
1.469599 9.466022 1
0.506783 7.991428 1
1.497565 9.348309 1
1.071089 8.570249 1
1.684391 8.982583 1
1.361718 8.903855 1
1.337824 8.769677 1
1.458961 8.869428 1
0.414963 8.071552 1
0.356034 9.675016 1
0.225961 8.181989 1
0.211318 9.131266 1
0.294735 9.054495 1
0.369858 9.189230 1
1.266389 7.642892 1
1.177508 7.507638 1
1.326424 7.547935 2
0.529079 9.213453 1
0.322388 8.169227 1
0.983326 8.514839 1
0.864530 9.786017 1
1.283737 7.430814 1
1.204557 7.331199 2
0.435687 8.704444 1
0.235199 7.868153 1
1.051147 8.044083 1
1.144988 8.142914 1
0.981902 8.191603 1
0.997649 7.156612 2
0.906328 7.288684 1
0.844803 7.132699 2
0.694444 10.000000 0
0.555556 10.000000 0
0.632514 9.850994 1
0.000000 9.444445 0
0.000000 9.305555 0
0.147830 9.363488 1
1.527778 10.000000 0
0.714316 9.402905 1
1.090806 7.389845 1
0.795127 8.045098 1
0.229289 9.240767 1
1.247027 9.296149 1
1.236969 9.439577 1
1.445282 9.003757 1
0.191008 8.946526 1
1.838712 9.384990 1
1.918479 9.271042 2
1.973748 9.426676 2
0.712002 9.129732 1
0.756333 7.376606 1
0.669728 7.526626 1
0.642332 7.395194 1
0.695885 8.017605 1
0.832334 8.181274 1
1.894796 8.283788 2
1.796368 8.333261 1
0.563854 7.457312 1
1.390459 7.691524 2
0.636902 8.530614 1
0.817945 9.228610 1
0.705682 9.281222 1
0.487094 9.909638 1
0.086995 9.513889 1
0.814496 7.491768 1
1.818970 9.167747 1
1.952648 9.115278 2
1.212820 9.693766 1
1.355126 9.675912 1
0.830477 9.369934 1
0.838538 9.499920 1
0.493726 8.971506 1
0.404042 9.048648 1
0.000000 9.722222 0
0.000000 9.583333 0
0.416667 10.000000 0
0.277778 10.000000 0
0.347068 9.865978 1
0.804992 8.836111 1
0.390550 8.588207 1
0.499662 8.572626 1
0.790186 7.268943 1
0.155138 7.724136 2
0.303171 7.658401 1
0.208464 7.574777 2
1.154797 9.368364 1
0.000000 8.055555 0
0.598355 8.906145 1
1.497397 8.567036 1
1.155098 7.636156 1
0.984513 8.316355 1
1.030836 9.115532 1
1.126290 9.230981 1
1.010762 9.226134 1
0.000000 7.777778 0
0.115023 7.874085 1
0.446700 7.459182 2
0.553257 7.346814 2
0.972222 10.000000 0
0.000000 9.027778 0
0.996799 7.950277 1
0.492241 9.801861 1
0.930958 7.556477 1
1.004662 8.995338 1
1.878052 8.432953 2
1.824728 8.560706 2
1.747745 8.802259 1
1.860916 8.142054 2
1.155032 9.125547 1
0.668488 7.268610 2
0.739847 7.167933 2
1.623189 9.519094 2
0.964521 9.713545 1
0.954280 9.592237 1
1.263118 8.884799 1
0.299041 8.656504 1
1.058497 9.815688 1
0.920541 7.459746 1
0.930620 9.294585 1
0.973801 9.436555 1
1.054995 9.315080 1
1.334587 7.310613 3
1.396366 7.460019 2
1.205404 8.976017 1
0.633174 9.197259 1
0.592068 9.076138 1
1.021153 7.292825 1
0.564581 9.714310 1
0.683349 7.644981 1
1.288095 7.776429 1
0.213930 8.846450 1
1.429399 8.087277 1
0.953595 8.408203 1
0.000000 7.916667 0
0.000000 10.000000 0
0.000000 9.861111 0
0.107824 9.892176 1
0.138889 10.000000 0
1.151346 9.895024 1
0.106092 8.849491 1
1.358403 9.543875 1
1.443864 9.592309 1
0.911069 9.174496 1
1.062614 9.535784 1
1.717935 9.096978 1
1.118547 7.236432 2
1.311718 8.993432 1
0.759233 9.770711 1
2.010645 8.122132 3
1.943088 8.197810 2
1.610746 7.862753 2
1.258936 9.570167 1
0.480838 9.114609 1
0.389819 9.757821 1
1.153550 9.786070 1
1.346873 9.100210 1
0.091278 9.780123 1
0.213692 9.912251 1
1.301408 8.605935 1
1.426698 8.649664 1
0.599666 9.312307 1
1.076383 9.418751 1
0.923397 8.056890 1
1.079324 9.680214 1
0.000000 8.888889 0
1.111111 10.000000 0
1.642432 7.990613 2
1.853158 9.498068 2
1.049190 7.700259 1
1.534460 9.581480 1
1.345869 9.212654 1
1.750976 8.080727 2
1.444916 9.260551 1
0.719683 8.890155 1
1.142776 9.493199 1
1.149933 9.600081 1
1.404965 8.536551 1
1.305023 8.488237 1
0.323471 7.516419 2
1.031805 7.484908 1
1.056095 7.595831 1
0.418376 8.475342 1
0.981706 7.387838 1
0.857799 7.383876 1
0.092829 7.983811 1
1.117910 9.027727 1
0.455960 9.693076 1
1.497119 8.467815 1
1.229989 9.066641 1
0.084204 8.953752 1
1.047968 9.918360 1
1.242998 9.176913 1
 0 1 2
 1 3 2
 4 5 6
 7 8 9
 10 11 12
 13 14 15
 16 15 14
 17 18 19
 20 18 17
 21 22 23
 24 5 4
 10 25 11
 26 27 28
 29 15 30
 31 24 32
 33 34 35
 36 37 38
 39 38 37
 40 41 42
 43 44 45
 46 47 48
 49 50 51
 52 53 54
 55 56 57
 58 59 60
 61 62 63
 64 65 66
 67 12 11
 25 68 11
 11 68 69
 70 48 47
 71 28 72
 73 14 74
 75 76 77
 20 78 18
 79 74 14
 80 72 28
 81 22 82
 83 84 85
 80 86 87
 88 89 90
 91 92 93
 94 95 96
 91 90 92
 43 45 97
 98 18 78
 94 99 95
 81 100 22
 39 37 101
 31 32 102
 49 103 50
 104 105 106
 46 107 108
 21 109 110
 20 111 78
 52 112 53
 113 55 57
 64 50 114
 115 116 117
 6 117 116
 7 9 118
 75 105 76
 21 119 22
 120 78 121
 104 106 122
 123 96 95
 21 8 109
 124 120 121
 125 126 127
 39 128 129
 130 5 24
 83 85 131
 64 66 51
 88 90 132
 133 127 126
 134 108 107
 135 136 137
 130 94 44
 82 138 139
 88 132 140
 36 141 37
 21 9 8
 142 143 144
 70 47 145
 144 143 146
 64 51 50
 147 138 82
 104 93 148
 149 150 151
 152 30 15
 153 78 111
 154 35 34
 155 156 157
 158 159 160
 161 17 157
 19 157 17
 87 86 162
 147 119 163
 71 57 56
 125 54 53
 39 129 38
 155 60 59
 164 63 62
 165 159 166
 125 127 54
 71 56 28
 135 167 136
 110 163 119
 29 168 15
 169 170 171
 43 171 170
 172 173 174
 175 176 177
 178 179 180
 26 28 56
 181 54 127
 10 182 25
 27 35 28
 45 44 96
 183 166 159
 91 151 150
 64 114 184
 155 157 185
 186 143 187
 91 93 151
 104 188 93
 93 92 148
 189 156 59
 115 114 50
 190 191 192
 193 2 3
 194 195 196
 184 48 197
 198 171 85
 199 200 101
 73 74 195
 201 195 74
 152 145 47
 32 202 102
 7 203 8
 193 204 205
 80 28 86
 176 206 177
 178 180 207
 194 208 195
 209 210 191
 211 212 53
 125 53 212
 40 148 92
 213 214 182
 25 182 214
 46 87 47
 46 108 87
 215 216 137
 136 215 137
 152 47 87
 217 218 120
 219 220 221
 91 132 90
 80 87 108
 130 44 170
 130 99 94
 21 23 222
 223 224 167
 7 167 224
 36 95 99
 173 225 174
 13 226 227
 228 227 226
 186 187 229
 21 110 119
 152 87 162
 16 66 65
 94 96 44
 33 230 34
 231 136 118
 198 48 184
 232 140 132
 155 59 156
 158 233 159
 171 234 85
 231 215 136
 83 109 203
 70 197 48
 235 236 237
 8 203 109
 238 226 239
 46 48 84
 147 82 119
 201 240 241
 231 118 9
 242 61 63
 58 243 59
 73 66 14
 115 244 114
 98 207 180
 245 177 206
 49 208 246
 247 23 100
 22 100 23
 39 101 200
 248 249 128
 88 128 249
 16 14 66
 89 41 250
 251 199 101
 165 160 159
 252 236 235
 194 253 225
 254 225 253
 169 5 170
 75 255 144
 164 68 256
 257 256 68
 149 258 150
 46 84 107
 81 258 100
 216 157 156
 13 168 226
 13 227 14
 79 14 227
 71 259 57
 135 57 259
 260 63 256
 115 50 103
 142 187 143
 29 30 34
 154 34 30
 261 246 208
 213 262 263
 264 263 262
 201 196 195
 165 265 266
 213 263 214
 257 214 263
 154 162 86
 267 100 258
 193 268 269
 193 269 2
 190 77 76
 193 205 268
 175 177 62
 179 60 180
 169 117 5
 213 205 204
 172 270 173
 245 271 177
 69 177 271
 161 269 268
 231 2 269
 218 207 120
 219 221 206
 49 51 272
 158 273 116
 6 116 273
 135 137 274
 198 85 84
 88 249 89
 130 24 275
 276 131 85
 164 256 63
 213 182 205
 83 107 84
 98 120 207
 245 206 221
 31 275 24
 130 170 5
 277 238 239
 278 279 280
 278 280 281
 98 180 18
 19 18 180
 19 185 157
 112 282 53
 113 57 283
 190 76 191
 209 191 76
 49 272 195
 142 144 284
 285 284 144
 209 42 210
 193 3 204
 247 235 1
 286 1 235
 45 138 97
 147 97 138
 40 250 41
 257 68 214
 25 214 68
 49 195 208
 198 84 48
 257 263 287
 209 288 42
 73 195 272
 172 289 270
 149 188 290
 20 17 12
 81 150 258
 69 291 177
 19 180 185
 251 292 293
 27 33 35
 226 168 239
 6 5 117
 31 102 294
 211 295 212
 161 296 269
 7 224 203
 231 269 215
 13 15 168
 245 221 297
 183 289 166
 189 137 156
 104 288 105
 209 76 105
 211 53 298
 135 274 57
 75 106 105
 299 290 188
 124 300 120
 220 301 221
 124 221 301
 217 120 300
 40 42 148
 247 1 23
 0 23 1
 61 175 62
 179 58 60
 302 139 138
 90 89 250
 70 145 65
 91 303 132
 161 304 17
 10 17 304
 10 304 182
 205 182 304
 263 305 287
 10 12 17
 158 160 202
 209 105 288
 153 121 78
 16 145 15
 152 15 145
 149 151 188
 43 97 234
 264 305 263
 299 188 122
 194 196 253
 135 259 167
 223 167 259
 165 166 265
 114 306 184
 260 256 307
 308 113 283
 112 309 282
 91 150 303
 198 306 171
 124 121 221
 98 78 120
 285 126 212
 125 212 126
 129 128 140
 88 140 128
 183 270 289
 71 72 259
 223 259 72
 198 184 306
 31 294 310
 254 174 225
 136 167 118
 276 234 97
 104 122 188
 7 118 167
 115 117 244
 190 192 311
 158 116 233
 115 312 116
 232 132 303
 285 144 313
 69 68 291
 83 203 107
 164 291 68
 295 284 212
 73 272 66
 51 66 272
 299 122 314
 42 288 148
 37 310 315
 316 122 106
 190 311 77
 93 188 151
 21 222 9
 216 296 157
 161 157 296
 264 237 236
 231 9 317
 316 146 143
 22 119 82
 169 171 306
 32 24 4
 316 314 122
 75 144 146
 302 303 150
 114 244 306
 75 77 255
 43 170 44
 43 234 171
 318 287 305
 257 307 256
 177 291 62
 180 60 185
 211 298 307
 260 307 298
 28 35 86
 154 86 35
 67 11 271
 32 273 202
 158 202 273
 211 307 319
 211 319 295
 36 275 141
 144 255 313
 251 293 199
 81 139 150
 302 150 139
 302 320 303
 53 282 298
 57 274 283
 302 321 320
 248 200 199
 130 275 99
 189 274 137
 285 212 284
 49 246 103
 216 215 296
 269 296 215
 169 306 244
 134 107 203
 79 322 240
 152 162 30
 318 187 295
 142 295 187
 213 204 262
 31 310 141
 181 52 54
 55 26 56
 134 203 224
 39 200 128
 142 284 295
 183 159 323
 324 323 159
 257 287 307
 248 128 200
 318 295 319
 228 322 227
 79 227 322
 64 184 197
 37 141 310
 81 82 139
 134 325 108
 80 108 325
 286 262 204
 173 326 327
 277 239 328
 29 328 239
 133 313 255
 230 277 328
 324 159 233
 220 281 301
 279 217 300
 104 148 288
 230 328 34
 69 271 11
 186 229 236
 264 236 229
 29 34 328
 0 222 23
 31 141 275
 147 163 97
 276 97 163
 129 95 38
 247 329 235
 252 235 329
 36 99 275
 176 219 206
 218 178 207
 67 271 330
 129 331 95
 123 95 331
 267 332 329
 252 329 332
 169 244 117
 216 156 137
 36 38 95
 243 308 333
 309 242 334
 324 103 246
 299 314 335
 29 239 168
 286 204 3
 155 185 60
 164 62 291
 79 240 74
 276 85 234
 299 335 332
 186 314 143
 316 143 314
 261 327 326
 115 103 312
 37 315 101
 223 325 224
 173 270 326
 20 12 111
 67 111 12
 194 225 327
 173 327 225
 308 283 333
 189 333 283
 309 334 282
 260 282 334
 324 312 103
 247 100 329
 267 329 100
 134 224 325
 16 65 145
 110 131 163
 201 74 240
 231 317 2
 0 2 317
 45 321 138
 302 138 321
 279 300 280
 281 280 301
 153 330 297
 194 327 208
 261 208 327
 286 237 262
 264 262 237
 324 233 312
 116 312 233
 154 30 162
 32 4 273
 6 273 4
 232 303 320
 264 229 305
 133 126 313
 285 313 126
 223 72 325
 286 3 1
 123 320 321
 232 331 140
 276 163 131
 245 330 271
 318 229 187
 165 266 160
 242 63 334
 243 333 59
 153 297 121
 286 235 237
 64 197 65
 75 146 106
 153 111 330
 67 330 111
 129 140 331
 9 222 317
 80 325 72
 70 65 197
 324 246 323
 260 298 282
 189 283 274
 318 305 229
 161 268 304
 205 304 268
 45 96 321
 123 321 96
 189 59 333
 260 334 63
 124 280 300
 124 301 280
 261 323 246
 316 106 146
 110 109 131
 267 258 290
 40 92 250
 90 250 92
 149 290 258
 186 236 335
 252 335 236
 251 101 315
 186 335 314
 245 297 330
 307 287 319
 232 320 331
 183 326 270
 0 317 222
 318 319 287
 183 323 326
 261 326 323
 123 331 320
 252 332 335
 83 131 109
 267 290 332
 253 196 241
 201 241 196
 221 121 297
 299 332 290
 12
 172 228 254 253 226 289 265 166 174 322 240 241
 0
 16
 133 248 127 89 41 42 192 191 199 255 210 249 77 292 311 293
 10
 251 294 265 202 310 292 266 315 160 102
 0
 0
 0
 0
 0
 0
 0
 0
 0
 0
 0
 0
 0
 0
 0
 0
 0
 0
