291 514
8.136876 4.213919 1
8.233779 4.208621 1
8.197956 4.353964 1
8.043000 4.266956 1
8.820605 5.021739 2
8.722643 4.893626 1
8.893986 4.907285 1
8.833369 4.807293 1
8.283409 4.508610 1
8.329446 4.403931 1
8.401311 4.564542 1
8.446996 4.428215 1
9.364298 5.069196 2
9.440231 4.961960 1
9.521749 5.133544 2
9.111339 3.475663 2
9.189052 3.630861 1
9.037111 3.620797 1
8.541680 4.309810 1
8.655129 4.284656 1
8.563005 4.423867 1
9.739560 3.850509 1
9.820748 3.979503 1
9.701102 4.005759 1
8.583735 5.031181 1
8.709617 5.112521 2
8.564707 5.134566 2
9.252457 3.526508 2
9.130545 5.131914 2
9.106349 4.979466 1
9.232071 5.051641 2
10.000000 3.472222 0
10.000000 3.611111 0
9.854188 3.516792 1
9.892745 3.641623 1
9.493650 4.264837 1
9.630780 4.212965 1
9.569606 4.362883 1
9.701820 4.346334 1
9.792582 4.131754 1
8.678182 4.436863 1
9.763619 4.995296 1
9.803578 5.156919 2
9.658634 5.078186 2
8.363518 4.296433 1
8.857430 3.828493 1
8.906816 3.683397 1
9.000507 3.767156 1
9.144129 4.504739 1
9.057297 4.639683 1
8.979750 4.530584 1
9.565700 4.992430 1
8.883080 4.651967 1
8.224382 5.129714 2
8.161983 4.972324 1
8.308622 5.038104 2
8.990396 5.045081 2
8.993105 3.903397 1
7.680612 4.592384 1
7.803439 4.691078 1
7.654087 4.696296 1
7.793516 4.580345 1
8.116965 5.102116 2
8.499805 4.198955 1
8.602221 3.469974 2
8.556871 3.586126 1
8.437001 3.520203 3
7.435950 4.462722 1
7.340311 4.526483 2
7.320731 4.347878 1
7.238105 4.475309 2
8.462506 3.635818 2
8.570185 3.698988 1
8.418548 3.747811 2
8.578001 3.849503 1
9.656452 4.903107 1
7.908357 4.798086 1
7.962013 4.663584 1
9.454902 3.848161 1
9.314283 3.848248 1
9.434791 3.702993 1
9.291065 3.714597 1
8.348732 4.179103 1
9.365487 4.864355 1
9.463585 4.799226 1
8.745855 3.392673 2
8.746016 3.500659 1
7.719899 4.769942 1
7.677336 4.871897 1
7.584693 4.797374 1
9.545782 4.888039 1
8.982921 4.773951 1
8.638648 3.969128 1
8.518836 3.956628 1
7.481462 4.203020 1
7.581713 4.284287 1
7.450148 4.327531 1
9.884130 3.862222 1
7.234975 4.226376 2
7.226786 4.375290 2
7.590600 4.173781 1
8.791578 4.266639 1
8.735228 4.162879 1
8.901535 4.154629 1
8.927892 3.522048 2
7.901470 4.551707 1
8.142313 4.540506 1
8.164438 4.105258 1
8.303850 4.077287 1
8.892035 3.981842 1
9.009155 4.033360 1
9.185892 4.630215 1
9.595148 3.911410 1
9.261940 4.191768 1
9.137074 4.064754 1
9.294507 4.016786 1
9.013980 4.902018 1
9.164279 4.330723 1
9.119013 4.198482 1
7.940942 4.044223 2
7.829739 4.154537 1
7.810811 3.992948 2
7.683034 4.079422 1
8.799227 3.695459 1
9.201405 4.935510 1
8.791797 4.408943 1
9.896333 4.076138 1
9.731742 3.404548 1
9.595600 3.461062 1
9.617782 3.328546 2
9.484823 3.377062 2
8.014758 5.026240 1
7.912322 5.070052 2
7.905993 4.939065 1
9.010417 4.264057 1
9.024271 4.401928 1
8.010725 4.891712 1
9.596484 3.754119 1
7.819833 4.993639 1
7.798072 5.105775 2
7.704840 4.993128 2
9.544909 3.601026 1
9.696916 3.536094 1
8.140535 3.900856 2
8.224384 3.983773 1
8.077665 4.032224 1
9.843989 4.287328 1
9.836925 4.437894 1
9.314569 4.342330 1
7.355974 4.133937 2
7.511289 4.077076 2
8.751380 4.564247 1
8.861794 4.526571 1
8.695585 3.615175 1
8.902892 4.323374 1
8.706083 3.761477 1
9.268643 4.448486 1
9.659159 3.651117 1
8.535851 4.550630 1
7.670146 4.365158 1
7.547561 4.413340 1
8.808000 4.066500 1
9.867215 3.358270 2
8.068411 4.410639 1
9.569804 4.571433 1
9.660564 4.490055 1
9.656548 4.656291 1
9.775171 4.579339 1
8.426278 4.109686 1
9.587584 4.065104 1
9.477521 4.131865 1
7.640458 4.476840 1
7.769440 4.469009 1
8.040832 4.749102 1
10.000000 3.333333 0
8.028935 3.941008 2
8.822588 3.578330 1
9.370858 4.135249 1
9.893568 5.066491 1
9.681722 4.117604 1
8.444735 5.075212 2
9.726391 3.722780 1
8.045205 4.134794 1
7.949552 4.167972 1
7.909980 4.274614 1
9.088025 3.957970 1
8.494654 4.948745 1
8.432581 3.883755 1
8.281182 3.844628 2
7.544069 4.540211 1
7.431479 4.611162 2
9.197598 3.915571 1
7.543818 4.675114 1
7.428025 4.762900 2
9.486578 3.959123 1
9.104176 3.726347 1
9.389493 3.941152 1
8.697927 4.067390 1
8.621064 4.148262 1
8.538924 4.070376 1
9.408763 4.670970 1
9.303288 4.563451 1
9.457863 4.560836 1
9.392477 4.455444 1
8.717920 3.878421 1
8.764432 4.697741 1
7.801664 4.312671 1
7.579435 4.927200 2
9.124958 4.842820 1
8.711639 4.780706 1
8.508940 4.682758 1
8.648938 4.663811 1
8.912887 4.440127 1
9.035439 4.143056 1
9.851737 3.745319 1
8.688021 5.006658 1
7.695502 4.225101 1
8.282659 4.921088 1
7.871242 4.409590 1
10.000000 4.444445 0
9.895347 4.543991 1
8.117463 4.823249 1
10.000000 3.750000 0
9.397194 4.033442 1
7.706547 3.940217 2
8.336599 3.943409 1
9.491364 3.504400 1
9.370563 3.484943 2
9.097701 3.842282 1
8.164157 4.693324 1
7.971057 4.363525 1
10.000000 4.305555 0
9.896297 4.188107 1
10.000000 3.888889 0
9.328944 3.606921 1
9.785014 3.612837 1
9.289888 4.673587 1
9.515800 4.473945 1
7.797813 4.871843 1
7.589310 3.951665 2
7.087327 4.451959 3
10.000000 4.861111 0
10.000000 5.000000 0
9.878259 4.909756 1
10.000000 4.583333 0
10.000000 4.722222 0
9.880175 4.672441 1
9.114153 4.730761 1
7.348937 4.244239 1
8.263885 4.623531 1
9.918821 4.368527 1
8.066018 4.637471 1
10.000000 5.138889 0
9.914859 5.194705 2
10.000000 4.166667 0
8.230309 4.827884 1
8.295834 4.735635 1
8.469175 4.823543 1
8.601311 4.799692 1
8.397052 4.694332 1
8.856175 3.448032 2
9.334420 4.761513 1
9.202797 3.783251 1
9.383889 4.243562 1
9.734552 4.243294 1
9.444994 4.357610 1
8.020779 4.540840 1
9.531137 4.677654 1
8.589025 4.907459 1
10.000000 4.027778 0
9.735064 3.290539 2
8.350130 4.829906 1
9.217078 4.741789 1
9.261843 4.849654 1
8.022291 5.169083 3
8.388100 4.946356 1
9.602942 4.783470 1
9.717548 4.796529 1
8.651186 4.533991 1
9.763075 4.695080 1
7.968187 4.453945 1
9.816274 4.791667 1
9.921261 4.791667 1
9.435319 3.593017 1
8.780659 3.965343 1
9.310996 4.960452 1
9.763405 4.883244 1
8.420769 4.007967 1
10.000000 5.277778 0
9.926762 3.958333 1
7.487613 4.872024 2
 0 1 2
 3 0 2
 4 5 6
 6 5 7
 8 9 10
 9 11 10
 12 13 14
 15 16 17
 18 19 20
 21 22 23
 24 25 26
 27 16 15
 28 29 30
 31 32 33
 32 34 33
 35 36 37
 38 37 36
 39 23 22
 20 19 40
 41 42 43
 44 18 11
 45 46 47
 48 49 50
 51 14 13
 44 2 1
 52 50 49
 53 54 55
 4 6 56
 45 47 57
 58 59 60
 61 59 58
 53 62 54
 44 63 18
 64 65 66
 67 68 69
 70 69 68
 71 72 73
 74 73 72
 51 75 43
 76 59 77
 78 79 80
 81 80 79
 44 82 63
 83 84 13
 64 85 86
 87 88 89
 84 90 13
 52 49 91
 74 92 93
 94 95 96
 21 97 22
 98 69 99
 94 100 95
 101 102 103
 104 17 46
 87 89 60
 41 43 75
 77 59 105
 106 2 8
 107 108 1
 45 57 109
 110 109 57
 48 111 49
 21 23 112
 113 114 115
 116 56 6
 113 117 118
 119 120 121
 122 121 120
 45 123 46
 124 30 29
 40 19 125
 113 118 114
 39 22 126
 127 128 129
 130 129 128
 131 132 133
 134 117 135
 48 135 117
 131 133 136
 78 137 112
 138 139 140
 141 128 142
 143 144 145
 38 146 147
 113 148 117
 94 149 150
 151 125 152
 153 64 86
 101 103 154
 21 112 137
 28 56 29
 153 155 72
 74 72 155
 48 117 156
 141 142 157
 10 11 158
 95 159 160
 161 103 102
 31 33 162
 106 163 2
 164 165 166
 167 166 165
 61 105 59
 168 63 82
 52 91 7
 169 36 170
 35 170 36
 171 172 58
 61 58 172
 76 77 173
 174 31 162
 143 145 175
 104 46 176
 40 125 151
 46 17 47
 51 43 14
 113 115 177
 1 108 82
 38 147 165
 167 165 147
 41 178 42
 3 2 163
 39 179 23
 180 24 26
 44 9 2
 171 160 159
 21 137 181
 107 145 144
 117 148 156
 182 3 183
 183 3 184
 110 57 185
 110 103 109
 161 109 103
 141 137 80
 78 80 137
 180 186 24
 48 50 135
 73 187 188
 45 155 123
 134 154 103
 67 69 96
 67 189 190
 191 79 115
 74 187 73
 192 193 190
 169 170 194
 137 157 181
 195 47 17
 79 196 115
 197 198 199
 101 125 19
 92 197 199
 200 201 202
 203 202 201
 74 204 92
 52 7 205
 206 120 184
 207 89 88
 116 91 208
 5 209 7
 10 158 210
 211 210 158
 212 152 125
 71 66 65
 134 118 117
 110 114 213
 21 214 97
 5 4 215
 87 60 59
 203 201 156
 131 54 62
 122 120 216
 217 55 54
 192 190 189
 172 218 105
 219 220 147
 7 91 6
 131 136 54
 221 54 136
 198 19 63
 18 63 19
 191 114 185
 110 185 114
 222 97 214
 48 201 111
 116 6 91
 223 194 170
 122 224 121
 225 188 187
 74 93 187
 130 226 227
 38 165 37
 195 17 16
 61 172 105
 195 228 47
 52 152 50
 221 173 229
 206 184 218
 24 215 25
 92 199 93
 191 115 114
 184 230 218
 153 86 176
 231 146 232
 134 135 154
 212 154 135
 211 151 205
 52 205 151
 222 233 97
 27 227 234
 206 216 120
 235 33 34
 127 33 142
 235 142 33
 200 236 201
 119 183 120
 95 160 96
 37 165 237
 153 65 64
 74 155 204
 169 194 112
 76 238 59
 87 59 238
 122 239 224
 70 240 99
 241 242 243
 244 245 246
 167 147 220
 48 156 201
 91 247 208
 169 112 23
 51 13 90
 122 150 239
 141 157 137
 69 248 96
 10 249 8
 127 162 33
 219 147 250
 229 173 251
 203 156 148
 106 8 249
 104 15 17
 252 253 178
 254 231 232
 221 229 255
 256 255 229
 257 210 258
 211 258 210
 10 259 249
 94 150 100
 11 20 158
 164 237 165
 221 136 173
 76 173 136
 4 25 215
 222 214 34
 67 190 68
 221 255 54
 217 54 255
 86 260 176
 171 58 189
 192 189 58
 122 216 100
 81 234 80
 44 1 82
 192 60 89
 200 84 261
 83 261 84
 78 112 194
 106 249 229
 107 1 0
 242 252 178
 195 262 228
 35 263 170
 57 47 228
 219 244 220
 70 99 69
 38 264 146
 98 248 69
 81 262 16
 195 16 262
 237 203 265
 170 263 177
 32 222 34
 130 128 226
 106 266 163
 18 20 11
 44 11 9
 37 237 265
 164 267 202
 41 243 178
 225 144 188
 24 268 215
 42 178 253
 81 79 262
 191 262 79
 269 254 126
 127 270 162
 257 271 259
 272 273 208
 124 208 273
 114 118 213
 95 100 216
 223 177 115
 131 274 132
 45 204 155
 153 123 155
 212 135 50
 104 176 260
 242 178 243
 153 72 65
 138 140 238
 257 186 275
 76 136 133
 116 29 56
 35 37 265
 94 96 248
 276 166 277
 143 188 144
 127 142 128
 211 158 278
 67 160 189
 166 279 277
 200 202 267
 2 9 8
 49 247 91
 39 146 264
 211 278 151
 257 275 271
 244 246 220
 40 151 278
 127 129 270
 211 209 258
 257 259 210
 39 232 146
 257 258 268
 147 146 250
 231 250 146
 167 220 246
 203 148 265
 280 105 218
 158 20 278
 113 263 148
 256 249 259
 40 278 20
 238 140 88
 169 179 36
 38 36 264
 27 234 16
 81 16 234
 122 100 150
 257 268 186
 52 151 152
 281 282 243
 241 243 282
 5 215 268
 124 29 208
 116 208 29
 141 226 128
 245 282 246
 281 246 282
 280 163 266
 206 172 159
 171 159 172
 211 205 209
 235 157 142
 192 89 193
 235 34 214
 134 103 213
 138 133 132
 21 181 214
 235 214 181
 24 186 268
 80 234 283
 256 229 249
 77 251 173
 171 189 160
 256 259 271
 223 115 196
 76 133 238
 92 284 197
 164 166 267
 168 82 108
 119 175 145
 212 50 152
 254 232 126
 200 261 236
 281 279 246
 167 246 279
 71 65 72
 101 154 125
 212 125 154
 124 285 30
 12 30 285
 141 80 283
 107 0 182
 119 145 182
 110 213 103
 101 19 102
 198 102 19
 281 243 286
 41 286 243
 225 108 144
 7 209 205
 3 230 184
 276 84 267
 106 229 251
 192 58 60
 120 183 184
 200 267 84
 168 287 199
 93 199 287
 231 219 250
 252 288 253
 49 111 247
 272 247 111
 67 96 160
 134 213 118
 95 216 159
 206 159 216
 10 210 259
 169 23 179
 153 176 123
 276 267 166
 92 204 284
 138 132 139
 245 241 282
 168 108 287
 225 287 108
 119 182 183
 3 163 230
 36 179 264
 39 264 179
 233 269 289
 272 261 273
 83 273 261
 272 208 247
 5 258 209
 5 268 258
 107 182 145
 3 182 0
 107 144 108
 138 238 133
 193 89 290
 276 277 75
 280 230 163
 206 218 172
 93 287 187
 225 187 287
 78 196 79
 161 197 284
 167 279 166
 180 275 186
 83 285 273
 124 273 285
 168 199 63
 198 63 199
 269 126 289
 22 289 126
 131 62 274
 276 90 84
 217 275 55
 180 55 275
 235 181 157
 207 290 89
 83 13 285
 12 285 13
 86 85 260
 41 75 286
 39 126 232
 280 218 230
 276 75 90
 51 90 75
 272 111 236
 201 236 111
 217 271 275
 87 238 88
 217 255 271
 256 271 255
 46 123 176
 191 228 262
 223 170 177
 45 109 284
 77 105 266
 280 266 105
 227 283 234
 198 197 102
 75 277 286
 78 194 196
 223 196 194
 148 263 265
 113 177 263
 233 289 97
 22 97 289
 161 284 109
 45 284 204
 207 88 140
 272 236 261
 281 277 279
 35 265 263
 141 283 226
 227 226 283
 57 228 185
 191 185 228
 203 237 202
 164 202 237
 161 102 197
 98 149 248
 94 248 149
 106 251 266
 77 266 251
 281 286 277
 0
 0
 0
 0
 0
 0
 0
 0
 0
 0
 0
 0
 0
 0
 11
 207 70 190 240 193 132 274 139 140 68 290
 0
 0
 0
 0
 16
 12 180 28 53 42 4 14 56 25 43 274 30 55 62 26 253
 0
 0
 0
 0
 12
 104 27 130 227 64 15 129 162 270 66 260 85
 15
 71 119 143 73 98 240 121 150 175 239 188 66 149 224 99
 0
