284 502
7.164596 2.778845 1
7.262382 2.722581 1
7.201928 2.902174 1
7.342909 2.799273 1
6.849532 3.776139 1
6.800718 3.652420 1
6.911029 3.660890 1
7.498225 2.583424 1
7.622765 2.702036 1
7.500171 2.698773 1
7.443472 1.942950 2
7.613626 1.986608 1
7.510754 2.063014 1
6.810746 4.185935 1
6.771570 4.326343 2
6.666837 4.183290 1
6.642293 4.299617 2
7.068633 3.034311 1
7.052530 2.925088 1
7.523554 1.866925 1
7.219480 2.344383 1
7.363740 2.410020 1
7.257778 2.463959 1
6.505392 2.912363 1
6.463891 3.083112 2
6.394594 2.906682 2
7.340687 3.445907 1
7.209900 3.518409 1
7.257548 3.368222 1
7.312423 2.260671 1
7.173300 3.083775 1
6.690095 3.368343 1
6.610770 3.517084 1
6.571198 3.370148 1
6.771995 3.451471 1
7.620184 2.556905 1
7.474355 3.948735 1
7.362502 3.998096 1
7.354558 3.843473 1
7.787800 3.842246 1
7.717743 3.712051 1
7.853895 3.704172 1
7.147572 3.390509 1
7.258852 3.938286 1
7.734658 2.641909 1
7.085173 2.293885 2
7.198239 2.211733 2
7.507003 3.833107 1
7.248505 4.062547 1
7.753994 1.900319 3
7.777062 2.059184 2
6.967904 3.287072 1
7.032102 3.373044 1
6.923911 3.405792 1
7.020362 3.486349 1
7.432907 3.754267 1
6.458221 2.769819 2
6.590697 2.811427 1
6.733642 3.740400 1
6.747306 3.560399 1
6.880623 3.544763 1
7.919614 2.303614 1
7.874130 2.467033 1
7.794896 2.314073 1
7.725644 2.414804 1
6.712580 3.932482 1
6.708884 4.073019 1
6.595653 3.964163 1
6.999556 4.038641 1
7.132358 4.123266 1
7.014201 4.188108 1
7.007150 3.739095 1
7.145138 4.312762 1
7.234975 4.226376 2
7.226786 4.375290 2
7.550530 3.698022 1
7.434972 3.621327 1
7.107476 3.549114 1
7.310883 3.038144 1
7.393803 2.920684 1
7.442627 3.070481 1
8.134847 3.534906 1
8.141157 3.688168 1
7.999675 3.667001 1
6.840518 4.024195 1
6.958953 3.898711 1
8.119693 3.335945 1
8.203995 3.214273 2
8.225669 3.402265 2
8.104742 3.126991 1
8.182261 3.044488 2
6.584668 4.109902 1
7.420715 1.784334 2
7.518536 2.990162 1
8.138584 2.715771 1
8.073783 2.616538 1
8.237949 2.582546 2
7.486845 3.218712 1
7.466652 3.355587 1
7.330201 3.277953 1
6.621573 3.804765 1
6.669802 3.646270 1
6.560232 3.675211 1
7.919750 3.793797 1
7.646689 3.834103 1
7.589310 3.951665 2
7.355974 4.133937 2
7.511289 4.077076 2
8.280723 3.514709 1
7.592319 3.433949 1
7.679657 3.570265 1
7.536464 3.555036 1
7.052512 3.196591 1
6.453152 3.767231 2
7.707490 2.529548 1
6.551127 3.130996 1
6.429959 3.207061 2
8.044079 3.806587 1
8.140535 3.900856 2
8.028935 3.941008 2
8.126678 2.518943 1
7.068888 2.818274 1
7.983636 2.709339 1
8.034971 2.803290 1
8.040907 2.404523 1
8.462506 3.635818 2
8.418548 3.747811 2
8.343011 3.622439 1
8.261129 3.719571 1
7.315815 3.590630 1
6.822093 3.892826 1
7.845436 3.518463 1
7.950570 3.409978 1
7.993028 3.524222 1
7.413507 2.305499 1
7.563960 2.329350 1
7.501750 2.447927 1
8.190020 2.426300 2
8.122610 2.331050 2
6.600846 2.932975 1
7.179577 3.233610 1
8.224896 3.609948 1
6.848816 2.968618 1
6.763456 3.051121 1
6.708418 2.887866 1
7.126564 2.429618 1
6.969264 3.105634 1
6.553434 3.253668 1
7.823123 2.586313 1
7.250711 3.717463 1
7.357793 3.705432 1
8.044533 2.262336 2
8.281182 3.844628 2
8.184880 3.793109 1
6.933664 4.371037 2
7.032129 4.300321 1
7.087327 4.451959 3
7.924122 3.904215 1
7.810811 3.992948 2
7.940942 4.044223 2
6.692377 3.259622 1
6.815573 3.308843 1
7.259796 3.145880 1
6.506629 3.889209 2
6.949171 2.859374 1
6.831521 2.857825 1
6.882554 2.715508 1
6.917846 4.123974 1
6.748885 3.832602 1
7.739520 3.436522 1
7.653986 2.107674 1
7.124539 3.959820 1
6.648148 3.030420 1
6.659159 2.606412 1
6.561868 2.666827 2
6.582386 2.496284 3
6.460124 3.478721 1
6.840494 2.576562 1
6.760593 2.649564 1
6.707620 2.517997 2
7.735209 2.199541 1
7.859236 2.189422 1
7.920929 2.087509 2
7.879289 3.139514 1
7.888206 3.296390 1
7.778308 3.199289 1
7.632497 1.874329 2
7.391330 2.057900 2
7.421768 2.171318 1
7.288234 2.111815 2
7.184696 3.631456 1
7.651947 2.850164 1
7.775370 2.930329 1
7.640660 2.984742 1
7.510874 2.241171 1
6.553916 3.018667 1
7.447333 3.485706 1
7.110127 4.224920 1
6.455020 3.605576 1
7.839534 3.393071 1
7.204153 3.827495 1
7.941402 2.601359 1
8.011380 2.521679 1
7.083027 3.295975 1
6.056940 3.532387 3
6.177589 3.490413 1
6.207385 3.602029 2
6.991859 2.737978 1
7.108499 2.672402 1
7.971704 3.223093 1
7.759981 2.779103 1
7.896862 2.826248 1
7.490658 2.861258 1
7.440787 2.773346 1
7.080760 3.837439 1
7.151046 3.739827 1
7.082345 3.659046 1
6.330319 3.680072 2
6.346057 3.572299 1
6.348061 3.445958 1
7.363416 3.152739 1
6.799769 2.448540 2
7.542164 1.765435 2
7.730455 3.088658 1
7.657597 3.226219 1
7.582279 3.102443 1
7.237609 2.614172 1
7.153166 2.542537 1
6.784701 3.180450 1
6.655578 3.156748 1
6.897636 3.204002 1
6.787325 2.759643 1
6.678010 2.730290 1
7.787888 3.623500 1
7.574619 3.319385 1
8.258897 2.715691 2
7.977349 2.168581 2
6.958165 2.625986 1
8.079580 3.432795 1
7.422709 2.508872 1
7.377967 2.654471 1
7.322326 2.547752 1
7.907538 3.607256 1
6.557072 4.237191 2
6.475811 4.160089 2
7.857933 2.691714 1
7.706547 3.940217 2
7.773939 3.304002 1
6.999979 3.608918 1
7.040461 2.535963 1
6.485501 4.018254 2
7.845520 3.024067 1
7.891593 2.942861 1
7.672304 3.346754 1
6.962265 2.992604 1
6.872154 3.083266 1
7.549607 2.157194 1
7.569988 2.907280 1
7.995681 2.910770 1
7.491823 1.669027 3
8.120616 2.909976 1
8.228585 2.822122 2
8.264857 2.953717 2
6.903252 4.256149 1
6.125888 3.393376 2
6.451737 3.351694 1
7.677302 2.321094 1
7.622062 2.226642 1
7.944530 3.022892 1
8.004569 3.123369 1
6.998342 2.405602 2
6.918958 2.495602 2
8.059409 3.021968 1
6.268794 3.508210 1
8.130690 2.812789 1
8.075289 3.231018 1
8.019016 3.320478 1
8.437001 3.520203 3
6.332080 3.337939 2
6.240714 3.415223 2
7.622042 2.442154 1
8.348223 3.406164 2
7.549659 2.792630 1
6.546760 4.352573 3
 0 1 2
 1 3 2
 4 5 6
 7 8 9
 10 11 12
 13 14 15
 16 15 14
 17 18 2
 19 11 10
 20 21 22
 23 24 25
 26 27 28
 20 29 21
 30 17 2
 31 32 33
 31 34 32
 35 8 7
 36 37 38
 39 40 41
 27 42 28
 38 37 43
 44 8 35
 20 45 46
 36 38 47
 48 43 37
 49 50 11
 51 52 53
 54 53 52
 38 55 47
 23 56 57
 4 58 5
 59 34 60
 61 62 63
 64 63 62
 53 60 34
 65 66 67
 68 69 70
 4 6 71
 72 73 74
 59 60 5
 75 55 76
 27 77 42
 54 42 77
 78 79 80
 81 82 83
 68 84 85
 86 87 88
 89 90 87
 91 67 66
 10 92 19
 93 80 79
 94 95 96
 97 98 99
 26 99 98
 58 100 101
 101 100 102
 39 41 103
 104 105 47
 106 37 107
 81 88 108
 109 110 111
 75 111 110
 30 112 17
 102 100 113
 23 25 56
 44 35 114
 24 115 116
 117 118 119
 117 103 83
 41 83 103
 120 96 95
 64 62 114
 18 121 2
 0 2 121
 54 60 53
 95 94 122
 47 105 36
 122 94 123
 61 124 62
 75 76 111
 125 126 127
 128 127 126
 26 129 27
 84 130 85
 48 73 69
 131 132 133
 134 135 136
 120 124 137
 138 137 124
 23 57 139
 140 112 30
 81 141 82
 142 143 144
 20 145 45
 146 17 112
 3 79 2
 140 99 28
 65 84 66
 59 32 34
 147 116 115
 78 30 2
 62 148 114
 140 28 42
 149 150 38
 61 151 124
 128 126 152
 117 153 118
 154 155 156
 39 157 158
 159 158 157
 75 110 40
 147 160 33
 51 53 161
 140 162 99
 20 22 145
 163 113 100
 164 165 166
 31 161 34
 81 108 141
 68 70 167
 6 5 60
 4 168 58
 131 110 169
 109 169 110
 11 50 170
 68 171 69
 172 144 143
 173 174 175
 176 33 32
 177 178 179
 180 50 181
 182 181 50
 183 184 185
 49 11 186
 187 188 189
 39 104 40
 75 40 104
 149 190 129
 191 192 193
 138 124 151
 134 194 135
 149 129 150
 23 195 24
 76 129 196
 72 197 73
 134 136 21
 176 32 198
 102 198 32
 131 199 132
 149 38 200
 201 62 202
 140 42 203
 204 205 206
 207 208 121
 209 184 183
 191 210 192
 211 192 210
 48 106 73
 31 33 160
 53 34 161
 38 150 55
 212 79 213
 213 79 3
 19 186 11
 78 2 79
 214 71 215
 216 215 71
 102 113 198
 217 198 113
 207 164 166
 48 69 171
 176 218 219
 176 198 218
 0 121 208
 26 28 99
 93 79 212
 97 99 220
 117 119 157
 177 179 221
 31 160 161
 39 103 157
 26 196 129
 19 92 222
 223 224 225
 36 107 37
 217 206 218
 226 227 22
 228 229 143
 68 167 84
 13 84 167
 117 83 82
 146 112 230
 231 144 232
 57 232 144
 13 66 84
 214 171 85
 68 85 171
 131 233 110
 142 144 165
 214 200 171
 65 130 84
 0 208 1
 226 1 208
 97 224 234
 109 196 98
 159 157 119
 36 105 107
 94 96 235
 99 162 220
 61 181 236
 41 40 233
 97 225 224
 44 210 8
 207 237 208
 72 74 156
 61 236 151
 54 52 42
 81 238 88
 62 124 202
 239 7 240
 97 234 98
 75 104 47
 226 22 241
 57 144 139
 201 148 62
 222 186 19
 223 193 192
 120 137 96
 131 133 242
 91 243 244
 73 197 69
 81 83 133
 171 200 43
 91 15 243
 72 156 155
 44 245 210
 39 246 104
 76 196 111
 247 224 185
 223 185 224
 75 47 55
 231 166 165
 117 82 153
 187 12 188
 109 111 196
 6 248 71
 249 208 237
 4 85 130
 216 71 248
 172 143 229
 91 244 250
 41 242 83
 223 192 251
 239 240 241
 51 230 112
 211 122 123
 4 71 85
 214 85 71
 134 21 29
 211 252 192
 247 253 224
 27 129 190
 78 162 30
 140 30 162
 142 254 255
 256 188 12
 191 8 210
 22 227 145
 48 37 106
 256 12 170
 11 170 12
 173 179 178
 146 255 254
 191 193 257
 76 150 129
 211 123 258
 259 222 92
 223 225 193
 180 170 50
 9 240 7
 211 245 122
 228 161 160
 39 158 246
 239 21 136
 247 185 184
 260 261 262
 109 98 234
 26 98 196
 78 80 220
 211 210 245
 93 212 257
 260 258 123
 147 229 160
 86 88 238
 35 7 136
 239 136 7
 154 14 263
 13 263 14
 104 246 105
 76 55 150
 163 100 67
 65 67 100
 173 232 174
 59 101 32
 102 32 101
 231 165 144
 177 166 178
 264 205 204
 147 33 265
 128 82 141
 180 63 266
 110 233 40
 172 229 115
 180 266 267
 147 265 116
 117 157 103
 268 269 183
 209 183 269
 172 139 144
 249 270 145
 45 145 270
 249 237 271
 61 63 181
 180 181 63
 44 114 148
 146 230 255
 260 90 272
 70 69 197
 273 218 206
 94 274 123
 13 15 66
 172 115 195
 260 123 274
 223 251 183
 57 174 232
 97 80 225
 260 262 90
 18 164 121
 207 121 164
 189 188 29
 134 29 188
 70 155 263
 154 263 155
 89 275 269
 93 193 225
 239 241 21
 22 21 241
 226 240 1
 3 1 240
 91 250 67
 249 145 227
 94 235 261
 89 87 275
 228 143 255
 57 56 174
 201 245 148
 44 148 245
 142 164 254
 226 241 240
 260 274 261
 94 261 274
 120 202 124
 18 254 164
 187 10 12
 177 271 237
 247 199 169
 132 276 238
 177 237 166
 9 213 240
 3 240 213
 70 263 167
 13 167 263
 142 165 164
 83 242 133
 177 221 271
 125 127 277
 108 277 127
 226 208 227
 249 227 208
 268 183 251
 131 169 199
 93 225 80
 231 178 166
 278 219 279
 135 194 267
 256 267 194
 132 238 133
 201 95 122
 108 127 141
 209 269 275
 135 266 280
 223 183 185
 48 171 43
 163 67 250
 58 168 100
 65 100 168
 78 220 162
 59 5 101
 58 101 5
 86 275 87
 209 276 184
 109 253 169
 51 112 203
 249 271 270
 247 169 253
 16 243 15
 201 122 245
 273 219 218
 135 280 136
 228 230 161
 217 218 198
 51 203 52
 134 188 194
 256 194 188
 132 184 276
 224 253 234
 273 206 205
 128 141 127
 108 88 281
 192 252 251
 278 265 219
 191 257 282
 260 272 258
 268 258 272
 228 255 230
 273 279 219
 212 282 257
 97 220 80
 128 153 82
 176 265 33
 278 116 265
 16 283 243
 180 267 170
 256 170 267
 228 160 229
 93 257 193
 189 29 46
 20 46 29
 91 66 15
 86 238 276
 51 161 230
 182 236 181
 142 255 143
 247 184 199
 64 280 266
 214 215 200
 176 219 265
 89 269 272
 268 272 269
 211 258 252
 131 242 233
 41 233 242
 108 281 277
 89 272 90
 173 178 232
 147 115 229
 23 139 195
 81 133 238
 191 282 8
 173 175 179
 64 114 280
 35 280 114
 9 8 282
 4 130 168
 207 166 237
 70 197 155
 72 155 197
 132 199 184
 64 266 63
 149 200 215
 35 136 280
 38 43 200
 268 252 258
 109 234 253
 9 282 213
 212 213 282
 140 203 112
 128 152 153
 6 60 248
 54 248 60
 172 195 139
 42 52 203
 264 279 205
 18 17 254
 146 254 17
 118 153 152
 216 77 190
 273 205 279
 135 267 266
 24 195 115
 209 275 276
 201 202 95
 120 95 202
 268 251 252
 65 168 130
 231 232 178
 27 190 77
 86 276 275
 216 248 77
 216 190 215
 54 77 248
 149 215 190
 0
 0
 0
 0
 0
 0
 0
 0
 0
 0
 0
 0
 0
 9
 163 217 204 244 250 113 206 243 283
 5
 154 16 156 14 283
 0
 0
 0
 0
 0
 0
 10
 264 24 278 204 56 116 175 174 25 279
 12
 187 259 45 189 92 221 175 270 271 46 179 10
 4
 49 259 186 222
 16
 182 138 49 50 261 96 87 88 262 151 137 281 235 277 90 236
 0
 15
 125 159 118 126 73 156 158 107 119 105 152 277 106 246 74
