280 493
1.305696 7.883720 1
1.208009 7.992225 1
1.205268 7.860732 1
0.586217 8.671837 1
0.717139 8.653090 1
0.688054 8.781419 2
0.510559 7.108503 1
0.395163 7.165545 1
0.409375 7.016966 1
1.556666 6.985476 1
1.596790 6.824622 1
1.680047 6.992041 1
1.753950 6.896599 1
0.559112 6.615945 1
0.663739 6.708256 1
0.514937 6.747599 1
0.302012 7.781382 1
0.448479 7.727332 1
0.365202 7.918355 1
0.518228 7.867599 1
1.786778 7.275660 1
1.840102 7.137749 1
1.913435 7.227174 1
1.353558 7.981986 1
0.000000 8.472222 0
0.000000 8.333333 0
0.166292 8.423943 1
0.206973 7.973966 1
0.290860 8.070413 1
1.499858 7.947772 2
1.398136 7.838314 1
0.000000 8.194445 0
0.133506 8.090914 1
0.127202 8.260216 1
1.674321 7.205916 1
0.577212 8.273679 1
0.521991 8.149955 1
0.693256 8.164474 1
0.812300 7.631135 1
0.853759 7.789952 1
0.733534 7.748320 1
0.540023 7.005441 1
0.304373 6.188498 1
0.458075 6.124873 2
0.439970 6.285912 2
0.000000 6.805555 0
0.124206 6.674959 1
0.168758 6.780949 1
0.000000 8.611111 0
0.099357 8.541667 1
0.149972 8.713051 2
0.354021 7.393651 1
0.435442 7.313666 1
0.446700 7.459182 1
0.738248 7.897949 1
0.613699 7.946341 1
0.604607 7.778429 1
0.402159 6.651262 1
0.624954 8.078673 1
0.210358 8.569089 1
0.309136 8.508445 1
0.578731 7.660341 1
0.515410 7.559653 1
0.400869 7.591715 1
1.551207 7.285677 1
1.564610 7.186412 1
0.339019 8.387820 1
0.758679 8.431259 1
0.733248 8.305851 1
0.866699 8.310026 1
0.267082 8.277399 1
0.413076 8.244780 1
1.630993 7.365955 1
1.716988 6.784972 2
0.607504 6.824253 1
0.247466 7.171700 1
0.311634 7.287780 1
0.190436 7.302215 1
1.500886 7.797293 2
0.950514 7.675474 1
0.124253 7.204134 1
0.616477 8.393044 1
0.473950 8.361743 1
0.858725 8.722531 2
0.795406 8.565123 1
0.908448 8.586155 1
0.000000 8.750000 0
0.883070 7.929007 1
0.997349 7.815324 1
1.146914 7.747867 1
1.091823 7.907299 1
1.258960 7.182138 1
1.125977 7.093374 1
1.247292 7.029595 1
0.546415 8.787341 1
1.118547 7.236432 1
1.287874 8.131318 2
0.864869 8.475965 1
0.555792 6.480118 1
0.661663 6.433148 2
0.692328 6.567451 2
0.000000 7.777778 0
0.000000 7.638889 0
0.155138 7.724136 1
0.553257 7.346814 1
0.094249 7.569445 1
0.526764 8.467170 1
1.730406 7.084311 1
1.463800 6.891809 1
0.506783 7.991428 1
0.323862 6.067037 2
0.000000 6.666667 0
1.126392 6.947610 1
0.987395 6.885596 1
1.114545 6.819599 1
1.015840 6.738435 1
0.283384 7.047626 1
1.346684 6.950495 1
1.439220 7.024059 1
1.345919 7.083216 1
0.465655 6.555604 1
0.886363 6.750875 1
0.414963 8.071552 1
0.225961 8.181989 1
1.266389 7.642892 1
1.177508 7.507638 1
1.326424 7.547935 1
1.908202 7.358087 2
0.322388 8.169227 1
1.071089 8.570249 2
0.990099 8.657994 2
0.983326 8.514839 1
0.371069 6.795438 1
1.283737 7.430814 1
1.204557 7.331199 1
0.293526 8.784400 2
0.435687 8.704444 1
0.441780 8.860373 2
0.235199 7.868153 1
1.051147 8.044083 1
1.144988 8.142914 2
0.981902 8.191603 1
1.085593 8.281207 2
0.997649 7.156612 1
0.906328 7.288684 1
0.844803 7.132699 1
1.390459 7.691524 1
1.501852 7.678027 2
0.739847 7.167933 1
0.668488 7.268610 1
0.630688 7.118028 1
1.090806 7.389845 1
0.795127 8.045098 1
0.270356 6.722905 1
0.241087 6.594317 1
0.756333 7.376606 1
0.669728 7.526626 1
0.642332 7.395194 1
0.695885 8.017605 1
0.832334 8.181274 1
0.532266 7.220194 1
0.563854 7.457312 1
1.946103 7.028942 1
1.886681 6.919601 2
2.054027 6.924795 2
0.000000 7.361111 0
0.081500 7.298603 1
0.115371 7.430360 1
0.636902 8.530614 1
0.208464 7.574777 1
0.250566 7.417533 1
0.323471 7.516419 1
0.362887 6.551648 1
0.814496 7.491768 1
0.000000 6.250000 0
0.000000 6.111111 0
0.144028 6.180555 1
0.000000 7.500000 0
0.596528 6.329490 2
0.481959 6.387649 1
0.311214 6.299680 1
0.113225 6.883154 1
0.000000 5.972222 0
0.116808 5.897958 3
0.111832 6.061011 1
0.000000 7.083333 0
0.141202 7.079720 1
0.390550 8.588207 1
0.499662 8.572626 1
1.364042 6.804653 1
0.790186 7.268943 1
0.303171 7.658401 1
0.000000 7.222222 0
0.000000 8.055555 0
1.490665 6.790922 1
0.598355 8.906145 2
1.155098 7.636156 1
0.984513 8.316355 1
0.929986 7.017158 1
0.862778 6.878037 1
0.804398 6.970953 1
0.115023 7.874085 1
0.996799 7.950277 1
0.930958 7.556477 1
1.463472 7.365602 1
1.532278 7.479693 1
0.664117 6.992033 1
0.692460 6.894339 1
0.768840 6.814992 1
0.799684 6.671224 1
0.323504 6.922027 1
0.479855 6.892079 1
0.736771 7.076329 1
1.040813 7.011794 1
1.444627 6.706367 1
1.333971 6.646914 2
1.478751 6.592216 2
0.299041 8.656504 1
1.334587 7.310613 1
0.220288 5.997429 2
1.675653 7.515348 2
1.761743 7.409687 2
2.020253 7.267929 2
0.920541 7.459746 1
1.396366 7.460019 1
1.021153 7.292825 1
0.683349 7.644981 1
1.288095 7.776429 1
2.076327 7.058541 3
1.429399 8.087277 3
0.953595 8.408203 1
1.236438 6.883706 1
0.000000 7.916667 0
1.451279 7.567094 1
0.352246 6.389323 1
1.542193 6.684094 1
0.114363 6.303110 1
0.215323 6.379928 1
0.286639 6.485198 1
0.145565 6.498655 1
0.000000 6.527778 0
0.101550 6.405153 1
0.201777 6.955204 1
0.241448 6.843279 1
1.644509 6.699808 2
1.456548 7.228272 1
1.516216 7.100515 1
0.000000 6.388889 0
0.220797 6.099459 1
0.217860 6.270355 1
1.226046 6.755610 1
1.420698 7.120935 1
1.071071 6.610753 2
1.205009 6.635832 2
1.128930 6.714970 1
1.066928 8.429412 2
0.923397 8.056890 1
1.996131 7.145063 2
0.831033 6.551325 2
0.084081 6.578643 1
0.000000 5.833333 0
1.049190 7.700259 1
0.935367 6.645044 1
0.418895 6.471860 1
1.575904 7.604143 2
0.000000 6.944445 0
0.093535 6.987447 1
1.824299 6.803420 2
1.031805 7.484908 1
1.056095 7.595831 1
1.363342 7.185035 1
0.418376 8.475342 1
0.981706 7.387838 1
0.857799 7.383876 1
0.092829 7.983811 1
0.575413 6.917888 1
1.811099 7.010266 1
0.957793 6.520961 2
1.623212 7.089769 1
1.577821 6.558721 3
 0 1 2
 3 4 5
 6 7 8
 9 10 11
 12 11 10
 13 14 15
 16 17 18
 19 18 17
 20 21 22
 23 1 0
 24 25 26
 27 18 28
 29 23 30
 31 32 33
 20 34 21
 35 36 37
 38 39 40
 6 8 41
 42 43 44
 45 46 47
 48 49 50
 51 52 53
 54 55 56
 13 15 57
 58 37 36
 59 26 60
 61 17 62
 63 62 17
 64 65 34
 66 60 26
 67 68 69
 66 70 71
 72 64 34
 12 10 73
 74 15 14
 75 76 77
 29 30 78
 38 79 39
 75 77 80
 35 81 82
 83 84 85
 86 48 50
 54 39 87
 88 89 90
 2 90 89
 91 92 93
 3 5 94
 83 4 84
 91 95 92
 96 1 23
 67 69 97
 98 99 100
 54 56 40
 101 102 103
 52 104 53
 102 105 103
 106 82 81
 107 21 34
 20 72 34
 9 108 10
 83 5 4
 58 36 109
 54 40 39
 42 110 43
 51 76 52
 45 111 46
 112 113 114
 115 114 113
 8 7 116
 117 118 119
 117 119 93
 13 57 120
 115 113 121
 122 28 18
 123 33 32
 124 125 126
 20 22 127
 71 70 128
 129 130 131
 132 57 15
 13 98 100
 59 50 49
 133 125 134
 59 49 26
 135 136 137
 85 131 130
 27 138 18
 139 140 141
 142 141 140
 143 144 145
 146 147 78
 148 149 150
 24 26 49
 25 33 26
 151 134 125
 54 87 152
 88 87 39
 132 153 57
 154 57 153
 155 156 157
 152 37 158
 75 116 7
 159 141 69
 149 160 150
 61 62 156
 161 156 62
 162 163 164
 165 166 167
 122 109 36
 30 146 78
 3 168 4
 169 167 170
 66 26 70
 169 170 171
 154 172 57
 155 173 156
 169 103 105
 174 175 176
 177 165 167
 35 71 36
 35 82 71
 122 36 71
 178 179 44
 66 71 82
 42 44 180
 45 47 181
 182 183 184
 185 186 80
 187 188 136
 3 136 188
 117 189 108
 144 190 145
 16 103 191
 169 191 103
 192 185 80
 83 85 130
 122 71 128
 19 56 55
 31 193 32
 108 189 194
 195 137 94
 159 37 152
 124 196 125
 141 197 69
 91 134 95
 67 84 168
 58 158 37
 113 198 199
 200 199 198
 4 168 84
 101 103 201
 35 37 68
 161 53 104
 112 93 92
 195 94 5
 61 56 17
 88 202 87
 38 173 203
 143 92 95
 204 72 205
 200 206 207
 74 14 208
 209 208 14
 8 210 211
 132 211 210
 19 17 56
 200 212 206
 133 126 125
 77 167 166
 155 149 190
 148 190 149
 112 213 113
 214 215 216
 139 1 140
 200 198 145
 35 68 81
 16 138 103
 16 191 17
 63 17 191
 59 217 50
 135 50 217
 91 218 134
 219 184 183
 88 39 79
 27 28 32
 123 32 28
 220 72 221
 20 221 72
 22 222 127
 223 203 173
 161 157 156
 133 218 224
 204 224 218
 123 128 70
 200 145 212
 204 205 224
 209 121 208
 139 90 1
 143 225 144
 47 46 153
 154 153 46
 38 40 226
 124 227 89
 2 89 227
 52 76 7
 162 164 228
 220 205 72
 159 69 68
 96 23 229
 230 97 69
 67 81 68
 112 231 93
 117 93 231
 29 229 23
 96 140 1
 232 101 201
 38 226 156
 200 207 208
 132 15 211
 38 156 173
 159 68 37
 113 199 121
 233 224 205
 44 179 234
 61 156 226
 143 95 225
 10 194 235
 174 176 236
 200 208 199
 237 238 239
 154 239 238
 240 241 239
 242 181 243
 10 235 244
 143 213 92
 25 31 33
 204 64 72
 103 138 201
 65 245 246
 74 208 207
 2 1 90
 3 188 168
 233 146 126
 75 80 186
 16 18 138
 151 95 134
 74 211 15
 240 247 241
 77 76 170
 175 184 176
 143 198 213
 176 248 42
 249 176 42
 250 215 189
 214 189 215
 206 150 41
 6 41 150
 251 246 245
 47 243 181
 58 109 55
 204 218 245
 124 126 146
 19 109 18
 122 18 109
 252 253 254
 75 7 76
 51 170 76
 142 255 197
 155 157 149
 135 217 136
 187 136 217
 133 134 218
 87 256 152
 52 7 160
 6 160 7
 162 257 21
 209 100 258
 159 256 141
 154 259 239
 247 174 236
 151 225 95
 59 60 217
 187 217 60
 159 152 256
 148 145 190
 137 136 94
 230 197 255
 182 260 183
 3 94 136
 88 90 202
 175 182 184
 6 150 160
 124 89 196
 242 116 186
 75 186 116
 88 261 89
 250 189 231
 117 231 189
 67 168 81
 209 262 121
 61 226 56
 40 56 226
 22 21 257
 263 234 179
 8 211 41
 139 141 256
 220 264 205
 30 23 0
 178 98 179
 20 127 221
 87 202 256
 142 197 141
 154 46 259
 44 234 180
 154 238 172
 214 194 189
 263 98 120
 13 120 98
 91 93 119
 26 33 70
 123 70 33
 209 258 262
 30 227 146
 124 146 227
 265 45 181
 169 105 167
 177 167 105
 143 145 198
 113 213 198
 233 205 264
 185 266 186
 112 114 231
 250 231 114
 38 203 79
 139 256 202
 106 81 168
 185 265 266
 63 171 53
 251 119 118
 122 128 28
 48 24 49
 12 267 163
 106 168 188
 151 125 268
 269 268 125
 237 239 241
 263 179 98
 178 99 98
 9 118 108
 77 170 167
 169 171 191
 63 191 171
 54 152 158
 91 270 218
 51 53 171
 106 271 82
 66 82 271
 240 239 259
 144 272 273
 13 100 14
 209 14 100
 102 177 105
 112 92 213
 232 201 274
 27 274 201
 74 275 211
 193 232 274
 107 11 276
 148 212 145
 269 125 196
 193 274 32
 277 252 262
 115 262 252
 27 32 274
 12 276 11
 208 121 199
 242 186 266
 247 236 241
 218 270 245
 250 253 215
 129 131 255
 230 255 131
 219 110 248
 111 240 259
 115 121 262
 9 246 118
 22 257 222
 162 228 257
 139 202 90
 162 276 163
 51 171 170
 165 192 166
 237 234 238
 269 79 203
 117 108 118
 27 201 138
 12 73 267
 63 53 62
 230 69 197
 162 21 276
 42 180 249
 223 273 272
 250 114 254
 115 254 114
 12 163 276
 88 79 261
 187 271 188
 144 225 272
 214 235 194
 107 276 21
 10 244 73
 155 190 273
 144 273 190
 269 261 79
 115 252 254
 277 262 258
 233 147 146
 263 238 234
 9 11 278
 107 278 11
 106 188 271
 19 55 109
 237 241 236
 85 97 131
 233 126 224
 263 172 238
 161 62 53
 233 264 147
 237 180 234
 65 64 245
 204 245 64
 251 118 246
 10 108 194
 237 236 249
 242 243 210
 242 210 116
 8 116 210
 206 212 150
 155 273 173
 223 173 273
 111 259 46
 237 249 180
 269 196 261
 89 261 196
 176 184 248
 219 248 184
 123 28 128
 176 249 236
 30 0 227
 2 227 0
 187 60 271
 242 266 181
 192 80 166
 230 131 97
 133 224 126
 251 245 270
 279 244 235
 54 158 55
 66 271 60
 58 55 158
 47 153 243
 132 243 153
 77 166 80
 269 203 268
 265 181 266
 107 34 278
 65 278 34
 279 235 216
 223 268 203
 65 246 278
 214 216 235
 148 150 212
 206 275 207
 74 207 275
 85 84 97
 263 120 172
 57 172 120
 52 160 104
 149 104 160
 206 41 275
 211 275 41
 42 248 110
 250 254 253
 151 272 225
 151 268 272
 223 272 268
 132 210 243
 67 97 84
 149 157 104
 161 104 157
 9 278 246
 251 270 119
 91 119 270
 7
 279 164 228 244 163 267 73
 0
 0
 0
 13
 96 129 83 135 142 195 137 50 5 140 229 255 130
 11
 29 220 229 127 228 221 264 222 78 257 147
 0
 15
 178 277 219 279 44 215 43 183 252 216 100 258 110 253 99
 1
 183
 0
 0
 0
 0
 0
 0
 0
 0
 0
 0
 0
 0
 0
 0
 0
 0
 0
 0
