293 519
5.221864 8.314909 1
5.194563 8.453780 1
5.103426 8.308444 2
5.039473 8.409187 1
4.792192 8.827494 1
4.900336 8.739722 1
4.900708 8.889679 1
5.018963 8.822566 1
4.518532 9.039821 1
4.623083 9.182564 1
4.474886 9.182805 1
4.643481 9.022559 1
3.984750 9.683025 1
4.081141 9.703469 1
3.991364 9.808573 1
4.154042 9.791286 1
4.690049 8.661431 1
4.815514 8.530622 2
4.799302 8.686742 1
5.725996 8.491804 1
5.840215 8.416333 2
5.846289 8.591111 2
3.850071 9.739372 1
5.033668 8.974723 1
4.887443 9.018431 1
5.160952 8.874516 1
5.117629 9.121278 1
5.054770 9.226753 1
4.976250 9.108380 1
3.611111 10.000000 0
3.472222 10.000000 0
3.516792 9.854188 2
3.641623 9.892745 1
4.992723 9.561673 1
4.955625 9.444233 1
5.100862 9.495233 1
5.104562 9.353175 1
5.326624 8.394687 1
5.455002 8.323562 1
5.448535 8.493784 1
6.023907 9.579772 2
5.942748 9.666035 1
5.876548 9.535896 2
5.667077 8.750273 1
5.786549 8.751596 2
5.704263 8.908795 2
5.339095 9.054036 1
5.474401 8.974982 1
5.467297 9.110331 1
4.752560 9.091887 1
4.753585 9.217464 1
4.921981 8.624599 1
5.316194 8.940395 1
5.494482 9.751087 1
5.389594 9.632672 1
5.532137 9.655560 1
5.317335 8.524278 1
5.214862 8.622054 1
5.107150 8.727748 1
5.044873 8.595980 1
3.215754 9.288006 3
3.350409 9.182704 2
3.364952 9.339704 2
3.714597 9.291065 1
3.848248 9.314283 1
3.702993 9.434791 1
3.857107 9.455001 1
4.659850 8.878281 1
4.771643 8.955138 1
5.248151 9.549439 1
5.089444 9.635806 1
5.225109 9.663507 1
4.864355 9.365487 1
4.799243 9.464533 1
4.549316 8.906294 1
4.694573 8.537153 2
3.928511 9.222762 1
4.074122 9.245570 1
4.003203 9.356768 1
5.777870 9.287535 1
5.914904 9.298908 2
5.802255 9.410053 1
5.912392 9.415397 2
4.888464 9.546127 1
4.344721 9.139347 1
4.397971 9.039911 1
5.397138 9.790697 1
5.534955 8.410294 1
3.862267 9.882134 1
4.557470 9.579404 1
4.409207 9.553614 1
4.558940 9.462377 1
4.451516 9.419845 1
4.928938 8.408052 2
4.973298 8.502631 1
4.180976 9.319201 1
4.115375 9.448175 1
4.911258 9.657254 1
4.263486 9.510584 1
4.325822 9.399570 1
3.910711 9.593875 1
3.474867 9.459817 1
3.348336 9.496619 2
3.496610 9.345310 1
4.938622 9.210174 1
5.663185 8.228879 1
5.684880 8.078018 3
5.791213 8.162083 2
4.341845 9.257669 1
4.079746 9.898533 1
4.083990 8.923274 1
3.944699 8.990733 1
3.989815 8.849579 1
3.835572 8.882611 2
5.019590 9.767318 1
5.617157 9.754135 1
5.728519 9.697784 1
5.782080 9.823995 1
5.658605 9.881393 1
3.754241 9.597116 1
3.595502 9.551279 1
3.532054 9.698666 2
3.463461 9.594523 2
3.990979 9.487936 1
4.346334 9.701820 1
4.437894 9.836925 1
4.289364 9.844871 1
5.361442 9.235927 1
5.476700 9.225661 1
5.444541 9.386308 1
4.226120 9.176881 1
3.649877 9.659216 1
4.579339 9.775171 1
4.491577 9.682027 1
4.655893 9.654855 1
3.537035 9.225267 1
3.434815 9.243501 1
3.455557 9.105533 2
4.443876 8.669430 1
4.478090 8.516355 2
4.588533 8.601883 2
5.601561 9.025578 1
5.607803 9.159656 1
4.581558 8.759679 1
5.287799 9.750173 1
4.105875 9.132679 1
5.305802 8.228199 2
5.513700 9.525151 1
5.555555 10.000000 0
5.416667 10.000000 0
5.510119 9.866122 1
5.194096 9.013437 1
4.056133 9.035362 1
5.676312 9.257267 1
5.751612 9.154735 1
4.352052 8.542392 1
5.102235 8.506653 1
5.407197 9.504215 1
5.720436 8.623577 1
5.606541 8.533944 1
5.151985 9.824062 1
5.070296 9.897686 1
5.626382 8.655936 1
5.311906 9.455657 1
5.147015 9.724869 1
4.255176 8.445662 2
4.257246 8.596165 1
4.145428 8.562978 2
4.314149 8.687351 1
5.180929 8.201887 2
4.472039 8.800057 1
5.230484 9.305805 1
5.261732 9.161214 1
3.815947 9.000827 1
5.323923 9.351140 1
5.401987 8.855069 1
4.449424 9.311433 1
5.284117 8.831192 1
5.860522 9.198224 1
5.447165 8.199057 2
4.998565 8.691900 1
5.982752 9.153278 2
3.722469 9.726491 1
5.972222 10.000000 0
5.898700 9.885500 1
6.060734 9.888889 1
5.153835 9.233645 1
5.554943 8.137086 2
5.215716 9.421371 1
3.589677 9.086582 2
4.106539 8.681413 1
4.001079 8.619575 3
5.389453 9.894346 1
5.836073 9.651634 1
5.519876 8.638554 1
5.384756 8.631455 1
5.327545 8.743096 1
4.859877 9.151567 1
5.720968 9.035899 2
5.375149 9.146306 1
3.907595 8.740753 2
5.480383 8.766965 1
5.774346 8.272356 2
5.875474 9.096663 2
5.567767 9.303588 1
3.995246 9.121576 1
3.745319 9.851737 1
4.444445 10.000000 0
4.543991 9.895347 1
5.694445 10.000000 0
5.215215 8.747265 1
3.750000 10.000000 0
4.250460 8.816812 1
4.368865 8.786231 1
4.325902 8.925805 1
5.870399 9.754210 1
5.993177 9.780726 1
4.698592 8.771091 1
5.576140 8.729132 1
4.213342 9.427270 1
5.713191 8.365657 1
4.127783 8.810086 1
4.209990 8.931535 1
4.305555 10.000000 0
4.186213 9.892676 1
5.590402 8.831272 1
3.888889 10.000000 0
3.608349 9.325408 1
3.612837 9.785014 1
5.640282 9.603033 1
3.651424 9.198225 1
5.000000 10.000000 0
4.861111 10.000000 0
4.913227 9.878787 1
4.030770 8.744462 1
4.722222 10.000000 0
4.583333 10.000000 0
4.672441 9.880175 1
4.068501 9.585863 1
4.565258 9.317526 1
4.212398 8.713079 1
4.368891 9.918979 1
5.284987 9.862564 1
5.138889 10.000000 0
5.198089 9.915951 1
4.166667 10.000000 0
4.433757 8.899753 1
3.580338 9.431469 1
3.721320 9.071493 1
3.862135 9.102349 1
4.671092 9.415395 1
4.757458 9.336107 1
6.111111 10.000000 0
6.181142 9.858657 2
3.785517 9.194808 1
6.186282 9.712640 2
6.096767 9.787628 1
4.174572 9.047209 1
4.249196 9.746644 1
4.290026 9.051939 1
5.277778 10.000000 0
4.670959 9.291055 1
5.544349 8.245235 1
4.679265 9.535705 1
4.027778 10.000000 0
5.833333 10.000000 0
4.368837 8.434118 2
4.783470 9.602942 1
4.796529 9.717548 1
4.693612 9.760940 1
4.306518 9.603655 1
4.163507 9.540902 1
4.207045 9.648600 1
5.565848 9.414798 1
4.791667 9.921261 1
4.791667 9.816274 1
5.591185 8.333581 1
4.971705 8.284924 2
3.734553 8.954844 2
5.763889 9.924757 1
5.727032 9.496281 1
5.626346 9.486788 1
3.640723 8.979976 2
5.761691 9.596926 1
5.676509 9.380824 1
4.961455 9.310482 1
6.056384 9.693966 2
4.886454 9.767436 1
5.581451 8.925284 1
5.636427 8.427858 1
3.962588 9.923513 1
4.850798 9.263067 1
5.508369 8.877736 1
 0 1 2
 2 1 3
 4 5 6
 6 5 7
 8 9 10
 11 9 8
 12 13 14
 14 13 15
 16 17 18
 19 20 21
 22 12 14
 6 23 24
 7 23 6
 25 23 7
 26 27 28
 29 30 31
 29 31 32
 33 34 35
 36 35 34
 37 38 39
 40 41 42
 37 1 0
 43 44 45
 46 47 48
 9 49 50
 11 49 9
 17 51 18
 46 52 47
 53 54 55
 37 56 1
 57 58 59
 60 61 62
 63 64 65
 66 65 64
 67 68 11
 35 69 70
 69 71 70
 72 34 73
 67 11 74
 16 75 17
 76 77 78
 25 7 58
 79 80 81
 82 81 80
 73 34 83
 84 85 10
 76 78 64
 66 64 78
 86 54 53
 87 39 38
 22 14 88
 89 90 91
 92 91 90
 85 8 10
 17 93 94
 95 96 78
 57 1 56
 33 70 97
 98 99 90
 22 100 12
 92 90 99
 101 102 62
 103 101 62
 104 28 27
 105 106 107
 95 108 99
 15 109 14
 110 111 112
 113 112 111
 114 97 70
 115 116 117
 115 117 118
 66 100 119
 120 121 122
 37 39 56
 66 78 123
 124 125 126
 127 128 129
 22 119 100
 26 28 23
 95 130 108
 120 131 121
 95 78 77
 132 133 134
 89 134 133
 135 136 137
 61 137 136
 138 139 140
 141 142 48
 67 74 143
 33 35 70
 86 144 54
 71 54 144
 95 77 130
 145 130 77
 37 0 146
 147 55 54
 148 149 150
 25 52 151
 124 133 125
 132 125 133
 110 152 111
 79 153 154
 138 155 139
 57 59 156
 54 69 157
 158 159 19
 114 160 161
 162 159 158
 163 157 69
 114 164 160
 165 166 167
 138 168 155
 166 155 168
 37 146 38
 135 103 136
 0 2 169
 143 74 170
 127 171 172
 71 69 54
 113 111 173
 127 129 174
 175 47 52
 10 108 84
 66 119 65
 10 176 108
 25 177 52
 138 140 143
 79 154 178
 179 38 146
 5 180 7
 181 80 178
 22 182 119
 183 184 185
 36 186 171
 120 65 119
 105 187 106
 5 18 51
 147 54 157
 36 188 35
 135 137 189
 190 191 167
 149 192 150
 19 21 158
 148 150 118
 193 42 41
 194 159 162
 57 195 196
 57 56 195
 24 28 197
 103 62 136
 44 158 21
 154 142 198
 141 198 142
 24 197 49
 46 48 199
 113 200 112
 11 8 74
 119 182 131
 175 196 201
 105 107 202
 154 198 203
 204 129 128
 67 4 68
 76 205 77
 57 156 1
 22 88 206
 36 27 186
 207 125 208
 209 148 118
 36 171 188
 25 58 210
 175 177 196
 211 206 88
 212 213 214
 196 195 201
 117 116 215
 44 43 158
 194 201 195
 216 185 184
 181 178 203
 5 4 18
 165 155 166
 67 217 4
 141 48 47
 11 68 49
 48 142 128
 7 180 58
 46 172 151
 26 151 172
 194 162 218
 193 215 116
 95 99 219
 19 220 20
 66 123 100
 162 158 43
 110 221 222
 212 222 221
 223 224 126
 225 43 45
 226 211 88
 135 227 103
 228 32 31
 228 31 121
 110 112 221
 147 229 55
 135 189 230
 231 232 233
 190 234 191
 235 236 237
 16 143 140
 132 208 125
 238 12 100
 160 164 144
 57 196 210
 171 186 172
 33 83 34
 26 23 151
 25 151 23
 10 9 239
 166 240 167
 190 167 240
 112 234 221
 238 100 123
 120 119 131
 200 191 234
 207 241 125
 160 144 242
 127 174 171
 16 217 143
 67 143 217
 243 161 244
 59 58 180
 223 245 224
 3 1 156
 154 153 142
 211 32 206
 246 214 213
 25 210 177
 24 49 68
 20 220 202
 124 90 133
 89 133 90
 3 156 94
 59 94 156
 120 101 247
 63 65 227
 248 173 249
 250 251 73
 72 73 251
 252 185 253
 250 91 239
 92 239 91
 248 249 254
 243 231 161
 114 70 164
 255 253 256
 110 222 257
 124 126 258
 236 207 208
 138 143 170
 204 128 142
 108 130 84
 259 84 130
 115 118 150
 63 230 254
 248 254 230
 110 257 152
 79 178 80
 238 123 96
 78 96 123
 108 176 99
 92 99 176
 115 55 229
 149 260 192
 260 242 192
 211 29 32
 250 239 261
 120 122 101
 145 257 130
 259 130 257
 105 262 187
 10 239 176
 246 8 85
 57 210 58
 89 91 263
 114 161 233
 160 244 161
 63 254 64
 76 64 254
 245 264 109
 183 265 184
 61 136 62
 252 183 185
 24 68 6
 16 140 75
 0 169 146
 212 214 222
 231 233 161
 103 247 101
 139 155 266
 24 23 28
 115 229 116
 267 268 134
 59 180 51
 134 268 269
 250 263 91
 236 208 237
 98 90 270
 92 176 239
 194 195 39
 246 74 8
 145 77 205
 15 126 224
 125 241 126
 223 126 241
 132 237 208
 163 188 174
 171 174 188
 238 271 272
 15 258 126
 238 272 13
 86 150 192
 4 6 68
 163 174 129
 56 39 195
 63 227 230
 135 230 227
 124 270 90
 204 273 129
 147 129 273
 71 144 164
 232 274 233
 275 233 274
 163 129 157
 147 157 129
 46 151 52
 102 101 122
 275 274 237
 235 237 274
 98 272 271
 59 51 94
 87 38 276
 246 170 74
 15 13 272
 3 93 277
 124 272 270
 98 270 272
 228 206 32
 228 121 131
 15 272 258
 124 258 272
 38 262 276
 216 215 41
 248 278 173
 228 182 206
 22 206 182
 105 202 220
 194 39 159
 65 247 227
 196 177 210
 3 277 2
 265 279 184
 117 184 279
 239 9 261
 280 229 281
 147 281 229
 248 282 278
 280 283 229
 89 263 134
 50 49 197
 246 85 214
 194 218 201
 250 261 251
 5 51 180
 245 109 224
 79 81 284
 280 284 81
 275 237 269
 132 269 237
 238 96 271
 95 219 96
 104 27 285
 36 285 27
 87 159 39
 204 142 153
 216 41 286
 120 247 65
 275 287 233
 114 233 287
 113 173 278
 115 150 53
 179 187 262
 216 184 215
 117 215 184
 267 263 73
 111 205 249
 127 199 128
 48 128 199
 86 53 150
 86 242 144
 141 45 198
 250 73 263
 207 223 241
 260 243 244
 3 94 93
 260 244 242
 212 168 213
 259 222 214
 86 192 242
 225 45 288
 141 288 45
 104 197 28
 87 289 159
 19 159 289
 76 249 205
 267 134 263
 71 164 70
 154 203 178
 212 221 240
 190 240 221
 232 235 274
 138 170 213
 265 209 279
 105 220 276
 160 242 244
 264 226 290
 212 240 168
 4 217 18
 72 251 291
 50 291 251
 111 249 173
 175 201 292
 225 292 201
 200 234 112
 175 52 177
 248 189 282
 280 81 42
 82 42 81
 204 153 284
 259 257 222
 141 47 288
 259 85 84
 163 69 188
 35 188 69
 79 284 153
 19 289 220
 115 53 55
 267 97 268
 238 13 12
 132 134 269
 248 230 189
 104 285 291
 72 291 285
 280 281 284
 14 109 290
 264 290 109
 17 94 51
 267 73 83
 209 118 279
 117 279 118
 98 271 219
 96 219 271
 228 131 182
 204 284 273
 229 283 116
 145 152 257
 76 254 249
 72 285 34
 36 34 285
 193 41 215
 225 201 218
 175 292 47
 114 287 97
 165 266 155
 15 224 109
 98 219 99
 267 83 97
 26 172 186
 193 116 283
 33 97 83
 255 256 286
 50 197 291
 26 186 27
 46 199 172
 127 172 199
 50 261 9
 111 152 205
 16 18 217
 179 262 38
 103 227 247
 40 286 41
 97 287 268
 193 283 42
 138 213 168
 190 221 234
 145 205 152
 14 290 88
 226 88 290
 253 185 256
 216 256 185
 216 286 256
 50 251 261
 246 213 170
 280 42 283
 284 281 273
 47 292 288
 259 214 85
 275 269 268
 104 291 197
 166 168 240
 220 289 276
 162 43 218
 225 218 43
 105 276 262
 147 273 281
 225 288 292
 275 268 287
 87 276 289
 0
 16
 165 179 17 139 106 277 146 191 140 187 167 169 75 266 2 93
 0
 0
 6
 60 102 62 122 31 121
 9
 60 113 61 200 137 191 282 189 278
 0
 0
 0
 0
 0
 0
 0
 0
 0
 0
 17
 44 255 181 40 82 21 106 253 20 80 45 107 203 286 42 202 198
 0
 0
 0
 0
 0
 0
 0
 0
 0
 0
