288 515
6.515219 5.280851 1
6.635678 5.241629 1
6.685428 5.362820 1
6.546347 5.390184 1
7.223019 5.959930 1
7.327240 5.856607 1
7.330631 6.014463 1
7.331566 6.341513 1
7.210431 6.242014 1
7.370585 6.231817 1
7.708025 5.982225 1
7.537745 5.993568 1
7.569298 5.891051 1
7.445928 5.925075 1
6.850639 5.821062 1
6.764899 5.732218 1
6.949240 5.690904 1
6.124452 5.399304 1
6.250869 5.309196 1
6.212828 5.480120 1
6.765488 4.794387 1
6.921344 4.852563 1
6.792965 4.944991 1
6.197004 5.609816 1
6.292776 5.740302 1
6.176824 5.767386 1
7.484683 5.762489 1
7.865252 6.520246 1
7.986753 6.414214 2
8.011275 6.557845 2
6.807890 5.608046 1
7.411201 5.419500 1
7.443591 5.267010 1
7.530152 5.345335 1
7.588943 6.084669 1
6.324090 5.449898 1
6.365672 4.825902 1
6.262121 4.844088 1
6.236480 4.716629 2
7.331261 5.717915 1
7.779768 5.695951 1
7.880129 5.779633 1
7.702898 5.823640 1
8.001240 6.125637 1
8.113116 6.052567 1
8.129907 6.199393 2
7.695964 5.158335 1
7.704840 4.993128 2
7.798072 5.105775 2
7.488338 5.133633 1
7.391780 5.076591 1
7.464369 4.987767 1
6.458292 4.860746 1
6.561650 4.911911 1
6.449646 4.988196 1
7.198951 5.742980 1
7.176685 5.859831 1
7.867022 6.172415 1
7.878946 6.014209 1
6.420067 5.386676 1
7.785075 6.078959 1
6.411714 5.261772 1
7.733526 5.338585 1
7.612352 5.241457 1
7.774418 5.233129 1
7.827161 5.898561 1
6.764845 5.204879 1
6.863762 5.336168 1
6.824794 5.472210 1
7.124092 5.526034 1
7.204670 5.405964 1
7.296735 5.500678 1
7.227332 6.377385 1
6.946815 5.205117 1
6.403944 4.719996 2
6.529588 5.553187 1
6.684817 5.529173 1
6.574519 5.663994 1
6.690910 5.668113 1
6.740088 4.479023 1
6.844259 4.575675 1
6.694670 4.607204 1
6.541129 5.048256 1
7.622010 6.659157 2
7.711292 6.550242 1
7.784500 6.655800 3
7.432375 6.025464 1
7.292564 6.143494 1
6.970466 5.038136 1
7.072138 5.117852 1
7.226384 5.625953 1
7.521933 5.446952 1
6.933664 4.371037 2
7.087327 4.451959 3
6.923322 4.490115 1
7.547746 6.456608 1
7.570994 6.315656 1
7.653225 6.422995 1
6.438160 5.975036 1
6.448305 6.119336 2
6.348578 6.008866 2
7.451898 6.332393 1
7.589087 5.067315 1
8.223780 6.085759 2
6.687865 4.905247 1
6.726094 5.043987 1
6.631585 5.002763 1
6.978658 5.457349 1
6.311346 5.599753 1
6.330822 5.175495 1
6.223165 5.123343 1
6.127608 5.195673 1
6.577372 6.121279 2
6.631111 6.026497 1
6.721230 6.140491 2
7.236230 4.640737 1
7.238105 4.475309 2
7.340311 4.526483 2
7.596216 5.791795 1
7.416350 6.133093 1
7.492447 6.216510 1
7.076392 4.822713 1
7.184811 4.897837 1
7.085773 4.974476 1
6.631879 4.698171 1
6.770990 4.672834 1
7.136845 4.570757 1
6.635351 4.809585 1
7.293615 4.802448 1
7.301553 4.971611 1
7.381545 4.884879 1
6.848817 5.063982 1
6.076811 4.962896 2
6.038838 5.092997 1
5.911179 5.023998 2
6.638291 5.119759 1
6.908397 4.961698 1
7.647130 6.204130 1
7.906146 6.626646 2
7.627986 5.690001 1
7.060996 6.145112 1
6.950093 6.061373 1
7.052244 6.037927 1
6.506563 4.665459 1
6.436944 4.559677 2
6.958768 6.202483 2
7.176009 6.071414 1
7.628674 5.388248 1
6.734489 6.014736 1
6.339557 4.936695 1
6.110510 5.681526 1
7.991849 6.253964 1
7.991162 5.553521 1
7.851661 5.591433 1
7.907560 5.478063 1
7.190773 5.054635 1
7.514866 6.585629 1
7.421852 6.461104 1
7.396502 6.566244 1
7.451444 6.685929 2
7.303811 6.638126 2
6.202116 5.874313 1
6.049241 5.823913 2
6.425797 5.666373 1
7.937647 5.676692 1
7.139313 6.342252 1
7.766601 6.415366 1
6.107842 5.934070 2
6.642293 4.299617 2
6.771570 4.326343 2
6.644121 4.409723 1
7.010106 4.599801 1
6.408441 5.539903 1
6.062716 5.543975 1
7.316336 5.349784 1
7.112624 5.953517 1
6.900465 4.703477 1
8.053024 5.415451 2
8.133616 5.564425 2
6.618520 5.443135 1
6.091345 5.299238 1
7.698123 6.095406 1
7.019033 5.579883 1
6.922052 5.560655 1
7.387219 5.170876 1
7.876116 6.314047 1
7.873680 6.415968 1
6.001570 5.691066 2
7.428337 5.656695 1
7.008394 4.908817 1
7.447411 5.545475 1
7.343417 5.616569 1
6.177315 4.920896 1
6.246135 5.013011 1
7.009689 4.730780 1
7.431479 4.611162 2
7.348605 4.683610 1
8.196648 5.955211 2
6.552555 5.914373 1
6.448441 5.864358 1
6.516156 5.774285 1
7.175807 4.768098 1
7.925807 5.372638 1
7.976167 5.274621 2
6.634635 4.507141 1
6.643902 5.788945 1
7.180489 5.198416 1
7.428025 4.762900 2
7.291842 5.136604 1
7.102363 5.654710 1
7.083399 5.771421 1
6.839843 4.438451 1
6.972481 5.823722 1
5.925596 5.599349 2
7.965806 5.893101 1
8.087477 5.855208 1
8.088157 5.952601 1
8.012184 6.007595 1
7.089032 5.409372 1
7.118725 5.312184 1
6.332316 5.886735 1
7.224258 5.305674 1
6.130311 4.813898 1
6.886796 5.934924 1
7.112457 4.685982 1
6.530414 5.177039 1
6.432092 5.129369 1
7.609828 6.534926 1
7.201639 6.555224 1
7.141817 6.454616 1
7.288534 6.484237 1
7.006169 5.945679 1
7.759062 6.161599 1
8.068089 5.721681 1
8.212707 5.784408 2
6.403038 5.775277 1
7.579435 4.927200 2
6.527028 6.032881 1
7.001209 5.322127 1
5.911627 5.479372 2
6.746459 5.836737 1
6.783448 5.935107 1
6.681101 5.925217 1
7.597425 5.533714 1
8.071892 6.321529 2
7.666794 6.311472 1
5.923215 5.140003 2
7.059162 5.227658 1
6.010065 5.411418 1
6.568055 4.580277 1
7.769765 6.274017 1
7.723514 5.584177 1
6.542387 4.470530 1
6.441395 4.412462 2
6.036800 4.862010 2
7.718904 5.458847 1
7.890661 5.195217 1
7.912322 5.070052 2
8.022291 5.169083 3
6.143450 5.044470 1
7.797246 5.508894 1
6.075419 4.729247 2
6.504592 5.462617 1
7.320543 5.240543 1
7.526029 5.635945 1
8.052216 5.626583 1
7.987830 5.785263 1
6.527680 4.768586 1
6.336903 5.061018 1
8.248270 5.643020 2
8.151960 5.664776 1
6.867051 6.143633 2
6.839781 6.036135 1
7.487613 4.872024 2
5.987270 5.305165 1
7.825233 5.408347 1
7.858644 5.299185 1
6.236439 5.984707 2
7.180607 6.662320 2
7.105238 6.561436 2
6.015219 5.208495 1
6.546760 4.352573 3
7.062775 5.862608 1
7.062410 6.272943 2
5.906826 5.361221 3
5.907853 5.249306 2
7.042936 6.486008 2
7.051257 6.380390 2
 0 1 2
 3 0 2
 4 5 6
 7 8 9
 10 11 12
 5 13 6
 14 15 16
 17 18 19
 20 21 22
 23 24 25
 26 13 5
 27 28 29
 15 30 16
 31 32 33
 10 34 11
 35 19 18
 36 37 38
 26 5 39
 40 41 42
 43 44 45
 46 47 48
 49 50 51
 52 53 54
 10 12 42
 55 5 56
 4 56 5
 43 57 58
 35 18 59
 58 57 60
 18 61 59
 62 63 64
 42 41 65
 66 67 2
 68 2 67
 69 70 71
 7 72 8
 66 73 67
 74 36 38
 26 12 13
 75 76 77
 76 78 77
 55 39 5
 79 80 81
 68 76 2
 54 53 82
 83 84 85
 86 6 13
 87 9 8
 88 89 73
 69 71 90
 31 33 91
 92 93 94
 95 96 97
 98 99 100
 95 101 96
 49 51 102
 45 44 103
 104 105 106
 22 105 104
 68 67 107
 23 108 24
 109 18 110
 111 110 18
 112 113 114
 20 22 104
 115 116 117
 26 118 12
 86 34 119
 120 119 34
 121 122 123
 20 124 125
 115 126 116
 109 61 18
 46 64 63
 20 127 124
 81 125 124
 122 128 129
 129 128 130
 66 131 73
 132 133 134
 88 73 131
 66 1 135
 22 136 131
 120 34 137
 27 29 138
 40 42 139
 140 141 142
 143 74 144
 46 102 47
 22 131 105
 140 145 141
 66 135 105
 50 129 51
 129 130 51
 78 76 30
 68 30 76
 140 142 146
 62 147 63
 148 114 113
 52 54 149
 86 11 34
 49 102 63
 46 63 102
 23 25 150
 43 45 151
 152 153 154
 155 123 122
 95 156 157
 158 159 160
 25 161 162
 163 75 77
 152 164 153
 165 8 72
 27 84 166
 167 162 161
 20 104 127
 168 169 170
 171 94 93
 163 172 75
 79 170 169
 17 19 173
 23 173 19
 31 174 32
 142 175 146
 171 176 80
 20 176 21
 120 101 9
 7 9 101
 152 177 178
 3 2 179
 17 180 18
 10 181 34
 69 182 107
 68 107 183
 35 108 19
 49 184 50
 185 151 28
 27 186 28
 120 137 96
 66 2 1
 187 173 150
 26 39 188
 121 123 189
 31 190 71
 191 71 190
 111 18 180
 192 37 149
 193 192 149
 121 21 194
 195 196 117
 197 103 44
 196 115 117
 198 199 200
 121 201 122
 202 203 177
 79 81 204
 27 85 84
 163 77 200
 198 200 205
 155 206 89
 171 93 126
 155 122 129
 130 128 207
 158 157 156
 155 89 123
 16 30 183
 68 183 30
 88 131 136
 155 129 208
 16 209 210
 79 211 80
 16 210 212
 187 213 173
 50 208 129
 198 98 199
 202 177 154
 23 150 173
 214 215 216
 214 216 217
 25 162 150
 43 58 217
 214 217 58
 10 42 65
 69 107 218
 10 65 58
 95 157 101
 2 76 179
 69 218 70
 219 70 218
 21 176 194
 220 161 24
 219 221 70
 43 217 44
 152 154 177
 25 24 161
 22 21 136
 37 222 38
 223 14 212
 171 126 224
 214 58 65
 225 61 226
 88 123 89
 106 82 53
 83 227 84
 227 95 97
 55 90 39
 191 39 90
 228 229 230
 84 227 97
 158 160 230
 228 230 160
 109 226 61
 223 212 231
 232 60 57
 81 80 125
 35 172 108
 233 234 215
 163 200 235
 42 118 139
 187 150 162
 49 63 32
 33 32 63
 236 102 51
 230 229 72
 107 182 183
 98 237 99
 107 67 238
 239 173 213
 240 14 241
 197 215 234
 198 205 242
 243 91 147
 223 241 14
 220 199 98
 171 80 94
 28 151 244
 225 0 61
 245 97 96
 246 134 133
 89 206 247
 121 189 21
 84 97 166
 239 248 173
 17 173 248
 33 63 147
 81 124 249
 75 179 76
 245 250 166
 185 166 250
 40 139 251
 252 144 253
 222 192 254
 198 237 98
 66 105 131
 254 192 132
 70 174 71
 31 71 174
 220 98 100
 116 126 93
 219 218 238
 107 238 218
 197 44 216
 243 147 255
 4 146 175
 243 251 139
 115 224 126
 40 164 41
 23 19 108
 80 211 94
 10 58 60
 256 257 258
 78 30 15
 37 192 222
 35 59 172
 12 118 42
 111 133 259
 55 209 90
 69 90 209
 122 201 128
 7 101 157
 260 154 153
 158 156 159
 83 159 156
 171 194 176
 87 6 119
 111 259 110
 163 24 108
 20 125 176
 80 176 125
 222 261 38
 172 59 262
 263 32 174
 115 201 224
 171 224 194
 52 149 36
 207 128 196
 4 6 146
 87 146 6
 243 139 264
 73 238 67
 26 139 118
 152 265 164
 233 164 265
 81 249 204
 225 135 1
 26 264 139
 233 266 164
 143 267 74
 52 74 267
 193 268 110
 115 128 201
 223 231 141
 269 234 270
 233 270 234
 27 138 85
 240 242 205
 40 153 164
 271 114 272
 148 272 114
 75 262 179
 88 189 123
 27 166 186
 185 186 166
 109 110 268
 185 28 186
 245 166 97
 232 250 137
 245 137 250
 219 247 206
 191 90 71
 130 207 273
 274 180 248
 17 248 180
 31 91 190
 7 157 230
 86 119 6
 120 96 101
 222 254 261
 92 211 169
 78 205 77
 200 77 205
 225 226 82
 245 96 137
 236 47 102
 143 249 124
 112 99 237
 106 105 135
 79 169 211
 233 215 266
 214 65 41
 121 224 201
 240 15 14
 73 89 247
 260 255 275
 52 36 74
 142 141 231
 195 207 196
 260 251 255
 16 183 182
 16 182 209
 121 194 224
 243 264 190
 214 266 215
 62 276 275
 62 275 255
 232 57 250
 185 250 57
 88 136 189
 140 146 8
 87 8 146
 236 51 273
 263 206 208
 155 208 206
 243 190 91
 220 277 161
 143 144 249
 252 249 144
 61 0 59
 3 59 0
 243 255 251
 43 151 57
 185 57 151
 220 100 277
 132 192 259
 115 196 128
 78 15 205
 240 205 15
 62 64 276
 40 251 153
 219 206 221
 225 1 0
 228 278 279
 220 24 235
 193 259 192
 167 161 277
 191 188 39
 220 235 199
 16 212 14
 260 153 251
 256 48 257
 54 82 226
 263 221 206
 223 141 272
 191 190 188
 3 179 262
 87 119 9
 44 217 216
 33 147 91
 163 108 172
 256 258 203
 46 48 64
 256 64 48
 271 141 145
 158 230 157
 152 178 265
 269 270 178
 200 199 235
 55 210 209
 130 273 51
 69 209 182
 246 133 280
 111 280 133
 168 170 281
 282 231 212
 228 160 278
 49 32 184
 263 184 32
 37 36 149
 140 8 283
 165 283 8
 197 216 215
 225 82 135
 127 53 267
 52 267 53
 274 284 285
 7 230 72
 164 266 41
 79 204 170
 252 170 204
 45 244 151
 193 149 268
 282 212 210
 21 189 136
 92 94 211
 4 175 56
 282 56 175
 140 283 145
 132 259 133
 55 56 210
 282 210 56
 12 11 13
 86 13 11
 75 172 262
 286 287 229
 165 229 287
 232 137 181
 34 181 137
 165 72 229
 274 285 280
 246 280 285
 163 235 24
 54 268 149
 106 53 104
 127 104 53
 198 113 237
 239 284 248
 274 248 284
 54 226 268
 109 268 226
 120 9 119
 256 203 276
 274 280 180
 111 180 280
 73 247 238
 219 238 247
 263 174 221
 252 281 170
 252 253 281
 223 272 241
 148 241 272
 214 41 266
 62 255 147
 286 229 279
 142 231 175
 282 175 231
 202 275 276
 202 154 275
 260 275 154
 190 264 188
 50 184 208
 202 276 203
 228 279 229
 95 227 156
 263 208 184
 193 110 259
 83 156 227
 143 124 267
 127 267 124
 198 242 113
 148 113 242
 256 276 64
 106 135 82
 70 221 174
 3 262 59
 252 204 249
 10 60 181
 240 241 242
 271 272 141
 112 237 113
 148 242 241
 26 188 264
 178 270 265
 233 265 270
 165 287 283
 232 181 60
 0
 0
 0
 0
 0
 0
 0
 0
 0
 0
 0
 0
 0
 12
 246 132 74 144 38 134 253 281 284 254 285 261
 0
 22
 83 286 187 167 239 271 112 159 277 99 162 85 114 160 213 145 278 284 279 283 287 100
 0
 0
 0
 14
 269 197 29 45 28 234 177 178 258 85 103 203 244 138
 0
 0
 0
 0
 0
 5
 92 168 93 169 281
 11
 236 116 195 93 207 257 258 48 47 117 273
