292 518
6.701519 1.785672 1
6.879232 1.891371 1
6.723532 1.909799 1
6.805418 1.728012 1
6.567963 2.290683 2
6.680757 2.396833 1
6.582386 2.496284 3
5.530718 0.481856 2
5.695170 0.474101 1
5.646289 0.628994 1
6.692447 1.608083 1
7.438138 0.557798 2
7.316076 0.631051 1
7.295281 0.481153 2
6.953347 1.488441 1
6.831847 1.586057 1
6.827979 1.453654 1
6.963366 1.048810 1
6.884698 0.923605 1
7.042629 0.903632 1
6.956197 1.599887 1
6.913921 1.734840 1
6.361014 1.300424 1
6.245265 1.175609 1
6.418029 1.163651 1
6.311475 1.063067 1
5.380229 0.370990 2
5.504284 0.305714 1
6.375421 0.217663 1
6.491006 0.285487 1
6.309723 0.352951 1
6.534350 1.620327 1
6.507941 1.506101 1
6.676695 1.483973 1
6.456118 0.426628 1
6.668028 0.549795 1
6.552711 0.526996 1
6.668671 0.402044 1
7.491823 1.669027 3
7.420715 1.784334 2
7.342836 1.639057 1
6.805555 0.000000 0
6.780949 0.168758 1
6.669086 0.122512 1
7.441488 1.573872 1
6.232086 0.489105 1
6.130297 0.402729 1
6.175150 0.288281 1
7.098757 2.157671 1
7.198239 2.211733 2
7.085173 2.293885 2
6.919063 1.345560 1
7.084176 1.397750 1
7.033436 1.283168 1
5.614038 0.973464 1
5.434222 0.993871 3
5.499931 0.878386 1
6.536678 1.996341 2
6.619639 1.893718 1
6.669048 2.050785 1
7.330197 1.864834 1
7.443472 1.942950 2
7.136683 0.529082 1
7.205846 0.625018 1
6.230560 1.344904 1
6.201416 1.471436 1
6.086552 1.410100 1
7.003982 0.388354 1
7.133464 0.392585 1
7.012825 0.504763 1
6.555438 0.366973 1
6.130081 1.262278 1
5.523998 1.106661 2
5.616538 0.374448 1
6.929450 0.775722 1
6.801984 0.823573 1
6.788272 0.705521 1
7.171700 0.247466 1
7.302215 0.190436 2
7.275958 0.316941 2
7.204134 0.124253 2
5.574383 0.760526 1
5.472854 0.651649 2
7.209929 1.679876 1
7.221816 1.512943 1
7.110541 1.619870 1
6.422426 1.621216 1
6.284449 1.579454 1
6.390977 1.521575 1
6.676661 1.313509 1
6.777507 1.361396 1
6.012587 0.979377 1
5.989002 1.095738 1
5.884440 1.047806 1
6.331472 1.699374 1
5.899824 0.937686 1
6.086993 0.833166 1
6.152033 0.968888 1
5.613404 0.247793 1
5.775684 0.178337 1
5.738230 0.320551 1
5.846208 1.398244 2
5.911312 1.262849 1
5.969497 1.377423 1
6.580320 1.413871 1
5.815335 0.449445 1
6.666667 0.000000 0
5.656200 0.116656 1
7.044038 0.280671 1
6.542043 2.143331 2
6.727134 2.194557 1
6.807657 2.096110 1
7.336075 1.231452 2
7.169745 1.239987 1
7.261079 1.146039 1
5.791094 1.253505 1
7.457663 0.674062 2
6.623591 1.689522 1
6.759270 1.021705 1
6.719118 1.165979 1
6.623026 1.060949 1
7.102610 1.031868 1
5.776108 0.965661 1
5.746908 1.073127 1
6.800164 1.985727 1
6.021003 1.303025 1
6.197185 1.710938 2
6.669121 0.801367 1
6.635121 0.669872 1
7.372607 1.087612 1
7.374181 0.926226 2
7.494326 1.025363 2
7.065910 1.528489 1
7.025963 1.672231 1
7.239058 1.351035 2
6.783769 0.483042 1
6.804168 0.361318 1
6.317006 1.807146 1
6.204272 1.876331 2
7.015406 2.209645 1
6.397256 1.985062 2
6.498818 1.877933 1
6.404159 1.871603 1
6.919560 2.163072 1
6.833597 2.217250 1
6.324122 0.610765 1
6.351065 0.492053 1
5.964937 0.861226 1
5.967681 0.740476 1
6.096727 0.612747 1
6.209965 0.725599 1
6.069672 0.717208 1
5.416667 0.000000 0
5.555555 0.000000 0
5.504745 0.142925 1
6.319388 0.847432 1
6.376384 0.726212 1
7.258426 1.044417 1
7.190665 0.931192 1
5.776990 0.694899 1
5.785912 0.573163 1
6.204954 0.596510 1
5.751071 1.354306 2
5.700864 1.196129 2
6.905020 0.667579 1
6.109220 1.114250 1
7.000378 1.790072 1
7.106781 1.745396 1
7.104016 1.896052 1
6.017458 1.194945 1
7.001577 1.985255 1
6.904934 2.032708 1
5.736123 0.856853 1
7.391330 2.057900 2
7.288234 2.111815 2
7.314125 1.977033 1
7.206226 2.005661 1
5.857598 0.815424 1
6.111111 0.000000 0
6.250000 0.000000 0
6.180937 0.137478 1
5.636862 1.106228 2
6.474845 0.818576 1
6.385768 0.954320 1
6.515819 0.965129 1
6.462369 1.397370 1
6.324215 1.436751 1
7.167843 0.736264 1
7.038102 0.646844 1
6.846932 1.120401 1
7.376606 0.756333 1
5.678832 0.759675 1
5.847640 0.347198 1
6.814268 1.252717 1
6.944895 1.193835 1
6.571663 1.316208 1
6.483446 1.273219 1
6.883154 0.113225 1
5.622250 0.846234 1
7.475721 1.154086 2
7.486001 0.809553 2
5.878862 0.239091 1
5.876892 0.663522 1
5.972222 0.000000 0
6.067082 0.109985 1
5.898426 0.116071 1
7.083333 0.000000 0
7.079720 0.141202 1
7.168542 1.126727 1
7.222222 0.000000 0
7.067441 0.778951 1
5.401428 0.214096 2
5.389453 0.105653 1
7.178379 2.105992 1
5.982413 1.512895 2
6.119349 1.567009 2
6.502028 0.681337 1
7.265856 0.824856 1
6.866995 1.028238 1
5.468232 0.781475 2
6.574481 1.762843 1
6.460699 1.758031 1
5.694445 0.000000 0
6.992469 1.889416 1
5.994103 0.213297 1
7.462380 1.464749 2
7.355800 1.524904 1
7.311299 1.434176 2
6.433274 0.580817 1
6.743394 0.907869 1
6.604926 0.235275 1
6.723753 0.280204 1
5.921306 1.142314 1
6.899308 0.555920 1
6.767800 0.593947 1
7.195971 1.807906 1
6.590637 1.189853 1
6.264836 0.224408 1
6.209862 1.066738 1
6.626881 2.198417 1
7.063766 1.154066 1
6.201790 0.855314 1
6.303110 0.114363 1
6.259442 2.007288 2
6.317778 1.914775 1
6.498920 0.145414 1
6.527778 0.000000 0
6.405153 0.101550 1
6.955204 0.201777 1
6.845220 0.241074 1
6.569833 0.765405 1
6.388889 0.000000 0
6.886305 2.395355 1
6.789903 2.320815 1
6.932283 2.288611 1
6.096117 0.210944 1
6.511671 1.081840 1
6.575046 0.857318 1
7.238861 1.890927 1
7.288260 1.771016 1
6.417073 1.053950 1
5.277778 0.000000 0
7.146887 0.834979 1
5.285372 0.138369 2
7.281088 0.725714 1
6.998342 2.405602 2
6.578643 0.084081 1
5.833333 0.000000 0
6.645611 0.936113 1
6.675809 2.285191 1
6.799769 2.448540 2
6.944445 0.000000 0
6.987447 0.093535 1
5.389285 0.867283 2
6.263386 0.959293 1
5.763889 0.075243 1
7.100437 2.043079 1
6.901521 0.436730 1
5.986506 0.632032 1
6.918958 2.495602 2
7.554602 1.571620 2
5.825987 1.162622 1
6.116432 0.504141 1
6.924089 0.321164 1
5.955906 0.325406 1
5.925706 0.435554 1
5.899045 0.541603 1
6.025506 0.407118 1
6.009024 0.516635 1
6.063309 0.305677 1
6.707620 2.517997 2
7.013205 2.100784 1
 0 1 2
 3 1 0
 4 5 6
 7 8 9
 10 3 0
 11 12 13
 14 15 16
 17 18 19
 20 21 15
 10 15 3
 22 23 24
 25 24 23
 7 26 27
 28 29 30
 31 32 33
 34 30 29
 35 36 37
 10 31 33
 38 39 40
 41 42 43
 44 38 40
 45 46 30
 30 46 47
 48 49 50
 14 51 52
 53 52 51
 54 55 56
 57 58 59
 58 2 59
 60 39 61
 62 13 63
 64 65 66
 67 68 69
 37 36 70
 71 64 66
 54 72 55
 14 16 51
 7 73 8
 74 75 76
 7 27 73
 77 78 79
 62 69 68
 77 80 78
 21 3 15
 81 82 9
 7 9 82
 40 83 84
 85 84 83
 13 12 63
 86 87 88
 89 90 33
 91 92 93
 94 87 86
 95 91 93
 96 97 91
 98 99 100
 101 102 103
 74 19 18
 104 89 33
 8 100 105
 74 18 75
 14 20 15
 106 41 43
 98 107 99
 67 108 68
 109 57 59
 110 59 111
 112 113 114
 115 102 101
 11 116 12
 10 0 117
 118 119 120
 17 19 121
 54 122 123
 2 124 59
 125 71 66
 126 87 94
 127 128 76
 129 130 131
 111 59 124
 14 132 20
 20 132 133
 134 113 112
 125 103 102
 35 37 135
 136 135 37
 62 68 13
 126 137 138
 48 50 139
 57 140 141
 142 141 140
 143 144 111
 110 111 144
 145 45 146
 96 147 148
 149 150 151
 152 153 154
 155 150 156
 145 156 150
 129 157 130
 158 130 157
 77 68 108
 159 9 160
 149 161 150
 96 148 151
 115 162 163
 74 76 164
 165 91 97
 166 167 168
 125 169 71
 165 71 169
 170 171 1
 54 172 122
 173 174 175
 176 175 174
 127 76 75
 159 177 172
 178 179 180
 54 123 181
 155 182 183
 184 183 182
 22 185 186
 187 188 63
 118 189 119
 190 12 116
 134 84 52
 159 191 9
 145 161 45
 192 105 100
 165 23 71
 193 194 51
 195 185 196
 22 24 196
 41 197 42
 81 198 56
 129 199 112
 190 200 130
 99 201 100
 159 202 177
 203 204 205
 206 80 207
 104 185 195
 208 114 113
 206 209 80
 8 73 100
 187 210 188
 211 154 27
 98 27 154
 1 171 124
 71 23 64
 23 22 64
 22 196 185
 211 27 26
 54 56 198
 192 100 201
 126 94 137
 148 177 202
 152 154 212
 153 107 154
 176 174 213
 214 66 215
 53 51 194
 214 101 103
 95 122 177
 172 177 122
 8 160 9
 216 36 128
 35 128 36
 158 217 130
 190 130 217
 17 218 18
 22 186 64
 115 101 162
 54 198 172
 159 172 191
 216 182 156
 81 56 219
 16 33 90
 65 215 66
 81 9 191
 220 221 31
 153 222 107
 166 168 223
 126 215 87
 134 52 113
 10 33 15
 16 15 33
 158 121 19
 224 205 204
 225 226 227
 53 113 52
 166 1 21
 143 111 171
 216 156 228
 34 228 146
 34 36 228
 208 121 157
 158 157 121
 118 229 18
 85 132 84
 45 30 146
 230 43 231
 42 231 43
 232 93 92
 233 164 234
 3 21 1
 96 91 147
 96 151 150
 235 168 167
 236 120 119
 13 68 79
 104 33 32
 85 133 132
 28 30 237
 76 128 234
 118 18 218
 81 219 82
 16 90 51
 40 84 226
 34 70 36
 230 37 70
 165 97 238
 155 156 182
 62 63 188
 145 150 161
 166 223 1
 47 237 30
 110 239 59
 53 240 113
 236 196 24
 155 241 150
 96 150 241
 136 37 231
 230 231 37
 96 241 97
 84 132 52
 179 242 180
 140 243 244
 230 29 245
 28 245 29
 246 245 247
 145 228 156
 248 249 197
 2 1 124
 193 89 119
 193 189 194
 76 234 164
 65 87 215
 10 117 31
 220 31 117
 65 186 87
 88 87 186
 193 119 189
 216 250 182
 77 207 80
 98 73 27
 251 246 247
 34 146 30
 178 180 204
 104 32 185
 88 185 32
 252 253 254
 74 188 210
 47 180 237
 47 255 180
 236 24 256
 184 182 257
 60 258 259
 25 260 24
 42 197 249
 134 227 84
 98 154 107
 77 79 68
 253 144 254
 236 119 89
 40 226 44
 261 152 212
 158 19 262
 142 137 221
 94 221 137
 261 212 263
 190 264 12
 170 1 223
 252 254 265
 50 265 254
 235 259 258
 62 188 69
 233 69 188
 74 210 19
 230 245 266
 148 147 177
 179 251 242
 88 186 185
 17 194 189
 267 203 205
 203 178 204
 31 221 86
 95 147 91
 77 108 207
 248 207 108
 208 113 240
 184 268 120
 109 59 239
 190 116 200
 5 4 269
 109 239 4
 118 120 268
 252 270 253
 5 253 270
 233 234 135
 53 194 240
 31 86 32
 88 32 86
 129 112 114
 193 51 90
 35 234 128
 230 266 43
 165 238 23
 230 70 29
 118 218 189
 18 229 75
 98 100 73
 211 212 154
 74 164 188
 233 188 164
 41 271 197
 127 75 229
 104 195 89
 193 90 89
 165 92 91
 236 89 195
 206 207 272
 127 229 268
 56 55 273
 14 52 132
 271 206 272
 25 238 274
 111 124 171
 142 140 244
 17 189 218
 99 275 205
 267 205 275
 97 274 238
 54 181 72
 28 247 245
 236 256 120
 176 276 168
 170 168 276
 60 259 39
 246 266 245
 136 277 135
 233 135 277
 17 121 240
 208 240 121
 149 151 278
 170 223 168
 176 168 258
 235 258 168
 184 257 268
 252 279 270
 224 201 205
 99 205 201
 220 117 0
 95 177 147
 248 272 207
 251 247 242
 129 114 157
 225 44 226
 148 278 151
 246 106 266
 19 210 262
 225 280 44
 123 281 163
 67 69 277
 233 277 69
 211 263 212
 187 63 264
 216 228 36
 12 264 63
 184 260 183
 145 146 228
 17 240 194
 129 131 199
 180 242 237
 28 237 242
 222 267 275
 236 195 196
 214 103 66
 45 161 282
 149 282 161
 67 277 283
 136 283 277
 184 120 256
 192 284 285
 8 105 160
 286 160 105
 125 66 103
 287 282 288
 65 64 186
 40 39 259
 125 102 169
 232 169 102
 60 61 175
 84 227 226
 35 135 234
 25 274 183
 85 83 167
 287 46 282
 222 275 107
 99 107 275
 127 268 257
 25 23 238
 34 29 70
 123 163 181
 28 242 247
 38 44 280
 208 157 114
 287 289 46
 47 46 289
 2 58 0
 220 0 58
 173 175 61
 118 268 229
 248 283 249
 115 163 281
 67 283 108
 248 108 283
 94 86 221
 187 217 262
 158 262 217
 5 269 253
 110 253 269
 224 284 201
 184 256 260
 56 273 219
 216 128 250
 127 250 128
 106 43 266
 138 244 243
 110 144 253
 155 274 241
 97 241 274
 5 270 290
 224 289 284
 187 264 217
 155 183 274
 5 290 6
 248 197 272
 190 217 264
 47 289 255
 142 221 141
 220 141 221
 287 285 284
 252 265 279
 25 183 260
 166 21 133
 138 137 244
 142 244 137
 235 167 83
 81 191 198
 172 198 191
 143 171 291
 143 254 144
 136 231 249
 42 249 231
 192 201 284
 192 285 105
 85 167 133
 159 160 202
 20 133 21
 271 272 197
 286 202 160
 143 291 139
 115 281 102
 232 102 281
 40 259 83
 287 284 289
 170 291 171
 57 141 58
 149 278 288
 170 276 291
 187 262 210
 95 93 122
 123 122 93
 287 288 285
 286 285 288
 286 288 278
 224 204 255
 220 58 141
 235 83 259
 143 139 254
 50 254 139
 60 175 258
 180 255 204
 166 133 167
 286 278 202
 48 291 276
 224 255 289
 48 139 291
 149 288 282
 148 202 278
 174 49 213
 232 92 169
 165 169 92
 232 281 93
 123 93 281
 286 105 285
 136 249 283
 24 260 256
 176 213 276
 48 276 213
 110 269 239
 4 239 269
 176 258 175
 45 282 46
 127 257 250
 182 250 257
 48 213 49
 0
 0
 0
 0
 0
 0
 0
 0
 0
 0
 0
 0
 8
 7 211 26 82 263 55 219 273
 0
 0
 0
 0
 0
 0
 0
 0
 16
 214 109 126 57 138 101 4 140 215 72 243 6 55 181 162 163
 0
 16
 134 225 11 38 78 13 130 112 79 280 80 131 200 116 199 227
 0
 12
 173 38 50 174 39 270 6 265 279 49 290 61
 0
