283 507
6.484631 2.419052 1
6.567963 2.290683 2
6.582386 2.496284 3
6.442039 2.093051 1
6.397256 1.985062 2
6.536678 1.996341 2
5.530592 1.588824 1
5.418162 1.689044 1
5.438151 1.531744 1
5.320665 1.604995 1
6.542043 2.143331 2
6.048975 2.539656 1
6.016453 2.402017 1
6.128496 2.422999 1
5.697073 2.217800 1
5.866033 2.207757 1
5.789660 2.318496 1
5.292080 1.380322 1
5.350010 1.474343 1
5.214271 1.518538 1
5.167317 1.389628 1
6.184692 2.536127 1
5.707364 1.638875 1
5.555358 1.705302 1
5.626503 1.565697 1
6.322877 2.991369 1
6.394594 2.906682 2
6.463891 3.083112 2
5.644777 1.756792 1
6.008340 2.139752 1
6.117687 2.149634 1
6.089433 2.274208 1
5.981593 2.283386 1
5.343924 2.289512 1
5.340167 2.452921 1
5.228862 2.401259 1
5.832567 1.649027 1
5.784334 1.788280 1
5.433549 2.599946 1
5.274381 2.564524 1
5.846843 3.183881 1
5.884804 3.080605 1
5.940642 3.220175 1
5.137704 2.516743 1
5.070802 2.638387 1
4.988203 2.540515 1
5.129714 1.775617 1
4.972393 1.838057 1
5.032820 1.697711 1
4.592384 2.319388 1
4.691078 2.196561 1
4.696296 2.345913 1
4.580345 2.206484 1
6.124938 2.025252 1
6.055794 1.888699 1
6.204272 1.876331 2
5.102249 1.883111 1
5.997469 3.137192 1
5.043925 1.413306 1
5.104763 1.279750 1
6.453895 2.610102 1
6.349832 2.687730 1
6.323233 2.547328 1
6.232348 2.645741 1
5.238379 2.222766 1
4.798086 2.091643 1
4.663584 2.037987 1
6.197185 1.710938 2
6.084925 1.777562 1
5.745697 3.173218 1
5.735101 3.058170 1
6.561868 2.666827 2
4.769942 2.280101 1
4.871974 2.324351 1
4.797622 2.415462 1
5.458736 2.481935 1
5.889647 2.035367 1
5.677823 2.356534 1
5.157799 2.308057 1
4.991894 2.301419 1
5.106811 2.203736 1
4.551707 2.098530 1
5.430822 2.384359 1
5.929688 2.502023 1
5.965956 2.652368 1
5.839457 2.581542 1
5.069596 2.414073 1
6.033929 2.753751 1
6.050534 2.866902 1
5.894266 2.803605 1
5.944719 2.927681 1
6.350657 3.114302 1
6.437969 2.501460 1
5.894660 3.516148 1
6.056940 3.532387 3
5.938301 3.649847 2
5.026401 1.985366 1
5.070536 2.087768 1
4.939309 2.094151 1
5.163724 1.126447 2
5.021739 1.179394 2
6.296707 3.204232 1
6.185885 3.204252 1
6.239849 3.085736 1
4.891725 1.989285 1
4.970611 2.699820 2
4.802077 2.705404 2
4.884775 2.618406 1
5.491504 3.133132 2
5.603273 3.042680 1
5.642973 3.185237 2
6.429959 3.207061 2
5.639409 1.351996 1
5.700864 1.196129 2
5.751071 1.354306 2
5.853254 2.683828 1
4.284287 2.418287 2
4.365158 2.329854 1
4.413340 2.452439 1
5.809717 3.636134 3
6.220135 3.313431 1
4.476840 2.359542 1
4.469009 2.230560 1
6.111645 3.123548 1
4.749104 1.959170 1
6.332080 3.337939 2
5.924449 1.697210 1
5.817223 2.939673 1
5.688493 2.933833 1
6.351488 2.797552 1
6.458221 2.769819 2
5.559829 2.921219 1
5.639620 2.821225 1
6.412480 2.222630 1
6.177104 2.218388 1
6.259442 2.007288 2
5.053280 1.586605 1
5.171651 1.655489 1
5.094077 1.486866 1
4.995025 2.181149 1
5.898433 2.361704 1
5.982413 1.512895 2
5.834264 1.546674 1
5.846208 1.398244 2
5.553351 2.008258 1
5.591503 2.147502 1
5.479326 2.095993 1
6.025159 1.666218 1
6.119349 1.567009 2
5.674036 2.063046 1
5.589827 1.204062 1
5.300575 1.056993 2
5.291018 1.165540 1
4.167809 2.050471 2
4.266956 1.957000 2
4.274614 2.090020 1
6.066569 3.266784 1
4.462722 2.564050 2
4.540211 2.455931 1
4.611162 2.568521 2
5.404268 1.122500 1
5.523998 1.106661 2
5.468201 1.238726 1
4.675114 2.456182 1
4.762679 2.571348 1
5.932649 1.802741 1
5.789452 2.447912 1
5.654687 2.474114 1
5.553119 2.562042 1
5.494925 2.694721 1
5.621850 2.687035 1
5.438052 1.373489 1
5.350778 1.260211 1
5.708072 1.483647 1
5.457215 1.809657 1
5.567788 1.866657 1
5.416706 1.952760 1
4.312671 2.198335 1
4.154537 2.170261 3
4.928566 2.422585 1
5.769532 3.529817 2
5.358227 2.687617 1
5.303451 2.895233 2
5.403417 2.797689 1
5.429600 2.915470 1
6.144776 3.030098 1
4.893626 1.277357 2
5.004983 1.311464 1
6.321735 2.117894 1
4.921088 1.717341 1
4.409590 2.128758 1
4.823249 1.882537 1
5.300817 2.774872 1
5.232052 1.265720 1
5.372931 2.074364 1
5.278401 2.024982 1
5.148560 2.706254 1
5.056581 2.785297 2
5.566142 1.451249 1
4.693324 1.835843 1
5.174839 2.619743 1
5.540326 1.323904 1
4.363525 2.028943 1
5.274411 1.744259 1
5.348793 1.834921 1
5.279668 1.913752 1
6.035318 3.017223 1
6.006395 1.997754 1
4.225101 2.304498 2
4.327531 2.549852 3
4.871843 2.202187 1
6.424726 2.335515 1
5.736414 2.540970 1
5.525003 2.804276 1
5.843597 1.911012 1
5.949358 1.913687 1
6.125888 3.393376 2
4.637472 1.933982 1
5.740881 3.308495 1
5.795193 3.431835 1
5.672415 3.443717 2
5.922396 1.609534 1
4.827893 1.769695 1
4.735635 1.704167 1
6.104757 2.647847 1
4.823543 1.530825 1
4.682758 1.491060 2
4.799692 1.398689 2
6.013796 3.411810 1
5.718493 1.931503 1
4.960206 1.506675 1
5.373013 3.032829 2
5.491444 3.009066 1
5.781999 2.106490 1
4.540506 1.857687 2
4.623531 1.736114 2
5.627527 3.318141 2
5.755952 2.834142 1
6.322611 2.328206 1
6.273861 2.219225 1
4.540840 1.979222 1
4.410639 1.931589 2
5.845794 3.290335 1
5.897887 3.398452 1
4.908827 1.410845 1
6.119900 2.949749 1
5.544065 2.402545 1
4.829906 1.649870 1
4.694332 1.602949 2
5.195613 2.110418 1
5.169352 1.977927 1
4.936807 1.614838 1
6.152049 2.750640 1
6.176887 2.866034 1
5.509090 2.200744 1
6.251194 2.425773 1
5.213384 1.838588 1
5.781554 2.009484 1
4.453945 2.031813 1
5.626534 1.947606 1
5.584702 2.271896 1
5.665025 1.848221 1
5.242271 2.693950 1
5.662192 2.588951 1
4.683551 2.651215 2
5.434222 0.993871 3
4.872369 2.513663 1
5.467221 2.294885 1
6.210627 2.120456 1
6.257380 2.762722 1
6.287323 2.882153 1
5.410939 2.180963 1
5.306698 2.150501 1
5.950565 3.323470 1
5.636862 1.106228 2
5.198067 2.804463 2
6.240714 3.415223 2
5.792207 2.744799 1
5.744256 2.653518 1
6.372652 2.421640 1
6.207363 2.318223 1
5.713305 2.748901 1
6.221040 2.971697 1
 0 1 2
 3 4 5
 6 7 8
 7 9 8
 10 3 5
 11 12 13
 14 15 16
 17 18 19
 20 17 19
 11 13 21
 22 23 24
 25 26 27
 28 23 22
 29 30 31
 32 29 31
 33 34 35
 36 37 22
 38 39 34
 40 41 42
 43 44 45
 46 47 48
 49 50 51
 52 50 49
 53 54 55
 46 56 47
 42 41 57
 20 58 59
 60 61 62
 63 62 61
 33 35 64
 6 24 23
 65 50 66
 67 55 68
 69 70 41
 40 69 41
 60 2 71
 72 73 74
 38 34 75
 28 22 37
 32 15 29
 76 29 15
 9 19 18
 72 74 51
 14 16 77
 78 79 80
 66 50 81
 33 82 34
 83 84 85
 43 45 86
 87 88 89
 90 89 88
 25 27 91
 60 92 2
 93 94 95
 96 97 98
 99 59 100
 101 102 103
 96 98 104
 55 54 68
 105 106 107
 78 64 35
 11 84 83
 108 109 110
 70 110 109
 27 111 91
 112 113 114
 115 85 84
 116 117 118
 52 81 50
 93 95 119
 101 120 102
 121 122 49
 52 49 122
 102 123 103
 65 66 124
 101 125 120
 36 126 37
 70 127 41
 78 35 86
 43 86 35
 70 128 127
 129 130 26
 131 132 128
 105 107 45
 44 105 45
 60 62 92
 10 1 133
 63 21 62
 134 31 30
 9 18 8
 53 55 135
 136 19 137
 20 138 58
 139 80 79
 16 15 140
 11 83 12
 121 118 117
 141 142 143
 144 145 146
 67 147 148
 101 91 111
 144 149 145
 150 113 112
 99 151 152
 153 154 155
 131 128 109
 78 86 79
 32 140 15
 57 123 156
 136 137 48
 157 158 159
 87 89 84
 160 161 162
 163 164 159
 141 148 147
 165 37 126
 150 162 161
 77 166 167
 9 137 19
 38 168 169
 170 169 168
 171 17 172
 173 114 143
 174 175 176
 144 176 175
 177 178 155
 179 74 73
 93 119 180
 20 19 138
 165 147 68
 38 181 39
 182 183 184
 171 18 17
 185 103 123
 101 111 125
 96 47 56
 186 100 187
 72 51 50
 188 135 4
 115 84 89
 189 48 47
 163 159 158
 122 190 81
 173 143 142
 191 47 104
 96 104 47
 182 192 183
 102 156 123
 99 193 59
 160 172 152
 194 195 176
 165 68 54
 44 196 197
 105 44 197
 173 198 112
 0 2 92
 52 122 81
 191 124 199
 43 200 44
 177 155 190
 43 35 39
 34 39 35
 201 198 171
 112 198 201
 58 187 59
 160 162 172
 155 202 190
 203 7 204
 205 176 195
 9 203 137
 57 41 206
 57 156 42
 173 112 114
 76 207 29
 53 29 207
 171 172 162
 194 176 146
 177 208 178
 136 138 19
 16 166 77
 116 118 209
 65 210 50
 72 50 210
 1 211 133
 165 126 147
 107 106 164
 212 167 166
 36 22 142
 173 142 22
 144 146 176
 174 23 175
 28 175 23
 53 207 54
 183 213 184
 99 152 193
 76 214 215
 9 7 203
 90 206 41
 76 215 207
 46 48 137
 216 156 120
 102 120 156
 150 112 201
 199 124 217
 218 219 220
 141 147 221
 171 8 18
 191 199 222
 223 222 199
 67 68 147
 87 84 224
 225 226 227
 93 228 94
 0 211 1
 229 37 214
 65 124 104
 191 104 124
 136 230 138
 58 138 230
 100 59 187
 131 184 213
 179 86 45
 108 231 232
 191 222 47
 189 47 222
 182 184 231
 121 49 158
 163 158 49
 165 214 37
 14 233 15
 141 221 142
 163 51 74
 234 235 199
 174 204 7
 218 220 236
 139 79 210
 237 128 132
 46 137 203
 238 239 133
 188 133 239
 234 240 241
 90 88 206
 219 242 243
 58 244 187
 206 88 245
 218 242 219
 53 30 29
 76 15 233
 165 54 215
 14 149 233
 210 79 73
 38 75 168
 246 168 75
 225 247 248
 218 110 69
 249 97 250
 96 250 97
 6 23 7
 225 230 251
 218 236 110
 218 69 242
 70 69 110
 65 104 98
 11 224 84
 87 252 88
 253 88 252
 254 146 145
 157 118 158
 62 21 255
 205 250 256
 20 59 193
 216 94 228
 225 251 247
 183 181 169
 70 109 128
 250 56 256
 90 41 127
 38 169 181
 40 242 69
 32 31 12
 13 12 31
 170 132 213
 83 166 140
 225 248 226
 225 227 244
 229 257 149
 246 167 168
 87 224 252
 258 81 190
 223 235 248
 229 149 259
 144 259 149
 14 77 260
 225 244 230
 229 261 37
 28 37 261
 46 203 256
 170 213 169
 262 39 181
 237 127 128
 170 168 263
 129 61 130
 60 130 61
 186 187 244
 258 241 240
 246 260 77
 177 122 117
 121 117 122
 172 17 193
 163 74 164
 13 255 21
 220 219 180
 14 145 149
 90 127 89
 237 89 127
 164 106 264
 93 243 228
 139 98 97
 108 232 109
 160 265 161
 107 164 266
 10 133 3
 188 3 133
 58 230 244
 179 79 86
 93 180 219
 20 193 17
 33 267 82
 238 133 211
 83 140 12
 171 198 8
 223 199 235
 66 217 124
 121 158 118
 246 77 167
 223 248 247
 65 98 210
 16 140 166
 60 71 130
 188 239 268
 188 4 3
 253 269 270
 179 45 266
 131 109 232
 172 193 152
 159 164 264
 134 268 239
 154 202 155
 33 271 267
 254 267 271
 173 24 198
 234 199 217
 33 272 271
 163 49 51
 63 224 21
 178 153 155
 246 267 260
 11 21 224
 249 80 97
 139 97 80
 229 214 257
 157 209 118
 33 64 272
 177 117 208
 116 208 117
 253 252 269
 205 204 176
 174 176 204
 188 268 135
 273 42 156
 150 161 274
 197 196 275
 262 275 196
 14 260 145
 76 257 214
 154 241 202
 6 8 198
 254 260 267
 262 192 275
 182 275 192
 53 135 268
 216 228 156
 273 156 228
 249 250 195
 57 206 123
 185 123 206
 160 152 151
 54 207 215
 249 64 80
 78 80 64
 186 244 227
 205 256 204
 203 204 256
 164 74 266
 139 210 98
 28 261 175
 144 175 259
 149 257 233
 258 202 241
 177 190 122
 36 142 221
 6 198 24
 136 251 230
 205 195 250
 96 56 250
 107 266 45
 189 251 48
 136 48 251
 160 151 265
 125 276 120
 129 269 61
 63 61 269
 32 12 140
 262 200 39
 43 39 200
 179 266 74
 237 277 89
 115 89 277
 165 215 214
 254 145 260
 173 22 24
 129 270 269
 258 190 202
 212 263 167
 168 167 263
 63 252 224
 115 277 278
 238 279 255
 212 85 278
 115 278 85
 246 82 267
 231 184 232
 131 232 184
 238 280 239
 134 239 280
 170 281 132
 237 132 281
 273 243 242
 62 255 279
 150 201 162
 246 75 82
 131 213 132
 171 162 201
 189 247 251
 93 219 243
 72 210 73
 223 247 222
 189 222 247
 44 200 196
 273 228 243
 170 278 281
 185 206 245
 249 195 272
 13 31 280
 134 280 31
 170 263 278
 183 192 181
 258 240 81
 66 81 240
 174 7 23
 212 278 263
 238 255 280
 179 73 79
 13 280 255
 262 181 192
 147 126 221
 34 82 75
 63 269 252
 216 120 276
 194 272 195
 262 196 200
 212 166 85
 83 85 166
 254 271 146
 194 146 271
 25 103 282
 185 282 103
 194 271 272
 150 274 113
 53 268 30
 183 169 213
 0 279 211
 129 26 270
 25 270 26
 253 282 245
 253 270 282
 0 92 279
 249 272 64
 76 233 257
 25 91 103
 278 277 281
 101 103 91
 253 245 88
 46 256 56
 40 42 242
 273 242 42
 134 30 268
 238 211 279
 229 259 261
 175 261 259
 185 245 282
 25 282 270
 234 217 240
 66 240 217
 62 279 92
 36 221 126
 237 281 277
 0
 0
 0
 0
 0
 0
 0
 0
 0
 0
 0
 4
 116 178 209 208
 14
 154 99 186 234 100 178 226 227 241 265 235 248 151 153
 3
 94 95 119
 0
 0
 0
 0
 0
 0
 16
 157 108 182 197 159 231 220 110 119 106 209 275 236 180 105 264
 0
 16
 141 10 67 5 55 143 1 4 148 161 135 2 265 274 114 113
 0
 0
 10
 216 27 125 94 130 111 2 71 26 276
 0
