280 496
2.475768 4.831185 2
2.628444 4.929286 1
2.494393 5.003564 2
3.757726 4.591319 2
3.841367 4.732700 2
3.696275 4.709718 1
3.777970 3.146677 2
3.652420 3.199282 1
3.661256 3.088212 1
3.743002 3.263467 1
3.813725 3.367210 2
3.647573 3.329685 1
2.746652 3.966335 1
2.786584 3.867271 1
2.905543 3.942552 1
3.035245 2.932065 1
2.925088 2.947470 1
2.902174 2.798072 2
2.578471 3.951762 1
2.670653 4.094378 1
3.458855 4.122495 1
3.606796 4.177765 2
3.483129 4.255417 1
3.598774 4.337320 1
2.848079 5.061532 1
2.716476 5.031258 1
2.764699 4.932348 1
2.741634 3.009562 1
2.625647 3.073562 2
2.667062 2.893990 2
3.445907 2.659313 2
3.518409 2.790100 1
3.368222 2.742452 1
2.881194 4.935314 1
2.461796 4.161706 1
2.524874 4.329898 1
2.368239 4.274683 2
2.802897 4.053679 1
2.972581 3.152143 1
3.051320 3.237915 1
2.891829 3.294670 1
2.913982 3.504823 1
3.083112 3.536109 1
2.906021 3.610849 1
2.991431 3.677116 1
3.083775 2.826700 1
2.770490 3.248269 1
2.759542 3.399570 1
3.368343 3.309905 1
3.518182 3.389859 1
3.370279 3.428877 1
3.406950 5.209372 1
3.306184 5.104462 1
3.421729 5.051481 1
3.451608 3.228068 1
2.857611 3.172049 1
3.213394 5.191581 1
3.298322 5.287309 1
3.683997 3.444801 1
2.677975 4.403424 1
2.632258 4.578031 1
2.560628 4.436356 1
3.390509 2.852428 1
2.748864 4.504391 1
3.486349 2.979638 1
3.405792 3.076089 1
3.373044 2.967898 1
3.287072 3.032096 1
2.868498 3.815696 1
2.319805 4.424444 2
2.195001 4.360684 3
2.681637 4.256405 1
3.001331 5.595352 1
3.073294 5.462520 1
3.104973 5.640267 1
3.036210 5.285058 1
3.164217 5.324009 1
2.328976 4.094757 2
3.560399 3.252693 1
3.544816 3.119268 1
3.285072 4.974949 1
2.288267 3.928280 2
2.362937 3.794144 1
2.445605 3.866630 1
2.582572 4.189142 1
3.739409 2.992201 3
3.420814 4.912316 1
3.522639 5.143044 1
2.438004 4.007002 1
3.803937 5.090874 2
3.644509 5.074558 1
3.738236 4.948034 1
3.549135 2.892482 1
3.672231 4.470662 2
3.522887 4.489528 1
3.686920 3.654907 1
3.811975 3.609040 2
3.758397 3.758531 2
3.158106 4.022573 1
3.266143 3.958967 1
3.291701 4.098896 1
2.658534 3.302438 1
2.883681 5.235128 1
2.739348 5.145971 1
2.747687 5.279744 1
3.669930 4.054786 2
3.553286 4.052860 1
3.663119 3.911580 2
2.896825 4.090075 1
2.559604 4.702583 1
2.620094 4.801671 1
3.189224 4.781227 1
3.283570 4.849749 1
3.133970 4.921449 1
2.723489 4.742270 1
3.026370 3.348619 1
2.958092 5.380297 1
3.114750 3.650118 1
3.049341 4.632110 1
2.900057 4.632640 1
2.965014 4.544440 1
2.946177 4.744067 1
2.609238 3.517793 1
2.523007 3.648184 2
2.486100 3.502004 2
3.510444 3.945162 1
3.306064 4.596165 1
3.447032 4.666956 1
3.290806 4.717952 1
3.381533 4.790601 1
3.204232 3.703293 1
3.226218 3.840267 1
3.088363 3.763826 1
2.264641 3.792607 2
3.482398 4.827260 1
2.614580 5.068915 1
3.196591 2.947488 1
3.565191 4.752255 1
3.405697 4.008058 1
3.134465 3.448697 1
3.206612 3.570246 1
2.958561 5.491240 1
3.730860 4.287013 2
2.818202 2.930408 2
3.158952 4.149160 1
3.355225 4.213881 1
3.590630 2.684185 2
3.182012 5.557523 1
3.485222 4.369045 1
2.675906 3.858227 1
3.233610 2.820423 1
2.940133 4.188791 1
2.794811 4.175054 1
2.859029 4.264322 1
2.556775 3.810593 1
3.313319 3.773828 1
3.105634 3.030736 1
3.277953 2.669799 2
3.334796 3.669358 1
3.130578 3.901307 1
3.253668 3.446566 1
3.038144 2.689117 3
3.004563 3.449836 1
2.875806 3.413953 1
3.189896 5.445690 1
3.613718 4.608540 1
2.653286 3.746954 1
2.535318 3.365102 3
2.772818 3.517823 1
2.540742 4.074995 1
3.616906 5.228161 1
3.724198 5.187801 1
3.259622 3.307623 1
3.308843 3.184427 1
3.145880 2.740204 2
2.969521 4.300983 1
2.823711 4.393661 1
2.964751 3.791596 1
2.956564 4.427278 1
3.749798 4.799947 1
2.468989 4.628735 2
2.523161 4.529856 1
3.033436 3.865733 1
3.839779 3.241144 2
3.185332 5.716519 1
3.203882 5.822182 2
3.046258 5.754431 2
2.843946 5.346820 1
3.478721 3.539876 1
3.102245 5.190632 1
3.193439 5.063548 1
3.065319 4.494302 1
3.173604 4.555604 1
2.442650 4.721149 2
3.384558 3.882700 1
2.798532 3.650784 1
3.554677 4.894423 1
3.533933 5.005734 1
3.077426 5.065394 1
2.976465 4.996763 1
2.980428 4.866797 1
3.026547 4.078624 1
3.601517 3.546279 1
2.451574 3.748473 1
3.295975 2.916973 1
2.571431 3.205691 2
3.784562 3.477700 2
3.659046 2.917655 1
3.739827 2.848954 2
2.776603 4.618862 1
2.677222 3.628210 1
3.565874 3.649191 1
3.447007 3.652848 1
2.849089 4.819247 1
2.862094 4.510117 1
3.519101 3.834054 1
2.839083 4.711417 1
2.440646 4.411197 1
2.634807 5.354449 2
2.626641 5.202529 2
3.234506 4.368670 1
3.086691 4.360928 1
3.178654 4.262046 1
2.717163 4.844965 1
3.160703 4.445453 1
3.251264 5.385256 1
3.381427 5.371530 2
3.278691 5.499142 2
3.398920 4.532316 1
3.077367 4.789127 1
3.649375 4.834450 1
3.180450 3.215299 1
3.155227 3.341714 1
3.166606 4.677914 1
2.986669 5.144243 1
3.204031 3.102371 1
2.768164 4.308964 1
2.916168 5.671409 2
3.622774 3.758597 1
2.667090 3.420545 1
3.698494 4.373678 1
2.765425 3.758421 1
2.754933 3.122748 1
2.676207 3.190542 1
3.296501 4.470175 1
3.875270 4.965647 2
3.510435 5.292639 2
2.364691 3.674391 2
3.609040 2.999769 1
3.624146 4.951439 1
3.050842 3.962158 1
3.062189 4.222247 1
3.631456 2.815304 2
3.808077 4.401528 2
3.830001 5.262227 3
3.834062 4.861106 2
2.998208 3.041924 1
3.083927 3.128006 1
3.315720 5.737246 2
2.791103 5.659033 3
2.767023 5.534519 2
2.885120 5.567744 1
3.714086 3.543481 1
3.252874 4.200253 1
3.632662 5.360464 2
3.243331 5.637528 2
2.506077 5.152360 2
2.639488 5.494450 2
2.755666 5.402276 1
3.351694 3.548263 1
3.371267 4.340522 1
3.422117 4.438757 1
2.872922 3.056670 1
2.874966 5.450286 1
2.401201 4.527609 2
3.279840 4.277283 1
3.416794 3.773523 1
3.516917 3.732760 1
3.713630 5.288313 2
2.883663 3.715283 1
 0 1 2
 3 4 5
 6 7 8
 9 10 11
 12 13 14
 15 16 17
 18 12 19
 20 21 22
 23 22 21
 24 25 26
 27 28 29
 30 31 32
 24 26 33
 34 35 36
 12 14 37
 38 39 40
 41 42 43
 44 43 42
 45 15 17
 46 40 47
 48 49 50
 51 52 53
 48 54 49
 38 40 55
 56 52 57
 11 10 58
 59 60 61
 31 62 32
 57 52 51
 63 60 59
 64 65 66
 67 66 65
 68 14 13
 69 70 36
 71 59 35
 72 73 74
 75 76 73
 6 9 7
 34 36 77
 78 54 79
 80 53 52
 81 82 83
 34 84 35
 71 35 84
 65 79 54
 6 8 85
 80 86 53
 51 53 87
 78 79 7
 81 83 88
 18 88 83
 89 90 91
 31 92 62
 64 62 92
 23 93 94
 95 96 97
 98 99 100
 46 47 101
 24 102 103
 104 103 102
 105 106 107
 34 77 88
 108 37 14
 0 109 110
 111 112 113
 114 109 60
 115 40 39
 0 110 1
 75 73 116
 44 42 117
 118 119 120
 118 121 119
 122 123 124
 106 125 107
 126 127 128
 129 128 127
 130 131 132
 81 133 82
 80 113 112
 129 127 134
 135 1 25
 26 25 1
 45 136 15
 127 137 134
 20 100 138
 42 139 140
 72 141 73
 23 21 142
 16 143 17
 64 79 65
 42 140 117
 98 100 144
 20 145 100
 30 146 31
 73 147 74
 23 94 148
 18 149 12
 150 136 45
 151 152 108
 153 152 151
 18 83 154
 130 155 131
 156 15 136
 150 157 32
 130 158 155
 78 49 54
 131 159 132
 160 140 139
 161 45 17
 115 162 163
 73 76 164
 165 127 94
 166 154 123
 115 163 40
 122 124 167
 150 32 62
 41 43 168
 34 88 169
 75 116 102
 170 87 90
 89 171 90
 170 90 171
 160 172 50
 67 65 173
 150 174 157
 153 175 176
 48 173 54
 68 177 14
 178 176 175
 130 117 140
 179 5 4
 180 181 60
 109 180 60
 181 61 60
 182 14 177
 8 7 79
 6 183 9
 184 185 186
 41 162 42
 102 116 187
 188 50 49
 165 93 3
 41 168 163
 63 59 176
 56 189 190
 118 191 192
 0 193 109
 98 159 99
 165 137 127
 194 99 131
 195 168 43
 135 2 1
 196 197 86
 198 199 113
 200 113 199
 108 14 201
 188 49 202
 58 202 49
 123 154 203
 150 62 204
 131 99 159
 27 29 143
 205 101 167
 114 110 109
 48 50 172
 65 54 173
 130 140 158
 58 10 206
 207 208 85
 81 88 77
 114 60 209
 122 210 123
 166 123 210
 194 131 155
 198 190 189
 182 132 159
 188 211 212
 188 202 211
 200 213 121
 30 32 157
 119 209 214
 107 125 215
 48 172 173
 213 216 121
 35 217 36
 104 218 219
 220 221 222
 26 1 223
 224 221 220
 225 226 227
 127 228 94
 111 113 229
 179 91 230
 231 232 39
 126 128 233
 165 94 93
 24 199 234
 198 234 199
 24 103 25
 71 19 152
 156 136 235
 59 236 176
 47 163 168
 72 186 237
 95 97 238
 107 238 97
 126 233 192
 196 86 134
 23 148 22
 64 66 62
 122 167 239
 75 102 234
 20 22 145
 194 215 125
 63 214 209
 23 240 93
 90 87 197
 195 241 210
 27 242 28
 137 5 230
 165 5 137
 53 86 197
 225 164 76
 28 242 243
 126 192 244
 224 244 192
 194 125 138
 24 234 102
 224 192 191
 89 91 245
 51 246 226
 118 233 229
 166 210 241
 12 37 19
 18 19 169
 71 84 19
 247 123 203
 8 248 85
 90 249 91
 118 229 121
 207 85 248
 119 121 216
 107 215 238
 115 39 232
 56 190 52
 14 250 201
 200 229 113
 67 235 136
 251 201 144
 98 144 201
 118 120 191
 31 146 252
 253 93 240
 198 113 190
 80 190 113
 161 174 45
 24 33 199
 150 45 174
 89 254 171
 179 255 91
 38 256 257
 126 228 127
 251 144 222
 51 87 246
 170 246 87
 91 249 230
 247 82 133
 156 257 256
 184 258 185
 104 102 187
 53 197 87
 69 36 217
 200 33 213
 259 260 261
 71 236 59
 100 99 138
 18 169 88
 96 262 206
 231 173 172
 166 241 149
 20 106 21
 135 103 219
 104 219 103
 73 164 147
 26 223 213
 114 213 223
 144 263 222
 170 264 246
 125 106 138
 20 138 106
 160 232 172
 259 261 237
 147 227 265
 47 168 239
 122 239 168
 119 214 120
 135 266 2
 46 55 40
 78 11 49
 58 49 11
 253 240 142
 47 40 163
 267 268 260
 160 50 269
 244 220 270
 267 218 268
 200 199 33
 271 148 94
 115 139 162
 115 232 139
 71 152 236
 41 163 162
 153 236 152
 194 138 99
 149 241 13
 51 226 57
 225 57 226
 26 213 33
 160 269 140
 38 55 272
 205 243 101
 273 260 268
 271 94 228
 271 244 270
 104 268 218
 181 217 61
 156 235 257
 126 244 228
 271 228 244
 56 57 76
 225 76 57
 18 154 149
 181 274 217
 23 142 240
 179 230 5
 165 3 5
 275 145 270
 22 270 145
 108 201 151
 251 151 201
 195 210 168
 58 262 202
 95 202 262
 194 276 215
 16 272 143
 27 143 272
 35 59 61
 273 187 116
 21 106 105
 98 201 250
 114 216 213
 196 137 230
 63 209 60
 231 39 257
 182 250 14
 178 214 176
 80 112 86
 129 86 112
 196 134 137
 38 272 256
 95 238 211
 277 211 238
 80 52 190
 75 234 189
 277 238 215
 135 219 266
 9 183 10
 16 256 272
 95 262 96
 19 37 152
 158 212 276
 122 168 210
 251 221 175
 147 265 74
 184 74 265
 178 120 214
 272 55 242
 181 180 274
 198 189 234
 83 203 154
 111 229 233
 178 221 191
 224 191 221
 72 261 141
 46 101 243
 63 176 214
 251 222 221
 104 187 268
 129 134 86
 166 149 154
 111 128 112
 129 112 128
 170 278 264
 205 28 243
 27 272 242
 78 7 11
 9 11 7
 273 261 260
 251 175 151
 135 25 103
 111 233 128
 72 74 186
 184 186 74
 67 136 204
 34 169 84
 19 84 169
 275 270 220
 178 191 120
 277 212 211
 46 243 242
 91 255 245
 178 175 221
 277 276 212
 231 235 173
 95 211 202
 67 204 66
 200 121 229
 1 110 223
 153 176 236
 56 76 189
 75 189 76
 277 215 276
 158 276 155
 167 101 239
 47 239 101
 158 269 212
 231 257 235
 196 230 249
 184 265 258
 188 269 50
 158 140 269
 195 279 241
 68 241 279
 224 220 244
 72 237 261
 231 172 232
 67 173 235
 38 257 39
 153 151 175
 188 212 269
 108 152 37
 118 192 233
 170 171 278
 46 242 55
 273 268 187
 179 4 255
 22 148 270
 271 270 148
 275 222 263
 160 139 232
 100 263 144
 12 149 13
 42 162 139
 35 61 217
 275 220 222
 109 193 180
 275 263 145
 100 145 263
 254 278 171
 58 206 262
 273 141 261
 150 204 136
 194 155 276
 273 116 141
 44 132 177
 182 177 132
 119 216 209
 114 209 216
 69 217 274
 64 248 79
 8 79 248
 68 13 241
 62 66 204
 44 279 43
 195 43 279
 68 279 177
 156 256 15
 16 15 256
 207 92 252
 44 117 132
 114 223 110
 130 132 117
 73 141 116
 147 164 227
 225 227 164
 196 249 197
 90 197 249
 31 252 92
 207 248 92
 44 177 279
 83 82 203
 247 203 82
 98 250 159
 182 159 250
 207 252 208
 64 92 248
 12
 259 254 226 258 186 246 264 227 185 237 278 265
 0
 0
 0
 0
 0
 0
 13
 267 0 69 259 70 2 218 219 260 266 274 180 193
 9
 247 81 167 123 133 77 124 70 36
 0
 7
 161 205 167 17 28 29 143
 8
 30 161 157 85 174 146 208 252
 0
 0
 0
 0
 0
 0
 0
 0
 19
 107 6 89 253 254 93 97 21 142 3 96 105 10 85 4 245 183 255 206
 0
 0
 0
 0
 0
 0
