287 509
4.197526 1.870366 1
4.205878 1.765920 1
4.353964 1.802044 1
4.266956 1.957000 2
5.021739 1.179394 2
4.893626 1.277357 2
4.907285 1.106014 1
4.807293 1.166631 1
4.508610 1.716591 1
4.403931 1.670555 1
4.564542 1.598689 1
4.428215 1.553005 1
5.069196 0.635702 1
4.961960 0.559769 1
5.133544 0.478251 1
3.475663 0.888661 1
3.630861 0.810948 1
3.620797 0.962889 1
5.163724 1.126447 2
5.045081 1.009605 1
4.309810 1.458320 1
4.284656 1.344871 1
4.423867 1.436994 1
3.850509 0.260440 1
3.979503 0.179251 1
4.005759 0.298898 1
3.526508 0.747543 1
5.131914 0.869455 1
4.979466 0.893651 1
5.051641 0.767929 1
2.810024 0.456545 1
2.953604 0.456908 1
2.865226 0.576531 1
3.472222 0.000000 0
3.611111 0.000000 0
3.516792 0.145812 1
3.641623 0.107255 1
4.264837 0.506349 1
4.212965 0.369220 1
4.362883 0.430394 1
4.346334 0.298179 1
4.131754 0.207418 1
3.350452 0.817033 1
3.339667 0.912487 2
3.207373 0.855838 2
4.436863 1.321819 1
4.995296 0.236381 1
5.156919 0.196422 1
5.078186 0.341365 1
5.224209 0.344523 1
4.296433 1.636482 1
3.828493 1.142571 1
3.683397 1.093184 1
3.767156 0.999493 1
4.504739 0.855871 1
4.639683 0.942703 1
4.530584 1.020250 1
4.992430 0.434300 1
4.651967 1.116920 1
3.903397 1.006895 1
2.650289 0.424858 1
2.789191 0.325970 1
4.198955 1.500195 1
3.215673 0.712031 1
3.849503 1.421999 1
3.747811 1.581453 2
3.698988 1.429815 2
4.903107 0.343548 1
3.351627 0.668842 1
3.714597 0.708935 1
3.702993 0.565209 1
3.848248 0.685716 1
3.848161 0.545098 1
4.178657 1.655982 1
4.864355 0.634513 1
4.799226 0.536415 1
4.888039 0.454218 1
4.773951 1.017079 1
3.969128 1.361352 1
3.956628 1.481164 1
3.039363 0.550608 1
3.862222 0.115869 1
4.266639 1.208421 1
4.162879 1.264773 1
4.154629 1.098465 1
3.522048 1.072109 1
2.638889 0.000000 0
2.705536 0.097139 1
2.580803 0.155104 2
4.540506 1.857687 2
4.072998 1.832016 1
4.070199 1.692867 1
3.981842 1.107964 1
4.033360 0.990844 1
4.630215 0.814108 1
3.911410 0.404852 1
4.191768 0.738060 1
4.064754 0.862926 1
4.016786 0.705493 1
4.902018 0.986021 1
2.897116 0.362254 1
4.034224 1.931055 1
3.923554 1.853063 2
4.330723 0.835721 1
4.198482 0.880987 1
3.695457 1.200774 1
2.388637 0.301507 2
2.529763 0.315156 1
2.496198 0.441729 2
4.935510 0.798596 1
4.408943 1.208203 1
2.705582 0.204520 1
2.647284 0.296403 1
4.076138 0.103667 1
3.404548 0.268258 1
3.461062 0.404400 1
3.328546 0.382219 1
3.377062 0.515177 1
4.264057 0.989583 1
4.401928 0.975729 1
3.754119 0.403516 1
5.171740 0.594230 1
3.601026 0.455091 1
3.536094 0.303084 1
4.287328 0.156011 1
4.437894 0.163075 1
4.342330 0.685432 1
4.564247 1.248620 1
4.526571 1.138205 1
4.323374 1.097108 1
2.910152 0.242337 1
3.056968 0.169976 1
3.022608 0.329511 1
3.484943 0.629437 1
3.615175 1.304414 2
3.761477 1.293916 1
4.448486 0.731356 1
3.181105 0.357897 1
3.139652 0.247285 1
3.290539 0.264936 1
3.651117 0.340842 1
4.550630 1.464148 1
4.066500 1.192001 1
3.358270 0.132785 1
5.274645 0.556224 1
5.348751 0.647325 1
5.209572 0.706741 1
4.410639 1.931589 2
2.983404 0.661308 1
4.571433 0.430196 1
4.490055 0.339435 1
4.656291 0.343453 1
4.579339 0.224829 1
3.424379 0.747733 1
4.109686 1.573721 1
4.065104 0.412415 1
4.131865 0.522479 1
5.293349 0.250840 1
3.333333 0.000000 0
3.944605 1.966865 2
5.380229 0.370990 2
5.401428 0.214096 2
3.578319 1.177414 1
2.809502 0.795452 2
2.727676 0.657350 2
2.864636 0.691966 1
4.135249 0.629142 1
5.197884 0.982405 1
5.300575 1.056993 2
2.581689 0.570891 2
2.713194 0.536243 1
3.970571 1.752461 1
5.066491 0.106432 1
4.117604 0.318278 1
3.722780 0.273609 1
4.133654 1.954951 1
4.167809 2.050471 2
3.055556 0.000000 0
2.952795 0.107677 1
3.957970 0.911975 1
3.883708 1.567199 1
3.845217 1.716956 2
5.530718 0.481856 2
5.387472 0.522666 1
3.915571 0.802402 1
3.080878 0.732427 1
3.040666 0.853878 2
3.959123 0.513422 1
3.726347 0.895825 1
3.941152 0.610507 1
4.067390 1.302073 1
4.148262 1.378936 1
4.070376 1.461076 1
5.359257 0.759984 1
4.455444 0.607523 1
4.560836 0.542137 1
4.563451 0.696712 1
4.670970 0.591237 1
3.878421 1.282080 1
5.283319 0.442716 1
4.697741 1.235568 1
4.842820 0.875042 1
4.780706 1.288361 1
4.682758 1.491060 2
4.663811 1.351062 1
4.440127 1.087113 1
4.143056 0.964561 1
3.745319 0.148263 1
2.777778 0.000000 0
2.916667 0.000000 0
2.824630 0.126071 1
3.155647 0.105018 1
4.444445 0.000000 0
4.543991 0.104653 1
3.750000 0.000000 0
4.033442 0.602806 1
5.472854 0.651649 2
3.394670 1.027432 2
3.942056 1.661629 1
5.312334 0.951196 1
5.261732 0.838786 1
3.504400 0.508635 1
3.231197 0.473336 1
3.842282 0.902299 1
3.097116 0.451777 1
2.463426 0.213157 2
3.500594 1.253994 2
4.305555 0.000000 0
4.188107 0.103704 1
3.888889 0.000000 0
3.606921 0.671055 1
3.612837 0.214986 1
4.673587 0.710112 1
4.044223 2.059058 2
4.154537 2.170261 3
4.473945 0.484199 1
5.468232 0.781475 2
4.861111 0.000000 0
5.000000 0.000000 0
4.909756 0.121741 1
4.583333 0.000000 0
4.722222 0.000000 0
4.672441 0.119825 1
4.730761 0.885847 1
3.254211 0.592756 1
4.623531 1.736114 2
4.368527 0.081179 1
5.285372 0.138369 2
5.138889 0.000000 0
5.194705 0.085142 1
4.166667 0.000000 0
4.799692 1.398689 2
4.694332 1.602949 2
2.937374 0.769187 2
3.240989 0.167097 1
3.448032 1.143824 1
4.761513 0.665579 1
3.783251 0.797203 1
3.128230 0.636367 1
4.243562 0.616111 1
4.243294 0.265448 1
4.357610 0.555006 1
4.677654 0.468864 1
4.027778 0.000000 0
3.154818 0.542404 1
4.741789 0.782922 1
4.849654 0.738157 1
4.783470 0.397058 1
4.796529 0.282452 1
3.194444 0.000000 0
4.533991 1.348814 1
4.695080 0.236925 1
4.791667 0.183726 1
4.791667 0.078739 1
5.389285 0.867283 2
5.434222 0.993871 3
2.807389 0.224724 1
3.593017 0.564681 1
3.965343 1.219341 1
4.960452 0.689004 1
4.883244 0.236595 1
3.345389 1.153100 2
4.006957 1.578603 1
5.277778 0.000000 0
3.256537 0.080980 1
3.958333 0.073239 1
3.391597 1.254465 2
 0 1 2
 3 0 2
 4 5 6
 6 5 7
 8 9 10
 9 11 10
 12 13 14
 15 16 17
 18 4 19
 20 21 22
 23 24 25
 26 16 15
 27 28 29
 30 31 32
 33 34 35
 34 36 35
 37 38 39
 40 39 38
 41 25 24
 42 43 44
 22 21 45
 46 47 48
 49 48 47
 50 20 11
 51 52 53
 54 55 56
 57 14 13
 50 2 1
 58 56 55
 4 6 19
 51 53 59
 30 60 61
 50 62 20
 63 42 44
 64 65 66
 57 67 48
 63 68 42
 69 70 71
 72 71 70
 50 73 62
 74 75 13
 13 75 76
 58 55 77
 64 78 79
 31 80 32
 23 81 24
 82 83 84
 85 17 52
 86 87 88
 46 48 67
 89 2 8
 90 91 1
 51 59 92
 93 92 59
 54 94 55
 23 25 95
 96 97 98
 99 19 6
 30 100 31
 90 101 102
 96 103 104
 51 105 52
 106 107 108
 109 29 28
 45 21 110
 96 104 97
 111 112 88
 107 88 112
 41 24 113
 114 115 116
 117 116 115
 118 103 119
 54 119 103
 72 120 95
 12 14 121
 122 115 123
 40 124 125
 96 126 103
 127 110 128
 82 84 129
 130 131 132
 23 95 120
 27 19 28
 117 133 68
 134 135 66
 64 66 135
 54 103 136
 137 138 139
 122 123 140
 10 11 141
 142 84 83
 33 35 143
 144 145 146
 89 147 2
 148 32 80
 149 150 151
 152 151 150
 26 15 153
 42 153 15
 154 62 73
 58 77 7
 155 38 156
 37 156 38
 137 139 116
 49 47 157
 158 33 143
 60 112 61
 102 101 159
 49 157 160
 161 160 157
 85 52 162
 45 110 127
 163 164 165
 52 17 53
 57 48 14
 111 88 87
 96 98 166
 18 167 168
 1 91 73
 40 125 150
 152 150 125
 169 170 164
 90 102 171
 46 172 47
 3 2 147
 41 173 25
 50 9 2
 144 146 121
 23 120 174
 107 60 108
 169 108 60
 26 153 133
 103 126 136
 175 3 176
 177 131 178
 93 59 179
 93 84 92
 142 92 84
 122 120 70
 72 70 120
 54 56 119
 65 180 181
 51 135 105
 118 129 84
 182 183 160
 184 71 98
 64 180 65
 63 44 185
 186 185 44
 155 156 187
 120 140 174
 188 53 17
 71 189 98
 190 191 192
 193 146 145
 82 110 21
 78 190 192
 194 195 196
 197 196 195
 64 198 78
 49 160 199
 133 153 68
 58 7 200
 99 77 201
 5 202 7
 144 14 199
 49 199 14
 30 32 170
 164 170 32
 10 141 203
 204 203 141
 205 128 110
 131 138 132
 130 178 131
 118 104 103
 93 97 206
 23 207 81
 208 209 210
 177 211 131
 194 196 136
 49 14 48
 27 29 146
 12 146 29
 212 213 125
 7 77 6
 191 21 62
 20 62 21
 184 97 179
 93 179 97
 214 81 207
 54 196 94
 99 6 77
 215 187 156
 182 216 183
 85 217 15
 218 181 180
 64 79 180
 219 167 220
 27 220 167
 117 221 133
 40 150 39
 137 116 222
 188 17 16
 188 223 53
 137 222 224
 58 128 56
 107 225 88
 78 192 79
 184 98 97
 134 226 162
 227 124 228
 118 119 129
 205 129 119
 204 127 200
 58 200 127
 214 229 81
 26 133 230
 231 35 36
 114 35 123
 231 123 35
 12 121 146
 197 232 196
 233 176 234
 27 146 220
 193 220 146
 39 150 235
 64 135 198
 155 187 95
 193 216 236
 237 238 239
 240 241 242
 152 125 213
 54 136 196
 77 243 201
 155 95 25
 57 13 76
 169 60 170
 122 140 120
 18 19 167
 27 167 19
 107 112 60
 63 244 68
 30 170 60
 10 245 8
 114 143 35
 212 125 246
 47 247 157
 144 121 14
 194 136 126
 193 145 216
 89 8 245
 85 15 17
 248 249 172
 209 177 178
 250 227 228
 204 251 203
 10 252 245
 11 22 141
 148 185 253
 186 253 185
 149 235 150
 254 139 138
 214 207 36
 42 15 43
 226 255 162
 111 61 112
 69 230 70
 209 178 210
 50 1 73
 197 75 256
 74 256 75
 72 95 187
 90 1 0
 238 248 172
 30 61 100
 188 257 223
 148 80 258
 37 259 156
 59 53 223
 212 240 213
 40 260 124
 69 257 16
 188 16 257
 235 194 261
 156 259 166
 148 258 185
 117 68 244
 34 214 36
 117 115 221
 20 22 11
 50 11 9
 39 235 261
 149 262 195
 46 239 172
 47 172 249
 69 71 257
 184 257 71
 263 250 113
 264 224 222
 114 139 143
 130 210 178
 265 266 201
 109 201 266
 97 104 206
 42 68 153
 215 166 98
 51 198 135
 134 105 135
 205 119 56
 85 162 255
 238 172 239
 99 28 19
 37 39 261
 267 151 268
 177 269 211
 114 123 115
 204 141 270
 151 271 268
 117 222 116
 197 195 262
 2 9 8
 55 243 77
 41 124 260
 204 270 127
 240 242 213
 45 127 270
 137 132 138
 114 116 139
 204 202 251
 41 228 124
 216 145 183
 125 124 246
 227 246 124
 152 213 242
 130 100 61
 194 126 261
 144 199 183
 160 183 199
 141 22 270
 96 259 126
 254 143 139
 45 270 22
 208 210 87
 111 87 210
 155 173 38
 40 38 260
 26 230 16
 69 16 230
 148 253 165
 58 127 128
 144 183 145
 272 273 239
 237 239 273
 99 201 28
 109 28 201
 219 168 167
 122 221 115
 272 242 273
 241 273 242
 204 200 202
 231 140 123
 219 274 275
 231 36 207
 118 84 206
 231 207 174
 23 174 207
 111 276 61
 70 230 277
 130 61 276
 148 165 32
 137 224 132
 31 132 224
 215 98 189
 78 278 190
 149 151 262
 154 73 91
 233 159 101
 205 56 128
 250 228 113
 197 256 232
 131 211 138
 254 138 211
 130 276 210
 163 165 253
 152 242 271
 272 271 242
 82 129 110
 205 110 129
 109 279 29
 12 29 279
 122 70 277
 111 210 276
 90 0 175
 233 101 175
 93 206 84
 191 83 21
 82 21 83
 46 280 239
 272 239 280
 90 171 91
 86 208 87
 7 202 200
 63 258 244
 281 217 255
 85 255 217
 267 75 262
 130 132 100
 31 100 132
 264 244 258
 161 157 247
 197 262 75
 79 192 282
 154 282 192
 227 212 246
 102 181 171
 218 171 181
 248 283 249
 55 94 243
 265 243 94
 283 247 249
 118 206 104
 269 158 284
 10 203 252
 155 25 173
 134 162 105
 267 262 151
 78 198 278
 15 217 43
 241 237 273
 218 282 91
 154 91 282
 233 175 176
 38 173 260
 41 260 173
 47 249 247
 229 263 285
 265 256 266
 74 266 256
 265 201 243
 117 244 222
 5 251 202
 90 175 101
 3 175 0
 218 91 171
 264 222 244
 158 143 284
 267 268 67
 218 180 282
 79 282 180
 72 189 71
 142 190 278
 152 271 151
 74 279 266
 109 266 279
 164 32 165
 191 62 192
 154 192 62
 254 284 143
 263 113 285
 24 285 113
 267 76 75
 231 174 140
 219 275 168
 74 13 279
 12 279 13
 264 258 80
 281 255 286
 226 286 255
 63 185 258
 46 67 280
 41 113 228
 267 67 76
 193 236 274
 57 76 67
 196 232 94
 265 94 232
 193 274 220
 219 220 274
 52 105 162
 184 223 257
 215 156 166
 51 92 278
 133 277 230
 191 190 83
 67 268 280
 72 187 189
 215 189 187
 126 259 261
 96 166 259
 229 285 81
 24 81 285
 142 278 92
 51 278 198
 31 224 80
 264 80 224
 265 232 256
 254 211 284
 272 268 271
 107 106 225
 37 261 259
 269 284 211
 122 277 221
 133 221 277
 184 179 223
 59 223 179
 194 235 195
 149 195 235
 142 83 190
 272 280 268
 0
 0
 0
 0
 0
 0
 0
 0
 0
 0
 0
 23
 163 233 134 169 186 281 164 102 65 234 88 226 108 44 66 159 253 217 181 106 43 286 225
 0
 0
 0
 0
 0
 0
 0
 0
 0
 14
 3 18 5 89 4 234 203 251 147 275 245 252 168 176
 8
 182 161 160 216 247 275 236 274
 0
 0
 0
 0
