1184 2222
5.221864 8.314909 2
5.194563 8.453780 1
5.103426 8.308444 1
5.039473 8.409187 1
4.843771 7.742307 1
4.766234 7.666049 1
4.942622 7.631082 1
4.792192 8.827494 1
4.900336 8.739722 1
4.900708 8.889679 1
5.018963 8.822566 1
2.457381 7.696479 1
2.330687 7.682017 1
2.433056 7.563674 1
4.518532 9.039821 1
4.623083 9.182564 1
4.474886 9.182805 1
4.643481 9.022559 1
0.804761 8.931736 1
0.883450 9.033758 1
0.731714 9.012262 1
4.821928 7.549235 1
3.984750 9.683025 1
4.081141 9.703469 1
3.991364 9.808573 1
2.215323 8.693197 1
2.352635 8.589117 1
2.338058 8.714190 1
3.044516 8.797724 1
2.927110 8.801484 1
2.978158 8.659540 1
0.813117 9.117463 1
3.125738 8.723030 1
4.154042 9.791286 1
1.305696 7.883720 1
1.208009 7.992225 1
1.205268 7.860732 1
2.534269 7.374473 1
2.443488 7.311311 1
2.579876 7.256678 1
2.255517 8.547160 1
2.511587 9.677944 1
2.365838 9.722083 1
2.355013 9.581230 1
3.642383 7.890832 1
3.511250 7.910295 1
3.556786 7.772664 1
3.421979 7.817657 1
0.586217 8.671837 1
0.717139 8.653090 1
0.688054 8.781419 1
2.282214 7.583952 1
4.690049 8.661431 1
4.815514 8.530622 1
4.799302 8.686742 1
4.711200 8.307444 1
4.741633 8.163024 1
4.860852 8.234040 1
0.510559 7.108503 1
0.395163 7.165545 1
0.409375 7.016966 1
2.389450 8.917956 1
2.507951 8.842249 1
2.535382 9.000408 1
3.948256 8.299196 1
3.843820 8.384261 1
3.843518 8.238039 1
3.734205 8.298347 1
0.600051 9.442334 1
0.625002 9.593052 1
0.495180 9.502041 1
2.305840 7.476904 1
2.232544 9.342650 1
2.231482 9.477139 1
2.118436 9.423791 1
4.835890 8.349513 1
0.559112 6.615945 1
0.663739 6.708256 1
0.514937 6.747599 1
3.850071 9.739372 1
2.107061 8.657786 1
2.156330 8.559928 1
5.033668 8.974723 1
4.887443 9.018431 1
0.302012 7.781382 1
0.448479 7.727332 1
0.365202 7.918355 1
0.518228 7.867599 1
5.160952 8.874516 2
5.117629 9.121278 1
5.054770 9.226753 1
4.976250 9.108380 1
0.441684 9.357429 1
0.279594 9.434204 1
0.296961 9.314909 1
4.595613 8.187726 1
4.511151 8.049745 1
4.657690 8.056572 1
2.988788 8.221578 1
2.848468 8.223381 1
2.938308 8.067600 1
3.081775 8.353309 1
2.937531 8.385432 1
2.634778 9.100739 1
2.751874 9.095387 1
2.661494 9.223904 1
2.417764 7.184912 2
3.611111 10.000000 0
3.472222 10.000000 0
3.516792 9.854188 1
2.809457 9.542949 1
2.863925 9.418609 1
2.953662 9.542715 1
2.807078 9.202169 1
0.376853 9.485054 1
0.858725 8.722531 1
1.021079 8.803075 1
0.926489 8.895859 1
1.353558 7.981986 1
0.722314 9.520363 1
4.543251 6.941085 1
4.651010 6.849020 1
4.676975 7.006541 1
3.641623 9.892745 1
3.711240 7.702978 1
3.753700 7.593210 1
3.852340 7.744352 1
2.456092 9.784729 1
1.666667 10.000000 0
1.527778 10.000000 0
1.576167 9.835144 1
0.000000 8.472222 0
0.000000 8.333333 0
0.166292 8.423943 1
3.880420 7.593835 1
0.206973 7.973966 1
0.290860 8.070413 1
2.601451 8.230957 1
2.705326 8.289047 1
2.563487 8.380516 1
4.992723 9.561673 1
4.955625 9.444233 1
5.100862 9.495233 1
5.104562 9.353175 1
3.099504 7.861408 1
3.087139 7.754130 1
3.246407 7.816896 1
3.455959 8.054653 1
3.603015 8.014289 1
3.522590 8.166489 1
2.826501 8.085840 1
3.357792 9.078940 1
3.207491 9.144413 1
3.270567 9.026120 1
2.580719 9.428445 1
2.584457 9.302958 1
2.726588 9.342508 1
2.313748 7.309247 2
2.418204 7.433827 1
2.583979 7.497101 1
2.759440 7.514537 1
2.666480 7.624243 1
4.134202 8.347101 1
3.981994 8.390379 1
4.054682 8.266901 1
3.600476 8.706468 1
3.692692 8.572439 1
3.757893 8.727348 1
1.499858 7.947772 1
1.398136 7.838314 1
1.805556 10.000000 0
1.737316 9.870559 1
1.903461 9.864985 1
0.000000 8.194445 0
0.133506 8.090914 1
0.127202 8.260216 1
1.508334 8.189949 1
1.644398 8.157336 1
1.585124 8.273692 1
1.707647 8.287313 1
3.167779 7.683233 1
1.970951 8.965046 1
1.824499 9.015575 1
1.870443 8.844454 1
1.761035 8.899155 1
5.326624 8.394687 2
2.824404 7.342330 1
2.669007 7.374741 1
1.085593 8.281207 1
1.211066 8.256941 1
1.196026 8.392241 1
0.577212 8.273679 1
0.521991 8.149955 1
0.693256 8.164474 1
2.339659 9.421269 1
0.812300 7.631135 1
0.853759 7.789952 1
0.733534 7.748320 1
0.540023 7.005441 1
3.350409 9.182704 1
4.176283 7.510770 1
4.021476 7.534031 1
4.107207 7.367772 1
3.968200 7.421478 1
2.908478 7.476202 1
0.304373 6.188498 1
0.458075 6.124873 2
0.439970 6.285912 2
2.610155 8.909194 1
3.841172 8.600904 1
3.907595 8.740753 1
3.835572 8.882611 1
2.684485 8.547401 1
2.845678 8.557736 1
2.742036 8.654783 1
0.000000 6.805555 0
0.124206 6.674959 1
0.168758 6.780949 1
4.007149 7.706590 1
1.388889 10.000000 0
1.286949 9.850028 1
1.458333 9.900642 1
0.000000 8.611111 0
0.099357 8.541667 1
0.149972 8.713051 1
4.928938 8.408052 1
2.753611 9.666281 1
2.642692 9.569966 1
0.354021 7.393651 1
0.435442 7.313666 1
0.446700 7.459182 1
2.685320 8.413293 1
0.000000 9.166667 0
0.123921 9.056075 1
0.118748 9.221499 1
0.833333 10.000000 0
0.771428 9.881005 1
0.952749 9.878537 1
3.245531 7.230278 2
3.155838 7.313945 1
3.091022 7.181091 2
3.426557 8.510435 1
3.487289 8.414026 1
3.542542 8.558068 1
3.612251 8.459483 1
0.738248 7.897949 1
0.613699 7.946341 1
0.604607 7.778429 1
0.511959 9.611855 1
0.402159 6.651262 1
4.752560 9.091887 1
4.753585 9.217464 1
2.952770 7.357646 1
3.067519 7.422348 1
4.921981 8.624599 1
5.494482 9.751087 1
5.389594 9.632672 1
5.532137 9.655560 2
2.796300 8.460410 1
2.210943 7.419106 1
0.803698 9.649410 1
0.678018 9.708518 1
4.255176 8.445662 1
4.310953 8.315970 1
5.317335 8.524278 2
3.030931 7.537596 1
3.045278 7.292064 1
3.892871 7.484823 1
5.214862 8.622054 2
5.107150 8.727748 1
5.044873 8.595980 1
0.624954 8.078673 1
3.215754 9.288006 1
3.364952 9.339704 1
4.374683 7.131568 1
4.237511 7.038578 1
4.349758 7.017886 1
3.637452 8.120075 1
0.210358 8.569089 1
0.309136 8.508445 1
0.578731 7.660341 1
0.515410 7.559653 1
2.523983 9.183787 1
1.616130 9.365771 1
1.769831 9.294094 1
1.730980 9.435247 1
0.261602 9.600441 1
3.714597 9.291065 1
3.848248 9.314283 1
3.702993 9.434791 1
3.857107 9.455001 1
0.400869 7.591715 1
4.050963 8.481641 1
4.659850 8.878281 1
4.771643 8.955138 1
4.218152 7.147321 1
2.799217 7.693826 1
2.923133 7.614957 1
1.590732 7.730081 1
1.716652 7.782197 1
1.610746 7.862753 1
4.145229 7.234875 1
4.059261 7.122772 1
0.339019 8.387820 1
5.248151 9.549439 1
5.089444 9.635806 1
5.225109 9.663507 1
4.864355 9.365487 1
4.799243 9.464533 1
1.189201 8.795759 1
1.113182 8.680849 1
0.758679 8.431259 1
0.733248 8.305851 1
0.866699 8.310026 1
4.813176 7.911351 1
4.948983 7.864202 1
0.267082 8.277399 1
0.413076 8.244780 1
1.696259 8.602985 1
1.803862 8.695800 1
1.657487 8.728475 1
2.638889 10.000000 0
2.500000 10.000000 0
2.564223 9.843437 1
1.494142 8.765318 1
1.645896 8.843415 1
1.564363 8.918695 1
4.549316 8.906294 1
4.448827 8.208036 1
2.808614 7.168708 2
2.942381 7.236932 1
1.904055 7.879086 1
1.837587 7.992599 1
1.796929 7.883687 1
1.317680 8.269543 1
1.451239 8.326179 1
1.309117 8.378160 1
4.694573 8.537153 1
3.441815 8.638124 1
1.066928 8.429412 1
2.449164 9.443862 1
3.928511 9.222762 1
4.074122 9.245570 1
4.003203 9.356768 1
4.888464 9.546127 1
4.344721 9.139347 1
4.397971 9.039911 1
3.484770 8.751163 1
1.961229 7.996693 1
0.191461 9.510171 1
5.397138 9.790697 1
1.398905 8.200853 1
0.607504 6.824253 1
1.103121 8.910573 1
5.040743 7.991185 1
5.087064 7.877637 2
3.326754 8.652893 1
3.258701 8.765776 1
3.199464 8.588102 1
1.767289 8.201658 1
0.247466 7.171700 1
0.311634 7.287780 1
0.190436 7.302215 1
3.862267 9.882134 1
1.500886 7.797293 1
0.950514 7.675474 1
3.039750 9.448254 1
3.510660 7.636990 1
3.447775 7.505364 1
3.627092 7.551364 1
3.559541 7.424548 1
2.654395 8.768534 1
2.535372 8.717549 1
2.466010 8.508545 1
2.438167 8.359035 1
1.592797 9.097786 1
1.669018 9.221201 1
1.548165 9.241406 1
4.557470 9.579404 1
4.409207 9.553614 1
4.558940 9.462377 1
4.451516 9.419845 1
0.124253 7.204134 1
3.667729 8.858192 1
0.616477 8.393044 1
0.473950 8.361743 1
5.087629 7.126500 1
5.238856 7.112688 2
5.122115 7.262406 1
5.279744 7.252313 2
0.795406 8.565123 1
0.908448 8.586155 1
0.411077 9.591169 1
3.031659 8.517939 1
1.250000 10.000000 0
0.000000 8.750000 0
0.883070 7.929007 1
0.997349 7.815324 1
1.146914 7.747867 1
1.091823 7.907299 1
1.258960 7.182138 2
1.125977 7.093374 1
1.247292 7.029595 2
0.546415 8.787341 1
0.990099 8.657994 1
4.534422 7.490746 1
4.536436 7.376394 1
4.672927 7.475581 1
4.652640 7.350923 1
2.703299 9.902945 1
1.687510 7.652841 1
0.142591 9.655199 1
0.283525 9.728330 1
3.131418 8.196046 1
1.464331 9.149743 1
2.318282 8.054093 1
2.336846 7.907362 1
2.449202 7.997257 1
1.402143 8.440618 1
0.196901 9.803100 1
1.965205 8.701877 1
1.431722 9.788975 1
1.492050 9.689928 1
1.728744 8.439555 1
1.596820 8.391994 1
4.834458 7.281233 1
4.974308 7.230979 1
4.991446 7.348893 1
1.118547 7.236432 1
1.287874 8.131318 1
4.635546 8.455350 1
4.588533 8.601883 1
4.478090 8.516355 1
2.307197 8.331261 1
2.310130 8.199123 1
2.416319 8.226562 1
0.864869 8.475965 1
0.555792 6.480118 1
0.661663 6.433148 2
0.692328 6.567451 2
4.973298 8.502631 1
4.180976 9.319201 1
4.115375 9.448175 1
3.063891 7.641549 1
1.561748 8.649764 1
2.198971 7.963866 1
1.608491 9.667698 1
0.000000 7.777778 0
0.000000 7.638889 0
0.155138 7.724136 1
4.743224 8.436479 1
4.900292 7.423846 1
0.553257 7.346814 1
0.094249 7.569445 1
2.881615 9.660957 1
2.809819 8.748355 1
2.774133 8.871576 1
2.906578 8.940297 1
4.911258 9.657254 1
0.526764 8.467170 1
4.263486 9.510584 1
4.325822 9.399570 1
4.576108 7.607667 1
0.293526 8.784400 1
0.441780 8.860373 1
0.333250 8.930343 1
3.910711 9.593875 1
1.181810 8.551363 1
1.220491 8.689522 1
2.207673 8.252357 1
2.991874 7.710558 1
1.596348 8.519858 1
4.386937 7.957093 1
4.280149 8.028477 1
4.251044 7.871155 1
4.974689 6.722596 2
4.848577 6.738701 2
4.914988 6.591507 3
2.507870 9.539163 1
3.474867 9.459817 1
3.348336 9.496619 1
3.496610 9.345310 1
4.938622 9.210174 1
2.705582 9.795480 1
2.643671 9.691219 1
4.341845 9.257669 1
1.544884 8.074590 1
2.218618 9.697988 1
2.203887 9.583989 1
4.121198 7.040025 1
1.334896 9.444846 1
1.348866 9.335640 1
1.469599 9.466022 1
2.222222 10.000000 0
2.083333 10.000000 0
2.155257 9.869110 1
4.711037 7.794382 1
0.506783 7.991428 1
1.497565 9.348309 1
4.598866 7.059680 1
1.071089 8.570249 1
4.079746 9.898533 1
3.463461 9.594523 1
3.323871 9.619709 1
3.404548 9.731742 1
2.944302 7.070577 2
4.083990 8.923274 1
3.944699 8.990733 1
3.989815 8.849579 1
2.388564 9.077755 1
4.971705 8.284924 1
4.976001 8.131276 1
0.323862 6.067037 2
1.684391 8.982583 1
5.019590 9.767318 1
0.000000 6.666667 0
2.793774 7.994339 1
2.686939 7.956045 1
2.792672 7.848142 1
0.283384 7.047626 1
3.754241 9.597116 1
3.162837 7.963872 1
3.595502 9.551279 1
3.532054 9.698666 1
1.361718 8.903855 1
1.337824 8.769677 1
1.458961 8.869428 1
3.990979 9.487936 1
4.346334 9.701820 1
4.437894 9.836925 1
4.289364 9.844871 1
2.930575 9.774561 1
3.023593 9.671023 1
3.057844 9.830734 1
2.740686 8.172968 1
0.465655 6.555604 1
1.015840 6.738435 2
0.987395 6.885596 2
0.886363 6.750875 1
0.414963 8.071552 1
4.468042 7.715165 1
4.502781 7.876628 1
4.367325 7.805503 1
2.023131 9.905187 1
0.356034 9.675016 1
1.802797 9.755301 1
0.225961 8.181989 1
0.211318 9.131266 1
0.294735 9.054495 1
0.369858 9.189230 1
4.584562 7.758676 1
2.416075 8.773869 1
2.439552 8.650907 1
4.387048 8.081140 1
4.226120 9.176881 1
3.181200 9.641978 1
3.292801 9.734212 1
3.139652 9.752715 1
1.266389 7.642892 1
1.177508 7.507638 1
1.326424 7.547935 1
2.344554 8.463660 1
2.138381 9.518966 1
2.699648 8.977465 1
3.649877 9.659216 1
0.529079 9.213453 1
0.322388 8.169227 1
0.983326 8.514839 1
0.371069 6.795438 1
2.929271 8.493922 1
4.771996 6.822196 1
4.921848 6.875056 2
4.776976 6.939325 1
3.358270 9.867215 1
3.758244 7.836802 1
3.282170 7.982706 1
0.864530 9.786017 1
4.193398 8.227467 1
1.283737 7.430814 1
1.204557 7.331199 1
4.153456 7.978736 1
4.177986 8.088549 1
4.026791 8.054142 1
0.435687 8.704444 1
4.579339 9.775171 1
4.491577 9.682027 1
4.655893 9.654855 1
2.035455 7.380548 1
2.150744 7.318586 2
2.112930 7.459446 1
4.447915 8.350212 1
4.308178 8.162348 1
2.626130 8.127058 1
3.481774 7.339940 1
3.377903 7.389180 1
0.235199 7.868153 1
4.581967 7.159510 1
4.698600 7.260993 1
4.564543 7.276639 1
2.983458 9.338620 1
1.051147 8.044083 1
1.144988 8.142914 1
0.981902 8.191603 1
2.891120 7.950875 1
2.079071 7.912491 1
2.120774 7.803924 1
2.261610 7.806186 1
2.006415 7.842937 1
0.997649 7.156612 1
0.906328 7.288684 1
0.844803 7.132699 1
3.537035 9.225267 1
3.434815 9.243501 1
3.455557 9.105533 1
3.018186 7.962210 1
3.026406 8.119363 1
1.390459 7.691524 1
1.501852 7.678027 1
0.694444 10.000000 0
0.555556 10.000000 0
0.632514 9.850994 1
0.000000 9.444445 0
0.000000 9.305555 0
0.147830 9.363488 1
4.443876 8.669430 1
4.715678 7.142967 1
0.739847 7.167933 1
0.668488 7.268610 1
0.630688 7.118028 1
3.910329 7.913257 1
5.072101 8.187603 1
0.714316 9.402905 1
4.581558 8.759679 1
4.106899 8.169879 1
1.090806 7.389845 1
0.795127 8.045098 1
2.177634 8.374730 1
3.333333 10.000000 0
0.229289 9.240767 1
5.287799 9.750173 1
1.247027 9.296149 1
1.236969 9.439577 1
1.908202 7.358087 2
2.020253 7.267929 2
2.586080 7.112348 2
1.445282 9.003757 1
3.532003 8.938999 1
3.589677 9.086582 1
4.105875 9.132679 1
0.191008 8.946526 1
4.707977 7.588343 1
5.513700 9.525151 2
4.770649 7.392766 1
0.270356 6.722905 1
0.241087 6.594317 1
2.897183 9.084881 1
3.007979 9.034867 1
5.097023 7.394842 1
3.109078 8.066141 1
1.838712 9.384990 1
1.918479 9.271042 1
1.973748 9.426676 1
2.070018 9.313602 1
5.555555 10.000000 0
5.416667 10.000000 0
5.510119 9.866122 2
5.316194 8.940395 2
5.194096 9.013437 1
0.712002 9.129732 1
0.756333 7.376606 1
0.669728 7.526626 1
0.642332 7.395194 1
0.695885 8.017605 1
0.832334 8.181274 1
3.919438 7.045442 1
3.808242 7.139900 2
3.818640 6.978978 2
4.056133 9.035362 1
4.951414 7.741698 1
1.894796 8.283788 1
1.796368 8.333261 1
0.532266 7.220194 1
0.563854 7.457312 1
4.352052 8.542392 1
5.019200 7.792492 1
2.860039 9.305372 1
5.102235 8.506653 1
0.000000 7.361111 0
0.081500 7.298603 1
0.115371 7.430360 1
5.407197 9.504215 1
4.045402 7.234003 1
2.709552 9.461353 1
5.151985 9.824062 1
5.070296 9.897686 1
0.636902 8.530614 1
0.817945 9.228610 1
0.705682 9.281222 1
0.208464 7.574777 1
0.250566 7.417533 1
3.764626 7.978360 1
1.687356 9.755663 1
2.126284 8.081773 1
2.057845 8.012397 1
2.556417 7.605742 1
0.323471 7.516419 1
0.487094 9.909638 1
0.086995 9.513889 1
0.362887 6.551648 1
5.311906 9.455657 1
5.147015 9.724869 1
4.257246 8.596165 1
4.145428 8.562978 1
0.814496 7.491768 1
0.000000 6.250000 0
0.000000 6.111111 0
0.144028 6.180555 2
1.818970 9.167747 1
1.952648 9.115278 1
1.212820 9.693766 1
1.355126 9.675912 1
4.597871 7.963859 1
4.314149 8.687351 1
4.001079 8.619575 1
0.000000 7.500000 0
0.830477 9.369934 1
0.838538 9.499920 1
5.180929 8.201887 2
2.440898 7.840679 1
2.551204 7.791159 1
2.592933 7.696841 1
4.472039 8.800057 1
5.361442 9.235927 2
5.230484 9.305805 1
5.261732 9.161214 1
0.493726 8.971506 1
0.404042 9.048648 1
3.815947 9.000827 1
5.444541 9.386308 2
5.323923 9.351140 1
3.019313 8.927312 1
3.172261 8.877253 1
3.142503 9.012094 1
2.794759 8.349617 1
0.000000 9.722222 0
0.000000 9.583333 0
0.416667 10.000000 0
0.277778 10.000000 0
0.347068 9.865978 1
4.856603 7.145395 1
0.596528 6.329490 2
0.481959 6.387649 1
0.311214 6.299680 1
4.449424 9.311433 1
0.113225 6.883154 1
3.055556 10.000000 0
2.958133 9.896220 1
3.209192 8.323812 1
3.142920 8.472559 1
3.251038 8.433955 1
3.384366 7.927693 1
4.900376 8.008267 1
4.998565 8.691900 1
4.142662 7.770654 1
4.062350 7.835704 1
3.338727 8.074183 1
3.722469 9.726491 1
0.000000 7.083333 0
0.141202 7.079720 1
0.804992 8.836111 1
5.153835 9.233645 1
0.390550 8.588207 1
0.499662 8.572626 1
1.751417 7.973350 1
2.660093 7.848749 1
0.790186 7.268943 1
2.213852 8.122400 1
0.303171 7.658401 1
3.640723 8.979976 1
1.154797 9.368364 1
0.000000 7.222222 0
3.963344 8.167383 1
2.811066 8.983169 1
1.944444 10.000000 0
0.000000 8.055555 0
2.084858 8.479953 1
2.011927 8.365358 1
2.078767 7.666364 1
2.034003 7.560336 1
2.176873 7.551620 1
0.598355 8.906145 1
3.081324 9.268017 1
3.041671 9.147126 1
1.860916 8.142054 1
2.010645 8.122132 1
4.872307 7.020385 1
2.029161 9.791840 1
4.252996 7.294376 1
4.354853 7.244166 1
5.215716 9.421371 1
1.497397 8.567036 1
2.864630 8.666462 1
4.106539 8.681413 1
5.389453 9.894346 1
3.269875 8.919956 1
5.020481 7.500053 1
1.155098 7.636156 1
4.783399 8.029253 1
0.984513 8.316355 1
4.859877 9.151567 1
5.001524 7.020991 1
5.076235 6.911542 2
1.030836 9.115532 1
1.126290 9.230981 1
1.010762 9.226134 1
0.929986 7.017158 1
0.862778 6.878037 1
0.804398 6.970953 1
0.115023 7.874085 1
3.349836 7.708594 1
2.578987 8.492351 1
1.126392 6.947610 2
4.368837 8.434118 1
0.972222 10.000000 0
0.000000 9.027778 0
2.055979 8.579137 1
3.715698 8.424626 1
2.559854 7.907807 1
2.580730 8.027303 1
2.019666 8.846539 1
3.263058 7.656786 1
0.996799 7.950277 1
2.508919 8.137167 1
0.492241 9.801861 1
4.531622 8.420821 1
2.074688 8.746455 1
4.562901 8.315740 1
0.930958 7.556477 1
2.018899 9.223706 1
1.004662 8.995338 1
4.031507 7.932813 1
1.463472 7.365602 2
1.630993 7.365955 2
1.532278 7.479693 1
1.878052 8.432953 1
1.824728 8.560706 1
0.664117 6.992033 1
0.692460 6.894339 1
3.953669 7.810437 1
0.768840 6.814992 1
0.799684 6.671224 2
4.921330 7.526054 1
0.323504 6.922027 1
0.479855 6.892079 1
3.668547 7.791031 1
1.973966 7.465500 1
1.747745 8.802259 1
0.736771 7.076329 1
3.995246 9.121576 1
1.155032 9.125547 1
4.852577 8.123547 1
1.040813 7.011794 1
3.745319 9.851737 1
4.963239 7.116050 1
2.916667 10.000000 0
2.777778 10.000000 0
2.830021 9.875804 1
3.155647 9.894982 1
3.755050 7.484173 1
3.678781 7.358489 1
3.839210 7.390600 1
1.623189 9.519094 1
0.964521 9.713545 1
0.954280 9.592237 1
1.942917 9.574646 1
2.075941 9.644622 1
1.928411 9.705174 1
4.444445 10.000000 0
4.543991 9.895347 1
2.359423 7.771815 1
1.263118 8.884799 1
3.345575 8.847124 1
1.675653 7.515348 1
1.761743 7.409687 1
1.793636 7.572269 1
1.862727 7.473275 1
2.197724 9.016069 1
2.107676 8.934102 1
2.247982 8.912095 1
2.158822 8.828609 1
2.209255 7.681920 1
5.215215 8.747265 2
3.750000 10.000000 0
3.312670 8.536125 1
4.250460 8.816812 1
4.368865 8.786231 1
4.325902 8.925805 1
4.231218 7.410373 1
0.299041 8.656504 1
4.380692 6.783002 1
4.327588 6.682076 2
4.485376 6.682701 2
1.334587 7.310613 2
3.555865 8.817285 1
2.503778 8.272970 1
3.713003 8.075606 1
4.282556 6.957081 1
4.143545 6.940578 1
4.203537 6.832942 2
3.734553 8.954844 1
1.058497 9.815688 1
4.446509 7.322335 1
4.440694 7.457618 1
1.786778 7.275660 2
3.394715 8.972930 1
4.698592 8.771091 1
2.106870 8.283138 1
0.920541 7.459746 1
2.412495 9.230323 1
2.304126 9.214216 1
0.930620 9.294585 1
0.973801 9.436555 1
1.054995 9.315080 1
3.096404 9.548437 1
3.224978 9.529265 1
5.339095 9.054036 2
1.396366 7.460019 1
1.976478 7.746914 1
1.205404 8.976017 1
4.213342 9.427270 1
4.347909 7.403681 1
0.633174 9.197259 1
0.592068 9.076138 1
5.115304 7.631296 2
5.154410 7.012564 2
3.919992 8.025494 1
1.021153 7.292825 1
2.228667 8.455847 1
4.127783 8.810086 1
4.209990 8.931535 1
0.564581 9.714310 1
4.148323 8.448848 1
2.911109 7.846158 1
4.305555 10.000000 0
4.186213 9.892676 1
0.683349 7.644981 1
1.288095 7.776429 1
3.888889 10.000000 0
3.608349 9.325408 1
0.213930 8.846450 1
3.505209 8.273164 1
3.356488 8.323774 1
3.612837 9.785014 1
2.686038 7.749208 1
1.429399 8.087277 1
2.037016 9.517852 1
3.578867 7.278636 1
0.953595 8.408203 1
5.124939 8.088936 2
3.651424 9.198225 1
5.000000 10.000000 0
4.861111 10.000000 0
4.913227 9.878787 1
4.030770 8.744462 1
4.722222 10.000000 0
4.583333 10.000000 0
4.672441 9.880175 1
4.068501 9.585863 1
0.000000 7.916667 0
1.713748 9.647942 1
1.746946 9.550308 1
0.000000 10.000000 0
0.000000 9.861111 0
0.107824 9.892176 1
0.138889 10.000000 0
2.723051 7.266156 1
2.940107 9.226430 1
1.151346 9.895024 1
0.106092 8.849491 1
2.171618 9.210989 1
2.361111 10.000000 0
2.288904 9.895423 1
2.436661 9.892396 1
4.565258 9.317526 1
3.087309 8.611466 1
3.625255 8.229438 1
3.361814 8.439623 1
4.476462 7.048297 1
4.404589 6.915154 1
1.358403 9.543875 1
1.443864 9.592309 1
4.212398 8.713079 1
3.249555 9.409588 1
3.618646 8.343740 1
0.911069 9.174496 1
3.770442 7.300319 1
1.887306 8.627846 1
4.368891 9.918979 1
2.162253 9.112062 1
2.058272 9.036160 1
5.284987 9.862564 1
4.251238 7.728322 1
1.062614 9.535784 1
1.717935 9.096978 1
2.015341 8.240054 1
1.451279 7.567094 1
3.704860 7.213806 1
3.874635 7.269837 1
0.352246 6.389323 1
5.138889 10.000000 0
5.198089 9.915951 1
2.709536 7.054564 2
2.684746 7.162374 1
1.311718 8.993432 1
4.166667 10.000000 0
3.823353 8.107009 1
4.141549 7.641022 1
3.801892 8.497043 1
0.114363 6.303110 1
2.263370 9.107443 1
1.831896 9.622097 1
1.853158 9.498068 1
0.215323 6.379928 1
0.286639 6.485198 1
0.145565 6.498655 1
0.000000 6.527778 0
0.101550 6.405153 1
3.971478 7.312364 1
4.667230 7.685610 1
4.614072 7.870597 1
0.201777 6.955204 1
0.241448 6.843279 1
4.361379 7.659491 1
4.454059 7.580986 1
0.759233 9.770711 1
3.182489 7.548820 1
3.205936 7.420095 1
1.943088 8.197810 1
2.301919 9.006825 1
3.240989 9.832903 1
4.357193 7.543555 1
1.258936 9.570167 1
4.433757 8.899753 1
2.288204 8.801998 1
1.955428 8.552999 1
0.480838 9.114609 1
2.819856 9.758503 1
1.977435 7.641033 1
0.389819 9.757821 1
4.140000 7.877362 1
0.000000 6.388889 0
3.580338 9.431469 1
3.721320 9.071493 1
3.862135 9.102349 1
3.279959 8.202665 1
3.221675 8.093870 1
4.671092 9.415395 1
4.757458 9.336107 1
4.504460 6.802976 1
3.125162 9.365748 1
1.153550 9.786070 1
5.028214 7.709449 1
0.220797 6.099459 2
3.943378 7.179153 1
0.217860 6.270355 1
1.346873 9.100210 1
2.366446 9.811171 1
3.785517 9.194808 1
0.091278 9.780123 1
0.213692 9.912251 1
4.174572 9.047209 1
4.249196 9.746644 1
1.301408 8.605935 1
4.309435 6.850822 1
1.426698 8.649664 1
0.599666 9.312307 1
4.290026 9.051939 1
1.076383 9.418751 1
3.603919 7.676636 1
5.277778 10.000000 0
3.572624 7.136677 2
3.305654 7.465668 1
2.126009 9.752971 1
4.670959 9.291055 1
1.974128 8.457271 1
2.698863 8.066895 1
0.923397 8.056890 1
4.595124 6.705735 2
1.079324 9.680214 1
0.000000 8.888889 0
1.111111 10.000000 0
4.679265 9.535705 1
0.084081 6.578643 1
3.155239 9.457389 1
2.460074 9.329252 1
4.027778 10.000000 0
2.400570 8.122841 1
4.042965 6.835967 2
5.183760 7.973964 2
1.575904 7.604143 1
1.642432 7.990613 1
3.408233 8.183514 1
4.022027 6.978586 1
1.049190 7.700259 1
3.320114 7.573364 1
2.064703 9.130988 1
1.534460 9.581480 1
0.935367 6.645044 2
1.345869 9.212654 1
5.209591 7.373124 2
1.750976 8.080727 1
1.444916 9.260551 1
0.418895 6.471860 1
4.783470 9.602942 1
4.796529 9.717548 1
3.194444 10.000000 0
4.693612 9.760940 1
0.719683 8.890155 1
4.776282 7.054303 1
3.674249 7.116525 2
3.467101 7.227109 2
4.306518 9.603655 1
2.347884 9.312045 1
4.464261 7.193318 1
1.142776 9.493199 1
3.916076 8.502984 1
3.918741 6.904608 2
4.163507 9.540902 1
4.207045 9.648600 1
5.125394 7.766198 2
4.712487 6.733693 2
1.149933 9.600081 1
0.000000 6.944445 0
4.258708 7.599420 1
2.633778 8.656528 1
4.791667 9.921261 1
4.791667 9.816274 1
5.162119 7.494687 2
0.093535 6.987447 1
1.404965 8.536551 1
1.305023 8.488237 1
2.269420 9.791131 1
3.733426 8.174810 1
1.703635 7.898520 1
3.451617 8.848603 1
3.652785 7.454267 1
1.031805 7.484908 1
1.056095 7.595831 1
3.366880 7.285813 1
3.278885 7.344421 1
3.451642 7.720843 1
0.418376 8.475342 1
3.350084 7.183947 2
0.981706 7.387838 1
0.857799 7.383876 1
3.008007 7.820422 1
2.898241 7.744026 1
0.092829 7.983811 1
1.842852 7.773014 1
1.878363 7.667325 1
0.575413 6.917888 1
4.961455 9.310482 1
4.886454 9.767436 1
4.274262 7.493560 1
5.617157 9.754135 2
1.117910 9.027727 1
4.698055 7.935896 1
0.455960 9.693076 1
1.782536 7.690072 1
1.497119 8.467815 1
1.229989 9.066641 1
3.256537 9.919020 1
2.552602 8.594373 1
0.084204 8.953752 1
1.047968 9.918360 1
1.242998 9.176913 1
3.408854 7.624741 1
3.962588 9.923513 1
4.850798 9.263067 1
2.113444 8.183642 1
3.375226 8.749762 1
1.919563 7.564223 1
5.375149 9.146306 2
4.286083 6.765038 2
 0 1 2
 2 1 3
 4 5 6
 7 8 9
 9 8 10
 11 12 13
 14 15 16
 17 15 14
 18 19 20
 5 21 6
 22 23 24
 25 26 27
 28 29 30
 19 31 20
 32 28 30
 24 23 33
 34 35 36
 37 38 39
 40 26 25
 41 42 43
 44 45 46
 47 46 45
 48 49 50
 12 51 13
 52 53 54
 55 56 57
 58 59 60
 61 62 63
 64 65 66
 67 66 65
 68 69 70
 51 71 13
 72 73 74
 75 55 57
 76 77 78
 79 22 24
 80 81 25
 9 82 83
 10 82 9
 84 85 86
 87 86 85
 88 82 10
 89 90 91
 92 93 94
 95 96 97
 98 99 100
 98 101 102
 103 104 105
 38 106 39
 107 108 109
 110 111 112
 104 113 105
 114 93 92
 115 116 117
 118 35 34
 68 119 69
 120 121 122
 107 109 123
 124 125 126
 41 127 42
 128 129 130
 131 132 133
 126 125 134
 135 86 136
 137 138 139
 140 141 142
 143 142 141
 144 145 146
 147 148 149
 100 99 150
 151 152 153
 154 155 156
 157 158 71
 159 160 161
 162 163 164
 165 166 167
 168 118 169
 170 171 172
 173 174 175
 176 177 178
 179 178 177
 158 13 71
 180 146 145
 181 182 183
 184 183 182
 185 1 0
 186 160 187
 159 187 160
 188 189 190
 191 192 193
 194 73 72
 195 196 197
 58 60 198
 199 152 151
 200 201 202
 203 202 201
 186 204 160
 205 206 207
 208 63 62
 209 210 167
 211 167 210
 212 213 214
 215 216 217
 218 134 201
 219 220 221
 222 223 224
 75 225 53
 110 226 227
 228 229 230
 139 138 231
 232 233 234
 235 236 237
 238 239 240
 241 242 243
 243 242 244
 209 167 166
 245 246 247
 248 70 69
 76 78 249
 15 250 251
 17 250 15
 204 252 253
 53 254 54
 255 256 257
 212 258 213
 81 40 25
 157 71 259
 119 260 69
 69 260 261
 262 162 263
 185 264 1
 265 204 253
 266 240 239
 134 267 201
 268 269 270
 271 193 192
 272 152 199
 272 199 273
 274 275 276
 277 149 148
 278 133 279
 280 85 281
 282 103 105
 283 284 285
 114 286 93
 287 288 289
 290 289 288
 291 281 85
 292 163 162
 293 294 17
 274 295 275
 296 160 297
 298 299 300
 295 301 302
 303 279 133
 142 304 305
 304 306 305
 307 141 308
 309 116 310
 64 164 163
 311 312 313
 314 4 315
 303 316 317
 318 319 320
 321 322 323
 324 325 326
 293 17 327
 95 328 96
 186 329 330
 331 332 333
 334 335 336
 324 320 325
 52 337 53
 113 156 105
 243 165 338
 188 190 339
 156 155 105
 194 340 43
 282 63 103
 341 342 343
 88 10 269
 308 141 344
 345 346 16
 338 165 347
 331 348 332
 341 343 288
 290 288 343
 349 93 286
 350 256 255
 334 351 335
 352 78 77
 309 353 116
 354 315 355
 356 357 358
 32 358 357
 179 177 359
 360 361 362
 79 24 363
 168 169 364
 195 365 196
 112 111 366
 367 368 369
 370 369 368
 208 62 371
 372 371 62
 373 374 139
 375 376 377
 378 379 380
 381 380 379
 346 14 16
 360 362 382
 165 167 383
 191 384 385
 386 387 388
 389 388 387
 115 390 391
 114 392 286
 393 102 101
 219 394 220
 395 222 224
 245 196 396
 397 398 399
 36 399 398
 400 401 402
 48 50 403
 283 376 284
 115 404 116
 405 406 407
 408 407 406
 321 323 409
 298 410 299
 411 286 412
 98 413 101
 375 377 414
 415 416 417
 418 336 335
 115 49 390
 419 411 412
 420 183 319
 421 422 130
 179 423 424
 425 426 427
 400 428 401
 429 35 118
 430 431 432
 433 434 435
 311 313 436
 437 438 439
 53 225 440
 441 442 343
 265 443 297
 245 247 197
 318 320 444
 415 445 416
 268 1 264
 446 130 422
 447 448 449
 75 53 450
 425 427 451
 229 452 230
 448 453 449
 110 112 454
 455 29 456
 29 457 456
 140 305 458
 459 385 384
 460 461 379
 218 126 134
 405 407 462
 463 464 465
 429 334 189
 79 466 22
 310 467 468
 433 469 434
 470 297 443
 318 444 471
 472 473 474
 475 476 477
 381 379 461
 41 43 478
 211 383 167
 479 480 273
 481 479 273
 482 91 90
 483 323 484
 41 484 323
 441 485 461
 176 486 177
 487 488 43
 115 50 49
 159 158 37
 489 295 302
 490 491 492
 493 494 495
 314 496 4
 271 192 497
 492 491 498
 120 122 499
 245 197 196
 487 43 42
 95 97 56
 296 161 160
 500 467 310
 33 501 24
 480 502 503
 504 503 502
 147 45 148
 266 330 240
 505 240 330
 506 507 508
 211 508 507
 61 63 509
 510 57 511
 205 512 206
 375 326 513
 228 361 229
 514 458 305
 215 515 216
 516 517 518
 60 59 519
 290 466 520
 386 388 426
 144 146 521
 522 523 502
 524 525 526
 290 343 527
 528 529 530
 531 532 533
 137 534 138
 76 249 535
 536 537 538
 539 136 86
 98 102 99
 79 520 466
 540 541 542
 89 91 82
 494 543 495
 544 286 392
 545 172 171
 546 175 174
 547 548 549
 540 550 541
 372 551 552
 96 328 553
 441 554 485
 555 556 557
 558 559 560
 373 561 374
 562 74 73
 103 63 563
 208 563 63
 522 564 523
 565 92 549
 94 549 92
 441 343 342
 317 316 566
 500 404 567
 568 249 78
 213 569 30
 393 30 569
 76 437 439
 278 224 223
 421 221 220
 570 571 572
 179 424 178
 108 573 109
 124 126 574
 575 521 146
 186 330 252
 547 234 233
 576 237 236
 162 577 263
 578 559 579
 472 541 96
 421 130 221
 278 223 133
 580 581 582
 463 583 464
 584 585 586
 378 586 585
 391 567 404
 587 588 589
 590 263 328
 591 328 263
 592 534 137
 593 370 368
 594 593 368
 135 595 86
 596 597 598
 599 366 111
 600 601 602
 188 602 601
 516 518 603
 604 605 445
 606 445 605
 331 607 348
 604 348 607
 608 609 610
 611 612 613
 199 613 612
 100 614 615
 616 617 364
 227 226 484
 618 619 620
 621 622 623
 624 432 431
 596 625 597
 626 627 628
 131 133 223
 129 221 130
 426 388 427
 629 574 126
 630 510 511
 68 631 119
 157 38 158
 293 327 632
 555 503 556
 128 130 171
 132 175 133
 633 582 581
 190 189 336
 159 13 158
 140 142 305
 634 579 559
 324 526 525
 245 396 635
 433 636 469
 108 637 573
 43 340 478
 122 121 572
 547 549 638
 350 639 256
 306 256 639
 441 342 554
 640 491 641
 324 326 526
 587 642 643
 39 106 644
 375 645 326
 326 325 513
 646 647 613
 282 509 63
 265 297 204
 648 554 342
 649 548 233
 397 396 196
 407 650 462
 651 257 256
 408 652 407
 568 653 249
 654 249 653
 655 457 656
 657 427 388
 615 614 658
 659 660 661
 662 661 660
 663 664 665
 483 409 323
 88 666 667
 668 20 31
 669 670 671
 635 193 672
 360 519 59
 39 187 37
 159 37 187
 580 474 473
 673 602 313
 674 675 676
 528 585 529
 584 529 585
 506 677 507
 4 678 315
 591 577 581
 679 680 359
 627 681 628
 280 281 670
 682 670 281
 624 683 432
 194 43 73
 684 355 315
 113 685 156
 268 270 686
 687 688 689
 256 304 690
 691 302 301
 154 156 692
 539 497 192
 514 693 694
 169 616 364
 48 695 49
 668 696 697
 433 435 374
 698 689 699
 629 700 574
 303 133 316
 446 701 130
 408 597 652
 702 703 445
 159 161 704
 698 699 705
 619 706 620
 621 623 707
 654 708 249
 709 690 304
 514 710 693
 262 711 712
 669 713 670
 698 449 453
 714 715 716
 717 718 660
 719 720 220
 421 220 720
 604 445 703
 96 541 721
 624 722 683
 209 723 210
 711 683 722
 611 481 612
 184 513 325
 41 478 227
 154 227 478
 724 687 689
 725 726 631
 0 2 727
 2 630 727
 119 631 726
 259 589 588
 728 11 729
 730 729 11
 632 327 731
 732 733 734
 191 317 192
 191 385 317
 306 304 256
 735 736 465
 464 735 465
 211 507 737
 732 738 739
 740 741 742
 743 102 258
 21 652 451
 539 192 317
 16 485 345
 372 62 551
 744 745 411
 746 747 748
 425 749 426
 290 520 289
 324 444 320
 750 751 207
 303 317 385
 205 207 752
 430 337 431
 429 189 601
 16 753 485
 624 431 632
 215 217 754
 755 756 533
 101 757 758
 758 757 759
 575 146 760
 47 760 146
 354 761 315
 157 259 588
 8 762 10
 110 692 111
 43 488 73
 156 111 692
 218 763 764
 730 11 704
 147 765 760
 79 766 520
 767 768 382
 429 351 334
 115 117 769
 143 770 733
 522 289 520
 771 772 583
 48 583 772
 176 335 351
 773 333 332
 774 518 517
 609 775 610
 702 445 776
 84 449 777
 698 777 449
 646 778 647
 640 641 779
 596 499 625
 122 625 499
 780 767 382
 44 700 148
 160 204 297
 415 776 445
 115 391 404
 633 781 582
 782 457 655
 539 317 566
 8 54 254
 87 247 246
 334 336 189
 783 170 172
 173 784 174
 785 786 636
 787 788 789
 587 643 588
 790 464 403
 272 791 152
 792 152 791
 165 243 166
 244 166 243
 651 256 690
 793 348 794
 795 572 571
 796 495 543
 673 193 635
 797 295 798
 274 798 295
 32 357 741
 143 799 142
 611 613 647
 800 471 444
 213 30 801
 802 723 712
 664 803 665
 741 804 742
 547 233 548
 743 99 102
 451 427 805
 153 742 804
 102 569 258
 558 806 559
 97 807 56
 602 808 313
 203 201 267
 790 735 464
 393 101 758
 400 579 428
 570 476 571
 83 91 809
 658 614 521
 472 474 542
 64 163 65
 481 273 612
 311 390 695
 271 672 193
 795 571 810
 811 810 571
 812 813 814
 537 815 816
 817 816 815
 49 695 390
 208 371 456
 447 449 818
 47 146 819
 191 193 312
 83 809 250
 500 310 404
 682 230 452
 505 330 329
 21 407 652
 373 139 820
 821 402 401
 790 403 50
 147 760 45
 657 805 427
 590 432 822
 823 235 237
 232 824 233
 420 825 80
 211 210 508
 17 14 327
 67 65 826
 728 827 417
 828 417 827
 420 829 183
 292 712 723
 280 247 85
 520 766 564
 180 830 146
 397 831 396
 828 832 417
 349 707 623
 833 620 706
 590 834 432
 430 432 834
 420 80 835
 430 836 55
 195 713 837
 660 718 838
 839 117 353
 116 353 117
 608 401 428
 179 359 680
 591 581 473
 580 582 840
 298 364 617
 533 532 557
 841 842 843
 792 742 152
 844 845 423
 318 423 845
 817 846 847
 218 764 848
 352 77 849
 850 849 77
 21 451 851
 425 625 749
 60 852 853
 568 853 852
 87 85 247
 124 574 854
 455 801 29
 30 29 801
 293 7 294
 587 855 642
 319 183 856
 817 857 846
 793 679 359
 578 560 559
 362 689 688
 341 858 342
 859 813 812
 531 533 756
 268 686 1
 860 56 807
 669 627 775
 626 775 627
 821 861 537
 79 363 862
 795 863 749
 864 865 866
 600 35 601
 755 533 867
 868 869 870
 817 815 610
 283 871 492
 629 848 840
 576 260 872
 873 872 260
 741 357 804
 244 826 166
 844 679 786
 874 875 876
 796 876 875
 143 90 770
 604 703 348
 797 202 301
 877 529 878
 728 879 11
 795 810 863
 524 880 525
 881 804 357
 191 312 384
 882 883 884
 885 884 883
 143 733 799
 764 840 848
 886 887 888
 889 888 887
 570 572 121
 309 880 353
 787 789 890
 736 549 548
 88 269 891
 646 383 778
 84 595 449
 892 862 363
 241 338 893
 84 777 85
 291 85 777
 41 323 127
 894 895 896
 144 521 614
 797 897 202
 386 426 863
 278 898 224
 463 224 898
 899 900 901
 400 902 579
 165 383 903
 137 139 904
 646 903 383
 700 905 148
 906 907 908
 211 909 383
 910 237 872
 397 196 365
 8 7 54
 490 641 491
 135 136 174
 546 174 136
 545 876 172
 796 172 876
 911 406 912
 740 28 741
 32 741 28
 262 683 711
 882 842 883
 913 883 842
 646 613 914
 293 915 7
 208 456 563
 636 786 916
 17 294 250
 917 837 713
 282 918 509
 919 509 918
 725 920 921
 922 921 920
 555 923 924
 555 924 503
 10 762 269
 682 671 670
 925 734 667
 89 667 734
 578 902 926
 841 926 902
 725 921 726
 873 726 921
 4 6 678
 787 605 927
 546 566 316
 928 353 880
 817 610 857
 441 461 929
 911 912 930
 841 843 926
 668 931 932
 668 932 20
 933 6 805
 850 538 849
 98 100 615
 659 285 284
 290 527 466
 668 697 931
 927 605 607
 618 620 236
 622 234 623
 386 810 934
 811 934 810
 218 848 126
 629 840 935
 97 96 721
 600 399 35
 725 697 696
 608 936 609
 785 937 81
 506 938 939
 894 939 938
 833 940 620
 261 620 940
 292 162 941
 262 941 162
 565 932 931
 942 603 518
 943 944 530
 217 216 653
 654 653 216
 790 20 932
 745 707 411
 746 748 706
 259 71 789
 51 789 71
 195 197 945
 906 276 275
 425 451 652
 558 946 398
 36 398 946
 947 892 363
 611 948 481
 785 636 937
 463 465 949
 950 242 951
 229 361 59
 952 123 109
 952 109 523
 504 523 109
 577 164 633
 162 164 577
 882 843 842
 673 313 312
 582 935 840
 318 845 319
 774 729 953
 429 118 954
 506 508 938
 661 74 955
 629 126 848
 370 956 869
 957 436 313
 354 958 511
 576 872 237
 725 631 697
 311 384 312
 349 411 707
 833 706 748
 44 574 700
 911 930 798
 797 798 930
 611 647 959
 960 961 962
 802 963 723
 964 965 966
 52 632 431
 584 878 529
 168 954 118
 793 332 348
 967 22 466
 429 601 35
 968 447 818
 446 871 969
 970 969 871
 95 56 55
 693 710 639
 971 972 973
 971 973 974
 186 975 329
 349 623 93
 94 93 623
 153 152 742
 860 511 57
 110 227 692
 662 74 661
 792 976 655
 113 655 976
 94 638 549
 733 770 734
 394 977 220
 395 224 978
 140 344 141
 659 284 660
 717 660 284
 662 979 72
 41 227 484
 356 893 338
 980 981 982
 89 82 667
 88 667 82
 195 945 670
 16 15 983
 393 984 30
 32 30 984
 817 847 849
 568 78 853
 101 413 757
 950 149 985
 951 242 986
 425 652 597
 120 987 988
 490 492 989
 990 989 492
 711 991 712
 802 712 991
 154 692 227
 181 718 182
 717 182 718
 668 31 696
 743 138 99
 534 99 138
 508 963 938
 272 273 992
 950 985 993
 967 466 527
 839 812 19
 994 19 812
 504 109 573
 869 995 870
 420 319 996
 190 467 339
 500 339 467
 522 520 564
 210 723 963
 184 856 183
 877 997 529
 886 998 999
 693 639 1000
 886 999 887
 1001 542 474
 873 260 726
 119 726 260
 195 670 713
 673 312 193
 322 982 323
 537 816 538
 873 921 1002
 354 511 761
 717 1003 182
 684 315 678
 1001 474 763
 11 13 704
 51 890 789
 740 656 457
 599 976 791
 792 791 976
 1004 786 679
 1005 926 843
 472 96 553
 1006 675 995
 1007 995 675
 207 751 1008
 280 670 945
 386 934 387
 732 739 733
 52 915 632
 293 632 915
 1009 694 1010
 608 428 936
 1011 329 1012
 270 269 762
 524 645 1013
 691 301 202
 755 864 756
 114 92 70
 943 1014 944
 1015 935 781
 582 781 935
 181 183 829
 218 1016 763
 166 826 1017
 714 716 1018
 919 1019 509
 433 374 561
 817 849 816
 874 1020 1021
 1022 1023 1024
 654 1024 1023
 1025 1026 1024
 691 202 1027
 203 1027 202
 309 525 880
 1028 496 550
 1029 550 496
 1030 754 1031
 1015 700 935
 629 935 700
 540 1032 1033
 261 1034 620
 94 623 638
 475 571 476
 3 1 686
 1015 905 700
 608 861 401
 265 253 1035
 1036 1035 253
 200 1016 201
 218 201 1016
 793 794 1037
 575 760 765
 61 509 1038
 27 552 551
 170 128 171
 132 173 175
 430 834 836
 449 595 818
 356 358 893
 759 893 358
 352 849 847
 1039 557 556
 36 35 399
 892 123 862
 1040 1033 1032
 266 252 330
 168 364 300
 146 830 819
 719 1041 720
 987 276 988
 1042 896 895
 83 250 294
 61 888 1043
 199 151 613
 420 1044 825
 565 1045 932
 48 772 695
 1005 616 560
 1046 454 531
 226 454 1046
 759 358 758
 790 932 735
 360 382 768
 787 1047 788
 84 86 595
 200 202 897
 203 870 1027
 1007 1027 870
 157 106 38
 833 748 1048
 634 428 579
 528 379 585
 378 585 379
 455 371 214
 483 484 226
 352 853 78
 474 1049 763
 1025 1050 1026
 3 686 440
 270 440 686
 649 465 548
 375 1003 376
 358 984 758
 522 479 1051
 1006 869 956
 1029 721 541
 287 289 948
 493 495 981
 61 1043 551
 124 369 125
 864 866 756
 919 72 979
 1052 737 1053
 1054 413 1055
 658 1055 413
 1056 1057 308
 307 308 1057
 899 1058 988
 120 988 1058
 262 712 941
 1028 550 462
 540 462 550
 165 903 347
 717 284 376
 362 361 699
 608 815 861
 730 953 729
 4 496 5
 599 1059 366
 719 220 1060
 463 949 224
 728 417 416
 933 1061 6
 1056 380 983
 381 983 380
 283 377 376
 430 55 450
 75 450 55
 716 1062 205
 1007 1063 1027
 393 758 984
 1064 716 205
 1065 1013 645
 633 581 577
 1066 982 981
 1052 1053 1067
 1009 960 694
 906 275 907
 419 1068 411
 747 1069 748
 419 748 1069
 744 411 1068
 184 182 513
 110 454 226
 514 305 710
 506 939 1070
 846 628 198
 58 198 628
 759 757 951
 1054 951 757
 839 19 117
 18 117 19
 21 851 6
 32 984 358
 235 618 236
 622 232 234
 266 253 252
 599 791 1059
 528 530 1071
 1072 468 467
 217 1031 754
 320 319 856
 271 497 246
 906 908 1073
 324 1074 444
 965 877 878
 565 1075 92
 68 92 1075
 68 1075 631
 697 631 1075
 624 632 731
 1054 757 413
 485 554 345
 1076 345 554
 921 1077 1002
 68 70 92
 124 1078 369
 558 560 616
 717 376 1003
 691 1027 1063
 544 412 286
 662 838 979
 87 497 86
 539 86 497
 287 959 1067
 1052 1067 959
 360 59 361
 506 1070 677
 524 526 645
 228 699 361
 188 339 808
 967 527 442
 343 442 527
 922 1077 921
 899 901 1058
 485 753 461
 381 461 753
 1065 645 414
 669 671 627
 664 1079 803
 1006 956 1080
 463 898 583
 771 583 898
 594 368 1081
 1079 1000 803
 21 650 407
 1066 42 127
 796 1082 495
 562 875 955
 892 107 123
 480 992 273
 1056 983 1083
 844 786 1084
 282 105 155
 522 502 479
 860 57 56
 648 1070 554
 1076 554 1070
 186 187 975
 534 592 1085
 578 579 902
 970 1021 1020
 396 1086 635
 16 983 753
 1042 14 346
 229 59 681
 58 681 59
 1087 121 1058
 120 1058 121
 792 656 742
 910 872 1088
 268 891 269
 1089 395 978
 394 1090 977
 134 125 868
 378 380 1091
 514 694 962
 324 525 1074
 267 134 868
 673 1086 602
 654 1092 1024
 95 55 836
 606 416 445
 1050 714 1018
 419 412 748
 349 286 411
 95 836 328
 590 328 836
 693 1010 694
 287 1067 288
 341 288 1067
 1093 924 923
 282 155 1094
 154 340 1094
 1014 1095 501
 990 422 720
 421 720 422
 417 832 1096
 1097 908 907
 424 423 471
 318 471 423
 1028 5 496
 354 355 1098
 634 936 428
 278 279 898
 771 898 279
 673 635 1086
 534 150 99
 882 410 1099
 844 1044 845
 168 300 1100
 504 573 556
 626 610 775
 464 583 403
 957 808 339
 531 756 866
 874 955 875
 375 414 645
 48 403 583
 950 951 1101
 1054 1101 951
 199 612 273
 489 275 295
 397 399 831
 420 835 829
 58 628 681
 874 1021 661
 659 661 1021
 83 294 9
 591 553 328
 52 431 337
 213 801 214
 558 398 806
 241 243 338
 674 1102 302
 828 827 517
 1030 519 768
 360 768 519
 919 979 1019
 540 542 1032
 1001 1032 542
 397 1103 398
 797 301 295
 630 511 958
 1104 1035 1081
 1105 979 838
 800 444 1074
 562 488 875
 545 701 969
 990 492 1106
 261 260 1034
 894 896 939
 545 969 1020
 960 962 694
 311 695 384
 576 1034 260
 1041 989 720
 39 975 187
 393 569 102
 415 417 1096
 885 642 855
 80 25 835
 889 835 25
 425 597 625
 481 1051 479
 850 1107 538
 280 945 247
 197 247 945
 1065 414 1108
 658 413 615
 98 615 413
 606 890 12
 408 598 597
 451 805 851
 432 683 822
 782 655 104
 113 104 655
 657 388 1109
 389 1109 388
 182 1003 513
 773 1110 1100
 177 1100 1110
 970 285 1021
 1111 414 377
 1112 1008 751
 659 1021 285
 326 645 526
 1104 1081 368
 83 82 91
 455 456 371
 115 769 50
 1113 1114 586
 1115 755 867
 270 762 254
 60 853 198
 504 502 523
 186 252 204
 736 1045 549
 565 549 1045
 922 814 813
 586 1114 1116
 790 50 1117
 154 478 340
 1036 1081 1035
 100 150 603
 882 884 410
 606 12 879
 472 542 541
 122 1118 625
 1111 498 491
 116 404 310
 480 503 924
 600 602 1086
 370 593 956
 1056 1091 380
 882 1099 843
 633 164 781
 1029 541 550
 158 38 37
 212 231 258
 1006 1119 675
 244 993 826
 67 826 993
 487 875 488
 1120 1080 956
 1028 462 650
 181 829 887
 889 887 829
 169 118 34
 965 878 966
 562 955 74
 460 379 1121
 1105 838 718
 750 437 751
 1097 907 1102
 885 883 642
 913 642 883
 194 72 1122
 919 1122 72
 555 557 532
 1111 1108 414
 970 871 285
 283 492 498
 381 753 983
 1072 1074 525
 1042 327 14
 396 831 1086
 283 285 871
 188 601 189
 596 1123 987
 274 987 1123
 625 1118 749
 979 998 1019
 504 556 503
 188 808 602
 154 1094 155
 1124 1002 1077
 194 1094 340
 241 986 242
 648 342 858
 516 603 150
 292 723 1125
 194 1122 1094
 33 530 944
 873 1088 872
 1097 1102 1126
 620 1034 236
 623 234 638
 282 1094 918
 529 997 530
 943 530 997
 719 1060 1088
 910 1088 1060
 584 966 878
 709 799 739
 733 739 799
 654 216 1092
 575 1055 521
 658 521 1055
 967 1127 1128
 207 1008 752
 33 1071 530
 487 1082 875
 796 875 1082
 654 1023 708
 967 1128 23
 774 517 827
 684 1129 355
 1112 437 535
 76 535 437
 570 1130 476
 350 665 803
 7 9 294
 133 175 316
 130 701 171
 546 316 175
 545 171 701
 1039 556 573
 248 69 940
 868 125 369
 709 739 738
 865 409 866
 483 866 409
 169 946 616
 558 616 946
 719 1088 1131
 719 1131 1041
 1132 215 754
 472 553 473
 591 473 553
 782 456 457
 287 948 959
 611 959 948
 176 954 486
 698 453 689
 724 689 453
 492 871 1106
 874 876 1020
 528 1121 379
 200 1133 1016
 860 761 511
 47 45 760
 980 493 981
 306 639 710
 372 1134 371
 860 807 761
 314 761 807
 606 605 890
 787 890 605
 599 685 976
 961 1135 962
 1136 962 1135
 709 738 690
 651 690 738
 322 980 982
 740 29 28
 793 1037 679
 1004 679 1037
 608 610 815
 537 861 815
 1005 843 1099
 788 855 589
 925 667 666
 480 479 502
 657 1137 805
 309 468 525
 1072 525 468
 1136 1135 966
 964 966 1135
 767 1138 768
 630 2 510
 244 242 993
 950 993 242
 75 57 510
 1072 1139 1074
 220 977 1060
 224 949 978
 1072 1140 1139
 298 1099 410
 889 1043 888
 460 1128 1127
 270 254 440
 743 231 138
 1042 731 327
 844 680 679
 429 954 351
 1001 1016 1133
 33 23 1128
 662 660 838
 649 949 465
 3 225 510
 528 1128 1121
 460 1121 1128
 44 148 45
 874 661 955
 952 862 123
 952 523 564
 33 1128 1071
 528 1071 1128
 990 720 989
 195 837 365
 736 735 1045
 932 1045 735
 600 1086 831
 1054 765 1101
 459 384 695
 662 72 74
 767 1132 1138
 495 1082 1141
 291 705 230
 933 1129 1061
 795 749 1118
 1015 1142 905
 1052 909 737
 952 766 862
 79 862 766
 728 416 879
 674 302 1063
 539 566 136
 209 166 1017
 1124 641 1041
 490 1041 641
 844 1084 1044
 435 832 904
 137 904 832
 487 1141 1082
 64 66 781
 1015 781 66
 785 1044 1084
 774 827 729
 725 696 920
 792 655 656
 298 300 364
 168 1100 486
 785 825 1044
 591 263 577
 367 369 1078
 1007 675 1063
 516 150 1085
 534 1085 150
 455 214 801
 289 1051 948
 129 219 221
 222 131 223
 420 996 1044
 299 1143 300
 483 226 1046
 459 695 772
 797 930 897
 933 805 1137
 120 499 987
 3 510 2
 881 1144 914
 646 914 1144
 657 1109 1137
 606 879 416
 1006 995 869
 370 869 1145
 179 680 423
 490 989 1041
 1087 1130 121
 570 121 1130
 634 559 1146
 1147 1146 559
 75 510 225
 868 1145 869
 555 532 923
 112 923 532
 212 820 231
 139 231 820
 1015 66 1142
 67 1142 66
 873 1002 1088
 599 111 685
 844 423 680
 983 15 1083
 1022 1024 1026
 1112 751 437
 740 742 656
 750 438 437
 213 258 569
 1124 1041 1131
 674 676 1126
 1052 778 909
 362 699 689
 378 1091 586
 238 1148 1149
 698 705 777
 291 777 705
 245 635 672
 177 486 1100
 788 589 789
 309 310 468
 251 250 809
 1004 916 786
 367 46 1150
 47 1150 46
 228 230 705
 1042 346 896
 459 1151 385
 303 385 1151
 314 315 761
 238 1152 1148
 759 951 986
 489 1102 907
 1104 830 1035
 994 920 696
 1025 1024 1092
 782 563 456
 674 1063 675
 1056 1083 1057
 609 1153 1154
 470 1155 1156
 76 439 77
 850 77 439
 448 724 453
 113 976 685
 8 254 762
 1014 501 944
 821 401 861
 426 749 863
 533 557 867
 1039 867 557
 968 818 1157
 135 1157 818
 180 443 1035
 265 1035 443
 446 1106 871
 868 369 1145
 331 1158 927
 1159 927 1158
 483 1046 866
 352 1160 853
 1136 966 1116
 584 1116 966
 967 442 1127
 441 929 442
 674 1126 1102
 181 999 718
 1105 718 999
 494 783 543
 784 968 1157
 405 912 406
 370 1145 369
 626 857 610
 296 297 1156
 470 1156 297
 482 90 1161
 143 1161 90
 1147 559 806
 747 974 1069
 972 744 1068
 375 513 1003
 522 1051 289
 783 172 543
 784 1157 174
 531 866 1046
 587 589 855
 261 940 69
 1040 1032 1133
 292 1125 163
 540 1033 462
 44 46 854
 684 1061 1129
 640 779 813
 922 813 779
 590 822 263
 262 263 822
 740 457 29
 40 81 937
 1136 1162 962
 514 962 1162
 1040 1163 930
 889 25 1043
 865 321 409
 211 737 909
 1164 665 255
 135 174 1157
 796 543 172
 209 1125 723
 881 914 804
 153 804 914
 272 992 1059
 147 1101 765
 849 538 816
 180 1035 830
 18 769 117
 1001 763 1016
 1113 1091 308
 1030 768 1138
 507 858 1053
 367 1078 46
 1050 1018 1026
 531 454 532
 112 532 454
 168 486 954
 500 567 339
 957 339 567
 139 374 904
 1040 930 912
 424 335 178
 839 1165 812
 859 812 1165
 176 351 954
 100 603 614
 314 807 1166
 97 1166 807
 350 255 665
 350 1000 639
 619 746 706
 745 621 707
 371 1134 214
 39 644 1012
 515 1025 1092
 1093 1059 992
 386 863 810
 248 940 1167
 536 538 1107
 296 1156 518
 942 518 1156
 1056 308 1091
 67 993 985
 6 851 805
 489 302 1102
 299 410 1168
 877 943 997
 942 1155 614
 144 614 1155
 1079 1009 1010
 3 440 225
 1006 1080 1119
 424 1169 335
 418 335 1169
 1079 1010 1000
 894 722 895
 928 1170 1165
 859 1165 1170
 296 953 161
 730 161 953
 600 831 399
 886 888 1038
 61 1038 888
 1076 939 896
 637 1115 1171
 350 803 1000
 482 809 91
 372 552 1172
 373 1172 552
 736 548 465
 730 704 161
 212 214 1134
 176 178 335
 469 636 916
 545 1020 876
 1054 1055 765
 341 1053 858
 580 473 581
 824 1089 1173
 1090 823 1174
 1113 586 1091
 785 1084 786
 314 1166 496
 1011 1012 644
 64 781 164
 306 710 305
 1029 496 1166
 433 937 636
 228 705 699
 687 780 688
 319 845 996
 613 151 914
 1022 1008 1023
 894 938 991
 802 991 938
 1147 365 837
 961 964 1135
 489 907 275
 1065 1108 1175
 1104 368 1176
 367 1176 368
 135 818 595
 994 696 31
 624 731 895
 547 638 234
 576 236 1034
 291 230 281
 693 1000 1010
 1095 947 1177
 53 337 450
 430 450 337
 957 313 808
 1104 1176 819
 47 819 1150
 828 592 832
 942 1156 1155
 894 991 722
 67 985 1142
 7 915 54
 1104 819 830
 266 239 253
 1036 253 239
 307 1057 1178
 251 1178 1057
 329 975 1012
 507 1053 737
 354 1098 958
 1065 1175 1170
 210 963 508
 640 1108 491
 1111 491 1108
 828 517 1085
 580 1049 474
 1001 1133 1032
 209 1017 1125
 1052 647 778
 153 914 151
 1076 1070 939
 205 752 1064
 277 985 149
 480 924 992
 917 1154 1153
 889 829 835
 397 365 1103
 604 607 605
 1076 346 345
 296 518 953
 774 953 518
 709 304 799
 142 799 304
 410 884 1168
 405 462 1033
 65 1125 1017
 177 1110 359
 61 551 62
 1093 992 924
 1120 956 593
 771 1151 772
 609 936 1153
 114 70 392
 248 392 70
 637 1171 573
 1164 255 257
 1113 458 1114
 1087 1058 901
 44 854 574
 702 1179 794
 1004 794 1179
 967 23 22
 147 149 1101
 950 1101 149
 881 357 1180
 356 1180 357
 787 927 1047
 942 614 603
 584 586 1116
 669 775 1154
 609 1154 775
 1089 978 1173
 649 1173 978
 1090 1174 977
 910 977 1174
 1147 1103 365
 868 870 267
 1052 959 647
 277 148 905
 356 338 1180
 347 1180 338
 482 1161 1178
 307 1178 1161
 594 1081 1149
 1036 1149 1081
 839 353 1165
 928 1165 353
 156 685 111
 259 789 589
 1039 573 1171
 24 501 1177
 1095 1177 501
 53 440 254
 27 26 552
 435 1096 832
 1113 308 344
 743 258 231
 1005 617 616
 1105 999 998
 1112 1023 1008
 292 941 712
 460 1127 929
 442 929 1127
 952 564 766
 459 772 1151
 87 246 497
 648 677 1070
 1022 1026 1018
 391 436 567
 341 1067 1053
 307 1161 141
 143 141 1161
 795 1118 572
 122 572 1118
 1005 560 926
 103 563 104
 782 104 563
 1112 708 1023
 682 281 230
 181 887 999
 137 832 592
 790 1117 20
 18 20 1117
 1036 239 1149
 238 1149 239
 1005 1099 617
 190 1140 467
 1072 467 1140
 1093 366 1059
 1022 752 1008
 274 276 987
 1007 870 995
 630 958 727
 828 1085 592
 590 836 834
 514 1162 458
 39 1012 975
 885 1181 884
 1159 884 1181
 323 982 127
 1066 127 982
 1022 1018 1064
 1030 1031 852
 277 1142 985
 65 1017 826
 596 987 499
 1030 852 519
 60 519 852
 262 822 683
 272 1059 791
 881 1180 1144
 347 1144 1180
 124 854 1078
 46 1078 854
 1105 998 979
 972 1068 973
 974 973 1069
 347 903 1144
 646 1144 903
 33 944 501
 460 929 461
 846 857 628
 200 1163 1133
 544 1167 1048
 1113 344 458
 212 1134 1172
 906 988 276
 669 1154 713
 917 713 1154
 575 765 1055
 515 1092 216
 1022 1064 752
 994 814 920
 922 920 814
 89 734 770
 1147 806 1103
 398 1103 806
 373 552 26
 140 458 344
 546 136 566
 1044 996 845
 203 267 870
 251 809 1178
 495 1141 981
 716 1064 1018
 169 34 946
 36 946 34
 800 1074 1139
 922 779 1077
 773 1100 1143
 300 1143 1100
 1159 1168 884
 446 422 1106
 990 1106 422
 771 279 1151
 994 31 19
 418 1139 1140
 1030 1138 754
 159 704 13
 470 145 1155
 1040 1133 1163
 800 1169 471
 780 382 688
 1066 981 1141
 1159 1047 927
 957 567 436
 89 770 90
 833 1167 940
 1124 779 641
 509 1019 1038
 886 1038 1019
 578 926 560
 562 73 488
 925 1182 734
 732 734 1182
 823 237 1174
 824 1173 233
 516 1085 517
 544 1048 412
 373 820 1172
 251 1083 15
 994 812 814
 245 672 246
 446 969 701
 283 498 377
 331 927 607
 544 392 1167
 248 1167 392
 424 471 1169
 51 12 890
 21 5 650
 911 598 406
 50 769 1117
 415 1096 434
 435 434 1096
 303 1151 279
 507 677 858
 52 54 915
 728 729 827
 271 246 672
 470 443 145
 180 145 443
 217 653 1031
 568 1031 653
 362 688 382
 65 163 1125
 580 840 1049
 764 1049 840
 1147 837 1146
 373 26 561
 910 1060 977
 649 978 949
 277 905 1142
 886 1019 998
 970 1020 969
 911 798 1123
 274 1123 798
 930 1163 897
 1132 754 1138
 764 763 1049
 1124 1077 779
 691 1063 302
 565 931 1075
 697 1075 931
 1004 1037 794
 435 904 374
 481 948 1051
 190 336 1140
 418 1140 336
 649 233 1173
 910 1174 237
 458 1162 1114
 419 973 1068
 419 1069 973
 383 909 778
 759 986 893
 241 893 986
 917 1146 837
 626 628 857
 1120 593 1148
 594 1148 593
 348 703 794
 702 794 703
 624 895 722
 1111 377 498
 408 406 598
 846 1160 847
 352 847 1160
 802 938 963
 648 858 677
 24 1177 363
 947 363 1177
 793 1110 332
 1093 923 366
 112 366 923
 391 390 436
 906 1073 988
 899 988 1073
 251 1057 1083
 1094 1122 918
 415 434 776
 469 776 434
 298 617 1099
 97 721 1166
 1029 1166 721
 1042 895 731
 928 880 1013
 911 1123 598
 1112 535 708
 249 708 535
 184 325 856
 320 856 325
 1066 1141 42
 229 681 452
 627 452 681
 846 198 1160
 853 1160 198
 788 1181 855
 885 855 1181
 524 1013 880
 487 42 1141
 1076 896 346
 40 561 26
 1039 1171 867
 1136 1116 1114
 640 813 1175
 859 1175 813
 27 1043 25
 482 1178 809
 793 359 1110
 640 1175 1108
 205 1062 512
 833 1048 1167
 1115 867 1171
 594 1149 1148
 331 333 1158
 299 1158 333
 372 1172 1134
 919 918 1122
 433 561 937
 40 937 561
 1088 1002 1131
 800 1139 1169
 1120 1148 1152
 27 551 1043
 596 598 1123
 212 1172 820
 11 879 12
 773 332 1110
 634 1153 936
 711 722 991
 200 897 1163
 18 1117 769
 1124 1131 1002
 899 1183 900
 634 1146 1153
 917 1153 1146
 418 1169 1139
 859 1170 1175
 568 852 1031
 1040 912 1033
 405 1033 912
 311 436 390
 928 1013 1170
 627 671 452
 682 452 671
 299 333 1143
 1028 650 5
 299 1168 1158
 1004 1179 916
 469 916 1179
 748 412 1048
 1065 1170 1013
 367 1150 1176
 819 1176 1150
 144 1155 145
 1159 1181 1047
 1159 1158 1168
 684 678 1061
 6 1061 678
 785 81 825
 1136 1114 1162
 469 1179 776
 702 776 1179
 773 1143 333
 80 825 81
 908 1183 1073
 899 1073 1183
 788 1047 1181
 0
 46
 505 850 821 1087 841 238 913 157 400 536 750 1097 1011 1120 207 240 537 329 106 716 842 908 402 902 1080 206 1126 477 644 642 588 675 643 439 676 1152 900 1107 901 476 1062 1130 512 1119 438 1183
 0
 0
 0
 30
 651 88 732 475 185 268 1164 389 933 811 925 0 264 387 571 738 1129 665 477 257 934 1109 1098 1137 727 355 891 958 666 1182
