1233 2329
2.266543 4.837543 1
2.354569 4.780239 1
2.362011 4.940258 1
2.475768 4.831185 1
2.317473 7.078120 1
2.417764 7.184912 2
2.250142 7.195615 1
2.313748 7.309247 2
0.863356 3.491082 2
1.054199 3.509120 2
0.929897 3.592054 1
1.447017 5.148707 1
1.284539 5.081104 1
1.429996 5.052123 1
3.232097 6.046488 1
3.313665 6.154677 1
3.153175 6.102249 1
3.173663 6.202900 1
0.316807 3.985194 1
0.296819 4.080687 1
0.191424 3.991625 1
2.064463 5.800741 1
1.933685 5.698942 1
2.098961 5.691370 1
1.372061 5.212504 1
3.309231 5.982487 1
3.141533 5.941434 1
1.945885 5.835670 1
3.291459 5.875754 1
1.597471 5.537529 1
1.534143 5.440955 1
1.696365 5.417908 1
2.866452 6.026040 1
2.981438 5.978270 1
2.938483 6.124635 1
1.605105 5.323936 1
2.045098 3.303173 2
2.145648 3.373467 1
1.976770 3.446197 1
3.052152 6.061598 1
2.395749 6.336443 1
2.472568 6.425853 1
2.316118 6.431808 1
1.470755 6.498024 1
1.542161 6.396385 1
1.577821 6.558721 1
0.208946 4.153841 1
1.659293 6.444950 1
2.119670 3.493098 1
2.973837 5.854323 1
2.857029 5.780483 1
3.046258 5.754431 1
2.381827 6.524349 1
2.916168 5.671409 1
1.336604 3.931155 1
1.411892 4.023517 1
1.257768 4.007148 1
1.318588 4.106539 1
1.625208 4.773975 1
1.634479 4.644356 1
1.755826 4.672694 1
1.747181 4.815470 1
4.623034 6.302894 1
4.483908 6.449684 1
4.452465 6.301439 1
2.628444 4.929286 1
2.494393 5.003564 1
3.757726 4.591319 1
3.841367 4.732700 1
3.696275 4.709718 1
4.723909 5.068506 1
4.847394 4.979242 1
4.890870 5.132880 1
5.017903 4.996035 2
2.815677 6.244118 1
2.974875 6.266385 1
2.871979 6.348311 1
0.635702 5.069196 1
0.478251 5.133544 1
0.559542 4.962142 1
4.410115 6.599568 1
4.332772 6.515707 1
4.330570 6.401648 1
1.127223 5.153876 1
1.141149 5.001644 1
2.746652 3.966335 1
2.786584 3.867271 2
2.905543 3.942552 2
3.828752 6.011590 1
3.775733 5.907977 1
3.940711 5.922763 1
2.203551 6.985586 1
2.338772 6.935942 1
2.464019 7.022563 1
1.556666 6.985476 1
1.596790 6.824622 1
1.680047 6.992041 1
1.753950 6.896599 1
1.541535 4.288084 1
1.435274 4.418665 1
1.363267 4.263799 1
3.720820 6.912322 1
3.724187 6.781441 1
3.827966 6.839842 1
0.260440 3.850509 1
1.723917 5.896436 1
1.803463 6.010889 1
1.660720 6.017687 1
1.720692 6.157330 1
2.578471 3.951762 1
2.670653 4.094378 1
1.512895 5.982413 1
1.443898 6.091654 1
1.365815 5.952167 1
1.321293 6.079159 1
3.906242 5.805687 1
1.845991 4.317462 1
1.710832 4.271868 1
1.848897 4.146701 1
0.698432 5.772837 1
0.575890 5.792314 1
0.596135 5.650707 1
4.596781 5.505511 1
4.767055 5.487215 1
4.696230 5.614021 1
4.550435 6.184982 1
1.372741 5.314714 1
1.516472 5.222009 1
1.473827 5.352179 1
1.823967 3.799310 1
1.844278 3.966350 1
1.713768 3.849500 1
1.678203 3.965249 1
4.243496 4.933706 1
4.234445 4.810615 1
4.356071 4.907642 1
0.869467 5.131529 1
0.769390 5.051095 1
0.900624 4.981236 1
1.152876 3.345575 2
1.205574 3.476413 1
2.615458 6.362182 1
2.774981 6.409706 1
2.621361 6.497158 1
4.682370 6.145089 1
4.738197 6.044947 1
4.770121 6.206210 1
1.786778 7.275660 2
1.840102 7.137749 1
1.913435 7.227174 1
3.458855 4.122495 1
3.606796 4.177765 1
3.483129 4.255417 1
3.598774 4.337320 1
3.989424 5.286408 1
4.150170 5.339636 1
4.049580 5.430021 1
4.102524 5.218718 1
1.046198 4.122622 1
1.052132 4.303879 1
0.954772 4.204939 1
3.623137 6.846333 1
2.848079 5.061532 1
2.716476 5.031258 1
2.764699 4.932348 1
2.881194 4.935314 1
0.000000 3.611111 0
0.000000 3.472222 0
0.145812 3.516792 2
2.088911 6.516935 1
2.178055 6.622899 1
2.038125 6.684228 1
1.157460 4.226938 1
4.390341 4.809024 1
2.461796 4.161706 1
2.524874 4.329898 1
2.368239 4.274683 1
4.844717 6.127686 1
3.894337 4.620393 1
2.802897 4.053679 1
5.087639 5.919766 1
5.172787 6.042550 1
5.027209 6.035408 1
3.481136 6.425205 1
3.351527 6.339208 1
3.475854 6.270106 1
0.107255 3.641623 1
2.107111 6.010770 1
2.195521 6.087101 1
2.088281 6.169971 1
4.741090 4.800401 1
4.777213 4.665328 1
4.865252 4.762175 1
3.663119 3.911580 1
3.826711 3.869400 2
3.770090 3.992099 1
4.639359 4.733263 1
0.737325 5.669270 1
3.406950 5.209372 1
3.306184 5.104462 1
3.421729 5.051481 1
2.005201 5.571858 1
1.972178 4.097893 1
4.634031 5.393753 1
4.209164 6.676344 1
4.083702 6.608777 1
4.210244 6.520789 1
4.047033 6.461767 1
1.857689 3.579554 1
2.015769 3.551778 1
0.344523 5.224209 1
0.196422 5.156919 1
0.341365 5.078186 1
0.236381 4.995296 1
2.186648 3.695920 1
2.264641 3.792607 1
2.162940 3.843647 1
0.987016 3.751022 1
1.114635 3.829833 1
0.950544 3.894858 1
1.674321 7.205916 1
0.434300 4.992430 1
1.948714 4.534981 1
1.952836 4.392175 1
2.077769 4.478052 1
3.213394 5.191581 1
3.298322 5.287309 1
2.081096 3.728491 1
1.011520 5.057606 1
2.677975 4.403424 1
2.632258 4.578031 1
2.560628 4.436356 1
1.287651 4.420591 1
3.965637 4.859202 1
4.098414 4.774844 1
4.116724 4.919291 1
1.998426 6.103631 1
3.758397 3.758531 2
3.598216 6.522669 1
3.456605 6.579809 1
3.615132 6.728545 1
0.725570 4.565895 1
0.832983 4.618250 1
0.676561 4.652657 1
0.782922 4.741789 1
4.666161 4.606328 1
3.629506 5.674319 1
3.675593 5.526574 1
3.741936 5.683527 1
3.789196 5.580353 1
1.545395 3.612684 1
1.708498 3.610493 1
1.647203 3.724900 1
2.748864 4.504391 1
3.301613 6.552069 1
3.350997 6.695115 1
0.972894 5.614025 1
0.889425 5.497691 1
1.003072 5.424653 1
5.128078 5.529068 1
5.281844 5.563485 2
5.146527 5.660914 2
1.696916 6.314753 1
1.592284 6.279613 1
1.954613 6.582535 1
3.131414 6.406967 1
2.996739 6.405838 1
3.095015 6.292739 1
3.589037 5.975732 1
3.508303 6.124942 1
3.423122 6.009644 1
2.218435 4.216924 1
2.195001 4.360684 1
2.319805 4.424444 1
3.945071 5.537083 1
3.889776 5.689489 1
1.091373 3.977587 1
2.288267 3.928280 1
2.194062 4.086891 1
2.123543 3.972538 1
2.162099 4.878536 1
2.217421 4.707479 1
3.447616 5.752425 1
3.519192 5.612889 1
3.560547 5.764571 1
2.000322 3.658331 1
3.203882 5.822182 1
1.554171 5.074500 1
1.484426 4.911976 1
4.403582 5.393932 1
4.367148 5.274304 1
4.506149 5.309174 1
0.568905 4.559208 1
0.682309 4.460582 1
4.519849 5.664965 1
4.478020 5.792209 1
4.405655 5.647001 1
1.708725 4.146117 1
3.621964 6.380307 1
3.617217 6.218404 1
4.358768 5.740221 1
2.076948 4.795655 1
2.681637 4.256405 1
3.001331 5.595352 1
3.073294 5.462520 1
3.104973 5.640267 1
3.036210 5.285058 1
3.164217 5.324009 1
0.343548 4.903107 1
2.639488 5.494450 1
2.767023 5.534519 1
2.638286 5.646004 1
2.791103 5.659033 1
2.328976 4.094757 1
3.285072 4.974949 1
1.590164 6.121782 1
0.717624 3.718441 1
0.684755 3.851752 1
0.575425 3.706501 1
0.543499 3.861286 1
3.199978 6.629252 1
1.551207 7.285677 1
1.564610 7.186412 1
2.362937 3.794144 1
2.445605 3.866630 1
2.582572 4.189142 1
4.725826 4.925068 1
3.777973 6.416477 1
3.922608 6.355734 1
3.912579 6.474751 1
4.566793 6.573065 1
0.634513 4.864355 1
0.533296 4.801731 1
3.510746 5.861794 1
3.652773 5.830866 1
4.059628 6.004992 1
3.938392 6.086611 1
3.369663 6.458298 1
1.108239 5.522227 1
3.927176 6.221677 1
3.770183 6.156655 1
1.025232 4.906744 1
1.173181 4.840536 1
1.388970 3.318665 1
1.514504 3.315554 1
1.492873 3.422162 1
2.740520 6.528897 1
1.630993 7.365955 2
3.420814 4.912316 1
3.522639 5.143044 1
1.716988 6.784972 1
1.373677 4.553658 1
0.453549 4.888576 1
0.849315 6.312347 1
0.956951 6.196434 1
0.972829 6.363189 1
2.438004 4.007002 1
3.803937 5.090874 1
3.644509 5.074558 1
3.738236 4.948034 1
2.149197 6.750058 1
0.117865 3.862267 1
3.672231 4.470662 1
3.522887 4.489528 1
3.158106 4.022573 1
3.266143 3.958967 1
3.291701 4.098896 1
0.576647 4.440132 1
0.439510 4.421194 1
0.420596 4.557470 1
1.264026 5.770383 1
1.328080 5.670756 1
1.360249 5.814812 1
1.130480 3.678314 1
2.883681 5.235128 1
2.739348 5.145971 1
2.747687 5.279744 1
2.054163 4.363466 1
3.669930 4.054786 1
3.553286 4.052860 1
0.833166 6.086993 1
0.965494 6.052625 1
1.098112 6.129204 1
0.210583 5.397940 1
0.354821 5.390138 1
0.249973 5.502886 1
2.211415 4.472812 1
0.802402 3.915571 1
0.782489 4.064852 1
0.647741 3.997498 1
3.754881 5.387010 1
3.830001 5.262227 1
3.897923 5.397285 1
4.633508 5.739126 1
4.783075 5.736701 1
2.896825 4.090075 1
1.246724 4.592386 1
3.989231 4.708849 1
2.559604 4.702583 1
2.620094 4.801671 1
4.011201 4.580757 1
3.222589 6.303521 1
2.369568 5.111186 1
2.405827 5.246504 1
2.282167 5.236704 1
1.981885 4.254064 1
3.189224 4.781227 1
3.283570 4.849749 1
3.133970 4.921449 1
5.307677 5.989727 3
5.244080 6.136095 2
4.800302 5.598439 1
2.723489 4.742270 1
3.714106 6.028776 1
0.404852 3.911410 1
3.818583 5.480961 1
2.249674 5.133719 1
2.958092 5.380297 1
1.730406 7.084311 1
2.482970 5.945004 1
2.594559 5.844851 1
2.656853 5.952880 1
0.596528 6.329490 2
0.439970 6.285912 2
0.575201 6.206668 1
2.944302 7.070577 2
2.884941 6.941597 1
3.017774 6.951748 1
2.956478 6.808999 1
4.097756 4.656532 1
0.682058 4.177941 1
0.552354 4.113791 1
2.499365 5.572994 1
2.526701 5.421016 1
1.189196 5.700500 1
4.793907 6.642322 1
4.914988 6.591507 3
4.848577 6.738701 2
4.559124 5.076210 1
4.616161 4.974397 1
3.049341 4.632110 1
2.900057 4.632640 1
2.965014 4.544440 1
2.946177 4.744067 1
1.605948 3.264765 1
1.468642 3.218100 2
1.552569 3.145017 2
1.264962 3.777778 1
1.463800 6.891809 1
0.531076 3.469311 1
0.501801 3.344194 2
0.664800 3.365109 2
0.648033 3.496348 1
2.521891 6.696742 1
2.417243 6.654553 1
2.566158 6.600378 1
0.798703 4.935954 1
1.819209 5.788214 1
2.477557 6.542108 1
4.886099 5.298410 1
4.771914 5.224289 1
4.928779 4.868985 1
3.760977 4.141288 1
3.865321 4.286638 1
3.730860 4.287013 1
2.266217 6.002661 1
2.244823 5.896971 1
2.139534 5.880462 1
1.348485 3.453827 1
3.416707 5.654121 1
3.519774 5.432137 1
2.056813 4.649498 1
3.819483 6.289340 1
3.572550 6.630432 1
3.721129 6.618779 1
3.510444 3.945162 1
0.616793 5.524652 1
0.753121 5.474871 1
0.704196 5.575406 1
0.101495 4.079753 1
1.783377 6.277089 1
4.384297 4.111179 1
4.321894 4.212945 1
4.274329 4.054249 1
1.153041 4.501813 1
1.165372 4.363902 1
4.613519 6.446199 1
0.239582 5.637921 1
0.279358 5.768495 1
0.178162 5.768868 1
1.249943 5.883609 1
0.356925 5.562954 1
0.360935 5.703599 1
4.440813 5.201459 1
2.573590 6.040870 1
3.306064 4.596165 1
3.447032 4.666956 1
3.290806 4.717952 1
3.381533 4.790601 1
4.168963 6.230496 1
4.053305 6.149411 1
4.156271 6.085233 1
2.505281 5.722375 1
2.360957 5.697104 1
4.882155 5.653976 1
5.004355 5.621849 1
4.936058 5.781611 1
5.055205 5.730065 1
3.890006 4.160296 1
4.208792 4.172944 1
4.261810 6.154975 1
1.557101 4.441323 1
3.482398 4.827260 1
1.126392 6.947610 2
0.987395 6.885596 2
1.114545 6.819599 1
1.015840 6.738435 2
2.614580 5.068915 1
2.373101 5.553058 1
0.110544 5.656777 1
3.720242 7.024384 1
3.818640 6.978978 2
3.808242 7.139900 2
4.050350 6.303873 1
1.346684 6.950495 1
1.439220 7.024059 1
1.345919 7.083216 1
0.404601 3.755174 1
1.247292 7.029595 2
4.650256 5.168060 1
0.589610 5.172690 1
3.224849 6.748847 1
1.687407 3.196637 2
2.688408 6.845854 1
2.552580 6.887485 1
2.618056 6.741405 1
0.455974 3.598279 1
0.303318 3.536052 2
0.405477 3.463461 2
1.305190 4.892964 1
1.246485 4.971503 1
3.565191 4.752255 1
3.405697 4.008058 1
0.298179 4.346334 1
0.163075 4.437894 1
0.155146 4.289350 1
3.710642 6.294157 1
0.751689 6.471792 1
0.692328 6.567451 2
0.661663 6.433148 2
2.196571 6.194947 1
2.346585 6.143816 1
2.282090 6.289904 1
5.135509 6.219526 2
5.055723 6.299394 2
4.986338 6.169107 1
2.958561 5.491240 1
0.938187 4.303159 1
0.983424 4.420954 1
4.955557 6.285827 1
1.538939 3.726226 1
1.316966 3.563776 1
1.649491 5.183521 1
1.051319 6.259661 1
3.387095 5.854040 1
0.340842 3.651117 1
1.908202 7.358087 2
2.862174 6.578849 1
2.968595 6.656877 1
2.851676 6.706321 1
3.158952 4.149160 1
1.256852 3.379022 1
3.355225 4.213881 1
1.073092 5.746907 1
0.953502 5.786160 1
1.997262 3.961263 1
1.106335 4.660254 1
1.050924 4.792417 1
0.961264 4.723523 1
0.512555 3.990443 1
1.210548 6.020026 1
2.215323 5.675426 1
2.220497 5.793075 1
0.967973 4.616813 1
3.635663 6.101223 1
4.095340 3.866561 1
4.029352 3.743405 2
4.196617 3.755592 1
4.774349 6.316844 1
5.106018 6.117599 1
0.890913 4.840916 1
3.182012 5.557523 1
2.170873 4.567527 1
0.345145 4.655893 1
0.317155 4.493004 1
0.224829 4.579339 1
1.456560 4.158369 1
1.666563 4.399127 1
3.485222 4.369045 1
2.586080 7.112348 2
2.334530 5.834524 1
2.675906 3.858227 2
2.293629 4.533353 1
2.364146 4.641335 1
1.070193 6.356997 1
1.158510 6.252482 1
1.198241 6.407594 1
1.288719 6.310036 1
0.732483 6.352259 1
0.721417 6.205487 1
4.417337 6.191537 1
0.960186 5.918945 1
1.060478 5.867939 1
1.075357 5.997949 1
0.460374 5.629442 1
1.511669 4.565185 1
1.487731 4.716579 1
2.146028 5.581932 1
4.965833 5.912179 1
4.420889 5.943147 1
4.356926 6.065837 1
4.294610 5.933435 1
2.940133 4.188791 1
2.794811 4.175054 1
2.859029 4.264322 1
1.620126 4.919281 1
1.745081 4.939768 1
4.228453 5.249140 1
4.223283 5.113678 1
4.090350 5.075854 1
4.772575 5.352796 1
4.897430 5.420352 1
2.556775 3.810593 2
4.607901 5.981206 1
4.605456 6.088699 1
0.249671 5.295481 1
3.226218 3.840267 2
3.130578 3.901307 1
3.088363 3.763826 2
3.277380 6.882189 1
3.118363 6.849500 1
3.163727 6.971000 1
1.592145 4.171113 1
1.690180 5.050747 1
1.852256 4.457335 1
1.371875 6.417456 1
1.438828 6.301654 1
0.623057 5.404192 1
2.363943 6.802744 1
2.245891 6.841384 1
4.531424 4.616923 1
4.485788 4.489397 1
4.613379 4.491912 1
1.884973 6.114752 1
3.189896 5.445690 1
3.613718 4.608540 1
4.293717 4.469721 1
4.224833 4.577634 1
4.176639 4.432660 1
4.101400 3.641224 2
2.042769 3.837402 1
2.437755 6.885254 1
0.838054 3.780471 1
0.000000 5.555555 0
0.000000 5.416667 0
0.132429 5.509089 1
4.009738 4.968693 1
2.540742 4.074995 1
1.246031 5.221209 1
0.840212 6.200315 1
4.970822 4.493345 2
5.054547 4.627533 2
4.932013 4.647442 1
3.616906 5.228161 1
3.632662 5.360464 1
3.724198 5.187801 1
1.935556 3.863652 1
1.225959 3.886014 1
3.245531 7.230278 2
3.091022 7.181091 2
3.219912 7.099728 1
1.944062 6.806640 1
2.054027 6.924795 1
1.886681 6.919601 1
1.946103 7.028942 1
2.574666 7.007318 1
0.106432 5.066491 1
0.759355 5.356022 1
5.004020 5.485520 1
5.105770 5.420438 1
1.914454 5.282464 1
2.052919 5.351081 1
1.933411 5.425395 1
0.844892 5.723430 1
4.113810 4.543948 1
3.798507 5.780425 1
1.757389 4.056217 1
1.939620 5.144183 1
1.848137 5.192117 1
1.825933 5.051859 1
5.020781 5.135246 1
4.359907 3.812293 1
4.230332 3.864177 1
2.969521 4.300983 1
2.823711 4.393661 1
1.106314 5.636593 1
2.956564 4.427278 1
1.959572 5.977446 1
0.821548 5.858727 1
1.241030 6.163182 1
1.368997 6.188184 1
0.736492 3.530544 1
0.746491 3.433412 1
0.273826 3.722991 1
4.979389 5.225710 1
1.492842 5.722325 1
3.749798 4.799947 1
4.314122 4.746890 1
1.824021 3.453087 1
0.492459 5.721128 1
5.222429 5.423650 2
2.468989 4.628735 1
2.523161 4.529856 1
4.303561 6.275100 1
0.495417 5.508823 1
2.651590 6.943803 1
3.081839 7.047856 1
2.493084 6.794065 1
1.862262 6.226519 1
1.912050 6.310066 1
3.838081 6.567790 1
4.349597 5.130523 1
1.203689 5.589727 1
3.033436 3.865733 1
2.964751 3.791596 2
1.978818 6.434281 1
2.142704 5.215140 1
2.197273 5.369653 1
4.329508 3.709597 1
1.949055 4.990519 1
2.078709 4.956062 1
2.046958 5.102517 1
0.877540 4.413786 1
4.153842 4.086401 1
4.099603 4.201324 1
3.998106 4.081865 1
3.977496 4.237344 1
3.185332 5.716519 1
1.583376 3.502321 1
2.313524 3.484680 1
2.376864 3.565907 1
2.233952 3.561823 1
0.000000 5.972222 0
0.116808 5.897958 1
0.111832 6.061011 1
1.599322 5.826808 1
1.484004 5.872913 1
1.854272 5.900525 1
0.823822 5.596280 1
1.853078 6.394500 1
2.843946 5.346820 1
3.064560 6.175085 1
1.758602 5.662060 1
1.720629 5.535300 1
1.859047 5.557207 1
1.364042 6.804653 1
0.498943 5.377163 1
1.363881 3.209672 2
4.385042 4.553868 1
2.515239 6.158843 1
2.660096 6.213124 1
2.510188 6.287699 1
2.019053 5.225721 1
2.118942 4.284904 1
0.420228 6.023907 1
0.458075 6.124873 2
0.323862 6.067037 2
1.230318 4.716856 1
1.336670 4.690624 1
2.399718 3.322978 2
2.535318 3.365102 2
2.398672 3.432443 1
0.755263 5.973875 1
0.867131 5.978233 1
3.102245 5.190632 1
3.193439 5.063548 1
3.065319 4.494302 1
3.173604 4.555604 1
2.442650 4.721149 1
1.258429 3.661305 1
1.407226 3.692912 1
1.758916 5.154770 1
1.490665 6.790922 1
2.267133 3.651647 1
0.957793 6.520961 1
1.070850 6.471199 1
2.525452 5.281466 1
2.634807 5.354449 1
4.514215 4.754536 1
0.717251 6.064655 1
4.836123 5.901148 1
1.963672 4.855675 1
1.753081 6.410414 1
3.384558 3.882700 2
0.105653 5.389453 1
3.538919 6.806466 1
2.093771 4.187382 1
3.826000 6.707777 1
3.554677 4.894423 1
3.533933 5.005734 1
3.064626 6.488285 1
2.142537 6.862159 1
2.076327 7.058541 1
0.805133 4.493316 1
4.504116 4.885536 1
1.762708 6.517904 1
1.701525 6.607427 1
3.077426 5.065394 1
2.976465 4.996763 1
2.980428 4.866797 1
0.441826 5.283202 1
2.190225 7.101747 1
1.372863 5.437885 1
1.260954 5.351810 1
1.252662 4.198272 1
2.161426 5.086014 1
2.191758 4.977833 1
3.026547 4.078624 1
1.495888 6.199917 1
4.186042 5.012258 1
2.523007 3.648184 2
2.451574 3.748473 1
1.376183 4.959968 1
2.811126 6.830569 1
1.289464 4.793635 1
0.462606 5.832233 1
0.344942 5.846585 1
2.411268 6.239966 1
1.738686 4.527773 1
1.624204 4.521267 1
4.701678 5.877624 1
1.333971 6.646914 1
1.205009 6.635832 1
1.276242 6.520332 1
1.017475 3.636533 1
0.556224 5.274645 1
3.969505 6.572711 1
2.411756 5.449990 1
2.181320 6.395429 1
2.078305 6.379520 1
4.187191 6.370886 1
1.136453 5.394846 1
1.235183 5.467110 1
4.888825 6.027974 1
1.374240 3.826074 1
4.593714 5.602470 1
4.246490 6.045128 1
3.947360 5.059838 1
3.918432 5.171042 1
2.776603 4.618862 1
5.038819 5.830047 1
2.085275 4.074595 1
0.148263 3.745319 1
4.982566 4.748600 1
0.833898 4.203212 1
0.903448 4.091822 1
2.465141 6.063437 1
1.383168 6.525343 1
1.478751 6.592216 1
1.444627 6.706367 1
3.572624 7.136677 2
3.620426 6.995499 1
3.674249 7.116525 2
2.060019 6.808969 1
0.955230 5.303747 1
0.838786 5.261732 1
0.989375 5.185784 1
3.315720 5.737246 1
3.512885 7.022688 1
4.449084 4.999966 1
2.717383 6.311791 1
2.486100 3.502004 2
2.849089 4.819247 1
2.796990 6.126307 1
3.924407 6.778689 1
3.918741 6.904608 2
0.718892 5.204931 1
0.000000 4.444445 0
0.104653 4.543991 1
0.000000 5.694445 0
2.264250 4.935091 1
3.706648 6.508783 1
2.772497 6.631569 1
2.862094 4.510117 1
1.757735 3.323189 2
1.609873 3.384493 1
1.693205 3.467392 1
2.703638 6.067058 1
2.384405 6.022806 1
4.518124 4.381610 1
0.000000 3.750000 0
4.498084 6.058089 1
0.671950 5.881313 1
3.519101 3.834054 2
1.079771 4.434591 1
2.269654 6.706133 1
0.220288 5.997429 1
1.899794 3.359475 2
2.839083 4.711417 1
1.190860 3.579062 1
1.885537 3.695536 1
1.812431 5.456323 1
4.426431 4.309072 1
4.467340 4.192899 1
2.440646 4.411197 1
2.626641 5.202529 1
1.458034 5.570761 1
1.319570 5.547248 1
3.234506 4.368670 1
3.086691 4.360928 1
3.178654 4.262046 1
4.701714 6.395284 1
2.444946 5.828526 1
2.020253 7.267929 2
4.328856 4.652014 1
4.216404 4.703088 1
2.717163 4.844965 1
3.160703 4.445453 1
3.090335 6.712043 1
3.251264 5.385256 1
3.381427 5.371530 1
3.278691 5.499142 1
1.438288 3.555330 1
3.398920 4.532316 1
5.056756 4.851300 2
3.077367 4.789127 1
1.180613 4.103860 1
0.672693 3.611420 1
1.768899 4.404296 1
2.709536 7.054564 2
2.821318 7.035058 1
2.808614 7.168708 2
1.243384 4.290224 1
1.632814 5.711406 1
3.409681 5.515831 1
4.203537 6.832942 2
4.102388 6.731255 1
4.042965 6.835967 2
5.193571 5.926731 1
3.649375 4.834450 1
1.065321 5.294051 1
4.421032 4.682944 1
1.171018 5.288370 1
3.166606 4.677914 1
2.986669 5.144243 1
3.914390 6.657681 1
3.414002 6.824035 1
3.397062 6.972573 1
0.661354 5.299221 1
0.000000 4.305555 0
0.107323 4.186213 1
2.200501 5.493474 1
2.304739 5.460426 1
0.000000 3.888889 0
0.849335 6.431480 1
2.364691 3.674391 1
0.214986 3.612837 1
2.768164 4.308964 1
1.032397 4.539159 1
1.762124 5.277796 1
1.837731 5.358323 1
2.089673 5.470119 1
0.831033 6.551325 1
4.350440 5.843766 1
3.622774 3.758597 2
4.310056 3.929770 1
4.291726 6.598414 1
1.236438 6.883706 1
0.000000 5.000000 0
0.000000 4.861111 0
0.121741 4.909756 1
0.920518 4.531152 1
0.000000 4.722222 0
0.000000 4.583333 0
0.119825 4.672441 1
2.327956 5.344021 1
0.605128 6.093863 1
2.208205 6.496840 1
1.164663 6.531327 1
0.414330 4.068227 1
4.274296 5.361598 1
4.867213 4.558381 1
1.860227 6.496627 1
3.905245 3.963724 1
3.856679 4.061239 1
2.438673 5.348428 1
2.771141 5.990453 1
5.267864 5.847190 2
4.689008 6.623161 1
4.802021 6.536401 1
2.741679 5.866411 1
2.704592 5.756721 1
3.698494 4.373678 1
3.808077 4.401528 1
3.818960 4.513000 1
4.232365 3.643092 2
4.366788 3.584994 2
3.875270 4.965647 1
4.314944 5.007007 1
4.692145 6.510069 1
0.808822 3.631481 1
0.081024 4.368888 1
0.138369 5.285372 1
1.774530 3.699827 1
1.845996 4.885234 1
2.974607 6.528362 1
4.818504 4.870011 1
4.203794 5.453638 1
4.104136 5.545857 1
4.485376 6.682701 2
2.506077 5.152360 1
3.296501 4.470175 1
0.000000 5.138889 0
0.085142 5.194705 1
4.620383 4.846562 1
1.542193 6.684094 1
0.000000 4.166667 0
2.870167 6.466660 1
4.013083 3.953603 1
3.510435 5.292639 1
4.650166 5.279795 1
4.633486 4.354214 1
1.644509 6.699808 1
1.494057 3.828117 1
4.189739 3.956672 1
1.463472 7.365602 2
4.212558 5.854231 1
4.248597 5.748077 1
1.456548 7.228272 1
1.516216 7.100515 1
4.038553 5.658641 1
3.338020 5.587583 1
1.147493 5.921739 1
4.464545 5.116072 1
3.624146 4.951439 1
1.866666 4.740505 1
4.042265 4.458383 1
3.921630 4.489553 1
3.952791 4.375410 1
1.598852 5.928372 1
1.519705 4.078920 1
1.541506 3.965039 1
3.440204 7.103339 1
3.340920 7.072015 1
4.522327 3.976162 2
4.491944 4.086090 1
4.394097 4.005012 1
4.097208 3.997294 1
3.050842 3.962158 1
2.274977 5.033824 1
4.517680 5.427602 1
0.569405 4.688503 1
0.657364 4.762203 1
1.424073 4.634500 1
1.708726 5.785487 1
1.401960 4.827195 1
0.000000 6.111111 0
0.144028 6.180555 2
2.359648 5.921749 1
3.062189 4.222247 1
2.021545 6.303704 1
0.646802 4.323534 1
0.770799 4.381408 1
4.598559 5.847157 1
0.571542 3.574226 1
0.519351 6.007927 1
1.226046 6.755610 1
4.526024 5.917530 1
4.460289 5.534797 1
4.314150 5.465457 1
4.337113 5.571017 1
4.021440 5.155866 1
1.420698 7.120935 1
0.253715 4.248518 1
1.334587 7.310613 2
1.071071 6.610753 1
1.128930 6.714970 1
3.713630 5.288313 1
0.000000 5.277778 0
3.834062 4.861106 1
4.008707 5.781964 1
2.676126 6.621308 1
5.089581 5.223879 2
5.156132 5.318573 2
5.018191 5.345380 1
4.001836 6.698579 1
2.110897 7.181079 1
2.150744 7.318586 2
2.266949 5.578924 1
4.067450 4.328677 1
4.286083 6.765038 2
1.996131 7.145063 1
0.799684 6.671224 2
3.350084 7.183947 2
1.431660 3.914780 1
4.327588 6.682076 2
0.457483 4.687528 1
2.043949 5.901158 1
2.111428 3.605422 1
3.075473 6.590240 1
5.088861 4.732314 2
0.898227 3.693818 1
2.613141 6.119974 1
4.712487 6.733693 2
0.738157 4.849654 1
0.000000 4.027778 0
4.751874 4.209885 1
4.844534 4.120267 2
4.836103 4.272596 2
0.546788 5.903909 1
0.424369 5.926633 1
0.817296 3.350409 2
2.885120 5.567744 1
2.275002 6.571133 1
0.000000 5.833333 0
0.967439 4.006477 1
4.546166 5.191502 1
0.876311 3.995480 1
1.632625 4.071932 1
4.296638 4.351752 1
1.980952 4.739970 1
1.847712 4.590309 1
2.861234 5.904022 1
4.169448 5.653909 1
4.695701 4.120321 2
0.397058 4.783470 1
0.282452 4.796529 1
3.277499 6.994697 1
4.189581 4.291617 1
2.606400 5.743266 1
1.516116 4.814785 1
3.252874 4.200253 1
0.239060 4.693612 1
4.747875 4.543130 1
3.243331 5.637528 1
4.508618 3.793003 2
4.439803 3.695257 1
1.602232 3.849742 1
2.401201 4.527609 1
2.761153 6.941907 1
3.316807 6.787547 1
0.403314 4.311971 1
0.489652 4.263585 1
0.537349 4.347873 1
2.755666 5.402276 1
1.961541 3.763787 1
3.371267 4.340522 1
3.422117 4.438757 1
4.433736 3.897782 2
5.126162 5.097726 2
3.467101 7.227109 2
0.352589 4.204545 1
3.170548 6.517179 1
1.258960 7.182138 2
4.838349 4.462823 1
4.910671 4.378747 2
4.595124 6.705735 2
0.935367 6.645044 2
3.481405 6.723879 1
1.940171 4.651053 1
3.965398 3.853828 2
4.894711 5.543684 1
2.874966 5.450286 1
2.200313 3.282825 2
4.085330 5.881739 1
0.078739 4.791667 1
0.183726 4.791667 1
4.123805 5.761951 1
4.555874 4.268365 1
0.460118 4.163203 1
0.866498 5.386453 1
3.279840 4.277283 1
5.149359 5.806612 2
0.749340 4.281882 1
4.723359 4.428094 1
1.824299 6.803420 1
0.075243 5.763889 1
3.256470 6.430376 1
0.581823 4.228570 1
2.138969 6.287920 1
4.396034 4.419438 1
1.888285 6.699817 1
1.765391 6.700409 1
4.901669 6.452595 1
4.810153 4.375240 1
1.363342 7.185035 1
0.833953 4.316689 1
1.769243 3.527869 1
1.256936 3.262984 2
4.228028 5.563161 1
2.284962 3.372878 1
1.811099 7.010266 1
0.689004 4.960452 1
0.320373 5.961413 1
0.236595 4.883244 1
0.243322 5.873458 1
1.823849 6.603411 1
0.220797 6.099459 2
1.556930 5.627866 1
4.799413 6.423173 1
4.168519 5.965186 1
1.164038 5.815179 1
2.219551 3.457190 1
5.008130 6.495294 2
3.519023 6.909560 1
5.102062 6.414493 2
4.984843 6.382586 1
0.076489 3.962608 1
4.284595 5.652598 1
2.733116 6.724302 1
4.655750 4.229373 1
4.732930 4.312341 1
4.589895 4.154187 1
1.654394 5.613462 1
1.623212 7.089769 1
2.319116 3.273398 2
0.633783 5.986217 1
4.880465 6.349662 1
4.499614 3.585040 3
4.562174 3.680274 2
4.615785 4.052131 2
1.962033 6.206042 1
4.866957 6.236947 1
 0 1 2
 1 3 2
 4 5 6
 6 5 7
 8 9 10
 11 12 13
 14 15 16
 15 17 16
 18 19 20
 21 22 23
 24 12 11
 25 14 26
 27 22 21
 28 25 26
 29 30 31
 32 33 34
 30 35 31
 36 37 38
 33 39 34
 40 41 42
 43 44 45
 20 19 46
 45 44 47
 38 37 48
 49 50 51
 42 41 52
 50 53 51
 54 55 56
 56 55 57
 58 59 60
 58 60 61
 62 63 64
 3 65 66
 67 68 69
 70 71 72
 73 72 71
 74 75 76
 74 34 75
 77 78 79
 80 81 63
 82 63 81
 83 84 12
 85 86 87
 88 89 90
 91 92 4
 93 4 92
 94 95 96
 97 96 95
 98 99 100
 101 102 103
 104 18 20
 105 106 107
 108 107 106
 109 85 110
 111 112 113
 114 113 112
 90 89 115
 116 117 118
 119 120 121
 122 123 124
 62 64 125
 126 127 128
 129 130 131
 132 131 130
 133 134 135
 136 137 138
 9 139 140
 24 127 126
 141 142 143
 144 145 146
 147 148 149
 150 151 152
 153 152 151
 154 155 156
 157 155 154
 158 159 160
 3 66 2
 161 102 101
 162 163 164
 162 164 165
 166 167 168
 169 170 171
 172 159 158
 135 134 173
 174 175 176
 146 145 177
 178 68 67
 85 87 179
 180 181 182
 183 184 185
 15 185 184
 166 168 186
 187 188 189
 190 191 192
 193 194 195
 196 191 190
 119 121 197
 198 199 200
 201 23 22
 202 118 130
 122 203 123
 204 205 206
 207 206 205
 208 38 209
 210 211 212
 213 212 211
 214 215 216
 217 218 219
 147 220 148
 221 79 78
 49 51 26
 222 223 224
 225 199 226
 214 216 227
 83 228 84
 229 230 231
 232 100 99
 93 5 4
 233 234 235
 236 187 189
 193 237 194
 183 238 239
 240 102 161
 226 199 198
 241 242 243
 243 242 244
 39 26 16
 196 245 191
 246 247 248
 249 248 247
 250 251 252
 253 230 229
 254 239 255
 26 14 16
 256 257 258
 259 260 261
 108 262 263
 264 169 171
 265 266 267
 75 267 266
 268 269 270
 271 176 272
 273 272 176
 274 275 249
 276 219 218
 277 278 279
 0 280 281
 282 283 284
 208 209 285
 26 51 286
 287 13 288
 289 290 291
 15 270 269
 241 292 293
 294 295 296
 297 118 117
 183 185 298
 299 298 185
 295 300 296
 281 280 301
 302 229 175
 303 304 305
 306 307 304
 221 212 308
 309 310 311
 312 311 310
 271 313 176
 174 176 313
 314 200 199
 108 263 315
 316 317 318
 319 318 317
 254 255 320
 321 322 220
 277 323 324
 174 325 175
 302 175 325
 70 326 71
 327 328 329
 80 63 330
 331 79 332
 268 333 334
 335 336 90
 15 25 270
 254 337 239
 183 239 337
 256 258 338
 339 340 336
 88 336 340
 341 342 84
 343 344 345
 142 346 143
 347 321 220
 314 348 200
 198 200 349
 97 95 350
 232 99 351
 332 79 352
 353 354 355
 246 284 283
 268 334 89
 277 324 356
 109 356 324
 357 358 359
 360 171 170
 104 20 361
 153 362 363
 364 365 366
 367 292 368
 369 368 292
 370 371 372
 217 373 218
 162 374 375
 376 375 374
 377 272 224
 378 379 193
 380 381 354
 382 354 381
 15 14 25
 383 384 385
 272 386 224
 387 388 389
 390 391 392
 154 392 391
 174 313 356
 35 128 127
 393 124 394
 395 179 87
 232 351 396
 207 329 328
 233 397 234
 3 398 399
 88 90 336
 178 400 397
 15 184 401
 213 308 212
 402 403 404
 116 118 405
 406 407 408
 409 410 181
 124 411 394
 412 398 230
 268 89 413
 104 414 18
 274 249 415
 3 399 65
 402 404 416
 306 304 417
 387 389 317
 319 317 389
 418 148 220
 419 420 421
 422 423 424
 15 401 17
 425 426 427
 428 427 426
 341 84 228
 429 397 400
 430 431 389
 309 432 433
 370 434 371
 435 436 437
 70 438 439
 440 441 442
 393 295 294
 440 443 441
 444 445 446
 147 347 220
 447 218 373
 94 448 95
 449 450 451
 452 449 451
 453 454 455
 456 138 137
 27 457 22
 455 454 458
 459 460 72
 70 72 460
 73 71 461
 462 463 464
 465 187 466
 467 466 187
 343 345 468
 282 469 283
 246 283 247
 470 247 283
 301 471 281
 327 472 328
 240 473 474
 379 475 193
 476 477 478
 46 479 20
 108 480 262
 481 482 483
 232 484 485
 62 486 63
 487 488 489
 372 490 370
 113 490 372
 339 472 340
 487 491 492
 241 243 292
 493 291 290
 419 421 494
 15 269 185
 495 496 497
 498 497 496
 367 293 292
 277 215 323
 499 500 501
 314 408 407
 502 503 432
 504 505 506
 507 506 505
 462 508 463
 482 509 483
 499 501 510
 98 511 99
 498 496 512
 82 64 63
 343 445 344
 513 514 515
 516 515 514
 517 65 163
 164 163 65
 518 432 503
 487 489 519
 520 521 522
 339 500 523
 499 523 500
 524 525 526
 319 414 527
 524 526 528
 232 396 484
 70 529 438
 77 530 78
 531 320 255
 444 446 532
 533 534 535
 536 537 538
 539 540 342
 496 541 512
 430 389 388
 150 366 542
 70 439 326
 543 544 545
 299 340 546
 547 548 549
 550 551 552
 384 491 385
 553 554 555
 303 556 304
 557 159 558
 559 555 554
 153 151 464
 462 464 151
 334 333 284
 250 252 560
 561 140 468
 287 562 127
 104 527 414
 136 138 228
 354 563 355
 270 25 564
 536 565 537
 147 149 566
 567 568 569
 364 366 570
 140 571 468
 150 572 366
 256 573 574
 202 130 575
 576 577 578
 277 313 278
 319 389 579
 114 580 113
 581 582 23
 576 578 583
 23 582 21
 299 584 340
 585 586 587
 62 146 588
 62 144 146
 553 589 410
 244 578 590
 277 279 216
 309 311 432
 304 591 305
 592 281 471
 369 593 594
 595 594 593
 98 100 596
 98 117 597
 153 363 598
 93 599 5
 600 582 503
 109 601 85
 592 602 281
 603 281 602
 604 605 606
 607 606 605
 353 608 609
 610 125 64
 611 612 613
 492 491 614
 615 59 616
 58 616 59
 201 617 23
 180 182 618
 619 620 621
 622 623 395
 624 623 622
 58 61 625
 626 625 61
 581 503 582
 627 157 628
 629 628 157
 98 597 511
 123 630 631
 109 324 632
 536 318 527
 319 527 318
 633 145 634
 144 634 145
 210 635 211
 390 415 247
 636 637 638
 531 639 640
 641 640 639
 611 613 381
 98 642 117
 210 384 635
 383 635 384
 287 643 562
 270 564 333
 183 337 184
 222 644 223
 44 645 646
 647 477 476
 648 92 649
 377 224 223
 650 651 652
 108 106 653
 304 307 654
 244 242 578
 44 43 645
 655 496 363
 656 657 658
 659 587 586
 660 279 575
 221 78 212
 342 540 84
 88 340 413
 93 661 534
 316 662 317
 387 317 662
 663 664 665
 233 235 666
 174 356 667
 207 328 523
 24 668 12
 83 12 668
 353 609 669
 75 266 76
 670 671 672
 268 270 333
 306 417 374
 673 349 358
 595 544 594
 543 594 544
 410 589 181
 390 247 674
 357 675 358
 673 358 675
 129 676 130
 276 218 677
 678 679 680
 111 315 112
 183 298 238
 681 682 683
 684 683 682
 93 534 685
 465 551 188
 550 188 551
 213 211 686
 687 477 647
 688 689 259
 35 30 128
 690 691 692
 444 344 445
 256 574 693
 657 694 658
 91 649 92
 98 596 642
 695 115 89
 249 247 415
 550 189 188
 240 474 102
 132 130 696
 697 698 699
 73 700 72
 587 701 702
 624 703 704
 256 705 573
 576 342 577
 274 392 156
 154 156 392
 276 677 56
 706 704 703
 236 653 707
 119 693 708
 607 709 710
 106 707 653
 474 473 238
 711 452 712
 104 713 527
 459 72 714
 715 372 371
 261 507 505
 660 216 279
 716 69 68
 24 11 127
 134 717 173
 208 718 38
 719 121 120
 720 260 259
 246 248 334
 695 334 248
 721 722 230
 398 721 230
 610 510 620
 610 723 510
 724 491 384
 533 725 534
 425 726 679
 453 727 454
 727 648 454
 728 729 480
 327 329 730
 722 231 230
 607 605 709
 627 628 731
 732 371 434
 733 87 734
 262 47 263
 263 47 44
 48 209 38
 459 631 630
 402 2 66
 627 731 290
 382 563 354
 264 735 169
 736 737 691
 738 701 587
 739 740 741
 557 558 742
 743 744 745
 746 745 744
 747 286 51
 688 259 505
 250 748 251
 749 750 751
 752 753 754
 715 755 756
 105 757 106
 256 693 758
 729 759 480
 374 417 760
 39 761 34
 762 763 764
 524 765 448
 724 384 766
 641 427 640
 287 288 625
 256 758 257
 343 767 445
 650 768 651
 762 764 22
 49 26 33
 39 33 26
 769 770 771
 141 771 770
 736 691 772
 690 772 691
 655 362 67
 377 405 773
 28 564 25
 428 569 568
 774 775 776
 576 396 777
 778 777 396
 779 780 781
 253 229 704
 380 782 783
 225 784 785
 440 786 787
 3 788 398
 447 789 790
 791 699 698
 364 637 365
 448 765 792
 778 396 351
 750 793 751
 794 355 795
 796 797 433
 309 433 797
 650 196 798
 380 799 782
 27 757 457
 470 674 247
 111 107 315
 800 506 618
 739 801 740
 341 577 342
 287 127 11
 655 541 496
 759 802 480
 527 713 565
 803 365 636
 664 804 665
 240 161 805
 405 806 773
 474 730 807
 259 261 505
 517 66 65
 808 809 348
 301 740 801
 663 665 519
 265 810 266
 360 649 811
 108 653 728
 91 812 682
 241 813 242
 814 173 798
 815 816 47
 452 451 712
 817 818 408
 819 408 818
 814 135 173
 210 820 384
 816 45 47
 91 4 821
 111 113 756
 130 118 696
 380 354 669
 353 669 354
 423 775 424
 822 823 126
 629 666 235
 57 100 824
 299 185 269
 825 740 826
 741 740 825
 553 555 589
 395 87 827
 287 11 13
 828 710 112
 335 500 336
 629 235 829
 830 632 831
 28 26 286
 268 584 269
 576 777 342
 762 22 457
 12 832 13
 428 833 569
 539 342 834
 636 365 637
 719 835 492
 836 492 835
 236 707 187
 551 837 552
 838 839 597
 800 840 394
 650 245 196
 62 125 144
 841 842 843
 9 844 10
 412 399 398
 210 78 820
 845 820 78
 207 846 329
 668 24 126
 823 668 126
 518 847 432
 433 432 847
 848 169 849
 82 850 723
 340 472 546
 720 259 689
 695 248 275
 341 590 577
 578 577 590
 134 235 234
 851 852 338
 732 338 852
 134 133 235
 822 126 128
 182 555 853
 54 677 854
 202 405 118
 393 294 855
 856 621 620
 504 394 411
 357 857 858
 357 858 391
 277 356 313
 412 230 859
 119 197 693
 506 860 618
 202 575 861
 202 806 405
 104 361 862
 192 672 863
 430 388 864
 865 864 388
 769 551 866
 867 868 841
 869 841 868
 800 145 840
 561 790 789
 817 785 784
 557 160 159
 733 638 637
 870 871 872
 360 811 873
 874 875 876
 28 286 877
 878 871 870
 814 439 879
 438 879 439
 880 74 76
 142 880 76
 422 609 608
 780 881 781
 210 212 78
 499 723 850
 249 275 248
 830 750 881
 819 882 443
 74 770 883
 715 756 372
 103 884 885
 428 640 427
 136 886 137
 77 137 886
 887 544 888
 889 663 519
 428 426 833
 0 2 890
 238 298 891
 567 569 892
 217 219 662
 387 662 219
 447 854 677
 207 523 850
 499 850 523
 108 728 480
 441 859 893
 393 394 840
 444 894 895
 896 895 894
 897 883 770
 465 898 551
 136 876 875
 651 899 652
 277 216 215
 900 862 361
 619 901 620
 12 540 832
 739 697 699
 279 861 575
 119 708 902
 193 475 903
 192 863 461
 904 558 159
 327 730 891
 769 837 551
 648 649 905
 906 754 753
 38 907 36
 35 127 562
 217 844 373
 882 908 443
 909 373 9
 373 844 9
 447 373 789
 607 645 606
 208 285 910
 615 351 99
 911 764 763
 82 206 850
 912 482 913
 481 913 482
 175 914 176
 633 840 145
 376 797 915
 796 915 797
 715 371 916
 916 917 822
 371 917 916
 918 919 920
 62 588 921
 600 503 922
 149 923 566
 724 766 647
 924 925 657
 327 891 298
 164 65 926
 319 579 414
 207 205 846
 927 919 918
 428 928 640
 929 930 931
 345 748 932
 496 933 363
 73 461 934
 406 408 935
 276 56 936
 711 937 452
 896 251 748
 838 597 938
 939 940 941
 425 941 940
 447 790 854
 232 942 100
 57 596 100
 715 943 755
 930 944 931
 736 772 741
 204 945 946
 947 946 945
 656 768 657
 924 657 768
 592 471 224
 222 224 471
 180 948 181
 716 359 949
 822 852 823
 739 741 697
 924 717 925
 851 258 950
 874 950 258
 650 951 768
 83 668 952
 495 497 953
 655 363 362
 162 818 954
 817 954 818
 162 375 163
 207 850 206
 302 110 623
 955 807 730
 83 952 950
 276 936 158
 956 957 639
 201 22 764
 886 958 530
 959 960 545
 961 737 962
 534 727 535
 177 853 555
 615 99 511
 851 823 852
 93 92 661
 141 880 142
 458 52 41
 963 900 361
 353 964 608
 547 608 964
 965 750 830
 262 480 802
 896 894 718
 297 117 642
 520 522 872
 192 191 672
 502 432 311
 169 735 849
 606 645 843
 966 186 168
 684 682 812
 966 168 537
 229 967 704
 77 886 530
 828 315 263
 303 51 53
 800 394 506
 504 506 394
 576 583 968
 969 970 31
 444 532 894
 339 336 500
 828 646 710
 687 886 875
 136 875 886
 961 971 737
 547 972 548
 300 295 973
 193 974 237
 28 877 564
 975 702 701
 495 953 787
 204 206 976
 513 977 528
 524 528 977
 808 348 512
 462 151 378
 153 598 152
 478 197 121
 611 708 574
 693 574 708
 978 979 980
 425 940 426
 981 242 813
 982 983 984
 985 962 737
 687 647 958
 595 888 544
 746 508 745
 380 609 799
 986 799 609
 502 922 503
 848 987 169
 782 902 708
 867 841 843
 380 669 609
 103 807 884
 340 584 413
 306 374 954
 474 238 891
 619 973 295
 150 152 572
 691 737 971
 791 562 643
 759 729 735
 988 843 842
 989 18 414
 289 990 290
 803 903 475
 670 672 991
 759 735 992
 221 352 79
 986 609 424
 422 424 609
 691 971 692
 201 692 971
 993 745 994
 536 527 565
 796 433 995
 32 883 996
 40 42 552
 848 552 42
 253 893 859
 629 857 666
 409 948 997
 435 998 999
 1000 420 1001
 851 952 823
 153 1002 362
 1003 1004 362
 738 1005 1006
 357 1007 857
 358 349 809
 173 717 951
 1008 879 731
 428 568 928
 1009 999 998
 12 84 540
 316 1010 662
 233 68 397
 732 917 371
 887 1011 544
 911 31 970
 541 69 949
 845 530 958
 211 635 1012
 845 78 530
 57 936 56
 989 414 579
 252 1013 131
 474 807 102
 739 1014 801
 655 69 541
 204 946 205
 91 682 811
 154 391 858
 814 879 135
 567 1015 568
 200 348 809
 382 605 563
 929 654 307
 461 71 1016
 845 958 647
 1017 1018 156
 80 330 1019
 271 806 278
 904 485 484
 739 699 1014
 402 66 1020
 360 905 649
 495 787 1021
 927 1021 787
 610 901 125
 803 475 542
 162 954 374
 927 787 786
 822 128 30
 1022 686 1023
 814 798 1024
 95 792 1025
 357 359 1007
 271 278 313
 959 1026 960
 467 21 582
 828 263 646
 44 646 263
 648 905 454
 274 156 1018
 687 958 886
 142 1027 346
 250 790 932
 561 932 790
 993 1028 745
 796 403 1020
 604 795 355
 724 647 476
 136 228 876
 83 876 228
 198 1029 930
 470 930 1029
 1030 203 291
 440 953 935
 1031 652 899
 95 1025 1032
 192 461 1016
 250 560 790
 1033 790 560
 1033 854 790
 975 483 1034
 567 346 1027
 82 723 64
 610 64 723
 1035 321 347
 845 647 766
 487 492 488
 409 181 948
 794 964 355
 1036 1037 973
 322 1038 1039
 274 1040 275
 944 469 1041
 85 179 110
 581 23 617
 288 13 832
 75 34 761
 283 469 944
 109 110 667
 302 325 110
 239 238 473
 965 830 831
 1042 613 612
 900 186 862
 879 1043 731
 358 1044 359
 1045 801 1014
 1046 1047 1048
 105 1049 755
 1000 1001 50
 312 50 1001
 129 131 1013
 440 935 443
 274 415 392
 441 443 908
 828 112 315
 193 903 974
 681 873 682
 1050 55 1051
 531 640 928
 878 1052 957
 1053 957 1052
 35 562 969
 369 594 368
 543 368 594
 1054 1055 1056
 470 283 944
 225 785 199
 743 745 1057
 1050 642 596
 462 378 195
 87 1058 827
 402 1059 2
 35 969 31
 695 89 334
 291 203 1060
 993 195 194
 819 935 408
 182 181 589
 123 203 630
 1061 1062 332
 331 332 1062
 778 351 1063
 105 755 1064
 576 484 396
 778 616 1065
 1066 754 1067
 660 227 216
 741 772 697
 502 420 922
 419 922 420
 196 1024 798
 40 552 837
 91 821 812
 393 855 124
 419 1068 922
 1069 827 570
 364 570 827
 1070 735 729
 648 661 92
 367 1071 293
 1072 293 1071
 633 1073 840
 82 81 206
 679 726 680
 1022 978 686
 440 442 786
 536 449 1074
 774 1075 775
 986 775 1075
 1076 841 765
 869 765 841
 201 971 617
 1003 362 1002
 633 901 1077
 619 1077 901
 817 408 785
 314 785 408
 289 1078 1079
 1080 1079 1078
 250 932 748
 629 1081 857
 1082 1039 1038
 162 165 818
 543 545 1083
 641 726 427
 100 942 824
 288 832 1065
 114 112 710
 983 887 888
 362 1004 67
 1035 1084 1038
 988 842 1085
 487 519 665
 264 992 735
 1085 842 1086
 316 318 937
 233 666 1007
 857 1007 666
 390 1087 391
 301 280 740
 357 391 675
 738 587 1005
 897 996 883
 425 427 726
 459 630 460
 1030 460 630
 389 431 579
 989 579 431
 664 1088 804
 716 1089 359
 1090 275 1040
 1091 535 455
 453 455 535
 339 328 472
 1061 292 243
 1088 1012 804
 641 680 726
 1092 1093 1094
 495 933 496
 113 580 490
 900 166 186
 1069 570 920
 536 538 449
 214 793 215
 965 215 793
 1003 464 463
 947 884 1095
 246 334 284
 604 355 563
 947 1095 946
 345 932 468
 54 56 677
 1096 1097 923
 429 234 397
 581 1098 503
 518 503 1098
 141 143 41
 458 41 143
 198 349 1029
 673 1029 349
 1046 1099 658
 204 1100 945
 359 1044 949
 965 323 215
 684 1101 148
 380 783 381
 611 381 783
 182 853 618
 531 928 320
 1102 548 972
 678 680 1103
 1053 1103 680
 1051 55 1104
 80 1019 1105
 924 951 717
 838 60 59
 369 292 1106
 467 187 1107
 213 686 980
 173 951 798
 257 758 477
 285 1108 227
 402 1020 403
 465 188 187
 1109 320 928
 672 671 863
 1110 863 671
 662 1010 1111
 736 741 825
 747 877 286
 897 770 1112
 435 437 1113
 376 374 760
 539 1065 832
 211 1023 686
 327 298 546
 377 223 405
 116 405 223
 105 107 1049
 244 590 1114
 45 868 43
 200 809 349
 1026 1115 479
 791 969 562
 1116 1117 1118
 273 176 914
 819 165 882
 815 802 992
 1119 1075 1120
 1121 8 712
 312 310 1122
 282 284 333
 1000 421 420
 105 457 757
 302 967 229
 1123 454 905
 695 275 115
 800 853 145
 393 1073 295
 752 1124 753
 178 67 1004
 327 546 472
 312 1001 311
 1121 712 451
 276 158 1125
 865 1125 158
 1066 752 754
 975 1056 483
 106 757 707
 456 1114 590
 366 365 542
 130 676 575
 1003 1048 1047
 438 529 1126
 177 145 853
 1109 928 568
 109 667 356
 274 1018 1040
 759 992 802
 387 1127 388
 604 606 795
 988 795 606
 1076 765 977
 524 977 765
 633 1077 1073
 208 1013 251
 132 1128 1051
 1050 1051 1128
 74 880 770
 1045 61 60
 912 1129 482
 978 980 686
 626 1014 699
 29 31 763
 382 381 613
 91 811 649
 335 501 500
 600 922 1068
 301 801 1130
 150 379 151
 711 8 1010
 10 1010 8
 517 375 915
 376 915 375
 619 295 1077
 1045 60 1131
 149 148 1101
 49 33 1132
 233 1089 68
 32 34 883
 304 654 591
 294 1078 855
 1133 1040 1018
 339 523 328
 27 707 757
 1116 1134 1117
 447 677 218
 1045 1130 801
 341 228 138
 762 457 1064
 1135 1136 593
 639 957 1137
 1138 658 1099
 141 770 880
 502 311 1139
 164 926 882
 412 882 926
 58 1140 616
 570 1141 920
 470 1029 674
 673 674 1029
 475 379 542
 150 542 379
 326 1016 71
 182 589 555
 0 281 1
 603 1 281
 312 1122 53
 343 468 571
 1090 115 275
 769 1112 770
 111 1049 107
 597 839 511
 593 1136 1142
 201 764 692
 911 692 764
 650 652 245
 1143 245 652
 939 599 685
 180 618 860
 122 855 1078
 762 1064 943
 1041 1144 931
 591 931 1144
 1017 156 155
 1036 973 621
 539 832 540
 1061 1106 292
 778 1063 616
 441 893 442
 517 1020 66
 1145 701 1146
 252 1147 560
 32 1132 33
 297 696 118
 615 839 59
 557 864 160
 865 160 864
 1045 1014 61
 724 614 491
 108 315 107
 603 1148 721
 1003 463 1048
 1003 1002 464
 533 833 1149
 531 1150 639
 547 964 972
 983 888 984
 288 1140 625
 615 616 1063
 1151 1152 1153
 368 1151 1153
 1046 1048 1099
 478 477 758
 452 1074 449
 659 1005 587
 693 197 758
 947 885 884
 470 944 930
 874 876 950
 309 1154 310
 1091 143 346
 129 910 1155
 287 625 643
 626 643 625
 1021 918 1156
 796 1020 915
 309 797 1154
 172 158 936
 819 818 165
 1157 598 363
 387 219 1127
 58 625 1140
 46 545 960
 88 413 89
 129 1155 676
 502 1139 420
 481 1056 1055
 154 1081 157
 627 155 157
 544 1011 545
 959 545 1011
 595 984 888
 985 404 403
 641 639 1137
 551 898 866
 46 1083 545
 838 59 839
 956 639 1150
 965 793 750
 1054 1056 1158
 462 195 994
 869 792 765
 1092 700 1159
 1160 1052 870
 878 870 1052
 302 623 967
 543 1161 1151
 543 1083 1161
 624 967 623
 1096 6 1097
 254 320 1162
 1163 528 526
 670 1164 1165
 803 542 365
 1166 1019 330
 383 665 804
 273 386 272
 193 195 378
 1033 560 1147
 493 1126 291
 1030 291 1126
 1102 972 1167
 474 891 730
 198 930 226
 929 226 930
 73 1159 700
 367 368 1153
 164 882 165
 239 1168 255
 956 255 1168
 1045 1131 1169
 585 1170 586
 114 710 709
 57 824 936
 113 372 756
 123 631 1171
 252 251 1013
 1109 568 1015
 178 1004 1047
 745 508 994
 1172 310 1154
 1138 482 1129
 1157 363 933
 736 416 404
 178 397 68
 1094 1093 689
 1157 1021 1156
 376 1154 797
 1173 37 36
 939 685 725
 603 602 1148
 1166 330 998
 1009 998 330
 1042 580 613
 382 613 580
 543 1151 368
 722 914 231
 746 463 508
 83 950 876
 791 698 969
 690 969 698
 1090 1174 90
 335 90 1174
 743 483 509
 271 272 773
 979 1175 980
 1176 980 1175
 585 587 702
 1133 1177 1040
 459 714 1094
 495 1021 933
 1157 933 1021
 271 773 806
 450 449 538
 1119 1120 835
 225 226 307
 929 307 226
 982 984 1175
 1176 1175 984
 561 909 140
 214 227 1108
 299 269 584
 592 224 386
 1096 812 821
 966 537 565
 513 515 977
 1076 977 515
 268 413 584
 426 1149 833
 109 632 601
 782 708 783
 610 620 901
 154 858 1081
 912 913 1178
 746 1048 463
 1152 1161 1179
 989 1179 1161
 874 258 1180
 257 1180 258
 722 1148 914
 1046 400 1047
 153 464 1002
 1152 1151 1161
 420 1139 1001
 656 658 1129
 1138 1129 658
 46 1161 1083
 716 949 69
 655 67 69
 1181 572 1156
 152 1156 572
 395 827 622
 1069 622 827
 46 19 1161
 989 1161 19
 1143 191 245
 966 862 186
 222 1131 644
 838 644 1131
 301 1130 471
 986 424 775
 746 1099 1048
 690 970 969
 40 771 41
 1008 628 829
 851 338 258
 180 1182 948
 997 948 1182
 299 546 298
 276 1125 219
 430 1183 1071
 402 416 1059
 1082 526 525
 453 535 727
 382 709 605
 456 590 138
 341 138 590
 175 229 231
 966 713 862
 104 862 713
 536 1074 318
 1031 1184 652
 1143 652 1184
 430 864 1183
 607 646 645
 1172 760 417
 141 41 771
 838 938 644
 122 124 855
 151 379 378
 736 825 416
 364 827 1058
 607 710 646
 743 1034 483
 172 942 485
 794 795 1085
 988 1085 795
 412 908 882
 429 925 234
 103 885 521
 178 1047 400
 1030 529 460
 70 460 529
 63 486 330
 1009 330 486
 901 634 125
 49 1132 50
 282 564 877
 97 1185 683
 681 683 1185
 690 692 970
 822 30 916
 755 943 1064
 808 541 949
 9 140 909
 123 411 124
 187 707 1107
 711 1010 937
 316 937 1010
 736 404 737
 458 454 52
 217 1111 844
 1046 658 694
 800 618 853
 688 631 1094
 459 1094 631
 993 1170 1028
 489 753 1186
 1124 1186 753
 253 859 230
 1090 1040 1177
 1123 52 454
 746 744 1099
 1138 1099 744
 285 209 1108
 222 471 1169
 435 999 436
 254 1162 1187
 585 1028 1170
 670 991 1164
 256 338 705
 1070 849 735
 912 1178 899
 300 973 1037
 897 494 421
 585 1034 1057
 132 1051 1147
 430 1188 431
 94 525 448
 733 1058 87
 550 552 1189
 848 1189 552
 1072 1071 1183
 1096 821 6
 1041 931 944
 208 910 1013
 706 893 704
 719 614 121
 724 121 614
 382 580 709
 114 709 580
 314 407 348
 498 348 407
 656 1190 768
 808 512 541
 430 1071 1188
 367 1153 1071
 681 1185 1191
 1192 1191 1185
 881 750 781
 749 781 750
 867 645 43
 369 1106 593
 1092 1094 714
 865 158 160
 719 492 614
 826 740 280
 1193 436 999
 116 223 644
 806 861 278
 202 861 806
 961 617 971
 1194 1118 1165
 1163 1195 1084
 1000 50 1132
 431 1188 1179
 557 1196 864
 377 773 272
 314 199 785
 681 1191 171
 306 954 784
 896 718 1197
 517 915 1020
 111 756 1049
 755 1049 756
 627 990 155
 1017 155 990
 896 1197 251
 208 251 1197
 1138 509 482
 633 634 901
 343 1198 767
 1008 731 628
 1026 479 960
 10 844 1111
 1017 1199 1018
 244 1062 243
 110 179 623
 604 563 605
 1053 1137 957
 1173 1200 37
 989 431 1179
 956 1150 255
 595 1142 984
 1176 984 1142
 688 505 1171
 504 1171 505
 836 488 492
 493 290 731
 651 768 1190
 1008 133 135
 418 96 1201
 74 883 34
 456 137 1202
 77 1202 137
 499 510 723
 1069 919 703
 690 697 772
 265 401 1187
 184 1187 401
 906 1203 776
 856 620 510
 1133 1018 1199
 1008 829 133
 626 61 1014
 672 191 991
 343 571 1198
 139 1198 571
 27 1107 707
 478 758 197
 591 1144 305
 747 305 1144
 985 737 404
 1152 1179 1188
 213 980 1204
 1176 1204 980
 172 485 159
 706 442 893
 1042 490 580
 531 255 1150
 487 665 385
 62 921 486
 393 840 1073
 264 171 1191
 794 1085 1167
 516 1167 1085
 435 1113 998
 383 385 665
 294 296 1078
 660 575 676
 97 1201 96
 826 1059 825
 416 825 1059
 585 1057 1028
 856 510 501
 1135 1106 332
 132 696 1128
 297 1128 696
 429 694 657
 288 1065 1140
 507 860 506
 687 1180 477
 257 477 1180
 722 721 1148
 1084 1195 1038
 1076 842 841
 738 1146 701
 493 1043 1126
 438 1126 1043
 711 712 8
 865 388 1127
 961 962 1098
 518 1098 962
 1145 1158 701
 906 753 1205
 489 1205 753
 264 1191 1206
 688 1094 689
 817 784 954
 857 1081 858
 383 1012 635
 906 776 1207
 988 606 843
 324 831 632
 520 872 871
 429 657 925
 406 935 953
 706 919 786
 927 786 919
 576 968 484
 715 916 1208
 273 602 386
 303 1122 556
 1061 332 1106
 1009 1209 999
 94 1039 525
 1036 621 1210
 856 1210 621
 641 1137 680
 1053 680 1137
 139 571 140
 253 704 893
 132 1147 131
 887 959 1011
 1069 920 919
 1009 921 1209
 376 760 1154
 1088 1022 1023
 573 434 1211
 498 512 348
 561 789 909
 774 1120 1075
 894 907 718
 149 1101 923
 1096 923 1101
 1080 1078 296
 1200 1212 37
 353 355 964
 684 812 1101
 1088 1023 1012
 406 497 407
 498 407 497
 312 53 50
 1091 455 143
 458 143 455
 1036 1177 1037
 1193 1213 436
 383 804 1012
 419 898 1068
 585 702 1034
 239 473 1168
 240 1168 473
 390 392 415
 419 494 866
 1041 469 877
 282 877 469
 1030 630 203
 673 1087 674
 1123 905 170
 1109 1162 320
 611 783 708
 769 771 837
 122 1060 203
 684 1201 683
 629 829 628
 961 1098 617
 581 617 1098
 878 1214 871
 732 705 338
 7 1097 6
 1135 593 1106
 1172 1122 310
 912 899 1190
 651 1190 899
 217 662 1111
 462 994 508
 681 171 873
 1069 703 622
 517 163 375
 406 953 497
 303 305 51
 747 51 305
 161 871 1214
 134 234 925
 282 333 564
 878 957 1214
 979 982 1175
 487 385 491
 615 511 839
 264 1206 992
 524 448 525
 1033 1147 1051
 1092 714 700
 360 170 905
 745 1028 1057
 103 102 807
 105 1064 457
 265 1162 810
 867 843 645
 981 813 742
 1072 742 813
 533 1149 725
 924 768 951
 956 1214 957
 29 916 30
 534 725 685
 1215 1213 1216
 1124 889 1186
 97 350 1185
 715 1208 943
 1192 350 1032
 211 1012 1023
 851 950 952
 1160 1103 1052
 1053 1052 1103
 1115 963 1217
 174 667 325
 110 325 667
 273 1148 602
 1181 1156 918
 956 1168 805
 706 786 442
 684 148 1201
 289 291 1060
 597 117 938
 116 938 117
 1110 934 863
 461 863 934
 244 1114 1062
 331 1062 1114
 823 952 668
 169 987 170
 1123 170 987
 911 970 692
 359 1089 1007
 335 1174 1210
 1036 1210 1174
 706 703 919
 690 698 697
 300 1218 296
 1133 1037 1177
 533 1219 833
 134 925 717
 561 468 932
 719 120 835
 1119 835 120
 93 685 599
 360 873 171
 1031 1220 1221
 778 1065 834
 80 1105 976
 993 194 1170
 629 157 1081
 1076 515 1086
 516 1086 515
 794 972 964
 819 443 935
 65 399 926
 97 683 1201
 1031 1178 1220
 624 704 967
 225 307 784
 306 784 307
 232 485 942
 616 1140 1065
 1222 1178 913
 438 1043 879
 838 1131 60
 1192 1185 350
 1123 42 52
 116 644 938
 762 943 1223
 342 777 834
 80 976 81
 869 1025 792
 418 1201 148
 912 1190 1129
 769 494 1112
 252 131 1147
 1135 308 1136
 1036 1174 1177
 95 1032 350
 1041 877 1144
 904 484 968
 1000 996 421
 1071 1153 1188
 1152 1188 1153
 845 766 820
 390 674 1087
 595 593 1142
 989 19 18
 1123 987 42
 848 42 987
 985 847 962
 1138 744 509
 1050 596 55
 57 55 596
 1215 1216 554
 318 1074 937
 724 476 121
 235 133 829
 516 1085 1086
 808 949 1044
 456 1202 1114
 331 1114 1202
 419 866 898
 40 837 771
 747 1144 877
 205 1095 846
 219 1125 1127
 20 479 1217
 1115 1217 479
 481 483 1056
 1135 332 352
 836 1203 1205
 779 781 1200
 749 1200 781
 956 805 1214
 794 1167 972
 927 918 1021
 279 278 861
 1222 913 1055
 966 565 713
 489 1186 519
 889 519 1186
 826 280 890
 384 820 766
 1096 1101 812
 615 1063 351
 303 53 1122
 289 1060 1078
 122 1078 1060
 1030 1126 529
 1008 135 879
 573 705 434
 897 421 996
 94 96 1224
 418 1224 96
 985 403 995
 796 995 403
 1017 1079 1199
 1080 1199 1079
 985 995 847
 569 833 1219
 77 79 1202
 331 1202 79
 743 509 744
 1090 90 115
 769 866 494
 335 1210 501
 906 1205 1203
 1000 1132 996
 743 1057 1034
 822 917 852
 975 1158 1056
 815 47 802
 955 884 807
 897 1112 494
 975 1034 702
 720 689 1093
 567 892 346
 322 321 1038
 1035 1038 321
 682 873 811
 624 622 703
 1070 189 1189
 297 642 1128
 1082 525 1039
 95 448 792
 1033 1051 1104
 471 1130 1169
 213 1204 308
 444 895 344
 345 344 895
 1194 1165 1164
 32 996 1132
 29 1208 916
 370 1211 434
 395 623 179
 1003 1047 1004
 650 798 951
 144 125 634
 836 1205 488
 265 1187 1162
 955 846 1095
 46 960 479
 1090 1177 1174
 539 834 1065
 1135 352 308
 440 787 953
 1031 899 1178
 627 290 990
 904 968 558
 981 558 968
 673 675 1087
 142 76 1027
 254 1187 337
 184 337 1187
 289 1079 990
 1017 990 1079
 54 1104 55
 489 488 1205
 1172 1154 760
 1067 754 1207
 906 1207 754
 815 1206 816
 221 308 352
 716 68 1089
 778 834 777
 300 1037 1218
 1192 816 1206
 152 598 1156
 1157 1156 598
 208 1197 718
 481 1055 913
 205 946 1095
 1173 1225 1200
 1181 920 1141
 1050 1128 642
 326 439 1024
 814 1024 439
 732 852 917
 72 700 714
 266 1015 1027
 567 1027 1015
 1194 1184 1221
 1031 1221 1184
 1192 1032 816
 45 816 1032
 129 1013 910
 4 6 821
 241 293 813
 1072 813 293
 329 846 730
 955 730 846
 782 799 1226
 986 1226 799
 904 159 485
 366 1141 570
 559 1216 1227
 1193 1227 1216
 38 718 907
 478 121 476
 592 386 602
 1228 1229 1146
 981 968 583
 656 1129 1190
 85 601 86
 1192 1206 1191
 103 521 101
 993 994 195
 10 1111 1010
 452 937 1074
 791 643 699
 626 699 643
 557 742 1196
 1193 1216 1213
 1143 991 191
 1072 1196 742
 1145 1146 1229
 867 43 868
 779 1200 1225
 687 875 1180
 874 1180 875
 1080 296 1218
 1082 1038 1195
 233 1007 1089
 1091 346 892
 504 411 1171
 123 1171 411
 896 748 895
 345 895 748
 45 1032 1025
 54 854 1104
 1033 1104 854
 550 1189 189
 955 1095 884
 688 1171 631
 0 890 280
 939 725 1149
 533 535 1219
 1166 998 1113
 507 261 1182
 262 802 47
 240 805 1168
 17 267 761
 75 761 267
 981 742 558
 1222 1055 1230
 175 231 914
 373 909 789
 1181 918 920
 1091 1219 535
 1228 1146 1006
 172 936 824
 1070 1189 849
 911 763 31
 559 554 1216
 266 1027 76
 619 621 973
 588 1209 921
 520 101 521
 1045 1169 1130
 1042 1211 490
 370 490 1211
 398 788 721
 1181 1141 572
 366 572 1141
 603 788 1
 981 583 242
 774 776 1203
 418 220 1224
 322 1224 220
 308 1204 1136
 1116 1220 1134
 1222 1134 1220
 391 1087 675
 45 1025 868
 265 267 401
 17 401 267
 172 824 942
 1046 694 400
 429 400 694
 322 1039 1224
 578 242 583
 869 868 1025
 236 1231 653
 728 653 1231
 603 721 788
 815 992 1206
 493 731 1043
 422 608 549
 547 549 608
 465 1068 898
 1222 1230 1134
 48 1212 751
 749 751 1212
 20 1217 361
 963 361 1217
 749 1212 1200
 311 1001 1139
 1009 486 921
 559 1232 555
 177 555 1232
 588 1227 1209
 1172 556 1122
 326 190 1016
 192 1016 190
 611 574 612
 573 612 574
 975 701 1158
 762 1223 763
 29 763 1223
 48 751 1108
 180 860 1182
 507 1182 860
 856 501 1210
 738 1006 1146
 48 1108 209
 1172 417 556
 204 1105 1100
 733 734 638
 285 1155 910
 1193 999 1209
 732 434 705
 161 1214 805
 441 908 859
 412 859 908
 1194 1221 1118
 1116 1118 1221
 1054 1230 1055
 214 751 793
 1061 243 1062
 214 1108 751
 600 466 582
 273 914 1148
 520 871 101
 161 101 871
 222 1169 1131
 295 1073 1077
 1176 1142 1136
 836 1120 1203
 774 1203 1120
 1109 810 1162
 48 37 1212
 848 849 1189
 782 1226 902
 1119 902 1226
 518 962 847
 939 1149 940
 1076 1086 842
 1133 1218 1037
 1091 892 1219
 836 835 1120
 204 976 1105
 1070 1231 189
 236 189 1231
 1194 1164 1184
 1143 1184 1164
 1193 1209 1227
 285 227 1155
 660 1155 227
 1143 1164 991
 426 940 1149
 1119 1226 1075
 986 1075 1226
 660 676 1155
 412 926 399
 864 1196 1183
 1072 1183 1196
 304 556 417
 591 654 931
 929 931 654
 1222 1220 1178
 808 1044 809
 358 809 1044
 1070 729 1231
 728 1231 729
 1116 1221 1220
 943 1208 1223
 588 1232 1227
 1119 120 902
 119 902 120
 3 1 788
 1042 612 1211
 573 1211 612
 266 810 1015
 1109 1015 810
 206 81 976
 1133 1199 1218
 433 847 995
 865 1127 1125
 588 146 1232
 534 661 727
 648 727 661
 1080 1218 1199
 17 761 16
 39 16 761
 569 1219 892
 559 1227 1232
 94 1224 1039
 2 1059 890
 826 890 1059
 196 190 1024
 326 1024 190
 600 1068 466
 465 466 1068
 27 21 1107
 467 1107 21
 324 323 831
 965 831 323
 364 1058 637
 177 1232 146
 733 637 1058
 1176 1136 1204
 1082 1195 526
 467 582 466
 29 1223 1208
 1163 526 1195
 41
 779 9 803 450 659 1228 1173 139 1121 445 636 780 830 237 894 451 36 881 538 87 168 974 1170 1198 601 586 537 632 1005 903 767 1006 638 8 194 446 532 1225 86 734 907
 0
 46
 425 1102 513 1166 1035 678 147 7 1163 516 422 947 939 1160 423 679 514 941 5 1067 347 945 528 1084 870 775 885 436 599 566 1097 522 923 548 521 1103 1105 1167 1019 437 1207 1113 776 872 549 1100
 0
 24
 73 670 720 1145 1110 409 1092 1228 1054 997 260 1159 1117 671 1158 1093 1229 1182 1134 934 1165 1230 1118 261
 7
 553 409 1215 410 436 1213 554
