506 928
2.317473 7.078120 1
2.417764 7.184912 1
2.250142 7.195615 1
2.313748 7.309247 1
3.313665 6.154677 2
3.173663 6.202900 1
3.153175 6.102249 2
2.457381 7.696479 1
2.330687 7.682017 1
2.433056 7.563674 1
1.945885 5.835670 1
1.933685 5.698942 2
2.064463 5.800741 3
1.597471 5.537529 1
1.534143 5.440955 2
1.696365 5.417908 2
2.395749 6.336443 1
2.472568 6.425853 1
2.316118 6.431808 1
1.470755 6.498024 1
1.542161 6.396385 1
1.577821 6.558721 1
1.659293 6.444950 1
2.381827 6.524349 1
1.305696 7.883720 1
1.208009 7.992225 1
1.205268 7.860732 1
2.534269 7.374473 1
2.443488 7.311311 1
2.579876 7.256678 1
2.282214 7.583952 1
2.815677 6.244118 2
2.974875 6.266385 1
2.871979 6.348311 1
2.938483 6.124635 2
0.510559 7.108503 1
0.395163 7.165545 1
0.409375 7.016966 1
2.203551 6.985586 1
2.338772 6.935942 1
2.464019 7.022563 1
1.556666 6.985476 1
1.596790 6.824622 1
1.680047 6.992041 1
1.753950 6.896599 1
1.723917 5.896436 1
1.803463 6.010889 1
1.660720 6.017687 1
1.720692 6.157330 1
2.305840 7.476904 1
1.512895 5.982413 1
1.443898 6.091654 1
1.365815 5.952167 1
1.321293 6.079159 1
0.559112 6.615945 1
0.663739 6.708256 1
0.514937 6.747599 1
0.302012 7.781382 1
0.448479 7.727332 1
0.365202 7.918355 2
0.518228 7.867599 1
2.615458 6.362182 1
2.774981 6.409706 1
2.621361 6.497158 1
1.786778 7.275660 1
1.840102 7.137749 1
1.913435 7.227174 1
2.088911 6.516935 1
2.178055 6.622899 1
2.038125 6.684228 1
1.353558 7.981986 1
2.107111 6.010770 1
2.195521 6.087101 1
2.088281 6.169971 1
3.099504 7.861408 2
3.087139 7.754130 1
3.246407 7.816896 4
2.418204 7.433827 1
2.583979 7.497101 1
2.759440 7.514537 1
2.666480 7.624243 1
1.499858 7.947772 2
1.398136 7.838314 1
1.674321 7.205916 1
3.167779 7.683233 2
2.824404 7.342330 1
2.669007 7.374741 1
0.812300 7.631135 1
0.853759 7.789952 1
0.733534 7.748320 1
0.540023 7.005441 1
2.908478 7.476202 1
1.998426 6.103631 1
0.000000 6.805555 0
0.124206 6.674959 1
0.168758 6.780949 1
0.354021 7.393651 1
0.435442 7.313666 1
0.446700 7.459182 1
1.696916 6.314753 1
1.592284 6.279613 1
1.954613 6.582535 1
3.131414 6.406967 1
2.996739 6.405838 1
3.095015 6.292739 1
0.738248 7.897949 1
0.613699 7.946341 1
0.604607 7.778429 1
0.402159 6.651262 1
2.952770 7.357646 1
3.067519 7.422348 2
2.210943 7.419106 1
3.030931 7.537596 1
3.045278 7.292064 1
3.091022 7.181091 2
3.155838 7.313945 2
0.578731 7.660341 1
0.515410 7.559653 1
0.400869 7.591715 1
1.590164 6.121782 1
3.301613 6.552069 2
3.350997 6.695115 2
3.199978 6.629252 1
1.551207 7.285677 1
1.564610 7.186412 1
2.799217 7.693826 1
2.923133 7.614957 1
1.590732 7.730081 1
1.716652 7.782197 1
1.610746 7.862753 1
2.808614 7.168708 1
2.942381 7.236932 1
1.904055 7.879086 1
1.837587 7.992599 1
1.796929 7.883687 1
0.972894 5.614025 2
1.003072 5.424653 2
1.108239 5.522227 1
2.740520 6.528897 1
1.630993 7.365955 1
1.716988 6.784972 1
0.849315 6.312347 1
0.956951 6.196434 1
0.972829 6.363189 1
1.961229 7.996693 1
0.607504 6.824253 1
0.247466 7.171700 1
0.311634 7.287780 1
0.190436 7.302215 1
2.149197 6.750058 1
1.500886 7.797293 1
0.950514 7.675474 1
1.264026 5.770383 1
1.328080 5.670756 1
1.360249 5.814812 1
0.124253 7.204134 1
0.833166 6.086993 1
0.965494 6.052625 1
1.098112 6.129204 1
0.883070 7.929007 1
0.997349 7.815324 1
1.146914 7.747867 1
1.091823 7.907299 1
1.258960 7.182138 1
1.125977 7.093374 1
1.247292 7.029595 1
1.687510 7.652841 1
3.351527 6.339208 2
3.222589 6.303521 1
1.118547 7.236432 1
1.287874 8.131318 2
0.555792 6.480118 1
0.661663 6.433148 1
0.692328 6.567451 1
3.063891 7.641549 1
0.000000 7.777778 0
0.000000 7.638889 0
0.155138 7.724136 2
0.553257 7.346814 1
0.094249 7.569445 1
1.730406 7.084311 1
0.596528 6.329490 1
0.439970 6.285912 2
0.575201 6.206668 2
2.944302 7.070577 1
2.884941 6.941597 1
3.017774 6.951748 1
2.956478 6.808999 1
1.189196 5.700500 1
2.991874 7.710558 1
1.463800 6.891809 1
2.521891 6.696742 1
2.417243 6.654553 1
2.566158 6.600378 1
1.819209 5.788214 1
2.477557 6.542108 1
2.266217 6.002661 2
2.244823 5.896971 2
2.139534 5.880462 2
1.783377 6.277089 1
1.249943 5.883609 1
0.000000 6.666667 0
1.126392 6.947610 1
0.987395 6.885596 1
1.114545 6.819599 1
1.015840 6.738435 1
0.283384 7.047626 1
1.346684 6.950495 1
1.439220 7.024059 1
1.345919 7.083216 1
3.224849 6.748847 1
2.688408 6.845854 1
2.552580 6.887485 1
2.618056 6.741405 1
0.751689 6.471792 1
0.465655 6.555604 1
2.196571 6.194947 1
2.346585 6.143816 2
2.282090 6.289904 1
0.886363 6.750875 1
1.051319 6.259661 1
1.266389 7.642892 1
1.177508 7.507638 1
1.326424 7.547935 1
1.908202 7.358087 1
2.862174 6.578849 1
2.968595 6.656877 1
2.851676 6.706321 1
1.073092 5.746907 1
0.953502 5.786160 2
1.210548 6.020026 1
0.371069 6.795438 1
1.283737 7.430814 1
1.204557 7.331199 1
2.035455 7.380548 1
2.150744 7.318586 1
2.112930 7.459446 1
2.586080 7.112348 1
1.070193 6.356997 1
1.158510 6.252482 1
1.198241 6.407594 1
1.288719 6.310036 1
1.051147 8.044083 1
1.144988 8.142914 2
0.981902 8.191603 2
0.732483 6.352259 1
0.721417 6.205487 1
2.079071 7.912491 1
2.120774 7.803924 1
2.198971 7.963866 2
2.261610 7.806186 1
2.006415 7.842937 1
0.960186 5.918945 1
1.060478 5.867939 1
1.075357 5.997949 1
0.997649 7.156612 1
0.906328 7.288684 1
0.844803 7.132699 1
1.390459 7.691524 1
1.501852 7.678027 1
0.739847 7.167933 1
0.668488 7.268610 1
0.630688 7.118028 1
1.090806 7.389845 1
0.795127 8.045098 1
3.277380 6.882189 2
3.118363 6.849500 1
3.163727 6.971000 1
1.371875 6.417456 1
1.438828 6.301654 1
2.020253 7.267929 1
2.363943 6.802744 1
2.245891 6.841384 1
1.884973 6.114752 1
0.270356 6.722905 1
0.241087 6.594317 1
2.437755 6.885254 1
0.756333 7.376606 1
0.669728 7.526626 1
0.642332 7.395194 1
0.693256 8.164474 2
0.695885 8.017605 1
0.840212 6.200315 1
0.532266 7.220194 1
0.563854 7.457312 1
1.944062 6.806640 1
2.054027 6.924795 1
1.886681 6.919601 1
1.946103 7.028942 1
0.000000 7.361111 0
0.081500 7.298603 1
0.115371 7.430360 1
2.574666 7.007318 1
0.208464 7.574777 1
0.250566 7.417533 1
2.556417 7.605742 1
0.323471 7.516419 1
0.362887 6.551648 1
0.814496 7.491768 1
2.057845 8.012397 2
1.106314 5.636593 1
1.959572 5.977446 1
1.241030 6.163182 1
1.368997 6.188184 1
1.492842 5.722325 1
0.000000 7.500000 0
2.440898 7.840679 2
2.551204 7.791159 1
2.592933 7.696841 1
2.651590 6.943803 1
3.081839 7.047856 1
2.493084 6.794065 1
1.862262 6.226519 1
1.912050 6.310066 1
1.203689 5.589727 1
0.481959 6.387649 1
0.113225 6.883154 1
1.978818 6.434281 1
1.599322 5.826808 1
1.484004 5.872913 1
1.854272 5.900525 1
1.853078 6.394500 1
0.000000 7.083333 0
0.141202 7.079720 1
1.758602 5.662060 1
1.720629 5.535300 1
1.859047 5.557207 2
1.364042 6.804653 1
1.751417 7.973350 1
2.660093 7.848749 1
2.792672 7.848142 2
2.686939 7.956045 2
0.790186 7.268943 1
0.303171 7.658401 1
2.515239 6.158843 2
2.660096 6.213124 2
2.510188 6.287699 1
0.000000 7.222222 0
0.755263 5.973875 2
0.867131 5.978233 1
2.078767 7.666364 1
2.034003 7.560336 1
2.176873 7.551620 1
1.490665 6.790922 1
0.957793 6.520961 1
1.070850 6.471199 1
1.860916 8.142054 2
2.010645 8.122132 2
0.832334 8.181274 2
0.717251 6.064655 2
1.753081 6.410414 1
1.155098 7.636156 1
3.064626 6.488285 1
2.142537 6.862159 1
2.076327 7.058541 1
1.762708 6.517904 1
1.701525 6.607427 1
0.624954 8.078673 2
0.929986 7.017158 1
0.862778 6.878037 1
0.804398 6.970953 1
2.190225 7.101747 1
1.495888 6.199917 1
2.811126 6.830569 1
2.411268 6.239966 1
0.996799 7.950277 1
1.333971 6.646914 1
1.205009 6.635832 1
1.276242 6.520332 1
0.930958 7.556477 1
2.181320 6.395429 1
2.078305 6.379520 1
1.463472 7.365602 1
1.532278 7.479693 1
1.136453 5.394846 2
1.235183 5.467110 1
0.664117 6.992033 1
0.692460 6.894339 1
0.768840 6.814992 1
0.799684 6.671224 1
0.323504 6.922027 1
0.479855 6.892079 1
1.973966 7.465500 1
0.736771 7.076329 1
1.040813 7.011794 1
1.383168 6.525343 1
1.478751 6.592216 1
1.444627 6.706367 1
2.060019 6.808969 1
2.717383 6.311791 1
2.359423 7.771815 1
2.772497 6.631569 1
1.675653 7.515348 1
1.761743 7.409687 1
1.793636 7.572269 1
1.862727 7.473275 1
2.209255 7.681920 1
0.235199 7.868153 2
1.334587 7.310613 1
2.269654 6.706133 1
1.812431 5.456323 2
1.458034 5.570761 1
1.319570 5.547248 1
1.372863 5.437885 2
0.920541 7.459746 1
3.090335 6.712043 1
1.396366 7.460019 1
1.976478 7.746914 1
2.709536 7.054564 1
2.821318 7.035058 1
1.632814 5.711406 1
1.260954 5.351810 2
1.021153 7.292825 1
0.683349 7.644981 1
1.288095 7.776429 1
0.849335 6.431480 1
2.686038 7.749208 1
1.429399 8.087277 2
0.831033 6.551325 1
1.236438 6.883706 1
0.821548 5.858727 2
0.605128 6.093863 2
2.208205 6.496840 1
2.723051 7.266156 1
1.164663 6.531327 1
1.860227 6.496627 1
2.974607 6.528362 1
1.451279 7.567094 1
0.352246 6.389323 1
2.684746 7.162374 1
1.542193 6.684094 1
2.870167 6.466660 1
0.215323 6.379928 2
0.286639 6.485198 1
0.145565 6.498655 2
0.201777 6.955204 1
0.241448 6.843279 1
1.644509 6.699808 1
3.182489 7.548820 2
1.456548 7.228272 1
1.516216 7.100515 1
3.064560 6.175085 2
1.147493 5.921739 1
1.598852 5.928372 1
1.977435 7.641033 1
1.708726 5.785487 1
2.021545 6.303704 1
3.219912 7.099728 2
1.226046 6.755610 1
1.420698 7.120935 1
0.506783 7.991428 2
1.071071 6.610753 1
1.128930 6.714970 1
2.676126 6.621308 1
2.110897 7.181079 1
0.923397 8.056890 1
1.996131 7.145063 1
2.043949 5.901158 1
3.075473 6.590240 1
0.084081 6.578643 2
2.336846 7.907362 2
1.575904 7.604143 1
1.642432 7.990613 2
2.275002 6.571133 1
1.049190 7.700259 1
0.935367 6.645044 1
1.750976 8.080727 2
0.418895 6.471860 1
2.761153 6.941907 1
3.316807 6.787547 1
3.277499 6.994697 2
0.311214 6.299680 2
3.414002 6.824035 2
2.559854 7.907807 2
3.170548 6.517179 1
0.000000 6.944445 0
0.093535 6.987447 1
1.703635 7.898520 1
1.824299 6.803420 1
1.031805 7.484908 1
1.056095 7.595831 1
3.256470 6.430376 1
2.138969 6.287920 1
1.888285 6.699817 1
1.765391 6.700409 1
1.363342 7.185035 1
0.981706 7.387838 1
0.857799 7.383876 1
3.008007 7.820422 1
2.898241 7.744026 1
1.842852 7.773014 1
1.878363 7.667325 1
0.575413 6.917888 1
1.811099 7.010266 1
1.823849 6.603411 1
1.556930 5.627866 1
2.911109 7.846158 2
1.782536 7.690072 1
3.018186 7.962210 2
1.164038 5.815179 1
2.733116 6.724302 1
1.654394 5.613462 1
1.623212 7.089769 1
1.919563 7.564223 1
3.369663 6.458298 2
1.962033 6.206042 1
 0 1 2
 2 1 3
 4 5 6
 7 8 9
 10 11 12
 13 14 15
 16 17 18
 19 20 21
 21 20 22
 18 17 23
 24 25 26
 27 28 29
 8 30 9
 31 32 33
 31 34 32
 35 36 37
 38 39 0
 40 0 39
 41 42 43
 44 43 42
 45 46 47
 48 47 46
 30 49 9
 50 51 52
 53 52 51
 54 55 56
 57 58 59
 60 59 58
 61 62 63
 64 65 66
 28 1 29
 67 68 69
 70 25 24
 71 72 73
 74 75 76
 3 77 49
 78 79 80
 81 70 82
 64 83 65
 77 9 49
 84 76 75
 85 79 86
 78 86 79
 87 88 89
 35 37 90
 85 91 79
 40 1 0
 92 71 73
 93 94 95
 96 97 98
 48 99 100
 101 67 69
 102 103 104
 32 104 103
 105 106 107
 54 56 108
 91 109 110
 3 49 111
 112 91 110
 113 114 115
 116 58 117
 118 117 58
 48 100 119
 120 121 122
 123 124 83
 125 79 126
 127 128 129
 85 130 131
 132 133 134
 135 136 137
 62 138 63
 139 123 83
 44 42 140
 141 142 143
 132 144 133
 145 56 55
 146 147 148
 149 69 68
 81 82 150
 87 151 88
 152 153 154
 146 148 155
 156 157 142
 158 142 157
 105 88 159
 160 161 162
 26 162 161
 163 164 165
 127 166 128
 4 167 168
 163 169 164
 170 25 70
 171 172 173
 112 174 126
 105 107 89
 175 176 177
 97 178 98
 176 179 177
 180 65 83
 181 182 183
 4 168 5
 184 185 186
 187 186 185
 152 188 153
 189 126 174
 64 139 83
 41 190 42
 191 192 193
 10 194 11
 193 192 195
 78 77 27
 196 71 197
 198 197 71
 105 89 88
 125 80 79
 48 199 99
 154 200 152
 52 200 154
 113 131 114
 184 114 131
 96 147 97
 93 201 94
 202 203 204
 205 204 203
 37 36 206
 207 208 209
 207 209 165
 210 122 121
 211 212 213
 214 173 172
 54 108 215
 216 217 218
 205 203 219
 142 220 143
 221 222 223
 64 66 224
 225 226 227
 135 228 229
 53 230 52
 231 108 56
 54 171 173
 85 131 109
 232 222 233
 234 235 236
 40 237 1
 238 239 240
 241 240 239
 242 243 244
 141 245 246
 247 248 249
 250 249 248
 132 251 144
 247 144 251
 252 253 254
 255 256 257
 258 259 150
 260 261 262
 3 28 77
 78 9 77
 263 233 222
 105 159 264
 210 265 266
 267 266 265
 252 254 157
 20 268 269
 234 224 270
 29 1 237
 271 39 272
 112 126 91
 160 159 88
 48 46 273
 20 19 268
 231 274 108
 275 108 274
 40 276 212
 277 278 279
 264 280 281
 146 206 36
 141 246 282
 32 103 33
 29 86 27
 78 27 86
 50 119 51
 261 283 262
 116 117 278
 284 278 117
 285 286 287
 288 287 286
 289 290 291
 40 212 292
 196 217 72
 216 72 217
 82 258 150
 293 291 294
 78 80 295
 38 272 39
 293 294 296
 275 297 108
 277 298 278
 216 73 72
 293 177 179
 247 249 299
 135 300 228
 92 273 301
 241 302 303
 46 301 273
 304 154 153
 305 289 291
 111 236 235
 306 7 307
 308 307 7
 211 309 212
 184 310 114
 191 311 192
 311 271 192
 312 313 199
 241 239 302
 314 153 188
 181 315 182
 99 22 100
 100 22 20
 93 95 316
 158 220 142
 101 317 67
 3 111 235
 308 7 295
 304 318 319
 45 320 46
 313 321 199
 322 323 155
 324 325 326
 207 327 190
 267 186 266
 328 134 133
 329 330 331
 256 332 257
 57 177 333
 293 333 177
 324 326 11
 334 335 336
 61 336 335
 337 322 155
 187 227 226
 79 91 126
 156 338 339
 60 107 106
 340 341 342
 190 327 343
 234 270 235
 344 143 345
 346 144 347
 348 280 264
 156 349 338
 10 320 194
 50 47 119
 321 350 199
 221 351 222
 102 352 103
 149 272 353
 48 273 312
 38 354 286
 163 233 169
 355 356 22
 357 281 280
 203 358 359
 360 359 358
 356 21 22
 38 0 361
 50 52 319
 156 142 282
 141 282 142
 284 98 178
 184 131 130
 202 165 164
 362 303 51
 324 11 194
 187 363 227
 116 107 58
 92 301 71
 217 364 218
 160 365 159
 366 367 368
 87 298 369
 255 164 169
 127 150 259
 370 67 371
 372 139 373
 374 375 137
 314 137 375
 360 376 377
 145 55 378
 379 378 55
 37 380 381
 231 381 380
 60 58 107
 234 382 224
 360 383 376
 232 223 222
 148 291 290
 277 261 332
 260 332 261
 202 384 203
 385 386 366
 387 366 386
 242 25 243
 360 358 257
 149 353 388
 389 31 33
 62 389 33
 181 246 245
 247 299 144
 304 319 154
 187 266 186
 306 390 7
 187 185 363
 225 227 391
 48 312 199
 392 393 394
 395 394 393
 340 342 396
 57 397 177
 57 333 58
 118 58 333
 334 364 217
 163 398 233
 271 272 399
 241 268 240
 160 88 151
 400 326 325
 304 153 401
 392 139 393
 64 393 139
 401 402 403
 153 402 401
 66 270 224
 404 369 298
 284 279 278
 187 405 266
 232 398 406
 372 406 398
 340 248 407
 360 257 383
 372 373 406
 408 409 130
 184 130 409
 304 410 318
 379 219 378
 403 375 411
 407 248 251
 242 162 25
 255 412 256
 95 94 274
 275 274 94
 212 311 213
 111 49 342
 30 342 49
 87 89 413
 374 411 375
 40 39 276
 221 414 161
 26 161 414
 61 389 62
 195 23 17
 141 415 245
 214 245 415
 99 199 350
 67 317 371
 97 147 36
 240 268 368
 288 286 354
 392 373 139
 362 119 100
 329 307 416
 170 70 417
 362 269 303
 214 418 173
 202 419 165
 207 165 419
 252 420 229
 184 409 185
 81 417 70
 346 133 144
 156 246 349
 421 349 246
 170 243 25
 370 422 67
 385 366 368
 156 282 246
 85 423 130
 321 313 317
 424 368 367
 321 317 425
 421 246 183
 181 183 246
 16 18 218
 370 218 18
 87 413 278
 360 377 378
 231 56 381
 187 226 405
 314 402 153
 87 278 298
 38 286 353
 203 359 219
 225 426 226
 158 239 220
 7 9 295
 30 396 342
 427 406 373
 182 315 428
 149 399 272
 116 278 413
 255 169 412
 408 130 429
 42 343 430
 362 100 269
 20 269 100
 271 399 192
 360 378 359
 62 431 138
 432 433 434
 275 434 433
 435 316 436
 238 345 143
 42 430 437
 255 384 164
 112 110 438
 225 138 431
 372 123 139
 344 415 143
 124 439 440
 32 34 441
 442 254 253
 145 378 377
 26 25 162
 113 109 131
 81 150 129
 45 443 318
 427 258 223
 362 51 119
 146 155 323
 340 444 341
 285 388 286
 57 59 397
 210 266 405
 3 1 28
 263 169 233
 145 381 56
 45 318 445
 148 147 294
 255 358 384
 308 416 307
 16 218 364
 38 361 354
 446 317 313
 271 276 39
 114 310 447
 448 366 327
 387 327 366
 376 262 90
 35 90 262
 113 110 109
 449 440 439
 267 310 186
 95 436 316
 357 450 106
 53 51 303
 372 398 439
 424 367 451
 221 223 258
 101 425 317
 60 450 59
 451 367 452
 146 36 147
 96 294 147
 277 279 261
 184 186 310
 453 213 193
 191 193 213
 267 447 310
 52 230 200
 85 86 423
 238 143 220
 454 235 270
 61 63 17
 195 17 63
 232 233 398
 159 455 264
 97 36 283
 35 283 36
 288 456 65
 156 339 157
 252 157 339
 210 405 122
 379 173 418
 198 71 457
 348 455 244
 196 72 71
 458 122 405
 275 459 434
 250 460 249
 45 47 443
 21 386 19
 355 350 425
 263 412 169
 348 264 455
 392 166 461
 81 129 462
 45 194 320
 260 257 332
 463 192 399
 160 162 365
 35 262 283
 46 320 301
 458 405 226
 221 161 351
 321 425 350
 435 206 323
 146 323 206
 160 464 161
 238 240 345
 424 345 240
 448 327 419
 207 419 327
 31 389 335
 29 423 86
 13 15 325
 158 157 254
 38 353 272
 395 224 382
 379 465 219
 116 413 107
 89 107 413
 250 396 8
 328 466 462
 66 65 456
 467 428 315
 10 301 320
 324 194 445
 37 381 90
 61 335 389
 85 109 91
 50 443 47
 392 394 166
 250 8 390
 408 237 292
 324 445 410
 242 244 455
 392 461 373
 77 28 27
 48 119 47
 82 70 24
 211 363 468
 210 469 265
 214 415 418
 181 171 315
 395 393 224
 64 224 393
 159 365 455
 453 63 138
 275 94 459
 267 265 470
 182 428 471
 472 265 469
 275 433 297
 329 331 473
 387 343 327
 467 171 215
 54 215 171
 454 2 235
 120 122 474
 163 165 209
 379 418 465
 82 414 258
 221 258 414
 53 303 302
 52 154 319
 475 93 316
 458 226 426
 408 292 309
 293 179 291
 305 291 179
 442 230 254
 158 254 230
 250 248 396
 340 396 248
 255 257 358
 203 384 358
 427 373 461
 341 382 236
 322 476 323
 454 354 361
 202 204 419
 448 419 204
 185 468 363
 127 461 166
 338 420 339
 87 369 151
 16 336 17
 242 455 365
 322 475 476
 374 137 136
 118 296 98
 449 209 208
 191 213 311
 158 302 239
 306 460 390
 241 269 268
 61 17 336
 329 473 307
 241 303 269
 344 345 451
 424 451 345
 127 129 150
 128 477 129
 44 478 287
 285 287 478
 403 14 401
 318 410 445
 250 390 460
 71 301 457
 195 192 23
 263 222 479
 480 479 222
 463 23 192
 120 474 481
 135 137 300
 446 371 317
 467 315 171
 181 172 171
 41 208 190
 216 218 482
 370 482 218
 454 361 2
 158 230 302
 53 302 230
 285 478 483
 484 483 478
 148 294 291
 385 268 19
 293 296 333
 118 333 296
 105 264 281
 341 236 342
 163 485 398
 96 98 296
 285 483 69
 50 319 443
 318 443 319
 256 486 487
 189 488 489
 54 173 55
 379 55 173
 176 305 179
 202 164 384
 238 220 239
 84 174 438
 112 438 174
 132 490 407
 491 407 490
 145 492 381
 472 469 121
 180 43 493
 260 383 257
 125 126 489
 189 489 126
 480 222 351
 102 168 481
 167 481 168
 234 236 382
 10 457 301
 442 200 230
 210 121 469
 101 69 483
 344 451 465
 205 465 451
 44 493 43
 378 219 359
 435 323 476
 398 485 439
 448 367 366
 101 483 494
 424 240 368
 29 237 429
 304 401 495
 205 219 465
 125 489 330
 496 330 489
 41 440 208
 267 470 447
 128 166 497
 496 488 498
 74 498 488
 228 188 499
 66 456 270
 454 270 456
 141 143 415
 288 354 456
 125 416 80
 308 80 416
 453 193 63
 195 63 193
 242 365 162
 308 295 80
 463 399 68
 458 474 122
 252 339 420
 334 336 364
 288 493 287
 314 300 137
 3 235 2
 285 69 388
 408 429 237
 96 296 294
 289 337 290
 432 428 433
 480 151 369
 101 494 425
 207 190 208
 149 68 399
 45 445 194
 102 474 352
 385 368 268
 211 468 309
 13 401 14
 212 309 292
 44 140 478
 118 98 117
 304 495 410
 484 140 437
 496 489 488
 288 65 493
 113 115 110
 67 422 68
 463 68 422
 130 423 429
 211 500 363
 40 292 237
 149 388 69
 404 487 486
 448 204 452
 205 452 204
 344 418 415
 44 287 493
 160 151 464
 247 251 248
 125 330 416
 329 416 330
 166 394 497
 484 478 140
 463 18 23
 324 410 501
 256 412 486
 387 430 343
 180 493 65
 42 437 140
 340 407 444
 277 332 487
 256 487 332
 463 422 18
 370 18 422
 480 464 151
 205 451 452
 16 364 336
 111 342 236
 344 465 418
 427 259 258
 454 456 354
 467 433 428
 228 300 188
 41 43 502
 180 502 43
 60 106 450
 227 363 500
 427 223 406
 467 297 433
 284 117 98
 403 402 375
 355 22 350
 427 461 259
 432 471 428
 225 391 138
 124 123 439
 372 439 123
 286 388 353
 446 73 482
 449 208 440
 42 190 343
 29 429 423
 395 503 394
 491 394 503
 13 495 401
 435 436 380
 152 499 188
 435 380 206
 37 206 380
 102 481 474
 376 383 262
 277 487 298
 404 298 487
 201 459 94
 62 33 431
 120 481 504
 167 504 481
 480 351 464
 161 464 351
 355 494 356
 484 356 494
 314 375 402
 82 24 414
 26 414 24
 103 426 431
 225 431 426
 328 462 477
 129 477 462
 484 437 356
 21 356 437
 0 2 361
 491 497 394
 435 476 316
 78 295 9
 189 75 488
 484 494 483
 337 155 290
 491 444 407
 385 19 386
 232 406 223
 449 439 485
 453 138 391
 21 437 430
 105 281 106
 216 482 73
 132 407 251
 408 309 468
 211 213 500
 30 8 396
 99 350 22
 5 104 441
 32 441 104
 453 500 213
 306 307 473
 357 106 281
 189 174 75
 84 75 174
 95 274 436
 231 436 274
 148 290 155
 480 369 479
 446 482 371
 400 325 15
 103 431 33
 475 316 476
 442 499 200
 152 200 499
 180 83 502
 124 502 83
 21 430 386
 102 104 168
 5 168 104
 404 479 369
 124 440 502
 387 386 430
 260 262 383
 144 299 347
 92 505 273
 312 273 505
 355 425 494
 181 245 172
 214 172 245
 376 492 377
 145 377 492
 346 466 133
 252 229 253
 228 253 229
 324 501 325
 13 325 501
 127 259 461
 467 215 297
 108 297 215
 97 283 178
 261 178 283
 376 90 492
 381 492 90
 314 188 300
 341 503 382
 395 382 503
 458 352 474
 370 371 482
 408 468 409
 448 452 367
 132 134 490
 128 490 134
 453 391 500
 446 505 73
 92 73 505
 7 390 8
 328 133 466
 185 409 468
 263 486 412
 446 313 505
 312 505 313
 410 495 501
 263 479 486
 404 486 479
 442 253 499
 228 499 253
 231 380 436
 103 352 426
 458 426 352
 261 279 178
 284 178 279
 128 134 477
 212 276 311
 271 311 276
 128 497 490
 5 441 6
 227 500 391
 74 488 75
 41 502 440
 491 503 444
 10 12 457
 198 457 12
 491 490 497
 328 477 134
 449 485 209
 341 444 503
 13 501 495
 163 209 485
 0
 0
 0
 0
 0
 0
 0
 0
 0
 0
 22
 135 421 403 374 432 400 182 338 11 411 434 326 420 471 183 136 349 14 229 15 12 459
 27
 348 170 306 74 81 357 346 496 76 177 59 249 243 244 417 498 280 460 462 330 473 347 466 450 397 331 299
 1
 76
 26
 334 31 196 4 472 120 84 198 167 114 217 76 335 265 121 34 438 447 110 115 504 470 441 197 6 12
 0
