517 938
6.324848 6.482803 1
6.340768 6.646847 1
6.250611 6.565264 1
6.801157 9.515192 1
6.687997 9.444273 1
6.839583 9.404687 1
6.547130 9.231997 1
6.642835 9.095756 1
6.670410 9.223898 1
6.759707 9.315547 1
6.025010 7.132655 1
5.983438 7.024341 1
6.124147 7.063564 1
6.063959 6.945081 1
6.336443 7.604251 1
6.425355 7.527565 1
6.428321 7.684815 1
6.523942 7.618282 1
7.196783 8.586221 1
7.200417 8.693474 1
7.050214 8.601746 1
6.485560 9.116166 1
6.434163 6.527350 1
7.098999 8.730274 1
6.244118 7.184323 1
6.266187 7.027318 1
6.347591 7.127566 1
5.725996 8.491804 2
5.840215 8.416333 1
5.846289 8.591111 2
5.982413 8.487105 2
6.985586 7.796449 1
6.940618 7.663868 1
7.081625 7.688628 1
7.047115 7.545722 1
6.144520 8.261088 1
6.017505 8.310702 1
6.014330 8.187575 1
5.899400 8.271502 1
5.996070 7.736128 1
5.958368 7.915096 1
5.865686 7.811341 1
6.783435 9.018176 1
6.778850 9.177019 1
7.331566 6.341513 1
7.210431 6.242014 3
7.370585 6.231817 2
6.362182 7.384542 1
6.409706 7.225019 1
6.497157 7.378639 1
7.275660 8.213222 1
7.137843 8.159833 1
7.227174 8.086565 1
6.686429 8.234365 1
6.638235 8.363351 1
6.535256 8.299313 1
6.993425 6.836701 1
7.114738 6.939888 1
6.971315 7.008838 1
6.296477 6.291746 2
6.178900 6.299035 1
6.199009 6.150740 2
6.567698 8.175380 1
6.515550 7.910473 1
6.624644 7.818213 1
6.686428 7.967595 1
6.462371 6.286243 2
6.550437 6.430156 1
6.375656 6.392724 1
7.144457 7.206719 1
7.307000 7.237937 1
7.226987 7.311540 1
5.838173 7.692947 1
6.646036 8.522911 1
6.661362 8.674201 1
6.551526 8.651682 1
7.265111 7.137614 1
5.571858 7.994799 1
5.702821 7.933967 1
5.684880 8.078018 1
6.126753 7.757062 1
6.265494 7.724443 1
6.192368 7.834031 1
6.522646 8.522436 1
7.193438 8.308837 1
6.673309 9.597209 1
6.560266 9.486866 2
5.602718 6.699167 1
5.685526 6.823863 1
5.533053 6.801820 1
6.232662 6.425375 1
6.344052 9.144920 2
6.398485 9.020336 1
6.805555 10.000000 0
6.669086 9.877488 1
6.780723 9.831198 1
6.036715 7.571488 1
6.139481 7.641781 1
6.090784 7.860630 1
6.572844 8.041079 1
6.551444 8.971073 1
5.385935 6.762380 2
5.444646 6.913848 1
5.285058 6.963790 1
5.303810 6.851843 1
5.664499 7.207910 1
5.646004 7.361714 1
5.534051 7.227073 1
5.494450 7.360512 1
5.749829 6.701849 1
7.017651 7.162090 1
7.078317 7.069114 1
6.086353 6.241210 2
6.555438 9.633027 2
6.406180 9.252308 2
7.227332 6.377385 1
6.528897 7.259480 1
6.713991 8.770042 1
6.679886 8.911281 1
6.559259 8.790221 1
7.203186 8.425324 1
7.341808 8.373205 1
6.290893 6.904168 1
6.397560 6.995712 1
6.405883 6.864030 1
5.928920 7.612831 1
5.534955 8.410294 1
5.448535 8.493784 2
5.455002 8.323562 2
5.205322 6.783471 2
5.204967 6.904642 1
5.076235 6.911542 2
6.911581 7.128113 1
7.135184 9.459273 1
7.014851 9.497261 1
7.063276 9.350357 1
6.750058 7.850803 1
6.952539 9.398787 1
5.724779 7.792501 1
5.813758 7.908040 1
5.087629 7.126500 1
5.238856 7.112688 1
5.122115 7.262406 1
5.279744 7.252313 1
6.862116 6.880311 1
7.499422 8.836214 1
7.567285 8.700944 2
7.614100 8.825500 2
6.677935 6.532219 1
6.720660 6.397946 2
6.806112 6.512841 1
4.834458 7.281233 1
4.974308 7.230979 1
4.991446 7.348893 1
5.115304 7.631296 2
5.248849 7.594256 1
5.241812 7.726308 1
5.830169 8.029728 1
7.777778 10.000000 0
7.638889 10.000000 0
7.724136 9.844862 2
4.900292 7.423846 1
7.569445 9.905751 1
5.125394 7.766198 2
6.098043 7.995399 1
5.970793 8.053564 1
5.374543 7.049115 1
7.084967 8.269139 1
5.942912 7.503657 1
5.844851 7.405440 1
5.952569 7.343401 1
7.204169 7.596014 1
5.568016 7.505361 1
5.421016 7.473299 1
7.380812 9.350439 1
7.468836 9.518209 1
7.334869 9.455361 1
7.493327 9.372643 1
7.158516 9.235254 1
7.226109 9.365529 1
6.840674 6.409237 2
6.696742 7.478108 1
6.654553 7.582757 1
6.600378 7.433842 1
5.663185 8.228879 1
5.791213 8.162083 1
6.542108 7.522443 1
6.755052 6.772868 1
6.775290 6.640496 1
6.890939 6.756567 1
6.811966 9.642995 1
6.175334 6.712549 1
6.899935 9.120657 1
5.582434 7.111613 1
5.730698 7.082888 1
6.036983 7.427572 1
7.410687 9.658910 1
7.521936 9.691813 1
5.722375 7.494719 1
5.690073 7.627812 1
6.666667 10.000000 0
5.553058 7.626899 1
6.894502 8.629272 1
6.754989 8.622025 1
6.789530 8.518266 1
5.878323 6.748794 1
6.016706 6.747408 1
5.954902 6.877563 1
6.628255 6.795046 1
6.654490 6.668553 1
7.430632 7.238840 2
7.408843 7.126603 1
7.552121 7.134439 3
5.848434 6.998054 1
5.808165 6.849018 1
6.095220 6.845009 1
6.902410 8.501462 1
7.591715 9.599132 1
7.460124 9.079474 1
7.479390 9.224616 2
7.369483 9.136706 1
5.725727 6.942658 1
6.579016 7.137706 1
6.660239 7.031088 1
6.706936 7.148492 1
7.358087 8.091799 2
6.979998 8.732032 1
7.190681 7.054890 1
6.812208 7.044554 1
7.452580 8.715000 1
6.415514 8.787515 1
6.440328 8.675400 1
6.111039 8.111499 1
5.989936 6.513116 1
6.079998 6.386104 1
6.131536 6.546044 1
6.396385 8.457839 1
6.343915 8.611896 1
6.266117 8.525078 1
5.592066 7.860765 1
6.900599 6.621822 1
6.979423 6.705133 1
7.119430 6.782479 1
5.946052 6.642387 1
7.078156 6.658418 1
7.380548 7.964545 2
7.269433 7.976513 1
6.802744 7.636057 1
6.841384 7.754109 1
6.460231 6.637274 1
6.265505 9.053463 2
7.158202 7.461568 1
6.990125 7.435170 1
7.130754 7.349192 1
5.097023 7.394842 1
7.201718 7.753582 1
7.292130 7.686495 1
6.308508 6.782358 1
6.882695 7.457458 1
6.758337 7.389542 1
6.906394 7.355773 1
7.006534 8.433873 1
7.028942 8.053897 1
6.919601 8.113318 1
6.924795 7.945973 1
6.806640 8.055938 1
7.361111 10.000000 0
7.296700 9.920088 1
7.432374 9.886025 1
6.387387 8.152041 1
6.332718 8.297338 1
6.266655 8.219926 1
6.453265 8.234514 1
6.475371 8.127416 1
5.626664 7.003680 1
7.042936 6.486008 1
6.936630 6.474407 2
7.051257 6.380390 2
7.574777 9.791536 1
7.408272 9.765462 1
6.901500 8.367714 1
7.266487 8.507080 1
7.559837 9.099396 2
7.500000 10.000000 0
6.808378 8.875128 1
6.901810 8.967202 1
7.121701 8.888822 1
7.252378 8.899221 1
7.108465 9.000947 1
7.547746 6.456608 2
7.514866 6.585629 1
7.421852 6.461104 1
7.396502 6.566244 1
7.451444 6.685929 1
7.303811 6.638126 1
4.821928 7.549235 2
4.770649 7.392766 2
6.784105 7.514131 1
6.225852 8.136789 1
6.304467 8.089989 1
7.584832 9.331422 2
7.660341 9.421269 2
7.579844 9.484646 1
7.139313 6.342252 2
4.856603 7.145395 1
7.220484 9.031564 1
6.443992 8.575473 1
6.882627 9.886447 1
6.430508 8.018143 1
7.004992 9.053137 1
7.022418 9.191932 1
5.229473 7.854873 2
5.368001 7.803230 1
5.325183 7.953028 2
6.303124 8.424181 1
7.271050 9.722310 1
7.253049 9.606718 1
6.830453 7.287535 1
7.083333 10.000000 0
7.079720 9.858798 1
7.202360 9.863933 1
5.342384 7.156353 1
6.232851 8.354238 1
6.092814 8.423142 1
7.656583 9.697560 2
5.554943 8.137086 1
5.906887 8.149755 1
6.158843 7.484761 1
6.214417 7.341128 1
6.287699 7.489812 1
7.222222 10.000000 0
7.327610 7.829855 2
6.065762 6.644947 1
6.916779 9.288080 1
7.154130 9.733686 1
7.124003 9.594628 1
6.488848 6.925975 1
5.281466 7.474548 1
5.354449 7.365193 1
7.719052 9.561968 2
6.618821 6.336739 2
5.020481 7.500053 1
6.862159 7.857463 1
7.346310 6.753424 1
7.058541 7.923673 1
7.376606 9.243668 1
6.138964 8.533108 1
6.067565 8.626242 2
4.872307 7.020385 2
4.921848 6.875056 2
5.001524 7.020991 1
7.329925 8.650030 1
7.355088 9.564360 1
6.817110 8.413960 1
7.451898 6.332393 2
7.102448 7.810996 1
6.909560 7.540865 1
7.384907 8.518030 1
6.552126 6.569087 1
6.538285 6.701602 1
6.624095 9.338402 1
6.492596 9.347685 2
6.817706 7.185980 1
5.884179 7.129126 1
6.233740 7.586770 1
6.203375 6.835410 1
7.041790 9.729144 1
5.449233 7.590049 1
6.395429 7.818680 1
6.379520 7.921695 1
7.482370 8.449934 2
4.921330 7.526054 1
5.774346 8.272356 1
4.715678 7.142967 2
6.173964 6.936758 1
7.316314 9.819341 1
4.963239 7.116050 1
6.808969 7.939981 1
7.024794 7.314281 1
6.311791 7.282618 1
6.297576 8.948071 2
6.219924 8.820246 2
6.336432 8.839258 1
7.004952 9.625604 1
5.778982 7.195742 1
5.513087 7.016447 1
5.599947 6.895392 1
6.124454 7.204599 1
6.780162 8.311740 1
6.631719 7.227518 1
6.070055 7.308872 1
6.922612 7.239156 1
6.706133 7.730347 1
6.730762 8.424308 1
5.209591 7.373124 1
7.515350 8.324350 2
7.409687 8.238256 2
5.830730 7.559935 1
6.722287 6.909847 1
5.775057 6.563979 1
5.705297 6.482441 2
5.842587 6.430380 2
6.201482 8.650692 2
6.324863 8.732353 1
5.713191 8.365657 1
4.942622 7.631082 2
7.389845 8.909194 1
7.382853 8.800762 1
7.404126 7.691044 2
7.606037 8.950572 2
7.479389 8.979532 1
7.277528 8.773541 1
5.154410 7.012564 1
7.460085 8.602646 2
6.441116 8.889874 1
5.493474 7.799499 1
5.460635 7.695292 1
6.723753 9.719796 1
6.604926 9.764725 1
7.130146 9.110865 1
7.266002 9.152352 1
5.462663 7.912985 1
5.983962 7.228858 1
5.344021 7.672044 1
6.494907 7.791564 1
5.958299 8.386499 1
7.457831 7.028260 2
6.953569 9.795262 1
6.845856 9.760732 1
7.346021 9.026924 1
6.842145 8.742575 1
5.425395 8.066589 2
7.420647 6.829785 1
7.547463 6.782708 2
7.499552 6.909820 2
5.348897 7.561344 1
4.698600 7.260993 3
7.123057 8.487046 1
5.864811 7.265457 1
5.756623 7.304313 1
7.003452 6.582570 1
6.533076 7.023215 1
7.201639 6.555224 1
7.141817 6.454616 1
7.288534 6.484237 1
6.929001 8.841491 1
6.465974 7.128116 1
6.205282 8.463008 1
6.498373 9.849589 2
6.485882 9.713652 2
7.307018 7.490772 1
5.881123 6.555159 1
6.532987 8.414411 1
7.256520 6.959765 1
5.477098 6.708196 2
6.303704 7.978455 1
6.594790 6.921363 1
7.276907 9.262949 1
6.621301 7.323880 1
7.236239 9.498988 1
5.544349 8.245235 1
7.181079 7.889103 1
5.585395 7.733250 1
7.146385 8.006252 1
5.960152 6.379493 1
5.895851 6.288805 3
6.578643 9.915918 1
6.122543 7.390570 1
6.910433 9.478945 1
5.162119 7.494687 1
6.571133 7.724998 1
6.690825 8.109853 1
7.180607 6.662320 1
7.334547 7.043273 1
7.056210 8.818560 1
7.358154 7.360455 2
7.413948 7.496979 2
7.622010 6.659157 2
7.020594 8.927916 1
5.743260 7.394180 1
5.447165 8.199057 2
6.427768 6.742944 1
7.343606 7.591983 2
5.402276 7.244334 1
4.776282 7.054303 2
5.846077 6.642434 1
6.944445 10.000000 0
5.450286 7.125034 1
6.422322 8.355339 1
5.994973 6.290595 2
6.512930 6.825555 1
7.209267 6.859083 1
6.987856 9.906951 1
5.533744 6.581156 2
7.246343 6.760936 1
7.250477 7.403278 1
5.591185 8.333581 1
6.907895 9.580243 1
7.000827 8.307480 1
6.901956 8.237766 1
6.800545 8.175446 1
6.289138 7.868203 1
6.527778 10.000000 0
7.010829 8.189888 1
7.105238 6.561436 1
5.606541 8.533944 2
5.660082 6.583299 2
7.309304 6.852346 1
5.636427 8.427858 1
7.178983 8.806170 1
7.377767 6.940284 1
6.922500 9.688689 1
6.725146 7.264184 1
7.102002 8.371950 1
6.198315 7.931916 1
6.212695 8.034580 1
7.609828 6.534926 2
 0 1 2
 3 4 5
 6 7 8
 4 9 5
 10 11 12
 11 13 12
 14 15 16
 16 15 17
 18 19 20
 21 7 6
 22 1 0
 19 23 20
 24 25 26
 24 12 25
 27 28 29
 30 29 28
 31 32 33
 34 33 32
 35 36 37
 38 37 36
 39 40 41
 42 43 7
 44 45 46
 47 48 49
 50 51 52
 53 54 55
 56 57 58
 59 60 61
 53 55 62
 63 64 65
 66 67 68
 22 68 67
 69 70 71
 39 41 72
 73 74 75
 76 70 69
 77 78 79
 80 81 82
 73 75 83
 50 84 51
 4 85 86
 87 88 89
 90 59 68
 91 92 21
 93 94 95
 39 96 97
 39 98 40
 99 63 65
 100 7 21
 101 89 102
 103 104 102
 101 102 104
 105 106 107
 108 107 106
 87 109 88
 110 58 111
 97 81 80
 112 61 60
 85 113 86
 91 21 114
 44 115 45
 48 116 49
 117 118 119
 120 84 121
 25 122 123
 124 123 122
 39 125 96
 126 127 128
 129 130 131
 132 58 110
 133 134 135
 136 65 64
 134 137 135
 138 72 41
 138 139 78
 140 141 142
 143 142 141
 56 58 144
 145 146 147
 138 41 139
 148 149 150
 151 152 153
 154 155 156
 157 79 78
 117 119 74
 158 159 160
 151 153 161
 159 162 160
 154 156 163
 164 165 40
 103 102 166
 167 51 84
 168 169 170
 34 171 33
 101 104 129
 108 172 173
 50 121 84
 174 175 176
 177 175 174
 178 179 135
 133 135 179
 180 150 149
 181 182 183
 184 79 185
 183 182 186
 187 188 189
 4 3 85
 190 85 3
 191 2 1
 42 192 43
 105 193 194
 66 68 59
 168 170 195
 196 175 197
 198 199 172
 93 200 94
 201 172 199
 140 142 152
 202 203 204
 205 206 207
 90 60 59
 187 208 209
 210 211 212
 213 214 207
 13 207 215
 202 204 216
 217 197 175
 206 215 207
 138 199 72
 218 219 220
 213 221 214
 222 223 224
 50 52 225
 23 226 20
 76 69 227
 205 214 109
 88 109 214
 75 74 119
 100 119 118
 228 58 132
 229 146 145
 108 106 172
 230 231 119
 75 119 231
 164 232 165
 100 21 92
 233 234 235
 90 235 234
 236 237 238
 77 239 78
 202 20 226
 152 142 153
 37 165 232
 8 7 43
 111 58 57
 240 189 188
 157 139 40
 157 40 165
 241 242 56
 205 243 206
 244 242 241
 245 225 246
 247 32 248
 22 249 1
 39 80 98
 91 250 92
 164 40 98
 35 37 232
 251 252 253
 39 72 125
 254 153 142
 33 171 255
 255 171 256
 25 123 26
 103 166 141
 191 1 257
 258 259 260
 202 216 20
 261 20 216
 262 263 264
 265 264 263
 266 267 268
 269 270 271
 62 272 273
 274 194 193
 275 276 277
 278 268 279
 31 248 32
 278 279 197
 269 272 270
 278 160 162
 261 216 280
 120 121 281
 218 282 219
 283 266 268
 42 284 285
 286 287 288
 289 290 291
 111 227 69
 292 293 294
 295 296 161
 297 247 182
 181 297 182
 298 299 271
 300 301 302
 303 45 115
 151 304 152
 34 252 251
 288 287 305
 177 300 302
 236 306 237
 93 95 307
 99 308 63
 191 215 206
 309 310 192
 311 312 313
 236 238 314
 196 315 316
 317 260 259
 299 269 271
 318 319 320
 39 97 80
 141 166 321
 35 322 323
 148 67 149
 34 251 171
 21 6 114
 278 324 160
 184 325 79
 38 326 37
 327 328 329
 47 329 328
 269 273 272
 330 318 320
 228 224 223
 245 246 331
 233 332 243
 333 9 43
 334 335 316
 124 336 123
 35 323 36
 337 338 173
 108 173 338
 301 339 302
 333 43 192
 233 235 332
 334 315 320
 73 203 74
 66 340 67
 161 153 341
 136 248 342
 293 343 294
 35 232 298
 31 344 264
 345 220 219
 346 347 30
 323 346 30
 348 349 350
 131 350 349
 18 281 351
 100 118 7
 42 7 118
 196 316 352
 353 280 216
 44 46 354
 31 33 355
 34 356 252
 357 351 281
 148 358 67
 22 67 358
 359 209 208
 254 341 153
 4 86 360
 361 360 86
 157 185 79
 228 362 224
 309 192 285
 42 285 192
 213 363 194
 97 364 81
 191 365 215
 334 366 335
 201 367 172
 173 172 367
 368 63 369
 187 209 188
 357 121 370
 295 161 371
 184 185 372
 151 373 304
 13 374 12
 375 268 267
 357 281 121
 348 376 304
 375 320 315
 136 342 377
 378 110 69
 379 24 26
 48 379 26
 380 381 382
 383 335 366
 194 363 384
 274 385 386
 24 328 387
 90 68 0
 53 388 54
 348 350 376
 228 144 58
 228 132 362
 222 224 389
 334 316 315
 217 302 339
 35 298 271
 390 387 328
 327 97 96
 102 386 385
 191 235 2
 140 152 376
 327 364 97
 38 28 372
 378 391 110
 247 248 392
 54 388 393
 337 394 338
 143 338 394
 395 121 396
 50 396 121
 72 199 397
 52 246 225
 228 398 144
 42 118 284
 191 206 332
 399 400 401
 402 237 403
 378 253 252
 292 291 290
 27 404 28
 154 405 341
 406 287 407
 256 408 331
 409 282 410
 55 272 62
 411 407 287
 402 238 237
 140 350 412
 131 412 350
 258 252 356
 357 370 413
 380 414 92
 77 79 325
 75 306 83
 415 312 416
 95 94 417
 418 417 94
 258 297 259
 333 310 135
 178 135 310
 309 419 310
 34 32 356
 151 161 296
 75 231 306
 47 379 48
 186 17 15
 305 420 419
 178 419 420
 198 172 106
 63 308 369
 380 92 250
 262 264 344
 395 370 121
 415 421 312
 187 189 144
 191 257 365
 333 192 310
 10 387 422
 289 291 354
 423 416 312
 402 403 381
 418 113 85
 198 397 199
 368 424 63
 30 28 425
 176 179 174
 426 212 211
 187 144 398
 427 307 428
 103 141 412
 313 312 421
 269 299 308
 196 279 315
 406 429 287
 117 203 430
 202 430 203
 313 421 431
 77 431 421
 432 433 434
 337 173 435
 14 16 81
 368 81 16
 40 139 41
 151 296 436
 305 287 429
 305 429 420
 18 437 281
 438 169 439
 240 276 440
 18 20 437
 222 441 223
 31 264 342
 100 414 119
 442 443 444
 240 150 276
 418 85 417
 190 417 85
 292 294 444
 442 444 294
 136 392 248
 140 412 141
 361 114 6
 247 392 182
 213 194 221
 274 221 194
 445 285 284
 48 446 116
 447 323 322
 418 448 449
 450 171 251
 90 2 235
 222 116 446
 8 43 9
 138 78 239
 399 401 451
 95 428 307
 4 360 9
 8 9 360
 444 443 115
 228 223 398
 38 425 28
 28 404 372
 73 83 452
 111 57 227
 453 227 57
 334 320 319
 265 377 264
 120 281 437
 148 150 188
 73 452 54
 390 422 387
 13 11 207
 101 454 89
 380 382 414
 217 339 324
 198 169 397
 168 397 169
 14 81 364
 432 293 433
 31 355 344
 455 308 299
 247 356 32
 56 242 57
 77 421 239
 456 398 223
 295 371 405
 230 119 414
 157 78 139
 179 457 174
 88 221 386
 274 386 221
 76 211 70
 333 5 9
 181 183 259
 458 259 183
 56 144 189
 233 451 401
 133 179 459
 176 459 179
 184 460 325
 461 331 246
 213 207 11
 269 308 273
 138 462 199
 201 199 462
 186 15 49
 47 49 15
 262 463 51
 233 401 464
 323 30 425
 36 323 425
 465 464 401
 418 466 448
 327 467 328
 143 141 321
 177 174 219
 345 219 174
 38 36 425
 420 429 220
 67 340 149
 236 452 83
 468 137 134
 100 92 414
 337 155 469
 18 351 19
 196 352 175
 105 107 193
 261 437 20
 177 302 175
 438 170 169
 445 430 226
 202 226 430
 470 182 392
 178 457 179
 53 62 471
 99 471 62
 105 439 106
 244 472 242
 76 227 473
 453 473 227
 102 89 386
 157 326 185
 24 379 328
 456 208 398
 31 342 248
 445 226 474
 151 436 373
 161 341 371
 44 354 291
 450 475 476
 254 142 394
 143 394 142
 52 51 463
 10 12 387
 292 290 293
 477 293 290
 445 474 478
 47 328 379
 198 106 479
 206 243 332
 218 429 410
 406 410 429
 390 328 467
 77 325 431
 480 431 325
 157 165 326
 378 69 253
 71 253 69
 178 310 419
 154 469 155
 187 398 208
 477 433 293
 124 257 481
 205 207 214
 213 11 363
 10 363 11
 50 225 396
 256 171 482
 108 483 107
 458 49 116
 375 315 279
 373 484 304
 108 338 483
 233 243 451
 198 479 169
 73 204 203
 418 94 466
 423 156 155
 327 96 195
 168 195 96
 418 449 113
 1 481 257
 205 109 485
 461 255 331
 411 351 407
 229 407 351
 25 12 374
 486 93 307
 450 482 171
 487 107 483
 236 488 452
 117 74 203
 456 223 441
 311 163 156
 205 485 243
 143 483 338
 283 268 162
 278 162 268
 112 234 489
 210 70 211
 468 3 5
 359 208 490
 72 397 125
 168 125 397
 240 188 150
 254 469 341
 453 57 491
 318 492 319
 176 175 352
 316 335 459
 133 459 335
 461 344 355
 87 454 493
 494 242 472
 218 410 282
 450 251 495
 126 128 496
 169 479 439
 233 464 234
 337 469 394
 14 329 15
 87 89 454
 318 486 492
 128 460 496
 178 420 457
 210 475 70
 71 70 475
 348 304 484
 181 259 297
 111 69 110
 432 343 293
 487 321 166
 88 386 89
 468 497 3
 190 3 497
 47 15 329
 184 372 404
 90 234 60
 99 273 308
 261 280 498
 44 291 444
 499 500 263
 265 263 500
 117 284 118
 154 341 469
 254 394 469
 112 60 234
 311 156 312
 186 182 17
 334 319 366
 427 366 319
 470 17 182
 455 369 308
 390 195 170
 148 188 209
 76 473 211
 82 81 501
 368 501 81
 461 355 255
 53 471 500
 265 500 471
 375 279 268
 191 332 235
 217 324 197
 278 197 324
 494 491 242
 415 239 421
 217 175 302
 88 214 221
 409 410 145
 406 145 410
 265 471 65
 502 448 466
 103 412 130
 82 98 80
 383 497 134
 148 209 358
 333 135 137
 159 283 162
 353 393 388
 152 304 376
 38 185 326
 168 96 125
 359 358 209
 359 249 358
 22 358 249
 317 362 391
 132 391 362
 167 498 503
 24 387 12
 244 504 472
 126 505 127
 55 54 452
 316 459 352
 176 352 459
 423 312 156
 447 314 238
 37 326 165
 270 488 314
 494 294 343
 411 19 351
 99 65 471
 90 0 2
 480 325 460
 499 503 498
 399 485 109
 234 464 489
 427 319 492
 468 134 497
 105 194 384
 415 416 462
 201 462 416
 456 490 208
 87 506 109
 399 109 506
 230 403 231
 237 231 403
 38 372 185
 131 130 412
 22 0 68
 8 360 6
 361 6 360
 200 502 466
 229 145 407
 406 407 145
 499 388 500
 353 216 204
 494 507 491
 140 376 350
 274 193 385
 236 83 306
 345 174 457
 405 371 341
 99 62 273
 143 321 483
 442 472 504
 461 246 463
 52 463 246
 262 344 463
 186 49 183
 458 183 49
 357 413 351
 229 351 413
 450 495 475
 71 475 495
 126 508 505
 27 505 508
 73 54 393
 470 392 64
 327 329 364
 262 503 263
 138 239 462
 415 462 239
 256 331 255
 487 193 107
 265 65 377
 286 509 287
 196 197 279
 266 330 267
 426 473 510
 426 510 434
 345 420 220
 136 64 392
 309 478 288
 286 288 478
 438 384 363
 184 404 496
 411 287 509
 124 490 336
 262 51 503
 63 424 64
 470 64 424
 427 511 366
 383 366 511
 317 512 362
 345 457 420
 117 430 284
 445 284 430
 124 481 490
 136 377 65
 261 498 513
 499 263 503
 309 285 478
 445 478 285
 292 444 291
 129 104 130
 103 130 104
 230 414 382
 164 98 514
 82 514 98
 251 253 495
 71 495 253
 470 16 17
 27 508 404
 359 490 481
 236 314 488
 167 503 51
 390 467 195
 390 170 422
 229 413 146
 470 424 16
 368 16 424
 423 367 416
 230 382 403
 381 403 382
 409 145 147
 438 422 170
 402 347 346
 14 364 329
 427 428 511
 243 485 451
 53 500 388
 167 513 498
 461 463 344
 286 474 509
 337 435 155
 423 155 435
 224 362 512
 423 435 367
 365 122 374
 25 374 122
 438 363 422
 10 422 363
 494 472 294
 442 294 472
 327 195 467
 383 134 335
 133 335 134
 275 440 276
 222 389 116
 264 377 342
 455 514 501
 55 452 488
 447 346 323
 23 509 474
 57 242 491
 44 444 115
 105 384 439
 499 280 388
 305 419 288
 218 220 429
 222 446 441
 123 441 446
 132 110 391
 200 466 94
 456 336 490
 48 26 446
 240 440 241
 244 241 440
 23 474 226
 487 483 321
 56 189 241
 33 255 355
 453 510 473
 359 481 249
 427 492 307
 87 493 506
 494 343 507
 432 507 343
 330 320 267
 453 507 510
 275 277 443
 303 443 277
 303 115 443
 458 116 389
 432 434 510
 82 501 514
 317 259 512
 180 276 150
 1 249 481
 438 439 384
 432 510 507
 365 257 122
 124 122 257
 458 512 259
 375 267 320
 309 288 419
 261 513 437
 455 501 369
 480 460 128
 123 446 26
 383 511 497
 486 307 492
 244 440 504
 177 219 300
 426 211 473
 270 314 322
 450 476 482
 286 478 474
 123 336 441
 456 441 336
 465 489 464
 35 271 322
 270 322 271
 411 509 19
 23 19 509
 164 515 232
 298 232 515
 95 417 428
 190 428 417
 240 241 189
 399 451 485
 237 306 231
 120 437 513
 106 439 479
 487 385 193
 378 260 391
 333 137 5
 275 443 504
 365 374 215
 13 215 374
 487 166 385
 353 388 280
 167 84 513
 120 513 84
 378 252 260
 317 391 260
 256 482 408
 442 504 443
 453 491 507
 289 516 290
 468 5 137
 399 506 400
 368 369 501
 201 416 367
 477 290 516
 275 504 440
 73 393 204
 353 204 393
 447 238 346
 402 346 238
 190 497 511
 458 389 512
 164 514 515
 455 515 514
 270 272 488
 102 385 166
 298 515 299
 455 299 515
 404 508 496
 258 260 252
 55 488 272
 499 498 280
 173 367 435
 258 356 297
 247 297 356
 190 511 428
 224 512 389
 184 496 460
 447 322 314
 126 496 508
 0
 0
 0
 23
 245 301 395 409 210 160 212 339 475 225 331 370 396 219 324 146 413 482 476 408 147 300 282
 0
 10
 477 426 289 212 354 433 45 46 434 516
 13
 112 66 465 180 303 59 61 149 45 489 276 340 277
 0
 0
 0
 0
 0
 28
 30 91 295 27 402 154 311 380 480 361 313 29 381 405 448 163 114 505 86 431 449 347 128 296 127 250 113 436
 14
 348 101 131 465 129 401 373 349 506 400 484 454 436 493
 0
