490 889
2.266543 4.837543 1
2.354569 4.780239 1
2.362011 4.940258 1
2.475768 4.831185 1
0.949779 3.404397 1
1.054199 3.509120 1
0.863356 3.491082 1
0.929897 3.592054 1
1.447017 5.148707 1
1.284539 5.081104 1
1.429996 5.052123 1
0.316807 3.985194 1
0.296819 4.080687 1
0.191424 3.991625 1
2.064463 5.800741 3
1.933685 5.698942 2
2.098961 5.691370 1
1.372061 5.212504 1
1.534143 5.440955 2
1.605105 5.323936 1
1.696365 5.417908 2
2.045098 3.303173 2
2.145648 3.373467 1
1.976770 3.446197 1
0.208946 4.153841 1
2.119670 3.493098 1
1.336604 3.931155 1
1.411892 4.023517 1
1.257768 4.007148 1
1.318588 4.106539 1
1.625208 4.773975 1
1.634479 4.644356 1
1.755826 4.672694 1
1.747181 4.815470 1
2.628444 4.929286 1
2.494393 5.003564 1
0.635702 5.069196 1
0.478251 5.133544 1
0.559542 4.962142 1
1.127223 5.153876 1
1.141149 5.001644 1
1.541535 4.288084 1
1.435274 4.418665 1
1.363267 4.263799 1
0.260440 3.850509 1
2.578471 3.951762 1
2.746652 3.966335 2
2.670653 4.094378 2
1.845991 4.317462 1
1.710832 4.271868 1
1.848897 4.146701 1
0.698432 5.772837 1
0.575890 5.792314 1
0.596135 5.650707 1
1.042573 3.357720 1
1.152876 3.345575 1
1.372741 5.314714 1
1.516472 5.222009 1
1.473827 5.352179 1
1.823967 3.799310 1
1.844278 3.966350 1
1.713768 3.849500 1
1.678203 3.965249 1
0.869467 5.131529 1
0.769390 5.051095 1
0.900624 4.981236 1
1.205574 3.476413 1
1.046198 4.122622 1
1.052132 4.303879 1
0.954772 4.204939 1
2.848079 5.061532 2
2.716476 5.031258 1
2.764699 4.932348 1
2.881194 4.935314 2
1.157460 4.226938 1
2.461796 4.161706 1
2.524874 4.329898 1
2.368239 4.274683 1
0.000000 3.611111 0
0.145812 3.516792 2
0.107255 3.641623 1
0.737325 5.669270 1
0.959141 3.272808 2
1.114740 3.190928 2
2.005201 5.571858 1
1.972178 4.097893 1
1.857689 3.579554 1
2.015769 3.551778 1
0.344523 5.224209 1
0.196422 5.156919 1
0.341365 5.078186 1
0.236381 4.995296 1
2.186648 3.695920 1
2.264641 3.792607 1
2.162940 3.843647 1
0.987016 3.751022 1
1.114635 3.829833 1
0.950544 3.894858 1
0.434300 4.992430 1
1.948714 4.534981 1
1.952836 4.392175 1
2.077769 4.478052 1
2.081096 3.728491 1
1.011520 5.057606 1
2.677975 4.403424 2
2.632258 4.578031 1
2.560628 4.436356 1
1.287651 4.420591 1
0.304373 6.188498 1
0.458075 6.124873 1
0.439970 6.285912 2
0.725570 4.565895 1
0.832983 4.618250 1
0.676561 4.652657 1
0.782922 4.741789 1
1.545395 3.612684 1
1.708498 3.610493 1
1.647203 3.724900 1
2.748864 4.504391 2
0.972894 5.614025 2
0.889425 5.497691 1
1.003072 5.424653 2
2.218435 4.216924 1
2.195001 4.360684 1
2.319805 4.424444 1
1.091373 3.977587 1
2.288267 3.928280 1
2.194062 4.086891 1
2.123543 3.972538 1
2.162099 4.878536 1
2.217421 4.707479 1
2.000322 3.658331 1
1.554171 5.074500 1
1.484426 4.911976 1
0.568905 4.559208 1
0.682309 4.460582 1
1.708725 4.146117 1
2.076948 4.795655 1
2.681637 4.256405 2
0.343548 4.903107 1
2.328976 4.094757 1
0.717624 3.718441 1
0.684755 3.851752 1
0.575425 3.706501 1
0.543499 3.861286 1
2.362937 3.794144 1
2.445605 3.866630 1
2.582572 4.189142 1
0.634513 4.864355 1
0.533296 4.801731 1
1.025232 4.906744 1
1.173181 4.840536 1
1.388970 3.318665 1
1.514504 3.315554 1
1.492873 3.422162 1
1.373677 4.553658 1
0.453549 4.888576 1
0.817296 3.350409 2
2.438004 4.007002 1
0.117865 3.862267 1
0.576647 4.440132 1
0.439510 4.421194 1
0.420596 4.557470 1
1.130480 3.678314 1
2.054163 4.363466 1
0.210583 5.397940 1
0.354821 5.390138 1
0.249973 5.502886 1
2.211415 4.472812 1
0.802402 3.915571 1
0.782489 4.064852 1
0.647741 3.997498 1
1.246724 4.592386 1
2.559604 4.702583 1
2.620094 4.801671 1
1.981885 4.254064 1
2.723489 4.742270 1
0.404852 3.911410 1
2.369568 5.111186 2
2.282167 5.236704 2
2.249674 5.133719 1
0.682058 4.177941 1
0.552354 4.113791 1
1.264962 3.777778 1
0.531076 3.469311 1
0.501801 3.344194 2
0.664800 3.365109 2
0.648033 3.496348 1
0.798703 4.935954 1
1.348485 3.453827 1
2.056813 4.649498 1
0.616793 5.524652 1
0.753121 5.474871 1
0.704196 5.575406 1
0.101495 4.079753 1
1.153041 4.501813 1
1.165372 4.363902 1
0.239582 5.637921 1
0.279358 5.768495 1
0.178162 5.768868 1
0.356925 5.562954 1
0.360935 5.703599 1
0.323862 6.067037 1
1.557101 4.441323 1
1.468642 3.218100 2
2.614580 5.068915 2
0.110544 5.656777 1
0.404601 3.755174 1
0.589610 5.172690 1
0.455974 3.598279 1
0.303318 3.536052 2
0.405477 3.463461 2
1.305190 4.892964 1
1.246485 4.971503 1
0.298179 4.346334 1
0.163075 4.437894 1
0.155146 4.289350 1
0.938187 4.303159 1
0.983424 4.420954 1
1.538939 3.726226 1
1.316966 3.563776 1
1.649491 5.183521 1
0.340842 3.651117 1
1.256852 3.379022 1
1.997262 3.961263 1
1.106335 4.660254 1
1.050924 4.792417 1
0.961264 4.723523 1
0.512555 3.990443 1
2.215323 5.675426 1
2.220497 5.793075 2
0.967973 4.616813 1
0.890913 4.840916 1
2.170873 4.567527 1
0.345145 4.655893 1
0.317155 4.493004 1
0.224829 4.579339 1
1.456560 4.158369 1
1.666563 4.399127 1
2.675906 3.858227 2
2.293629 4.533353 1
2.364146 4.641335 1
0.460374 5.629442 1
1.511669 4.565185 1
1.487731 4.716579 1
2.146028 5.581932 1
1.620126 4.919281 1
1.745081 4.939768 1
2.360957 5.697104 2
2.556775 3.810593 2
0.249671 5.295481 1
1.592145 4.171113 1
1.690180 5.050747 1
1.852256 4.457335 1
0.623057 5.404192 1
2.042769 3.837402 1
0.838054 3.780471 1
0.000000 5.555555 0
0.000000 5.416667 0
0.132429 5.509089 1
2.540742 4.074995 1
1.246031 5.221209 1
1.935556 3.863652 1
1.225959 3.886014 1
0.106432 5.066491 1
0.759355 5.356022 1
1.914454 5.282464 1
2.052919 5.351081 1
1.933411 5.425395 1
1.605948 3.264765 2
0.953502 5.786160 2
0.844892 5.723430 1
0.000000 6.250000 0
0.000000 6.111111 0
0.144028 6.180555 1
1.757389 4.056217 1
1.939620 5.144183 1
1.848137 5.192117 1
1.825933 5.051859 1
0.821548 5.858727 2
0.736492 3.530544 1
0.746491 3.433412 1
0.273826 3.722991 1
1.824021 3.453087 1
0.492459 5.721128 1
2.468989 4.628735 1
2.523161 4.529856 1
0.495417 5.508823 1
0.311214 6.299680 2
2.142704 5.215140 1
2.197273 5.369653 1
1.949055 4.990519 1
2.078709 4.956062 1
2.046958 5.102517 1
0.877540 4.413786 1
1.583376 3.502321 1
2.313524 3.484680 1
2.376864 3.565907 1
2.233952 3.561823 1
0.000000 5.972222 0
0.116808 5.897958 1
0.111832 6.061011 1
0.823822 5.596280 1
0.498943 5.377163 1
1.363881 3.209672 1
2.019053 5.225721 1
2.118942 4.284904 1
0.420228 6.023907 1
1.230318 4.716856 1
1.336670 4.690624 1
2.399718 3.322978 2
2.535318 3.365102 3
2.398672 3.432443 1
2.442650 4.721149 1
1.258429 3.661305 1
1.407226 3.692912 1
1.758916 5.154770 1
2.267133 3.651647 1
1.282266 3.134658 2
1.256936 3.262984 1
1.963672 4.855675 1
0.105653 5.389453 1
2.093771 4.187382 1
0.805133 4.493316 1
0.441826 5.283202 1
0.575201 6.206668 2
1.372863 5.437885 2
1.260954 5.351810 2
1.252662 4.198272 1
2.161426 5.086014 1
2.191758 4.977833 1
2.523007 3.648184 2
2.451574 3.748473 1
1.376183 4.959968 1
1.289464 4.793635 1
0.462606 5.832233 1
0.344942 5.846585 1
1.738686 4.527773 1
1.624204 4.521267 1
1.017475 3.636533 1
0.556224 5.274645 1
1.374240 3.826074 1
2.776603 4.618862 1
2.085275 4.074595 1
0.148263 3.745319 1
0.833898 4.203212 1
0.903448 4.091822 1
0.955230 5.303747 1
0.838786 5.261732 1
0.989375 5.185784 1
2.486100 3.502004 2
2.980428 4.866797 3
2.849089 4.819247 1
2.946177 4.744067 2
0.718892 5.204931 1
0.000000 4.444445 0
0.104653 4.543991 1
0.000000 5.694445 0
2.264250 4.935091 1
2.900057 4.632640 2
2.862094 4.510117 2
1.757735 3.323189 2
1.609873 3.384493 1
1.693205 3.467392 1
0.000000 3.750000 0
0.671950 5.881313 1
1.079771 4.434591 1
0.220288 5.997429 1
1.899794 3.359475 2
2.839083 4.711417 1
1.190860 3.579062 1
1.885537 3.695536 1
2.440646 4.411197 1
2.717163 4.844965 1
1.438288 3.555330 1
1.180613 4.103860 1
0.672693 3.611420 1
1.768899 4.404296 1
1.243384 4.290224 1
1.136453 5.394846 2
1.065321 5.294051 1
1.171018 5.288370 1
2.739348 5.145971 2
1.859047 5.557207 2
0.661354 5.299221 1
0.000000 4.305555 0
0.107323 4.186213 1
2.200501 5.493474 1
2.304739 5.460426 2
0.000000 3.888889 0
2.364691 3.674391 1
0.214986 3.612837 1
1.032397 4.539159 1
1.762124 5.277796 1
1.837731 5.358323 1
2.089673 5.470119 1
0.000000 5.000000 0
0.000000 4.861111 0
0.121741 4.909756 1
0.920518 4.531152 1
0.000000 4.722222 0
0.000000 4.583333 0
0.119825 4.672441 1
2.327956 5.344021 2
0.755263 5.973875 2
0.414330 4.068227 1
0.808822 3.631481 1
0.081024 4.368888 1
1.812431 5.456323 2
0.138369 5.285372 1
1.774530 3.699827 1
1.845996 4.885234 1
2.506077 5.152360 2
0.000000 5.138889 0
0.085142 5.194705 1
0.000000 4.166667 0
0.114363 6.303110 1
0.000000 6.527778 0
0.101550 6.405153 1
0.145565 6.498655 2
1.494057 3.828117 1
1.866666 4.740505 1
1.519705 4.078920 1
1.541506 3.965039 1
0.000000 6.388889 0
2.274977 5.033824 1
0.569405 4.688503 1
0.657364 4.762203 1
1.424073 4.634500 1
1.401960 4.827195 1
0.220797 6.099459 1
0.217860 6.270355 1
0.646802 4.323534 1
0.770799 4.381408 1
0.571542 3.574226 1
0.519351 6.007927 1
0.605128 6.093863 2
0.253715 4.248518 1
0.000000 5.277778 0
2.266949 5.578924 2
1.431660 3.914780 1
0.457483 4.687528 1
2.111428 3.605422 1
0.898227 3.693818 1
0.738157 4.849654 1
0.000000 4.027778 0
0.546788 5.903909 1
0.424369 5.926633 1
0.000000 5.833333 0
0.967439 4.006477 1
0.876311 3.995480 1
1.632625 4.071932 1
1.980952 4.739970 1
1.847712 4.590309 1
0.397058 4.783470 1
0.282452 4.796529 1
1.516116 4.814785 1
0.239060 4.693612 1
1.602232 3.849742 1
2.401201 4.527609 1
0.403314 4.311971 1
0.489652 4.263585 1
0.537349 4.347873 1
1.961541 3.763787 1
0.352589 4.204545 1
1.940171 4.651053 1
2.200313 3.282825 2
1.422505 3.123403 2
0.078739 4.791667 1
0.183726 4.791667 1
0.460118 4.163203 1
0.866498 5.386453 1
0.749340 4.281882 1
0.075243 5.763889 1
0.215323 6.379928 2
0.581823 4.228570 1
0.833953 4.316689 1
0.084081 6.578643 2
1.769243 3.527869 1
2.284962 3.372878 1
0.689004 4.960452 1
0.320373 5.961413 1
0.236595 4.883244 1
0.243322 5.873458 1
0.000000 6.666667 0
2.219551 3.457190 1
0.076489 3.962608 1
2.319116 3.273398 2
0.717251 6.064655 2
0.633783 5.986217 1
 0 1 2
 1 3 2
 4 5 6
 6 5 7
 8 9 10
 11 12 13
 14 15 16
 17 9 8
 18 19 20
 21 22 23
 13 12 24
 23 22 25
 26 27 28
 28 27 29
 30 31 32
 30 32 33
 3 34 35
 36 37 38
 39 40 9
 41 42 43
 44 11 13
 45 46 47
 48 49 50
 51 52 53
 5 54 55
 56 57 58
 59 60 61
 62 61 60
 63 64 65
 5 55 66
 17 57 56
 67 68 69
 3 35 2
 70 71 72
 70 72 73
 74 68 67
 75 76 77
 78 79 80
 51 53 81
 82 83 54
 55 54 83
 84 16 15
 85 50 60
 86 23 87
 88 89 90
 91 90 89
 92 93 94
 95 96 97
 98 38 37
 99 100 101
 92 94 102
 39 103 40
 104 105 106
 107 43 42
 108 109 110
 111 112 113
 113 112 114
 115 116 117
 118 105 104
 119 120 121
 122 77 123
 124 123 77
 125 97 96
 126 127 128
 0 129 130
 86 87 131
 132 10 133
 111 134 135
 136 50 49
 130 129 137
 138 104 76
 98 90 139
 122 140 77
 75 77 140
 141 142 143
 144 143 142
 126 145 146
 75 147 76
 138 76 147
 148 38 149
 150 151 40
 152 153 154
 107 42 155
 149 38 156
 82 4 157
 126 146 158
 45 158 146
 44 13 159
 160 134 161
 162 161 134
 95 163 96
 164 123 101
 165 166 167
 123 168 101
 169 170 171
 75 140 158
 19 58 57
 107 155 172
 3 173 174
 91 139 90
 48 50 175
 176 173 105
 44 177 11
 3 174 34
 178 179 180
 169 171 142
 144 142 171
 150 40 103
 181 182 171
 183 96 163
 184 185 186
 187 184 186
 188 65 64
 152 154 189
 137 190 130
 191 192 193
 24 194 13
 107 195 196
 197 198 199
 197 200 201
 111 113 134
 160 135 134
 126 93 145
 108 202 109
 41 203 42
 152 204 153
 205 34 71
 72 71 34
 197 199 206
 144 177 207
 107 172 195
 36 208 37
 209 210 211
 212 213 151
 181 171 170
 214 215 216
 166 200 167
 217 68 218
 115 117 219
 220 66 189
 132 221 57
 44 207 177
 63 65 103
 209 222 210
 66 223 189
 85 60 224
 225 226 227
 126 140 127
 144 171 228
 229 230 16
 225 227 231
 16 230 14
 114 227 232
 126 128 94
 233 130 190
 162 234 235
 236 235 234
 41 43 237
 41 49 238
 45 239 46
 233 240 130
 241 130 240
 201 200 242
 243 31 244
 30 244 31
 84 245 16
 30 33 246
 247 246 33
 229 248 230
 41 238 203
 45 146 249
 209 143 207
 144 207 143
 88 250 89
 41 251 49
 88 166 250
 165 250 166
 132 252 221
 99 253 100
 254 192 191
 164 101 100
 114 112 227
 255 128 224
 98 37 90
 151 213 40
 141 256 142
 169 142 256
 257 258 259
 75 158 260
 17 261 9
 39 9 261
 236 215 235
 214 235 215
 59 262 60
 125 96 263
 91 89 264
 265 192 254
 19 18 58
 266 267 268
 269 153 204
 119 270 271
 41 237 251
 272 273 274
 62 60 275
 276 277 278
 225 151 226
 125 263 28
 51 271 279
 280 187 281
 44 282 207
 255 94 128
 17 8 57
 86 283 23
 284 53 52
 285 286 105
 173 285 105
 287 200 166
 286 106 105
 108 110 288
 25 87 23
 178 2 35
 289 290 267
 291 292 293
 217 218 294
 115 295 116
 296 297 298
 299 300 301
 119 271 302
 287 166 303
 132 133 246
 119 302 120
 152 304 204
 289 267 305
 266 305 267
 164 175 306
 307 109 202
 225 172 308
 309 308 172
 310 311 312
 3 313 173
 183 314 315
 316 278 277
 309 172 155
 297 317 298
 318 319 83
 55 83 319
 291 320 292
 150 226 151
 132 57 8
 207 282 222
 258 321 259
 175 322 306
 205 35 34
 137 292 320
 257 259 206
 111 323 112
 187 186 281
 88 324 166
 60 50 275
 110 109 325
 326 327 56
 29 43 328
 329 292 330
 293 292 329
 132 8 10
 331 249 332
 225 308 151
 9 333 10
 212 151 334
 284 335 201
 336 201 335
 5 4 54
 337 338 238
 5 339 7
 176 174 173
 88 37 324
 340 324 37
 261 17 56
 327 261 56
 150 232 226
 227 226 232
 326 56 58
 26 263 341
 85 175 50
 126 158 140
 176 105 342
 51 81 271
 85 224 343
 85 322 175
 44 159 344
 181 170 345
 346 345 170
 220 315 314
 217 69 68
 347 348 349
 311 350 312
 88 90 37
 331 297 350
 351 352 353
 63 354 64
 36 64 354
 355 215 356
 357 257 206
 0 2 358
 95 97 256
 169 256 97
 183 341 263
 359 342 360
 269 361 362
 363 362 361
 63 349 348
 126 94 93
 364 344 159
 9 213 333
 291 276 278
 128 343 224
 51 279 365
 366 218 68
 367 301 300
 23 368 21
 19 57 221
 95 339 163
 352 369 353
 370 163 5
 163 339 5
 183 163 314
 86 131 371
 243 155 42
 76 372 77
 287 303 254
 72 34 373
 144 228 177
 154 295 374
 125 28 375
 280 376 187
 363 116 295
 337 238 377
 183 315 341
 107 378 43
 29 237 43
 289 305 293
 233 190 101
 99 101 190
 291 293 276
 379 121 380
 347 380 121
 39 261 381
 70 382 71
 39 381 380
 125 375 67
 84 15 383
 354 384 208
 385 386 216
 387 290 388
 243 42 203
 389 364 159
 390 297 331
 363 361 283
 136 49 251
 391 80 79
 391 79 210
 36 354 208
 225 231 392
 393 394 20
 265 354 348
 63 348 354
 387 395 290
 193 81 53
 271 270 279
 396 397 398
 399 112 323
 400 401 402
 403 388 290
 265 254 384
 236 356 215
 404 365 279
 267 290 395
 316 221 252
 405 11 177
 98 156 38
 267 395 268
 84 268 395
 209 207 222
 118 360 342
 379 381 327
 9 40 213
 141 406 256
 157 4 6
 355 407 215
 408 20 394
 340 208 384
 89 250 409
 340 37 208
 29 375 28
 405 177 228
 117 410 61
 291 411 320
 340 384 254
 122 322 127
 366 196 195
 291 278 411
 178 35 412
 326 58 18
 413 264 414
 122 127 140
 385 415 386
 272 274 416
 265 384 354
 115 315 374
 220 374 315
 417 418 419
 287 254 191
 63 103 349
 39 349 103
 115 219 315
 420 315 219
 420 341 315
 340 254 303
 197 201 198
 229 16 245
 133 10 333
 45 47 260
 138 147 47
 390 331 332
 364 80 344
 421 320 411
 59 61 410
 359 353 369
 422 27 423
 19 221 393
 162 235 161
 214 161 235
 417 424 418
 422 251 237
 178 425 2
 19 393 20
 426 427 149
 148 149 427
 309 155 428
 225 195 172
 309 244 429
 273 301 274
 255 102 94
 293 305 276
 274 430 108
 431 274 108
 160 432 135
 433 135 432
 413 396 264
 209 184 434
 307 435 109
 436 109 435
 84 395 245
 115 374 295
 214 216 437
 43 378 328
 133 333 429
 401 355 356
 197 206 259
 141 143 376
 137 129 292
 171 182 228
 405 228 182
 258 438 321
 426 134 113
 438 409 321
 364 78 80
 209 211 184
 92 317 93
 390 93 317
 154 374 189
 26 28 263
 229 439 248
 390 145 93
 423 27 440
 337 32 31
 162 134 441
 91 264 398
 120 302 192
 131 442 102
 256 406 443
 289 293 329
 424 272 416
 212 429 333
 89 414 264
 164 100 175
 48 175 100
 114 232 444
 415 445 194
 316 393 221
 124 77 372
 351 73 352
 446 435 447
 157 6 281
 299 448 300
 157 281 186
 125 67 449
 346 449 67
 273 299 301
 188 444 232
 60 262 224
 45 260 158
 169 450 170
 86 410 116
 62 451 423
 422 423 451
 421 33 32
 396 398 264
 247 411 278
 137 320 452
 280 6 406
 7 406 6
 421 32 453
 183 263 96
 421 452 320
 150 103 65
 454 455 234
 72 373 352
 176 352 373
 30 456 244
 82 54 4
 0 130 1
 241 1 130
 152 189 223
 238 338 203
 234 455 457
 84 383 268
 408 268 383
 212 333 213
 426 441 134
 309 428 244
 205 412 35
 117 458 219
 136 275 50
 243 338 31
 217 345 69
 346 69 345
 421 411 33
 287 242 200
 241 459 285
 401 356 402
 133 456 246
 243 244 428
 460 461 462
 161 460 462
 193 192 302
 187 434 184
 271 81 302
 347 349 380
 59 371 463
 132 246 252
 247 252 246
 74 67 375
 169 97 450
 30 246 456
 24 216 386
 59 463 262
 215 407 216
 385 216 407
 236 402 356
 24 437 216
 337 31 338
 390 317 297
 214 464 460
 214 437 464
 165 259 321
 124 168 123
 420 219 458
 160 161 462
 72 352 73
 421 453 465
 29 328 375
 117 116 410
 289 180 179
 466 22 21
 241 240 459
 214 460 161
 286 372 106
 318 467 304
 39 380 349
 316 277 393
 266 393 277
 122 123 306
 397 468 398
 469 398 468
 122 306 322
 185 184 211
 446 447 335
 400 402 468
 469 468 402
 220 370 66
 92 102 442
 233 101 168
 391 210 222
 45 249 239
 461 464 470
 405 470 464
 347 121 471
 120 471 121
 286 459 372
 461 460 464
 24 464 437
 24 12 464
 405 464 12
 391 344 80
 99 453 253
 337 253 453
 137 452 190
 436 325 109
 266 394 393
 125 449 97
 181 472 432
 178 180 425
 188 232 65
 150 65 232
 76 104 106
 391 282 344
 44 344 282
 209 434 143
 181 345 472
 337 377 253
 289 329 180
 74 378 196
 176 369 352
 266 268 394
 5 66 370
 280 406 376
 141 376 406
 289 179 290
 95 443 339
 199 300 473
 448 473 300
 118 342 105
 131 87 442
 99 190 465
 474 419 418
 62 423 458
 181 475 182
 433 432 472
 86 371 410
 284 242 53
 287 53 242
 181 432 475
 160 462 432
 350 297 312
 296 312 297
 162 441 234
 346 67 69
 284 201 242
 330 292 129
 48 100 253
 322 343 127
 85 343 322
 387 245 395
 182 475 470
 217 476 345
 164 306 123
 417 419 477
 363 283 478
 363 478 116
 86 116 478
 152 319 304
 415 194 386
 7 339 443
 114 427 113
 466 479 22
 405 182 470
 236 457 402
 469 402 457
 336 198 201
 188 64 480
 36 480 64
 266 276 305
 367 481 202
 247 33 411
 152 223 319
 55 319 223
 193 302 81
 403 290 179
 461 470 475
 91 398 482
 469 482 398
 74 196 68
 197 259 167
 165 167 259
 255 224 262
 330 425 329
 180 329 425
 454 441 149
 62 275 451
 136 451 275
 424 416 418
 133 429 456
 265 471 192
 120 192 471
 286 285 459
 280 281 6
 346 170 450
 387 388 439
 367 300 483
 199 483 300
 165 409 250
 367 202 430
 146 332 249
 484 417 477
 225 392 195
 124 240 168
 426 149 441
 55 223 66
 62 458 61
 355 385 407
 438 413 414
 220 314 370
 307 447 435
 361 368 283
 479 485 22
 438 414 409
 165 321 409
 387 439 245
 229 245 439
 454 234 441
 95 256 443
 318 304 319
 205 71 382
 397 400 468
 197 167 200
 243 203 338
 420 458 423
 399 323 294
 433 294 323
 448 357 473
 89 409 414
 379 380 381
 445 389 486
 75 260 147
 47 147 260
 124 459 240
 238 49 377
 48 377 49
 114 444 427
 148 427 444
 327 381 261
 408 394 268
 266 277 276
 220 189 374
 284 52 335
 446 335 52
 108 288 431
 309 429 334
 34 174 373
 107 196 378
 244 456 429
 337 453 32
 48 253 377
 151 308 334
 117 61 458
 454 139 455
 366 195 392
 432 462 475
 461 475 462
 340 303 324
 236 234 457
 405 12 11
 422 237 27
 29 27 237
 143 434 376
 287 191 53
 188 480 444
 148 444 480
 97 449 450
 13 194 486
 445 486 194
 454 149 156
 336 481 483
 310 312 479
 296 479 312
 128 127 343
 391 222 282
 199 473 206
 357 206 473
 330 129 358
 166 324 303
 243 428 155
 474 418 416
 36 38 480
 148 480 38
 367 483 481
 136 251 451
 420 423 440
 190 452 465
 91 482 139
 269 362 153
 154 153 362
 474 416 431
 336 483 198
 24 386 194
 212 334 429
 454 156 139
 366 392 218
 399 218 392
 474 431 288
 26 440 27
 199 198 483
 274 301 430
 367 430 301
 98 139 156
 309 334 308
 86 478 283
 466 487 479
 422 451 251
 274 431 416
 59 410 371
 111 135 323
 433 323 135
 404 488 489
 436 489 488
 366 68 196
 23 283 368
 193 53 191
 233 168 240
 399 392 231
 7 443 406
 187 376 434
 316 252 278
 247 278 252
 217 294 476
 433 476 294
 310 479 487
 265 348 471
 347 471 348
 363 295 362
 154 362 295
 26 341 440
 420 440 341
 0 358 129
 399 294 218
 76 106 372
 163 370 314
 74 375 328
 421 465 452
 204 304 467
 173 313 285
 241 313 1
 399 231 112
 307 202 481
 139 482 455
 74 328 378
 227 112 231
 241 285 313
 25 485 298
 296 298 485
 13 486 159
 389 159 486
 296 485 479
 25 298 442
 25 442 87
 131 463 371
 359 369 342
 176 342 369
 92 298 317
 426 113 427
 92 442 298
 124 372 459
 99 465 453
 469 457 455
 336 447 481
 307 481 447
 25 22 485
 108 430 202
 404 489 365
 446 365 489
 336 335 447
 131 102 463
 255 463 102
 446 489 435
 436 435 489
 255 262 463
 176 373 174
 345 476 472
 433 472 476
 446 52 365
 51 365 52
 3 1 313
 346 450 449
 2 425 358
 330 358 425
 146 145 332
 390 332 145
 469 455 482
 0
 0
 0
 0
 0
 0
 0
 0
 19
 310 269 82 185 318 466 157 204 83 311 361 186 21 211 79 210 487 467 368
 14
 351 138 118 359 46 311 47 331 350 104 353 239 249 360
 0
 0
 0
 14
 351 205 403 70 178 248 382 412 439 73 179 388 14 230
 22
 119 436 326 379 474 408 110 404 15 327 419 383 279 288 325 121 488 18 270 20 14 477
