515 938
7.164596 2.778845 1
7.262382 2.722581 1
7.201928 2.902174 2
7.342909 2.799273 1
8.339095 1.891838 1
8.250751 1.812134 1
8.411804 1.768777 2
8.284565 1.715435 2
9.678115 2.511569 1
9.574879 2.350617 1
9.721053 2.365102 1
7.498225 2.583424 1
7.622765 2.702036 1
7.500171 2.698773 1
9.111339 3.475663 1
9.189052 3.630861 1
9.037111 3.620797 1
9.342519 2.234407 1
9.423470 2.119010 1
9.476007 2.231205 1
9.739560 3.850509 1
9.820748 3.979503 1
9.701102 4.005759 1
9.252457 3.526508 1
9.077063 2.646301 1
9.210153 2.670109 1
9.084210 2.774578 1
9.204548 2.809502 1
8.475585 2.287620 1
8.630102 2.254541 1
8.581976 2.361500 1
8.504636 2.169859 1
9.087513 3.339667 1
9.026529 3.270177 1
9.144161 3.207373 1
9.543455 2.810024 1
9.543092 2.953604 1
9.423470 2.865226 1
7.219480 2.344383 2
7.363740 2.410020 1
7.257778 2.463959 1
7.340687 3.445907 1
7.209900 3.518409 1
7.257548 3.368222 1
7.312423 2.260671 1
10.000000 3.472222 0
10.000000 3.611111 0
9.854188 3.516792 1
9.444846 1.334896 2
9.589488 1.426591 1
9.434002 1.466554 1
9.892745 3.641623 1
9.493650 4.264837 1
9.630780 4.212965 1
9.569606 4.362883 2
9.701820 4.346334 2
7.173300 3.083775 1
7.068633 3.034311 2
8.917900 1.739587 1
8.872846 1.871586 1
8.745080 1.755492 1
8.729655 1.919936 1
9.789246 2.448795 1
9.792582 4.131754 1
10.000000 1.527778 0
10.000000 1.666667 0
9.835932 1.589848 1
9.182967 3.350452 1
9.421269 2.339659 1
7.986232 1.946766 1
8.040218 1.849507 1
8.114106 1.990244 1
9.610342 1.305229 2
9.362967 1.582600 1
9.205578 1.586031 1
9.297521 1.444892 2
9.132903 1.455321 1
8.578965 1.700395 2
8.587470 1.848912 1
8.857430 3.828493 1
8.906816 3.683397 1
9.000507 3.767156 1
10.000000 1.805556 0
9.864987 1.903467 1
9.873762 1.734081 1
7.620184 2.556905 1
9.429109 2.581689 1
9.342649 2.727676 1
9.300473 2.592718 1
7.147572 3.390509 2
8.289977 3.084625 1
8.203995 3.214273 1
8.182261 3.044488 1
7.734658 2.641909 1
8.457720 1.950579 1
10.000000 1.388889 0
9.897661 1.451688 1
9.849624 1.291612 1
9.668290 1.618358 1
9.513515 1.559231 1
9.691791 1.495906 1
8.980727 1.969311 1
9.107937 2.061746 1
8.974391 2.102736 1
8.993105 3.903397 1
9.570928 2.643228 1
9.666690 2.753694 1
8.512171 3.029562 1
8.501996 2.902117 1
8.635534 3.000477 1
8.312034 2.436220 1
8.406985 2.544760 1
8.237949 2.582546 1
8.602221 3.469974 1
8.556871 3.586126 1
8.437001 3.520203 1
8.632577 2.858719 1
8.874151 2.322065 1
8.764855 2.203482 1
8.916048 2.203379 1
9.287970 3.215673 1
8.462506 3.635818 1
8.570185 3.698988 1
8.418548 3.747811 1
8.578001 3.849503 2
8.461940 3.408179 1
9.331159 3.351627 1
8.841307 1.604082 1
9.454902 3.848161 1
9.314283 3.848248 1
9.434791 3.702993 1
9.291065 3.714597 1
8.146174 1.859522 1
8.740061 2.530812 1
8.666847 2.437385 1
8.841598 2.440845 1
7.919614 2.303614 1
7.874130 2.467033 1
7.794896 2.314073 1
7.725644 2.414804 1
8.742489 2.344617 1
9.192173 2.523767 1
10.000000 2.500000 0
10.000000 2.638889 0
9.843488 2.564197 1
8.652964 3.332888 1
8.745855 3.392673 1
8.746016 3.500659 1
9.438756 2.449300 1
9.188523 1.345006 2
8.920476 3.021576 1
8.855284 3.136485 1
8.782388 3.023703 1
8.719112 3.129190 1
9.449391 3.039363 1
8.917796 2.615546 1
9.044215 2.523352 1
9.884130 3.862222 1
7.107476 3.549114 3
7.310883 3.038144 1
7.393803 2.920684 1
7.442627 3.070481 1
8.134847 3.534906 1
8.141157 3.688168 1
7.999675 3.667001 1
10.000000 1.250000 0
8.927892 3.522048 1
9.902959 2.703294 1
8.303676 3.298969 1
8.225669 3.402265 1
8.119693 3.335945 1
8.104742 3.126991 1
8.838311 2.114829 1
9.788435 1.428417 1
8.393827 2.992672 1
8.366385 2.871074 1
8.892035 3.981842 1
9.009155 4.033360 1
7.518536 2.990162 1
9.595148 3.911410 1
9.261940 4.191768 1
9.137074 4.064754 1
9.294507 4.016786 1
8.138584 2.715771 1
8.073783 2.616538 1
9.661263 2.881736 1
7.486845 3.218712 1
7.466652 3.355587 1
7.330201 3.277953 1
9.164279 4.330723 2
9.119013 4.198482 2
8.799227 3.695459 1
9.697988 2.218618 1
9.586776 2.199703 1
8.693430 1.612268 2
10.000000 2.083333 0
10.000000 2.222222 0
9.869110 2.155257 1
9.538357 2.507281 1
8.576491 2.513322 1
8.642417 2.630529 1
9.795480 2.705582 1
9.691846 2.643283 1
9.896333 4.076138 1
9.731742 3.404548 1
9.595600 3.461062 1
9.617782 3.328546 1
9.484823 3.377062 1
8.365952 2.673563 1
8.334949 3.194570 1
8.962798 2.763805 1
9.596484 3.754119 1
8.280723 3.514709 1
7.592319 3.433949 1
7.679657 3.570265 1
7.536464 3.555036 1
7.550530 3.698022 2
9.544909 3.601026 1
9.696916 3.536094 1
7.052512 3.196591 2
7.707490 2.529548 1
9.843989 4.287328 1
9.836925 4.437894 2
9.314569 4.342330 2
8.044079 3.806587 1
8.140535 3.900856 2
8.028935 3.941008 2
7.919750 3.793797 2
7.853895 3.704172 2
8.126678 2.518943 1
8.695585 3.615175 1
9.128722 1.940146 1
7.068888 2.818274 2
9.774709 2.930579 1
9.830764 3.057855 1
9.671414 3.023718 1
7.983636 2.709339 1
8.034971 2.803290 1
9.905188 2.023133 1
9.755339 1.802902 1
9.370563 3.484943 1
8.706083 3.761477 1
8.040907 2.404523 1
9.642103 3.181105 1
9.752715 3.139652 1
9.735064 3.290539 1
9.659159 3.651117 1
7.434972 3.621327 2
8.547351 2.765906 1
8.666471 2.749717 1
8.343011 3.622439 1
8.261129 3.719571 1
7.315815 3.590630 2
9.518946 2.138441 1
9.867215 3.358270 1
9.338692 2.983404 1
7.959190 1.754323 2
7.897685 1.866148 1
7.802344 1.756332 2
7.845436 3.518463 1
7.950570 3.409978 1
7.993028 3.524222 1
8.990734 1.636586 1
9.061483 1.732573 1
7.413507 2.305499 1
7.563960 2.329350 1
7.501750 2.447927 1
8.190020 2.426300 1
8.122610 2.331050 1
9.252267 3.424379 1
8.124784 1.717798 2
7.179577 3.233610 1
8.515110 2.065522 1
8.402747 2.097991 1
8.224896 3.609948 1
8.499480 2.649626 1
9.587584 4.065104 1
9.477521 4.131865 1
8.486609 3.217386 1
8.413008 3.308919 1
9.451973 1.710454 1
10.000000 3.333333 0
8.578949 3.131859 1
8.421050 3.111072 1
8.335576 1.998213 1
8.822588 3.578330 1
8.750494 1.494737 1
8.623773 1.464182 2
9.019844 1.846440 1
9.308034 2.864636 1
7.823123 2.586313 1
9.719865 1.341398 1
9.386144 1.831876 1
9.426682 1.973511 1
9.272293 1.925536 1
9.312862 2.071491 1
9.370858 4.135249 1
8.044533 2.262336 1
8.281182 3.844628 2
8.184880 3.793109 1
8.542651 3.328246 1
9.463327 2.712473 1
7.717743 3.712051 2
9.284926 1.728074 1
9.059108 1.544757 1
9.100688 1.645534 1
7.259796 3.145880 1
9.756651 1.691617 1
7.391330 2.057900 2
7.288234 2.111815 2
7.314125 1.977033 3
7.126564 2.429618 2
8.450005 2.413283 1
9.007729 3.134118 1
9.681722 4.117604 1
9.726391 3.722780 1
9.167747 1.818970 1
9.567870 1.672118 1
10.000000 3.055556 0
9.896259 2.958136 1
7.739520 3.436522 1
9.024781 2.865752 1
8.925119 2.901931 1
8.856956 2.819974 1
9.088025 3.957970 1
8.901535 4.154629 2
8.808000 4.066500 2
8.866799 1.345885 2
8.860346 1.458757 1
8.738236 1.350614 2
8.432581 3.883755 3
7.735209 2.199541 1
7.777062 2.059184 2
7.859236 2.189422 1
7.920929 2.087509 1
7.879289 3.139514 1
7.888206 3.296390 1
7.778308 3.199289 1
10.000000 1.944444 0
9.097796 2.162515 1
7.421768 2.171318 1
9.197598 3.915571 1
8.605382 1.994545 1
9.791840 2.029161 1
9.267573 3.080878 1
9.146122 3.040666 1
9.486578 3.959123 1
9.104176 3.726347 1
8.227109 1.928613 1
9.389493 3.941152 1
7.651947 2.850164 1
7.775370 2.930329 1
7.640660 2.984742 1
7.510874 2.241171 1
7.447333 3.485706 1
8.717920 3.878421 1
8.638648 3.969128 2
8.860596 2.725816 1
8.754113 2.811574 1
8.913311 3.256656 1
8.340025 2.314593 1
7.839534 3.393071 1
7.941402 2.601359 1
8.011380 2.521679 1
7.083027 3.295975 2
7.971704 3.223093 1
8.770854 3.259098 1
8.721547 2.928189 1
7.759981 2.779103 1
7.896862 2.826248 1
8.992749 2.420148 1
8.644530 3.228079 1
7.490658 2.861258 1
7.440787 2.773346 1
9.035439 4.143056 2
9.851737 3.745319 1
8.773985 2.662411 1
10.000000 2.777778 0
10.000000 2.916667 0
9.875825 2.830022 1
9.894982 3.155647 1
8.264857 2.953717 1
7.108499 2.672402 2
9.214856 2.026828 1
9.644619 2.075948 1
9.705174 1.928411 1
9.574646 1.942917 1
7.363416 3.152739 1
7.924122 3.904215 2
10.000000 3.750000 0
9.397194 4.033442 1
8.972569 3.394670 1
8.846900 3.345389 1
7.730455 3.088658 1
7.657597 3.226219 1
7.582279 3.102443 1
8.434777 2.774361 1
9.491364 3.504400 1
8.931909 2.507634 1
9.526664 3.231197 1
9.097701 3.842282 1
9.548377 3.097301 1
7.237609 2.614172 1
7.153166 2.542537 1
7.787888 3.623500 1
10.000000 4.305555 0
9.896297 4.188107 1
9.517835 2.037037 1
7.574619 3.319385 1
10.000000 3.888889 0
9.328944 3.606921 1
9.785014 3.612837 1
8.258897 2.715691 1
7.977349 2.168581 1
9.209607 2.173393 1
8.079580 3.432795 1
7.422709 2.508872 1
7.377967 2.654471 1
7.753994 1.900319 2
9.894957 1.152123 1
7.322326 2.547752 1
8.843869 1.998749 1
10.000000 2.361111 0
9.892401 2.436659 1
9.895423 2.288904 1
9.030814 2.984897 1
9.407244 3.254211 1
8.228585 2.822122 1
7.907538 3.607256 1
10.000000 4.444445 0
9.918821 4.368527 1
9.171988 1.708324 1
8.224897 2.317063 1
10.000000 4.166667 0
7.857933 2.691714 1
9.498965 1.854079 1
9.623045 1.834179 1
7.773939 3.304002 1
9.230813 2.937374 1
7.510754 2.063014 2
8.842537 2.537799 1
9.832903 3.240989 1
8.733887 2.060268 1
8.621247 2.130070 1
8.856175 3.448032 1
7.845520 3.024067 1
9.758629 2.819886 1
9.216706 2.307020 1
9.703095 1.224287 2
9.786070 1.153550 2
9.811171 2.366446 1
7.891593 2.942861 1
7.672304 3.346754 1
7.184696 3.631456 2
9.001876 2.310028 1
8.817172 2.915550 1
9.202797 3.783251 1
9.363633 3.128230 1
9.383889 4.243562 1
7.889970 1.982472 1
9.019978 2.214086 1
9.734552 4.243294 1
7.549607 2.157194 1
9.113731 2.401212 1
9.752971 2.126009 1
9.111723 2.262382 1
9.555644 1.759653 1
7.653986 2.107674 2
10.000000 1.111111 0
7.569988 2.907280 1
10.000000 4.027778 0
7.995681 2.910770 1
9.328279 2.460347 1
9.457596 3.154818 1
8.996217 1.414830 2
8.941441 1.532904 1
8.120616 2.909976 1
9.312048 2.352547 1
9.651586 1.719057 1
9.444994 4.357610 2
10.000000 3.194444 0
8.232973 2.033170 1
9.120214 2.902128 1
7.677302 2.321094 1
9.229127 2.416507 1
7.622062 2.226642 1
7.944530 3.022892 1
8.004569 3.123369 1
9.280375 1.826902 1
8.086451 2.148384 1
7.999796 2.044643 1
8.195121 2.129306 1
8.059409 3.021968 1
8.130690 2.812789 1
9.791131 2.269420 1
8.075289 3.231018 1
9.435319 3.593017 1
7.040461 2.535963 2
8.380368 2.200007 1
8.330919 2.771362 1
9.086759 1.357789 2
8.158250 2.233232 1
8.019016 3.320478 1
8.260521 2.217895 1
7.622042 2.442154 1
9.919020 3.256537 1
10.000000 0.972222 0
9.918360 1.047968 2
8.780659 3.965343 2
9.926762 3.958333 1
8.348223 3.406164 1
7.549659 2.792630 1
9.815688 1.058497 2
8.298698 2.112085 1
7.198239 2.211733 2
 0 1 2
 1 3 2
 4 5 6
 5 7 6
 8 9 10
 11 12 13
 14 15 16
 17 18 19
 20 21 22
 23 15 14
 24 25 26
 26 25 27
 28 29 30
 28 31 29
 32 33 34
 35 36 37
 38 39 40
 41 42 43
 38 44 39
 45 46 47
 48 49 50
 46 51 47
 52 53 54
 55 54 53
 56 57 2
 58 59 60
 61 60 59
 8 10 62
 63 22 21
 64 65 66
 67 32 34
 68 17 19
 69 70 71
 48 72 49
 73 74 75
 76 75 74
 77 78 6
 79 80 81
 82 83 84
 85 12 11
 86 87 88
 42 89 43
 90 91 92
 93 12 85
 94 6 78
 61 78 60
 77 60 78
 95 96 97
 98 99 100
 49 100 99
 101 102 103
 79 81 104
 35 105 106
 107 108 109
 110 111 112
 113 114 115
 108 116 109
 117 118 119
 120 67 34
 121 122 123
 124 123 122
 125 113 115
 120 126 67
 58 60 127
 128 129 130
 131 130 129
 70 132 71
 133 134 135
 136 137 138
 139 138 137
 134 140 135
 141 25 24
 142 143 144
 27 25 87
 145 146 113
 113 146 147
 68 9 148
 73 75 50
 76 149 75
 150 151 152
 153 152 151
 36 154 37
 155 156 24
 20 157 21
 42 158 89
 159 160 161
 162 163 164
 165 95 97
 166 16 80
 143 167 144
 94 4 6
 168 169 91
 170 91 169
 87 25 88
 171 92 91
 172 119 118
 173 66 100
 107 174 108
 175 108 174
 98 100 66
 140 118 117
 79 104 176
 177 176 104
 178 161 160
 20 22 179
 180 181 182
 183 184 112
 35 185 36
 186 187 188
 41 188 187
 180 189 190
 79 191 80
 192 9 193
 77 194 60
 195 196 197
 8 198 9
 199 133 200
 180 190 181
 201 202 144
 8 144 202
 192 10 9
 199 134 133
 63 21 203
 204 205 206
 207 206 205
 75 48 50
 208 112 111
 90 209 91
 155 24 210
 128 211 179
 162 169 212
 213 214 215
 216 215 214
 217 205 218
 56 219 57
 93 85 220
 55 221 222
 180 223 189
 224 225 226
 224 227 164
 228 164 227
 229 112 184
 230 113 147
 101 231 102
 139 137 220
 0 2 232
 233 234 235
 20 179 211
 184 183 236
 236 183 237
 195 197 238
 239 84 83
 207 240 126
 230 241 122
 124 122 241
 136 242 137
 243 244 245
 217 218 246
 216 247 215
 248 200 249
 121 123 250
 251 250 123
 41 252 42
 173 97 96
 253 19 18
 49 99 50
 45 47 254
 255 37 154
 173 96 66
 256 257 258
 259 260 261
 58 262 263
 264 265 266
 229 242 267
 268 267 242
 23 14 269
 67 269 14
 256 270 70
 271 219 56
 272 273 94
 162 274 163
 64 66 96
 275 200 248
 276 53 277
 52 277 53
 243 245 206
 65 84 66
 278 279 209
 73 99 280
 3 160 2
 271 188 43
 281 45 254
 107 282 283
 278 283 282
 105 202 106
 273 284 94
 166 80 285
 141 24 156
 159 56 2
 9 198 148
 286 194 287
 58 263 288
 27 87 289
 137 290 220
 49 291 100
 80 16 81
 292 293 294
 295 294 293
 271 43 89
 201 144 167
 180 182 296
 136 297 242
 60 194 127
 251 123 298
 224 299 225
 125 300 113
 145 113 300
 86 301 87
 216 214 302
 68 19 9
 73 303 74
 76 74 304
 305 304 74
 271 306 188
 98 66 307
 308 309 310
 38 40 311
 28 30 312
 150 313 151
 63 314 22
 20 211 315
 8 105 198
 86 198 105
 23 269 240
 101 59 288
 162 212 274
 316 294 231
 278 209 283
 58 288 59
 99 317 280
 318 234 319
 259 214 320
 213 320 214
 199 312 30
 9 19 193
 321 322 210
 323 210 322
 177 104 324
 177 325 176
 326 176 325
 217 211 130
 128 130 211
 327 328 329
 328 286 329
 123 330 298
 79 241 191
 331 332 333
 334 333 332
 335 336 337
 82 338 83
 102 339 103
 308 340 309
 341 129 182
 94 78 342
 61 342 78
 343 238 197
 124 330 123
 120 34 344
 345 344 34
 276 277 346
 211 246 315
 173 100 291
 347 81 16
 132 348 71
 129 349 182
 350 351 352
 268 242 297
 264 353 265
 247 252 354
 140 117 135
 124 355 356
 357 323 358
 240 269 126
 151 313 359
 264 266 39
 28 312 360
 259 361 260
 110 312 111
 362 137 363
 73 50 99
 271 89 364
 132 70 270
 365 336 335
 153 151 366
 345 34 313
 33 359 313
 367 109 116
 350 368 351
 369 351 368
 370 135 117
 35 37 301
 87 301 37
 278 371 300
 372 160 373
 373 160 3
 159 2 160
 234 244 235
 121 115 114
 233 319 234
 177 181 374
 20 375 157
 376 357 358
 377 378 379
 318 380 234
 110 360 312
 175 174 381
 0 232 382
 294 383 231
 343 384 385
 386 385 384
 94 284 4
 41 43 188
 178 160 372
 186 188 387
 224 226 388
 341 181 324
 177 324 181
 389 157 375
 8 62 144
 390 346 277
 343 385 83
 239 83 385
 166 391 14
 41 354 252
 151 359 366
 392 366 359
 199 200 275
 393 394 395
 175 396 108
 207 397 240
 155 398 156
 243 206 399
 347 16 15
 347 400 81
 243 399 401
 402 403 40
 341 182 181
 140 30 29
 224 164 163
 259 404 214
 230 147 285
 405 221 406
 0 382 1
 402 1 382
 153 109 152
 293 407 18
 186 394 408
 90 381 174
 213 354 187
 389 409 157
 23 240 410
 411 47 51
 183 112 412
 204 47 218
 411 218 47
 208 111 275
 199 275 111
 188 306 387
 136 333 413
 228 302 404
 186 395 394
 367 152 109
 230 114 113
 199 30 134
 93 368 12
 124 241 355
 276 346 179
 292 303 280
 73 280 303
 136 413 297
 295 17 414
 162 415 169
 295 293 18
 137 242 363
 416 11 417
 33 313 34
 132 270 5
 7 5 270
 186 408 187
 418 258 257
 286 127 194
 276 179 22
 101 288 231
 316 231 288
 165 97 419
 402 40 420
 49 72 291
 86 105 301
 217 246 211
 101 103 421
 172 421 103
 278 282 371
 422 423 424
 362 290 137
 101 421 59
 345 313 425
 8 202 105
 120 426 126
 393 352 351
 110 112 267
 229 267 112
 35 301 105
 175 381 427
 204 254 47
 140 134 30
 259 261 428
 429 222 430
 74 303 431
 432 360 110
 142 144 423
 61 59 421
 267 432 110
 249 200 376
 133 376 200
 162 164 261
 166 14 16
 378 318 319
 433 405 406
 93 434 368
 249 376 358
 386 435 436
 247 354 215
 437 394 337
 393 337 394
 65 82 84
 69 257 70
 256 70 257
 255 344 438
 345 438 344
 224 163 299
 308 439 340
 155 376 440
 133 440 376
 213 215 354
 441 245 244
 389 375 51
 67 14 32
 172 118 442
 443 442 118
 147 444 285
 305 263 262
 208 275 396
 201 106 202
 228 428 164
 393 351 445
 446 233 185
 106 446 185
 168 209 279
 295 414 383
 131 410 130
 196 424 197
 378 319 379
 447 414 17
 61 442 342
 443 342 442
 128 179 346
 416 417 420
 369 236 237
 448 449 97
 450 424 423
 264 39 44
 369 451 351
 437 452 394
 42 252 453
 370 117 454
 35 106 185
 159 306 56
 150 152 455
 347 456 400
 255 154 457
 150 455 322
 52 458 277
 418 459 332
 104 81 400
 460 103 339
 55 461 221
 271 56 306
 131 456 15
 347 15 456
 286 328 127
 277 458 296
 255 457 344
 199 111 312
 462 340 439
 350 12 368
 450 62 10
 141 156 463
 370 463 156
 207 126 426
 343 197 464
 305 74 431
 253 407 384
 46 389 51
 207 205 397
 447 465 414
 40 403 311
 466 436 435
 462 439 467
 443 272 342
 468 165 419
 350 352 469
 141 88 25
 131 129 456
 341 456 129
 470 433 203
 369 237 471
 141 472 88
 86 472 148
 102 383 414
 473 401 399
 173 291 97
 448 97 291
 204 245 254
 233 379 319
 393 395 352
 386 384 407
 150 425 313
 181 190 374
 327 474 328
 67 126 269
 475 262 127
 331 467 332
 386 293 435
 292 435 293
 13 417 11
 58 127 262
 390 296 182
 414 465 339
 369 434 236
 79 355 241
 230 191 241
 166 285 444
 253 384 193
 416 39 266
 475 127 328
 437 337 336
 476 427 381
 230 122 114
 213 187 408
 68 477 17
 447 17 477
 239 478 307
 41 187 354
 159 161 387
 466 435 280
 292 280 435
 239 436 478
 52 54 479
 369 368 434
 178 372 469
 145 300 371
 318 480 380
 204 218 205
 476 471 237
 418 257 459
 170 169 415
 85 11 266
 416 266 11
 481 71 348
 207 399 206
 253 18 407
 27 482 26
 443 29 31
 86 148 198
 316 288 263
 192 193 384
 63 221 461
 98 317 99
 370 454 463
 86 88 472
 251 163 274
 243 235 244
 204 206 245
 68 148 472
 331 138 483
 63 406 221
 214 404 302
 68 472 477
 141 484 472
 222 221 430
 405 430 221
 102 231 383
 343 464 384
 192 384 464
 180 458 223
 66 84 307
 239 307 84
 441 254 245
 331 483 485
 155 357 376
 94 342 272
 377 379 167
 201 167 379
 140 29 118
 443 31 272
 224 388 227
 486 487 335
 365 335 487
 208 412 112
 276 314 53
 55 53 461
 23 410 15
 131 15 410
 172 442 421
 61 421 442
 386 436 385
 255 438 289
 463 454 465
 196 422 424
 292 294 488
 489 490 71
 136 138 333
 331 333 138
 93 220 290
 422 142 423
 489 71 491
 481 491 71
 76 304 474
 475 474 304
 476 92 492
 217 397 205
 321 26 482
 97 449 419
 411 246 218
 168 91 209
 489 413 490
 90 174 283
 316 488 294
 183 493 237
 476 237 493
 295 383 294
 150 322 425
 321 425 322
 393 445 335
 386 407 293
 411 51 375
 295 18 17
 197 494 464
 186 161 395
 476 381 92
 309 340 44
 264 44 340
 20 315 375
 411 375 315
 192 464 494
 171 495 487
 178 352 395
 334 332 459
 130 410 496
 95 64 96
 201 446 106
 416 420 39
 40 39 420
 255 289 37
 402 417 1
 3 1 417
 497 311 403
 475 328 474
 183 412 427
 243 401 235
 36 235 401
 171 91 495
 316 303 488
 390 182 349
 362 434 290
 93 290 434
 286 287 329
 273 31 498
 28 498 31
 316 431 303
 402 420 417
 466 280 317
 476 493 427
 153 282 109
 175 427 499
 183 427 493
 292 488 303
 107 283 174
 481 348 284
 4 284 348
 27 438 482
 76 500 149
 229 363 242
 433 406 203
 268 297 501
 489 501 297
 69 459 257
 441 244 380
 234 380 244
 155 210 357
 345 482 438
 201 379 446
 27 289 438
 121 114 122
 338 195 238
 437 361 320
 108 396 248
 260 502 415
 33 391 359
 392 359 391
 321 210 26
 24 26 210
 217 130 496
 338 238 83
 233 446 379
 13 373 417
 3 417 373
 460 454 119
 177 374 325
 107 109 282
 503 498 360
 28 360 498
 164 428 261
 153 366 371
 69 490 459
 143 377 167
 121 250 115
 212 115 250
 153 371 282
 120 457 426
 343 83 238
 370 398 135
 117 119 454
 402 382 403
 497 403 382
 486 335 445
 259 320 361
 178 395 161
 166 444 391
 392 391 444
 133 135 440
 265 353 485
 462 485 353
 233 235 185
 36 185 235
 260 415 261
 362 184 236
 473 426 457
 212 250 274
 365 487 495
 265 483 504
 90 283 209
 405 429 430
 393 335 337
 480 281 505
 276 22 314
 239 385 436
 230 285 191
 506 468 507
 159 387 306
 170 495 91
 356 355 508
 323 357 210
 392 146 366
 145 366 146
 14 391 32
 365 502 336
 213 452 320
 370 156 398
 53 314 461
 63 461 314
 437 320 452
 409 470 509
 443 118 29
 362 236 434
 334 459 490
 207 426 399
 265 504 266
 33 32 391
 264 340 353
 462 353 340
 260 336 502
 345 425 482
 394 452 408
 251 274 250
 473 399 426
 168 510 169
 212 169 510
 351 451 445
 281 254 505
 128 349 129
 145 371 366
 350 469 511
 476 492 471
 486 471 492
 512 507 419
 468 419 507
 372 511 469
 87 37 289
 186 387 161
 251 299 163
 441 505 254
 470 203 509
 21 509 203
 273 513 284
 481 284 513
 411 315 246
 448 291 72
 331 485 467
 462 467 485
 178 469 352
 309 44 514
 38 514 44
 125 279 300
 278 300 279
 447 463 465
 170 415 502
 473 457 154
 334 413 333
 460 119 103
 147 146 444
 392 444 146
 273 272 31
 447 484 463
 208 396 499
 437 336 361
 139 504 483
 120 344 457
 450 423 62
 144 62 423
 171 487 492
 486 492 487
 63 203 406
 102 414 339
 172 103 119
 369 471 451
 259 428 404
 228 404 428
 141 463 484
 69 71 490
 212 510 115
 125 115 510
 171 492 92
 76 474 500
 197 424 494
 460 339 465
 275 248 396
 249 116 248
 108 248 116
 90 92 381
 450 494 424
 162 261 415
 367 455 152
 168 279 510
 125 510 279
 503 360 432
 253 193 19
 350 511 12
 80 191 285
 321 482 425
 98 307 478
 139 220 504
 85 504 220
 13 12 511
 341 400 456
 390 277 296
 334 490 413
 79 176 508
 512 419 449
 260 361 336
 489 297 413
 139 483 138
 175 499 396
 466 478 436
 240 496 410
 268 432 267
 323 455 358
 367 358 455
 85 266 504
 128 346 349
 390 349 346
 208 499 412
 223 458 479
 180 296 458
 409 509 157
 21 157 509
 486 451 471
 326 508 176
 79 508 355
 213 408 452
 13 511 373
 372 373 511
 132 5 348
 4 348 5
 271 364 219
 36 401 154
 473 154 401
 249 358 116
 367 116 358
 450 10 494
 251 298 299
 460 465 454
 323 322 455
 192 494 10
 447 477 484
 441 380 505
 475 304 262
 52 479 458
 305 262 304
 480 505 380
 472 484 477
 503 501 491
 489 491 501
 225 299 298
 217 496 397
 240 397 496
 104 400 324
 341 324 400
 265 485 483
 365 495 502
 503 513 498
 427 412 499
 362 363 184
 229 184 363
 273 498 513
 486 445 451
 98 478 317
 503 491 513
 481 513 491
 466 317 478
 316 263 431
 503 432 501
 42 453 158
 305 431 263
 170 502 495
 268 501 432
 135 398 440
 155 440 398
 14
 497 38 309 89 2 311 382 219 232 310 364 514 57 158
 0
 26
 7 48 256 448 77 418 308 512 75 327 6 270 258 194 332 149 329 474 72 287 467 439 310 507 500 449
 0
 0
 14
 55 124 326 189 356 222 223 54 325 190 330 479 374 508
 13
 216 228 247 225 388 302 226 298 252 330 227 453 158
 0
 0
 0
 0
 0
 0
 0
 0
