498 900
4.907285 1.106014 2
4.893626 1.277357 2
4.807293 1.166631 1
4.403931 1.670555 2
4.428215 1.553005 1
4.564542 1.598689 2
2.224255 0.306330 1
2.388637 0.301507 1
2.347324 0.430043 1
5.069196 0.635702 1
4.961960 0.559769 1
5.133544 0.478251 1
3.475663 0.888661 1
3.630861 0.810948 1
3.620797 0.962889 1
2.234407 0.657481 1
2.120073 0.575014 1
2.240137 0.511258 1
4.309810 1.458320 1
4.284656 1.344871 1
4.423867 1.436994 1
3.850509 0.260440 1
3.979503 0.179251 1
4.005759 0.298898 1
3.526508 0.747543 1
2.646301 0.922937 1
2.670109 0.789847 1
2.774578 0.915790 1
1.198950 0.801339 1
1.130480 0.928674 2
1.047596 0.816552 2
2.809502 0.795452 1
5.131914 0.869455 1
4.979466 0.893651 1
5.051641 0.767929 1
3.339667 0.912487 1
3.270177 0.973470 1
3.207373 0.855838 1
2.810024 0.456545 1
2.953604 0.456908 1
2.865226 0.576531 1
2.902658 1.497932 1
2.858719 1.367423 1
3.032295 1.365025 1
3.029496 1.489282 1
3.472222 0.000000 0
3.611111 0.000000 0
3.516792 0.145812 1
1.334896 0.555154 1
1.426591 0.410512 1
1.466554 0.565998 1
3.641623 0.107255 1
4.264837 0.506349 1
4.212965 0.369220 1
4.362883 0.430394 1
4.346334 0.298179 1
1.919936 1.270345 1
1.755492 1.254920 1
1.871586 1.127154 1
1.739587 1.082100 1
2.271795 0.209714 1
4.131754 0.207418 1
1.527778 0.000000 0
1.666667 0.000000 0
1.589848 0.164068 1
3.350452 0.817033 1
2.339659 0.578731 1
4.436863 1.321819 1
1.305229 0.389658 1
4.995296 0.236381 1
5.156919 0.196422 1
5.078186 0.341365 1
5.224209 0.344523 1
1.582600 0.637034 1
1.586031 0.794422 1
1.444892 0.702479 1
1.455321 0.867097 1
1.700395 1.421035 2
1.848912 1.412530 1
1.768777 1.588196 2
4.296433 1.636482 2
3.828493 1.142571 1
3.683397 1.093184 1
3.767156 0.999493 1
1.805556 0.000000 0
1.903467 0.135013 1
1.734081 0.126238 1
4.504739 0.855871 1
4.639683 0.942703 1
4.530584 1.020250 1
4.992430 0.434300 1
2.581689 0.570891 1
2.727676 0.657350 1
2.592718 0.699527 1
3.084625 1.710023 1
3.214273 1.796005 1
3.044488 1.817739 1
1.950579 1.542280 2
4.651967 1.116920 1
1.388889 0.000000 0
1.451688 0.102339 1
1.291612 0.150376 1
1.618358 0.331709 1
1.559231 0.486486 1
1.495906 0.308210 1
1.969311 1.019273 1
2.061746 0.892063 1
2.102736 1.025609 1
3.903397 1.006895 1
2.650289 0.424858 1
2.789191 0.325970 1
4.198955 1.500195 2
3.469650 1.397828 1
3.586089 1.443134 1
3.520157 1.563006 1
2.322065 1.125849 1
2.203482 1.235145 1
2.203379 1.083952 1
3.215673 0.712031 1
3.635818 1.537494 1
3.698988 1.429815 1
3.747811 1.581453 2
3.849503 1.421999 1
3.408179 1.538060 1
4.903107 0.343548 1
1.224287 0.296905 1
1.202538 0.454328 1
1.086883 0.329925 1
3.351627 0.668842 1
1.604082 1.158693 1
3.714597 0.708935 1
3.702993 0.565209 1
3.848248 0.685716 1
3.848161 0.545098 1
2.530812 1.259939 1
2.437385 1.333153 1
2.440845 1.158403 1
4.864355 0.634513 1
4.799226 0.536415 1
2.344617 1.257511 1
2.523767 0.807827 1
2.500000 0.000000 0
2.638889 0.000000 0
2.580803 0.155104 1
3.327806 1.347803 1
3.391597 1.254465 1
3.500594 1.253994 1
2.446260 0.545086 1
4.888039 0.454218 1
4.773951 1.017079 1
3.969128 1.361352 1
3.956628 1.481164 1
1.345006 0.811477 1
3.021576 1.079524 1
3.150005 1.136741 1
3.024085 1.210747 1
3.136336 1.263274 1
3.039363 0.550608 1
2.615546 1.082204 1
2.523352 0.955785 1
3.862222 0.115869 1
4.266639 1.208421 1
4.162879 1.264773 1
4.154629 1.098465 1
1.250000 0.000000 0
3.522048 1.072109 1
2.705536 0.097139 1
3.298969 1.696324 1
3.402265 1.774331 1
3.335945 1.880307 1
3.126991 1.895258 1
2.114829 1.161689 1
1.428417 0.211565 1
2.992458 1.606666 1
2.871074 1.633615 1
3.981842 1.107964 1
4.033360 0.990844 1
4.630215 0.814108 1
3.911410 0.404852 1
4.191768 0.738060 1
4.064754 0.862926 1
4.016786 0.705493 1
4.902018 0.986021 1
5.045081 1.009605 2
2.897116 0.362254 1
4.330723 0.835721 1
4.198482 0.880987 1
3.695457 1.200774 1
2.529763 0.315156 1
2.496198 0.441729 1
4.935510 0.798596 1
4.408943 1.208203 1
2.201414 0.412802 1
1.612268 1.306570 2
2.083333 0.000000 0
2.222222 0.000000 0
2.155499 0.130976 1
2.513322 1.423509 2
2.630529 1.357583 1
2.705582 0.204520 1
2.647284 0.296403 1
1.322060 0.701230 1
4.076138 0.103667 1
3.404548 0.268258 1
3.461062 0.404400 1
3.328546 0.382219 1
3.377062 0.515177 1
4.264057 0.989583 1
4.401928 0.975729 1
3.193962 1.666452 1
2.763805 1.037202 1
3.754119 0.403516 1
3.534906 1.865153 2
3.514709 1.719278 2
5.171740 0.594230 1
3.601026 0.455091 1
3.536094 0.303084 1
4.287328 0.156011 1
4.437894 0.163075 1
4.342330 0.685432 1
4.564247 1.248620 1
4.526571 1.138205 1
3.615175 1.304414 1
1.940146 0.871278 1
4.323374 1.097108 1
2.910152 0.242337 1
3.056968 0.169976 1
3.022608 0.329511 1
1.126688 0.709832 1
2.023181 0.094830 1
1.802902 0.244661 1
3.484943 0.629437 1
3.761477 1.293916 1
4.448486 0.731356 1
1.284990 0.997983 1
1.130524 1.080647 2
3.181105 0.357897 1
3.139652 0.247285 1
3.290539 0.264936 1
3.651117 0.340842 1
4.550630 1.464148 1
2.765934 1.452646 1
2.749717 1.333528 1
4.066500 1.192001 1
3.622439 1.656989 2
2.138441 0.481055 1
3.358270 0.132785 1
5.274645 0.556224 1
5.348751 0.647325 1
5.209572 0.706741 1
2.983404 0.661308 1
4.571433 0.430196 1
4.490055 0.339435 1
4.656291 0.343453 1
4.579339 0.224829 1
1.636586 1.009266 1
1.732573 0.938516 1
3.424379 0.747733 1
2.649626 1.500520 2
4.065104 0.412415 1
4.131865 0.522479 1
5.293349 0.250840 1
3.212515 1.527108 1
3.306975 1.590395 1
1.710454 0.548027 1
3.333333 0.000000 0
5.380229 0.370990 2
5.401428 0.214096 2
3.578319 1.177414 1
1.494737 1.249506 1
1.464182 1.376227 2
1.846440 0.980156 1
2.864636 0.691966 1
1.341398 0.280135 1
1.831876 0.613857 1
1.973511 0.573318 1
1.925536 0.727707 1
2.071491 0.687137 1
4.135249 0.629142 1
1.117136 0.585166 1
0.943857 0.568149 2
1.061277 0.470094 1
0.955972 0.412901 2
3.322062 1.462646 1
2.713194 0.536243 1
1.728074 0.715074 1
1.218172 1.198164 2
1.345885 1.133201 1
1.350614 1.261764 2
1.645534 0.899312 1
1.544757 0.940892 1
5.066491 0.106432 1
1.691617 0.243349 1
3.136050 0.991132 1
4.117604 0.318278 1
4.353964 1.802044 3
3.722780 0.273609 1
2.928959 1.278061 1
1.818970 0.832252 1
3.108794 1.581715 1
1.244893 1.102499 1
1.672118 0.432130 1
3.055556 0.000000 0
2.952795 0.107677 1
2.865752 0.975219 1
2.901945 1.074872 1
2.819974 1.143045 1
3.957970 0.911975 1
1.458757 1.139654 1
3.139514 2.120711 1
3.296390 2.111793 2
3.199289 2.221692 2
1.944444 0.000000 0
2.162515 0.902203 1
5.530718 0.481856 2
5.387472 0.522666 1
3.915571 0.802402 1
1.994545 1.394618 1
2.029161 0.208161 1
3.883708 1.567199 2
3.080878 0.732427 1
3.040666 0.853878 1
3.959123 0.513422 1
3.726347 0.895825 1
3.941152 0.610507 1
4.067390 1.302073 1
4.148262 1.378936 1
4.070376 1.461076 2
5.359257 0.759984 1
4.455444 0.607523 1
4.560836 0.542137 1
4.563451 0.696712 1
4.670970 0.591237 1
3.878421 1.282080 1
1.223186 0.559792 1
5.283319 0.442716 1
2.725824 1.139400 1
2.811653 1.245847 1
4.697741 1.235568 1
3.204315 1.379568 1
3.259067 1.085353 1
4.842820 0.875042 1
1.226026 0.652913 1
3.121882 1.466238 1
3.223093 2.028296 1
3.258112 1.230243 1
4.780706 1.288361 1
2.420148 1.007251 1
4.682758 1.491060 2
4.663811 1.351062 1
4.440127 1.087113 1
4.143056 0.964561 1
3.745319 0.148263 1
2.662411 1.226015 1
2.777778 0.000000 0
2.916667 0.000000 0
2.824630 0.126071 1
3.155647 0.105018 1
1.414830 1.003783 1
2.953717 1.735142 1
2.026828 0.785144 1
2.076653 0.355921 1
1.928411 0.294825 1
1.942917 0.425354 1
4.444445 0.000000 0
4.543991 0.104653 1
3.750000 0.000000 0
1.003319 0.703230 2
4.033442 0.602806 1
5.472854 0.651649 2
1.058497 0.184312 1
0.964521 0.286455 2
0.952749 0.121463 2
3.394670 1.027432 1
3.345389 1.153100 1
3.088658 2.269545 1
3.226219 2.342403 2
3.102443 2.417721 2
5.261732 0.838786 2
5.197884 0.982405 2
2.774451 1.565211 1
3.504400 0.508635 1
2.507634 1.068091 1
3.231197 0.473336 1
3.842282 0.902299 1
3.097116 0.451777 1
2.463426 0.213157 1
2.378560 0.187229 1
2.361500 1.418024 2
2.254541 1.369898 2
4.305555 0.000000 0
4.188107 0.103704 1
2.037129 0.482115 1
3.888889 0.000000 0
3.606921 0.671055 1
3.612837 0.214986 1
4.673587 0.710112 1
4.473945 0.484199 1
5.468232 0.781475 2
4.861111 0.000000 0
5.000000 0.000000 0
4.909756 0.121741 1
2.173393 0.790393 1
4.583333 0.000000 0
4.722222 0.000000 0
4.672441 0.119825 1
3.432795 1.920420 2
4.730761 0.885847 1
1.152123 0.105043 1
1.998749 1.156131 1
2.361111 0.000000 0
2.439367 0.106791 1
2.293406 0.104691 1
2.985061 0.969088 1
3.254211 0.592756 1
2.984742 2.359340 2
2.930329 2.224630 2
2.822122 1.771414 2
4.368527 0.081179 1
5.285372 0.138369 2
1.708324 0.828011 1
5.138889 0.000000 0
5.194705 0.085142 1
4.166667 0.000000 0
1.854079 0.501035 1
1.834179 0.376955 1
4.799692 1.398689 2
2.937374 0.769187 1
2.537799 1.157463 1
3.240989 0.167097 1
2.060268 1.266113 1
2.130070 1.378753 2
3.448032 1.143824 1
2.673563 1.634048 2
3.024067 2.154481 1
2.307020 0.783294 1
4.761513 0.665579 1
1.153550 0.213930 1
2.826248 2.103138 2
2.942861 2.108407 1
2.310028 0.998124 1
2.915656 1.182207 1
3.783251 0.797203 1
3.128230 0.636367 1
4.243562 0.616111 1
2.214086 0.980023 1
4.243294 0.265448 1
4.357610 0.555006 1
2.401212 0.886268 1
2.132638 0.245777 1
2.262382 0.888277 1
1.759653 0.444356 1
2.065522 1.484890 2
1.111111 0.000000 0
4.677654 0.468864 1
4.027778 0.000000 0
2.803290 1.965028 2
2.910770 2.004319 1
2.460347 0.671721 1
1.268035 0.888256 1
3.154818 0.542404 1
4.741789 0.782922 1
4.849654 0.738157 1
1.532904 1.058559 1
2.909976 1.879384 2
2.352547 0.687952 1
1.719057 0.348415 1
4.783470 0.397058 1
4.796529 0.282452 1
3.194444 0.000000 0
4.533991 1.348814 1
4.695080 0.236925 1
2.902155 0.879769 1
2.416507 0.770873 1
3.123369 1.995431 1
3.022892 2.055470 1
1.826902 0.719624 1
4.791667 0.183726 1
4.791667 0.078739 1
3.021968 1.940591 1
2.807389 0.224724 1
3.231018 1.924711 1
2.990162 2.481465 3
3.593017 0.564681 1
3.965343 1.219341 1
2.771380 1.669078 2
1.357789 0.913241 1
4.960452 0.689004 1
4.883244 0.236595 1
4.006957 1.578603 2
5.277778 0.000000 0
3.256537 0.080980 1
0.972222 0.000000 0
1.047968 0.081641 1
3.320478 1.980983 2
3.958333 0.073239 1
3.406164 1.651777 1
5.389285 0.867283 3
 0 1 2
 3 4 5
 6 7 8
 9 10 11
 12 13 14
 15 16 17
 18 19 20
 21 22 23
 24 13 12
 25 26 27
 28 29 30
 27 26 31
 32 33 34
 35 36 37
 38 39 40
 41 42 43
 44 41 43
 45 46 47
 48 49 50
 46 51 47
 52 53 54
 55 54 53
 56 57 58
 59 58 57
 6 60 7
 61 23 22
 62 63 64
 65 35 37
 66 15 17
 20 19 67
 48 68 49
 69 70 71
 72 71 70
 73 74 75
 76 75 74
 77 78 79
 80 18 4
 81 82 83
 84 85 86
 87 88 89
 90 11 10
 91 92 93
 94 95 96
 97 79 78
 56 78 57
 77 57 78
 98 89 88
 99 100 101
 102 103 104
 49 104 103
 105 106 107
 81 83 108
 38 109 110
 80 111 18
 112 113 114
 115 116 117
 118 65 37
 119 120 121
 122 121 120
 123 112 114
 90 124 71
 125 126 127
 118 128 65
 59 57 129
 130 131 132
 133 132 131
 134 135 136
 137 138 10
 135 139 136
 140 26 25
 141 142 143
 31 26 92
 144 145 112
 112 145 146
 66 8 147
 10 138 148
 73 75 50
 98 88 149
 122 150 151
 76 152 75
 153 154 155
 156 155 154
 39 157 40
 158 159 25
 21 160 22
 161 162 163
 164 99 101
 165 14 82
 142 166 143
 167 168 95
 169 95 168
 92 26 93
 170 96 95
 171 117 116
 172 64 104
 69 71 124
 44 173 41
 174 41 173
 102 104 64
 139 116 115
 81 108 175
 176 175 108
 87 177 88
 21 23 178
 179 180 181
 182 183 0
 38 184 39
 179 185 186
 48 126 68
 81 187 82
 7 188 189
 8 7 189
 190 34 33
 67 19 191
 6 8 192
 77 193 57
 194 195 196
 197 134 198
 179 186 180
 199 200 143
 188 143 200
 201 48 75
 197 135 134
 61 22 202
 203 204 205
 206 205 204
 75 48 50
 207 185 208
 87 208 185
 94 209 95
 158 25 210
 133 211 178
 212 168 213
 9 11 214
 215 204 216
 55 217 218
 179 219 185
 220 191 221
 222 112 146
 105 223 106
 161 163 224
 225 226 227
 21 178 211
 28 30 228
 32 183 33
 194 196 229
 230 86 85
 206 231 128
 222 232 120
 122 120 232
 87 185 233
 234 235 29
 236 237 238
 215 216 239
 5 4 240
 241 198 242
 243 163 162
 119 121 244
 172 101 100
 245 17 16
 49 103 50
 45 47 246
 247 248 249
 250 40 157
 172 100 64
 251 252 253
 254 253 252
 59 255 256
 24 12 257
 65 257 12
 62 64 100
 258 198 241
 98 149 2
 259 53 260
 52 260 53
 236 238 205
 63 86 64
 72 70 261
 262 263 209
 73 103 264
 265 45 246
 109 200 110
 72 261 266
 267 266 261
 165 82 268
 140 25 159
 67 191 220
 8 189 147
 269 193 270
 59 256 271
 31 92 272
 49 273 104
 82 14 83
 90 71 11
 274 275 276
 277 276 275
 199 143 166
 179 181 278
 57 193 129
 279 280 281
 282 281 280
 55 218 252
 254 252 218
 144 112 283
 123 283 112
 91 284 92
 66 17 8
 73 285 74
 286 287 288
 289 290 74
 76 74 290
 69 291 70
 102 64 292
 153 293 154
 61 294 23
 80 3 295
 247 249 214
 21 211 296
 188 109 189
 91 189 109
 24 257 231
 105 58 271
 297 43 42
 126 281 127
 298 276 223
 262 209 299
 234 300 235
 59 271 58
 103 301 264
 185 219 233
 302 226 303
 8 17 192
 304 305 210
 306 210 305
 176 108 307
 176 163 175
 243 175 163
 215 211 131
 133 131 211
 87 89 208
 308 269 288
 287 308 288
 81 232 187
 207 224 163
 309 310 311
 84 312 85
 106 313 107
 314 315 266
 316 132 181
 56 317 78
 97 78 317
 318 229 196
 122 319 121
 118 37 320
 321 320 37
 259 260 322
 211 239 296
 172 104 273
 323 83 14
 132 324 181
 325 326 327
 328 249 248
 161 191 19
 150 325 327
 139 115 136
 329 330 331
 332 331 330
 122 333 150
 48 334 126
 72 266 335
 336 306 337
 231 257 128
 98 2 338
 156 339 43
 154 293 340
 182 149 341
 28 342 201
 339 343 43
 73 50 103
 28 201 152
 344 310 309
 156 154 345
 1 346 2
 321 37 293
 36 340 293
 247 11 335
 72 335 11
 347 136 115
 38 40 284
 92 284 40
 5 240 348
 349 348 240
 350 221 191
 226 237 227
 119 114 113
 225 303 226
 207 186 185
 176 180 351
 21 352 160
 353 336 337
 354 355 356
 302 357 226
 234 358 287
 329 331 233
 174 173 359
 276 360 223
 318 361 362
 363 362 361
 72 11 71
 32 34 249
 9 249 34
 364 365 218
 2 149 0
 326 19 111
 18 111 19
 316 180 307
 176 307 180
 366 160 352
 87 331 177
 182 0 149
 279 367 280
 368 322 260
 314 369 315
 279 281 126
 370 371 372
 318 362 85
 230 85 362
 165 373 12
 154 340 345
 374 345 340
 197 198 258
 375 376 377
 122 151 319
 32 378 379
 174 380 41
 206 381 231
 55 252 54
 158 382 159
 236 205 383
 323 14 13
 323 384 83
 125 68 126
 236 383 385
 98 221 89
 188 386 143
 387 7 60
 150 327 151
 316 181 180
 139 388 389
 222 146 268
 390 217 391
 207 208 224
 350 224 208
 275 392 16
 349 220 338
 98 338 220
 94 359 173
 366 393 160
 24 231 394
 395 47 51
 203 47 216
 395 216 47
 9 214 249
 332 396 331
 279 126 334
 32 249 378
 328 378 249
 54 252 397
 222 113 112
 197 388 135
 122 232 333
 259 322 178
 328 369 398
 274 285 264
 73 264 285
 399 400 401
 277 15 402
 403 404 405
 254 218 365
 212 406 168
 277 275 16
 87 233 331
 36 293 37
 149 407 341
 156 43 155
 297 155 43
 269 129 193
 259 178 23
 298 223 271
 105 271 223
 164 101 408
 49 68 273
 90 10 148
 91 109 284
 215 239 211
 105 107 409
 171 409 107
 410 411 412
 32 379 183
 105 409 58
 321 293 413
 188 200 109
 118 414 128
 375 415 416
 38 284 109
 174 359 417
 203 246 47
 139 135 388
 364 218 418
 70 419 261
 247 214 11
 74 285 420
 141 143 411
 56 58 409
 134 353 198
 242 198 353
 329 233 219
 328 248 369
 165 12 14
 421 422 291
 355 302 303
 423 390 391
 242 353 337
 363 424 425
 349 426 348
 375 311 376
 4 20 240
 63 84 86
 250 320 427
 321 427 320
 251 397 252
 158 353 428
 134 428 353
 429 238 237
 366 352 51
 65 12 35
 171 116 430
 431 430 116
 146 432 268
 30 367 228
 289 256 255
 433 258 380
 199 110 200
 375 416 434
 167 209 263
 277 402 360
 130 394 131
 195 412 196
 355 303 356
 435 402 15
 332 138 436
 137 436 138
 431 317 430
 56 430 317
 133 178 322
 125 437 101
 234 287 300
 286 300 287
 387 412 411
 400 421 291
 438 439 416
 347 115 440
 38 110 184
 153 155 441
 323 442 384
 250 157 443
 153 441 305
 52 444 260
 108 83 384
 364 403 365
 445 107 313
 55 446 217
 130 442 13
 323 13 442
 397 329 447
 269 308 129
 260 444 278
 250 443 320
 140 159 448
 347 448 159
 206 128 414
 318 196 449
 156 345 339
 144 339 345
 289 74 420
 245 392 361
 46 366 51
 206 204 381
 435 450 402
 451 425 424
 431 452 317
 282 127 281
 370 127 371
 18 20 4
 453 164 408
 80 4 3
 54 397 447
 251 454 330
 69 401 291
 140 93 26
 70 291 422
 130 132 442
 316 442 132
 455 423 202
 438 456 457
 140 458 93
 91 458 147
 28 459 29
 234 29 459
 106 360 402
 460 385 383
 172 273 101
 125 101 273
 203 238 246
 144 283 339
 262 339 283
 225 356 303
 375 377 415
 363 361 392
 461 462 341
 190 341 462
 153 413 293
 180 186 351
 287 358 308
 65 128 257
 463 255 129
 48 201 342
 363 275 424
 274 424 275
 59 129 255
 368 278 181
 402 450 313
 81 333 232
 222 187 232
 350 208 89
 165 268 432
 245 361 192
 463 129 308
 400 291 401
 464 417 359
 222 120 113
 66 465 15
 435 15 465
 230 466 292
 451 424 264
 274 264 424
 230 425 466
 182 33 183
 52 54 447
 467 253 468
 302 469 357
 203 216 204
 464 457 456
 349 240 470
 169 168 406
 253 471 468
 206 383 205
 245 16 392
 31 472 27
 332 330 454
 88 407 149
 91 147 189
 298 271 256
 6 192 361
 61 217 446
 349 470 220
 403 405 365
 102 301 103
 347 440 448
 67 220 470
 91 93 458
 236 227 237
 203 205 238
 349 346 426
 66 147 458
 61 391 217
 282 371 127
 369 248 315
 66 458 465
 140 473 458
 218 217 418
 390 418 217
 125 127 437
 370 437 127
 106 223 360
 254 365 405
 225 184 110
 318 449 361
 6 361 449
 329 219 447
 247 335 315
 266 315 335
 240 20 470
 179 444 219
 64 86 292
 230 292 86
 429 246 238
 67 470 20
 279 342 228
 158 336 353
 97 317 452
 354 356 166
 199 166 356
 139 389 116
 344 309 474
 475 474 309
 259 294 53
 55 53 446
 24 394 13
 130 13 394
 196 60 449
 279 334 342
 171 430 409
 56 409 430
 363 425 362
 250 427 272
 98 220 221
 448 440 450
 247 315 248
 195 410 412
 274 276 476
 477 478 401
 399 401 478
 6 449 60
 410 141 411
 182 341 33
 190 33 341
 76 290 358
 463 358 290
 464 96 479
 215 381 204
 304 27 472
 477 405 478
 404 478 405
 101 437 408
 349 338 346
 395 239 216
 167 95 209
 94 173 299
 298 476 276
 28 228 342
 277 360 276
 304 413 305
 153 305 413
 375 434 309
 363 392 275
 395 51 352
 277 16 15
 464 359 96
 207 163 351
 395 352 296
 21 296 352
 199 480 110
 170 481 474
 482 415 377
 131 394 483
 99 62 100
 225 110 480
 250 272 40
 463 308 358
 236 385 227
 39 227 385
 170 95 481
 28 152 459
 75 152 201
 298 285 476
 368 181 324
 269 270 288
 150 484 325
 251 253 454
 48 342 334
 298 420 285
 451 264 301
 279 228 367
 174 417 485
 274 476 285
 44 299 173
 350 89 221
 31 427 472
 76 486 152
 286 235 300
 423 391 202
 332 436 396
 226 357 237
 429 237 357
 158 210 336
 321 472 427
 225 480 356
 31 272 427
 254 405 471
 477 471 405
 119 113 120
 312 194 229
 161 224 191
 350 191 224
 41 380 241
 190 487 34
 9 34 487
 36 373 340
 374 340 373
 25 27 210
 304 210 27
 215 131 483
 312 229 85
 199 356 480
 445 440 117
 176 351 163
 326 162 19
 161 19 162
 69 488 401
 477 401 488
 44 43 343
 142 354 166
 119 244 114
 213 114 244
 2 346 338
 118 443 414
 318 85 229
 44 343 299
 262 299 343
 347 382 136
 115 117 440
 475 309 434
 374 373 432
 165 432 373
 467 138 454
 134 136 428
 225 227 184
 39 184 227
 460 414 443
 267 261 419
 344 474 481
 94 299 209
 332 454 138
 151 327 489
 390 364 418
 421 490 422
 375 309 311
 88 177 407
 461 407 177
 490 419 422
 207 351 186
 469 265 491
 259 23 294
 230 362 425
 222 268 187
 492 453 493
 467 454 253
 169 481 95
 150 333 484
 306 336 210
 374 145 345
 144 345 145
 12 373 35
 404 399 478
 344 494 310
 347 159 382
 53 294 446
 61 446 294
 70 422 419
 393 455 495
 431 116 389
 461 436 462
 137 462 436
 461 341 407
 206 414 383
 1 426 346
 36 35 373
 321 413 472
 460 383 414
 213 168 496
 167 496 168
 234 486 358
 416 439 434
 265 246 491
 467 468 124
 151 489 319
 133 324 132
 464 479 457
 475 457 479
 243 325 484
 254 471 253
 370 493 408
 453 408 493
 262 343 339
 137 487 462
 190 462 487
 92 40 272
 326 111 327
 429 491 246
 455 202 495
 22 495 202
 467 148 138
 395 296 239
 125 273 68
 262 283 263
 123 263 283
 137 10 487
 9 487 10
 435 448 450
 169 406 494
 460 443 157
 445 117 107
 374 432 145
 146 145 432
 435 473 448
 433 380 485
 118 320 443
 69 124 488
 170 474 479
 475 479 474
 61 202 391
 106 402 313
 171 107 117
 467 124 148
 438 457 439
 328 398 497
 196 412 60
 140 448 473
 123 114 496
 213 496 114
 170 479 96
 90 148 124
 76 358 486
 445 313 450
 258 241 380
 331 396 177
 461 177 396
 242 42 241
 41 241 42
 94 96 359
 297 441 155
 123 496 263
 167 263 496
 245 192 17
 328 497 378
 492 493 372
 387 60 412
 82 187 268
 304 472 413
 102 292 466
 316 384 442
 368 260 278
 143 386 411
 387 411 386
 81 175 484
 370 408 437
 234 459 486
 174 485 380
 451 466 425
 231 483 394
 326 325 162
 306 441 337
 297 337 441
 370 372 493
 124 468 488
 133 322 324
 368 324 322
 219 444 447
 179 278 444
 393 495 160
 22 160 495
 475 439 457
 243 484 175
 81 484 333
 39 385 157
 460 157 385
 297 42 337
 242 337 42
 461 396 436
 445 450 440
 306 305 441
 435 465 473
 429 357 491
 463 290 255
 477 468 471
 188 7 386
 52 447 444
 289 255 290
 469 491 357
 458 473 465
 215 483 381
 231 381 483
 316 307 384
 108 384 307
 152 486 459
 329 397 330
 251 330 397
 243 162 325
 344 481 494
 475 434 439
 102 466 301
 451 301 466
 298 256 420
 387 386 7
 289 420 256
 169 494 481
 477 488 468
 136 382 428
 158 428 382
 11
 5 1 295 183 348 426 379 378 3 497 0
 0
 7
 314 267 266 369 419 398 497
 0
 0
 0
 0
 0
 30
 282 433 464 77 286 97 197 438 431 482 30 388 280 416 79 258 29 456 193 417 235 367 288 415 270 372 371 389 452 485
 17
 80 212 482 295 213 121 376 377 244 111 310 327 311 319 406 489 494
 0
 0
 0
 0
 0
