498 908
9.189115 7.268899 2
9.026397 7.154194 2
9.203280 7.127573 1
8.247979 6.817800 1
8.113981 6.873288 1
8.217145 6.704888 1
8.089259 6.724121 1
8.820605 5.021739 1
8.722643 4.893626 1
8.893986 4.907285 1
8.833369 4.807293 1
8.283409 4.508610 1
8.329446 4.403931 1
8.401311 4.564542 1
8.446996 4.428215 1
9.238634 6.557529 1
9.209997 6.687902 1
9.073569 6.634866 1
9.437507 7.231271 2
9.319554 7.073822 1
9.461488 7.110020 1
9.295344 7.235176 2
8.860770 7.173469 1
8.949093 7.276841 2
8.787069 7.324305 2
8.564707 5.134566 1
8.709617 5.112521 1
8.627939 5.212504 1
8.199057 5.447165 1
8.251304 5.295807 1
8.331640 5.457134 1
9.364298 5.069196 1
9.440231 4.961960 1
9.521749 5.133544 1
9.128688 6.469355 1
7.842743 7.098644 1
7.787960 7.192854 2
7.707360 7.080917 2
8.873552 5.163724 1
8.990396 5.045081 1
8.541680 4.309810 1
8.655129 4.284656 1
8.563005 4.423867 1
8.583735 5.031181 1
8.627259 5.314714 1
8.528218 5.353157 1
8.491294 5.224998 1
9.130545 5.131914 1
9.106349 4.979466 1
9.232071 5.051641 1
8.517939 6.968341 1
8.467883 6.821981 1
8.634856 6.903939 1
9.218946 7.016593 1
9.114326 7.037601 1
9.116414 6.888556 1
8.599419 6.770926 1
7.708025 5.982225 1
7.537745 5.993568 1
7.569298 5.891051 2
8.554075 6.198953 1
8.398484 6.284443 1
8.440294 6.124748 1
8.397983 5.325667 1
9.782336 6.375421 1
9.714513 6.491006 1
9.647049 6.309723 1
8.889911 6.068428 1
8.876207 5.943291 1
9.011252 6.006241 1
8.678182 4.436863 1
9.449766 6.670732 1
9.491693 6.805404 1
9.328373 6.770059 1
8.370704 5.826476 1
8.212707 5.784408 1
8.353352 5.703722 1
9.655478 5.224209 1
9.658634 5.078186 1
9.803578 5.156919 1
9.763619 4.995296 1
9.516789 5.717927 1
9.396482 5.642149 1
9.580210 5.622232 1
9.512300 5.505040 1
9.573372 6.456118 1
8.363518 4.296433 1
9.144129 4.504739 1
9.057297 4.639683 1
8.979750 4.530584 1
9.565700 4.992430 1
9.475797 6.554090 1
9.598319 6.671058 1
8.197956 4.353964 2
8.233779 4.208621 2
8.641073 7.230170 2
8.528239 7.101644 1
8.660903 7.060245 1
8.537523 6.316555 1
7.865252 6.520246 1
7.986753 6.414214 1
8.011275 6.557845 1
10.000000 6.805555 0
9.831214 6.780807 1
9.877488 6.669086 1
8.998612 6.515900 1
8.508942 5.730789 1
8.491449 5.882424 1
9.510895 6.232086 1
9.597271 6.130297 1
9.711719 6.175150 1
8.883080 4.651967 1
7.588943 6.084669 1
8.224382 5.129714 2
8.161983 4.972324 2
8.308622 5.038104 1
8.392323 7.113672 1
8.491088 7.224000 2
8.321747 7.212061 2
9.026536 5.614038 1
9.006129 5.434222 1
9.121614 5.499931 1
7.779768 5.695951 2
7.880129 5.779633 1
7.702898 5.823640 2
8.001240 6.125637 1
8.113116 6.052567 1
8.129907 6.199393 1
8.499805 4.198955 1
9.656452 4.903107 1
8.291259 6.184776 1
8.223780 6.085759 1
7.867022 6.172415 1
7.878946 6.014209 1
7.785075 6.078959 1
8.348732 4.179103 1
9.365487 4.864355 1
9.463585 4.799226 1
7.827161 5.898561 1
9.389372 6.885819 1
9.276552 6.921955 1
9.633027 6.555438 1
8.893339 5.523998 1
9.389235 6.324122 1
9.279037 6.403996 1
9.273932 6.211929 1
9.151763 6.320628 1
7.622010 6.659157 2
7.784500 6.655800 1
7.683464 6.786697 1
9.545782 4.888039 1
7.793717 7.009913 1
8.982921 4.773951 1
8.578001 3.849503 2
8.638648 3.969128 2
8.518836 3.956628 1
9.758457 7.177536 2
9.875747 7.204134 1
9.807975 7.302424 2
8.480675 5.451016 1
8.248270 5.643020 1
8.791578 4.266639 1
8.735228 4.162879 1
8.901535 4.154629 2
9.789417 5.397940 1
9.743815 5.500126 1
9.629246 5.391258 1
7.711292 6.550242 1
7.432375 6.025464 1
7.330631 6.014463 2
7.445928 5.925075 2
9.239473 5.574383 1
9.357913 5.466718 1
7.292564 6.143494 1
7.370585 6.231817 2
7.210431 6.242014 3
8.747341 7.151793 1
7.547463 6.782708 2
7.610132 6.881110 1
8.142313 4.540506 2
8.993132 6.994118 1
9.166834 6.086993 1
9.019207 6.168121 1
8.390642 6.695442 1
8.346403 6.799728 1
9.185892 4.630215 1
9.013980 4.902018 1
8.157369 5.343278 2
7.547746 6.456608 2
7.570994 6.315656 1
7.653225 6.422995 1
9.740313 5.638144 1
9.818915 5.770711 1
9.723989 5.769244 1
8.470879 5.998748 1
8.331203 6.030407 1
7.451898 6.332393 2
8.128344 6.504840 1
8.153173 6.393335 1
9.201405 4.935510 1
8.791797 4.408943 1
8.221743 6.270603 1
8.735496 6.378618 1
8.753009 6.218511 1
8.849186 6.340629 1
8.799455 6.008124 1
9.010417 4.264057 1
9.164279 4.330723 2
9.024271 4.401928 1
8.295546 6.352772 1
7.416350 6.133093 1
7.492447 6.216510 1
10.000000 6.666667 0
8.210576 7.000502 1
8.259361 7.106859 1
8.104674 7.104176 2
8.608825 5.841091 1
8.750695 5.904475 1
8.598965 5.957848 1
9.878208 5.660171 1
8.868824 6.204435 1
9.405770 5.171740 1
8.746495 5.791094 1
8.322412 6.618354 1
8.929633 6.639293 1
8.847431 6.494970 1
8.786765 6.643507 1
9.643438 5.532288 1
8.751380 4.564247 1
8.861794 4.526571 1
8.902892 4.323374 1
8.648005 5.639409 1
8.803871 5.700864 1
8.645694 5.751071 1
9.268643 4.448486 1
8.535851 4.550630 1
9.643176 6.816199 1
9.038133 5.778345 1
8.926873 5.746908 1
8.808000 4.066500 2
9.407954 6.992599 1
9.443776 5.274645 1
9.352675 5.348751 1
9.293259 5.209572 1
8.960310 5.866012 1
9.569804 4.571433 1
9.660564 4.490055 1
9.656548 4.656291 1
9.775171 4.579339 1
7.647130 6.204130 1
7.906146 6.626646 1
8.948379 6.302454 1
8.703649 6.529664 1
8.426278 4.109686 1
9.035880 6.385995 1
9.749074 5.293266 1
9.599318 7.152754 2
8.573090 6.070598 1
8.410294 5.534955 1
9.507947 6.351065 1
9.136582 5.963425 1
9.259523 5.967681 1
9.387253 6.096727 1
9.282792 6.069672 1
10.000000 5.416667 0
10.000000 5.555555 0
9.862366 5.518735 1
9.017595 5.197884 1
8.943007 5.300575 1
9.305101 5.776990 1
9.427407 5.788477 1
9.403490 6.204954 1
8.391196 6.923357 1
8.303850 4.077287 2
9.701820 4.346334 2
9.836925 4.437894 2
9.206174 6.801451 1
10.000000 7.361111 0
9.884402 7.430390 2
9.916790 7.300453 1
9.893568 5.066491 1
8.699404 6.020217 1
9.143147 5.736123 1
8.444735 5.075212 1
8.351130 5.181495 1
7.991849 6.253964 1
9.184378 5.857446 1
10.000000 6.111111 0
10.000000 6.250000 0
9.862522 6.180937 1
9.060925 5.898763 1
8.893772 5.636862 1
8.600173 6.425545 1
10.000000 7.500000 0
9.238060 5.686774 1
8.851854 7.031663 1
8.795938 5.589827 1
9.314569 4.342330 2
8.834460 5.291018 1
9.886647 6.882835 1
9.153767 5.622250 1
8.747673 7.001902 1
7.766601 6.415366 1
8.875700 6.782248 1
9.000566 6.760541 1
8.192064 7.196077 2
8.784682 6.896964 1
8.725403 6.775643 1
9.336540 5.877294 1
10.000000 5.972222 0
9.890016 6.067082 1
9.884097 5.897996 1
10.000000 7.083333 0
9.858798 7.079720 1
8.010467 7.001027 1
7.938938 6.872695 1
8.494654 4.948745 1
10.000000 7.222222 0
9.476225 5.378482 1
8.877501 5.404268 1
8.761273 5.468201 1
8.984689 6.868281 1
9.894346 5.389453 1
8.697927 4.067390 1
8.621064 4.148262 1
8.538924 4.070376 1
9.240016 5.359257 1
8.901613 6.914772 1
9.408763 4.670970 1
9.303288 4.563451 1
9.457863 4.560836 1
9.392477 4.455444 1
9.557239 5.283425 1
8.297964 5.907558 1
9.624385 7.011266 1
9.720688 7.050440 1
8.764432 4.697741 1
8.626511 5.438052 1
8.739789 5.350778 1
7.991162 5.553521 2
8.053024 5.415451 2
8.133616 5.564425 1
7.713061 6.929952 1
9.647109 5.717340 1
9.346112 6.510459 1
9.334600 6.631521 1
9.124958 4.842820 1
8.711639 4.780706 1
8.196648 5.955211 1
7.698123 6.095406 1
7.808046 6.816317 1
8.508940 4.682758 1
8.648938 4.663811 1
9.218525 5.468232 1
8.912887 4.440127 1
9.119013 4.198482 2
7.876116 6.314047 1
7.873680 6.415968 1
8.688021 5.006658 1
8.282659 4.921088 1
10.000000 4.444445 0
9.895347 4.543991 1
10.000000 5.694445 0
8.237376 6.574747 1
8.260412 6.466754 1
8.372476 6.533932 1
8.737043 5.234947 1
9.786703 5.994103 1
8.112045 6.987551 1
8.265223 6.914089 1
8.547714 5.569932 1
8.370759 6.427242 1
8.471024 6.393604 1
8.432581 3.883755 3
9.161214 5.261732 1
9.048803 5.312334 1
9.569606 4.362883 2
8.071892 6.321529 1
8.648626 6.277834 1
7.996258 6.763969 1
8.675888 5.541084 1
9.428583 6.433308 1
8.425138 7.016284 1
9.476728 6.925831 1
9.764725 6.604926 1
9.719796 6.723753 1
7.998260 6.668141 1
8.516747 6.686068 1
8.661390 6.660290 1
7.965806 5.893101 1
8.087477 5.855208 1
8.088157 5.952601 1
8.012184 6.007595 1
9.289888 4.673587 1
9.775592 6.264836 1
9.515800 4.473945 1
10.000000 4.861111 0
10.000000 5.000000 0
9.878259 4.909756 1
10.000000 4.583333 0
10.000000 4.722222 0
9.880175 4.672441 1
8.391885 5.929610 1
7.826413 6.922435 1
7.895785 7.002352 1
9.121345 6.754663 1
9.114153 4.730761 1
8.581032 6.579071 1
7.901898 6.730320 1
7.499552 6.909820 2
9.139549 6.204449 1
9.797285 6.954320 1
9.755142 6.843324 1
7.609828 6.534926 2
8.263885 4.623531 1
9.861631 5.285372 1
10.000000 5.138889 0
9.914859 5.194705 1
8.295834 4.735635 1
8.230309 4.827884 2
8.164157 4.693324 2
9.885636 6.303110 1
7.759062 6.161599 1
8.936102 6.409224 1
9.854586 6.498920 1
10.000000 6.527778 0
9.898450 6.405153 1
8.469175 4.823543 1
8.601311 4.799692 1
8.397052 4.694332 1
8.068089 5.721681 1
8.781055 6.104211 1
9.544719 5.824807 1
9.655012 5.846220 1
10.000000 6.388889 0
9.334420 4.761513 1
8.482416 6.500474 1
7.552121 7.134439 3
7.583470 6.996770 1
7.666794 6.311472 1
9.789057 6.096117 1
9.058955 6.276330 1
8.933039 7.088361 1
9.444994 4.357610 2
7.457831 7.028260 2
10.000000 5.277778 0
8.668210 6.148387 1
7.769765 6.274017 1
9.531137 4.677654 1
9.915918 6.578643 1
8.589025 4.907459 1
7.937647 5.676692 2
10.000000 5.833333 0
8.350130 4.829906 1
9.217078 4.741789 1
9.261843 4.849654 1
8.388100 4.946356 1
8.339474 5.584421 1
8.255172 5.537175 1
9.602942 4.783470 1
9.717548 4.796529 1
8.651186 4.533991 1
9.763075 4.695080 1
7.176009 6.071414 2
9.524220 7.030573 1
8.052216 5.626583 1
10.000000 6.944445 0
7.987830 5.785263 1
8.154737 5.215671 2
8.151960 5.664776 1
9.816274 4.791667 1
9.921261 4.791667 1
9.906357 6.987324 1
9.132717 5.389285 1
9.577426 6.911754 1
9.035439 4.143056 2
8.121071 6.622148 1
9.924757 5.763889 1
7.958073 7.099554 2
8.780659 3.965343 2
9.310996 4.960452 1
9.367978 5.986574 1
9.763405 4.883244 1
9.758597 5.873807 1
8.438113 5.630522 1
8.420769 4.007967 2
8.845331 5.824608 1
9.495859 6.116432 1
9.674578 5.954826 1
9.565812 5.926412 1
8.450120 6.602623 1
9.458397 5.899045 1
9.592882 6.025506 1
9.483365 6.009024 1
9.685886 6.927042 1
9.694324 6.063309 1
8.323970 7.012460 1
7.894273 7.177075 2
 0 1 2
 3 4 5
 4 6 5
 7 8 9
 9 8 10
 11 12 13
 12 14 13
 15 16 17
 18 19 20
 21 19 18
 22 23 24
 25 26 27
 28 29 30
 31 32 33
 34 15 17
 35 36 37
 38 7 39
 40 41 42
 43 26 25
 44 45 46
 47 48 49
 27 44 46
 50 51 52
 53 54 55
 56 52 51
 57 58 59
 60 61 62
 63 30 29
 64 65 66
 67 68 69
 42 41 70
 71 72 73
 74 75 76
 77 78 79
 80 79 78
 81 82 83
 84 83 82
 85 66 65
 86 40 14
 87 88 89
 90 33 32
 71 91 92
 86 93 94
 95 96 97
 60 98 61
 99 100 101
 102 103 104
 105 34 17
 106 107 74
 108 109 66
 109 110 66
 111 89 88
 57 112 58
 113 114 115
 116 117 118
 119 120 121
 7 9 39
 106 74 76
 122 123 124
 125 126 127
 86 128 40
 90 129 78
 57 59 124
 130 127 131
 125 132 133
 133 132 134
 86 135 128
 136 137 32
 124 123 138
 73 72 139
 140 53 55
 92 91 141
 119 142 120
 143 144 145
 146 145 144
 147 148 149
 137 150 32
 35 37 151
 111 88 152
 153 154 155
 2 19 21
 156 157 158
 63 159 30
 160 76 75
 161 162 163
 164 165 166
 147 167 148
 168 169 170
 171 172 82
 84 82 172
 63 46 45
 173 174 175
 22 24 176
 80 78 129
 147 149 177
 178 177 149
 179 93 11
 50 52 97
 2 1 54
 180 54 1
 181 182 69
 183 184 5
 87 185 88
 186 39 9
 28 187 29
 188 189 190
 191 192 193
 194 62 195
 188 196 189
 101 100 197
 198 197 100
 199 49 48
 70 41 200
 130 201 127
 202 203 204
 127 126 131
 38 26 7
 67 205 68
 206 207 208
 87 208 207
 209 201 61
 168 112 210
 211 210 112
 212 102 104
 213 214 215
 216 217 218
 191 219 192
 203 220 204
 201 130 61
 31 33 221
 222 217 216
 183 5 223
 105 224 225
 226 225 224
 166 165 227
 228 200 229
 161 163 230
 47 39 48
 95 97 176
 231 232 233
 87 207 234
 95 117 96
 13 14 235
 71 92 72
 236 72 92
 119 237 238
 130 195 62
 50 97 96
 239 163 162
 140 139 240
 241 242 243
 140 240 19
 68 244 69
 245 246 247
 248 247 246
 211 112 249
 99 101 250
 67 182 220
 251 220 182
 202 225 252
 253 128 135
 111 152 10
 105 254 34
 146 34 254
 77 79 255
 20 256 18
 194 257 62
 164 166 255
 77 255 166
 258 30 159
 70 200 228
 143 108 259
 181 260 261
 90 78 33
 262 145 263
 264 265 266
 38 267 268
 269 82 270
 262 271 145
 50 272 51
 94 273 135
 181 261 263
 222 233 232
 274 275 246
 248 246 275
 116 96 117
 168 58 112
 140 276 73
 277 278 279
 80 280 79
 63 45 159
 281 218 217
 119 282 237
 283 46 284
 283 43 25
 125 127 285
 269 286 282
 287 288 289
 86 12 93
 140 55 276
 290 69 244
 106 216 107
 119 238 291
 241 243 221
 202 252 292
 60 62 257
 277 293 278
 269 294 82
 143 271 108
 84 166 227
 22 176 295
 296 232 231
 207 297 234
 38 268 298
 102 299 103
 171 300 121
 295 176 301
 146 144 34
 99 167 302
 226 224 303
 304 303 224
 305 215 214
 306 52 307
 269 308 286
 309 310 311
 312 157 313
 314 315 4
 283 316 43
 87 89 208
 312 317 157
 95 176 24
 206 230 163
 226 252 225
 84 318 166
 283 284 115
 319 142 320
 119 121 300
 198 201 209
 181 69 260
 304 321 303
 261 286 308
 67 69 182
 264 266 322
 2 21 0
 265 219 266
 296 320 142
 323 324 325
 326 243 242
 63 284 46
 161 200 41
 303 321 327
 191 83 227
 154 323 325
 328 329 330
 331 330 329
 77 166 332
 211 196 174
 74 333 75
 334 335 256
 111 10 336
 337 44 338
 106 233 216
 339 340 341
 28 341 340
 56 307 52
 178 149 342
 191 343 83
 282 286 237
 290 237 286
 81 270 82
 344 91 345
 71 345 91
 186 152 346
 3 5 184
 222 216 233
 156 256 335
 8 347 10
 348 195 131
 283 25 46
 180 55 54
 241 33 332
 77 332 33
 57 349 112
 269 282 294
 119 300 282
 149 350 342
 337 45 44
 13 235 351
 352 351 235
 158 279 278
 171 121 353
 354 229 200
 206 355 207
 356 285 100
 99 357 100
 8 7 358
 211 249 189
 331 329 234
 77 33 78
 359 115 114
 171 82 294
 47 49 243
 31 243 49
 360 361 275
 265 362 219
 363 364 365
 10 152 9
 38 366 26
 324 41 128
 40 128 41
 319 338 298
 87 329 185
 186 9 152
 348 131 126
 34 144 15
 344 15 144
 367 311 310
 71 73 345
 16 345 73
 213 215 368
 84 172 318
 99 148 167
 213 4 369
 106 370 231
 209 61 371
 372 371 61
 153 155 373
 191 193 343
 47 374 267
 375 267 374
 274 246 376
 198 377 201
 198 209 364
 202 292 378
 111 229 89
 6 4 379
 16 73 276
 231 370 380
 380 370 337
 43 358 26
 85 381 259
 319 320 338
 154 325 155
 85 91 381
 116 382 96
 130 62 61
 383 139 72
 63 29 284
 108 66 259
 384 104 385
 103 385 104
 206 208 230
 354 230 208
 106 231 233
 337 338 320
 352 228 336
 111 336 228
 181 263 145
 101 386 250
 3 369 4
 31 221 243
 56 387 388
 389 390 391
 389 391 392
 328 393 329
 202 204 225
 27 46 25
 64 66 394
 47 243 374
 326 374 243
 376 246 395
 125 133 392
 389 392 133
 57 124 138
 171 353 172
 326 172 353
 57 138 133
 140 73 139
 304 55 321
 396 397 398
 399 400 401
 85 141 91
 194 195 402
 403 315 404
 248 275 361
 125 392 126
 384 92 141
 405 55 304
 4 315 379
 87 234 329
 202 378 203
 152 406 346
 143 145 271
 407 292 252
 90 32 150
 110 394 66
 38 39 267
 47 267 39
 38 298 366
 22 1 23
 389 133 138
 149 148 350
 408 350 148
 403 342 350
 113 115 284
 178 409 177
 314 404 315
 213 368 4
 97 52 301
 181 145 410
 146 410 145
 411 412 299
 147 413 167
 13 414 11
 79 415 255
 241 221 33
 296 231 380
 413 188 190
 180 321 55
 331 234 297
 384 385 92
 236 92 385
 167 413 190
 326 242 172
 179 11 414
 337 159 45
 416 417 280
 348 333 195
 418 419 420
 288 421 289
 422 134 132
 130 131 195
 105 225 423
 384 65 424
 64 424 65
 425 424 426
 427 351 428
 352 428 351
 183 387 51
 56 51 387
 13 429 414
 306 327 295
 430 75 390
 306 307 303
 372 61 98
 14 42 235
 50 382 272
 304 224 17
 67 220 431
 203 431 220
 245 395 246
 363 365 223
 7 26 358
 2 53 19
 348 75 333
 97 301 176
 81 343 432
 433 432 343
 359 114 419
 306 303 327
 156 313 157
 143 381 144
 344 144 381
 105 17 224
 348 390 75
 434 425 426
 85 259 66
 103 299 412
 86 94 135
 328 137 435
 136 435 137
 407 436 292
 372 292 436
 287 289 310
 100 285 377
 179 414 420
 37 437 438
 397 416 280
 110 289 394
 439 190 189
 110 440 289
 226 388 252
 181 410 182
 180 295 327
 251 182 441
 22 442 1
 360 399 361
 292 98 378
 407 388 387
 191 266 219
 395 331 443
 444 438 437
 113 284 29
 167 190 302
 127 201 377
 180 1 442
 445 264 322
 445 322 415
 60 446 378
 403 350 315
 439 447 302
 356 302 447
 40 42 14
 314 4 368
 86 14 12
 376 395 443
 245 448 330
 80 398 280
 372 98 292
 384 424 449
 261 260 286
 288 434 421
 203 378 446
 43 450 358
 79 280 417
 348 126 391
 226 303 307
 140 19 53
 408 315 350
 122 451 123
 452 309 311
 427 453 429
 454 455 346
 199 346 455
 309 287 310
 272 369 184
 57 133 134
 365 364 371
 290 260 69
 354 208 89
 397 280 398
 383 240 139
 427 316 456
 258 457 30
 30 457 458
 186 48 39
 20 19 240
 459 247 460
 272 184 51
 352 235 461
 173 169 210
 247 462 460
 27 26 366
 194 107 218
 328 330 448
 93 12 11
 88 406 152
 352 461 228
 427 456 453
 173 463 169
 306 301 52
 399 401 361
 37 438 342
 178 342 438
 216 218 107
 56 388 307
 70 228 461
 334 256 464
 3 184 369
 352 347 428
 427 429 351
 427 428 450
 172 242 318
 50 96 382
 339 465 451
 430 451 465
 248 361 401
 384 449 104
 384 141 65
 331 297 443
 241 332 318
 166 318 332
 306 295 301
 407 252 388
 235 42 461
 164 322 266
 418 414 429
 70 461 42
 198 100 377
 102 466 299
 430 467 451
 427 450 316
 113 29 468
 111 228 229
 241 318 242
 160 75 469
 430 469 75
 180 442 295
 99 250 148
 470 471 398
 396 398 471
 225 204 423
 8 358 450
 199 48 346
 186 346 48
 156 335 313
 411 313 335
 375 268 267
 365 371 436
 372 436 371
 400 471 401
 470 401 471
 312 313 472
 338 44 366
 22 295 442
 352 336 347
 99 302 357
 356 357 302
 375 473 120
 121 120 473
 408 379 315
 356 100 357
 439 302 190
 422 447 249
 439 249 447
 383 474 464
 16 405 17
 466 312 472
 319 120 142
 236 474 72
 383 72 474
 206 163 475
 43 316 450
 20 464 256
 27 366 44
 6 386 476
 101 476 386
 2 54 53
 337 370 159
 168 210 169
 211 189 196
 418 420 414
 55 405 276
 192 477 311
 452 311 477
 439 189 249
 119 291 142
 64 426 424
 418 429 453
 314 215 478
 154 479 323
 245 247 448
 183 51 184
 430 390 467
 253 135 273
 425 449 424
 354 89 229
 389 138 123
 328 435 393
 84 227 83
 470 462 401
 248 401 462
 338 366 298
 161 230 200
 354 200 230
 199 480 49
 31 49 480
 160 341 458
 28 458 341
 16 276 405
 262 263 481
 334 464 474
 389 467 390
 161 41 162
 324 162 41
 422 132 447
 356 447 132
 470 398 482
 80 482 398
 105 423 254
 191 165 266
 314 368 215
 10 347 336
 173 175 463
 164 266 165
 81 83 343
 367 483 311
 192 311 483
 363 223 5
 290 286 260
 459 137 448
 411 472 313
 106 484 370
 434 426 421
 281 446 257
 261 481 263
 125 285 132
 356 132 285
 67 431 205
 304 17 405
 164 255 415
 180 327 321
 425 212 449
 328 448 137
 253 485 325
 155 325 485
 251 254 423
 416 445 417
 238 486 232
 88 185 406
 454 406 185
 445 415 417
 206 475 355
 164 415 322
 226 307 388
 13 351 429
 28 340 187
 296 142 291
 459 448 247
 344 381 91
 317 277 279
 400 396 471
 191 227 165
 143 259 381
 178 438 409
 253 273 485
 289 421 394
 64 394 421
 173 210 174
 258 159 370
 362 452 477
 251 441 254
 146 254 441
 79 417 415
 126 392 391
 454 435 455
 136 455 435
 108 271 487
 262 487 271
 454 346 406
 60 257 446
 319 298 268
 8 428 347
 194 218 257
 29 187 468
 433 488 489
 407 387 490
 8 450 428
 81 432 270
 491 270 432
 60 378 98
 492 487 493
 433 343 193
 339 341 465
 160 469 341
 459 460 129
 183 223 490
 155 485 373
 239 323 479
 248 462 247
 281 431 446
 283 456 316
 116 118 214
 136 480 455
 199 455 480
 281 257 218
 334 494 335
 411 335 494
 253 325 128
 324 128 325
 258 370 484
 492 109 487
 459 150 137
 359 456 115
 283 115 456
 192 219 477
 362 477 219
 85 65 141
 375 120 268
 319 268 120
 365 490 223
 238 232 291
 64 421 426
 411 494 412
 251 204 220
 136 32 480
 31 480 32
 492 495 109
 110 109 495
 348 391 390
 106 76 484
 160 457 76
 383 464 240
 6 476 5
 363 5 476
 80 129 482
 222 232 486
 407 490 436
 451 467 123
 209 371 364
 367 488 483
 127 377 285
 459 129 150
 121 473 353
 326 353 473
 212 104 449
 16 15 345
 344 345 15
 90 150 129
 367 495 488
 213 369 496
 182 410 441
 146 441 410
 408 148 250
 296 380 320
 454 185 393
 329 393 185
 337 320 380
 59 58 170
 168 170 58
 411 299 472
 359 453 456
 198 364 197
 363 197 364
 110 495 440
 317 279 157
 183 490 387
 359 419 453
 418 453 419
 492 489 488
 422 249 349
 112 349 249
 375 374 473
 326 473 374
 314 478 404
 35 404 478
 171 294 300
 282 300 294
 305 214 118
 408 386 379
 194 402 107
 74 107 402
 444 409 438
 433 483 488
 158 157 279
 433 489 432
 272 496 369
 28 30 458
 269 270 308
 334 474 494
 466 472 299
 491 308 270
 211 174 210
 324 323 162
 129 460 482
 236 385 412
 103 412 385
 236 494 474
 222 486 217
 68 217 486
 492 488 495
 195 333 402
 389 123 467
 262 481 493
 213 496 214
 35 151 404
 403 404 151
 290 244 237
 238 237 244
 491 489 493
 492 493 489
 403 151 342
 37 342 151
 101 197 476
 408 250 386
 6 379 386
 433 193 483
 192 483 193
 491 493 481
 251 423 204
 296 291 232
 454 393 435
 367 310 440
 363 476 197
 470 460 462
 20 240 464
 289 440 310
 365 436 490
 491 481 308
 203 446 431
 367 440 495
 262 493 487
 331 395 330
 245 330 395
 239 162 323
 116 214 496
 261 308 481
 160 458 457
 281 205 431
 238 244 486
 68 486 244
 491 432 489
 35 478 497
 57 134 349
 281 217 205
 68 205 217
 108 487 109
 236 412 494
 341 469 465
 430 465 469
 470 482 460
 74 402 333
 422 349 134
 116 496 382
 272 382 496
 35 497 36
 76 457 484
 258 484 457
 0
 14
 274 153 239 207 154 275 297 376 163 355 373 443 475 479
 0
 20
 95 156 305 158 37 21 1 117 24 437 278 256 215 23 0 478 118 18 36 497
 10
 147 444 188 437 196 177 175 174 409 413
 0
 22
 122 179 339 113 59 93 94 124 451 420 114 340 273 463 169 175 170 373 419 187 485 468
 0
 0
 0
 0
 0
 0
 0
 0
