377 679
2.224255 0.306330 1
2.388637 0.301507 1
2.347324 0.430043 1
2.234407 0.657481 1
2.120073 0.575014 1
2.240137 0.511258 1
1.127248 1.726203 1
1.287513 1.779542 1
1.172185 1.879920 2
2.646301 0.922937 1
2.670109 0.789847 1
2.774578 0.915790 1
1.198950 0.801339 1
1.130480 0.928674 1
1.047596 0.816552 1
2.809502 0.795452 1
0.790780 1.521364 1
0.866223 1.686136 1
0.720848 1.668843 1
2.810024 0.456545 1
2.953604 0.456908 2
2.865226 0.576531 2
2.902658 1.497932 2
2.858719 1.367423 1
3.032295 1.365025 2
1.616217 1.525900 1
1.768777 1.588196 2
1.625544 1.659426 2
1.334896 0.555154 1
1.426591 0.410512 1
1.466554 0.565998 1
1.919936 1.270345 1
1.755492 1.254920 1
1.871586 1.127154 1
1.739587 1.082100 1
2.271795 0.209714 1
1.527778 0.000000 0
1.666667 0.000000 0
1.589848 0.164068 1
2.339659 0.578731 1
1.305229 0.389658 1
0.985853 1.824786 1
1.035779 1.969255 2
0.868734 0.211318 1
0.964521 0.286455 1
0.812346 0.369957 1
1.582600 0.637034 1
1.586031 0.794422 1
1.444892 0.702479 1
1.455321 0.867097 1
1.700395 1.421035 1
1.848912 1.412530 1
1.805556 0.000000 0
1.903467 0.135013 1
1.734081 0.126238 1
1.218172 1.198164 1
1.350614 1.261764 1
1.181875 1.340844 1
2.581689 0.570891 1
2.727676 0.657350 1
2.592718 0.699527 1
0.311474 0.668788 1
0.467381 0.608861 1
0.442229 0.729840 1
1.950579 1.542280 2
0.000000 1.388889 0
0.149972 1.286949 1
0.099357 1.458333 1
1.388889 0.000000 0
1.451688 0.102339 1
1.291612 0.150376 1
1.618358 0.331709 1
1.559231 0.486486 1
1.495906 0.308210 1
1.969311 1.019273 1
2.061746 0.892063 1
2.102736 1.025609 1
0.833333 0.000000 0
0.952749 0.121463 1
0.771428 0.118995 1
0.000000 0.833333 0
0.118995 0.771428 1
0.121463 0.952749 1
0.900401 1.538032 1
2.650289 0.424858 1
2.789191 0.325970 1
0.375573 0.517925 1
0.579927 1.330083 1
0.693155 1.242052 1
0.699880 1.394122 1
2.322065 1.125849 1
2.203482 1.235145 1
2.203379 1.083952 1
1.224287 0.296905 1
1.202538 0.454328 1
1.086883 0.329925 1
1.204282 1.580212 1
1.276246 1.667205 1
1.604082 1.158693 1
0.210360 1.430914 1
0.309166 1.491194 1
0.166367 1.576067 2
0.269519 0.553090 1
0.268505 0.404020 1
0.916679 1.238047 1
0.965835 1.099162 1
1.031494 1.177436 1
2.530812 1.259939 1
2.437385 1.333153 1
2.440845 1.158403 1
0.339635 1.612239 2
2.344617 1.257511 1
2.523767 0.807827 1
2.500000 0.000000 0
2.638889 0.000000 0
2.580803 0.155104 1
3.327806 1.347803 1
3.391597 1.254465 2
3.469650 1.397828 2
2.446260 0.545086 1
1.083317 1.567965 1
0.191461 0.489829 1
1.345006 0.811477 1
3.021576 1.079524 1
3.150005 1.136741 1
3.024085 1.210747 1
3.136336 1.263274 1
2.615546 1.082204 1
2.523352 0.955785 1
0.340190 0.827867 1
0.859163 1.097124 1
0.409535 0.412463 1
0.000000 1.250000 0
1.250000 0.000000 0
2.705536 0.097139 1
0.142591 0.344801 1
0.293416 0.264023 1
0.507339 1.134566 1
0.563142 0.991858 1
0.619008 1.146263 1
0.196901 0.196901 1
2.114829 1.161689 1
1.428417 0.211565 1
0.963276 0.910615 1
0.494141 0.194617 1
0.426389 0.291239 1
0.354120 0.138728 1
2.897116 0.362254 1
0.955972 0.412901 1
0.651486 1.530363 1
2.529763 0.315156 1
2.496198 0.441729 1
0.998214 1.483394 1
1.034647 1.338494 1
1.096392 1.437640 1
0.914497 1.418791 1
2.201414 0.412802 1
1.612268 1.306570 1
0.705132 1.066432 1
2.083333 0.000000 0
2.222222 0.000000 0
2.155499 0.130976 1
0.677595 0.299934 1
0.644156 0.449829 1
0.555341 0.298229 1
0.519273 0.410918 1
2.513322 1.423509 2
2.630529 1.357583 2
1.311510 1.415828 1
2.705582 0.204520 1
2.647284 0.296403 1
1.322060 0.701230 1
0.587877 1.751007 2
0.729831 1.793274 1
0.651550 1.897666 2
0.800232 1.190266 1
0.810924 1.353468 1
2.763805 1.037202 1
1.019990 1.005327 1
1.940146 0.871278 1
2.910152 0.242337 1
3.056968 0.169976 2
3.022608 0.329511 2
1.126688 0.709832 1
2.023181 0.094830 1
0.349809 0.337138 1
1.802902 0.244661 1
1.284990 0.997983 1
1.130524 1.080647 1
2.765934 1.452646 2
2.749717 1.333528 1
2.138441 0.481055 1
0.213983 0.864530 1
1.636586 1.009266 1
1.732573 0.938516 1
0.555556 0.000000 0
0.694444 0.000000 0
0.624231 0.153507 1
0.000000 0.694444 0
0.000000 0.555556 0
0.152226 0.623898 1
2.065522 1.484890 1
2.097991 1.597253 2
0.000000 1.527778 0
1.710454 0.548027 1
0.849068 1.832281 1
1.321646 1.882507 2
0.580966 1.624627 1
0.759233 0.229289 1
1.494737 1.249506 1
1.464182 1.376227 1
1.846440 0.980156 1
2.864636 0.691966 1
1.341398 0.280135 1
1.831876 0.613857 1
1.973511 0.573318 1
1.925536 0.727707 1
2.071491 0.687137 1
1.002043 1.704599 1
1.580054 1.423513 1
1.117136 0.585166 1
0.943857 0.568149 1
1.061277 0.470094 1
3.322062 1.462646 3
2.713194 0.536243 1
1.728074 0.715074 1
0.590910 1.441185 1
1.345885 1.133201 1
0.568243 1.226271 1
1.645534 0.899312 1
1.544757 0.940892 1
1.507207 1.487833 1
0.878031 0.714775 1
0.778876 0.819733 1
0.717826 0.702975 1
1.691617 0.243349 1
3.136050 0.991132 1
0.487143 0.090776 1
0.086995 0.486111 1
0.630066 0.830477 1
0.492288 0.849073 1
0.592840 0.709844 1
2.928959 1.278061 1
0.786546 0.529079 1
1.818970 0.832252 1
1.244893 1.102499 1
0.277778 0.000000 0
0.416667 0.000000 0
0.000000 0.416667 0
0.000000 0.277778 0
1.672118 0.432130 1
3.055556 0.000000 0
2.952795 0.107677 1
1.115047 1.241050 1
2.865752 0.975219 1
2.901945 1.074872 1
2.819974 1.143045 1
0.390641 1.407513 1
0.441784 1.278391 1
0.496440 1.418488 1
1.458757 1.139654 1
1.944444 0.000000 0
2.162515 0.902203 1
1.994545 1.394618 1
2.029161 0.208161 1
3.040666 0.853878 1
3.080878 0.732427 2
3.207373 0.855838 2
1.223186 0.559792 1
2.725824 1.139400 1
2.811653 1.245847 1
3.204315 1.379568 2
3.259067 1.085353 1
0.910307 0.820293 1
0.972222 0.000000 0
0.000000 0.972222 0
1.226026 0.652913 1
0.783778 1.939588 2
1.003319 0.703230 1
3.258112 1.230243 1
3.270177 0.973470 2
2.420148 1.007251 1
2.662411 1.226015 1
2.777778 0.000000 0
2.916667 0.000000 0
2.824630 0.126071 1
1.414830 1.003783 1
0.407763 0.954280 1
0.280749 0.962352 1
0.799050 1.004161 1
2.026828 0.785144 1
2.076653 0.355921 1
1.928411 0.294825 1
1.942917 0.425354 1
0.304244 1.212124 1
0.299258 1.339156 1
0.804001 0.635863 1
1.058497 0.184312 1
0.184312 1.058497 1
3.345389 1.153100 2
0.711231 0.936692 1
0.437769 1.057717 1
2.507634 1.068091 1
0.588144 0.588144 1
0.513241 0.509499 1
2.463426 0.213157 1
2.378560 0.187229 1
2.361500 1.418024 2
2.254541 1.369898 2
1.412666 1.711518 2
2.037129 0.482115 1
0.967330 1.604430 1
1.494926 1.608590 2
1.201904 1.471797 1
2.173393 0.790393 1
0.000000 0.000000 0
0.138889 0.000000 0
0.114254 0.114254 1
0.000000 0.138889 0
0.877952 0.476651 1
1.297043 1.547593 1
1.152123 0.105043 1
0.104976 1.151346 1
1.998749 1.156131 1
2.361111 0.000000 0
2.439367 0.106791 1
2.293406 0.104691 1
2.985061 0.969088 1
1.708324 0.828011 1
0.694410 0.592424 1
1.854079 0.501035 1
1.834179 0.376955 1
0.227374 0.751302 1
2.983404 0.661308 2
2.937374 0.769187 1
2.537799 1.157463 1
1.396836 1.506192 1
2.060268 1.266113 1
2.130070 1.378753 1
0.912848 1.945715 2
2.307020 0.783294 1
1.153550 0.213930 1
0.213930 1.153550 1
0.216388 0.089976 1
0.091278 0.219877 1
0.829501 0.908576 1
2.310028 0.998124 1
2.915656 1.182207 1
1.426256 1.824901 2
1.378407 1.612362 1
2.214086 0.980023 1
2.401212 0.886268 1
2.132638 0.245777 1
2.262382 0.888277 1
1.759653 0.444356 1
0.319502 1.079225 1
0.000000 1.111111 0
1.111111 0.000000 0
2.460347 0.671721 1
1.268035 0.888256 1
1.532904 1.058559 1
2.352547 0.687952 1
1.719057 0.348415 1
2.902155 0.879769 1
2.169859 1.495364 2
0.526815 1.532871 1
2.416507 0.770873 1
0.402869 1.155797 1
0.416624 1.526584 1
0.472575 1.652194 2
1.826902 0.719624 1
2.807389 0.224724 1
1.357789 0.913241 1
3.394670 1.027432 2
1.047968 0.081641 1
0.081641 1.047968 1
0.904912 1.004763 1
 0 1 2
 3 4 5
 6 7 8
 9 10 11
 12 13 14
 11 10 15
 16 17 18
 19 20 21
 22 23 24
 25 26 27
 28 29 30
 31 32 33
 34 33 32
 0 35 1
 36 37 38
 39 3 5
 28 40 29
 6 8 41
 42 41 8
 43 44 45
 46 47 48
 49 48 47
 50 51 26
 52 53 54
 55 56 57
 58 59 60
 61 62 63
 64 26 51
 31 51 32
 50 32 51
 65 66 67
 68 69 70
 71 72 73
 29 73 72
 74 75 76
 77 78 79
 80 81 82
 16 83 17
 19 84 85
 61 86 62
 87 88 89
 90 91 92
 93 94 95
 6 96 97
 6 97 7
 34 32 98
 99 100 101
 86 102 103
 104 105 106
 107 108 109
 110 101 100
 108 111 109
 112 10 9
 113 114 115
 15 10 59
 116 117 118
 39 2 119
 6 120 96
 46 48 30
 121 103 102
 49 122 48
 123 124 125
 126 125 124
 127 128 9
 61 63 129
 104 130 105
 86 103 131
 65 132 66
 133 68 70
 50 26 25
 114 134 115
 135 136 103
 137 138 139
 59 10 60
 140 136 135
 141 92 91
 142 38 73
 14 13 143
 71 73 38
 111 91 90
 144 145 146
 146 145 136
 19 147 20
 148 45 44
 16 149 89
 28 94 40
 1 150 151
 2 1 151
 152 153 154
 155 153 152
 0 2 156
 50 157 32
 158 139 138
 159 160 161
 162 163 164
 165 164 163
 61 102 86
 166 107 167
 168 57 56
 169 170 115
 150 115 170
 171 28 48
 166 108 107
 48 28 30
 172 173 174
 88 175 176
 127 9 177
 178 143 13
 74 179 75
 180 181 182
 104 176 175
 12 14 183
 159 161 184
 185 131 103
 186 54 53
 187 188 13
 104 106 153
 189 167 190
 99 67 66
 142 70 69
 191 5 4
 29 72 30
 43 79 78
 192 82 81
 99 101 67
 142 69 38
 158 175 88
 34 193 194
 195 196 197
 198 199 200
 201 202 64
 36 38 69
 203 67 101
 37 54 38
 46 72 204
 205 17 41
 84 170 85
 7 206 8
 172 207 18
 43 45 208
 112 9 128
 2 151 119
 209 157 210
 34 194 211
 15 59 212
 158 88 139
 29 213 73
 214 215 216
 217 216 215
 169 115 134
 6 218 120
 173 17 205
 18 17 173
 32 157 98
 157 219 210
 220 221 222
 148 222 221
 116 118 223
 58 224 59
 39 5 2
 46 225 47
 89 149 226
 144 197 164
 162 164 197
 55 227 56
 87 228 88
 229 230 47
 49 47 230
 50 25 219
 231 219 25
 232 233 234
 71 38 235
 123 236 124
 195 197 237
 199 238 200
 150 84 151
 58 151 84
 74 33 211
 239 240 241
 63 241 240
 242 24 23
 94 222 95
 243 163 45
 162 45 163
 244 216 179
 187 245 188
 246 247 146
 248 249 135
 34 211 33
 72 250 204
 18 207 149
 251 181 252
 55 253 188
 106 188 253
 104 153 155
 2 5 156
 254 255 177
 256 177 255
 88 176 89
 158 130 175
 154 153 57
 257 258 259
 260 209 56
 227 260 56
 52 261 53
 75 262 76
 31 263 51
 64 51 263
 264 184 161
 265 266 267
 142 73 213
 41 17 218
 16 176 155
 87 259 258
 111 90 109
 28 268 94
 269 256 270
 126 271 24
 16 18 149
 124 236 272
 232 273 233
 77 274 78
 275 80 82
 172 18 173
 12 276 171
 205 277 173
 174 173 277
 46 30 72
 12 171 122
 14 273 278
 232 278 273
 126 124 279
 265 267 236
 280 272 236
 144 237 197
 121 200 238
 281 109 90
 19 21 224
 59 224 21
 180 252 181
 282 269 270
 283 284 285
 187 286 227
 104 175 130
 287 288 129
 192 129 288
 158 289 130
 216 290 179
 264 291 292
 293 292 291
 16 89 176
 220 278 221
 232 221 278
 294 295 66
 99 66 295
 220 222 94
 243 221 296
 297 44 78
 298 82 288
 264 292 53
 186 53 292
 257 295 258
 124 272 279
 178 13 188
 299 279 272
 239 300 138
 158 138 300
 137 301 138
 232 296 221
 127 302 128
 239 138 240
 287 240 138
 93 40 94
 303 304 163
 150 305 115
 306 1 35
 303 241 62
 63 62 241
 232 234 296
 178 188 105
 196 79 197
 198 200 81
 111 307 308
 239 234 233
 7 97 309
 248 135 238
 247 237 146
 215 310 4
 311 120 218
 220 94 268
 231 25 312
 106 105 188
 166 307 108
 154 313 120
 43 78 44
 192 288 82
 239 241 234
 121 238 135
 144 146 237
 214 225 204
 46 204 225
 217 3 314
 57 153 253
 217 215 4
 96 120 313
 280 236 267
 315 316 317
 315 317 318
 61 200 102
 121 102 200
 126 24 125
 242 125 24
 209 98 157
 243 319 221
 162 208 45
 168 320 313
 244 179 211
 74 211 179
 133 70 321
 132 322 66
 29 40 213
 58 84 224
 74 76 323
 141 323 76
 324 325 326
 74 323 33
 265 236 327
 16 155 83
 150 170 84
 19 224 84
 111 108 307
 47 225 328
 63 240 129
 287 129 240
 165 163 304
 294 258 295
 113 115 325
 31 33 323
 287 138 301
 303 163 329
 107 282 167
 190 167 282
 104 155 176
 284 251 252
 190 282 270
 148 221 319
 293 330 331
 162 197 208
 61 332 200
 311 17 83
 37 52 54
 333 266 334
 265 334 266
 127 282 335
 107 335 282
 168 210 336
 141 91 337
 338 337 91
 14 278 183
 229 194 193
 169 85 170
 205 41 339
 217 314 290
 160 326 161
 284 252 285
 340 314 3
 338 263 337
 31 337 263
 93 341 70
 294 66 342
 187 227 245
 55 245 227
 306 326 325
 246 146 343
 140 343 146
 140 135 344
 249 344 135
 345 233 273
 281 90 346
 19 85 147
 196 77 79
 80 198 81
 123 125 347
 7 309 348
 349 309 97
 168 336 320
 123 347 255
 350 76 262
 234 241 329
 303 329 241
 185 103 136
 42 339 41
 209 260 98
 231 336 210
 112 128 351
 281 351 128
 264 161 352
 126 279 271
 116 271 279
 229 47 328
 191 310 291
 340 353 314
 354 331 330
 338 201 263
 148 95 222
 297 95 44
 298 288 355
 132 356 322
 357 133 321
 243 329 163
 112 60 10
 140 146 136
 121 135 103
 185 136 145
 112 358 60
 58 358 119
 12 359 13
 187 13 359
 257 100 295
 99 295 100
 75 290 314
 142 213 70
 93 70 213
 116 223 271
 180 285 252
 87 89 226
 231 210 219
 293 291 310
 123 327 236
 227 286 260
 360 193 98
 28 171 276
 293 215 330
 214 330 215
 34 98 193
 314 353 262
 191 291 156
 61 129 332
 360 98 260
 192 332 129
 39 361 3
 340 3 361
 186 362 235
 148 319 45
 243 45 319
 354 330 204
 214 204 330
 186 331 362
 6 41 218
 191 4 310
 205 339 277
 15 363 11
 338 308 364
 58 119 151
 244 211 194
 0 156 291
 365 226 149
 71 250 72
 281 346 351
 154 57 313
 58 60 358
 39 119 358
 148 44 95
 287 355 288
 25 27 312
 197 79 208
 200 332 81
 39 358 361
 112 366 358
 93 95 341
 297 341 95
 294 342 355
 298 355 342
 75 179 290
 180 147 85
 231 312 336
 349 336 312
 264 352 291
 0 291 352
 38 54 235
 186 235 54
 86 131 304
 220 276 183
 127 269 282
 64 263 201
 283 285 134
 169 134 285
 111 308 91
 168 313 57
 338 364 201
 294 355 367
 294 367 258
 88 228 139
 168 56 210
 161 35 352
 220 268 276
 141 337 323
 31 323 337
 293 331 292
 333 334 212
 110 368 369
 351 346 353
 160 324 326
 214 216 370
 0 352 35
 324 113 325
 49 230 286
 360 286 230
 254 11 363
 137 228 258
 87 258 228
 70 341 321
 66 322 342
 349 312 309
 244 370 216
 12 183 276
 217 290 216
 254 327 255
 123 255 327
 293 310 215
 217 4 3
 169 371 85
 239 233 300
 50 219 157
 68 36 69
 203 65 67
 180 85 371
 333 212 21
 365 369 368
 360 260 286
 287 301 355
 55 57 253
 12 122 359
 137 258 367
 48 122 171
 244 225 370
 209 210 56
 28 276 268
 244 328 225
 7 348 206
 354 204 250
 220 183 278
 214 370 225
 345 300 233
 15 334 363
 49 372 122
 55 188 245
 127 177 269
 265 363 334
 311 218 17
 86 304 62
 180 371 285
 15 212 334
 106 253 153
 261 159 184
 316 246 343
 249 318 344
 280 373 272
 299 272 373
 9 11 177
 254 177 11
 261 184 53
 169 285 371
 350 346 92
 114 283 134
 264 53 184
 281 302 109
 90 92 346
 107 109 335
 180 182 147
 20 147 182
 96 313 320
 247 195 237
 199 248 238
 165 145 164
 165 131 145
 365 368 259
 165 304 131
 186 292 331
 274 357 374
 356 275 375
 256 269 177
 299 117 279
 116 279 117
 281 128 302
 43 208 79
 192 81 332
 338 91 308
 365 149 207
 257 259 368
 345 289 300
 158 300 289
 345 273 143
 265 327 363
 187 372 286
 345 143 376
 297 374 321
 357 321 374
 298 322 375
 356 375 322
 59 21 212
 93 213 40
 340 351 353
 350 92 76
 202 201 364
 340 366 351
 172 369 207
 365 207 369
 316 343 317
 318 317 344
 75 314 262
 141 76 92
 161 326 35
 112 351 366
 49 286 372
 350 262 353
 154 120 152
 311 152 120
 257 368 100
 190 23 189
 22 189 23
 178 105 376
 130 376 105
 242 347 125
 144 164 145
 185 145 131
 191 156 5
 274 374 78
 275 82 375
 306 35 326
 254 363 327
 71 235 362
 115 305 325
 306 325 305
 110 100 368
 365 259 226
 297 321 341
 298 342 322
 187 359 372
 243 296 329
 234 329 296
 354 362 331
 303 62 304
 256 347 270
 242 270 347
 298 375 82
 297 78 374
 140 344 317
 140 317 343
 137 139 228
 130 289 376
 242 23 270
 190 270 23
 349 320 336
 350 353 346
 256 255 347
 340 361 366
 360 230 193
 155 152 83
 349 97 320
 96 320 97
 150 1 305
 229 193 230
 358 366 361
 355 301 367
 122 372 359
 345 376 289
 14 143 273
 87 226 259
 71 362 250
 137 367 301
 178 376 143
 354 250 362
 244 194 328
 306 305 1
 311 83 152
 229 328 194
 109 302 335
 127 335 302
 0
 0
 0
 0
 13
 280 333 299 20 181 118 267 373 266 182 21 223 117
 0
 0
 0
 0
 27
 110 172 64 166 42 174 202 101 307 22 26 8 348 277 167 271 369 339 364 312 24 223 308 309 189 206 27
 0
 0
 0
 0
 0
 0
 0
 0
 0
 0
