385 689
2.266543 4.837543 1
2.354569 4.780239 1
2.362011 4.940258 1
2.475768 4.831185 1
3.232097 6.046488 1
3.313665 6.154677 3
3.153175 6.102249 2
2.064463 5.800741 1
1.933685 5.698942 1
2.098961 5.691370 1
3.309231 5.982487 1
3.141533 5.941434 1
1.945885 5.835670 1
3.291459 5.875754 1
1.597471 5.537529 1
1.534143 5.440955 2
1.696365 5.417908 1
2.866452 6.026040 1
2.981438 5.978270 1
2.938483 6.124635 2
1.605105 5.323936 1
3.052152 6.061598 1
2.973837 5.854323 1
2.857029 5.780483 1
3.046258 5.754431 1
2.916168 5.671409 1
1.625208 4.773975 1
1.634479 4.644356 1
1.755826 4.672694 1
1.747181 4.815470 1
2.628444 4.929286 1
2.494393 5.003564 1
4.723909 5.068506 1
4.847394 4.979242 2
4.890870 5.132880 2
1.723917 5.896436 1
1.803463 6.010889 1
1.660720 6.017687 1
1.720692 6.157330 1
1.845991 4.317462 1
1.710832 4.271868 1
1.848897 4.146701 1
4.243496 4.933706 1
4.234445 4.810615 2
4.356071 4.907642 2
3.989424 5.286408 1
4.150170 5.339636 1
4.049580 5.430021 1
4.102524 5.218718 1
2.848079 5.061532 1
2.716476 5.031258 1
2.764699 4.932348 1
2.881194 4.935314 1
2.107111 6.010770 1
2.195521 6.087101 1
2.088281 6.169971 1
3.406950 5.209372 1
3.306184 5.104462 1
3.421729 5.051481 1
2.005201 5.571858 1
1.972178 4.097893 1
1.844278 3.966350 2
4.596781 5.505511 2
4.634031 5.393753 1
4.767055 5.487215 2
1.948714 4.534981 1
1.952836 4.392175 1
2.077769 4.478052 1
3.213394 5.191581 1
3.298322 5.287309 1
2.677975 4.403424 2
2.632258 4.578031 1
2.560628 4.436356 1
3.965637 4.859202 1
4.098414 4.774844 1
4.116724 4.919291 1
1.998426 6.103631 1
3.629506 5.674319 1
3.675593 5.526574 1
3.741936 5.683527 2
3.789196 5.580353 2
2.748864 4.504391 1
1.696916 6.314753 1
1.592284 6.279613 2
2.218435 4.216924 2
2.368239 4.274683 2
2.195001 4.360684 1
2.319805 4.424444 1
2.162099 4.878536 1
2.217421 4.707479 1
3.447616 5.752425 1
3.519192 5.612889 1
3.560547 5.764571 1
3.203882 5.822182 1
4.403582 5.393932 1
4.367148 5.274304 1
4.506149 5.309174 1
1.708725 4.146117 1
2.076948 4.795655 1
3.001331 5.595352 1
3.073294 5.462520 1
3.104973 5.640267 1
3.036210 5.285058 1
3.164217 5.324009 1
2.639488 5.494450 1
2.767023 5.534519 1
2.638286 5.646004 1
2.791103 5.659033 1
3.285072 4.974949 1
1.590164 6.121782 2
4.725826 4.925068 2
3.423122 6.009644 2
3.420814 4.912316 1
3.522639 5.143044 1
3.803937 5.090874 1
3.644509 5.074558 1
3.738236 4.948034 1
2.883681 5.235128 1
2.739348 5.145971 1
2.747687 5.279744 1
2.054163 4.363466 1
2.211415 4.472812 1
3.754881 5.387010 1
3.830001 5.262227 1
3.897923 5.397285 1
1.473827 5.352179 2
1.516472 5.222009 2
3.989231 4.708849 2
2.559604 4.702583 1
2.620094 4.801671 1
2.369568 5.111186 1
2.405827 5.246504 1
2.282167 5.236704 1
1.981885 4.254064 1
3.189224 4.781227 1
3.283570 4.849749 1
3.133970 4.921449 1
2.723489 4.742270 1
3.945071 5.537083 2
3.818583 5.480961 1
2.249674 5.133719 1
2.958092 5.380297 1
2.482970 5.945004 1
2.594559 5.844851 1
2.656853 5.952880 1
2.499365 5.572994 1
2.526701 5.421016 1
4.559124 5.076210 1
4.616161 4.974397 2
3.049341 4.632110 1
2.900057 4.632640 1
2.965014 4.544440 1
2.946177 4.744067 1
1.819209 5.788214 1
4.886099 5.298410 1
4.771914 5.224289 1
2.266217 6.002661 1
2.244823 5.896971 1
2.139534 5.880462 1
3.416707 5.654121 1
3.519774 5.432137 1
2.056813 4.649498 1
1.783377 6.277089 1
4.440813 5.201459 1
2.573590 6.040870 1
3.306064 4.596165 2
3.447032 4.666956 2
3.290806 4.717952 1
3.381533 4.790601 1
2.505281 5.722375 1
2.360957 5.697104 1
1.541535 4.288084 2
1.557101 4.441323 1
1.435274 4.418665 2
3.482398 4.827260 1
2.614580 5.068915 1
2.373101 5.553058 1
4.650256 5.168060 1
3.565191 4.752255 1
2.196571 6.194947 1
2.346585 6.143816 2
2.282090 6.289904 2
2.958561 5.491240 1
3.652773 5.830866 2
3.510746 5.861794 2
1.554171 5.074500 2
1.649491 5.183521 1
3.387095 5.854040 1
1.997262 3.961263 2
2.215323 5.675426 1
2.220497 5.793075 1
3.182012 5.557523 1
2.170873 4.567527 1
1.666563 4.399127 1
2.334530 5.834524 1
2.293629 4.533353 1
2.364146 4.641335 1
1.511669 4.565185 1
1.487731 4.716579 2
2.146028 5.581932 1
1.620126 4.919281 2
1.745081 4.939768 1
4.228453 5.249140 1
4.223283 5.113678 1
4.090350 5.075854 1
4.772575 5.352796 1
4.897430 5.420352 1
1.592145 4.171113 2
1.690180 5.050747 1
1.852256 4.457335 1
1.884973 6.114752 1
3.189896 5.445690 1
4.009738 4.968693 1
3.616906 5.228161 1
3.632662 5.360464 1
3.724198 5.187801 1
1.914454 5.282464 1
2.052919 5.351081 1
1.933411 5.425395 1
1.678203 3.965249 2
1.757389 4.056217 1
1.939620 5.144183 1
1.848137 5.192117 1
1.825933 5.051859 1
1.959572 5.977446 1
4.979389 5.225710 2
3.749798 4.799947 1
3.696275 4.709718 2
3.841367 4.732700 2
2.468989 4.628735 1
2.523161 4.529856 1
1.862262 6.226519 1
1.912050 6.310066 1
4.349597 5.130523 1
1.659293 6.444950 3
1.954613 6.582535 2
1.978818 6.434281 1
2.088911 6.516935 2
2.142704 5.215140 1
2.197273 5.369653 1
1.949055 4.990519 1
2.078709 4.956062 1
2.046958 5.102517 1
3.185332 5.716519 1
1.492842 5.722325 2
1.599322 5.826808 1
1.484004 5.872913 2
1.854272 5.900525 1
1.853078 6.394500 1
2.843946 5.346820 1
3.064560 6.175085 2
1.758602 5.662060 1
1.720629 5.535300 1
1.859047 5.557207 1
2.019053 5.225721 1
2.118942 4.284904 1
2.823711 4.393661 2
3.102245 5.190632 1
3.193439 5.063548 1
3.065319 4.494302 2
3.173604 4.555604 2
2.442650 4.721149 1
1.758916 5.154770 1
2.525452 5.281466 1
2.634807 5.354449 1
1.512895 5.982413 2
1.963672 4.855675 1
3.613718 4.608540 2
1.753081 6.410414 1
2.093771 4.187382 1
3.554677 4.894423 1
3.533933 5.005734 1
3.077426 5.065394 1
2.976465 4.996763 1
2.980428 4.866797 1
2.161426 5.086014 1
2.191758 4.977833 1
4.186042 5.012258 1
1.738686 4.527773 1
1.624204 4.521267 1
2.411756 5.449990 1
2.181320 6.395429 2
2.078305 6.379520 1
3.947360 5.059838 1
3.918432 5.171042 1
2.776603 4.618862 1
2.085275 4.074595 2
2.515239 6.158843 2
2.465141 6.063437 1
3.315720 5.737246 1
4.449084 4.999966 2
2.849089 4.819247 1
2.815677 6.244118 2
2.660096 6.213124 2
2.796990 6.126307 1
2.264250 4.935091 1
2.862094 4.510117 1
2.703638 6.067058 1
2.384405 6.022806 1
2.839083 4.711417 1
1.373677 4.553658 2
1.812431 5.456323 1
2.524874 4.329898 2
2.440646 4.411197 1
2.626641 5.202529 1
2.444946 5.828526 1
2.717163 4.844965 1
3.251264 5.385256 1
3.381427 5.371530 1
3.278691 5.499142 1
3.077367 4.789127 1
1.768899 4.404296 1
1.632814 5.711406 1
3.409681 5.515831 1
3.649375 4.834450 1
3.166606 4.677914 1
2.986669 5.144243 1
2.200501 5.493474 1
2.304739 5.460426 1
1.762124 5.277796 1
1.837731 5.358323 1
2.089673 5.470119 1
2.327956 5.344021 1
4.274296 5.361598 1
1.860227 6.496627 1
2.438673 5.348428 1
2.771141 5.990453 1
2.741679 5.866411 1
2.704592 5.756721 1
3.875270 4.965647 1
4.314944 5.007007 1
1.845996 4.885234 1
4.203794 5.453638 1
4.104136 5.545857 2
2.194062 4.086891 2
2.506077 5.152360 1
3.510435 5.292639 1
4.650166 5.279795 1
3.338020 5.587583 1
4.464545 5.116072 1
3.624146 4.951439 1
1.866666 4.740505 1
1.598852 5.928372 1
2.274977 5.033824 1
4.517680 5.427602 1
1.708726 5.785487 1
2.359648 5.921749 1
2.021545 6.303704 1
4.460289 5.534797 2
4.314150 5.465457 2
4.021440 5.155866 1
3.713630 5.288313 1
3.834062 4.861106 1
4.097756 4.656532 3
2.266949 5.578924 1
2.043949 5.901158 1
2.613141 6.119974 1
1.762708 6.517904 2
2.885120 5.567744 1
1.935556 3.863652 3
4.546166 5.191502 1
1.980952 4.739970 1
1.847712 4.590309 1
2.861234 5.904022 1
2.606400 5.743266 1
1.516116 4.814785 2
3.243331 5.637528 1
2.401201 4.527609 1
1.424073 4.634500 2
2.755666 5.402276 1
1.940171 4.651053 1
4.894711 5.543684 2
2.874966 5.450286 1
5.018191 5.345380 3
4.216404 4.703088 2
5.004020 5.485520 3
2.138969 6.287920 1
2.956564 4.427278 2
4.228028 5.563161 2
1.632625 4.071932 2
1.458034 5.570761 2
1.556930 5.627866 1
1.823849 6.603411 2
1.654394 5.613462 1
1.962033 6.206042 1
 0 1 2
 1 3 2
 4 5 6
 7 8 9
 10 4 11
 12 8 7
 13 10 11
 14 15 16
 17 18 19
 15 20 16
 18 21 19
 22 23 24
 23 25 24
 26 27 28
 26 28 29
 3 30 31
 32 33 34
 35 36 37
 38 37 36
 39 40 41
 42 43 44
 45 46 47
 48 46 45
 3 31 2
 49 50 51
 49 51 52
 53 54 55
 56 57 58
 59 9 8
 60 41 61
 62 63 64
 22 24 11
 65 66 67
 68 57 69
 70 71 72
 73 74 75
 76 53 55
 69 57 56
 21 11 6
 77 78 79
 80 79 78
 81 71 70
 11 4 6
 38 82 83
 84 85 86
 87 86 85
 0 88 89
 90 91 92
 11 24 93
 94 95 96
 97 41 40
 89 88 98
 99 100 101
 102 103 100
 104 105 106
 107 106 105
 108 58 57
 38 83 109
 32 110 33
 5 10 111
 108 112 58
 56 58 113
 77 92 91
 114 115 116
 49 117 118
 119 118 117
 120 86 67
 5 4 10
 86 121 67
 122 123 124
 45 124 123
 20 125 126
 73 127 74
 3 128 129
 130 131 132
 39 41 133
 134 135 136
 137 128 71
 138 80 139
 3 129 30
 130 132 140
 102 100 141
 142 143 144
 104 145 146
 32 147 148
 149 150 151
 149 152 150
 12 153 8
 154 155 34
 32 34 155
 156 53 157
 158 157 53
 90 159 91
 77 91 78
 160 78 91
 98 161 89
 38 162 82
 163 96 95
 142 144 164
 165 166 167
 168 167 166
 108 136 135
 169 170 145
 171 172 173
 168 166 174
 175 30 50
 51 50 30
 176 145 170
 32 177 147
 166 178 174
 32 148 110
 179 180 181
 99 182 100
 183 184 92
 185 186 126
 111 10 187
 60 61 188
 189 190 9
 9 190 7
 104 106 145
 100 191 101
 192 89 161
 171 40 193
 194 190 170
 192 195 89
 196 89 195
 197 27 198
 26 198 27
 59 199 9
 26 29 200
 201 200 29
 189 170 190
 202 48 203
 204 203 48
 171 193 172
 64 205 206
 122 139 78
 171 207 40
 185 208 186
 111 187 184
 65 209 66
 120 67 66
 38 36 210
 100 103 211
 73 75 212
 102 141 117
 213 113 115
 122 78 214
 114 215 115
 213 115 215
 156 180 54
 179 54 180
 20 15 125
 216 217 218
 80 78 139
 179 55 54
 219 61 220
 221 222 223
 138 124 47
 45 47 124
 76 210 224
 36 224 210
 154 34 225
 226 227 228
 77 79 183
 229 230 71
 128 229 71
 231 232 162
 230 72 71
 202 203 233
 82 234 83
 154 206 205
 130 2 31
 202 233 95
 235 236 237
 238 239 217
 240 241 242
 243 93 24
 244 245 246
 35 247 36
 232 248 162
 117 141 249
 21 250 19
 251 252 253
 251 253 8
 22 11 18
 21 18 11
 238 217 254
 216 254 217
 120 133 255
 13 187 10
 81 70 256
 68 257 258
 149 259 260
 3 261 128
 262 223 222
 263 264 146
 104 146 264
 12 247 153
 160 214 78
 265 37 109
 240 266 241
 267 178 166
 248 268 162
 133 269 255
 175 31 30
 270 271 112
 98 241 266
 38 210 231
 272 273 136
 274 136 273
 61 41 220
 204 212 75
 275 241 276
 242 241 275
 204 75 277
 13 11 93
 251 8 153
 76 224 53
 278 279 193
 137 129 128
 176 280 145
 146 145 280
 281 237 282
 43 75 74
 43 42 75
 60 133 41
 114 283 284
 114 284 123
 137 71 285
 60 188 286
 60 269 133
 287 180 288
 272 258 257
 13 93 289
 147 290 148
 274 291 152
 292 293 294
 0 2 295
 38 231 162
 150 285 296
 297 294 293
 156 298 180
 240 221 223
 20 126 186
 291 299 152
 197 300 173
 301 253 252
 302 303 85
 119 264 304
 263 304 264
 194 170 305
 51 30 306
 307 308 309
 134 136 310
 278 193 311
 244 312 245
 308 313 309
 238 254 242
 192 161 67
 65 67 161
 226 116 314
 240 242 221
 165 167 315
 49 273 316
 272 316 273
 49 118 50
 59 8 253
 317 239 318
 197 173 172
 82 162 268
 97 40 207
 169 145 106
 237 236 282
 99 24 25
 319 320 16
 317 321 239
 13 289 187
 165 315 260
 270 112 174
 322 318 239
 169 305 170
 102 117 316
 217 239 321
 262 186 208
 248 232 236
 94 323 95
 248 236 324
 217 321 218
 59 218 321
 263 146 325
 17 294 326
 81 296 285
 204 283 212
 327 143 328
 114 329 283
 115 113 271
 330 290 233
 73 228 127
 301 16 320
 178 227 314
 240 331 266
 267 227 178
 45 123 284
 58 112 271
 307 211 103
 332 333 47
 84 269 334
 240 223 331
 130 31 335
 49 316 117
 114 116 329
 158 7 190
 138 47 333
 263 131 335
 56 336 308
 160 308 336
 337 63 96
 149 315 310
 313 159 338
 189 9 199
 91 159 313
 290 339 233
 115 340 116
 341 266 331
 35 342 245
 327 328 23
 107 23 328
 149 310 152
 138 139 124
 150 152 299
 20 186 319
 160 91 313
 68 258 57
 130 343 2
 20 319 16
 96 63 344
 274 310 136
 64 63 205
 35 245 345
 242 254 221
 169 143 305
 142 305 143
 142 346 305
 347 236 232
 149 151 259
 59 321 199
 272 136 258
 108 258 136
 94 348 349
 204 350 283
 49 52 273
 235 324 236
 73 212 329
 283 329 212
 122 351 123
 98 88 241
 114 123 215
 297 326 294
 154 205 155
 337 155 205
 226 352 116
 77 183 92
 353 74 127
 189 354 170
 176 170 354
 56 113 336
 213 336 113
 116 340 314
 278 28 27
 158 53 355
 130 335 131
 156 54 53
 238 242 275
 243 289 93
 297 293 356
 119 117 249
 120 66 133
 39 133 66
 35 37 342
 58 271 113
 262 319 186
 87 85 303
 274 52 291
 357 268 324
 107 105 358
 90 92 184
 327 144 143
 35 153 247
 107 328 106
 36 247 224
 61 359 188
 147 177 360
 248 324 268
 341 29 28
 201 331 223
 14 16 252
 194 305 346
 98 266 361
 175 118 304
 119 304 118
 341 28 362
 22 18 363
 73 352 228
 17 19 294
 100 211 191
 12 224 247
 341 361 266
 251 153 345
 169 106 364
 51 306 291
 137 291 306
 26 365 198
 160 336 214
 213 214 336
 0 89 1
 196 1 89
 107 358 25
 287 356 293
 265 342 37
 193 279 172
 59 253 218
 301 218 253
 251 345 312
 338 366 309
 191 309 366
 332 47 46
 150 296 151
 175 335 31
 17 363 18
 97 220 41
 197 279 27
 341 331 29
 38 109 37
 196 367 229
 197 198 368
 160 313 308
 104 369 105
 185 200 208
 201 208 200
 263 335 304
 104 264 369
 274 273 52
 26 200 365
 169 364 143
 45 350 48
 202 46 48
 322 132 131
 180 298 288
 278 27 279
 87 121 86
 163 360 96
 337 96 360
 56 308 69
 307 69 308
 51 291 52
 341 362 370
 64 206 371
 372 105 369
 238 140 132
 119 369 264
 196 195 367
 230 303 72
 262 222 319
 216 319 222
 84 86 255
 154 225 373
 84 255 269
 68 69 103
 307 103 69
 192 67 121
 45 284 350
 230 367 303
 143 364 328
 226 314 227
 65 362 209
 278 209 362
 98 361 161
 216 320 319
 330 203 277
 130 140 343
 302 70 72
 372 249 141
 278 311 209
 238 275 140
 137 299 291
 353 374 74
 337 177 155
 32 155 177
 22 363 23
 90 187 289
 216 218 320
 245 312 345
 270 178 314
 53 224 355
 238 132 239
 375 206 373
 154 373 206
 81 285 71
 65 161 370
 347 282 236
 297 164 144
 179 181 376
 281 376 181
 338 309 313
 377 296 256
 108 135 112
 168 112 135
 270 174 178
 276 241 88
 39 66 209
 269 286 334
 60 286 269
 317 199 321
 327 23 363
 120 255 86
 108 57 258
 102 316 257
 175 304 335
 265 246 342
 245 342 246
 202 323 46
 332 46 323
 330 233 203
 332 378 333
 163 95 233
 330 42 44
 292 294 19
 216 221 254
 330 277 42
 201 29 331
 12 355 224
 191 366 101
 243 101 366
 322 239 132
 377 151 296
 276 343 275
 140 275 343
 219 220 379
 97 379 220
 230 229 367
 163 339 360
 147 360 339
 317 318 354
 176 354 318
 272 257 316
 283 350 284
 134 310 315
 244 380 381
 87 195 121
 99 358 182
 81 256 296
 119 249 369
 168 174 112
 134 167 135
 168 135 167
 107 25 23
 142 298 346
 122 124 139
 142 164 288
 338 159 289
 90 289 159
 337 205 63
 213 351 214
 62 344 63
 204 277 203
 317 354 199
 189 199 354
 372 358 105
 175 50 118
 134 315 167
 99 101 24
 243 24 101
 43 74 374
 90 184 187
 197 172 279
 235 382 324
 35 345 153
 14 380 15
 244 381 312
 87 367 195
 377 259 151
 94 96 344
 193 40 311
 39 311 40
 301 320 218
 116 352 329
 216 222 221
 204 48 350
 274 152 310
 30 129 306
 68 103 257
 102 257 103
 147 339 290
 278 362 28
 39 209 311
 251 312 383
 287 164 356
 338 289 366
 327 326 144
 122 214 351
 322 280 318
 75 42 277
 270 314 340
 142 288 298
 243 366 289
 276 88 295
 197 368 300
 99 25 358
 94 344 348
 62 348 344
 337 360 177
 330 44 290
 297 144 326
 322 131 325
 263 325 131
 332 349 378
 322 325 280
 287 288 164
 327 363 326
 357 234 268
 297 356 164
 347 55 376
 97 207 379
 161 361 370
 17 326 363
 14 381 380
 149 260 315
 202 95 323
 213 215 351
 94 349 323
 332 323 349
 372 369 249
 226 228 352
 192 121 195
 262 208 223
 201 223 208
 73 329 352
 179 376 55
 375 371 206
 0 295 88
 82 268 234
 302 72 303
 347 376 282
 301 252 16
 341 370 361
 128 261 229
 196 261 1
 123 351 215
 76 384 210
 231 210 384
 196 229 261
 357 324 382
 163 233 339
 156 346 298
 106 328 364
 372 182 358
 251 383 252
 14 252 383
 372 141 182
 150 299 285
 137 285 299
 194 157 190
 87 303 367
 65 370 362
 281 282 376
 176 318 280
 347 384 55
 76 55 384
 137 306 129
 100 182 141
 191 211 309
 307 309 211
 270 340 271
 115 271 340
 347 232 384
 231 384 232
 312 381 383
 3 1 261
 146 280 325
 21 6 250
 2 343 295
 276 295 343
 194 346 157
 156 157 346
 12 7 355
 158 355 7
 158 190 157
 14 383 381
 0
 0
 11
 43 353 110 34 33 373 290 225 148 44 374
 0
 0
 23
 185 265 219 171 244 61 173 126 125 198 380 300 200 234 83 246 359 109 379 207 15 368 365
 0
 19
 377 84 165 267 353 302 166 70 85 127 256 188 334 260 228 359 227 259 286
 0
 0
 0
 15
 287 281 292 5 235 180 357 237 293 19 181 234 382 250 6
 0
 15
 62 5 138 375 64 80 111 183 184 333 348 371 79 378 349
 0
 0
 0
 0
 2
 375 373
 0
