388 702
4.792192 8.827494 1
4.900336 8.739722 1
4.900708 8.889679 1
5.018963 8.822566 1
4.518532 9.039821 1
4.623083 9.182564 1
4.474886 9.182805 1
4.643481 9.022559 1
3.984750 9.683025 1
4.081141 9.703469 1
3.991364 9.808573 1
3.044516 8.797724 1
2.927110 8.801484 1
2.978158 8.659540 1
3.125738 8.723030 1
4.154042 9.791286 1
4.690049 8.661431 1
4.815514 8.530622 2
4.799302 8.686742 1
3.948256 8.299196 1
3.843820 8.384261 1
3.843518 8.238039 1
3.734205 8.298347 1
3.850071 9.739372 1
5.033668 8.974723 1
4.887443 9.018431 1
5.160952 8.874516 2
5.117629 9.121278 1
5.054770 9.226753 1
4.976250 9.108380 1
2.988788 8.221578 1
2.848468 8.223381 1
2.938308 8.067600 1
3.081775 8.353309 1
2.937531 8.385432 1
2.634778 9.100739 2
2.751874 9.095387 1
2.661494 9.223904 2
3.611111 10.000000 0
3.472222 10.000000 0
3.516792 9.854188 1
2.809457 9.542949 1
2.863925 9.418609 1
2.953662 9.542715 1
2.807078 9.202169 1
3.641623 9.892745 1
2.601451 8.230957 1
2.705326 8.289047 1
2.563487 8.380516 1
4.992723 9.561673 1
4.955625 9.444233 1
5.100862 9.495233 1
5.104562 9.353175 1
3.455959 8.054653 2
3.603015 8.014289 2
3.522590 8.166489 1
2.826501 8.085840 1
3.357792 9.078940 1
3.207491 9.144413 1
3.270567 9.026120 1
4.134202 8.347101 1
3.981994 8.390379 1
4.054682 8.266901 1
3.600476 8.706468 1
3.692692 8.572439 1
3.757893 8.727348 1
3.350409 9.182704 1
2.610155 8.909194 1
2.535382 9.000408 2
2.507951 8.842249 2
3.841172 8.600904 1
3.907595 8.740753 1
3.835572 8.882611 1
2.684485 8.547401 1
2.845678 8.557736 1
2.742036 8.654783 1
2.753611 9.666281 1
2.642692 9.569966 2
2.685320 8.413293 1
3.426557 8.510435 1
3.487289 8.414026 1
3.542542 8.558068 1
3.612251 8.459483 1
4.752560 9.091887 1
4.753585 9.217464 1
4.921981 8.624599 1
5.494482 9.751087 1
5.389594 9.632672 1
5.532137 9.655560 2
2.796300 8.460410 1
4.255176 8.445662 1
4.310953 8.315970 2
5.214862 8.622054 2
5.107150 8.727748 1
5.044873 8.595980 1
3.215754 9.288006 1
3.364952 9.339704 1
3.637452 8.120075 2
3.714597 9.291065 1
3.848248 9.314283 1
3.702993 9.434791 1
3.857107 9.455001 1
4.050963 8.481641 1
4.659850 8.878281 1
4.771643 8.955138 1
5.248151 9.549439 1
5.089444 9.635806 1
5.225109 9.663507 1
4.864355 9.365487 1
4.799243 9.464533 1
4.549316 8.906294 1
4.694573 8.537153 1
2.726588 9.342508 2
3.441815 8.638124 1
3.928511 9.222762 1
4.074122 9.245570 1
4.003203 9.356768 1
4.888464 9.546127 1
4.344721 9.139347 1
4.397971 9.039911 1
3.484770 8.751163 1
5.397138 9.790697 1
3.326754 8.652893 1
3.258701 8.765776 1
3.199464 8.588102 1
3.862267 9.882134 1
3.039750 9.448254 1
2.654395 8.768534 1
2.535372 8.717549 2
2.466010 8.508545 2
2.438167 8.359035 2
4.557470 9.579404 1
4.409207 9.553614 1
4.558940 9.462377 1
4.451516 9.419845 1
3.667729 8.858192 1
3.031659 8.517939 1
2.638889 10.000000 0
2.564223 9.843437 2
2.703299 9.902945 1
3.131418 8.196046 1
4.635546 8.455350 1
4.588533 8.601883 1
4.478090 8.516355 1
4.180976 9.319201 1
4.115375 9.448175 1
2.881615 9.660957 1
2.809819 8.748355 1
2.774133 8.871576 1
2.906578 8.940297 1
4.911258 9.657254 1
4.263486 9.510584 1
4.325822 9.399570 1
3.910711 9.593875 1
3.474867 9.459817 1
3.348336 9.496619 1
3.496610 9.345310 1
4.938622 9.210174 1
2.705582 9.795480 1
2.643671 9.691219 1
2.511587 9.677944 2
4.341845 9.257669 1
4.079746 9.898533 1
3.463461 9.594523 1
3.323871 9.619709 1
3.404548 9.731742 1
4.083990 8.923274 1
3.944699 8.990733 1
3.989815 8.849579 1
5.019590 9.767318 1
2.793774 7.994339 1
2.686939 7.956045 2
2.792672 7.848142 3
3.754241 9.597116 1
3.099504 7.861408 2
3.246407 7.816896 2
3.162837 7.963872 1
3.595502 9.551279 1
3.532054 9.698666 1
3.990979 9.487936 1
4.346334 9.701820 1
4.437894 9.836925 1
4.289364 9.844871 1
2.930575 9.774561 1
3.023593 9.671023 1
3.057844 9.830734 1
2.740686 8.172968 1
4.226120 9.176881 1
3.181200 9.641978 1
3.292801 9.734212 1
3.139652 9.752715 1
2.699648 8.977465 1
3.649877 9.659216 1
2.929271 8.493922 1
3.358270 9.867215 1
3.282170 7.982706 1
4.193398 8.227467 2
4.579339 9.775171 1
4.491577 9.682027 1
4.655893 9.654855 1
4.447915 8.350212 1
4.448827 8.208036 2
2.626130 8.127058 1
2.983458 9.338620 1
2.891120 7.950875 1
3.537035 9.225267 1
3.434815 9.243501 1
3.455557 9.105533 1
3.018186 7.962210 2
3.026406 8.119363 1
4.443876 8.669430 1
4.581558 8.759679 1
3.333333 10.000000 0
5.287799 9.750173 1
3.532003 8.938999 1
3.589677 9.086582 1
4.105875 9.132679 1
5.513700 9.525151 2
2.897183 9.084881 1
3.007979 9.034867 1
3.109078 8.066141 1
4.056133 9.035362 1
4.352052 8.542392 1
2.860039 9.305372 1
5.102235 8.506653 2
5.407197 9.504215 1
2.580719 9.428445 2
2.709552 9.461353 1
5.151985 9.824062 1
5.070296 9.897686 1
5.311906 9.455657 1
5.147015 9.724869 1
4.257246 8.596165 1
4.145428 8.562978 1
4.314149 8.687351 1
4.001079 8.619575 1
4.472039 8.800057 1
5.361442 9.235927 2
5.230484 9.305805 1
5.261732 9.161214 2
3.815947 9.000827 1
5.444541 9.386308 2
5.323923 9.351140 1
3.019313 8.927312 1
3.172261 8.877253 1
3.142503 9.012094 1
2.794759 8.349617 1
4.449424 9.311433 1
3.055556 10.000000 0
2.958133 9.896220 1
3.209192 8.323812 1
3.142920 8.472559 1
3.251038 8.433955 1
3.384366 7.927693 2
4.998565 8.691900 1
3.338727 8.074183 1
3.722469 9.726491 1
5.153835 9.233645 1
3.640723 8.979976 1
2.811066 8.983169 1
3.081324 9.268017 1
3.041671 9.147126 1
5.215716 9.421371 1
2.864630 8.666462 1
4.106539 8.681413 1
5.416667 10.000000 0
5.389453 9.894346 1
5.510119 9.866122 2
3.269875 8.919956 1
4.859877 9.151567 1
2.578987 8.492351 1
4.368837 8.434118 1
3.715698 8.424626 1
2.580730 8.027303 1
2.449202 7.997257 2
2.559854 7.907807 2
2.508919 8.137167 2
4.531622 8.420821 1
4.562901 8.315740 1
4.711200 8.307444 2
3.995246 9.121576 1
3.745319 9.851737 1
2.916667 10.000000 0
2.777778 10.000000 0
2.830021 9.875804 1
3.155647 9.894982 1
4.444445 10.000000 0
4.543991 9.895347 1
3.345575 8.847124 1
5.215215 8.747265 2
3.750000 10.000000 0
3.312670 8.536125 1
4.250460 8.816812 1
4.368865 8.786231 1
4.325902 8.925805 1
3.555865 8.817285 1
2.503778 8.272970 1
3.734553 8.954844 1
3.394715 8.972930 1
4.698592 8.771091 1
3.096404 9.548437 1
3.224978 9.529265 1
5.194096 9.013437 2
4.213342 9.427270 1
4.127783 8.810086 1
4.209990 8.931535 1
4.148323 8.448848 1
2.911109 7.846158 2
4.305555 10.000000 0
4.186213 9.892676 1
3.888889 10.000000 0
3.608349 9.325408 1
3.505209 8.273164 1
3.356488 8.323774 1
3.612837 9.785014 1
4.106899 8.169879 2
3.651424 9.198225 1
5.000000 10.000000 0
4.861111 10.000000 0
4.913227 9.878787 1
4.030770 8.744462 1
4.722222 10.000000 0
4.583333 10.000000 0
4.672441 9.880175 1
4.068501 9.585863 1
2.940107 9.226430 1
4.565258 9.317526 1
3.087309 8.611466 1
3.625255 8.229438 1
3.361814 8.439623 1
4.212398 8.713079 1
3.249555 9.409588 1
3.618646 8.343740 1
4.368891 9.918979 1
5.284987 9.862564 1
5.138889 10.000000 0
5.198089 9.915951 1
4.166667 10.000000 0
3.801892 8.497043 1
3.240989 9.832903 1
4.433757 8.899753 1
2.819856 9.758503 1
4.973298 8.502631 2
3.580338 9.431469 1
3.721320 9.071493 1
3.862135 9.102349 1
3.279959 8.202665 1
3.221675 8.093870 1
4.671092 9.415395 1
4.757458 9.336107 1
3.125162 9.365748 1
4.743224 8.436479 2
3.785517 9.194808 1
4.174572 9.047209 1
4.249196 9.746644 1
4.290026 9.051939 1
5.277778 10.000000 0
4.670959 9.291055 1
2.698863 8.066895 1
4.679265 9.535705 1
4.595613 8.187726 3
3.155239 9.457389 1
4.027778 10.000000 0
3.408233 8.183514 1
4.783470 9.602942 1
4.796529 9.717548 1
3.194444 10.000000 0
4.693612 9.760940 1
3.963344 8.167383 2
4.306518 9.603655 1
3.916076 8.502984 1
4.163507 9.540902 1
4.207045 9.648600 1
2.633778 8.656528 1
4.791667 9.921261 1
4.791667 9.816274 1
2.416319 8.226562 3
3.823353 8.107009 2
3.451617 8.848603 1
3.733426 8.174810 2
4.961455 9.310482 1
4.886454 9.767436 1
5.617157 9.754135 2
3.256537 9.919020 1
3.962588 9.923513 1
4.850798 9.263067 1
3.375226 8.749762 1
2.552602 8.594373 2
 0 1 2
 2 1 3
 4 5 6
 7 5 4
 8 9 10
 11 12 13
 14 11 13
 10 9 15
 16 17 18
 19 20 21
 22 21 20
 23 8 10
 2 24 25
 3 24 2
 26 24 3
 27 28 29
 30 31 32
 30 33 34
 35 36 37
 38 39 40
 41 42 43
 36 44 37
 38 40 45
 46 47 48
 49 50 51
 52 51 50
 53 54 55
 32 31 56
 57 58 59
 60 61 62
 63 64 65
 66 58 57
 67 68 69
 70 71 65
 72 65 71
 73 74 75
 41 76 77
 48 47 78
 79 80 81
 81 80 82
 70 65 64
 5 83 84
 7 83 5
 17 85 18
 86 87 88
 73 89 74
 90 60 91
 92 93 94
 95 58 66
 95 66 96
 97 55 54
 98 99 100
 101 100 99
 102 61 60
 103 104 7
 51 105 106
 105 107 106
 108 50 109
 19 62 61
 103 7 110
 16 111 17
 44 112 37
 81 63 113
 114 115 116
 26 3 93
 109 50 117
 118 119 6
 113 63 120
 114 116 99
 101 99 116
 121 87 86
 122 123 124
 14 124 123
 23 10 125
 43 42 126
 67 69 127
 128 127 69
 129 130 48
 131 132 133
 134 133 132
 119 4 6
 63 65 135
 136 34 33
 137 138 139
 30 140 33
 141 142 143
 144 145 116
 41 43 146
 147 12 148
 12 149 148
 49 106 150
 151 152 132
 23 153 8
 134 132 152
 72 135 65
 154 155 96
 156 154 96
 157 29 28
 158 138 159
 160 159 138
 144 161 152
 15 162 10
 155 163 164
 165 164 163
 166 167 168
 72 168 167
 169 150 106
 170 171 172
 101 153 173
 174 175 176
 177 178 163
 101 116 179
 180 181 182
 183 184 185
 46 186 47
 30 34 31
 23 173 153
 27 29 24
 144 187 161
 188 189 190
 35 68 191
 67 191 68
 177 192 178
 144 116 115
 74 193 13
 136 13 193
 39 194 40
 195 176 175
 60 196 91
 197 198 199
 131 199 198
 200 91 201
 202 186 46
 203 126 42
 170 172 204
 205 206 207
 66 207 206
 32 208 209
 77 76 159
 210 143 142
 103 110 211
 188 164 189
 49 51 106
 39 212 194
 121 213 87
 107 87 213
 144 115 187
 214 215 207
 216 187 115
 217 88 87
 218 149 219
 209 208 220
 158 139 138
 180 198 181
 197 181 198
 166 221 167
 210 222 143
 44 223 112
 92 94 224
 87 105 225
 226 112 227
 169 228 229
 230 225 105
 169 231 228
 90 232 233
 210 234 222
 70 235 71
 232 222 234
 205 156 206
 211 110 236
 237 238 239
 107 105 87
 72 167 240
 237 241 242
 243 244 245
 246 34 89
 6 161 118
 101 173 100
 141 111 142
 6 247 161
 210 142 211
 248 249 185
 33 250 251
 251 250 252
 195 175 253
 1 254 3
 41 227 42
 112 42 227
 53 255 253
 23 256 173
 52 257 238
 177 100 173
 214 258 215
 259 149 218
 1 18 85
 95 260 58
 261 58 260
 63 81 64
 82 64 81
 217 87 225
 14 123 244
 52 262 51
 205 207 215
 74 13 263
 264 235 233
 265 266 267
 244 268 245
 246 31 34
 59 245 268
 34 193 89
 136 33 251
 25 29 269
 220 208 176
 19 61 20
 156 96 206
 67 127 148
 25 269 83
 129 48 270
 200 143 271
 72 71 168
 7 4 110
 22 20 272
 273 274 275
 102 233 235
 173 256 192
 273 276 274
 200 277 143
 141 143 277
 141 278 279
 185 184 190
 261 245 58
 147 263 12
 13 12 263
 103 0 104
 114 280 115
 183 185 249
 23 125 281
 282 283 284
 248 185 285
 244 123 268
 82 272 64
 52 28 257
 286 181 287
 288 268 123
 52 238 262
 26 93 289
 214 135 258
 290 281 125
 79 113 291
 292 293 294
 174 176 208
 63 135 295
 46 48 296
 214 295 135
 72 297 135
 1 0 18
 243 11 244
 14 244 11
 90 222 232
 214 207 298
 103 299 0
 67 148 191
 7 104 83
 188 300 301
 188 301 164
 3 254 93
 27 302 239
 144 152 303
 30 32 209
 101 179 153
 166 304 305
 292 305 304
 102 60 306
 90 306 60
 307 204 172
 308 309 182
 310 290 125
 205 311 156
 312 80 313
 314 45 40
 314 40 178
 165 178 40
 196 62 315
 60 62 196
 166 168 304
 205 215 316
 317 318 319
 264 320 235
 321 322 323
 16 211 142
 197 287 181
 324 8 153
 228 231 213
 59 58 245
 41 77 227
 261 325 218
 44 218 325
 238 257 239
 49 117 50
 160 77 159
 122 291 113
 27 24 302
 26 302 24
 6 5 326
 136 327 13
 14 13 327
 33 140 250
 312 55 328
 313 80 329
 232 330 233
 264 233 330
 226 227 77
 246 47 31
 186 31 47
 168 320 304
 95 96 331
 312 328 332
 324 153 179
 165 40 194
 177 173 192
 71 235 320
 286 333 181
 228 213 334
 243 219 149
 203 325 260
 261 260 325
 237 242 238
 16 299 211
 103 211 299
 335 229 336
 94 93 254
 248 282 249
 308 337 309
 64 272 338
 195 253 255
 141 277 278
 122 124 291
 252 291 124
 339 190 189
 290 45 281
 340 294 293
 25 83 104
 66 57 207
 341 146 183
 76 146 341
 252 124 251
 180 132 198
 131 198 132
 147 127 75
 158 159 76
 94 342 224
 124 327 251
 177 154 343
 98 100 311
 282 284 249
 344 240 345
 346 140 347
 220 347 140
 348 349 109
 108 109 349
 90 233 306
 63 295 120
 203 350 126
 348 133 326
 134 326 133
 141 279 351
 136 251 327
 344 345 352
 335 317 229
 41 146 76
 169 106 231
 166 305 353
 252 250 313
 346 313 250
 14 327 124
 203 260 350
 180 182 354
 322 286 287
 210 211 236
 346 250 140
 161 187 118
 355 118 187
 98 316 352
 344 352 316
 166 353 221
 324 179 145
 116 145 179
 161 247 152
 134 152 247
 265 356 266
 356 334 266
 290 38 45
 155 331 96
 348 326 357
 177 163 154
 216 353 187
 355 187 353
 186 202 358
 6 326 247
 340 4 119
 261 219 245
 92 289 93
 131 133 359
 169 229 319
 360 279 278
 360 278 201
 200 201 278
 228 336 229
 98 352 99
 114 99 352
 361 301 300
 337 362 162
 186 56 31
 165 194 189
 183 249 284
 312 313 363
 346 363 313
 66 206 96
 25 104 2
 16 142 111
 74 263 75
 79 81 113
 273 275 171
 292 294 305
 317 319 229
 136 193 34
 156 343 154
 220 140 209
 30 209 140
 143 222 271
 259 218 36
 44 36 218
 25 24 29
 147 148 127
 364 365 199
 366 248 285
 94 254 85
 165 163 178
 199 365 367
 32 56 204
 155 164 301
 348 359 133
 315 62 368
 73 78 89
 82 332 272
 22 272 332
 322 287 323
 151 132 369
 188 190 184
 134 247 326
 340 110 4
 165 189 164
 79 329 80
 216 115 280
 170 204 56
 102 235 370
 15 182 309
 181 333 182
 308 182 333
 197 323 287
 230 262 242
 238 242 262
 195 347 176
 220 176 347
 324 371 372
 15 354 182
 324 372 9
 121 267 266
 0 2 104
 339 189 194
 230 242 241
 283 139 284
 158 284 139
 259 148 149
 98 311 316
 205 316 311
 180 369 132
 107 213 231
 128 373 127
 203 223 325
 318 374 319
 375 319 374
 230 241 225
 217 225 241
 243 12 11
 155 154 163
 375 374 323
 321 323 374
 82 80 332
 312 332 80
 151 372 371
 94 85 342
 246 78 47
 340 236 110
 15 9 372
 180 372 369
 151 369 372
 314 281 45
 314 178 192
 15 372 354
 180 354 372
 346 255 363
 344 297 240
 314 256 281
 23 281 256
 70 64 338
 376 276 296
 46 296 276
 19 21 368
 377 368 21
 261 218 219
 170 56 358
 186 358 56
 147 75 263
 100 343 311
 158 76 341
 288 378 298
 214 298 378
 188 184 300
 43 300 184
 73 270 78
 48 78 270
 377 21 379
 22 379 21
 203 42 223
 326 5 357
 243 245 219
 74 89 193
 344 258 297
 131 359 199
 84 83 269
 340 119 294
 252 313 329
 259 191 148
 348 357 349
 44 325 223
 1 85 254
 337 162 309
 185 190 285
 339 285 190
 158 341 284
 375 323 367
 197 367 323
 324 145 371
 144 303 145
 157 28 380
 52 380 28
 177 343 100
 183 284 341
 102 370 61
 200 271 91
 90 91 271
 243 149 12
 375 381 319
 169 319 381
 283 137 139
 72 240 297
 382 267 86
 70 370 235
 288 298 268
 59 268 298
 95 331 350
 53 363 255
 364 359 109
 167 280 345
 183 146 184
 43 184 146
 48 130 296
 32 204 208
 121 86 267
 121 334 213
 127 373 75
 361 350 331
 348 109 359
 22 332 328
 286 308 333
 356 335 336
 356 336 334
 292 234 293
 355 305 294
 212 366 383
 121 266 334
 157 269 29
 73 75 373
 346 347 255
 114 345 280
 364 199 359
 19 368 62
 107 231 106
 207 57 298
 292 304 330
 264 330 304
 318 321 374
 210 236 293
 228 334 336
 362 310 384
 17 111 351
 141 351 111
 273 202 276
 292 330 234
 22 328 379
 0 299 18
 108 349 385
 84 385 349
 167 345 240
 71 320 168
 273 171 358
 70 338 370
 344 215 258
 59 298 57
 355 353 305
 97 328 55
 155 301 331
 355 119 118
 230 105 262
 51 262 105
 20 370 338
 361 331 301
 212 383 194
 382 86 88
 364 150 365
 324 9 8
 53 55 363
 312 363 55
 288 123 386
 122 386 123
 307 208 204
 197 199 367
 344 316 215
 122 113 386
 120 386 113
 157 380 385
 108 385 380
 112 223 42
 339 194 383
 10 162 384
 362 384 162
 17 342 85
 364 109 117
 246 89 78
 102 306 233
 151 371 303
 145 303 371
 314 192 256
 216 221 353
 114 352 345
 108 380 50
 52 50 380
 35 191 36
 259 36 191
 46 276 202
 361 126 350
 273 358 202
 200 278 277
 169 381 150
 97 379 328
 20 338 272
 90 271 222
 95 350 260
 288 386 378
 120 378 386
 120 295 378
 214 378 295
 15 309 162
 151 303 152
 364 117 150
 73 373 387
 195 255 347
 27 239 257
 49 150 117
 84 269 385
 27 257 28
 170 358 171
 129 270 387
 84 357 5
 167 221 280
 16 18 299
 20 61 370
 376 296 130
 156 311 343
 150 381 365
 135 297 258
 252 329 291
 79 291 329
 210 293 234
 264 304 320
 216 280 221
 10 384 125
 310 125 384
 361 300 126
 43 126 300
 84 349 357
 340 293 236
 355 294 119
 339 383 285
 375 367 365
 157 385 269
 366 285 383
 128 387 373
 73 387 270
 232 234 330
 375 365 381
 0
 0
 0
 0
 0
 0
 0
 0
 0
 0
 14
 160 226 128 129 35 376 112 77 138 37 68 69 130 387
 6
 376 274 276 172 275 171
 17
 217 26 237 360 92 382 17 279 241 267 342 88 302 239 351 289 224
 17
 97 174 360 377 315 307 53 175 91 201 208 368 379 172 196 253 54
 0
 0
 0
 0
 0
 0
