383 682
8.113981 6.873288 2
8.089259 6.724121 1
8.217145 6.704888 2
9.238634 6.557529 1
9.209997 6.687902 2
9.073569 6.634866 2
6.244118 7.184323 2
6.266187 7.027318 2
6.347591 7.127566 1
8.199057 5.447165 1
8.251304 5.295807 3
8.331640 5.457134 2
9.128688 6.469355 1
7.670910 7.193274 1
7.707360 7.080917 1
7.787960 7.192854 1
7.842743 7.098644 1
7.331566 6.341513 1
7.210431 6.242014 2
7.370585 6.231817 1
6.362182 7.384542 2
6.409706 7.225019 1
6.497157 7.378639 1
6.993425 6.836701 1
7.114738 6.939888 1
6.971315 7.008838 1
7.144457 7.206719 1
7.307000 7.237937 1
7.226987 7.311540 1
7.708025 5.982225 1
7.537745 5.993568 1
7.569298 5.891051 2
8.554075 6.198953 1
8.398484 6.284443 1
8.440294 6.124748 1
9.782336 6.375421 1
9.714513 6.491006 1
9.647049 6.309723 1
7.265111 7.137614 1
8.889911 6.068428 1
8.876207 5.943291 1
9.011252 6.006241 1
9.449766 6.670732 1
9.491693 6.805404 2
9.328373 6.770059 2
8.370704 5.826476 1
8.212707 5.784408 1
8.353352 5.703722 1
9.516789 5.717927 1
9.396482 5.642149 2
9.580210 5.622232 2
9.573372 6.456118 1
9.475797 6.554090 1
9.598319 6.671058 2
8.537523 6.316555 1
7.865252 6.520246 1
7.986753 6.414214 1
8.011275 6.557845 1
8.998612 6.515900 1
8.508942 5.730789 1
8.491449 5.882424 1
9.510895 6.232086 1
9.597271 6.130297 1
9.711719 6.175150 1
7.588943 6.084669 1
9.026536 5.614038 1
9.006129 5.434222 2
9.121614 5.499931 2
8.001240 6.125637 1
8.113116 6.052567 1
8.129907 6.199393 1
7.702898 5.823640 2
8.291259 6.184776 1
8.223780 6.085759 1
7.430632 7.238840 2
7.552121 7.134439 1
7.569978 7.274607 2
7.867022 6.172415 1
7.878946 6.014209 1
7.017651 7.162090 1
7.078317 7.069114 1
7.785075 6.078959 1
7.880129 5.779633 2
7.827161 5.898561 1
9.633027 6.555438 1
7.227332 6.377385 1
8.893339 5.523998 1
6.528897 7.259480 1
9.389235 6.324122 1
9.279037 6.403996 1
9.273932 6.211929 1
9.151763 6.320628 1
7.622010 6.659157 1
7.784500 6.655800 1
7.683464 6.786697 1
7.793717 7.009913 1
6.290893 6.904168 2
6.397560 6.995712 1
6.405883 6.864030 2
6.911581 7.128113 1
8.248270 5.643020 1
6.862116 6.880311 1
7.711292 6.550242 1
6.677935 6.532219 1
6.720660 6.397946 1
6.806112 6.512841 1
7.432375 6.025464 1
7.330631 6.014463 2
7.445928 5.925075 2
7.292564 6.143494 1
7.547463 6.782708 1
7.610132 6.881110 1
9.166834 6.086993 1
9.019207 6.168121 1
8.157369 5.343278 2
7.547746 6.456608 1
7.570994 6.315656 1
7.653225 6.422995 1
9.740313 5.638144 2
9.818915 5.770711 1
9.723989 5.769244 1
8.470879 5.998748 1
8.331203 6.030407 1
7.451898 6.332393 1
8.128344 6.504840 1
8.153173 6.393335 1
6.840674 6.409237 1
6.696742 7.478108 1
6.654553 7.582757 1
6.600378 7.433842 1
8.221743 6.270603 1
6.542108 7.522443 1
6.755052 6.772868 1
6.775290 6.640496 1
6.890939 6.756567 1
8.735496 6.378618 1
8.753009 6.218511 1
8.849186 6.340629 1
8.799455 6.008124 1
8.295546 6.352772 1
7.416350 6.133093 1
7.492447 6.216510 1
8.608825 5.841091 1
8.750695 5.904475 1
8.598965 5.957848 1
9.878208 5.660171 2
8.868824 6.204435 1
8.746495 5.791094 1
8.390642 6.695442 2
8.322412 6.618354 1
8.929633 6.639293 2
8.847431 6.494970 1
8.786765 6.643507 1
6.950447 6.333149 1
6.936630 6.474407 1
6.628255 6.795046 1
6.654490 6.668553 1
7.408843 7.126603 1
8.648005 5.639409 1
8.803871 5.700864 1
8.645694 5.751071 1
6.579016 7.137706 1
6.660239 7.031088 1
6.706936 7.148492 1
9.038133 5.778345 1
8.926873 5.746908 1
7.190681 7.054890 1
7.051257 6.380390 1
6.812208 7.044554 1
8.960310 5.866012 1
7.720278 7.311679 2
7.647130 6.204130 1
7.906146 6.626646 1
6.836936 6.272779 2
6.707098 6.267285 2
8.948379 6.302454 1
8.703649 6.529664 1
6.900599 6.621822 1
9.035880 6.385995 1
8.573090 6.070598 1
6.979423 6.705133 1
7.119430 6.782479 1
7.078156 6.658418 1
8.410294 5.534955 1
8.480675 5.451016 2
6.802744 7.636057 1
6.940618 7.663868 2
6.841384 7.754109 3
6.434163 6.527350 2
6.460231 6.637274 1
6.340768 6.646847 3
9.507947 6.351065 1
9.136582 5.963425 1
9.259523 5.967681 1
7.158202 7.461568 1
6.990125 7.435170 1
7.130754 7.349192 1
9.387253 6.096727 1
9.282792 6.069672 1
9.305101 5.776990 1
9.427407 5.788477 1
9.403490 6.204954 1
6.882695 7.457458 1
6.758337 7.389542 1
6.906394 7.355773 1
8.699404 6.020217 1
9.143147 5.736123 1
7.042936 6.486008 1
7.994339 7.206226 1
8.021855 7.314355 2
7.888251 7.288100 2
7.991849 6.253964 1
9.184378 5.857446 1
10.000000 6.111111 0
10.000000 6.250000 0
9.862522 6.180937 1
9.060925 5.898763 1
8.893772 5.636862 1
8.600173 6.425545 1
7.991162 5.553521 1
7.851661 5.591433 2
7.907560 5.478063 2
9.238060 5.686774 1
7.514866 6.585629 1
7.421852 6.461104 1
7.396502 6.566244 1
7.451444 6.685929 1
7.303811 6.638126 1
6.784105 7.514131 1
7.937647 5.676692 2
7.139313 6.342252 1
8.795938 5.589827 1
7.047115 7.545722 2
9.239473 5.574383 2
9.153767 5.622250 1
7.766601 6.415366 1
8.875700 6.782248 2
9.336540 5.877294 1
10.000000 5.972222 0
9.890016 6.067082 1
9.884097 5.897996 1
6.830453 7.287535 1
8.010467 7.001027 1
7.938938 6.872695 1
6.550437 6.430156 2
7.204169 7.596014 2
6.488848 6.925975 1
8.877501 5.404268 2
8.761273 5.468201 1
7.346310 6.753424 1
8.297964 5.907558 1
7.894273 7.177075 1
6.909560 7.540865 1
8.053024 5.415451 2
8.133616 5.564425 1
7.713061 6.929952 1
9.647109 5.717340 1
6.552126 6.569087 1
6.538285 6.701602 1
9.346112 6.510459 1
9.334600 6.631521 1
6.817706 7.185980 1
8.196648 5.955211 1
7.698123 6.095406 1
7.808046 6.816317 1
7.876116 6.314047 1
7.873680 6.415968 1
7.024794 7.314281 1
6.311791 7.282618 2
10.000000 5.555555 0
10.000000 5.694445 0
8.237376 6.574747 1
8.260412 6.466754 1
8.372476 6.533932 1
6.631719 7.227518 1
6.922612 7.239156 1
6.706133 7.730347 2
9.786703 5.994103 1
8.210576 7.000502 2
8.104674 7.104176 2
8.112045 6.987551 1
8.547714 5.569932 1
6.722287 6.909847 1
8.370759 6.427242 1
8.471024 6.393604 1
8.071892 6.321529 1
8.648626 6.277834 1
7.996258 6.763969 1
8.675888 5.541084 1
8.626511 5.438052 2
9.428583 6.433308 1
8.739789 5.350778 2
6.523942 7.618282 2
6.425355 7.527565 2
7.998260 6.668141 1
7.965806 5.893101 1
8.087477 5.855208 1
8.088157 5.952601 1
8.012184 6.007595 1
9.775592 6.264836 1
8.391885 5.929610 1
7.826413 6.922435 1
7.895785 7.002352 1
9.764725 6.604926 2
7.457831 7.028260 1
8.581032 6.579071 1
7.420647 6.829785 1
7.499552 6.909820 1
7.901898 6.730320 1
9.139549 6.204449 1
7.609828 6.534926 1
7.003452 6.582570 1
6.533076 7.023215 1
7.201639 6.555224 1
7.141817 6.454616 1
7.288534 6.484237 1
9.885636 6.303110 1
7.759062 6.161599 1
6.465974 7.128116 1
8.936102 6.409224 1
9.854586 6.498920 1
10.000000 6.527778 0
9.898450 6.405153 1
7.307018 7.490772 2
8.068089 5.721681 1
8.781055 6.104211 1
9.544719 5.824807 1
9.655012 5.846220 1
7.256520 6.959765 1
10.000000 6.388889 0
8.482416 6.500474 1
7.583470 6.996770 1
7.666794 6.311472 1
9.789057 6.096117 1
6.594790 6.921363 1
8.661390 6.660290 2
9.058955 6.276330 1
8.516747 6.686068 2
6.621301 7.323880 1
8.668210 6.148387 1
7.769765 6.274017 1
9.915918 6.578643 2
6.958768 6.202483 2
6.618821 6.336739 2
8.725403 6.775643 2
6.571133 7.724998 2
10.000000 5.833333 0
7.180607 6.662320 1
7.334547 7.043273 1
8.339474 5.584421 1
8.255172 5.537175 1
7.176009 6.071414 2
8.052216 5.626583 1
7.987830 5.785263 1
8.151960 5.664776 1
6.512930 6.825555 1
7.209267 6.859083 1
7.246343 6.760936 1
7.250477 7.403278 1
7.358154 7.360455 2
8.121071 6.622148 1
9.924757 5.763889 1
7.958073 7.099554 1
8.104228 7.239747 3
7.105238 6.561436 1
9.367978 5.986574 1
9.758597 5.873807 1
8.438113 5.630522 1
10.000000 6.666667 0
7.309304 6.852346 1
8.845331 5.824608 1
7.377767 6.940284 1
9.495859 6.116432 1
6.725146 7.264184 1
6.427768 6.742944 2
9.674578 5.954826 1
9.565812 5.926412 1
8.450120 6.602623 1
9.458397 5.899045 1
9.592882 6.025506 1
9.483365 6.009024 1
9.694324 6.063309 1
7.062410 6.272943 2
 0 1 2
 3 4 5
 6 7 8
 9 10 11
 12 3 5
 13 14 15
 16 15 14
 17 18 19
 20 21 22
 23 24 25
 26 27 28
 29 30 31
 32 33 34
 35 36 37
 38 27 26
 39 40 41
 42 43 44
 45 46 47
 48 49 50
 51 37 36
 42 52 53
 32 54 33
 55 56 57
 58 12 5
 59 60 45
 61 62 37
 62 63 37
 29 64 30
 65 66 67
 59 45 47
 68 69 70
 29 31 71
 72 70 73
 74 75 76
 68 77 78
 79 25 80
 78 77 81
 71 82 83
 53 52 84
 17 85 18
 65 86 66
 21 87 22
 88 89 90
 91 90 89
 92 93 94
 16 14 95
 7 96 97
 98 97 96
 99 25 79
 100 47 46
 23 25 101
 92 102 93
 103 104 105
 106 107 108
 109 19 18
 92 94 110
 111 110 94
 112 113 41
 9 114 10
 115 116 117
 118 119 120
 121 34 122
 115 123 116
 57 56 124
 125 124 56
 126 105 104
 127 128 129
 72 130 70
 129 128 131
 132 133 134
 135 136 137
 70 69 73
 39 138 40
 139 130 33
 106 64 140
 141 140 64
 13 75 14
 142 143 144
 118 145 119
 136 146 137
 130 72 33
 147 143 142
 148 2 149
 58 150 151
 152 151 150
 126 153 154
 132 155 156
 74 157 75
 158 159 160
 161 162 163
 42 53 43
 65 164 165
 72 122 34
 38 26 166
 153 167 154
 168 25 99
 40 169 41
 13 170 76
 141 64 171
 55 57 172
 126 104 173
 174 173 104
 39 113 146
 175 146 113
 135 151 176
 80 25 24
 177 134 133
 58 178 12
 91 12 178
 121 179 34
 180 181 23
 182 181 180
 183 11 184
 185 186 187
 188 189 190
 88 61 191
 112 192 193
 194 195 196
 197 90 198
 199 49 200
 197 201 90
 7 97 8
 112 193 198
 147 160 159
 202 203 204
 106 30 64
 205 144 143
 65 206 164
 207 154 167
 208 209 210
 68 70 211
 199 212 206
 213 214 215
 216 41 169
 59 142 60
 65 165 217
 135 176 218
 219 220 221
 32 34 179
 199 222 49
 88 201 61
 115 223 224
 80 166 26
 225 226 227
 228 185 128
 127 228 128
 219 229 220
 230 18 85
 231 159 158
 232 195 194
 233 234 67
 91 89 12
 55 102 235
 152 150 236
 199 237 212
 238 239 240
 241 204 203
 242 243 0
 103 244 104
 232 194 245
 126 173 153
 168 163 162
 152 176 151
 13 76 75
 98 246 97
 247 86 248
 65 67 234
 125 130 139
 112 41 192
 193 212 237
 39 41 113
 231 248 86
 226 249 227
 141 123 19
 17 19 123
 45 250 46
 208 210 251
 232 252 195
 59 160 142
 219 253 254
 9 254 253
 111 94 255
 118 256 50
 103 257 244
 188 244 257
 258 156 155
 206 212 164
 216 164 212
 48 200 49
 259 52 260
 42 260 52
 168 261 163
 147 142 160
 262 122 73
 29 263 64
 199 206 222
 65 234 206
 132 156 133
 94 264 255
 265 211 56
 55 266 56
 141 171 116
 267 79 26
 268 6 8
 21 268 8
 233 49 222
 269 270 145
 271 272 273
 168 101 25
 168 99 261
 161 163 274
 262 73 69
 12 89 3
 267 275 79
 259 3 89
 185 187 276
 277 240 239
 42 44 260
 4 260 44
 278 279 280
 55 93 102
 59 281 158
 168 282 101
 139 33 283
 284 283 33
 118 120 256
 125 285 130
 125 139 272
 135 218 286
 267 196 195
 1 0 287
 225 224 223
 158 281 288
 288 281 289
 51 290 191
 247 248 291
 51 52 290
 72 34 33
 202 195 252
 61 37 191
 202 228 203
 59 158 160
 289 291 248
 232 186 252
 112 198 90
 20 268 21
 131 292 293
 57 294 172
 295 296 297
 295 297 298
 135 137 151
 35 37 299
 68 78 298
 295 298 78
 29 71 83
 132 134 101
 29 83 78
 115 224 123
 51 84 52
 121 122 300
 301 243 302
 68 298 69
 303 53 84
 0 243 287
 304 75 157
 132 101 282
 135 286 136
 88 90 201
 219 221 253
 305 218 176
 306 110 307
 63 299 37
 295 78 83
 94 93 264
 308 264 93
 301 255 264
 111 307 110
 242 302 243
 278 280 0
 112 90 309
 91 309 90
 92 310 102
 177 154 311
 231 158 288
 310 115 117
 161 312 162
 313 314 315
 177 105 154
 102 310 117
 225 227 315
 313 315 227
 262 250 122
 185 276 128
 214 316 215
 317 81 77
 72 73 122
 21 318 87
 58 151 319
 303 36 320
 35 320 36
 321 320 322
 323 245 194
 324 46 296
 284 33 54
 161 87 318
 39 146 325
 136 325 146
 271 273 149
 262 46 250
 315 314 85
 48 256 326
 327 326 256
 168 162 282
 80 24 166
 328 166 24
 88 290 89
 259 89 290
 103 105 133
 58 5 150
 262 296 46
 329 321 322
 51 191 37
 305 330 218
 284 218 330
 213 215 239
 56 211 285
 306 226 110
 185 252 186
 14 75 331
 63 215 299
 332 117 116
 23 181 24
 63 333 215
 334 282 162
 152 335 176
 112 309 113
 175 113 336
 218 54 286
 305 335 337
 304 331 75
 102 117 235
 38 157 27
 70 130 285
 127 129 203
 338 203 129
 23 101 134
 32 339 286
 301 264 243
 131 293 22
 20 22 293
 332 340 235
 265 235 340
 242 0 280
 284 54 218
 303 320 341
 193 192 212
 214 329 316
 153 173 342
 136 286 339
 262 69 297
 244 343 104
 152 236 344
 308 243 264
 345 128 276
 346 238 240
 182 347 181
 38 166 348
 328 348 166
 238 213 239
 29 78 81
 273 272 283
 216 192 41
 334 155 282
 17 123 224
 183 349 11
 11 349 350
 225 223 226
 92 226 223
 109 107 140
 121 60 144
 267 26 196
 28 196 26
 132 282 155
 92 110 226
 109 351 107
 14 331 255
 111 255 331
 142 144 60
 338 22 87
 219 352 229
 324 229 352
 303 84 36
 305 176 335
 125 56 285
 334 162 312
 324 353 229
 74 27 157
 100 46 354
 324 354 46
 258 155 355
 55 172 93
 151 137 319
 177 133 105
 273 283 330
 284 330 283
 328 24 356
 357 181 347
 323 194 358
 55 235 266
 265 266 235
 308 287 243
 265 56 266
 332 235 117
 317 340 171
 332 171 340
 247 66 86
 74 359 27
 28 27 359
 127 203 228
 80 26 79
 306 249 226
 1 294 360
 57 360 294
 17 224 315
 289 281 184
 106 140 107
 141 116 123
 131 128 292
 119 361 240
 346 240 361
 345 292 128
 332 116 171
 65 217 86
 35 322 320
 103 133 156
 242 279 362
 208 362 279
 38 348 157
 357 356 181
 324 296 353
 321 341 320
 295 83 82
 103 156 257
 258 257 156
 258 189 257
 188 257 189
 241 261 275
 99 275 261
 208 279 363
 100 254 350
 9 350 254
 182 364 347
 197 198 365
 295 353 296
 317 77 340
 265 340 77
 58 319 178
 357 227 249
 242 280 279
 109 18 351
 48 50 256
 277 366 240
 119 240 366
 271 149 2
 216 212 192
 59 367 281
 329 322 316
 205 339 179
 193 365 198
 68 211 77
 265 77 211
 334 355 155
 39 325 138
 321 368 341
 357 369 356
 175 178 319
 165 370 159
 313 347 364
 131 22 129
 338 129 22
 152 344 335
 323 358 359
 28 359 358
 9 253 114
 231 86 217
 259 290 52
 304 348 371
 304 371 307
 88 191 290
 111 331 307
 215 316 299
 35 299 316
 109 140 19
 183 184 281
 270 346 361
 175 336 178
 91 178 336
 98 355 246
 69 298 297
 61 201 372
 197 372 201
 32 179 339
 241 373 261
 121 144 179
 98 374 355
 327 375 376
 305 337 377
 48 326 200
 378 200 326
 32 286 54
 225 315 224
 379 372 380
 327 256 120
 219 254 352
 100 354 254
 194 196 358
 28 358 196
 258 355 374
 148 149 377
 205 325 339
 205 179 144
 183 281 367
 379 62 372
 13 15 170
 210 170 15
 119 145 361
 270 361 145
 51 36 84
 273 377 149
 165 159 217
 163 261 373
 35 316 322
 175 137 146
 174 104 343
 357 347 227
 313 227 347
 379 381 62
 63 62 381
 230 382 18
 262 297 296
 59 47 367
 207 311 154
 161 274 87
 100 349 47
 1 360 2
 271 2 360
 147 159 370
 305 377 330
 24 181 356
 17 315 85
 229 353 82
 139 283 272
 277 375 366
 70 285 211
 161 318 312
 97 312 318
 99 79 275
 334 246 355
 4 3 260
 259 260 3
 21 8 318
 177 311 180
 182 180 311
 277 381 375
 23 134 180
 153 342 382
 113 309 336
 91 336 309
 308 93 172
 231 288 248
 328 371 348
 258 374 189
 289 248 288
 31 30 108
 106 108 30
 125 272 124
 271 124 272
 357 249 369
 306 369 249
 63 381 333
 148 377 337
 328 369 371
 379 376 375
 207 167 314
 230 314 167
 317 171 263
 64 263 171
 230 85 314
 338 87 274
 306 307 371
 242 362 302
 16 302 362
 233 222 234
 206 234 222
 308 294 287
 241 203 373
 121 300 60
 45 60 300
 126 154 105
 190 189 374
 306 371 369
 304 307 331
 338 373 203
 327 366 375
 327 376 326
 9 11 350
 97 318 8
 199 200 237
 378 237 200
 182 311 364
 141 19 140
 304 157 348
 97 246 312
 334 312 246
 147 370 143
 40 143 370
 379 375 381
 122 250 300
 177 180 134
 295 82 353
 197 365 380
 16 95 302
 301 302 95
 216 169 164
 165 164 169
 267 204 275
 378 376 380
 379 380 376
 301 95 255
 14 255 95
 207 314 364
 57 124 360
 308 172 294
 1 287 294
 327 120 366
 119 366 120
 378 380 365
 175 319 137
 267 195 204
 231 217 159
 241 275 204
 277 239 333
 271 360 124
 313 364 314
 328 356 369
 115 310 223
 215 333 239
 92 223 310
 207 364 311
 273 330 377
 378 365 237
 136 339 325
 338 274 373
 277 333 381
 197 380 372
 210 15 251
 193 237 365
 100 350 349
 202 204 195
 205 138 325
 165 169 370
 40 370 169
 378 326 376
 208 251 362
 16 362 251
 29 81 263
 208 363 209
 205 143 138
 40 138 143
 202 252 228
 185 228 252
 61 372 62
 163 373 274
 254 354 352
 324 352 354
 153 382 167
 230 167 382
 45 300 250
 317 263 81
 16 251 15
 47 349 367
 183 367 349
 0
 0
 0
 0
 0
 0
 0
 0
 0
 0
 0
 0
 13
 98 6 20 345 7 190 187 276 293 268 374 292 96
 0
 0
 18
 4 278 148 303 44 53 0 236 150 5 43 279 344 337 2 335 363 341
 12
 232 74 323 210 76 187 186 359 245 170 363 209
 13
 289 247 118 233 67 291 49 10 145 11 66 50 184
 21
 188 174 31 190 244 71 10 229 253 173 351 107 82 18 108 342 221 343 114 220 382
 0
