370 670
8.136876 4.213919 1
8.233779 4.208621 1
8.197956 4.353964 1
8.043000 4.266956 1
8.820605 5.021739 1
8.722643 4.893626 1
8.893986 4.907285 1
8.833369 4.807293 1
8.283409 4.508610 1
8.329446 4.403931 1
8.401311 4.564542 1
8.446996 4.428215 1
8.564707 5.134566 1
8.709617 5.112521 1
8.627939 5.212504 1
9.364298 5.069196 1
9.440231 4.961960 1
9.521749 5.133544 1
9.111339 3.475663 1
9.189052 3.630861 1
9.037111 3.620797 1
8.873552 5.163724 1
8.990396 5.045081 1
8.541680 4.309810 1
8.655129 4.284656 1
8.563005 4.423867 1
9.739560 3.850509 1
9.820748 3.979503 1
9.701102 4.005759 1
8.583735 5.031181 1
9.252457 3.526508 1
8.627259 5.314714 1
8.528218 5.353157 1
8.491294 5.224998 1
9.130545 5.131914 1
9.106349 4.979466 1
9.232071 5.051641 1
9.087513 3.339667 1
9.026529 3.270177 1
9.144161 3.207373 1
10.000000 3.472222 0
10.000000 3.611111 0
9.854188 3.516792 1
9.892745 3.641623 1
9.493650 4.264837 1
9.630780 4.212965 1
9.569606 4.362883 1
9.701820 4.346334 1
9.792582 4.131754 1
9.182967 3.350452 1
8.397983 5.325667 1
8.331640 5.457134 2
8.251304 5.295807 3
8.678182 4.436863 1
9.655478 5.224209 1
9.658634 5.078186 1
9.803578 5.156919 1
9.763619 4.995296 1
9.512300 5.505040 1
9.580210 5.622232 2
9.396482 5.642149 2
8.363518 4.296433 1
8.857430 3.828493 1
8.906816 3.683397 1
9.000507 3.767156 1
9.144129 4.504739 1
9.057297 4.639683 1
8.979750 4.530584 1
9.565700 4.992430 1
7.474355 3.948735 1
7.362502 3.998096 2
7.354558 3.843473 2
7.787800 3.842246 1
7.717743 3.712051 2
7.853895 3.704172 2
7.258852 3.938286 3
8.883080 4.651967 1
7.507003 3.833107 2
8.224382 5.129714 1
8.161983 4.972324 1
8.308622 5.038104 1
8.993105 3.903397 1
7.793516 4.580345 1
7.803439 4.691078 2
7.680612 4.592384 2
8.116965 5.102116 1
8.499805 4.198955 1
8.602221 3.469974 2
8.556871 3.586126 1
8.437001 3.520203 2
9.287970 3.215673 1
8.462506 3.635818 1
8.570185 3.698988 1
8.418548 3.747811 1
8.578001 3.849503 1
9.656452 4.903107 1
9.331159 3.351627 1
7.908357 4.798086 1
7.962013 4.663584 1
9.454902 3.848161 1
9.314283 3.848248 1
9.434791 3.702993 1
9.291065 3.714597 1
8.348732 4.179103 1
9.365487 4.864355 1
9.463585 4.799226 1
8.652964 3.332888 2
8.745855 3.392673 1
8.746016 3.500659 1
9.545782 4.888039 1
8.982921 4.773951 1
8.638648 3.969128 1
8.518836 3.956628 1
9.543092 2.953604 2
9.449391 3.039363 1
9.423470 2.865226 2
9.884130 3.862222 1
8.480675 5.451016 2
8.134847 3.534906 2
8.141157 3.688168 1
7.999675 3.667001 1
8.791578 4.266639 1
8.735228 4.162879 1
8.901535 4.154629 1
9.789417 5.397940 1
9.743815 5.500126 1
9.629246 5.391258 1
8.927892 3.522048 1
9.239473 5.574383 2
9.357913 5.466718 1
7.901470 4.551707 1
8.142313 4.540506 1
8.164438 4.105258 1
8.303850 4.077287 1
8.892035 3.981842 1
9.009155 4.033360 1
9.185892 4.630215 1
9.595148 3.911410 1
9.261940 4.191768 1
9.137074 4.064754 1
9.294507 4.016786 1
9.013980 4.902018 1
9.164279 4.330723 1
9.119013 4.198482 1
7.940942 4.044223 1
7.829739 4.154537 1
7.810811 3.992948 1
7.683034 4.079422 1
8.799227 3.695459 1
9.201405 4.935510 1
8.791797 4.408943 1
9.896333 4.076138 1
9.731742 3.404548 1
9.595600 3.461062 1
9.617782 3.328546 1
9.484823 3.377062 1
8.014758 5.026240 1
7.912322 5.070052 2
7.905993 4.939065 2
9.010417 4.264057 1
9.024271 4.401928 1
7.919750 3.793797 1
8.010725 4.891712 1
7.646689 3.834103 1
7.589310 3.951665 1
9.596484 3.754119 1
9.405770 5.171740 1
9.544909 3.601026 1
9.696916 3.536094 1
8.140535 3.900856 1
8.224384 3.983773 1
8.077665 4.032224 1
9.843989 4.287328 1
9.836925 4.437894 1
9.314569 4.342330 1
8.044079 3.806587 1
8.028935 3.941008 1
9.643438 5.532288 1
8.751380 4.564247 1
8.861794 4.526571 1
8.695585 3.615175 1
8.902892 4.323374 1
9.370563 3.484943 1
8.706083 3.761477 1
9.268643 4.448486 1
9.642103 3.181105 1
9.752715 3.139652 1
9.735064 3.290539 1
9.659159 3.651117 1
8.535851 4.550630 1
8.808000 4.066500 1
8.343011 3.622439 1
8.261129 3.719571 1
9.867215 3.358270 1
9.443776 5.274645 1
9.352675 5.348751 1
9.293259 5.209572 1
8.068411 4.410639 1
9.338692 2.983404 2
9.569804 4.571433 1
9.660564 4.490055 1
9.656548 4.656291 1
9.775171 4.579339 1
9.252267 3.424379 1
8.224896 3.609948 1
8.426278 4.109686 1
9.587584 4.065104 1
9.477521 4.131865 1
7.769440 4.469009 2
9.749074 5.293266 1
8.040832 4.749102 1
10.000000 3.333333 0
8.822588 3.578330 1
10.000000 5.416667 0
10.000000 5.555555 0
9.862366 5.518735 1
9.370858 4.135249 1
9.017595 5.197884 1
8.943007 5.300575 1
8.281182 3.844628 1
8.184880 3.793109 1
7.924122 3.904215 1
9.893568 5.066491 1
8.444735 5.075212 1
8.351130 5.181495 1
9.681722 4.117604 1
9.726391 3.722780 1
8.280723 3.514709 2
8.834460 5.291018 1
8.045205 4.134794 1
7.949552 4.167972 1
7.909980 4.274614 1
9.088025 3.957970 1
8.494654 4.948745 1
8.432581 3.883755 1
9.476225 5.378482 1
9.197598 3.915571 1
7.550530 3.698022 3
9.267573 3.080878 2
9.146122 3.040666 2
9.486578 3.959123 1
9.894346 5.389453 1
9.878208 5.660171 2
9.104176 3.726347 1
9.389493 3.941152 1
8.697927 4.067390 1
8.621064 4.148262 1
8.538924 4.070376 1
9.240016 5.359257 1
9.740313 5.638144 2
9.408763 4.670970 1
9.303288 4.563451 1
9.457863 4.560836 1
9.392477 4.455444 1
8.717920 3.878421 1
9.557239 5.283425 1
8.764432 4.697741 1
8.626511 5.438052 2
8.739789 5.350778 2
8.855284 3.136485 2
9.007729 3.134118 2
8.913311 3.256656 1
7.801664 4.312671 1
9.124958 4.842820 1
8.711639 4.780706 1
8.508940 4.682758 1
8.648938 4.663811 1
9.121614 5.499931 2
9.218525 5.468232 1
8.912887 4.440127 1
9.830764 3.057855 2
9.671414 3.023718 2
9.035439 4.143056 1
9.851737 3.745319 1
8.688021 5.006658 1
10.000000 3.055556 0
9.894982 3.155647 1
7.695502 4.225101 2
8.282659 4.921088 1
7.871242 4.409590 1
10.000000 4.444445 0
9.895347 4.543991 1
8.117463 4.823249 1
8.737043 5.234947 1
8.877501 5.404268 2
10.000000 3.750000 0
9.397194 4.033442 1
7.706547 3.940217 1
8.972569 3.394670 1
8.770854 3.259098 2
8.336599 3.943409 1
8.846900 3.345389 1
9.161214 5.261732 1
9.048803 5.312334 1
9.491364 3.504400 1
9.526664 3.231197 1
9.097701 3.842282 1
9.548377 3.097301 1
8.164157 4.693324 1
7.511289 4.077076 2
7.971057 4.363525 1
10.000000 4.305555 0
9.896297 4.188107 1
10.000000 3.888889 0
9.328944 3.606921 1
9.785014 3.612837 1
9.289888 4.673587 1
9.515800 4.473945 1
7.797813 4.871843 2
10.000000 4.861111 0
10.000000 5.000000 0
9.878259 4.909756 1
10.000000 4.583333 0
10.000000 4.722222 0
9.880175 4.672441 1
9.114153 4.730761 1
9.407244 3.254211 1
8.263885 4.623531 1
9.918821 4.368527 1
9.861631 5.285372 1
8.066018 4.637471 1
7.993028 3.524222 2
10.000000 5.138889 0
9.914859 5.194705 1
10.000000 4.166667 0
8.230309 4.827884 1
8.295834 4.735635 1
8.469175 4.823543 1
8.601311 4.799692 1
8.397052 4.694332 1
9.832903 3.240989 1
8.856175 3.448032 1
7.907538 3.607256 2
7.590600 4.173781 2
9.334420 4.761513 1
9.202797 3.783251 1
9.363633 3.128230 1
9.383889 4.243562 1
9.734552 4.243294 1
9.444994 4.357610 1
10.000000 5.277778 0
8.020779 4.540840 1
9.531137 4.677654 1
8.589025 4.907459 1
10.000000 4.027778 0
9.457596 3.154818 1
8.350130 4.829906 1
9.217078 4.741789 1
9.261843 4.849654 1
8.022291 5.169083 2
8.388100 4.946356 1
9.602942 4.783470 1
9.717548 4.796529 1
10.000000 3.194444 0
8.651186 4.533991 1
9.763075 4.695080 1
8.154737 5.215671 2
7.968187 4.453945 1
9.816274 4.791667 1
9.921261 4.791667 1
7.670146 4.365158 2
9.132717 5.389285 1
9.006129 5.434222 2
9.435319 3.593017 1
8.780659 3.965343 1
9.310996 4.960452 1
9.763405 4.883244 1
8.420769 4.007967 1
9.919020 3.256537 1
9.926762 3.958333 1
 0 1 2
 3 0 2
 4 5 6
 6 5 7
 8 9 10
 9 11 10
 12 13 14
 15 16 17
 18 19 20
 21 4 22
 23 24 25
 26 27 28
 29 13 12
 30 19 18
 31 32 33
 34 35 36
 14 31 33
 37 38 39
 40 41 42
 41 43 42
 44 45 46
 47 46 45
 48 28 27
 49 37 39
 50 51 52
 25 24 53
 54 55 56
 57 56 55
 58 59 60
 61 23 11
 62 63 64
 65 66 67
 68 17 16
 61 2 1
 69 70 71
 72 73 74
 71 70 75
 76 67 66
 69 71 77
 78 79 80
 4 6 22
 62 64 81
 82 83 84
 78 85 79
 61 86 23
 87 88 89
 90 49 39
 91 92 93
 94 93 92
 68 95 55
 90 96 49
 97 83 98
 99 100 101
 102 101 100
 61 103 86
 104 105 16
 106 107 87
 87 107 108
 105 109 16
 76 66 110
 94 111 112
 113 114 115
 26 116 27
 50 117 51
 118 119 120
 121 122 123
 124 125 126
 127 20 63
 128 129 60
 58 60 129
 50 33 32
 57 55 95
 98 83 130
 131 2 8
 132 133 1
 62 81 134
 135 134 81
 65 136 66
 26 28 137
 138 139 140
 141 22 6
 138 142 143
 144 145 146
 147 146 145
 62 148 63
 149 36 35
 53 24 150
 138 143 139
 48 27 151
 152 153 154
 155 154 153
 156 157 158
 21 13 4
 159 142 160
 65 160 142
 72 74 161
 156 158 162
 163 164 77
 99 165 137
 15 17 166
 167 153 168
 169 170 171
 47 172 173
 138 174 142
 175 169 176
 175 161 120
 74 120 161
 126 125 177
 178 150 179
 180 87 108
 121 123 181
 26 137 165
 77 164 69
 34 22 35
 155 182 96
 180 183 92
 94 92 183
 65 142 184
 185 186 187
 167 168 188
 10 11 189
 190 123 122
 91 93 191
 192 191 93
 40 42 193
 194 195 196
 131 197 2
 198 115 114
 199 200 201
 202 201 200
 30 18 203
 49 203 18
 82 130 83
 118 204 119
 205 86 103
 76 110 7
 206 45 207
 44 207 45
 185 187 154
 82 84 208
 54 56 209
 97 98 210
 211 40 193
 169 171 176
 124 126 209
 54 209 126
 127 63 212
 53 150 178
 63 20 64
 68 55 17
 213 214 215
 138 140 216
 21 217 218
 192 93 219
 175 220 169
 1 133 103
 72 221 146
 144 146 221
 47 173 200
 202 200 173
 57 222 56
 50 32 117
 3 2 197
 223 33 224
 48 225 28
 223 29 12
 61 9 2
 194 196 166
 26 165 226
 30 203 182
 132 171 170
 118 227 204
 58 126 177
 142 174 184
 21 218 228
 229 3 230
 230 3 231
 135 81 232
 135 123 134
 190 134 123
 167 165 101
 99 101 165
 223 233 29
 65 67 160
 93 234 219
 62 183 148
 159 181 123
 58 235 126
 223 224 80
 236 100 140
 72 163 73
 237 73 163
 94 234 93
 90 39 238
 239 238 39
 206 207 240
 165 188 226
 213 215 241
 214 242 215
 243 64 20
 100 244 140
 245 246 247
 248 196 195
 50 224 33
 121 150 24
 249 59 177
 111 245 247
 250 251 252
 253 252 251
 94 254 111
 54 126 255
 182 203 96
 76 7 256
 257 31 258
 259 260 261
 262 145 231
 141 110 263
 5 264 7
 239 39 260
 38 261 260
 223 12 33
 194 17 255
 54 255 17
 257 32 31
 10 189 265
 266 265 189
 128 267 268
 269 179 150
 270 186 271
 91 89 88
 159 143 142
 135 139 272
 26 273 116
 5 4 274
 275 276 270
 253 251 184
 156 79 85
 147 145 277
 54 17 55
 278 80 79
 208 279 130
 34 36 196
 15 196 36
 280 281 173
 7 110 6
 156 162 79
 282 79 162
 21 283 13
 246 24 86
 23 86 24
 175 176 221
 236 139 232
 135 232 139
 284 258 228
 285 116 273
 65 251 136
 141 6 110
 286 240 207
 58 129 235
 147 287 146
 72 161 221
 127 288 18
 259 261 289
 290 219 234
 291 289 261
 94 112 234
 34 292 217
 293 217 292
 155 294 182
 47 200 46
 185 154 295
 243 20 19
 82 208 130
 243 296 64
 185 295 297
 76 179 67
 282 210 298
 69 299 70
 262 231 279
 29 274 13
 111 247 112
 236 140 139
 231 300 279
 50 52 224
 175 120 119
 180 108 212
 301 172 302
 159 160 181
 269 181 160
 266 178 256
 76 256 178
 285 303 116
 30 182 304
 144 221 176
 262 277 145
 69 164 299
 305 42 43
 152 42 168
 305 168 42
 15 166 196
 250 306 251
 144 230 145
 14 33 12
 34 196 292
 248 292 196
 46 200 307
 180 88 87
 94 183 254
 206 240 137
 97 308 83
 128 268 129
 248 129 268
 147 164 287
 309 310 311
 312 313 314
 202 173 281
 65 184 251
 38 260 39
 110 315 263
 206 137 28
 237 163 77
 68 16 109
 147 299 164
 167 188 165
 21 22 217
 34 217 22
 21 228 283
 78 80 224
 90 316 96
 10 317 8
 152 193 42
 280 173 318
 56 319 209
 194 166 17
 298 210 320
 253 184 174
 118 120 321
 248 195 129
 131 8 317
 127 18 20
 257 117 32
 322 323 222
 324 301 302
 282 298 325
 326 325 298
 327 265 328
 266 328 265
 10 329 317
 72 287 163
 11 25 189
 199 307 200
 175 119 220
 282 162 210
 97 210 162
 330 187 186
 4 13 274
 285 273 43
 49 18 37
 282 325 79
 278 79 325
 108 331 212
 74 332 120
 147 277 333
 102 304 101
 61 1 103
 250 105 334
 104 334 105
 99 137 240
 131 317 298
 132 1 0
 310 322 222
 243 335 296
 198 114 336
 44 337 207
 81 64 296
 280 312 281
 47 338 172
 249 215 242
 102 335 19
 243 19 335
 307 253 339
 78 224 52
 207 337 216
 198 336 238
 340 213 241
 340 241 319
 155 96 316
 41 285 43
 155 153 294
 131 341 197
 23 25 11
 61 11 9
 46 307 339
 199 342 252
 57 311 222
 290 170 219
 29 343 274
 56 222 323
 102 100 335
 236 335 100
 344 324 151
 345 297 295
 152 187 193
 327 346 329
 347 348 263
 149 263 348
 139 143 272
 49 96 203
 286 216 140
 156 349 157
 62 254 183
 180 148 183
 269 160 67
 127 212 331
 72 146 287
 310 222 311
 180 92 88
 327 233 350
 97 162 158
 141 35 22
 44 46 339
 351 201 352
 275 353 276
 169 219 170
 152 168 153
 266 189 354
 201 355 352
 14 13 283
 155 295 154
 163 287 164
 250 252 342
 2 9 8
 66 315 110
 48 172 338
 266 354 178
 327 350 346
 312 314 281
 53 178 354
 192 119 204
 185 271 186
 152 154 187
 266 264 328
 327 329 265
 48 302 172
 327 328 343
 349 85 356
 129 195 235
 173 172 318
 301 318 172
 202 281 314
 253 174 339
 194 255 235
 126 235 255
 357 130 279
 189 25 354
 124 241 215
 138 337 174
 326 317 329
 330 193 187
 53 354 25
 175 221 161
 206 225 45
 47 45 338
 30 304 19
 102 19 304
 147 333 299
 327 343 233
 78 52 356
 76 178 179
 194 235 195
 358 359 311
 309 311 359
 5 274 343
 149 35 263
 141 263 35
 293 218 217
 167 294 153
 313 359 314
 358 314 359
 357 197 341
 262 208 360
 258 31 283
 266 256 264
 305 188 168
 293 361 362
 267 362 361
 305 43 273
 159 123 272
 26 226 273
 305 273 226
 29 233 343
 14 283 31
 101 304 363
 326 298 317
 98 320 210
 185 297 271
 113 271 297
 326 329 346
 286 140 244
 97 158 308
 111 364 245
 199 201 342
 205 103 133
 144 176 171
 269 67 179
 324 302 151
 250 334 306
 330 186 276
 270 276 186
 58 177 59
 358 355 314
 202 314 355
 91 88 92
 258 283 228
 121 181 150
 269 150 181
 149 365 36
 15 36 365
 38 288 261
 291 261 288
 167 101 363
 132 0 229
 144 171 229
 135 272 123
 121 24 122
 246 122 24
 358 311 366
 57 366 311
 290 133 170
 120 332 321
 249 125 215
 91 191 89
 227 89 191
 7 264 256
 90 336 316
 124 215 125
 3 300 231
 127 331 288
 291 288 331
 351 105 342
 131 298 320
 345 316 336
 227 191 204
 124 209 319
 145 230 231
 250 342 105
 205 367 247
 112 247 367
 301 280 318
 322 340 323
 66 136 315
 347 315 136
 340 319 323
 159 272 143
 353 211 368
 124 319 241
 262 360 277
 10 265 329
 206 28 225
 180 212 148
 351 342 201
 111 254 364
 291 107 289
 106 289 107
 18 288 37
 313 309 359
 249 177 125
 205 133 367
 290 367 133
 144 229 230
 3 197 300
 45 225 338
 48 338 225
 56 323 319
 303 344 369
 347 334 348
 104 348 334
 347 263 315
 155 316 295
 284 228 218
 5 328 264
 38 37 288
 5 343 328
 132 229 171
 3 229 0
 132 170 133
 192 204 191
 345 295 316
 211 193 368
 351 352 95
 357 300 197
 262 279 208
 112 367 234
 290 234 367
 99 244 100
 190 245 364
 202 355 201
 223 350 233
 104 365 348
 149 348 365
 205 247 86
 246 86 247
 192 220 119
 330 368 193
 344 151 369
 27 369 151
 156 85 349
 351 109 105
 278 350 80
 223 80 350
 305 226 188
 293 362 218
 284 218 362
 104 16 365
 15 365 16
 345 336 114
 108 107 331
 291 331 107
 90 238 336
 57 95 366
 48 151 302
 357 279 300
 351 95 109
 267 361 268
 248 268 361
 68 109 95
 347 136 306
 251 306 136
 278 346 350
 278 325 346
 326 346 325
 293 292 361
 248 361 292
 63 148 212
 236 296 335
 286 207 216
 62 134 364
 98 130 341
 357 341 130
 182 363 304
 246 245 122
 95 352 366
 99 240 244
 286 244 240
 174 337 339
 138 216 337
 303 369 116
 27 116 369
 190 364 134
 62 364 254
 113 297 114
 345 114 297
 347 306 334
 192 219 220
 330 276 368
 358 352 355
 44 339 337
 353 368 276
 169 220 219
 167 363 294
 182 294 363
 81 296 232
 236 232 296
 253 307 252
 199 252 307
 190 122 245
 78 356 85
 131 320 341
 98 341 320
 358 366 352
 20
 237 106 118 198 239 113 74 227 270 259 87 73 260 289 238 271 115 321 332 89
 0
 4
 237 71 77 75
 0
 0
 0
 0
 0
 0
 0
 0
 0
 0
 0
 0
 0
 0
 0
 15
 299 52 70 84 208 157 349 308 277 83 360 158 333 75 356
 13
 257 284 249 128 267 258 60 52 242 51 362 59 117
