388 703
4.843771 7.742307 2
4.766234 7.666049 1
4.942622 7.631082 2
4.821928 7.549235 1
4.623034 6.302894 1
4.483908 6.449684 1
4.452465 6.301439 1
3.642383 7.890832 1
3.511250 7.910295 1
3.556786 7.772664 1
3.421979 7.817657 1
4.410115 6.599568 1
4.332772 6.515707 1
4.330570 6.401648 1
3.828752 6.011590 1
3.775733 5.907977 1
3.940711 5.922763 1
3.720820 6.912322 1
3.724187 6.781441 1
3.827966 6.839842 1
3.906242 5.805687 1
4.596781 5.505511 2
4.767055 5.487215 2
4.696230 5.614021 1
4.550435 6.184982 1
4.682370 6.145089 1
4.738197 6.044947 1
4.770121 6.206210 1
4.595613 8.187726 3
4.511151 8.049745 1
4.657690 8.056572 2
3.623137 6.846333 1
4.844717 6.127686 1
5.087639 5.919766 1
5.172787 6.042550 1
5.027209 6.035408 1
3.481136 6.425205 1
3.351527 6.339208 2
3.475854 6.270106 1
3.313665 6.154677 3
4.543251 6.941085 1
4.651010 6.849020 1
4.676975 7.006541 1
3.711240 7.702978 1
3.753700 7.593210 1
3.852340 7.744352 1
5.219138 6.610251 1
5.205322 6.783471 2
5.094726 6.711517 1
3.880420 7.593835 1
3.099504 7.861408 2
3.087139 7.754130 1
3.246407 7.816896 2
4.209164 6.676344 1
4.083702 6.608777 1
4.210244 6.520789 1
4.047033 6.461767 1
3.167779 7.683233 1
4.176283 7.510770 1
4.021476 7.534031 1
4.107207 7.367772 1
3.968200 7.421478 1
2.824404 7.342330 2
2.908478 7.476202 1
2.759440 7.514537 2
5.146527 5.660914 1
5.281844 5.563485 2
5.260324 5.714407 2
3.598216 6.522669 1
3.456605 6.579809 1
3.615132 6.728545 1
4.007149 7.706590 1
3.301613 6.552069 2
3.350997 6.695115 2
5.128078 5.529068 2
3.245531 7.230278 1
3.155838 7.313945 1
3.091022 7.181091 2
3.589037 5.975732 1
3.508303 6.124942 1
3.423122 6.009644 2
3.945071 5.537083 2
3.889776 5.689489 1
3.789196 5.580353 2
2.952770 7.357646 1
3.067519 7.422348 1
3.030931 7.537596 1
4.519849 5.664965 1
4.478020 5.792209 1
4.405655 5.647001 1
3.621964 6.380307 1
3.617217 6.218404 1
3.045278 7.292064 1
4.358768 5.740221 1
3.892871 7.484823 1
5.330009 6.659079 2
4.374683 7.131568 1
4.237511 7.038578 1
4.349758 7.017886 1
4.218152 7.147321 1
2.799217 7.693826 1
2.923133 7.614957 1
3.777973 6.416477 1
3.922608 6.355734 1
3.912579 6.474751 1
4.566793 6.573065 1
4.145229 7.234875 1
4.059261 7.122772 1
4.448827 8.208036 2
3.510746 5.861794 2
3.652773 5.830866 2
4.059628 6.004992 1
3.938392 6.086611 1
3.369663 6.458298 1
3.927176 6.221677 1
3.770183 6.156655 1
5.057843 6.603064 1
5.204967 6.904642 2
5.076235 6.911542 1
3.510660 7.636990 1
3.447775 7.505364 1
3.627092 7.551364 1
3.559541 7.424548 1
5.054564 6.800837 1
5.087629 7.126500 1
5.238856 7.112688 2
5.122115 7.262406 1
5.279744 7.252313 2
4.534422 7.490746 1
4.536436 7.376394 1
4.672927 7.475581 1
4.652640 7.350923 1
4.633508 5.739126 1
4.783075 5.736701 1
4.834458 7.281233 1
4.974308 7.230979 1
4.991446 7.348893 1
5.307677 5.989727 2
5.244080 6.136095 1
4.800302 5.598439 1
3.063891 7.641549 1
4.900292 7.423846 1
3.714106 6.028776 1
4.576108 7.607667 1
2.991874 7.710558 1
4.386937 7.957093 1
4.280149 8.028477 1
4.251044 7.871155 1
4.974689 6.722596 1
4.848577 6.738701 1
4.914988 6.591507 1
4.793907 6.642322 1
4.121198 7.040025 1
4.813176 7.911351 2
4.711037 7.794382 1
4.598866 7.059680 1
3.819483 6.289340 1
3.572550 6.630432 1
3.721129 6.618779 1
2.666480 7.624243 2
3.455959 8.054653 2
3.603015 8.014289 2
4.613519 6.446199 1
2.942381 7.236932 2
4.168963 6.230496 1
4.053305 6.149411 1
4.156271 6.085233 1
4.882155 5.653976 1
5.004355 5.621849 1
4.936058 5.781611 1
5.055205 5.730065 1
4.261810 6.154975 1
3.720242 7.024384 1
3.818640 6.978978 1
3.808242 7.139900 1
4.050350 6.303873 1
3.710642 6.294157 1
5.135509 6.219526 1
5.055723 6.299394 1
4.986338 6.169107 1
4.955557 6.285827 1
4.468042 7.715165 1
4.502781 7.876628 1
4.367325 7.805503 1
4.584562 7.758676 1
4.387048 8.081140 1
5.399867 6.102345 2
5.338184 6.231318 2
3.635663 6.101223 1
4.774349 6.316844 1
4.771996 6.822196 1
4.921848 6.875056 1
4.776976 6.939325 1
5.106018 6.117599 1
3.758244 7.836802 1
5.280290 6.342507 1
5.411267 6.342228 2
5.295508 6.477823 1
5.448219 6.482357 2
4.153456 7.978736 1
4.177986 8.088549 1
4.026791 8.054142 1
4.308178 8.162348 1
4.310953 8.315970 2
3.481774 7.339940 1
3.377903 7.389180 1
4.581967 7.159510 1
4.698600 7.260993 1
4.564543 7.276639 1
4.417337 6.191537 1
4.965833 5.912179 1
4.420889 5.943147 1
4.356926 6.065837 1
4.294610 5.933435 1
4.715678 7.142967 1
3.910329 7.913257 1
4.106899 8.169879 2
4.607901 5.981206 1
4.605456 6.088699 1
4.707977 7.588343 1
4.770649 7.392766 1
5.097023 7.394842 1
3.919438 7.045442 1
4.193398 8.227467 2
3.219912 7.099728 2
4.045402 7.234003 1
3.764626 7.978360 1
3.798507 5.780425 1
4.597871 7.963859 1
3.741936 5.683527 2
4.303561 6.275100 1
3.838081 6.567790 1
4.856603 7.145395 1
3.384366 7.927693 2
5.149235 6.503205 1
4.142662 7.770654 1
4.062350 7.835704 1
5.004020 5.485520 3
3.963344 8.167383 2
4.872307 7.020385 1
4.252996 7.294376 1
4.354853 7.244166 1
4.836123 5.901148 1
3.538919 6.806466 1
3.826000 6.707777 1
5.020481 7.500053 2
5.001524 7.020991 1
3.349836 7.708594 1
3.263058 7.656786 1
4.701678 5.877624 1
3.969505 6.572711 1
4.031507 7.932813 1
4.187191 6.370886 1
5.233618 6.250854 1
3.953669 7.810437 1
4.888825 6.027974 1
4.921330 7.526054 1
4.593714 5.602470 1
4.246490 6.045128 1
3.668547 7.791031 1
5.038819 5.830047 1
4.963239 7.116050 1
3.755050 7.484173 1
3.678781 7.358489 1
3.839210 7.390600 1
3.572624 7.136677 1
3.620426 6.995499 1
3.674249 7.116525 1
3.512885 7.022688 1
3.924407 6.778689 1
3.918741 6.904608 1
3.706648 6.508783 1
4.498084 6.058089 1
4.231218 7.410373 1
4.380692 6.783002 1
4.327588 6.682076 1
4.485376 6.682701 1
3.713003 8.075606 1
4.282556 6.957081 1
4.143545 6.940578 1
4.203537 6.832942 1
4.446509 7.322335 1
4.440694 7.457618 1
5.267864 5.847190 2
5.149359 5.806612 1
4.701714 6.395284 1
4.347909 7.403681 1
4.102388 6.731255 1
4.042965 6.835967 1
5.193571 5.926731 1
5.154410 7.012564 1
3.919992 8.025494 1
3.914390 6.657681 1
4.350440 5.843766 1
3.578867 7.278636 1
4.291726 6.598414 1
5.285058 6.963790 2
4.476462 7.048297 1
4.404589 6.915154 1
4.689008 6.623161 1
4.802021 6.536401 1
4.692145 6.510069 1
3.770442 7.300319 1
4.251238 7.728322 1
3.704860 7.213806 1
3.874635 7.269837 1
3.823353 8.107009 2
4.141549 7.641022 1
3.971478 7.312364 1
4.667230 7.685610 1
4.614072 7.870597 1
4.361379 7.659491 1
4.454059 7.580986 1
3.182489 7.548820 1
3.205936 7.420095 1
4.212558 5.854231 1
4.248597 5.748077 1
4.038553 5.658641 1
4.357193 7.543555 1
3.440204 7.103339 1
3.397062 6.972573 2
3.340920 7.072015 1
4.140000 7.877362 1
4.504460 6.802976 1
3.943378 7.179153 1
5.436562 6.612066 1
5.477098 6.708196 2
4.598559 5.847157 1
4.526024 5.917530 1
5.533744 6.581156 3
4.337113 5.571017 1
4.314150 5.465457 2
4.460289 5.534797 2
4.309435 6.850822 1
3.603919 7.676636 1
4.008707 5.781964 1
3.305654 7.465668 1
4.001836 6.698579 1
4.286083 6.765038 1
4.595124 6.705735 1
3.350084 7.183947 1
4.712487 6.733693 1
5.209268 6.416811 1
4.104136 5.545857 2
4.022027 6.978586 1
5.102062 6.414493 1
5.008130 6.495294 1
3.320114 7.573364 1
5.209591 7.373124 2
4.169448 5.653909 1
4.776282 7.054303 1
3.467101 7.227109 1
5.345887 6.568316 1
4.464261 7.193318 1
3.481405 6.723879 1
3.414002 6.824035 2
4.258708 7.599420 1
4.085330 5.881739 1
4.123805 5.761951 1
5.162119 7.494687 2
3.733426 8.174810 2
3.652785 7.454267 1
3.366880 7.285813 1
3.278885 7.344421 1
4.901669 6.452595 1
3.451642 7.720843 1
3.008007 7.820422 1
2.898241 7.744026 1
3.277499 6.994697 2
4.894711 5.543684 2
4.228028 5.563161 2
4.274262 7.493560 1
2.792672 7.848142 3
2.911109 7.846158 2
4.799413 6.423173 1
4.168519 5.965186 1
3.018186 7.962210 2
2.686038 7.749208 2
3.519023 6.909560 1
4.698055 7.935896 2
3.408854 7.624741 1
4.984843 6.382586 1
4.284595 5.652598 1
5.170027 6.324827 1
3.637452 8.120075 2
3.256470 6.430376 2
4.880465 6.349662 1
4.866957 6.236947 1
 0 1 2
 1 3 2
 4 5 6
 7 8 9
 10 9 8
 11 12 5
 13 5 12
 14 15 16
 17 18 19
 16 15 20
 21 22 23
 4 6 24
 25 26 27
 28 29 30
 31 18 17
 27 26 32
 33 34 35
 36 37 38
 39 38 37
 40 41 42
 43 44 45
 46 47 48
 45 44 49
 50 51 52
 53 54 55
 56 55 54
 57 52 51
 58 59 60
 61 60 59
 62 63 64
 65 66 67
 36 68 69
 70 18 31
 71 49 59
 72 69 73
 74 66 65
 75 76 77
 78 79 80
 81 82 83
 63 84 85
 86 63 85
 39 80 79
 87 88 89
 36 38 90
 91 90 38
 92 77 76
 88 93 89
 49 94 59
 46 95 47
 96 97 98
 96 99 97
 100 64 101
 102 103 104
 11 5 105
 99 106 107
 28 108 29
 78 109 110
 111 112 16
 72 113 69
 36 69 113
 114 115 112
 14 112 115
 46 48 116
 47 117 118
 78 110 15
 119 120 121
 122 121 120
 123 47 118
 124 125 126
 127 126 125
 128 129 130
 131 130 129
 132 23 133
 56 104 103
 14 16 112
 134 135 136
 137 138 34
 23 139 133
 86 140 101
 134 136 141
 78 15 142
 71 45 49
 128 130 143
 144 101 140
 145 146 147
 148 149 150
 151 150 149
 132 88 87
 152 99 107
 153 154 0
 40 42 155
 102 156 103
 70 157 158
 100 159 64
 160 8 161
 4 162 5
 114 156 115
 92 163 77
 39 79 38
 164 165 166
 167 168 169
 170 169 168
 164 166 171
 13 6 5
 172 173 174
 114 165 175
 164 175 165
 124 126 135
 91 115 176
 177 178 179
 180 179 178
 181 182 183
 181 184 182
 29 108 185
 148 150 116
 138 186 187
 91 188 115
 4 27 189
 4 25 27
 190 191 192
 177 193 138
 43 45 194
 195 196 197
 198 197 196
 62 163 84
 145 182 29
 199 200 201
 202 108 203
 204 122 120
 205 204 120
 206 207 208
 209 24 6
 33 35 210
 211 212 213
 206 214 207
 135 126 136
 215 194 45
 216 201 200
 217 26 218
 25 218 26
 42 41 192
 36 113 37
 86 101 63
 130 219 143
 131 220 130
 221 136 126
 14 115 142
 56 103 175
 199 147 146
 78 80 109
 222 174 173
 138 193 34
 202 223 200
 75 77 224
 36 90 68
 137 186 138
 225 107 106
 215 226 194
 131 207 220
 227 20 15
 70 158 18
 29 182 228
 158 157 68
 65 170 168
 227 110 229
 209 171 212
 209 230 171
 3 220 141
 102 104 231
 134 232 135
 10 233 52
 46 116 234
 71 235 236
 237 74 168
 206 155 214
 42 214 155
 7 226 161
 64 63 101
 216 238 201
 239 192 191
 240 99 241
 96 241 99
 242 169 210
 70 31 243
 158 231 244
 74 65 168
 141 136 245
 61 59 94
 190 149 191
 145 147 183
 47 123 48
 239 191 246
 118 246 191
 10 52 247
 148 116 48
 91 38 79
 177 179 193
 3 130 220
 160 233 8
 221 245 136
 111 165 112
 78 188 79
 57 248 52
 242 249 133
 4 24 25
 56 250 104
 202 200 146
 199 201 251
 13 252 230
 115 156 176
 227 229 82
 177 138 253
 71 236 254
 35 179 255
 3 141 256
 134 214 232
 132 87 257
 258 213 212
 167 133 139
 43 194 259
 169 260 210
 239 261 232
 242 26 249
 262 263 264
 265 266 267
 268 266 265
 215 254 251
 164 230 252
 83 82 229
 19 269 270
 240 60 106
 239 246 261
 68 90 271
 56 175 252
 164 252 175
 236 251 254
 190 192 41
 132 133 249
 211 272 212
 240 273 60
 124 135 261
 102 231 271
 274 275 276
 226 277 161
 278 279 280
 281 129 282
 13 55 252
 217 249 26
 67 283 284
 4 189 285
 102 271 90
 56 54 250
 281 282 286
 53 280 287
 288 287 280
 33 289 34
 124 246 290
 118 290 246
 71 254 45
 215 251 291
 30 29 228
 56 252 55
 292 244 231
 32 255 179
 278 98 97
 134 141 220
 172 174 267
 242 133 169
 167 169 133
 201 291 251
 114 112 165
 93 88 293
 215 45 254
 122 294 263
 7 194 226
 53 55 295
 281 286 241
 240 241 286
 19 244 269
 115 188 142
 296 125 290
 158 68 271
 211 293 88
 137 289 283
 134 220 207
 40 297 298
 151 299 300
 301 300 299
 263 302 264
 303 183 147
 158 244 18
 53 287 54
 303 147 235
 11 105 276
 145 29 185
 304 174 302
 305 302 174
 209 272 24
 124 290 125
 225 106 60
 306 291 238
 201 238 291
 71 307 235
 225 60 308
 61 308 60
 309 154 184
 310 184 154
 306 226 291
 215 291 226
 181 311 312
 148 191 149
 306 277 226
 86 85 313
 314 313 85
 58 307 59
 71 59 307
 13 230 6
 209 6 230
 137 34 289
 315 316 293
 81 317 82
 69 68 157
 318 312 311
 92 84 163
 52 248 247
 297 98 298
 58 60 273
 61 264 308
 305 308 264
 268 319 320
 321 320 319
 147 322 235
 304 263 294
 310 228 182
 227 15 110
 43 121 44
 35 34 193
 274 323 298
 40 298 323
 309 184 143
 181 143 184
 0 154 1
 46 234 197
 132 257 23
 305 324 308
 325 326 95
 217 327 249
 13 12 55
 216 200 223
 278 97 279
 217 272 328
 211 328 272
 198 329 325
 3 256 2
 330 331 332
 92 85 84
 278 280 333
 43 334 121
 225 308 324
 274 276 323
 335 82 317
 114 103 156
 304 294 265
 205 120 336
 3 219 130
 288 269 337
 288 337 287
 53 338 280
 339 41 323
 40 323 41
 35 255 210
 75 224 340
 321 340 224
 11 276 275
 49 44 262
 94 49 262
 151 149 341
 102 90 176
 288 280 279
 309 1 154
 197 234 342
 227 82 20
 242 255 26
 132 327 88
 102 176 156
 152 97 99
 202 185 108
 32 26 255
 81 343 317
 222 344 107
 181 183 311
 303 311 183
 240 106 99
 345 234 346
 347 313 336
 217 328 327
 111 166 165
 134 207 214
 131 208 207
 141 245 256
 221 126 348
 127 348 126
 211 88 328
 87 332 257
 349 317 343
 114 175 103
 347 336 120
 62 84 63
 35 193 179
 335 20 82
 314 336 313
 33 210 260
 145 183 182
 42 350 214
 21 257 332
 315 293 213
 122 204 294
 310 182 184
 304 267 174
 351 265 294
 309 143 219
 198 325 352
 288 279 344
 116 346 234
 288 270 269
 206 353 297
 96 297 353
 214 350 232
 288 344 270
 14 142 15
 67 284 65
 118 191 123
 148 123 191
 351 319 265
 268 265 319
 190 341 149
 339 276 105
 262 44 121
 158 271 231
 69 354 73
 355 73 354
 145 185 146
 202 146 185
 339 105 299
 301 299 105
 58 356 307
 10 8 233
 335 357 16
 111 16 357
 349 358 317
 221 359 245
 91 79 188
 78 142 188
 209 212 272
 303 307 356
 7 161 8
 325 329 326
 33 284 289
 283 289 284
 91 176 90
 46 197 352
 239 232 350
 306 360 277
 222 107 324
 21 23 257
 19 270 173
 202 203 223
 119 121 334
 305 174 324
 5 162 105
 301 105 162
 272 218 24
 240 286 273
 40 155 297
 221 348 359
 304 302 263
 22 139 23
 122 263 361
 242 210 255
 339 341 41
 190 41 341
 335 317 358
 262 361 263
 151 300 150
 93 293 316
 222 173 270
 75 362 363
 364 150 300
 119 9 365
 10 365 9
 75 340 362
 152 344 279
 347 248 313
 296 290 117
 222 324 174
 144 366 367
 217 218 272
 135 232 261
 321 368 320
 57 140 313
 86 313 140
 262 121 361
 237 168 369
 167 369 168
 222 270 344
 128 282 129
 122 361 121
 100 101 367
 144 367 101
 164 171 230
 258 212 171
 349 343 370
 318 311 356
 181 312 143
 7 9 259
 318 371 286
 4 285 162
 132 249 327
 198 352 197
 151 341 299
 87 89 332
 57 313 248
 258 171 166
 303 235 307
 119 334 9
 170 260 169
 318 286 282
 118 117 290
 172 267 266
 124 261 246
 100 367 372
 373 372 367
 301 374 300
 315 213 375
 258 375 213
 321 224 368
 2 256 245
 152 107 344
 373 366 376
 50 376 366
 301 285 374
 304 265 267
 330 332 89
 100 377 159
 315 358 316
 364 346 150
 69 157 354
 70 354 157
 116 150 346
 199 146 200
 268 378 266
 195 197 342
 46 352 95
 153 379 154
 310 154 379
 31 266 378
 268 320 378
 152 279 97
 19 18 244
 347 120 380
 119 380 120
 355 378 320
 345 346 381
 351 340 319
 321 319 340
 347 380 247
 10 247 365
 373 367 366
 355 354 243
 347 247 248
 92 76 85
 314 85 76
 111 357 375
 315 375 357
 93 382 89
 349 316 358
 199 322 147
 303 356 311
 11 275 295
 100 372 377
 128 143 312
 351 294 204
 11 295 12
 339 323 276
 7 259 194
 148 48 123
 195 187 196
 315 357 358
 345 178 383
 345 381 178
 262 264 94
 384 161 277
 205 336 363
 314 363 336
 54 337 250
 355 243 378
 330 370 331
 239 350 192
 42 192 350
 335 16 20
 111 375 166
 314 76 363
 75 363 76
 292 269 244
 96 98 297
 305 264 302
 206 297 155
 43 259 334
 9 334 259
 25 24 218
 292 250 337
 335 358 357
 58 371 356
 345 342 234
 278 298 98
 72 385 113
 37 113 385
 93 316 382
 61 94 264
 54 287 337
 104 250 231
 292 231 250
 180 381 386
 364 386 381
 144 51 366
 318 356 371
 19 173 17
 364 381 346
 330 89 382
 167 139 369
 22 369 139
 292 337 269
 3 1 219
 339 299 341
 170 65 284
 281 208 129
 70 243 354
 177 253 383
 144 140 51
 57 51 140
 199 251 322
 236 322 251
 180 178 381
 211 213 293
 384 277 360
 281 241 353
 96 353 241
 286 371 273
 189 374 285
 172 17 173
 236 235 322
 225 324 107
 351 204 362
 205 362 204
 131 129 208
 301 162 285
 180 387 179
 32 179 387
 278 333 298
 274 298 333
 189 386 374
 33 260 284
 170 284 260
 258 166 375
 195 342 383
 30 228 379
 310 379 228
 281 353 208
 53 275 338
 364 300 374
 31 378 243
 195 383 253
 345 383 342
 177 383 178
 172 266 17
 31 17 266
 88 327 328
 325 95 352
 205 363 362
 349 382 316
 351 362 340
 53 295 275
 206 208 353
 364 374 386
 58 273 371
 274 338 275
 189 387 386
 318 282 312
 128 312 282
 55 12 295
 349 370 382
 189 27 387
 309 219 1
 195 253 187
 330 382 370
 119 365 380
 247 380 365
 180 386 387
 50 366 51
 138 187 253
 32 387 27
 280 338 333
 274 333 338
 0
 0
 0
 0
 0
 0
 15
 21 39 81 237 22 83 80 110 109 343 332 369 229 370 331
 0
 0
 0
 0
 16
 62 39 355 72 64 37 77 73 163 320 224 159 372 377 385 368
 17
 296 28 127 153 47 30 0 2 125 245 348 359 95 117 379 326 329
 0
 17
 384 50 28 306 216 373 160 52 203 108 376 238 360 372 223 233 161
 0
 0
 0
 11
 67 137 198 237 283 74 66 186 196 187 329
 0
