380 681
0.949779 3.404397 1
1.054199 3.509120 1
0.863356 3.491082 1
0.929897 3.592054 1
1.447017 5.148707 1
1.284539 5.081104 1
1.429996 5.052123 1
0.316807 3.985194 1
0.296819 4.080687 1
0.191424 3.991625 1
1.372061 5.212504 1
1.470755 6.498024 2
1.542161 6.396385 1
1.577821 6.558721 2
0.208946 4.153841 1
1.659293 6.444950 3
1.336604 3.931155 1
1.411892 4.023517 1
1.257768 4.007148 1
1.318588 4.106539 1
0.635702 5.069196 1
0.478251 5.133544 1
0.559542 4.962142 1
1.127223 5.153876 1
1.141149 5.001644 1
1.541535 4.288084 2
1.435274 4.418665 2
1.363267 4.263799 1
0.260440 3.850509 1
1.512895 5.982413 2
1.443898 6.091654 1
1.365815 5.952167 1
1.321293 6.079159 1
0.698432 5.772837 1
0.575890 5.792314 1
0.596135 5.650707 1
1.042573 3.357720 1
1.152876 3.345575 1
1.372741 5.314714 1
1.516472 5.222009 2
1.473827 5.352179 2
1.823967 3.799310 1
1.844278 3.966350 2
1.713768 3.849500 1
1.678203 3.965249 2
0.869467 5.131529 1
0.769390 5.051095 1
0.900624 4.981236 1
1.205574 3.476413 1
1.046198 4.122622 1
1.052132 4.303879 1
0.954772 4.204939 1
0.000000 3.611111 0
0.000000 3.472222 0
0.145812 3.516792 2
1.157460 4.226938 1
0.107255 3.641623 1
0.737325 5.669270 1
0.959141 3.272808 2
1.114740 3.190928 2
0.344523 5.224209 1
0.196422 5.156919 1
0.341365 5.078186 1
0.236381 4.995296 1
0.987016 3.751022 1
1.114635 3.829833 1
0.950544 3.894858 1
0.434300 4.992430 1
1.011520 5.057606 1
1.287651 4.420591 1
0.304373 6.188498 1
0.458075 6.124873 1
0.439970 6.285912 2
0.725570 4.565895 1
0.832983 4.618250 1
0.676561 4.652657 1
0.782922 4.741789 1
1.545395 3.612684 1
1.708498 3.610493 1
1.647203 3.724900 1
0.972894 5.614025 1
0.889425 5.497691 1
1.003072 5.424653 1
1.091373 3.977587 1
1.554171 5.074500 2
1.484426 4.911976 1
0.568905 4.559208 1
0.682309 4.460582 1
0.343548 4.903107 1
0.717624 3.718441 1
0.684755 3.851752 1
0.575425 3.706501 1
0.543499 3.861286 1
0.634513 4.864355 1
0.533296 4.801731 1
1.108239 5.522227 1
1.025232 4.906744 1
1.173181 4.840536 1
1.388970 3.318665 1
1.514504 3.315554 2
1.492873 3.422162 1
1.373677 4.553658 2
0.453549 4.888576 1
0.849315 6.312347 1
0.956951 6.196434 1
0.972829 6.363189 1
0.817296 3.350409 2
0.117865 3.862267 1
0.576647 4.440132 1
0.439510 4.421194 1
0.420596 4.557470 1
1.264026 5.770383 1
1.328080 5.670756 1
1.360249 5.814812 1
1.130480 3.678314 1
0.833166 6.086993 1
0.965494 6.052625 1
1.098112 6.129204 1
0.210583 5.397940 1
0.354821 5.390138 1
0.249973 5.502886 1
0.802402 3.915571 1
0.782489 4.064852 1
0.647741 3.997498 1
1.246724 4.592386 1
0.404852 3.911410 1
0.596528 6.329490 2
0.575201 6.206668 1
0.682058 4.177941 1
0.552354 4.113791 1
1.189196 5.700500 1
1.264962 3.777778 1
0.648033 3.496348 1
0.531076 3.469311 2
0.664800 3.365109 2
0.798703 4.935954 1
1.348485 3.453827 1
0.616793 5.524652 1
0.753121 5.474871 1
0.704196 5.575406 1
0.101495 4.079753 1
1.153041 4.501813 1
1.165372 4.363902 1
0.239582 5.637921 1
0.279358 5.768495 1
0.178162 5.768868 1
1.249943 5.883609 1
0.356925 5.562954 1
0.360935 5.703599 1
0.323862 6.067037 1
1.468642 3.218100 2
0.110544 5.656777 1
0.404601 3.755174 1
0.589610 5.172690 1
1.305190 4.892964 1
1.246485 4.971503 1
0.298179 4.346334 1
0.163075 4.437894 1
0.155146 4.289350 1
0.751689 6.471792 1
0.692328 6.567451 2
0.661663 6.433148 2
0.938187 4.303159 1
0.983424 4.420954 1
1.538939 3.726226 1
1.316966 3.563776 1
1.051319 6.259661 1
0.455974 3.598279 2
0.340842 3.651117 1
0.303318 3.536052 2
1.256852 3.379022 1
1.073092 5.746907 1
0.953502 5.786160 1
1.106335 4.660254 1
1.050924 4.792417 1
0.961264 4.723523 1
0.512555 3.990443 1
1.210548 6.020026 1
0.967973 4.616813 1
0.890913 4.840916 1
0.345145 4.655893 1
0.317155 4.493004 1
0.224829 4.579339 1
1.456560 4.158369 1
1.070193 6.356997 1
1.158510 6.252482 1
1.198241 6.407594 1
1.288719 6.310036 1
0.732483 6.352259 1
0.721417 6.205487 1
0.960186 5.918945 1
1.060478 5.867939 1
1.075357 5.997949 1
0.460374 5.629442 1
0.249671 5.295481 1
1.371875 6.417456 1
1.438828 6.301654 1
0.623057 5.404192 1
0.838054 3.780471 1
0.000000 5.555555 0
0.000000 5.416667 0
0.132429 5.509089 1
1.246031 5.221209 1
0.840212 6.200315 1
1.935556 3.863652 3
1.225959 3.886014 1
1.590164 6.121782 2
0.106432 5.066491 1
0.759355 5.356022 1
0.844892 5.723430 1
1.592145 4.171113 2
1.106314 5.636593 1
0.821548 5.858727 1
1.241030 6.163182 1
1.368997 6.188184 1
0.736492 3.530544 1
0.746491 3.433412 1
0.273826 3.722991 1
1.492842 5.722325 2
0.492459 5.721128 1
0.495417 5.508823 1
1.203689 5.589727 1
1.592284 6.279613 2
0.311214 6.299680 2
0.877540 4.413786 1
1.583376 3.502321 1
0.000000 5.972222 0
0.116808 5.897958 1
0.111832 6.061011 1
0.823822 5.596280 1
0.498943 5.377163 1
1.620126 4.919281 2
1.363881 3.209672 2
0.420228 6.023907 1
1.230318 4.716856 1
1.336670 4.690624 1
0.755263 5.973875 1
0.867131 5.978233 1
1.258429 3.661305 1
1.407226 3.692912 1
0.957793 6.520961 1
1.070850 6.471199 1
0.717251 6.064655 1
1.282266 3.134658 2
1.256936 3.262984 1
0.105653 5.389453 1
0.805133 4.493316 1
0.441826 5.283202 1
1.484004 5.872913 2
1.372863 5.437885 1
1.260954 5.351810 1
1.252662 4.198272 1
1.495888 6.199917 1
1.376183 4.959968 1
1.289464 4.793635 1
0.462606 5.832233 1
0.344942 5.846585 1
1.017475 3.636533 1
0.556224 5.274645 1
1.136453 5.394846 1
1.235183 5.467110 1
1.374240 3.826074 1
0.148263 3.745319 1
0.833898 4.203212 1
0.903448 4.091822 1
0.955230 5.303747 1
0.838786 5.261732 1
0.989375 5.185784 1
0.718892 5.204931 1
0.000000 4.444445 0
0.104653 4.543991 1
0.000000 5.694445 0
1.693205 3.467392 1
1.609873 3.384493 2
1.757735 3.323189 2
0.000000 3.750000 0
0.671950 5.881313 1
1.079771 4.434591 1
0.220288 5.997429 1
1.190860 3.579062 1
1.458034 5.570761 2
1.319570 5.547248 1
1.438288 3.555330 1
1.180613 4.103860 1
0.672693 3.611420 1
1.243384 4.290224 1
1.065321 5.294051 1
1.171018 5.288370 1
0.661354 5.299221 1
0.000000 4.305555 0
0.107323 4.186213 1
0.000000 3.888889 0
0.849335 6.431480 1
1.824021 3.453087 2
1.276242 6.520332 2
0.214986 3.612837 1
1.032397 4.539159 1
0.831033 6.551325 1
0.000000 5.000000 0
0.000000 4.861111 0
0.121741 4.909756 1
0.920518 4.531152 1
0.000000 4.722222 0
0.000000 4.583333 0
0.119825 4.672441 1
0.605128 6.093863 1
1.164663 6.531327 1
1.205009 6.635832 2
0.414330 4.068227 1
0.808822 3.631481 1
0.081024 4.368888 1
0.138369 5.285372 1
1.774530 3.699827 1
1.534143 5.440955 2
0.000000 5.138889 0
0.085142 5.194705 1
0.000000 4.166667 0
1.494057 3.828117 1
1.147493 5.921739 1
1.519705 4.078920 1
1.541506 3.965039 1
0.569405 4.688503 1
0.657364 4.762203 1
1.424073 4.634500 2
1.487731 4.716579 2
1.401960 4.827195 1
0.000000 6.111111 0
0.144028 6.180555 2
0.220797 6.099459 1
0.217860 6.270355 2
0.646802 4.323534 1
0.770799 4.381408 1
0.571542 3.574226 1
0.519351 6.007927 1
0.253715 4.248518 1
1.071071 6.610753 2
0.000000 5.277778 0
0.799684 6.671224 2
1.431660 3.914780 1
0.457483 4.687528 1
0.898227 3.693818 1
0.738157 4.849654 1
0.000000 4.027778 0
0.546788 5.903909 1
0.424369 5.926633 1
0.000000 5.833333 0
0.967439 4.006477 1
0.876311 3.995480 1
1.857689 3.579554 2
1.632625 4.071932 2
0.397058 4.783470 1
0.282452 4.796529 1
0.239060 4.693612 1
1.602232 3.849742 1
1.516116 4.814785 2
0.403314 4.311971 1
0.489652 4.263585 1
0.537349 4.347873 1
1.885537 3.695536 2
1.961541 3.763787 2
0.352589 4.204545 1
0.935367 6.645044 2
0.078739 4.791667 1
0.183726 4.791667 1
0.460118 4.163203 1
0.866498 5.386453 1
0.749340 4.281882 1
0.075243 5.763889 1
0.581823 4.228570 1
1.383168 6.525343 2
0.833953 4.316689 1
1.769243 3.527869 1
0.689004 4.960452 1
0.320373 5.961413 1
0.236595 4.883244 1
0.243322 5.873458 1
1.164038 5.815179 1
1.899794 3.359475 3
0.076489 3.962608 1
0.633783 5.986217 1
 0 1 2
 2 1 3
 4 5 6
 7 8 9
 10 5 4
 11 12 13
 9 8 14
 13 12 15
 16 17 18
 18 17 19
 20 21 22
 23 24 5
 25 26 27
 28 7 9
 29 30 31
 32 31 30
 33 34 35
 1 36 37
 38 39 40
 41 42 43
 44 43 42
 45 46 47
 1 37 48
 10 39 38
 49 50 51
 52 53 54
 55 50 49
 52 54 56
 33 35 57
 58 59 36
 37 36 59
 60 61 62
 63 62 61
 64 65 66
 67 22 21
 23 68 24
 69 27 26
 70 71 72
 73 74 75
 75 74 76
 77 78 79
 80 81 82
 83 66 65
 84 6 85
 73 86 87
 67 62 88
 89 90 91
 92 91 90
 93 22 94
 80 82 95
 96 97 24
 98 99 100
 69 26 101
 94 22 102
 103 104 105
 58 0 106
 28 9 107
 108 86 109
 110 109 86
 111 112 113
 64 114 65
 115 116 104
 117 104 116
 118 119 120
 121 122 123
 69 101 124
 63 88 62
 28 125 7
 121 123 90
 92 90 123
 126 72 127
 96 24 68
 128 129 123
 111 130 112
 131 65 114
 132 133 134
 135 47 46
 98 100 136
 137 138 139
 14 140 9
 69 141 142
 143 144 145
 113 146 111
 31 146 113
 143 147 148
 73 75 86
 108 87 86
 70 149 71
 98 150 99
 143 145 151
 92 125 152
 69 124 141
 20 153 21
 154 155 97
 128 123 122
 156 157 158
 159 160 161
 119 147 120
 162 50 163
 77 79 164
 165 48 136
 28 152 125
 45 47 68
 104 166 105
 167 168 169
 48 170 136
 80 171 172
 173 174 175
 92 123 176
 32 177 31
 173 175 178
 76 175 179
 110 180 181
 182 181 180
 25 27 183
 184 185 186
 187 186 185
 103 188 189
 190 191 192
 148 147 193
 167 91 152
 92 152 91
 60 194 61
 190 192 116
 60 119 194
 118 194 119
 12 195 196
 197 138 137
 76 74 175
 12 11 195
 67 21 62
 97 155 24
 89 198 90
 121 90 198
 199 200 201
 10 202 5
 23 5 202
 103 189 203
 182 157 181
 156 181 157
 41 204 42
 83 65 205
 29 206 30
 63 61 207
 208 138 197
 80 172 209
 25 183 210
 80 211 171
 173 97 174
 83 205 18
 33 209 212
 187 213 214
 215 132 216
 28 217 152
 218 113 112
 10 4 39
 219 35 34
 220 147 119
 187 185 213
 221 112 130
 222 15 12
 70 72 223
 117 166 104
 162 163 224
 77 225 78
 226 227 228
 80 209 229
 220 119 230
 84 85 231
 80 229 81
 98 232 150
 233 71 149
 173 124 234
 235 234 124
 115 236 237
 131 238 239
 235 124 101
 240 105 241
 115 242 236
 243 244 59
 37 59 244
 96 174 97
 84 39 4
 152 217 168
 200 245 201
 199 201 151
 73 246 74
 132 134 216
 60 247 119
 29 31 248
 115 104 203
 103 203 104
 72 71 127
 249 250 38
 19 27 251
 84 4 6
 252 214 30
 173 234 97
 5 253 6
 154 97 254
 219 255 148
 256 148 255
 1 0 36
 1 257 3
 60 21 247
 258 247 21
 202 10 38
 250 202 38
 96 179 174
 175 174 179
 259 260 95
 221 95 260
 249 38 40
 16 205 261
 33 57 209
 28 107 262
 128 122 263
 264 263 122
 165 239 238
 162 51 50
 265 266 267
 126 189 188
 60 62 21
 218 248 113
 45 268 46
 20 46 268
 269 157 270
 271 199 151
 64 66 198
 121 198 66
 131 261 205
 272 273 274
 45 267 266
 275 262 107
 5 155 253
 33 212 276
 277 163 50
 278 228 227
 64 257 114
 279 114 1
 114 257 1
 131 114 238
 187 195 186
 218 112 280
 280 281 249
 112 281 280
 220 230 197
 92 176 125
 100 225 282
 83 18 283
 215 284 132
 272 78 225
 131 239 261
 69 285 27
 19 183 27
 249 260 250
 259 82 286
 265 286 82
 23 202 287
 23 287 286
 83 283 49
 268 288 153
 289 290 158
 259 250 260
 291 275 107
 103 292 188
 159 188 292
 272 274 293
 186 195 294
 295 56 54
 295 54 169
 20 268 153
 252 206 222
 173 178 296
 252 196 214
 208 268 266
 45 266 268
 159 297 160
 139 57 35
 190 212 172
 209 172 212
 298 299 300
 301 74 246
 302 303 304
 208 197 288
 182 270 157
 115 189 242
 305 242 189
 236 276 212
 115 203 189
 306 294 307
 308 7 125
 67 102 22
 305 189 127
 126 127 189
 167 152 168
 259 287 250
 5 24 155
 89 309 198
 106 0 2
 221 281 112
 269 310 157
 258 153 288
 61 194 311
 258 21 153
 19 283 18
 308 125 176
 79 312 43
 117 185 166
 258 288 197
 277 142 141
 249 40 313
 314 207 315
 289 316 290
 252 222 196
 12 196 222
 208 288 268
 77 239 282
 165 282 239
 184 241 105
 220 197 137
 45 68 267
 23 267 68
 77 164 239
 317 239 164
 317 261 239
 258 197 230
 143 148 144
 240 292 105
 85 6 253
 318 192 191
 275 56 262
 41 43 312
 252 30 206
 319 17 320
 110 181 109
 156 109 181
 319 210 183
 321 322 94
 93 94 322
 235 101 323
 173 141 124
 235 324 325
 326 228 327
 327 328 70
 329 327 70
 108 330 87
 331 87 330
 314 298 207
 167 133 332
 233 333 71
 305 71 333
 77 282 225
 156 158 334
 27 285 251
 85 253 325
 32 30 214
 303 269 270
 306 307 335
 143 151 201
 89 91 284
 123 129 176
 308 176 129
 200 336 245
 321 86 75
 336 311 245
 31 177 146
 275 52 56
 184 105 166
 100 282 136
 16 18 205
 115 237 116
 190 116 237
 337 160 297
 320 17 338
 110 86 339
 63 207 300
 81 229 138
 198 309 340
 154 325 253
 61 315 207
 76 179 341
 316 342 140
 343 333 344
 106 2 216
 226 345 227
 106 216 134
 83 49 346
 264 346 49
 326 226 228
 135 341 179
 121 347 122
 184 186 241
 306 241 186
 348 312 78
 44 349 320
 319 320 349
 298 300 207
 117 116 192
 215 2 309
 3 309 2
 131 205 65
 96 68 47
 350 351 180
 58 36 0
 98 136 170
 180 351 352
 154 253 155
 321 339 86
 235 323 324
 79 353 164
 162 263 51
 264 51 263
 220 193 147
 159 292 297
 303 270 304
 85 354 231
 355 356 357
 109 355 357
 139 138 229
 132 332 133
 209 57 229
 265 267 286
 41 358 359
 55 49 283
 121 66 347
 14 158 290
 41 359 204
 157 310 158
 289 158 310
 182 304 270
 14 334 158
 156 360 355
 156 334 360
 118 201 245
 317 164 353
 337 297 361
 108 109 357
 32 214 213
 19 251 283
 31 113 248
 79 78 312
 318 177 192
 117 192 177
 156 355 109
 23 286 267
 299 362 300
 363 300 362
 343 344 255
 302 304 362
 363 362 304
 165 279 48
 295 169 168
 236 212 237
 356 360 364
 308 364 360
 265 82 365
 81 365 82
 356 355 360
 14 360 334
 14 8 360
 308 360 8
 295 262 56
 305 127 71
 259 95 82
 83 346 66
 128 366 330
 117 213 185
 135 179 47
 96 47 179
 295 217 262
 28 262 217
 167 332 91
 128 263 366
 187 196 195
 187 214 196
 55 285 142
 240 241 335
 306 335 241
 249 313 280
 1 48 279
 215 309 284
 89 284 309
 64 340 257
 145 227 367
 345 367 227
 80 95 211
 44 320 353
 128 368 129
 331 330 366
 348 358 312
 219 193 35
 220 35 193
 117 177 213
 32 213 177
 128 330 368
 108 357 330
 369 195 11
 110 339 180
 264 49 51
 219 148 193
 129 368 364
 162 370 263
 272 293 371
 272 371 78
 348 78 371
 98 244 232
 316 140 290
 3 257 340
 76 322 75
 184 166 185
 308 129 364
 182 352 304
 363 304 352
 256 144 148
 135 46 372
 20 372 46
 278 373 149
 98 170 244
 37 244 170
 139 229 57
 356 364 368
 63 300 374
 363 374 300
 55 142 50
 318 146 177
 143 201 120
 240 335 361
 118 120 201
 350 339 94
 85 325 354
 208 365 138
 81 138 365
 215 216 2
 264 122 347
 278 227 375
 145 375 227
 118 311 194
 278 149 328
 306 186 294
 173 296 141
 321 94 339
 37 170 48
 44 353 43
 269 289 310
 336 314 315
 171 130 376
 165 238 279
 233 344 333
 274 377 293
 103 105 292
 336 315 311
 118 245 311
 190 237 212
 221 211 95
 350 180 339
 64 198 340
 243 232 244
 299 302 362
 143 120 147
 317 353 320
 369 294 195
 301 246 224
 331 224 246
 345 271 367
 61 311 315
 259 286 287
 342 291 378
 76 341 322
 93 322 341
 250 287 202
 165 136 282
 219 34 255
 343 255 34
 70 223 329
 235 325 254
 240 297 292
 69 142 285
 324 354 325
 97 234 254
 79 43 353
 350 88 351
 277 141 296
 330 357 368
 356 368 357
 258 230 247
 182 180 352
 308 8 7
 319 183 17
 19 17 183
 91 332 284
 220 137 35
 135 372 341
 93 341 372
 66 346 347
 9 140 378
 342 378 140
 350 94 102
 256 373 375
 240 361 297
 295 168 217
 145 367 151
 271 151 367
 119 247 230
 171 211 130
 20 22 372
 93 372 22
 278 375 373
 249 281 260
 317 320 338
 63 374 88
 100 99 273
 111 376 130
 256 375 144
 14 290 140
 154 254 325
 350 102 88
 277 296 163
 301 163 296
 16 338 17
 145 144 375
 327 228 328
 278 328 228
 67 88 102
 235 254 234
 348 371 293
 319 349 210
 221 260 281
 41 312 358
 73 87 246
 331 246 87
 236 242 379
 305 379 242
 277 50 142
 139 35 137
 301 296 178
 3 340 309
 132 284 332
 162 224 370
 331 370 224
 208 266 365
 265 365 266
 272 225 273
 100 273 225
 16 261 338
 317 338 261
 301 224 163
 114 279 238
 55 283 251
 318 376 146
 111 146 376
 301 178 74
 233 149 373
 88 374 351
 55 251 285
 175 74 178
 126 188 161
 159 161 188
 9 378 107
 291 107 378
 190 172 191
 171 191 172
 221 130 211
 321 75 322
 363 352 351
 256 344 373
 233 373 344
 70 328 149
 236 379 276
 343 276 379
 256 255 344
 343 379 333
 305 333 379
 263 370 366
 331 366 370
 343 34 276
 33 276 34
 318 191 376
 171 376 191
 264 347 346
 363 351 374
 0
 0
 0
 0
 0
 0
 23
 84 29 44 25 218 42 26 39 40 324 280 101 231 15 222 248 204 206 349 210 313 323 354
 6
 348 293 358 204 359 377
 0
 15
 167 58 243 106 150 59 274 134 54 169 232 99 273 133 377
 0
 16
 337 126 369 13 72 327 335 15 223 160 361 294 11 329 307 161
 0
 0
 0
 0
 0
 0
 0
 0
