405 724
8.136876 4.213919 1
8.233779 4.208621 1
8.197956 4.353964 2
8.043000 4.266956 1
6.515219 5.280851 2
6.635678 5.241629 1
6.685428 5.362820 2
7.262382 2.722581 2
7.342909 2.799273 1
7.201928 2.902174 2
6.849532 3.776139 1
6.800718 3.652420 2
6.911029 3.660890 1
6.810746 4.185935 1
6.771570 4.326343 1
6.666837 4.183290 1
6.642293 4.299617 1
5.782885 4.915845 1
5.654538 5.009116 1
5.613523 4.876764 1
5.510816 4.964171 1
7.340687 3.445907 1
7.209900 3.518409 1
7.257548 3.368222 1
7.173300 3.083775 1
7.068633 3.034311 2
8.363518 4.296433 2
7.474355 3.948735 1
7.362502 3.998096 1
7.354558 3.843473 1
7.787800 3.842246 1
7.717743 3.712051 1
7.853895 3.704172 1
6.124452 5.399304 1
6.250869 5.309196 1
6.212828 5.480120 2
6.765488 4.794387 1
6.921344 4.852563 1
6.792965 4.944991 1
7.147572 3.390509 1
8.289977 3.084625 2
8.203995 3.214273 2
8.182261 3.044488 1
7.258852 3.938286 1
7.507003 3.833107 1
5.458508 4.842330 2
6.324090 5.449898 2
7.248505 4.062547 1
6.967904 3.287072 2
7.032102 3.373044 1
6.923911 3.405792 2
7.020362 3.486349 1
6.206203 4.558007 1
6.139965 4.456416 1
6.238244 4.398286 1
6.365672 4.825902 1
6.262121 4.844088 1
6.236480 4.716629 1
6.318694 4.601766 1
6.332431 4.471969 1
6.436944 4.559677 1
7.432907 3.754267 1
7.680612 4.592384 1
7.803439 4.691078 2
7.654087 4.696296 2
7.793516 4.580345 1
5.427352 5.250156 1
5.358247 5.399813 2
5.284202 5.287165 2
5.711236 4.758887 1
7.488338 5.133633 1
7.391780 5.076591 1
7.464369 4.987767 1
7.435950 4.462722 1
7.340311 4.526483 1
7.320731 4.347878 1
7.238105 4.475309 1
6.458292 4.860746 1
6.561650 4.911911 1
6.449646 4.988196 1
6.733642 3.740400 2
5.589419 4.442449 1
5.690715 4.356841 2
5.711939 4.496269 1
5.812953 4.400337 1
6.420067 5.386676 2
6.411714 5.261772 1
8.348732 4.179103 1
8.499805 4.198955 2
6.764845 5.204879 1
6.863762 5.336168 1
6.824794 5.472210 2
6.712580 3.932482 1
6.708884 4.073019 1
6.595653 3.964163 2
6.999556 4.038641 1
7.132358 4.123266 1
7.014201 4.188108 1
7.007150 3.739095 1
6.946815 5.205117 1
6.403944 4.719996 1
7.145138 4.312762 1
7.234975 4.226376 1
7.226786 4.375290 1
5.944004 4.749156 1
5.838029 4.800569 1
5.821872 4.670084 1
7.481462 4.203020 1
7.581713 4.284287 1
7.450148 4.327531 1
7.550530 3.698022 1
7.434972 3.621327 1
7.107476 3.549114 1
7.590600 4.173781 1
5.915690 4.628152 1
7.310883 3.038144 1
7.393803 2.920684 1
7.442627 3.070481 1
6.740088 4.479023 1
6.844259 4.575675 1
6.694670 4.607204 1
8.134847 3.534906 1
8.141157 3.688168 1
7.999675 3.667001 1
6.541129 5.048256 1
5.566566 4.755843 1
6.840518 4.024195 1
6.958953 3.898711 1
8.119693 3.335945 1
8.225669 3.402265 2
8.104742 3.126991 1
6.970466 5.038136 1
7.072138 5.117852 1
6.584668 4.109902 2
7.962013 4.663584 2
7.901470 4.551707 1
8.164438 4.105258 1
8.303850 4.077287 1
7.518536 2.990162 1
6.933664 4.371037 1
7.087327 4.451959 1
6.923322 4.490115 1
7.486845 3.218712 1
7.466652 3.355587 1
7.330201 3.277953 1
7.940942 4.044223 1
7.829739 4.154537 1
7.810811 3.992948 1
7.683034 4.079422 1
7.589087 5.067315 2
6.687865 4.905247 1
6.726094 5.043987 1
6.631585 5.002763 1
6.978658 5.457349 2
6.330822 5.175495 1
6.223165 5.123343 1
6.127608 5.195673 1
7.236230 4.640737 1
7.919750 3.793797 1
7.646689 3.834103 1
7.589310 3.951665 1
7.076392 4.822713 1
7.184811 4.897837 1
7.085773 4.974476 1
7.355974 4.133937 1
7.511289 4.077076 1
8.280723 3.514709 2
6.631879 4.698171 1
6.770990 4.672834 1
7.592319 3.433949 1
7.679657 3.570265 1
7.536464 3.555036 1
7.052512 3.196591 2
7.136845 4.570757 1
8.140535 3.900856 1
8.224384 3.983773 1
8.077665 4.032224 1
8.044079 3.806587 1
8.028935 3.941008 1
6.880623 3.544763 2
6.635351 4.809585 1
7.983636 2.709339 2
8.138584 2.715771 3
8.034971 2.803290 1
7.293615 4.802448 1
7.301553 4.971611 1
7.381545 4.884879 1
6.848817 5.063982 1
6.076811 4.962896 1
6.038838 5.092997 1
5.911179 5.023998 1
7.670146 4.365158 1
7.547561 4.413340 1
5.322007 5.177429 2
8.261129 3.719571 1
8.343011 3.622439 2
8.418548 3.747811 2
7.315815 3.590630 1
6.822093 3.892826 1
8.142313 4.540506 2
8.068411 4.410639 1
5.489552 4.544328 1
5.448073 4.418504 2
6.638291 5.119759 1
7.845436 3.518463 1
7.950570 3.409978 1
7.993028 3.524222 1
6.908397 4.961698 1
5.669859 5.435611 1
5.576156 5.295096 1
5.721006 5.298769 1
5.930738 4.904496 1
7.179577 3.233610 1
8.224896 3.609948 1
6.506563 4.665459 1
8.426278 4.109686 1
7.640458 4.476840 1
7.769440 4.469009 1
5.452739 5.522282 2
5.577623 5.550125 1
5.523358 5.669412 2
7.250711 3.717463 1
7.357793 3.705432 1
5.804010 5.401198 1
8.281182 3.844628 1
8.184880 3.793109 1
7.032129 4.300321 1
7.924122 3.904215 1
6.339557 4.936695 1
7.612352 5.241457 3
7.259796 3.145880 1
6.197004 5.609816 2
6.176824 5.767386 2
6.110510 5.681526 1
6.110779 4.221756 2
5.986840 4.235795 1
6.012780 4.101611 2
7.190773 5.054635 1
5.666567 5.153465 1
5.531351 5.169324 1
5.788845 5.072317 1
5.810320 5.634842 1
5.925596 5.599349 1
5.888014 5.768173 2
6.001570 5.691066 1
6.202116 5.874313 3
6.049241 5.823913 2
5.733994 5.716205 2
5.693315 5.570797 1
6.917846 4.123974 1
8.045205 4.134794 1
7.949552 4.167972 1
6.748885 3.832602 1
7.739520 3.436522 1
7.909980 4.274614 1
6.644121 4.409723 1
7.124539 3.959820 1
5.611839 4.572730 1
7.010106 4.599801 1
8.432581 3.883755 2
7.879289 3.139514 1
7.888206 3.296390 1
7.778308 3.199289 1
7.544069 4.540211 1
7.431479 4.611162 1
6.062716 5.543975 1
7.543818 4.675114 1
7.428025 4.762900 1
7.184696 3.631456 1
6.900465 4.703477 1
7.651947 2.850164 1
7.775370 2.930329 1
7.640660 2.984742 1
6.015033 4.338188 1
6.133647 4.350860 1
6.042073 4.442723 1
7.447333 3.485706 1
7.110127 4.224920 1
7.801664 4.312671 1
5.261233 5.065129 2
5.372214 4.965160 2
5.429159 5.090853 1
7.839534 3.393071 1
7.204153 3.827495 1
6.091345 5.299238 1
7.083027 3.295975 1
7.971704 3.223093 1
7.759981 2.779103 2
7.896862 2.826248 1
5.545734 5.434110 1
5.721786 4.621486 1
5.838165 4.542286 1
7.490658 2.861258 1
7.440787 2.773346 1
7.080760 3.837439 1
7.151046 3.739827 1
7.082345 3.659046 1
7.387219 5.170876 1
7.695502 4.225101 1
7.871242 4.409590 1
7.008394 4.908817 1
6.177315 4.920896 1
6.246135 5.013011 1
7.363416 3.152739 1
5.466787 5.362625 1
7.009689 4.730780 1
7.348605 4.683610 1
7.175807 4.768098 1
6.634635 4.507141 1
7.706547 3.940217 1
5.622384 5.656478 1
8.336599 3.943409 1
7.180489 5.198416 1
7.730455 3.088658 1
7.657597 3.226219 1
7.582279 3.102443 1
5.461146 4.733736 1
7.971057 4.363525 1
7.291842 5.136604 1
7.787888 3.623500 1
6.441395 4.412462 2
7.574619 3.319385 1
6.839843 4.438451 1
6.122160 4.639272 1
5.557873 5.064461 1
8.079580 3.432795 1
6.130311 4.813898 1
7.112457 4.685982 1
7.348937 4.244239 1
6.530414 5.177039 1
6.432092 5.129369 1
5.373848 4.542871 2
7.907538 3.607256 1
5.793844 4.270030 2
6.557072 4.237191 2
5.791789 5.519647 1
5.911627 5.479372 1
7.773939 3.304002 1
7.443591 5.267010 2
7.579435 4.927200 2
6.999979 3.608918 1
7.001209 5.322127 1
7.845520 3.024067 1
5.923215 5.140003 1
5.802876 5.196856 1
5.889726 4.184255 2
5.904289 4.310095 1
7.584693 4.797374 2
7.891593 2.942861 1
7.672304 3.346754 1
7.059162 5.227658 1
6.010065 5.411418 1
7.622765 2.702036 2
6.568055 4.580277 1
5.627614 4.668246 1
8.020779 4.540840 1
6.036800 4.862010 1
6.542387 4.470530 1
5.560513 4.315344 3
7.569988 2.907280 1
5.821927 5.301469 1
7.118725 5.312184 2
7.089032 5.409372 2
7.995681 2.910770 1
7.857933 2.691714 2
6.143450 5.044470 1
8.120616 2.909976 1
8.228585 2.822122 2
8.264857 2.953717 2
6.075419 4.729247 1
6.903252 4.256149 1
6.621573 3.804765 2
6.080802 4.545942 1
7.968187 4.453945 1
6.244764 4.271516 2
7.944530 3.022892 1
8.004569 3.123369 1
6.527680 4.768586 1
6.336903 5.061018 1
5.359335 4.752727 2
8.059409 3.021968 1
8.130690 2.812789 1
7.487613 4.872024 1
5.987270 5.305165 1
8.075289 3.231018 1
5.907853 5.249306 1
7.377967 2.654471 3
5.906826 5.361221 1
5.608884 5.769507 3
8.019016 3.320478 1
7.500171 2.698773 2
7.320543 5.240543 2
5.962838 4.537652 1
7.224258 5.305674 2
8.420769 4.007967 2
8.538924 4.070376 3
6.011571 4.641583 1
6.345994 4.337882 2
7.549659 2.792630 1
5.927338 4.431966 1
6.015219 5.208495 1
6.546760 4.352573 2
5.527368 4.655096 1
5.413896 4.651574 2
8.066018 4.637471 2
 0 1 2
 3 0 2
 4 5 6
 7 8 9
 10 11 12
 13 14 15
 16 15 14
 17 18 19
 20 19 18
 21 22 23
 24 25 9
 26 2 1
 27 28 29
 30 31 32
 33 34 35
 36 37 38
 22 39 23
 40 41 42
 29 28 43
 27 29 44
 20 45 19
 46 35 34
 47 43 28
 48 49 50
 51 50 49
 52 53 54
 55 56 57
 58 59 60
 59 52 54
 29 61 44
 62 63 64
 65 63 62
 58 52 59
 66 67 68
 17 19 69
 70 71 72
 73 74 75
 76 75 74
 77 78 79
 10 80 11
 81 82 83
 84 83 82
 46 34 85
 34 86 85
 26 87 88
 89 90 6
 91 6 90
 92 93 94
 95 96 97
 10 12 98
 89 99 90
 100 55 57
 101 102 103
 104 105 106
 107 108 109
 110 61 111
 102 75 103
 22 112 39
 51 39 112
 107 113 108
 104 106 114
 115 116 117
 118 119 120
 121 122 123
 79 78 124
 19 45 125
 95 126 127
 128 41 129
 130 42 41
 131 132 99
 133 94 93
 134 63 135
 136 137 1
 138 117 116
 139 140 141
 142 143 144
 21 144 143
 145 146 147
 148 147 146
 70 72 149
 150 151 152
 38 151 150
 91 90 153
 154 34 155
 156 155 34
 36 38 150
 157 76 74
 30 32 158
 159 160 44
 161 162 163
 164 28 165
 121 129 166
 36 167 168
 169 170 171
 110 171 170
 24 172 25
 157 173 76
 174 175 176
 177 174 178
 107 164 165
 177 158 123
 32 123 158
 17 69 105
 154 86 34
 51 179 50
 36 180 167
 120 168 167
 44 160 27
 181 182 183
 162 184 185
 185 184 186
 89 187 99
 110 111 171
 188 189 190
 108 191 192
 66 68 193
 194 195 196
 131 99 187
 21 197 22
 126 198 127
 47 102 96
 199 200 2
 81 201 202
 89 5 203
 204 205 206
 38 207 187
 208 209 210
 188 190 211
 65 135 63
 212 172 24
 121 213 122
 214 100 60
 58 60 100
 215 88 87
 216 217 62
 65 62 217
 8 116 9
 212 144 23
 92 126 93
 174 176 178
 38 187 151
 218 219 220
 115 24 9
 89 203 151
 71 185 72
 185 186 72
 212 23 39
 221 222 29
 208 210 223
 194 196 224
 177 225 174
 1 137 87
 139 226 140
 30 227 147
 145 147 227
 77 79 228
 58 100 57
 110 170 31
 70 149 229
 212 230 144
 3 2 200
 231 232 233
 216 192 191
 234 235 236
 237 163 162
 238 209 239
 66 239 209
 238 18 240
 17 240 18
 241 242 243
 136 176 175
 121 166 213
 244 243 242
 232 245 246
 241 247 248
 95 97 249
 12 11 179
 250 3 251
 10 252 80
 204 170 253
 169 253 170
 251 3 254
 36 150 180
 16 14 255
 95 256 96
 81 257 201
 258 141 140
 17 211 190
 196 259 224
 260 261 262
 73 75 109
 73 263 264
 30 159 31
 110 31 159
 118 255 14
 33 35 265
 231 265 35
 266 267 264
 221 268 197
 258 269 119
 36 269 37
 270 271 272
 273 274 275
 221 197 222
 111 197 276
 101 277 102
 278 146 254
 104 211 105
 279 280 281
 204 282 205
 221 29 283
 33 284 34
 212 39 285
 286 261 260
 17 190 240
 270 287 271
 288 271 287
 47 164 102
 29 222 61
 66 193 281
 208 289 209
 106 290 291
 292 116 293
 293 116 8
 115 9 116
 294 98 295
 296 295 98
 70 297 71
 83 291 290
 89 6 5
 244 265 233
 47 96 256
 148 146 298
 66 281 239
 266 264 263
 217 299 135
 21 23 144
 138 116 292
 161 163 300
 156 34 284
 301 56 228
 302 301 228
 142 144 303
 218 67 304
 177 178 227
 161 37 305
 264 306 74
 306 157 74
 161 307 162
 118 120 308
 148 309 147
 310 248 247
 30 158 227
 21 276 197
 311 224 259
 17 105 211
 237 312 132
 258 140 173
 313 314 315
 237 162 185
 65 217 135
 208 219 289
 186 184 267
 27 165 28
 278 254 299
 237 132 163
 131 187 207
 316 125 45
 254 317 299
 237 185 318
 95 249 126
 13 126 249
 177 123 122
 13 93 126
 294 256 127
 95 127 256
 204 319 170
 244 246 243
 294 283 256
 92 198 126
 81 83 257
 59 320 60
 142 314 321
 118 322 119
 169 276 143
 244 242 265
 20 281 280
 145 227 178
 71 318 185
 278 298 146
 27 160 165
 58 57 52
 323 52 57
 231 233 265
 238 324 18
 232 246 233
 145 251 146
 66 209 304
 144 230 303
 32 31 319
 108 192 109
 142 315 314
 241 243 247
 148 160 309
 76 140 103
 101 103 140
 273 234 274
 53 275 274
 218 304 289
 51 49 39
 37 269 305
 121 325 129
 142 321 143
 110 159 44
 38 37 207
 20 324 281
 148 165 160
 56 326 57
 258 173 327
 75 328 109
 313 272 271
 329 86 330
 131 163 132
 152 124 78
 201 331 202
 204 206 332
 102 277 96
 121 123 206
 256 283 43
 84 82 333
 133 15 334
 101 140 226
 208 248 219
 241 248 335
 238 239 324
 154 330 86
 120 119 168
 336 242 335
 241 335 242
 30 309 159
 279 281 193
 111 276 171
 337 314 262
 313 262 314
 107 165 113
 244 233 246
 110 44 61
 238 210 209
 70 229 338
 84 291 83
 177 122 225
 339 149 72
 169 171 276
 73 264 74
 12 340 98
 10 127 198
 296 98 340
 153 90 341
 336 265 242
 216 62 263
 266 263 62
 32 332 123
 313 271 342
 148 298 113
 83 290 257
 343 344 240
 26 1 87
 345 235 346
 266 64 347
 258 119 141
 288 181 183
 136 1 0
 10 98 127
 294 127 98
 329 4 86
 288 348 271
 337 349 314
 22 197 268
 343 190 189
 115 230 24
 132 312 350
 106 291 114
 76 103 75
 212 24 230
 102 328 75
 161 300 37
 345 346 333
 336 351 265
 33 265 351
 270 352 287
 120 167 353
 354 257 290
 47 28 164
 199 355 200
 188 211 356
 357 60 320
 311 175 224
 326 301 356
 104 356 211
 89 151 187
 81 202 358
 356 301 188
 270 272 359
 76 173 140
 111 222 197
 360 223 210
 361 362 341
 153 341 362
 288 183 363
 157 327 173
 313 315 272
 108 113 298
 119 322 141
 288 364 181
 66 304 67
 30 147 309
 56 301 326
 337 262 261
 156 189 365
 366 367 368
 169 143 321
 162 307 184
 209 289 304
 21 143 276
 115 117 303
 288 287 364
 107 109 328
 138 292 359
 174 224 175
 258 305 269
 366 363 183
 73 192 263
 156 365 155
 128 129 325
 36 168 269
 119 269 168
 326 369 57
 139 14 370
 13 370 14
 159 309 160
 111 61 222
 92 94 371
 157 307 327
 258 327 305
 345 236 235
 77 228 55
 267 184 306
 343 240 190
 354 69 125
 53 52 372
 19 125 69
 194 122 213
 323 57 369
 99 341 90
 106 105 69
 170 319 31
 120 353 308
 373 135 299
 238 240 344
 329 203 5
 281 324 239
 374 274 234
 81 358 82
 177 227 158
 375 376 260
 286 260 376
 214 377 100
 77 100 377
 302 378 155
 148 113 165
 157 184 307
 316 45 379
 20 18 324
 366 42 380
 97 96 277
 373 200 355
 218 289 219
 278 217 191
 216 191 217
 266 347 267
 131 300 163
 182 381 183
 13 15 93
 366 183 381
 154 155 378
 313 342 260
 104 369 356
 273 235 234
 361 350 312
 142 117 315
 366 368 42
 186 267 382
 97 226 370
 139 370 226
 383 284 351
 33 351 284
 130 384 376
 336 335 223
 138 272 315
 343 385 344
 326 356 369
 8 7 386
 20 280 45
 139 322 14
 329 330 124
 216 263 192
 130 41 384
 214 353 167
 336 223 387
 152 151 203
 323 372 52
 310 247 388
 118 14 322
 366 381 367
 310 220 219
 182 367 381
 215 87 137
 145 178 176
 161 327 307
 99 132 350
 77 55 100
 337 282 253
 205 389 325
 264 267 306
 390 293 386
 8 386 293
 136 0 250
 145 176 250
 97 370 249
 13 249 370
 161 305 327
 311 137 175
 123 332 206
 131 207 300
 339 72 382
 3 317 254
 391 312 318
 237 318 312
 375 260 342
 204 253 282
 138 315 117
 214 60 353
 357 353 60
 86 4 85
 392 114 291
 205 325 206
 266 62 64
 166 195 213
 188 301 365
 286 376 384
 157 306 184
 146 251 254
 361 312 393
 215 394 395
 329 5 4
 313 260 262
 47 256 43
 73 109 192
 302 365 301
 108 298 191
 278 191 298
 80 252 371
 92 371 252
 115 303 230
 128 384 41
 104 114 396
 286 389 261
 79 124 330
 391 393 312
 59 397 320
 169 349 253
 215 137 394
 311 394 137
 145 250 251
 3 200 317
 48 172 285
 337 253 349
 16 334 15
 273 346 235
 106 69 290
 48 285 49
 136 250 176
 3 250 0
 205 261 389
 136 175 137
 314 349 321
 194 213 195
 310 219 248
 271 348 342
 53 372 275
 186 382 72
 267 347 382
 373 317 200
 278 299 217
 311 259 394
 270 359 398
 366 380 363
 375 363 380
 310 388 220
 292 398 359
 392 291 399
 53 274 54
 142 303 117
 215 395 88
 194 225 122
 343 189 400
 156 400 189
 16 255 401
 16 401 334
 138 359 272
 339 382 347
 133 93 15
 354 290 69
 128 325 389
 392 399 275
 208 223 335
 208 335 248
 70 338 297
 391 297 338
 56 55 228
 337 261 282
 329 124 203
 180 78 377
 77 377 78
 294 295 283
 360 385 387
 383 387 385
 84 399 291
 130 376 380
 375 380 376
 373 299 317
 118 308 255
 357 255 308
 302 228 378
 288 363 348
 204 332 319
 32 319 332
 37 300 207
 238 344 210
 360 210 344
 130 380 42
 360 387 223
 84 333 346
 139 141 322
 188 365 189
 360 344 385
 273 275 399
 40 42 368
 121 206 325
 270 398 352
 383 385 400
 343 400 385
 390 352 398
 79 378 228
 152 78 150
 180 150 78
 10 198 252
 97 277 226
 101 226 277
 134 135 355
 373 355 135
 336 387 351
 383 351 387
 205 282 261
 354 402 257
 201 257 402
 79 330 378
 154 378 330
 383 400 284
 156 284 400
 221 283 295
 99 350 341
 361 341 350
 357 401 255
 357 320 401
 29 43 283
 375 348 363
 169 321 349
 201 403 331
 390 398 293
 292 293 398
 212 285 172
 316 379 403
 392 275 372
 194 224 225
 71 297 318
 12 179 340
 51 340 179
 316 403 402
 201 402 403
 39 49 285
 84 346 399
 391 318 297
 374 54 274
 302 155 365
 392 372 396
 323 396 372
 214 167 377
 180 377 167
 174 225 224
 374 397 54
 59 54 397
 296 112 268
 286 384 389
 273 399 346
 375 342 348
 323 369 396
 104 396 369
 354 125 402
 92 252 198
 152 203 124
 316 402 125
 102 164 328
 107 328 164
 357 308 353
 22 268 112
 392 396 114
 128 389 384
 296 340 112
 199 404 355
 134 355 404
 296 268 295
 51 112 340
 221 295 268
 0
 24
 345 133 48 374 50 80 9 234 386 82 371 358 333 236 172 320 94 179 397 7 11 334 401 25
 12
 40 182 166 196 367 41 129 368 195 395 259 394
 7
 182 390 386 364 287 352 181
 5
 243 246 388 247 245
 0
 0
 13
 26 199 339 134 2 149 347 88 229 63 395 404 64
 16
 91 361 231 46 391 232 6 153 338 35 229 362 245 85 4 393
 0
 0
 0
 0
 0
 14
 279 218 68 67 202 280 358 45 388 193 220 379 331 403
 0
 0
 0
 0
