394 707
2.317473 7.078120 1
2.417764 7.184912 1
2.250142 7.195615 1
2.313748 7.309247 1
2.457381 7.696479 1
2.330687 7.682017 1
2.433056 7.563674 1
2.215323 8.693197 1
2.352635 8.589117 1
2.338058 8.714190 1
3.044516 8.797724 1
2.927110 8.801484 1
2.978158 8.659540 1
3.125738 8.723030 1
2.534269 7.374473 1
2.443488 7.311311 1
2.579876 7.256678 1
2.255517 8.547160 1
2.282214 7.583952 1
2.203551 6.985586 1
2.338772 6.935942 1
2.464019 7.022563 2
2.389450 8.917956 1
2.507951 8.842249 1
2.535382 9.000408 1
3.948256 8.299196 1
3.843820 8.384261 1
3.843518 8.238039 1
3.734205 8.298347 1
2.305840 7.476904 1
2.107061 8.657786 1
2.156330 8.559928 1
1.786778 7.275660 2
1.840102 7.137749 2
1.913435 7.227174 1
2.988788 8.221578 1
2.848468 8.223381 1
2.938308 8.067600 1
3.081775 8.353309 1
2.937531 8.385432 1
2.634778 9.100739 1
2.751874 9.095387 1
2.661494 9.223904 1
3.611111 10.000000 0
3.472222 10.000000 0
3.516792 9.854188 1
2.809457 9.542949 1
2.863925 9.418609 1
2.953662 9.542715 1
2.088911 6.516935 3
2.178055 6.622899 2
2.038125 6.684228 2
2.807078 9.202169 1
3.641623 9.892745 1
2.601451 8.230957 1
2.705326 8.289047 1
2.563487 8.380516 1
3.099504 7.861408 1
3.087139 7.754130 1
3.246407 7.816896 2
3.455959 8.054653 2
3.603015 8.014289 2
3.522590 8.166489 1
2.826501 8.085840 1
3.357792 9.078940 1
3.207491 9.144413 1
3.270567 9.026120 1
2.580719 9.428445 1
2.584457 9.302958 1
2.726588 9.342508 1
2.418204 7.433827 1
2.583979 7.497101 1
2.759440 7.514537 1
2.666480 7.624243 1
4.134202 8.347101 1
3.981994 8.390379 1
4.054682 8.266901 2
3.600476 8.706468 1
3.692692 8.572439 1
3.757893 8.727348 1
3.167779 7.683233 2
1.970951 8.965046 1
1.824499 9.015575 2
1.870443 8.844454 2
2.824404 7.342330 1
2.669007 7.374741 1
3.350409 9.182704 1
2.908478 7.476202 1
2.610155 8.909194 1
3.841172 8.600904 1
3.907595 8.740753 1
3.835572 8.882611 1
2.684485 8.547401 1
2.845678 8.557736 1
2.742036 8.654783 1
2.753611 9.666281 1
2.642692 9.569966 1
2.685320 8.413293 1
3.426557 8.510435 1
3.487289 8.414026 1
3.542542 8.558068 1
3.612251 8.459483 1
2.952770 7.357646 2
3.067519 7.422348 2
2.796300 8.460410 1
2.210943 7.419106 1
4.255176 8.445662 2
4.310953 8.315970 3
3.030931 7.537596 1
3.215754 9.288006 1
3.364952 9.339704 1
3.637452 8.120075 1
2.523983 9.183787 1
3.714597 9.291065 1
3.848248 9.314283 1
3.702993 9.434791 1
3.857107 9.455001 2
4.050963 8.481641 1
2.799217 7.693826 1
2.923133 7.614957 1
2.638889 10.000000 0
2.500000 10.000000 0
2.564223 9.843437 2
2.808614 7.168708 2
2.942381 7.236932 2
3.441815 8.638124 1
2.339659 9.421269 2
2.449164 9.443862 1
2.355013 9.581230 2
3.928511 9.222762 1
4.074122 9.245570 1
4.003203 9.356768 2
3.484770 8.751163 1
3.326754 8.652893 1
3.258701 8.765776 1
3.199464 8.588102 1
2.149197 6.750058 1
3.039750 9.448254 1
2.654395 8.768534 1
2.535372 8.717549 1
2.466010 8.508545 1
2.438167 8.359035 1
3.667729 8.858192 1
3.031659 8.517939 1
2.703299 9.902945 1
3.131418 8.196046 1
2.318282 8.054093 1
2.336846 7.907362 1
2.449202 7.997257 1
1.965205 8.701877 1
1.803862 8.695800 2
2.307197 8.331261 1
2.310130 8.199123 1
2.416319 8.226562 1
3.063891 7.641549 1
2.198971 7.963866 2
2.881615 9.660957 1
2.809819 8.748355 1
2.774133 8.871576 1
2.906578 8.940297 1
2.207673 8.252357 1
2.991874 7.710558 1
2.511587 9.677944 2
2.507870 9.539163 1
3.474867 9.459817 1
3.348336 9.496619 1
3.496610 9.345310 1
2.705582 9.795480 1
2.643671 9.691219 1
3.463461 9.594523 1
3.323871 9.619709 1
3.404548 9.731742 1
4.083990 8.923274 1
3.944699 8.990733 1
3.989815 8.849579 1
2.388564 9.077755 1
2.793774 7.994339 1
2.686939 7.956045 1
2.792672 7.848142 1
3.162837 7.963872 1
3.595502 9.551279 1
3.532054 9.698666 1
2.930575 9.774561 1
3.023593 9.671023 1
3.057844 9.830734 1
2.740686 8.172968 1
2.416075 8.773869 1
2.439552 8.650907 1
3.181200 9.641978 1
3.292801 9.734212 1
3.139652 9.752715 1
2.344554 8.463660 1
1.908202 7.358087 1
2.699648 8.977465 1
3.649877 9.659216 1
4.180976 9.319201 2
2.929271 8.493922 1
3.358270 9.867215 1
3.282170 7.982706 1
4.193398 8.227467 2
2.035455 7.380548 1
2.150744 7.318586 1
2.112930 7.459446 1
2.586080 7.112348 2
2.626130 8.127058 1
2.983458 9.338620 1
2.891120 7.950875 1
2.261610 7.806186 1
2.120774 7.803924 2
3.537035 9.225267 1
3.434815 9.243501 1
3.455557 9.105533 1
3.018186 7.962210 1
3.026406 8.119363 1
2.177634 8.374730 1
3.333333 10.000000 0
4.226120 9.176881 2
2.020253 7.267929 1
2.363943 6.802744 2
2.245891 6.841384 1
3.532003 8.938999 1
3.589677 9.086582 1
4.105875 9.132679 1
2.897183 9.084881 1
3.007979 9.034867 1
3.109078 8.066141 1
4.056133 9.035362 1
1.944062 6.806640 2
2.054027 6.924795 1
1.886681 6.919601 2
1.946103 7.028942 1
2.860039 9.305372 1
2.709552 9.461353 1
2.556417 7.605742 1
4.257246 8.596165 2
4.145428 8.562978 1
4.001079 8.619575 1
2.440898 7.840679 1
2.551204 7.791159 1
2.592933 7.696841 1
3.815947 9.000827 1
3.019313 8.927312 1
3.172261 8.877253 1
3.142503 9.012094 1
2.794759 8.349617 1
3.754241 9.597116 2
3.055556 10.000000 0
2.958133 9.896220 1
3.209192 8.323812 1
3.142920 8.472559 1
3.251038 8.433955 1
3.384366 7.927693 2
3.338727 8.074183 1
3.850071 9.739372 2
3.722469 9.726491 1
2.660093 7.848749 1
2.126284 8.081773 2
2.213852 8.122400 1
3.640723 8.979976 1
2.811066 8.983169 1
2.084858 8.479953 1
2.011927 8.365358 1
2.078767 7.666364 2
2.034003 7.560336 1
2.176873 7.551620 1
3.081324 9.268017 1
3.041671 9.147126 1
2.864630 8.666462 1
4.106539 8.681413 1
3.269875 8.919956 1
2.142537 6.862159 1
2.076327 7.058541 1
2.190225 7.101747 1
2.578987 8.492351 1
2.055979 8.579137 1
3.715698 8.424626 1
2.559854 7.907807 1
2.580730 8.027303 1
2.019666 8.846539 1
2.508919 8.137167 1
2.074688 8.746455 1
1.973966 7.465500 1
3.995246 9.121576 1
3.862267 9.882134 2
3.745319 9.851737 1
2.916667 10.000000 0
2.777778 10.000000 0
2.830021 9.875804 1
3.155647 9.894982 1
2.060019 6.808969 1
1.878052 8.432953 2
1.894796 8.283788 2
2.359423 7.771815 1
3.345575 8.847124 1
2.197724 9.016069 1
2.107676 8.934102 1
2.247982 8.912095 1
2.158822 8.828609 1
2.209255 7.681920 1
3.750000 10.000000 0
3.312670 8.536125 1
2.269654 6.706133 2
3.555865 8.817285 1
2.503778 8.272970 1
3.764626 7.978360 2
3.713003 8.075606 1
3.734553 8.954844 1
1.761743 7.409687 2
1.630993 7.365955 3
3.394715 8.972930 1
2.106870 8.283138 1
2.412495 9.230323 1
2.304126 9.214216 1
3.096404 9.548437 1
3.224978 9.529265 1
2.228667 8.455847 1
4.127783 8.810086 1
4.209990 8.931535 2
4.250460 8.816812 2
4.148323 8.448848 1
2.911109 7.846158 1
2.437755 6.885254 2
3.888889 10.000000 0
3.608349 9.325408 1
3.505209 8.273164 1
3.356488 8.323774 1
3.612837 9.785014 1
2.686038 7.749208 1
3.651424 9.198225 1
4.030770 8.744462 1
2.723051 7.266156 1
2.940107 9.226430 1
2.070018 9.313602 2
2.171618 9.210989 1
2.232544 9.342650 2
3.087309 8.611466 1
3.625255 8.229438 1
3.361814 8.439623 1
4.212398 8.713079 2
1.952648 9.115278 2
3.249555 9.409588 1
3.618646 8.343740 1
1.887306 8.627846 1
2.162253 9.112062 1
2.058272 9.036160 1
2.015341 8.240054 2
2.709536 7.054564 2
2.684746 7.162374 1
3.823353 8.107009 1
3.919992 8.025494 2
3.963344 8.167383 2
3.801892 8.497043 1
2.263370 9.107443 1
3.182489 7.548820 2
2.301919 9.006825 1
3.240989 9.832903 1
2.288204 8.801998 1
1.955428 8.552999 1
2.819856 9.758503 1
1.977435 7.641033 2
3.580338 9.431469 1
3.721320 9.071493 1
3.862135 9.102349 1
3.279959 8.202665 1
3.221675 8.093870 1
3.125162 9.365748 1
3.785517 9.194808 1
4.174572 9.047209 2
2.018899 9.223706 2
1.974128 8.457271 1
2.698863 8.066895 1
2.110897 7.181079 1
1.996131 7.145063 1
3.155239 9.457389 1
2.460074 9.329252 1
2.400570 8.122841 1
1.824728 8.560706 2
3.408233 8.183514 1
2.064703 9.130988 1
1.862727 7.473275 2
3.194444 10.000000 0
2.347884 9.312045 1
3.916076 8.502984 1
2.633778 8.656528 1
3.733426 8.174810 1
3.451617 8.848603 1
3.008007 7.820422 1
2.898241 7.744026 1
3.256537 9.919020 1
2.552602 8.594373 1
1.811099 7.010266 2
3.375226 8.749762 1
1.919563 7.564223 2
2.113444 8.183642 2
 0 1 2
 2 1 3
 4 5 6
 7 8 9
 10 11 12
 13 10 12
 14 15 16
 17 8 7
 5 18 6
 19 20 0
 21 0 20
 22 23 24
 25 26 27
 28 27 26
 18 29 6
 30 31 7
 32 33 34
 35 36 37
 35 38 39
 40 41 42
 15 1 16
 43 44 45
 46 47 48
 49 50 51
 41 52 42
 43 45 53
 54 55 56
 57 58 59
 60 61 62
 37 36 63
 64 65 66
 67 68 69
 3 70 29
 71 72 73
 74 75 76
 77 78 79
 70 6 29
 80 59 58
 81 82 83
 84 72 85
 71 85 72
 86 65 64
 84 87 72
 21 1 0
 88 24 23
 89 90 79
 91 79 90
 92 93 94
 46 95 96
 56 55 97
 98 99 100
 100 99 101
 89 79 78
 87 102 103
 92 104 93
 31 17 7
 3 29 105
 106 74 107
 108 87 103
 109 65 86
 109 86 110
 111 62 61
 112 40 42
 113 114 115
 116 115 114
 117 75 74
 118 72 119
 25 76 75
 120 121 122
 84 123 124
 52 69 42
 100 77 125
 69 68 42
 126 127 128
 112 24 40
 129 130 131
 125 77 132
 129 131 114
 116 114 131
 133 134 135
 13 135 134
 136 51 50
 48 47 137
 88 23 138
 139 138 23
 140 141 56
 77 79 142
 143 39 38
 120 122 144
 35 145 38
 146 147 148
 149 83 150
 151 152 153
 108 154 119
 146 155 147
 46 48 156
 157 11 158
 11 159 158
 151 160 152
 161 119 154
 162 128 163
 91 142 79
 164 165 110
 166 164 110
 167 122 168
 162 168 122
 71 70 14
 118 73 72
 165 169 170
 171 170 169
 172 173 174
 91 174 173
 22 24 175
 176 177 178
 57 59 179
 180 181 169
 182 183 184
 54 185 55
 35 39 36
 139 186 187
 188 189 190
 140 191 141
 32 34 192
 40 24 193
 88 193 24
 180 194 181
 195 131 130
 93 196 12
 143 12 196
 44 197 45
 198 179 59
 84 124 102
 74 199 107
 200 201 202
 21 203 1
 204 185 54
 205 137 47
 176 178 206
 207 155 208
 209 210 211
 86 211 210
 37 212 213
 96 95 168
 3 15 70
 188 170 189
 71 6 70
 151 214 160
 44 215 197
 128 127 163
 195 130 216
 200 192 217
 16 1 203
 218 20 219
 220 221 211
 112 175 24
 108 119 87
 222 216 130
 223 159 224
 213 212 225
 167 144 122
 16 85 14
 71 14 85
 172 226 173
 227 228 229
 230 229 228
 52 231 69
 67 69 232
 151 153 141
 71 73 233
 19 219 20
 106 234 235
 89 236 90
 209 166 210
 162 163 96
 67 96 163
 105 202 201
 237 4 238
 239 238 4
 91 173 240
 241 242 243
 244 39 104
 139 23 186
 116 245 115
 246 247 184
 38 248 249
 249 248 250
 198 59 251
 3 105 201
 46 232 47
 69 47 232
 239 4 233
 60 252 251
 253 254 245
 180 115 245
 255 178 177
 256 155 257
 220 258 221
 72 87 119
 146 257 155
 259 159 223
 260 261 214
 262 263 264
 200 217 201
 109 265 65
 266 65 265
 77 100 78
 101 78 100
 13 134 242
 209 211 221
 93 12 267
 268 236 235
 242 269 243
 244 36 39
 66 243 269
 39 196 104
 136 219 270
 19 271 228
 143 38 249
 225 212 179
 25 75 26
 166 110 210
 88 138 158
 19 0 272
 140 56 273
 149 274 30
 91 90 174
 28 26 275
 237 276 148
 277 148 276
 149 278 83
 117 235 236
 245 254 194
 277 279 148
 149 30 280
 184 183 190
 266 243 65
 157 267 11
 12 11 267
 200 281 192
 129 282 130
 182 184 247
 253 283 284
 285 286 287
 246 184 288
 136 270 289
 242 134 269
 101 275 78
 290 291 261
 237 292 4
 293 269 134
 294 295 296
 297 296 295
 262 264 298
 220 142 258
 299 284 283
 98 125 300
 57 179 212
 218 219 301
 77 142 302
 54 56 303
 220 302 142
 304 305 61
 91 306 142
 241 10 242
 13 242 10
 32 307 308
 220 211 309
 88 158 193
 214 261 310
 34 217 192
 112 311 175
 312 175 311
 188 313 314
 188 314 170
 35 37 213
 260 315 31
 172 316 317
 318 317 316
 117 74 319
 106 319 74
 320 206 178
 105 29 264
 18 264 29
 21 20 321
 322 299 283
 209 323 166
 260 214 315
 324 99 325
 326 53 45
 230 228 271
 326 45 181
 171 181 45
 74 76 199
 255 238 327
 172 174 316
 209 221 328
 268 329 236
 84 330 123
 66 65 243
 46 96 232
 266 331 223
 52 223 331
 332 333 334
 162 96 168
 133 300 125
 143 335 12
 13 12 335
 38 145 248
 324 62 336
 325 99 337
 234 338 235
 268 235 338
 67 232 96
 81 339 82
 244 55 36
 185 36 55
 174 329 316
 109 110 340
 324 336 341
 171 45 197
 149 150 342
 180 245 194
 90 236 329
 294 343 344
 294 344 295
 19 228 270
 4 6 233
 18 298 264
 241 224 159
 205 331 265
 266 265 331
 345 261 291
 136 301 219
 346 123 347
 246 285 247
 348 349 350
 81 83 278
 78 275 351
 312 352 175
 151 141 191
 348 304 349
 348 305 304
 108 103 353
 198 251 252
 22 175 354
 9 187 186
 133 135 300
 250 300 135
 355 190 189
 299 53 284
 22 296 356
 86 64 211
 149 357 274
 358 156 182
 95 156 358
 250 135 249
 262 359 263
 227 289 228
 3 1 15
 157 138 94
 167 168 95
 135 335 249
 180 164 360
 113 115 323
 22 356 186
 285 287 247
 312 334 333
 361 240 362
 363 145 364
 225 364 145
 106 235 319
 77 302 132
 239 327 238
 205 365 137
 19 272 271
 237 148 147
 143 249 335
 218 321 20
 361 362 366
 46 156 95
 172 317 367
 250 248 325
 363 325 248
 13 335 135
 205 265 365
 363 248 145
 332 368 333
 113 328 366
 361 366 328
 172 367 226
 299 43 53
 165 340 110
 290 261 369
 112 42 68
 180 169 164
 222 367 216
 84 85 330
 185 204 370
 371 201 217
 230 372 33
 266 224 243
 207 147 155
 113 366 114
 129 114 366
 373 314 313
 112 68 374
 67 127 374
 148 279 375
 185 63 36
 290 357 376
 171 197 189
 182 247 287
 324 325 377
 363 377 325
 86 210 110
 149 280 278
 93 267 94
 98 100 125
 277 276 177
 312 333 352
 378 333 368
 16 330 85
 143 196 39
 19 270 219
 146 148 375
 379 192 281
 30 7 280
 297 280 7
 166 360 164
 225 145 213
 35 213 145
 207 298 5
 259 223 41
 52 41 223
 34 33 372
 157 158 138
 380 246 288
 171 169 181
 84 102 87
 67 163 127
 37 63 206
 207 5 292
 165 170 314
 70 15 14
 92 97 104
 101 341 275
 28 275 341
 81 278 295
 297 295 278
 378 368 339
 379 307 192
 32 192 307
 126 334 381
 312 381 334
 188 190 183
 333 343 352
 171 189 170
 67 374 68
 126 374 127
 98 337 99
 222 130 282
 176 206 63
 117 236 382
 126 381 374
 112 374 311
 198 364 179
 225 179 364
 255 177 276
 371 2 201
 355 189 197
 286 144 287
 167 287 144
 259 158 159
 113 323 328
 209 328 323
 139 383 138
 207 208 298
 262 298 208
 205 231 331
 241 11 10
 263 281 202
 165 164 169
 101 99 341
 324 341 99
 371 271 272
 297 356 296
 244 97 55
 326 284 53
 326 181 194
 363 252 377
 348 384 305
 361 306 240
 326 254 284
 253 284 254
 237 147 292
 89 78 351
 290 369 357
 153 279 303
 54 303 279
 25 27 350
 348 350 27
 260 357 369
 255 276 238
 266 223 224
 260 274 357
 176 63 370
 185 370 63
 157 94 267
 115 360 323
 149 342 357
 167 95 358
 293 385 309
 220 309 385
 207 292 147
 188 183 313
 48 313 183
 92 273 97
 56 97 273
 348 27 384
 28 384 27
 205 47 231
 241 243 224
 93 104 196
 371 272 2
 361 258 306
 263 202 264
 345 310 261
 250 325 337
 259 193 158
 161 386 387
 52 331 231
 184 190 288
 355 288 190
 80 154 353
 108 353 154
 167 358 287
 81 344 339
 378 339 344
 118 119 387
 161 387 119
 180 360 115
 182 287 358
 200 202 281
 117 382 75
 241 159 11
 17 31 315
 297 7 356
 286 120 144
 91 240 306
 89 382 236
 293 309 269
 66 269 309
 109 340 365
 60 377 252
 173 282 362
 182 156 183
 48 183 156
 56 141 303
 37 206 212
 138 383 94
 16 203 347
 373 365 340
 118 387 178
 320 178 387
 28 341 336
 320 386 212
 57 212 386
 34 372 217
 371 217 372
 230 271 372
 118 327 73
 239 73 327
 294 296 354
 22 354 296
 215 380 388
 139 187 389
 140 389 187
 239 233 73
 92 94 383
 160 214 310
 230 390 229
 363 364 252
 129 362 282
 3 201 2
 260 369 261
 227 51 289
 346 347 203
 25 350 76
 151 315 214
 150 376 342
 211 64 309
 318 316 338
 268 338 316
 136 50 301
 277 204 279
 320 387 386
 28 336 384
 230 33 390
 123 330 347
 173 362 240
 90 329 174
 277 177 370
 89 351 382
 361 221 258
 66 309 64
 136 289 51
 111 336 62
 165 314 340
 297 278 280
 118 178 327
 255 327 178
 26 382 351
 22 186 23
 373 340 314
 215 388 197
 60 62 377
 324 377 62
 293 134 391
 133 391 134
 320 212 206
 361 328 221
 111 61 305
 133 125 391
 132 391 125
 69 231 47
 105 264 202
 355 197 388
 9 8 187
 153 375 279
 244 104 97
 378 344 343
 371 372 271
 117 319 235
 326 194 254
 222 226 367
 129 366 362
 40 193 41
 259 41 193
 81 295 344
 54 279 204
 373 137 365
 228 289 270
 277 370 204
 16 347 330
 111 384 336
 26 351 275
 109 365 265
 293 391 385
 132 385 391
 378 343 333
 132 302 385
 220 385 302
 92 383 389
 198 252 364
 140 187 8
 357 342 376
 0 2 272
 71 233 6
 161 58 386
 175 352 354
 294 354 352
 176 370 177
 140 273 389
 18 5 298
 146 375 152
 153 152 375
 173 226 282
 237 238 276
 161 154 58
 80 58 154
 26 75 382
 140 8 191
 111 305 384
 294 352 343
 153 303 141
 166 323 360
 142 306 258
 250 337 300
 98 300 337
 268 316 329
 222 282 226
 373 313 137
 48 137 313
 374 381 311
 146 152 257
 160 257 152
 263 392 281
 379 281 392
 17 191 8
 355 388 288
 9 356 7
 380 288 388
 139 389 383
 312 311 381
 151 191 315
 17 315 191
 9 186 356
 92 389 273
 4 292 5
 345 393 310
 160 310 393
 57 386 58
 260 31 274
 160 393 257
 256 257 393
 30 274 31
 263 359 392
 0
 0
 0
 0
 0
 14
 195 253 106 116 318 131 234 245 216 107 317 283 367 338
 0
 0
 0
 0
 0
 0
 0
 0
 0
 24
 21 218 346 80 60 59 123 49 304 107 124 203 353 301 350 199 103 251 102 61 50 349 76 321
 8
 32 227 49 308 229 51 33 390
 25
 126 345 162 332 262 290 379 128 256 122 308 150 83 82 155 291 334 339 307 376 208 368 392 393 359
 0
