408 735
5.221864 8.314909 1
5.194563 8.453780 1
5.103426 8.308444 1
5.039473 8.409187 1
4.792192 8.827494 1
4.900336 8.739722 1
4.900708 8.889679 1
5.018963 8.822566 1
4.518532 9.039821 1
4.623083 9.182564 1
4.474886 9.182805 1
4.643481 9.022559 1
6.801157 9.515192 1
6.687997 9.444273 1
6.839583 9.404687 1
6.547130 9.231997 1
6.642835 9.095756 2
6.670410 9.223898 1
3.984750 9.683025 1
4.081141 9.703469 1
3.991364 9.808573 1
6.759707 9.315547 1
4.154042 9.791286 1
6.485560 9.116166 1
4.690049 8.661431 1
4.815514 8.530622 1
4.799302 8.686742 1
4.711200 8.307444 1
4.741633 8.163024 1
4.860852 8.234040 1
5.725996 8.491804 1
5.840215 8.416333 1
5.846289 8.591111 1
5.982413 8.487105 2
6.329707 9.377750 1
6.492596 9.347685 1
6.401016 9.473169 1
4.835890 8.349513 1
6.023907 9.579772 1
5.876548 9.535896 1
6.006768 9.473273 1
3.850071 9.739372 2
5.033668 8.974723 1
4.887443 9.018431 1
5.160952 8.874516 1
5.117629 9.121278 1
5.054770 9.226753 1
4.976250 9.108380 1
4.595613 8.187726 1
4.511151 8.049745 2
4.657690 8.056572 2
6.406180 9.252308 1
4.992723 9.561673 1
4.955625 9.444233 1
5.100862 9.495233 1
5.104562 9.353175 1
5.326624 8.394687 1
5.455002 8.323562 1
5.448535 8.493784 1
5.942748 9.666035 1
5.281036 8.087737 1
5.183760 7.973964 1
5.325183 7.953028 2
5.229473 7.854873 3
6.673309 9.597209 1
6.560266 9.486866 1
5.786549 8.751596 1
5.831116 8.859455 1
5.704263 8.908795 1
5.667077 8.750273 1
6.344052 9.144920 1
6.398485 9.020336 1
6.805555 10.000000 0
6.669086 9.877488 1
6.780723 9.831198 1
4.928938 8.408052 1
5.339095 9.054036 1
5.474401 8.974982 1
5.467297 9.110331 1
6.551444 8.971073 2
4.752560 9.091887 1
4.753585 9.217464 1
4.921981 8.624599 1
5.316194 8.940395 1
5.494482 9.751087 1
5.389594 9.632672 1
5.532137 9.655560 1
5.317335 8.524278 1
5.214862 8.622054 1
5.107150 8.727748 1
5.044873 8.595980 1
5.840853 8.968827 1
6.024354 9.014854 1
5.875474 9.096663 1
4.659850 8.878281 1
4.771643 8.955138 1
5.248151 9.549439 1
5.089444 9.635806 1
5.225109 9.663507 1
4.864355 9.365487 1
4.799243 9.464533 1
4.549316 8.906294 1
5.951161 8.879012 1
4.448827 8.208036 2
6.555438 9.633027 1
4.694573 8.537153 1
5.777870 9.287535 1
5.914904 9.298908 1
5.802255 9.410053 1
5.912392 9.415397 1
4.888464 9.546127 1
4.344721 9.139347 1
4.397971 9.039911 1
5.397138 9.790697 1
5.534955 8.410294 1
5.040743 7.991185 1
4.948983 7.864202 2
5.087064 7.877637 2
7.135184 9.459273 1
7.014851 9.497261 1
7.063276 9.350357 1
3.862267 9.882134 2
6.952539 9.398787 1
4.557470 9.579404 1
4.409207 9.553614 1
4.558940 9.462377 1
4.451516 9.419845 1
5.914955 8.744390 1
4.635546 8.455350 1
4.588533 8.601883 1
4.478090 8.516355 1
4.973298 8.502631 1
4.180976 9.319201 2
4.115375 9.448175 1
4.003203 9.356768 2
7.777778 10.000000 0
7.638889 10.000000 0
7.724136 9.844862 2
4.743224 8.436479 1
6.186282 9.712640 1
6.141191 9.618241 1
6.285971 9.581976 1
7.569445 9.905751 1
4.911258 9.657254 1
4.263486 9.510584 1
4.325822 9.399570 1
3.910711 9.593875 1
7.380812 9.350439 1
7.468836 9.518209 2
7.334869 9.455361 1
7.493327 9.372643 2
7.158516 9.235254 1
7.226109 9.365529 1
4.938622 9.210174 1
4.341845 9.257669 1
6.811966 9.642995 1
5.956855 8.621002 1
4.079746 9.898533 1
7.410687 9.658910 1
7.521936 9.691813 2
4.971705 8.284924 1
4.976001 8.131276 1
5.019590 9.767318 1
5.617157 9.754135 1
5.728519 9.697784 1
5.782080 9.823995 1
6.666667 10.000000 0
5.658605 9.881393 1
3.857107 9.455001 2
3.754241 9.597116 2
3.990979 9.487936 1
4.346334 9.701820 1
4.437894 9.836925 1
4.289364 9.844871 1
5.361442 9.235927 1
5.476700 9.225661 1
5.444541 9.386308 1
7.460124 9.079474 2
7.479390 9.224616 2
7.369483 9.136706 1
4.226120 9.176881 2
6.155670 9.054038 1
6.189645 8.950685 1
6.099037 8.875254 1
4.579339 9.775171 1
4.491577 9.682027 1
4.655893 9.654855 1
4.447915 8.350212 1
4.310953 8.315970 3
6.153409 9.522855 1
4.443876 8.669430 1
5.601561 9.025578 1
5.607803 9.159656 1
5.072101 8.187603 1
6.778850 9.177019 2
4.581558 8.759679 1
5.287799 9.750173 1
6.265505 9.053463 1
6.464293 9.583187 1
5.305802 8.228199 1
5.513700 9.525151 1
5.555555 10.000000 0
5.416667 10.000000 0
5.510119 9.866122 1
5.194096 9.013437 1
5.676312 9.257267 1
5.751612 9.154735 1
4.352052 8.542392 1
5.102235 8.506653 1
7.361111 10.000000 0
7.296700 9.920088 1
7.432374 9.886025 1
5.407197 9.504215 1
5.720436 8.623577 1
5.606541 8.533944 1
5.151985 9.824062 1
5.070296 9.897686 1
5.425395 8.066589 2
5.626382 8.655936 1
7.574777 9.791536 1
7.408272 9.765462 1
5.311906 9.455657 1
5.147015 9.724869 1
6.250000 10.000000 0
6.111111 10.000000 0
6.181142 9.858657 1
4.314149 8.687351 1
4.257246 8.596165 2
7.500000 10.000000 0
5.180929 8.201887 1
6.388434 9.671264 1
4.472039 8.800057 1
5.230484 9.305805 1
5.261732 9.161214 1
5.323923 9.351140 1
5.401987 8.855069 1
7.108465 9.000947 2
7.252378 8.899221 3
7.220484 9.031564 1
6.302894 9.706076 1
4.449424 9.311433 1
5.284117 8.831192 1
6.882627 9.886447 1
5.860522 9.198224 1
5.447165 8.199057 1
4.900376 8.008267 1
7.004992 9.053137 2
7.022418 9.191932 1
6.899935 9.120657 2
4.998565 8.691900 1
5.982752 9.153278 1
5.972222 10.000000 0
5.898700 9.885500 1
6.060734 9.888889 1
7.271050 9.722310 1
7.253049 9.606718 1
7.083333 10.000000 0
7.079720 9.858798 1
7.202360 9.863933 1
5.153835 9.233645 1
7.656583 9.697560 2
7.222222 10.000000 0
6.916779 9.288080 1
7.154130 9.733686 1
7.124003 9.594628 1
6.297576 8.948071 1
6.219924 8.820246 2
5.215716 9.421371 1
5.389453 9.894346 1
4.783399 8.029253 1
5.836073 9.651634 1
5.519876 8.638554 1
5.384756 8.631455 1
5.327545 8.743096 1
7.376606 9.243668 1
4.859877 9.151567 1
7.355088 9.564360 1
5.720968 9.035899 1
6.099948 9.147806 1
5.375149 9.146306 1
4.368837 8.434118 1
6.624095 9.338402 1
6.244683 9.457056 1
6.100932 9.407632 1
4.531622 8.420821 1
6.199639 9.344516 1
4.562901 8.315740 1
7.041790 9.729144 1
5.480383 8.766965 1
5.663185 8.228879 2
5.791213 8.162083 2
5.774346 8.272356 1
5.567767 9.303588 1
7.316314 9.819341 1
4.852577 8.123547 1
6.054611 9.284513 1
6.336432 8.839258 2
7.004952 9.625604 1
4.444445 10.000000 0
4.543991 9.895347 1
5.694445 10.000000 0
5.215215 8.747265 1
4.250460 8.816812 2
4.368865 8.786231 1
4.325902 8.925805 1
5.870399 9.754210 1
5.899400 8.271502 2
5.993177 9.780726 1
6.008992 8.708517 1
6.067565 8.626242 2
6.106747 8.749391 1
6.201482 8.650692 2
4.255176 8.445662 2
4.698592 8.771091 1
5.576140 8.729132 1
4.213342 9.427270 1
5.713191 8.365657 1
6.441116 8.889874 2
4.305555 10.000000 0
4.186213 9.892676 1
6.723753 9.719796 1
6.604926 9.764725 1
5.590402 8.831272 1
7.130146 9.110865 1
7.266002 9.152352 1
5.640282 9.603033 1
5.124939 8.088936 1
5.000000 10.000000 0
4.861111 10.000000 0
4.913227 9.878787 1
4.722222 10.000000 0
4.583333 10.000000 0
4.672441 9.880175 1
4.068501 9.585863 1
5.958299 8.386499 2
6.953569 9.795262 1
6.845856 9.760732 1
4.565258 9.317526 1
6.164565 9.233966 1
7.346021 9.026924 2
4.368891 9.918979 1
5.284987 9.862564 1
5.138889 10.000000 0
5.198089 9.915951 1
4.166667 10.000000 0
6.303110 9.885636 1
6.498373 9.849589 1
6.485882 9.713652 1
6.379928 9.784677 1
6.527778 10.000000 0
6.405153 9.898450 1
4.433757 8.899753 1
6.388889 10.000000 0
4.671092 9.415395 1
4.757458 9.336107 1
5.997921 9.375944 1
6.264444 9.787251 1
6.019511 8.795521 1
6.096767 9.787628 1
4.249196 9.746644 1
4.290026 9.051939 1
7.276907 9.262949 1
5.277778 10.000000 0
4.670959 9.291055 1
4.174572 9.047209 2
7.236239 9.498988 1
5.544349 8.245235 1
5.554943 8.137086 2
4.679265 9.535705 1
6.578643 9.915918 1
4.027778 10.000000 0
6.910433 9.478945 1
5.833333 10.000000 0
4.209990 8.931535 2
4.783470 9.602942 1
4.796529 9.717548 1
4.693612 9.760940 1
6.276409 9.249656 1
4.306518 9.603655 1
4.163507 9.540902 1
4.207045 9.648600 1
6.944445 10.000000 0
5.565848 9.414798 1
4.813176 7.911351 2
4.791667 9.921261 1
4.791667 9.816274 1
6.987856 9.906951 1
5.591185 8.333581 1
6.907895 9.580243 1
5.363317 8.144968 1
5.763889 9.924757 1
5.727032 9.496281 1
5.626346 9.486788 1
5.761691 9.596926 1
5.676509 9.380824 1
4.961455 9.310482 1
6.056384 9.693966 1
4.886454 9.767436 1
4.698055 7.935896 2
5.581451 8.925284 1
5.636427 8.427858 1
3.888889 10.000000 0
3.962588 9.923513 1
4.212398 8.713079 2
6.217739 9.146187 1
4.850798 9.263067 1
5.508369 8.877736 1
6.922500 9.688689 1
 0 1 2
 2 1 3
 4 5 6
 6 5 7
 8 9 10
 11 9 8
 12 13 14
 15 16 17
 18 19 20
 13 21 14
 20 19 22
 23 16 15
 24 25 26
 27 28 29
 30 31 32
 33 32 31
 34 35 36
 37 27 29
 38 39 40
 41 18 20
 6 42 43
 7 42 6
 44 42 7
 45 46 47
 48 49 50
 34 51 35
 52 53 54
 55 54 53
 56 57 58
 38 59 39
 60 61 62
 63 62 61
 56 1 0
 13 64 65
 66 67 68
 69 66 68
 70 71 23
 72 73 74
 37 75 25
 76 77 78
 79 16 23
 9 80 81
 11 80 9
 25 82 26
 76 83 77
 84 85 86
 56 87 1
 88 89 90
 91 92 93
 94 95 11
 54 96 97
 96 98 97
 99 53 100
 94 11 101
 91 102 92
 48 103 49
 64 104 65
 70 23 51
 24 105 25
 44 7 89
 106 107 108
 109 108 107
 100 53 110
 111 112 10
 113 85 84
 114 58 57
 115 116 117
 118 119 120
 41 20 121
 109 40 39
 119 122 120
 123 124 125
 126 125 124
 112 8 10
 66 32 127
 128 129 130
 25 75 131
 132 133 134
 88 1 87
 135 136 137
 37 25 138
 139 140 141
 136 142 137
 52 97 143
 144 145 124
 41 146 18
 126 124 145
 147 148 149
 150 148 147
 151 152 120
 118 120 152
 153 47 46
 132 154 145
 13 12 64
 155 64 12
 32 156 127
 48 50 28
 22 157 20
 158 148 159
 160 29 161
 162 143 97
 163 164 165
 72 166 73
 163 165 167
 168 146 169
 56 58 87
 168 134 170
 171 172 173
 174 175 176
 41 169 146
 45 47 42
 177 178 179
 132 180 154
 181 92 182
 183 182 92
 184 185 186
 123 186 185
 79 23 71
 187 188 103
 141 140 189
 190 130 129
 191 192 78
 193 160 161
 17 16 194
 94 101 195
 52 54 97
 113 196 85
 98 85 196
 70 197 71
 198 141 36
 56 0 199
 200 86 85
 201 202 203
 44 83 204
 171 185 172
 184 172 185
 106 205 206
 190 207 130
 88 90 208
 209 210 211
 85 96 212
 213 214 30
 162 215 216
 60 62 217
 218 214 213
 219 211 220
 219 220 159
 221 212 96
 162 222 215
 219 137 142
 223 224 225
 190 226 207
 227 207 226
 56 199 57
 228 209 211
 0 2 229
 2 193 229
 198 230 141
 195 101 231
 174 232 233
 98 96 85
 174 176 234
 235 77 83
 10 154 111
 236 237 238
 139 141 239
 128 105 129
 10 240 154
 44 241 83
 190 129 195
 72 74 242
 106 206 243
 244 57 199
 115 245 116
 246 247 248
 5 249 7
 250 107 243
 251 252 253
 158 254 255
 256 257 258
 55 259 232
 250 93 92
 23 15 51
 219 260 137
 261 256 258
 5 26 82
 262 21 194
 263 264 255
 200 85 212
 265 182 266
 55 267 54
 262 194 248
 263 254 258
 202 268 203
 30 32 213
 201 203 167
 50 269 28
 270 39 59
 271 214 218
 88 272 273
 88 87 272
 274 179 178
 43 47 275
 66 213 32
 158 255 276
 206 192 277
 191 277 192
 43 275 80
 183 266 182
 181 278 92
 76 78 279
 187 130 280
 13 65 281
 35 281 65
 141 282 36
 183 92 102
 11 8 101
 283 282 189
 91 93 277
 187 284 130
 128 130 284
 283 285 282
 128 286 27
 263 287 264
 235 273 288
 289 290 291
 206 277 93
 292 176 175
 94 4 95
 293 211 210
 88 208 1
 294 28 269
 250 92 278
 293 258 254
 250 295 107
 265 266 296
 297 264 287
 55 46 259
 298 172 299
 300 201 167
 263 255 254
 33 156 32
 55 232 267
 44 89 301
 235 241 273
 34 36 282
 302 303 304
 273 272 288
 165 164 305
 306 31 291
 66 69 213
 271 288 272
 307 253 252
 35 65 36
 308 309 310
 311 310 309
 250 243 93
 5 4 26
 312 207 227
 94 313 4
 191 78 77
 11 95 80
 78 192 175
 308 127 156
 7 249 89
 76 233 204
 45 204 233
 271 218 314
 270 305 164
 132 145 315
 30 316 31
 168 170 146
 218 213 69
 265 317 71
 318 319 173
 74 73 320
 321 320 73
 262 247 120
 151 120 247
 322 69 68
 246 323 247
 238 324 323
 151 323 324
 183 310 266
 311 266 310
 265 71 197
 200 325 86
 115 326 161
 262 248 247
 327 328 329
 250 278 295
 330 331 332
 198 65 104
 24 195 129
 184 299 172
 333 18 146
 321 104 64
 33 31 334
 149 152 147
 48 28 27
 215 222 196
 335 242 336
 294 161 29
 158 220 254
 88 273 301
 232 259 233
 52 110 53
 45 42 204
 44 204 42
 10 9 337
 338 285 295
 283 295 285
 238 237 339
 238 339 324
 333 146 170
 298 340 172
 215 196 341
 115 161 245
 321 64 320
 155 320 64
 174 234 232
 24 313 195
 94 195 313
 342 216 343
 35 51 15
 90 89 249
 318 344 319
 223 225 345
 321 346 347
 348 347 346
 349 350 346
 3 1 208
 206 205 192
 128 284 286
 17 194 21
 74 336 242
 13 281 21
 17 21 281
 351 304 303
 44 301 241
 43 80 95
 306 334 31
 31 316 291
 263 258 257
 171 124 185
 123 185 124
 349 352 350
 3 208 131
 90 131 208
 265 296 317
 353 354 100
 99 100 354
 109 107 355
 224 253 225
 353 125 337
 126 337 125
 128 27 138
 37 138 27
 139 356 225
 342 327 216
 162 97 222
 38 40 189
 283 189 40
 183 102 357
 139 225 358
 171 173 359
 331 298 299
 190 195 231
 292 175 192
 154 180 111
 360 111 180
 152 361 147
 163 167 203
 106 243 107
 333 170 133
 134 133 170
 91 67 102
 262 14 21
 154 240 145
 126 145 240
 163 86 325
 202 362 268
 362 341 268
 353 337 363
 294 29 28
 360 180 364
 118 152 365
 149 365 152
 289 366 367
 10 337 240
 351 8 112
 88 301 89
 123 125 368
 162 216 329
 321 369 346
 48 27 286
 352 223 345
 48 286 103
 187 103 286
 215 343 216
 150 147 178
 274 178 147
 324 339 179
 344 370 157
 63 61 117
 115 117 61
 371 122 119
 79 71 317
 60 326 61
 158 276 148
 151 361 152
 251 372 252
 224 251 253
 43 95 6
 24 129 105
 193 161 326
 91 68 67
 0 229 199
 302 304 373
 327 329 216
 60 229 326
 130 207 280
 43 42 47
 163 325 164
 374 375 186
 90 249 82
 186 375 376
 244 217 367
 353 368 125
 151 247 323
 338 295 278
 34 377 51
 331 299 332
 144 124 378
 126 240 337
 271 272 58
 351 101 8
 293 254 220
 22 173 319
 172 340 173
 318 173 340
 184 332 299
 221 267 234
 232 234 267
 321 73 369
 333 379 380
 141 230 239
 321 347 104
 22 359 173
 333 380 19
 113 203 268
 4 6 95
 60 199 229
 221 234 176
 87 58 272
 381 72 242
 228 211 142
 219 142 211
 171 378 124
 294 245 161
 292 382 176
 200 176 382
 98 196 222
 371 12 14
 294 269 245
 383 245 269
 328 384 329
 385 329 384
 221 176 212
 200 212 176
 76 204 83
 385 384 332
 330 332 384
 256 386 257
 149 148 276
 193 2 160
 255 264 365
 118 365 264
 37 29 160
 144 380 379
 90 82 131
 114 57 387
 351 231 101
 22 19 380
 34 285 377
 3 75 160
 171 380 378
 144 378 380
 22 380 359
 171 359 380
 256 381 386
 57 366 387
 151 324 361
 307 305 59
 371 388 12
 155 12 388
 289 291 316
 271 58 214
 273 241 301
 3 160 2
 60 217 389
 263 257 287
 335 287 257
 372 390 252
 165 252 390
 37 160 75
 91 277 68
 337 9 363
 348 346 350
 391 325 392
 200 392 325
 391 393 325
 293 220 211
 123 368 186
 219 159 260
 81 80 275
 198 36 65
 351 112 304
 383 116 245
 349 346 369
 271 314 288
 297 388 119
 353 363 354
 262 120 122
 136 228 142
 5 82 249
 344 157 319
 106 108 394
 391 394 108
 385 332 376
 184 376 332
 333 133 379
 132 315 133
 153 46 395
 55 395 46
 70 51 377
 114 214 58
 292 192 205
 307 59 396
 60 389 199
 244 199 389
 33 309 156
 255 365 276
 149 276 365
 187 280 188
 312 188 280
 385 397 329
 162 329 397
 163 203 84
 244 367 366
 307 252 305
 165 305 252
 141 189 282
 374 368 100
 335 257 386
 371 119 388
 352 345 350
 174 279 175
 78 175 279
 306 291 290
 383 269 398
 50 398 269
 113 84 203
 113 341 196
 17 281 15
 35 15 281
 166 349 369
 338 377 285
 191 68 277
 353 100 368
 274 147 361
 298 318 340
 362 342 343
 3 131 75
 38 189 140
 362 343 341
 302 226 303
 360 373 304
 113 268 341
 322 68 399
 191 399 68
 153 275 47
 114 400 214
 30 214 400
 374 186 368
 98 222 97
 206 93 243
 158 159 220
 209 261 210
 348 230 347
 274 324 179
 328 330 384
 190 231 303
 372 300 390
 102 127 357
 308 357 127
 289 316 387
 215 341 343
 370 401 402
 25 105 138
 128 138 105
 34 282 285
 302 403 226
 338 404 377
 4 313 26
 99 354 405
 81 405 354
 115 61 326
 235 288 406
 322 406 288
 335 407 287
 297 287 407
 274 361 324
 235 83 241
 391 108 39
 109 39 108
 292 205 394
 360 364 373
 139 239 356
 191 77 399
 360 112 111
 221 96 267
 54 267 96
 106 394 205
 30 400 316
 163 84 86
 374 143 375
 333 19 18
 184 186 376
 153 395 405
 99 405 395
 335 336 407
 391 392 394
 20 157 402
 370 402 157
 25 131 82
 374 100 110
 300 167 390
 165 390 167
 308 156 309
 198 104 347
 198 347 230
 70 377 404
 144 379 315
 133 315 379
 292 394 382
 325 393 164
 348 350 345
 99 395 53
 55 53 395
 270 59 305
 244 389 217
 322 288 314
 297 119 264
 118 264 119
 348 239 230
 193 326 229
 235 406 77
 181 182 197
 265 197 182
 187 286 284
 162 397 143
 348 345 356
 312 280 207
 183 357 310
 22 319 157
 144 315 145
 238 323 236
 177 179 339
 374 110 143
 166 369 73
 348 356 239
 45 233 259
 270 164 393
 52 143 110
 139 358 396
 81 275 405
 225 356 345
 308 310 357
 335 386 242
 261 258 210
 45 259 46
 76 279 233
 174 233 279
 81 363 9
 24 26 313
 293 210 258
 102 67 127
 66 127 67
 246 236 323
 244 366 57
 297 407 388
 381 242 386
 38 396 59
 143 397 375
 270 393 39
 74 320 336
 155 336 320
 190 303 226
 20 402 121
 401 121 402
 225 253 358
 307 358 253
 107 295 355
 283 355 295
 307 396 358
 81 354 363
 262 122 14
 351 303 231
 391 39 393
 181 404 278
 394 392 382
 77 406 399
 360 304 112
 371 14 122
 385 376 375
 153 405 275
 181 197 404
 338 278 404
 38 140 396
 155 388 407
 139 396 140
 70 404 197
 227 226 403
 316 400 387
 218 69 314
 322 314 69
 109 355 40
 283 40 355
 155 407 336
 289 387 366
 200 382 392
 322 399 406
 385 375 397
 114 387 400
 0
 0
 0
 0
 21
 289 33 246 79 311 306 63 62 266 248 290 16 237 217 309 367 194 317 296 236 334
 0
 9
 177 150 137 148 237 339 178 260 159
 0
 0
 0
 0
 0
 0
 0
 0
 9
 63 383 50 49 188 103 117 116 398
 0
 0
 14
 132 41 312 168 302 134 227 169 180 188 373 121 364 403
