389 704
6.324848 6.482803 1
6.340768 6.646847 1
6.250611 6.565264 1
6.025010 7.132655 1
5.983438 7.024341 1
6.124147 7.063564 1
6.063959 6.945081 1
6.336443 7.604251 1
6.425355 7.527565 1
6.428321 7.684815 1
6.523942 7.618282 1
7.196783 8.586221 1
7.200417 8.693474 2
7.050214 8.601746 1
6.434163 6.527350 1
7.098999 8.730274 1
6.244118 7.184323 1
6.266187 7.027318 1
6.347591 7.127566 1
6.985586 7.796449 1
6.940618 7.663868 1
7.081625 7.688628 1
7.047115 7.545722 1
6.144520 8.261088 1
6.017505 8.310702 1
6.014330 8.187575 1
5.899400 8.271502 2
5.996070 7.736128 1
5.958368 7.915096 1
5.865686 7.811341 1
6.783435 9.018176 1
6.778850 9.177019 2
6.642835 9.095756 2
6.362182 7.384542 1
6.409706 7.225019 1
6.497157 7.378639 1
7.275660 8.213222 1
7.137843 8.159833 1
7.227174 8.086565 1
6.686429 8.234365 1
6.638235 8.363351 1
6.535256 8.299313 1
6.296477 6.291746 1
6.178900 6.299035 1
6.199009 6.150740 1
6.567698 8.175380 1
6.515550 7.910473 1
6.624644 7.818213 1
6.686428 7.967595 1
6.577372 6.121279 2
6.721230 6.140491 2
6.586689 6.236336 1
6.462371 6.286243 1
6.550437 6.430156 1
6.375656 6.392724 1
5.838173 7.692947 1
6.646036 8.522911 1
6.661362 8.674201 1
6.551526 8.651682 1
5.571858 7.994799 1
5.702821 7.933967 1
5.684880 8.078018 1
6.126753 7.757062 1
6.265494 7.724443 1
6.192368 7.834031 1
6.522646 8.522436 1
7.193438 8.308837 1
5.602718 6.699167 1
5.685526 6.823863 1
5.533053 6.801820 1
6.232662 6.425375 1
6.036715 7.571488 1
6.139481 7.641781 1
6.090784 7.860630 1
6.572844 8.041079 1
6.707098 6.267285 1
5.448219 6.482357 1
5.550116 6.335684 1
5.598416 6.473492 1
5.385935 6.762380 1
5.444646 6.913848 1
5.285058 6.963790 1
5.303810 6.851843 1
5.664499 7.207910 1
5.646004 7.361714 1
5.534051 7.227073 1
5.494450 7.360512 1
5.205322 6.783471 2
5.330009 6.659079 1
5.219138 6.610251 2
5.704483 6.374544 1
5.749829 6.701849 1
6.086353 6.241210 1
6.528897 7.259480 1
6.713991 8.770042 1
6.679886 8.911281 1
6.559259 8.790221 1
7.203186 8.425324 1
7.341808 8.373205 2
6.290893 6.904168 1
6.397560 6.995712 1
6.405883 6.864030 1
5.928920 7.612831 1
5.204967 6.904642 1
5.076235 6.911542 3
6.911581 7.128113 1
6.971315 7.008838 2
7.017651 7.162090 2
5.892580 6.036529 1
5.829604 5.902960 1
5.930879 5.901834 1
6.750058 7.850803 1
6.348769 6.192240 1
5.635381 6.053502 1
5.708464 6.179259 1
5.580335 6.184878 1
5.724779 7.792501 1
5.813758 7.908040 1
6.677935 6.532219 1
6.720660 6.397946 1
6.806112 6.512841 1
5.115304 7.631296 2
5.248849 7.594256 1
5.241812 7.726308 1
5.830169 8.029728 1
5.125394 7.766198 2
6.098043 7.995399 1
5.970793 8.053564 1
5.374543 7.049115 1
7.084967 8.269139 1
5.942912 7.503657 1
5.844851 7.405440 1
5.952569 7.343401 1
7.204169 7.596014 1
5.568016 7.505361 1
5.421016 7.473299 1
6.840674 6.409237 2
6.696742 7.478108 1
6.654553 7.582757 1
6.600378 7.433842 1
5.663185 8.228879 2
5.791213 8.162083 2
6.542108 7.522443 1
5.479351 5.804839 2
5.619124 5.899089 1
5.482297 5.971089 2
6.755052 6.772868 1
6.775290 6.640496 1
6.890939 6.756567 2
6.175334 6.712549 1
6.899935 9.120657 2
5.582434 7.111613 1
5.730698 7.082888 1
6.036983 7.427572 1
5.722375 7.494719 1
5.690073 7.627812 1
5.553058 7.626899 1
6.894502 8.629272 1
6.754989 8.622025 1
6.789530 8.518266 1
5.878323 6.748794 1
6.016706 6.747408 1
5.954902 6.877563 1
5.459824 6.216411 2
6.628255 6.795046 1
6.654490 6.668553 1
5.848434 6.998054 1
5.808165 6.849018 1
6.095220 6.845009 1
6.902410 8.501462 1
5.740473 5.837762 1
5.763447 5.978761 1
5.725727 6.942658 1
6.579016 7.137706 1
6.660239 7.031088 1
6.706936 7.148492 1
7.358087 8.091799 1
6.011650 5.978821 1
6.979998 8.732032 1
5.768535 6.088666 1
6.317267 6.096814 2
6.551444 8.971073 2
5.295508 6.477823 2
5.411267 6.342228 2
6.812208 7.044554 1
6.415514 8.787515 1
6.440328 8.675400 1
7.380548 7.964545 1
7.327610 7.829855 1
7.459446 7.887070 1
6.111039 8.111499 1
5.989936 6.513116 1
6.079998 6.386104 1
6.131536 6.546044 1
6.396385 8.457839 1
6.343915 8.611896 1
6.266117 8.525078 1
5.592066 7.860765 1
6.836936 6.272779 2
6.900599 6.621822 2
5.946052 6.642387 1
7.269433 7.976513 1
6.802744 7.636057 1
6.841384 7.754109 1
6.460231 6.637274 1
7.158202 7.461568 1
6.990125 7.435170 1
7.130754 7.349192 1
7.201718 7.753582 1
7.292130 7.686495 1
5.238856 7.112688 2
6.308508 6.782358 1
6.882695 7.457458 1
6.758337 7.389542 1
6.906394 7.355773 1
7.006534 8.433873 1
7.028942 8.053897 1
6.919601 8.113318 1
6.924795 7.945973 1
6.806640 8.055938 1
6.387387 8.152041 1
6.332718 8.297338 1
6.266655 8.219926 1
6.453265 8.234514 1
6.475371 8.127416 1
5.626664 7.003680 1
6.901500 8.367714 1
7.266487 8.507080 2
6.808378 8.875128 1
6.901810 8.967202 1
7.428339 7.792615 2
7.121701 8.888822 1
7.252378 8.899221 3
7.108465 9.000947 2
6.784105 7.514131 1
6.225852 8.136789 1
6.304467 8.089989 1
6.443992 8.575473 1
6.430508 8.018143 1
5.229473 7.854873 3
5.368001 7.803230 1
5.325183 7.953028 2
6.107842 5.934070 1
6.049241 5.823913 2
6.202116 5.874313 3
6.303124 8.424181 1
6.830453 7.287535 1
5.342384 7.156353 1
6.232851 8.354238 1
6.092814 8.423142 1
5.554943 8.137086 2
5.906887 8.149755 1
6.158843 7.484761 1
6.214417 7.341128 1
6.287699 7.489812 1
5.608884 5.769507 3
6.065762 6.644947 1
6.488848 6.925975 1
5.281466 7.474548 1
5.354449 7.365193 1
6.045297 6.091761 1
6.618821 6.336739 1
6.862159 7.857463 1
7.058541 7.923673 1
6.138964 8.533108 1
6.067565 8.626242 2
5.982413 8.487105 2
7.329925 8.650030 2
6.817110 8.413960 1
7.102448 7.810996 1
6.909560 7.540865 1
5.957688 6.180433 1
6.448305 6.119336 2
6.552126 6.569087 1
6.538285 6.701602 1
6.817706 7.185980 1
7.004992 9.053137 2
5.884179 7.129126 1
6.233740 7.586770 1
6.203375 6.835410 1
5.449233 7.590049 1
6.395429 7.818680 1
6.379520 7.921695 1
6.173964 6.936758 1
7.467947 8.026443 1
6.808969 7.939981 1
7.024794 7.314281 1
7.144457 7.206719 2
6.311791 7.282618 1
6.236439 5.984707 2
5.778982 7.195742 1
5.513087 7.016447 1
5.599947 6.895392 1
6.124454 7.204599 1
6.780162 8.311740 1
6.862116 6.880311 2
6.631719 7.227518 1
5.733994 5.716205 2
6.070055 7.308872 1
6.922612 7.239156 1
6.706133 7.730347 1
6.730762 8.424308 1
5.209591 7.373124 2
5.279744 7.252313 2
7.409687 8.238256 2
5.830730 7.559935 1
6.722287 6.909847 1
5.775057 6.563979 1
5.705297 6.482441 1
5.842587 6.430380 1
6.201482 8.650692 2
6.324863 8.732353 1
7.404126 7.691044 2
5.888014 5.768173 2
5.493474 7.799499 1
5.460635 7.695292 1
5.533744 6.581156 1
5.462663 7.912985 1
5.983962 7.228858 1
5.778348 6.292717 1
5.895851 6.288805 1
5.344021 7.672044 1
6.219924 8.820246 2
6.494907 7.791564 1
5.154410 7.012564 2
6.842145 8.742575 1
5.425395 8.066589 2
5.348897 7.561344 1
7.123057 8.487046 1
5.864811 7.265457 1
5.756623 7.304313 1
5.648269 6.275876 1
6.533076 7.023215 1
5.515975 6.101072 2
6.441116 8.889874 2
6.936630 6.474407 2
6.929001 8.841491 1
6.465974 7.128116 1
6.205282 8.463008 1
7.307018 7.490772 2
5.881123 6.555159 1
6.532987 8.414411 1
5.477098 6.708196 1
6.134613 6.033668 1
6.303704 7.978455 1
5.436562 6.612066 1
6.594790 6.921363 1
6.621301 7.323880 1
7.181079 7.889103 1
5.585395 7.733250 1
7.146385 8.006252 1
5.960152 6.379493 1
5.958299 8.386499 2
6.122543 7.390570 1
5.162119 7.494687 2
6.571133 7.724998 1
6.690825 8.109853 1
7.056210 8.818560 1
7.473275 8.137273 2
7.020594 8.927916 1
5.743260 7.394180 1
7.226987 7.311540 2
6.427768 6.742944 1
5.345887 6.568316 1
7.343606 7.591983 2
5.402276 7.244334 1
5.846077 6.642434 1
5.994973 6.290595 1
5.450286 7.125034 1
6.422322 8.355339 1
6.512930 6.825555 1
7.580945 7.964810 3
7.250477 7.403278 1
7.000827 8.307480 1
6.901956 8.237766 1
6.800545 8.175446 1
6.289138 7.868203 1
7.559846 7.847754 2
7.010829 8.189888 1
5.660082 6.583299 1
7.358154 7.360455 2
7.178983 8.806170 2
6.725146 7.264184 1
7.102002 8.371950 1
6.336432 8.839258 2
6.198315 7.931916 1
5.837869 6.177964 1
6.212695 8.034580 1
7.572391 8.086435 2
 0 1 2
 3 4 5
 4 6 5
 7 8 9
 9 8 10
 11 12 13
 14 1 0
 12 15 13
 16 17 18
 16 5 17
 19 20 21
 22 21 20
 23 24 25
 26 25 24
 27 28 29
 30 31 32
 33 34 35
 36 37 38
 39 40 41
 42 43 44
 39 41 45
 46 47 48
 49 50 51
 52 53 54
 14 54 53
 27 29 55
 56 57 58
 59 60 61
 62 63 64
 56 58 65
 36 66 37
 67 68 69
 70 42 54
 27 71 72
 27 73 28
 74 46 48
 75 51 50
 76 77 78
 79 69 80
 81 82 80
 79 80 82
 83 84 85
 86 85 84
 79 87 88
 89 88 87
 90 78 77
 67 91 68
 72 63 62
 92 44 43
 34 93 35
 94 95 96
 97 66 98
 17 99 100
 101 100 99
 27 102 71
 87 103 104
 105 106 107
 108 109 110
 111 48 47
 42 44 112
 113 114 115
 116 55 29
 116 117 60
 116 29 117
 118 119 120
 121 122 123
 124 61 60
 94 96 57
 121 123 125
 126 127 28
 81 80 128
 129 37 66
 130 131 132
 22 133 21
 79 82 87
 86 134 135
 36 98 66
 136 120 119
 137 138 139
 140 61 141
 139 138 142
 143 144 145
 113 145 144
 146 147 148
 149 2 1
 30 150 31
 83 151 152
 52 54 42
 130 132 153
 154 155 134
 156 134 155
 157 158 159
 160 161 162
 70 43 42
 163 115 77
 146 164 165
 166 167 162
 6 162 168
 157 159 169
 170 171 144
 113 144 171
 161 168 162
 116 155 55
 166 172 167
 173 174 175
 36 38 176
 108 110 177
 15 178 13
 160 167 91
 113 179 114
 68 91 167
 58 57 96
 180 112 44
 181 96 95
 76 182 183
 184 106 105
 86 84 134
 185 186 96
 58 96 186
 187 188 189
 126 190 127
 191 192 193
 70 193 192
 194 195 196
 52 42 112
 59 197 60
 136 119 198
 75 198 119
 157 13 178
 25 127 190
 199 148 147
 124 117 28
 124 28 127
 160 200 161
 187 176 201
 202 20 203
 14 204 1
 27 62 73
 126 28 73
 23 25 190
 205 206 207
 27 55 102
 21 133 208
 208 133 209
 17 100 18
 108 171 109
 81 128 210
 149 1 211
 212 213 214
 157 169 13
 215 13 169
 216 217 218
 219 218 217
 220 221 222
 45 223 224
 225 152 151
 19 203 20
 220 223 221
 215 169 226
 97 98 227
 30 228 229
 230 189 188
 231 232 233
 234 202 138
 137 234 138
 235 236 222
 22 206 205
 194 237 195
 74 238 46
 149 168 161
 239 240 241
 242 243 244
 194 196 245
 246 214 213
 236 220 222
 27 72 62
 210 128 247
 23 248 249
 118 53 119
 22 205 133
 140 250 61
 26 251 25
 252 253 254
 33 254 253
 220 224 223
 170 144 255
 184 175 174
 187 201 188
 191 256 200
 101 257 100
 23 249 24
 258 259 135
 86 135 259
 92 260 44
 191 193 256
 56 158 57
 52 261 53
 111 203 262
 23 190 235
 19 263 218
 264 265 266
 249 264 266
 11 227 267
 181 95 32
 30 32 95
 268 226 169
 19 21 269
 22 270 206
 92 271 260
 52 272 51
 49 51 272
 118 273 53
 14 53 273
 274 165 164
 124 141 61
 184 275 175
 276 150 229
 30 229 150
 166 277 152
 72 278 63
 149 279 168
 156 280 134
 135 134 280
 281 46 282
 146 165 147
 6 283 5
 187 284 176
 108 177 260
 111 262 285
 286 107 287
 288 16 18
 34 288 18
 180 44 289
 152 277 290
 225 291 292
 16 253 293
 70 54 0
 39 294 40
 184 295 106
 184 105 275
 173 175 296
 170 255 297
 23 235 222
 298 293 253
 252 72 71
 80 292 291
 149 193 2
 252 278 72
 286 299 107
 202 203 300
 40 294 301
 258 302 259
 303 259 302
 36 304 98
 55 155 305
 38 201 176
 184 306 295
 30 95 228
 76 183 77
 149 161 256
 307 308 309
 310 195 311
 286 207 206
 230 188 312
 209 312 188
 41 223 45
 310 196 195
 212 206 270
 163 77 183
 59 61 250
 58 237 65
 110 313 243
 314 240 315
 90 308 78
 212 234 213
 22 20 270
 58 186 237
 33 288 34
 142 10 8
 76 78 316
 154 134 84
 46 238 282
 216 218 263
 52 51 261
 108 260 271
 314 317 240
 146 148 295
 149 211 279
 242 177 243
 110 243 177
 3 293 318
 90 309 308
 90 319 309
 320 309 319
 321 315 240
 310 311 322
 154 305 155
 281 323 46
 146 295 306
 81 210 324
 241 240 317
 170 297 313
 220 236 238
 94 158 325
 157 325 158
 241 317 326
 59 326 317
 258 135 327
 7 9 63
 281 63 9
 28 117 29
 11 328 227
 329 131 330
 90 77 331
 11 13 328
 75 50 198
 173 332 174
 19 218 262
 163 333 115
 181 334 96
 199 120 335
 111 300 203
 202 300 138
 166 152 172
 225 172 152
 336 229 228
 34 337 93
 338 249 248
 339 133 205
 113 171 179
 70 2 193
 173 93 337
 116 60 197
 77 115 331
 307 309 340
 113 333 145
 184 174 306
 56 65 341
 219 285 218
 97 227 328
 118 120 147
 56 341 40
 298 318 293
 6 4 162
 79 342 69
 154 131 305
 130 305 131
 44 343 289
 7 63 278
 19 269 263
 344 238 236
 202 270 20
 345 342 88
 342 79 88
 59 317 197
 346 306 174
 76 316 345
 185 96 334
 124 60 117
 68 172 292
 225 292 172
 137 139 213
 347 213 139
 191 340 309
 348 188 201
 166 162 4
 220 238 224
 116 349 155
 156 155 349
 142 8 35
 33 35 8
 216 350 37
 191 309 351
 249 266 352
 24 249 352
 320 351 309
 252 353 253
 303 210 247
 26 24 352
 53 261 119
 194 341 65
 143 255 144
 258 122 354
 11 267 12
 83 85 151
 215 328 13
 329 132 131
 336 325 178
 157 178 325
 355 138 300
 39 45 356
 74 356 45
 83 330 84
 80 69 292
 124 251 141
 16 288 253
 346 164 306
 19 262 203
 336 178 357
 358 176 284
 38 37 350
 3 5 293
 336 357 359
 33 253 288
 154 84 360
 161 200 256
 298 253 353
 59 250 326
 124 127 251
 286 287 207
 361 207 287
 121 354 122
 146 306 164
 170 109 171
 101 211 362
 76 345 363
 160 162 167
 166 4 277
 3 277 4
 358 304 176
 36 176 304
 209 133 364
 86 365 85
 347 35 93
 86 259 365
 108 179 171
 52 112 272
 191 200 340
 170 313 109
 110 109 313
 154 360 131
 56 159 158
 321 123 122
 252 71 153
 130 153 71
 1 362 211
 160 91 366
 348 208 188
 92 367 271
 17 5 283
 339 364 133
 368 85 365
 194 369 341
 94 57 158
 346 174 332
 239 125 123
 160 366 200
 303 365 259
 92 192 367
 274 164 370
 55 305 102
 130 102 305
 371 284 189
 199 147 120
 348 263 269
 67 342 316
 339 205 372
 131 360 330
 114 331 115
 191 351 192
 258 354 302
 345 316 342
 7 254 8
 67 69 342
 89 182 363
 137 213 234
 368 247 128
 68 292 69
 33 8 254
 113 115 333
 70 192 43
 74 224 238
 215 226 373
 374 375 217
 219 217 375
 94 228 95
 92 43 192
 239 123 240
 142 138 10
 355 10 138
 344 282 238
 298 153 132
 118 147 165
 64 63 376
 281 376 63
 348 269 208
 39 356 375
 219 375 356
 149 256 193
 371 189 377
 314 197 317
 68 167 172
 219 356 48
 81 324 103
 64 73 62
 260 177 343
 242 343 177
 118 165 273
 268 301 294
 26 141 251
 130 71 102
 274 273 165
 274 204 273
 14 273 204
 246 275 299
 105 299 275
 129 373 378
 16 293 5
 187 189 284
 41 40 341
 321 240 123
 338 245 196
 25 251 127
 221 369 245
 76 363 182
 74 48 356
 70 0 2
 374 378 373
 307 366 91
 192 351 367
 260 343 44
 83 152 290
 314 315 349
 156 349 315
 346 370 164
 67 379 91
 307 91 379
 185 311 186
 195 186 311
 104 103 324
 14 0 54
 374 294 375
 268 169 159
 225 151 291
 194 65 237
 74 45 224
 303 247 365
 348 201 350
 38 350 201
 216 263 350
 142 35 139
 347 139 35
 339 372 380
 361 380 372
 242 244 289
 56 40 301
 355 300 47
 252 254 278
 216 378 217
 116 197 349
 314 349 197
 209 188 208
 368 151 85
 89 363 88
 219 48 285
 242 289 343
 231 381 232
 111 47 300
 276 359 233
 231 233 359
 329 290 277
 101 370 257
 216 37 378
 46 323 47
 355 47 323
 246 382 275
 94 325 228
 336 228 325
 101 362 370
 90 331 319
 114 319 331
 111 285 48
 215 373 383
 374 217 378
 276 229 359
 336 359 229
 87 82 103
 81 103 82
 185 334 384
 126 73 385
 64 385 73
 205 207 372
 361 372 207
 180 272 112
 355 9 10
 320 386 271
 108 271 386
 274 370 362
 194 245 369
 129 378 37
 320 319 386
 114 386 319
 298 353 153
 298 132 318
 355 323 9
 281 9 323
 321 280 315
 185 384 311
 322 311 384
 329 318 132
 310 265 264
 7 278 254
 230 377 189
 200 366 340
 39 375 294
 129 383 373
 348 350 263
 231 357 381
 258 327 122
 321 122 327
 175 275 382
 321 327 280
 279 99 283
 17 283 99
 329 277 318
 3 318 277
 75 119 261
 252 153 353
 173 296 93
 218 285 262
 344 385 376
 41 341 369
 338 264 249
 15 381 357
 83 290 330
 374 226 294
 173 337 332
 100 332 337
 105 107 299
 346 257 370
 34 18 337
 15 357 178
 368 365 247
 320 271 367
 21 208 269
 274 362 204
 67 316 379
 78 379 316
 75 261 51
 347 93 296
 108 386 179
 64 376 385
 246 213 382
 136 335 120
 1 204 362
 329 330 290
 279 211 99
 101 99 211
 347 382 213
 114 179 386
 215 383 328
 344 376 282
 100 337 18
 221 245 248
 231 359 357
 100 257 332
 346 332 257
 320 367 351
 23 222 248
 221 248 222
 15 12 381
 126 387 190
 235 190 387
 307 340 366
 195 237 186
 97 328 383
 84 330 360
 368 291 151
 286 214 299
 279 283 168
 6 168 283
 368 128 291
 268 294 226
 129 66 383
 97 383 66
 286 206 214
 246 299 214
 371 388 284
 358 284 388
 209 364 312
 307 379 308
 78 308 379
 345 88 363
 281 282 376
 156 315 280
 56 301 159
 268 159 301
 338 196 264
 310 264 196
 347 296 382
 126 385 387
 344 387 385
 221 223 369
 80 291 128
 235 387 236
 344 236 387
 212 214 206
 41 369 223
 374 373 226
 135 280 327
 212 270 234
 202 234 270
 175 382 296
 338 248 245
 5
 313 243 255 297 244
 0
 0
 0
 0
 21
 140 266 276 181 310 26 239 241 322 150 141 32 232 326 265 250 31 334 384 233 352
 10
 358 371 98 232 304 267 381 12 227 388
 0
 23
 180 361 199 339 49 136 230 371 295 287 106 380 289 272 377 198 50 148 244 364 312 335 107
 0
 0
 0
 0
 0
 10
 163 143 89 104 87 145 182 183 255 333
 9
 303 121 239 104 210 125 324 302 354
 0
 0
 0
