406 740
4.197526 1.870366 1
4.205878 1.765920 1
4.353964 1.802044 1
4.266956 1.957000 2
5.021739 1.179394 1
4.893626 1.277357 1
4.907285 1.106014 1
4.807293 1.166631 1
4.508610 1.716591 1
4.403931 1.670555 1
4.564542 1.598689 1
4.428215 1.553005 1
5.530592 1.588824 1
5.418162 1.689044 1
5.438151 1.531744 1
5.320665 1.604995 1
5.530718 0.481856 1
5.695170 0.474101 1
5.646289 0.628994 1
5.069196 0.635702 1
4.961960 0.559769 1
5.133544 0.478251 1
5.163724 1.126447 1
5.045081 1.009605 1
4.309810 1.458320 1
4.284656 1.344871 1
4.423867 1.436994 1
3.850509 0.260440 1
3.979503 0.179251 1
4.005759 0.298898 1
5.292080 1.380322 1
5.350010 1.474343 1
5.214271 1.518538 1
5.131914 0.869455 1
4.979466 0.893651 1
5.051641 0.767929 1
5.167317 1.389628 1
5.707364 1.638875 1
5.555358 1.705302 1
5.626503 1.565697 1
4.264837 0.506349 1
4.212965 0.369220 1
4.362883 0.430394 1
4.346334 0.298179 1
4.131754 0.207418 1
5.644777 1.756792 1
6.361014 1.300424 1
6.245265 1.175609 1
6.418029 1.163651 1
6.311475 1.063067 1
5.380229 0.370990 1
5.504284 0.305714 1
6.375421 0.217663 1
6.491006 0.285487 1
6.309723 0.352951 1
4.436863 1.321819 1
6.534350 1.620327 2
6.507941 1.506101 1
6.676695 1.483973 3
4.995296 0.236381 1
5.156919 0.196422 1
5.078186 0.341365 1
5.224209 0.344523 1
5.832567 1.649027 1
5.784334 1.788280 2
6.456118 0.426628 1
4.296433 1.636482 1
4.504739 0.855871 1
4.639683 0.942703 1
4.530584 1.020250 1
4.992430 0.434300 1
6.232086 0.489105 1
6.130297 0.402729 1
6.175150 0.288281 1
4.651967 1.116920 1
5.129714 1.775617 1
4.972393 1.838057 1
5.032820 1.697711 1
5.614038 0.973464 1
5.434222 0.993871 1
5.499931 0.878386 1
3.828493 1.142571 2
3.767156 0.999493 2
3.903397 1.006895 1
5.102249 1.883111 1
5.043925 1.413306 1
5.104763 1.279750 1
4.198955 1.500195 1
3.849503 1.421999 1
3.747811 1.581453 2
3.698988 1.429815 2
4.903107 0.343548 1
4.798086 2.091643 1
4.691078 2.196561 3
4.663584 2.037987 1
6.230560 1.344904 1
6.201416 1.471436 1
6.086552 1.410100 1
3.848161 0.545098 1
3.848248 0.685716 2
3.702993 0.565209 2
4.178657 1.655982 1
4.864355 0.634513 1
4.799226 0.536415 1
6.668671 0.402044 2
6.552711 0.526996 2
6.555438 0.366973 1
6.130081 1.262278 1
5.523998 1.106661 1
5.616538 0.374448 1
4.888039 0.454218 1
4.773951 1.017079 1
3.969128 1.361352 1
3.956628 1.481164 1
3.862222 0.115869 1
4.266639 1.208421 1
4.162879 1.264773 1
4.154629 1.098465 1
5.574383 0.760526 1
5.472854 0.651649 1
4.551707 2.098530 2
4.540506 1.857687 1
4.072998 1.832016 1
4.070199 1.692867 1
3.981842 1.107964 1
4.033360 0.990844 1
4.630215 0.814108 1
3.911410 0.404852 1
4.191768 0.738060 1
4.064754 0.862926 1
4.016786 0.705493 1
4.902018 0.986021 1
6.422426 1.621216 2
6.284449 1.579454 2
6.390977 1.521575 1
4.034224 1.931055 1
3.923554 1.853063 2
4.330723 0.835721 1
4.198482 0.880987 1
6.012587 0.979377 1
5.989002 1.095738 1
5.884440 1.047806 1
5.899824 0.937686 1
4.935510 0.798596 1
4.408943 1.208203 1
6.086993 0.833166 1
6.152033 0.968888 1
5.613404 0.247793 1
5.775684 0.178337 1
5.738230 0.320551 1
5.846208 1.398244 1
5.911312 1.262849 1
5.969497 1.377423 1
6.580320 1.413871 1
6.676661 1.313509 2
5.815335 0.449445 1
4.076138 0.103667 1
4.264057 0.989583 1
4.401928 0.975729 1
5.026401 1.985366 2
4.939309 2.094151 2
4.891725 1.989285 1
5.656200 0.116656 1
3.754119 0.403516 2
5.171740 0.594230 1
5.791094 1.253505 1
4.287328 0.156011 1
4.437894 0.163075 1
4.342330 0.685432 1
4.564247 1.248620 1
4.526571 1.138205 1
4.323374 1.097108 1
6.759270 1.021705 2
6.719118 1.165979 2
6.623026 1.060949 1
3.761477 1.293916 3
5.639409 1.351996 1
5.700864 1.196129 1
5.751071 1.354306 1
4.448486 0.731356 1
4.550630 1.464148 1
5.776108 0.965661 1
5.746908 1.073127 1
4.066500 1.192001 1
6.021003 1.303025 1
5.274645 0.556224 1
5.348751 0.647325 1
5.209572 0.706741 1
4.410639 1.931589 2
4.571433 0.430196 1
4.490055 0.339435 1
4.656291 0.343453 1
4.579339 0.224829 1
4.109686 1.573721 1
4.065104 0.412415 1
4.131865 0.522479 1
5.293349 0.250840 1
4.749104 1.959170 1
5.924449 1.697210 2
3.944605 1.966865 2
5.401428 0.214096 1
6.324122 0.610765 1
6.351065 0.492053 1
5.964937 0.861226 1
5.967681 0.740476 1
6.096727 0.612747 1
6.209965 0.725599 1
6.069672 0.717208 1
5.416667 0.000000 0
5.555555 0.000000 0
5.504745 0.142925 1
4.135249 0.629142 1
5.197884 0.982405 1
5.300575 1.056993 1
6.319388 0.847432 1
6.376384 0.726212 1
5.776990 0.694899 1
5.785912 0.573163 1
6.204954 0.596510 1
6.109220 1.114250 1
3.970571 1.752461 1
6.017458 1.194945 1
5.066491 0.106432 1
5.736123 0.856853 1
5.053280 1.586605 1
5.171651 1.655489 1
4.117604 0.318278 1
5.094077 1.486866 1
5.857598 0.815424 1
6.111111 0.000000 0
6.250000 0.000000 0
6.180937 0.137478 1
5.636862 1.106228 1
5.982413 1.512895 1
5.834264 1.546674 1
6.474845 0.818576 1
6.385768 0.954320 1
6.515819 0.965129 1
6.462369 1.397370 1
6.324215 1.436751 1
3.722780 0.273609 2
5.678832 0.759675 1
5.847640 0.347198 1
5.589827 1.204062 1
6.571663 1.316208 1
6.483446 1.273219 1
5.291018 1.165540 1
4.133654 1.954951 1
4.167809 2.050471 2
5.622250 0.846234 1
5.878862 0.239091 1
5.876892 0.663522 1
5.972222 0.000000 0
6.067082 0.109985 1
5.898426 0.116071 1
3.957970 0.911975 1
3.883708 1.567199 1
3.845217 1.716956 2
5.387472 0.522666 1
3.915571 0.802402 1
5.404268 1.122500 1
5.468201 1.238726 1
3.959123 0.513422 1
5.389453 0.105653 1
6.119349 1.567009 2
6.025159 1.666218 2
3.941152 0.610507 1
4.067390 1.302073 1
4.148262 1.378936 1
4.070376 1.461076 1
5.359257 0.759984 1
4.455444 0.607523 1
4.560836 0.542137 1
4.563451 0.696712 1
4.670970 0.591237 1
3.878421 1.282080 1
5.283319 0.442716 1
4.697741 1.235568 1
5.438052 1.373489 1
5.350778 1.260211 1
5.708072 1.483647 1
5.457215 1.809657 1
5.567788 1.866657 2
5.416706 1.952760 2
6.502028 0.681337 1
6.635121 0.669872 2
4.842820 0.875042 1
4.780706 1.288361 1
4.682758 1.491060 1
4.663811 1.351062 1
5.468232 0.781475 1
4.440127 1.087113 1
4.143056 0.964561 1
3.745319 0.148263 2
5.004983 1.311464 1
4.921088 1.717341 1
4.444445 0.000000 0
4.543991 0.104653 1
5.694445 0.000000 0
4.823249 1.882537 1
5.232052 1.265720 1
3.750000 0.000000 0
4.033442 0.602806 1
5.994103 0.213297 1
5.566142 1.451249 1
3.942056 1.661629 1
5.312334 0.951196 1
5.261732 0.838786 1
3.726347 0.895825 2
3.842282 0.902299 1
6.433274 0.580817 1
4.693324 1.835843 1
5.540326 1.323904 1
5.274411 1.744259 1
5.348793 1.834921 1
4.305555 0.000000 0
4.188107 0.103704 1
5.921306 1.142314 1
3.888889 0.000000 0
6.590637 1.189853 1
4.673587 0.710112 1
6.264836 0.224408 1
4.473945 0.484199 1
4.871843 2.202187 2
4.861111 0.000000 0
5.000000 0.000000 0
4.909756 0.121741 1
4.583333 0.000000 0
4.722222 0.000000 0
4.672441 0.119825 1
6.604926 0.235275 2
6.209862 1.066738 1
4.730761 0.885847 1
4.623531 1.736114 1
4.368527 0.081179 1
5.285372 0.138369 1
6.201790 0.855314 1
4.637472 1.933982 1
5.922396 1.609534 1
5.138889 0.000000 0
5.194705 0.085142 1
4.166667 0.000000 0
4.827893 1.769695 1
4.735635 1.704167 1
6.303110 0.114363 1
6.498920 0.145414 1
6.527778 0.000000 0
6.405153 0.101550 1
4.823543 1.530825 1
4.799692 1.398689 1
4.694332 1.602949 1
4.960206 1.506675 1
6.569833 0.765405 1
6.388889 0.000000 0
4.761513 0.665579 1
6.096117 0.210944 1
6.511671 1.081840 1
3.783251 0.797203 2
6.575046 0.857318 1
6.417073 1.053950 1
4.243562 0.616111 1
4.243294 0.265448 1
4.357610 0.555006 1
5.277778 0.000000 0
4.540840 1.979222 1
4.677654 0.468864 1
6.578643 0.084081 2
4.908827 1.410845 1
4.027778 0.000000 0
5.833333 0.000000 0
4.829906 1.649870 1
4.741789 0.782922 1
4.849654 0.738157 1
6.645611 0.936113 2
4.936807 1.614838 1
4.783470 0.397058 1
4.796529 0.282452 1
4.533991 1.348814 1
5.279668 1.913752 2
5.169352 1.977927 2
5.213384 1.838588 1
4.695080 0.236925 1
5.665025 1.848221 2
4.791667 0.183726 1
4.791667 0.078739 1
4.453945 2.031813 2
5.389285 0.867283 1
6.263386 0.959293 1
5.763889 0.075243 1
3.965343 1.219341 1
4.044223 2.059058 2
4.960452 0.689004 1
5.986506 0.632032 1
4.883244 0.236595 1
6.666667 0.000000 0
4.006957 1.578603 1
5.825987 1.162622 1
3.958333 0.073239 1
6.116432 0.504141 1
5.955906 0.325406 1
5.925706 0.435554 1
5.899045 0.541603 1
6.025506 0.407118 1
6.009024 0.516635 1
6.669121 0.801367 2
6.063309 0.305677 1
 0 1 2
 3 0 2
 4 5 6
 6 5 7
 8 9 10
 9 11 10
 12 13 14
 13 15 14
 16 17 18
 19 20 21
 22 4 23
 24 25 26
 27 28 29
 30 31 32
 33 34 35
 36 30 32
 37 38 39
 40 41 42
 43 42 41
 44 29 28
 45 38 37
 46 47 48
 49 48 47
 16 50 51
 52 53 54
 26 25 55
 56 57 58
 59 60 61
 62 61 60
 63 64 37
 65 54 53
 66 24 11
 67 68 69
 70 21 20
 66 2 1
 71 72 54
 54 72 73
 74 69 68
 75 76 77
 78 79 80
 4 6 23
 81 82 83
 75 84 76
 36 85 86
 66 87 24
 88 89 90
 12 39 38
 70 91 61
 92 93 94
 95 96 97
 98 99 100
 66 101 87
 102 103 20
 104 105 106
 107 95 97
 78 108 79
 16 109 17
 20 103 110
 74 68 111
 88 112 113
 16 51 109
 27 114 28
 45 37 64
 115 116 117
 118 119 18
 16 18 119
 15 32 31
 59 61 91
 94 93 120
 121 2 8
 122 123 1
 81 83 124
 125 124 83
 67 126 68
 27 29 127
 128 129 130
 131 23 6
 132 133 134
 122 135 136
 128 137 138
 139 140 141
 142 139 141
 143 35 34
 55 25 144
 145 146 139
 147 148 149
 150 151 152
 128 138 129
 153 154 58
 17 149 155
 44 28 156
 22 86 4
 157 137 158
 67 158 137
 159 160 161
 147 162 148
 98 163 127
 19 21 164
 165 151 150
 43 166 167
 128 168 137
 169 144 170
 115 117 171
 27 127 163
 33 23 34
 172 173 174
 88 90 175
 176 177 178
 67 137 179
 10 11 180
 78 181 182
 183 117 116
 184 107 97
 185 186 187
 121 188 2
 189 190 191
 192 191 190
 184 152 151
 193 87 101
 74 111 7
 194 41 195
 40 195 41
 62 60 196
 92 94 197
 63 198 64
 136 135 199
 62 196 50
 200 50 196
 55 144 169
 201 71 202
 145 203 204
 70 61 21
 205 206 207
 208 209 210
 128 130 211
 22 212 213
 214 206 215
 201 215 206
 216 18 217
 205 218 206
 1 123 101
 145 204 207
 165 178 177
 43 167 190
 192 190 167
 219 139 146
 122 136 220
 184 221 107
 219 107 221
 59 222 60
 15 31 14
 78 223 181
 3 2 188
 224 32 225
 44 226 29
 36 227 85
 216 228 223
 229 230 231
 66 9 2
 78 182 232
 233 234 150
 185 187 164
 214 235 236
 237 236 235
 46 238 239
 27 163 240
 216 241 18
 201 218 71
 242 155 149
 219 47 107
 243 177 176
 244 238 245
 46 48 245
 137 168 179
 22 213 246
 247 3 248
 118 249 80
 148 250 149
 216 251 228
 252 253 254
 125 83 255
 125 117 124
 183 124 117
 153 238 244
 98 100 163
 67 69 158
 17 109 149
 200 210 51
 147 51 210
 89 256 257
 157 171 117
 107 47 95
 47 46 95
 16 258 50
 224 225 77
 46 245 238
 259 99 130
 200 51 50
 88 256 89
 260 108 261
 78 80 249
 242 149 250
 194 195 262
 204 228 251
 208 210 263
 233 264 265
 209 162 210
 243 261 108
 99 266 130
 267 268 269
 270 187 186
 15 225 32
 233 97 264
 115 144 25
 112 267 269
 271 272 273
 274 273 272
 88 275 112
 62 50 276
 74 7 277
 278 30 279
 280 178 150
 281 282 283
 233 150 152
 142 181 228
 223 228 181
 17 217 18
 284 105 285
 131 111 286
 46 239 95
 165 150 178
 5 287 7
 36 32 227
 185 21 276
 62 276 21
 78 249 223
 216 223 241
 284 235 215
 278 31 30
 10 180 288
 289 288 180
 118 80 290
 291 170 144
 157 138 137
 125 129 292
 159 76 84
 27 293 114
 5 4 294
 271 273 179
 96 264 97
 62 21 61
 295 77 76
 118 18 241
 33 35 187
 19 187 35
 296 297 167
 209 298 162
 7 111 6
 280 150 234
 299 76 161
 159 161 76
 22 300 86
 268 25 87
 24 87 25
 259 129 255
 125 255 129
 260 279 246
 301 114 293
 67 273 126
 131 6 111
 302 262 195
 303 254 253
 16 119 258
 280 304 176
 305 257 256
 88 113 256
 306 212 307
 33 307 212
 43 190 42
 308 309 82
 74 170 69
 284 215 310
 299 197 311
 312 304 278
 176 304 312
 85 294 86
 65 310 202
 260 261 279
 112 269 113
 65 105 310
 259 130 129
 313 13 314
 15 313 225
 71 54 202
 315 166 316
 157 158 171
 291 171 158
 317 141 140
 280 176 178
 278 279 261
 289 169 277
 74 277 169
 145 139 203
 145 207 206
 301 318 114
 319 174 173
 19 164 187
 153 58 57
 274 320 273
 224 227 32
 52 54 321
 33 187 307
 270 307 187
 42 190 322
 88 175 275
 194 262 127
 92 323 93
 270 119 290
 118 290 119
 324 325 326
 327 328 329
 65 106 105
 192 167 297
 330 104 106
 219 146 331
 67 179 273
 214 215 235
 111 332 286
 63 37 234
 280 234 37
 281 38 282
 45 282 38
 194 127 29
 201 206 218
 70 20 110
 73 321 54
 22 23 212
 33 212 23
 22 246 300
 15 13 313
 75 77 225
 10 333 8
 319 245 48
 296 167 334
 60 335 196
 185 164 21
 243 176 312
 214 336 206
 145 206 336
 311 197 337
 271 179 168
 145 336 146
 270 186 119
 121 8 333
 233 265 338
 278 14 31
 339 340 222
 341 315 316
 299 311 342
 343 342 311
 230 344 231
 330 53 345
 52 345 53
 346 345 347
 201 310 215
 348 288 349
 289 349 288
 10 350 333
 96 133 264
 11 26 180
 189 322 190
 92 197 161
 299 161 197
 224 351 227
 85 227 351
 4 86 294
 96 239 133
 134 133 239
 284 352 235
 299 342 76
 295 76 342
 147 109 51
 353 346 347
 65 202 54
 233 338 234
 66 1 101
 274 103 354
 102 354 103
 98 127 262
 229 231 253
 121 333 311
 122 1 0
 281 314 13
 153 57 238
 134 238 57
 325 339 222
 73 231 321
 73 355 231
 319 48 356
 308 357 309
 237 235 358
 49 359 48
 40 360 195
 83 82 309
 296 327 297
 43 361 166
 147 210 162
 322 271 362
 319 173 154
 75 225 313
 195 360 211
 363 208 263
 363 263 335
 121 364 188
 24 26 11
 66 11 9
 42 322 362
 189 365 272
 59 326 222
 330 345 366
 204 203 228
 230 353 344
 85 367 294
 60 222 340
 259 357 99
 368 341 156
 134 239 238
 369 252 254
 348 370 350
 371 372 286
 143 286 372
 129 138 292
 252 229 253
 142 203 139
 302 211 130
 81 275 175
 291 158 69
 237 373 174
 325 222 326
 12 38 13
 348 351 374
 172 174 373
 92 161 160
 131 34 23
 40 42 362
 375 191 376
 289 180 377
 378 379 380
 191 381 376
 36 86 300
 274 272 365
 2 9 8
 68 332 111
 44 166 361
 289 377 169
 348 374 370
 327 329 297
 379 84 380
 55 169 377
 56 132 57
 134 57 132
 289 287 349
 348 350 288
 44 316 166
 348 349 367
 119 186 258
 167 166 334
 315 334 166
 192 297 329
 219 331 47
 330 106 53
 271 168 362
 185 276 258
 50 258 276
 147 149 109
 180 26 377
 200 263 210
 128 360 168
 343 333 350
 55 377 26
 194 226 41
 43 41 361
 348 367 351
 45 64 382
 75 313 380
 74 169 170
 185 258 186
 153 244 154
 219 140 139
 319 154 244
 383 384 326
 324 326 384
 5 294 367
 131 286 34
 143 34 286
 306 213 212
 383 329 384
 328 384 329
 385 188 364
 279 30 300
 289 277 287
 306 386 79
 80 79 386
 260 79 108
 49 331 387
 157 117 292
 27 240 293
 85 351 367
 36 300 30
 278 304 14
 343 311 333
 94 337 197
 148 388 254
 369 254 388
 146 387 331
 78 232 108
 52 347 345
 343 350 370
 319 356 174
 302 130 266
 92 160 323
 112 389 267
 189 191 365
 193 101 123
 390 199 135
 346 366 345
 291 69 170
 341 316 156
 274 354 320
 192 329 381
 383 381 329
 279 300 246
 115 171 144
 291 144 171
 143 391 35
 19 35 391
 205 207 392
 122 0 247
 390 135 247
 125 292 117
 268 116 25
 115 25 116
 59 393 326
 383 326 393
 122 220 123
 237 358 373
 7 287 277
 280 39 304
 303 250 254
 148 254 250
 142 228 203
 375 103 365
 121 311 337
 353 347 344
 204 392 207
 200 196 335
 346 394 366
 274 365 103
 113 269 395
 193 395 269
 315 296 334
 136 257 220
 305 220 257
 339 363 340
 182 396 177
 68 126 332
 371 332 126
 363 335 340
 157 292 138
 200 335 263
 10 288 350
 194 29 226
 378 314 283
 281 283 314
 243 108 232
 375 365 191
 284 310 105
 112 275 389
 237 359 236
 328 324 384
 201 202 310
 305 395 123
 193 123 395
 390 247 248
 231 344 321
 52 321 344
 12 14 304
 298 369 388
 41 226 361
 44 361 226
 319 244 245
 60 340 335
 318 368 397
 233 152 97
 371 354 372
 102 372 354
 71 218 398
 205 398 218
 371 286 332
 237 174 356
 260 246 213
 5 349 287
 242 399 400
 5 367 349
 122 247 135
 17 155 217
 401 217 155
 3 247 0
 378 380 314
 313 314 380
 305 123 220
 184 97 152
 402 398 403
 96 95 239
 184 151 221
 317 221 151
 45 382 282
 375 376 91
 305 256 395
 113 395 256
 98 266 99
 63 234 338
 183 267 389
 192 381 191
 49 387 236
 12 304 39
 224 374 351
 102 391 372
 143 372 391
 159 84 379
 268 87 269
 193 269 87
 368 156 397
 28 397 156
 402 72 398
 375 110 103
 295 374 77
 224 77 374
 298 388 162
 148 162 388
 404 373 358
 49 47 331
 65 53 106
 260 213 79
 306 79 213
 182 177 232
 52 344 347
 102 20 391
 19 391 20
 402 405 72
 73 72 405
 280 37 39
 59 91 393
 165 177 396
 44 156 316
 303 399 250
 237 356 359
 375 91 110
 80 386 290
 270 290 386
 284 285 352
 404 352 285
 214 387 336
 146 336 387
 70 110 91
 303 405 399
 214 236 387
 243 312 261
 273 320 126
 371 126 320
 278 261 312
 295 370 374
 73 405 355
 343 370 342
 295 342 370
 402 400 399
 270 386 307
 306 307 386
 49 236 359
 259 309 357
 302 195 211
 118 241 249
 223 249 241
 242 250 399
 242 400 155
 81 124 389
 385 364 120
 94 120 364
 281 13 38
 216 217 251
 401 251 217
 268 267 116
 91 376 393
 98 262 266
 302 266 262
 165 396 151
 317 151 396
 168 360 362
 402 399 405
 128 211 360
 265 198 338
 318 397 114
 28 114 397
 183 389 124
 205 392 403
 81 389 275
 142 141 181
 182 181 141
 402 403 400
 401 400 403
 401 403 392
 243 232 177
 371 320 354
 303 253 355
 383 376 381
 40 362 360
 231 355 253
 401 392 251
 259 255 309
 83 309 255
 303 355 405
 205 403 398
 271 322 272
 189 272 322
 183 116 267
 204 251 392
 317 140 221
 219 221 140
 317 396 141
 182 141 396
 75 380 84
 401 155 400
 48 359 356
 71 398 72
 404 358 352
 121 337 364
 94 364 337
 63 338 198
 383 393 376
 235 352 358
 0
 17
 378 159 265 56 64 133 264 283 282 379 323 58 93 160 198 132 382
 0
 11
 404 330 172 104 154 105 373 173 285 58 366
 0
 0
 0
 0
 0
 0
 0
 10
 81 308 163 175 293 100 99 357 240 82
 0
 13
 3 390 385 136 89 175 90 199 188 93 257 120 248
 0
 0
 0
 0
 0
