397 716
2.266543 4.837543 1
2.354569 4.780239 1
2.362011 4.940258 1
2.475768 4.831185 1
0.949779 3.404397 2
1.054199 3.509120 1
0.863356 3.491082 1
0.929897 3.592054 1
1.447017 5.148707 2
1.284539 5.081104 2
1.429996 5.052123 1
0.316807 3.985194 1
0.296819 4.080687 1
0.191424 3.991625 1
0.208946 4.153841 1
1.976770 3.446197 2
2.145648 3.373467 2
2.119670 3.493098 1
1.336604 3.931155 1
1.411892 4.023517 1
1.257768 4.007148 1
1.318588 4.106539 1
1.625208 4.773975 1
1.634479 4.644356 1
1.755826 4.672694 1
1.747181 4.815470 1
2.628444 4.929286 1
2.494393 5.003564 1
1.541535 4.288084 1
1.435274 4.418665 1
1.363267 4.263799 1
0.260440 3.850509 1
2.578471 3.951762 1
2.746652 3.966335 2
2.670653 4.094378 1
1.845991 4.317462 1
1.710832 4.271868 1
1.848897 4.146701 1
1.042573 3.357720 2
1.152876 3.345575 2
1.823967 3.799310 1
1.844278 3.966350 1
1.713768 3.849500 1
1.678203 3.965249 1
1.205574 3.476413 1
1.046198 4.122622 1
1.052132 4.303879 1
0.954772 4.204939 1
2.848079 5.061532 1
2.716476 5.031258 1
2.764699 4.932348 1
2.881194 4.935314 1
1.157460 4.226938 1
2.461796 4.161706 1
2.524874 4.329898 1
2.368239 4.274683 1
2.905543 3.942552 2
2.802897 4.053679 1
0.000000 3.611111 0
0.145812 3.516792 2
0.107255 3.641623 1
1.972178 4.097893 1
1.857689 3.579554 1
2.015769 3.551778 1
0.236381 4.995296 1
0.341365 5.078186 2
0.196422 5.156919 2
2.186648 3.695920 1
2.264641 3.792607 1
2.162940 3.843647 1
0.987016 3.751022 1
1.114635 3.829833 1
0.950544 3.894858 1
1.948714 4.534981 1
1.952836 4.392175 1
2.077769 4.478052 1
2.081096 3.728491 1
2.677975 4.403424 1
2.632258 4.578031 1
2.560628 4.436356 1
1.287651 4.420591 1
0.725570 4.565895 1
0.832983 4.618250 1
0.676561 4.652657 1
0.782922 4.741789 1
1.545395 3.612684 1
1.708498 3.610493 2
1.647203 3.724900 1
2.748864 4.504391 1
2.218435 4.216924 1
2.195001 4.360684 1
2.319805 4.424444 1
1.091373 3.977587 1
2.288267 3.928280 1
2.194062 4.086891 1
2.123543 3.972538 1
2.162099 4.878536 1
2.217421 4.707479 1
2.000322 3.658331 1
1.554171 5.074500 1
1.484426 4.911976 1
0.568905 4.559208 1
0.682309 4.460582 1
1.708725 4.146117 1
2.076948 4.795655 1
2.681637 4.256405 1
0.434300 4.992430 2
0.343548 4.903107 1
2.328976 4.094757 1
0.717624 3.718441 1
0.684755 3.851752 1
0.575425 3.706501 1
0.543499 3.861286 1
2.362937 3.794144 1
2.445605 3.866630 1
2.582572 4.189142 1
0.634513 4.864355 1
0.559542 4.962142 2
0.533296 4.801731 1
1.025232 4.906744 2
1.173181 4.840536 1
1.141149 5.001644 2
1.373677 4.553658 1
0.453549 4.888576 1
2.438004 4.007002 1
0.117865 3.862267 1
0.576647 4.440132 1
0.439510 4.421194 1
0.420596 4.557470 1
1.130480 3.678314 1
2.883681 5.235128 2
2.739348 5.145971 1
2.747687 5.279744 2
2.054163 4.363466 1
2.211415 4.472812 1
0.802402 3.915571 1
0.782489 4.064852 1
0.647741 3.997498 1
2.896825 4.090075 1
1.246724 4.592386 1
2.559604 4.702583 1
2.620094 4.801671 1
2.369568 5.111186 1
2.405827 5.246504 1
2.282167 5.236704 1
1.981885 4.254064 1
2.723489 4.742270 1
0.404852 3.911410 1
2.249674 5.133719 1
0.682058 4.177941 1
0.552354 4.113791 1
2.639488 5.494450 2
2.499365 5.572994 3
2.526701 5.421016 1
3.049341 4.632110 1
2.900057 4.632640 1
2.965014 4.544440 1
2.946177 4.744067 1
1.264962 3.777778 1
0.531076 3.469311 1
0.501801 3.344194 2
0.664800 3.365109 2
0.648033 3.496348 1
2.056813 4.649498 1
0.101495 4.079753 1
1.153041 4.501813 1
1.165372 4.363902 1
1.557101 4.441323 1
2.614580 5.068915 1
0.404601 3.755174 1
0.455974 3.598279 1
0.303318 3.536052 2
0.405477 3.463461 2
1.305190 4.892964 1
1.246485 4.971503 1
0.298179 4.346334 1
0.163075 4.437894 1
0.155146 4.289350 1
0.938187 4.303159 1
0.983424 4.420954 1
1.538939 3.726226 1
1.316966 3.563776 1
1.348485 3.453827 2
1.649491 5.183521 2
1.516472 5.222009 2
0.340842 3.651117 1
1.256852 3.379022 2
1.997262 3.961263 1
1.106335 4.660254 1
1.050924 4.792417 1
0.961264 4.723523 1
0.512555 3.990443 1
0.967973 4.616813 1
0.890913 4.840916 1
2.170873 4.567527 1
0.345145 4.655893 1
0.317155 4.493004 1
0.224829 4.579339 1
1.456560 4.158369 1
1.666563 4.399127 1
2.675906 3.858227 2
2.293629 4.533353 1
2.364146 4.641335 1
1.511669 4.565185 1
1.487731 4.716579 1
2.940133 4.188791 1
2.794811 4.175054 1
2.859029 4.264322 1
1.620126 4.919281 1
1.745081 4.939768 1
2.556775 3.810593 2
1.592145 4.171113 1
1.690180 5.050747 1
1.852256 4.457335 1
2.042769 3.837402 1
0.838054 3.780471 1
2.540742 4.074995 1
1.935556 3.863652 1
1.225959 3.886014 1
0.106432 5.066491 2
1.757389 4.056217 1
1.939620 5.144183 1
1.848137 5.192117 1
1.825933 5.051859 1
2.969521 4.300983 1
2.823711 4.393661 1
2.956564 4.427278 1
0.736492 3.530544 1
0.746491 3.433412 1
0.273826 3.722991 1
1.824021 3.453087 2
2.468989 4.628735 1
2.523161 4.529856 1
2.142704 5.215140 1
2.197273 5.369653 2
2.052919 5.351081 2
1.949055 4.990519 1
2.078709 4.956062 1
2.046958 5.102517 1
0.877540 4.413786 1
1.583376 3.502321 2
2.313524 3.484680 1
2.376864 3.565907 1
2.233952 3.561823 1
2.019053 5.225721 1
1.914454 5.282464 2
2.118942 4.284904 1
1.230318 4.716856 1
1.336670 4.690624 1
3.065319 4.494302 1
3.173604 4.555604 2
2.442650 4.721149 1
1.258429 3.661305 1
1.407226 3.692912 1
1.758916 5.154770 1
2.267133 3.651647 1
2.525452 5.281466 1
2.634807 5.354449 1
1.963672 4.855675 1
2.093771 4.187382 1
0.805133 4.493316 1
3.077426 5.065394 1
2.976465 4.996763 1
3.133970 4.921449 2
2.980428 4.866797 1
1.252662 4.198272 1
2.161426 5.086014 1
2.191758 4.977833 1
3.026547 4.078624 2
2.523007 3.648184 2
2.451574 3.748473 1
1.376183 4.959968 1
1.289464 4.793635 1
1.738686 4.527773 1
1.624204 4.521267 1
1.017475 3.636533 1
2.373101 5.553058 2
2.411756 5.449990 1
1.374240 3.826074 1
2.776603 4.618862 1
2.085275 4.074595 1
0.148263 3.745319 1
0.833898 4.203212 1
0.903448 4.091822 1
3.193439 5.063548 3
3.102245 5.190632 2
2.486100 3.502004 3
2.849089 4.819247 1
0.000000 4.444445 0
0.104653 4.543991 1
2.264250 4.935091 1
2.862094 4.510117 1
0.000000 3.750000 0
1.079771 4.434591 1
2.839083 4.711417 1
1.190860 3.579062 1
1.885537 3.695536 1
2.440646 4.411197 1
2.626641 5.202529 1
3.234506 4.368670 1
3.086691 4.360928 1
3.178654 4.262046 1
2.717163 4.844965 1
3.160703 4.445453 1
1.180613 4.103860 1
0.672693 3.611420 1
1.768899 4.404296 1
1.243384 4.290224 1
2.986669 5.144243 2
0.000000 4.305555 0
0.107323 4.186213 1
0.000000 3.888889 0
2.364691 3.674391 1
0.214986 3.612837 1
2.768164 4.308964 1
1.032397 4.539159 1
0.000000 5.000000 0
0.000000 4.861111 0
0.121741 4.909756 1
0.920518 4.531152 1
0.000000 4.722222 0
0.000000 4.583333 0
0.119825 4.672441 1
2.327956 5.344021 1
2.304739 5.460426 2
0.414330 4.068227 1
2.438673 5.348428 1
0.808822 3.631481 1
0.817296 3.350409 2
0.081024 4.368888 1
1.774530 3.699827 1
1.845996 4.885234 1
2.506077 5.152360 1
3.296501 4.470175 2
0.000000 4.166667 0
1.438288 3.555330 2
3.166606 4.677914 2
3.077367 4.789127 2
1.494057 3.828117 1
1.866666 4.740505 1
1.519705 4.078920 1
1.541506 3.965039 1
2.274977 5.033824 1
0.569405 4.688503 1
0.657364 4.762203 1
1.424073 4.634500 1
1.401960 4.827195 1
3.062189 4.222247 1
3.158952 4.149160 2
0.646802 4.323534 1
0.770799 4.381408 1
0.000000 5.138889 0
0.571542 3.574226 1
0.253715 4.248518 1
1.431660 3.914780 1
0.457483 4.687528 1
2.111428 3.605422 1
0.898227 3.693818 1
0.738157 4.849654 1
0.000000 4.027778 0
1.762124 5.277796 2
0.967439 4.006477 1
0.798703 4.935954 2
0.876311 3.995480 1
1.632625 4.071932 1
1.980952 4.739970 1
1.847712 4.590309 1
0.397058 4.783470 1
0.282452 4.796529 1
1.516116 4.814785 1
3.252874 4.200253 2
0.239060 4.693612 1
1.602232 3.849742 1
2.401201 4.527609 1
0.403314 4.311971 1
0.489652 4.263585 1
0.537349 4.347873 1
1.961541 3.763787 1
3.371267 4.340522 3
2.755666 5.402276 2
0.352589 4.204545 1
1.940171 4.651053 1
0.078739 4.791667 1
0.183726 4.791667 1
0.460118 4.163203 1
0.749340 4.281882 1
0.900624 4.981236 2
0.581823 4.228570 1
2.398672 3.432443 2
0.833953 4.316689 1
1.769243 3.527869 2
0.236595 4.883244 1
2.284962 3.372878 2
2.219551 3.457190 1
0.076489 3.962608 1
3.279840 4.277283 2
0.689004 4.960452 2
 0 1 2
 1 3 2
 4 5 6
 6 5 7
 8 9 10
 11 12 13
 13 12 14
 15 16 17
 18 19 20
 20 19 21
 22 23 24
 22 24 25
 3 26 27
 28 29 30
 31 11 13
 32 33 34
 35 36 37
 5 38 39
 40 41 42
 43 42 41
 5 39 44
 45 46 47
 3 27 2
 48 49 50
 48 50 51
 52 46 45
 53 54 55
 33 56 57
 58 59 60
 61 37 41
 62 15 63
 64 65 66
 67 68 69
 70 71 72
 73 74 75
 67 69 76
 77 78 79
 80 30 29
 81 82 83
 83 82 84
 85 86 87
 88 78 77
 89 55 90
 91 90 55
 92 72 71
 93 94 95
 0 96 97
 62 63 98
 99 10 100
 81 101 102
 103 37 36
 97 96 104
 105 77 54
 106 65 107
 89 108 55
 53 55 108
 109 110 111
 112 111 110
 93 113 114
 53 115 54
 105 54 115
 116 117 118
 119 120 121
 80 29 122
 118 117 123
 93 114 124
 32 124 114
 31 13 125
 126 101 127
 128 127 101
 70 129 71
 48 130 131
 132 131 130
 133 90 75
 90 134 75
 135 136 137
 53 108 124
 138 57 56
 80 122 139
 3 140 141
 64 107 65
 142 143 144
 35 37 145
 146 140 78
 31 147 11
 3 141 26
 142 144 148
 135 137 110
 112 110 137
 149 150 137
 151 152 153
 154 155 156
 154 157 155
 158 71 129
 159 160 161
 162 159 161
 104 163 97
 14 164 13
 80 165 166
 81 83 101
 126 102 101
 93 68 113
 28 167 29
 168 26 49
 50 49 26
 112 147 169
 80 139 165
 170 171 172
 173 174 120
 149 137 136
 175 176 177
 178 46 179
 85 87 180
 181 44 182
 99 183 184
 31 169 147
 170 185 171
 44 186 182
 61 41 187
 188 189 190
 93 108 94
 112 137 191
 188 190 192
 84 190 193
 93 95 69
 194 97 163
 128 195 196
 197 196 195
 28 30 198
 28 36 199
 32 200 33
 194 201 97
 202 97 201
 203 23 204
 22 204 23
 205 206 138
 207 206 205
 22 25 208
 209 208 25
 28 199 167
 32 114 210
 170 111 169
 112 169 111
 28 211 36
 99 212 183
 73 213 74
 133 75 74
 84 82 190
 214 95 187
 120 174 121
 109 215 110
 135 110 215
 53 124 216
 197 176 196
 175 196 176
 40 217 41
 92 71 218
 64 66 219
 28 198 211
 43 41 220
 221 222 223
 207 224 225
 188 120 189
 92 218 20
 226 225 224
 227 162 228
 31 229 169
 214 69 95
 62 230 15
 231 232 78
 140 231 78
 232 79 78
 17 63 15
 142 2 27
 233 234 235
 236 237 238
 178 179 239
 85 240 86
 241 242 243
 99 100 208
 233 235 244
 245 244 235
 133 145 246
 188 139 247
 248 247 139
 88 77 225
 154 249 250
 3 251 140
 158 252 253
 254 223 222
 248 139 122
 242 255 243
 256 257 153
 151 153 257
 236 258 237
 119 189 120
 99 184 8
 169 229 185
 145 259 246
 168 27 26
 104 237 258
 81 260 82
 162 161 228
 261 262 263
 264 263 262
 41 37 220
 21 30 265
 266 237 267
 238 237 266
 138 56 268
 99 8 10
 269 210 270
 188 247 120
 9 271 10
 173 120 272
 5 4 38
 273 274 199
 5 275 7
 146 141 140
 276 277 152
 153 152 277
 119 193 189
 190 189 193
 18 218 278
 61 145 37
 93 124 108
 146 78 279
 61 187 280
 61 259 145
 31 125 281
 149 136 282
 283 282 136
 181 253 252
 261 284 285
 178 47 46
 269 242 286
 264 287 157
 288 176 289
 0 2 290
 70 72 215
 135 215 72
 158 278 218
 155 279 291
 93 69 68
 292 281 125
 9 174 271
 236 221 223
 95 280 187
 293 179 46
 70 275 129
 287 294 157
 295 129 5
 129 275 5
 158 129 252
 62 98 296
 203 122 29
 54 297 55
 132 257 298
 256 298 257
 299 300 301
 50 26 302
 112 191 147
 303 300 299
 92 20 304
 227 305 162
 273 199 306
 158 253 278
 80 307 30
 21 198 30
 233 244 238
 194 163 75
 73 75 163
 236 238 221
 48 262 308
 261 308 262
 48 131 49
 105 34 206
 92 304 45
 309 310 177
 203 29 167
 311 292 125
 312 242 269
 103 36 211
 313 60 59
 313 59 171
 77 314 225
 188 192 315
 316 317 318
 319 82 260
 320 321 322
 323 324 234
 197 289 176
 254 183 212
 325 11 147
 106 123 117
 170 169 185
 256 153 326
 88 291 279
 9 121 174
 109 327 215
 328 4 6
 288 329 176
 21 304 20
 325 147 191
 87 330 42
 236 331 258
 89 259 94
 293 166 165
 236 223 331
 142 27 332
 303 333 250
 48 308 130
 303 250 249
 89 94 108
 309 334 310
 85 253 335
 181 335 253
 256 143 332
 154 336 337
 85 180 253
 338 253 180
 338 278 253
 33 57 34
 100 10 271
 32 34 216
 105 115 34
 312 269 270
 292 60 281
 339 258 331
 40 42 330
 154 337 157
 155 157 294
 340 19 341
 128 196 127
 175 127 196
 340 211 198
 142 342 2
 264 337 263
 343 344 118
 116 118 344
 248 122 345
 188 165 139
 248 204 346
 214 76 69
 238 244 221
 347 268 348
 126 349 102
 350 102 349
 351 316 219
 154 156 249
 170 159 352
 261 263 284
 85 335 240
 48 51 262
 175 177 353
 30 307 265
 100 271 346
 321 288 289
 109 111 305
 104 96 237
 137 150 191
 325 191 150
 343 101 83
 292 58 60
 347 348 301
 170 172 159
 67 255 68
 312 68 255
 18 20 218
 312 113 68
 341 19 354
 273 24 23
 128 101 355
 64 219 318
 98 356 76
 142 332 143
 215 327 357
 233 238 266
 173 346 271
 133 74 145
 35 145 74
 84 193 358
 334 359 164
 254 360 183
 91 55 297
 264 51 287
 328 6 228
 105 314 77
 328 228 161
 92 45 361
 283 361 45
 362 358 193
 41 217 187
 32 216 124
 135 363 136
 62 330 86
 43 364 341
 340 341 364
 339 25 24
 316 318 219
 209 331 223
 104 258 365
 227 6 327
 7 327 6
 168 131 298
 132 298 131
 339 24 366
 158 218 71
 339 365 258
 367 368 195
 50 302 287
 146 287 302
 22 369 204
 348 370 301
 0 97 1
 202 1 97
 199 274 167
 195 368 371
 173 271 174
 343 355 101
 248 345 204
 155 291 156
 168 332 27
 87 372 180
 103 220 37
 203 274 23
 178 282 47
 283 47 282
 339 331 25
 202 373 231
 321 289 322
 100 369 208
 203 204 345
 374 375 376
 127 374 376
 162 352 159
 40 296 377
 99 208 212
 209 212 208
 333 299 378
 256 332 298
 151 257 379
 52 45 304
 264 262 51
 135 72 363
 22 208 369
 14 177 310
 40 377 217
 176 329 177
 309 177 329
 197 322 289
 323 144 143
 14 353 177
 273 23 274
 312 255 242
 105 206 314
 175 380 374
 175 353 380
 207 314 206
 91 134 90
 338 180 372
 126 127 376
 50 287 51
 339 366 381
 21 265 304
 87 86 330
 233 148 144
 132 379 257
 202 201 373
 175 374 127
 232 297 79
 254 222 360
 245 360 222
 89 90 246
 317 382 318
 383 318 382
 89 246 259
 160 159 172
 320 322 382
 383 382 322
 181 295 44
 67 76 356
 194 75 134
 313 171 185
 32 210 200
 375 380 384
 325 384 380
 232 373 297
 375 374 380
 14 380 353
 138 268 205
 347 205 268
 14 12 380
 325 380 12
 313 281 60
 73 366 213
 273 213 366
 104 365 163
 92 361 72
 149 385 349
 142 148 342
 362 193 386
 119 386 193
 54 77 79
 313 229 281
 31 281 229
 170 352 111
 149 282 385
 273 306 213
 233 266 148
 52 307 166
 146 294 287
 5 44 295
 227 327 305
 109 305 327
 233 144 234
 70 357 275
 88 279 78
 98 63 356
 73 163 381
 43 341 372
 149 387 150
 350 349 385
 62 296 330
 226 291 225
 149 349 387
 126 376 349
 286 242 388
 241 388 242
 128 355 195
 283 45 47
 267 237 96
 35 74 213
 259 280 94
 61 280 259
 150 387 384
 178 389 282
 133 246 90
 168 298 332
 62 86 390
 334 164 310
 7 275 357
 84 344 83
 34 57 206
 325 150 384
 197 371 322
 383 322 371
 347 300 224
 245 221 244
 209 25 331
 323 234 144
 375 384 387
 64 318 391
 383 391 318
 52 166 46
 226 156 291
 214 187 217
 267 342 266
 148 266 342
 367 355 118
 43 220 364
 103 364 220
 100 346 369
 232 231 373
 227 228 6
 283 136 363
 261 285 308
 114 270 210
 226 300 249
 303 249 300
 188 315 165
 91 201 134
 343 118 355
 39 186 44
 88 225 291
 43 372 42
 288 309 329
 347 301 300
 181 252 295
 392 393 16
 367 195 355
 70 215 357
 347 224 205
 168 49 131
 317 320 382
 203 167 274
 338 372 341
 319 260 239
 350 239 260
 359 311 394
 53 216 115
 34 115 216
 91 373 201
 395 378 299
 226 249 156
 199 36 306
 35 306 36
 84 358 344
 116 344 358
 226 224 300
 245 222 221
 181 182 335
 248 346 272
 264 157 337
 26 141 302
 207 225 314
 80 166 307
 204 369 346
 273 366 24
 35 213 306
 120 247 272
 87 42 372
 367 107 368
 293 165 315
 349 376 387
 375 387 376
 197 195 371
 325 12 11
 323 277 324
 340 198 19
 21 19 198
 111 352 305
 362 396 358
 116 358 396
 72 361 363
 13 164 394
 359 394 164
 367 118 123
 241 392 388
 303 299 333
 95 94 280
 313 185 229
 267 96 290
 203 345 122
 323 143 326
 256 326 143
 323 326 277
 116 396 117
 207 205 224
 103 211 364
 338 341 354
 163 365 381
 64 391 107
 138 206 57
 14 310 164
 173 272 346
 367 123 107
 154 250 336
 293 315 179
 319 179 315
 18 354 19
 106 107 123
 248 272 247
 62 390 230
 395 301 370
 340 364 211
 40 330 296
 81 102 260
 350 260 102
 293 46 166
 194 134 201
 319 315 192
 7 357 327
 162 305 352
 254 212 223
 209 223 212
 178 239 389
 350 389 239
 18 278 354
 338 354 278
 0 290 96
 319 239 179
 54 79 297
 129 295 252
 395 299 301
 52 304 265
 339 381 365
 140 251 231
 202 251 1
 319 192 82
 107 391 368
 52 265 307
 190 82 192
 202 231 251
 17 393 243
 241 243 393
 13 394 125
 311 125 394
 241 393 392
 17 243 356
 17 356 63
 98 377 296
 155 294 279
 146 279 294
 67 243 255
 343 83 344
 67 356 243
 91 297 373
 73 381 366
 383 371 368
 17 16 393
 276 324 277
 98 76 377
 214 377 76
 214 217 377
 146 302 141
 282 389 385
 350 385 389
 3 1 251
 153 277 326
 283 363 361
 2 342 290
 267 290 342
 114 113 270
 312 270 113
 383 368 391
 0
 0
 0
 0
 0
 0
 0
 0
 0
 21
 160 39 15 328 4 161 286 172 59 86 230 182 392 171 335 38 240 186 16 388 390
 0
 0
 0
 11
 395 33 269 286 56 268 348 200 210 378 370
 7
 263 333 250 284 337 336 378
 8
 151 132 130 152 308 379 285 284
 21
 245 119 276 106 362 66 9 235 184 121 360 152 234 65 183 219 324 117 396 386 8
 0
 0
