387 702
1.891838 1.660905 1
1.812134 1.749249 1
1.768777 1.588196 1
1.715435 1.715435 1
1.754323 2.040810 1
1.758451 2.202305 2
1.616540 2.144050 2
2.224255 0.306330 1
2.388637 0.301507 1
2.347324 0.430043 1
3.475663 0.888661 1
3.630861 0.810948 1
3.620797 0.962889 1
2.234407 0.657481 1
2.120073 0.575014 1
2.240137 0.511258 1
1.127248 1.726203 2
1.287513 1.779542 1
1.172185 1.879920 2
3.526508 0.747543 1
2.646301 0.922937 1
2.670109 0.789847 1
2.774578 0.915790 1
1.198950 0.801339 1
1.130480 0.928674 2
1.047596 0.816552 2
2.809502 0.795452 1
2.287620 1.524415 1
2.254541 1.369898 1
2.361500 1.418024 1
2.169859 1.495364 1
3.339667 0.912487 1
3.270177 0.973470 1
3.207373 0.855838 1
2.810024 0.456545 1
2.953604 0.456908 1
2.865226 0.576531 1
2.902658 1.497932 1
2.858719 1.367423 1
3.032295 1.365025 1
3.029496 1.489282 1
1.616217 1.525900 1
1.625544 1.659426 1
3.472222 0.000000 0
3.611111 0.000000 0
3.516792 0.145812 1
1.334896 0.555154 1
1.426591 0.410512 1
1.466554 0.565998 1
3.641623 0.107255 1
1.919936 1.270345 1
1.755492 1.254920 1
1.871586 1.127154 1
1.739587 1.082100 1
2.271795 0.209714 1
1.527778 0.000000 0
1.666667 0.000000 0
1.589848 0.164068 1
3.350452 0.817033 1
2.339659 0.578731 1
1.946766 2.013768 1
1.849528 1.959829 1
1.990244 1.885894 1
1.305229 0.389658 1
0.868734 0.211318 2
0.964521 0.286455 1
0.812346 0.369957 2
1.582600 0.637034 1
1.586031 0.794422 1
1.444892 0.702479 1
1.455321 0.867097 1
1.700395 1.421035 1
1.848912 1.412530 1
3.828493 1.142571 2
3.683397 1.093184 1
3.767156 0.999493 2
1.805556 0.000000 0
1.903467 0.135013 1
1.734081 0.126238 1
1.218172 1.198164 1
1.350614 1.261764 1
1.181875 1.340844 1
2.581689 0.570891 1
2.727676 0.657350 1
2.592718 0.699527 1
1.950579 1.542280 1
1.388889 0.000000 0
1.451688 0.102339 1
1.291612 0.150376 1
1.618358 0.331709 1
1.559231 0.486486 1
1.495906 0.308210 1
1.969311 1.019273 1
2.061746 0.892063 1
2.102736 1.025609 1
0.833333 0.000000 0
0.952749 0.121463 1
0.771428 0.118995 2
2.650289 0.424858 1
2.789191 0.325970 1
2.436220 1.687967 1
2.544760 1.593015 1
2.582546 1.762051 1
2.322065 1.125849 1
2.203482 1.235145 1
2.203379 1.083952 1
3.215673 0.712031 1
1.224287 0.296905 1
1.202538 0.454328 1
1.086883 0.329925 1
1.204282 1.580212 1
1.276246 1.667205 1
3.351627 0.668842 1
1.604082 1.158693 1
3.714597 0.708935 1
3.702993 0.565209 2
3.848248 0.685716 2
1.859522 1.853826 1
2.530812 1.259939 1
2.437385 1.333153 1
2.440845 1.158403 1
2.303614 2.080386 1
2.467033 2.125870 2
2.314073 2.205104 2
2.344617 1.257511 1
2.523767 0.807827 1
2.500000 0.000000 0
2.638889 0.000000 0
2.580803 0.155104 1
3.327806 1.347803 1
3.391597 1.254465 1
3.469650 1.397828 2
3.500594 1.253994 1
2.446260 0.545086 1
1.083317 1.567965 2
1.345006 0.811477 1
3.021576 1.079524 1
3.150005 1.136741 1
3.024085 1.210747 1
3.136336 1.263274 1
3.039363 0.550608 1
2.615546 1.082204 1
2.523352 0.955785 1
1.556893 1.896948 1
1.426256 1.824901 1
1.530432 1.733837 1
1.250000 0.000000 0
3.522048 1.072109 1
2.705536 0.097139 1
2.114829 1.161689 1
1.428417 0.211565 1
1.414853 1.981967 2
2.992458 1.606666 1
2.871074 1.633615 1
2.715771 1.861416 2
2.616538 1.926217 2
2.897116 0.362254 1
0.955972 0.412901 2
3.695457 1.200774 1
2.529763 0.315156 1
2.496198 0.441729 1
2.201414 0.412802 1
1.612268 1.306570 1
2.083333 0.000000 0
2.222222 0.000000 0
2.155499 0.130976 1
2.513322 1.423509 1
2.630529 1.357583 1
1.311510 1.415828 1
2.705582 0.204520 1
2.647284 0.296403 1
1.322060 0.701230 1
1.321646 1.882507 1
3.404548 0.268258 1
3.461062 0.404400 1
3.328546 0.382219 1
3.377062 0.515177 1
2.673563 1.634048 1
2.763805 1.037202 1
3.601026 0.455091 1
3.536094 0.303084 1
1.627476 1.784595 1
2.518943 1.873322 1
3.615175 1.304414 2
1.940146 0.871278 1
2.910152 0.242337 1
3.056968 0.169976 1
3.022608 0.329511 1
1.126688 0.709832 1
2.023181 0.094830 1
1.802902 0.244661 1
3.484943 0.629437 1
2.404523 1.959093 1
1.284990 0.997983 1
1.130524 1.080647 2
3.181105 0.357897 1
3.139652 0.247285 1
3.290539 0.264936 1
3.651117 0.340842 1
2.765934 1.452646 1
2.749717 1.333528 1
2.138441 0.481055 1
3.358270 0.132785 1
2.983404 0.661308 1
1.866400 2.102868 1
1.636586 1.009266 1
1.732573 0.938516 1
2.426300 1.809981 1
2.331050 1.877390 1
3.424379 0.747733 1
1.717798 1.875217 1
2.065522 1.484890 1
2.097991 1.597253 1
2.649626 1.500520 1
1.638687 2.005035 1
3.212515 1.527108 1
3.306975 1.590395 2
3.193962 1.666452 2
1.710454 0.548027 1
3.333333 0.000000 0
1.998213 1.664424 1
3.578319 1.177414 1
1.494737 1.249506 1
1.464182 1.376227 1
1.846440 0.980156 1
2.864636 0.691966 1
1.341398 0.280135 1
1.831876 0.613857 1
1.973511 0.573318 1
1.925536 0.727707 1
2.071491 0.687137 1
2.262336 1.955468 1
1.580054 1.423513 1
1.117136 0.585166 1
0.943857 0.568149 2
1.061277 0.470094 1
3.322062 1.462646 1
3.408179 1.538060 2
2.713194 0.536243 1
1.728074 0.715074 1
1.345885 1.133201 1
1.645534 0.899312 1
1.544757 0.940892 1
1.507207 1.487833 1
1.691617 0.243349 1
2.413283 1.549996 1
3.136050 0.991132 1
1.279948 1.975235 2
2.928959 1.278061 1
1.818970 0.832252 1
3.108794 1.581715 1
1.244893 1.102499 1
1.672118 0.432130 1
3.055556 0.000000 0
2.952795 0.107677 1
1.115047 1.241050 1
1.031494 1.177436 2
2.865752 0.975219 1
2.901945 1.074872 1
2.819974 1.143045 1
1.096392 1.437640 2
1.034647 1.338494 2
3.754119 0.403516 2
1.458757 1.139654 1
3.761477 1.293916 3
2.087509 2.079071 1
2.189418 2.140769 1
2.059149 2.222981 2
2.199541 2.264792 2
1.944444 0.000000 0
2.162515 0.902203 1
1.994545 1.394618 1
2.029161 0.208161 1
3.080878 0.732427 1
3.040666 0.853878 1
3.722780 0.273609 2
3.726347 0.895825 2
1.928613 1.772891 1
1.223186 0.559792 1
2.725824 1.139400 1
2.811653 1.245847 1
3.204315 1.379568 1
3.259067 1.085353 1
0.972222 0.000000 0
1.226026 0.652913 1
2.314593 1.659975 1
2.601359 2.058598 2
2.521679 1.988620 1
3.121882 1.466238 1
3.258112 1.230243 1
2.420148 1.007251 1
2.662411 1.226015 1
2.777778 0.000000 0
2.916667 0.000000 0
2.824630 0.126071 1
3.155647 0.105018 1
1.414830 1.003783 1
2.953717 1.735142 2
2.026828 0.785144 1
2.076653 0.355921 1
1.928411 0.294825 1
1.942917 0.425354 1
1.003319 0.703230 2
1.058497 0.184312 1
3.394670 1.027432 1
3.345389 1.153100 1
2.774451 1.565211 1
3.504400 0.508635 1
2.507634 1.068091 1
3.231197 0.473336 1
3.097116 0.451777 1
2.463426 0.213157 1
2.378560 0.187229 1
1.412666 1.711518 1
2.037129 0.482115 1
3.084625 1.710023 2
3.606921 0.671055 1
3.612837 0.214986 1
2.715691 1.741103 1
2.168581 2.022651 1
1.494926 1.608590 1
1.201904 1.471797 1
2.173393 0.790393 1
1.900319 2.246005 2
1.297043 1.547593 1
1.152123 0.105043 1
1.998749 1.156131 1
2.361111 0.000000 0
2.439367 0.106791 1
2.293406 0.104691 1
2.985061 0.969088 1
3.254211 0.592756 1
1.536053 2.034399 2
2.822122 1.771414 2
1.708324 0.828011 1
2.317063 1.775103 1
1.854079 0.501035 1
1.834179 0.376955 1
2.937374 0.769187 1
2.537799 1.157463 1
3.240989 0.167097 1
3.750000 0.000000 0
3.745319 0.148263 2
1.396836 1.506192 1
2.060268 1.266113 1
2.130070 1.378753 1
3.448032 1.143824 1
2.307020 0.783294 1
1.153550 0.213930 1
2.310028 0.998124 1
0.694444 0.000000 0
2.915656 1.182207 1
3.128230 0.636367 1
1.378407 1.612362 1
1.982508 2.110129 1
2.214086 0.980023 1
3.783251 0.797203 2
2.401212 0.886268 1
2.132638 0.245777 1
2.262382 0.888277 1
1.759653 0.444356 1
1.111111 0.000000 0
2.460347 0.671721 1
1.268035 0.888256 1
3.154818 0.542404 1
1.532904 1.058559 1
2.352547 0.687952 1
1.719057 0.348415 1
3.194444 0.000000 0
2.033170 1.767027 1
2.902155 0.879769 1
2.321094 2.322698 3
2.416507 0.770873 1
1.826902 0.719624 1
2.148384 1.913549 1
2.044647 2.000212 1
2.129306 1.804879 1
2.807389 0.224724 1
3.593017 0.564681 1
2.200007 1.619631 1
2.771380 1.669078 1
1.357789 0.913241 1
2.233232 1.841750 1
2.217895 1.739479 1
3.256537 0.080980 1
1.047968 0.081641 1
2.112085 1.701302 1
 0 1 2
 2 1 3
 4 5 6
 7 8 9
 10 11 12
 13 14 15
 16 17 18
 19 11 10
 20 21 22
 23 24 25
 22 21 26
 27 28 29
 27 30 28
 31 32 33
 34 35 36
 37 38 39
 40 37 39
 41 2 42
 43 44 45
 2 3 42
 46 47 48
 44 49 45
 50 51 52
 53 52 51
 7 54 8
 55 56 57
 58 31 33
 59 13 15
 60 61 62
 46 63 47
 64 65 66
 67 68 69
 70 69 68
 71 72 2
 73 74 75
 76 77 78
 79 80 81
 82 83 84
 85 2 72
 50 72 51
 71 51 72
 86 87 88
 89 90 91
 47 91 90
 92 93 94
 95 96 97
 34 98 99
 100 101 102
 103 104 105
 106 58 33
 107 108 109
 16 110 111
 16 111 17
 106 112 58
 53 51 113
 114 115 116
 61 117 62
 118 119 120
 121 122 123
 119 124 120
 125 21 20
 126 127 128
 26 21 83
 129 130 131
 131 130 132
 59 9 133
 16 134 110
 67 69 48
 70 135 69
 136 137 138
 139 138 137
 35 140 36
 141 142 20
 143 144 145
 146 86 88
 71 2 41
 147 12 74
 127 148 128
 85 0 2
 83 21 84
 149 105 104
 150 57 91
 143 151 144
 40 152 37
 153 37 152
 89 91 57
 124 104 103
 154 155 102
 34 156 35
 157 66 65
 46 108 63
 73 158 74
 8 159 160
 9 8 160
 7 9 161
 71 162 51
 163 164 165
 166 118 167
 168 81 80
 169 170 128
 159 128 170
 171 46 69
 166 119 118
 151 172 144
 173 174 175
 176 175 174
 69 46 48
 177 102 101
 141 20 178
 179 174 180
 143 145 181
 182 102 155
 183 131 132
 92 184 93
 185 186 187
 23 25 188
 163 165 189
 190 78 77
 176 191 112
 121 192 122
 193 194 24
 195 196 197
 179 180 198
 199 167 200
 150 88 87
 201 15 14
 47 90 48
 43 45 202
 64 97 96
 203 36 140
 150 87 57
 4 204 5
 53 205 206
 182 192 207
 208 207 192
 19 10 209
 58 209 10
 4 210 61
 211 212 85
 55 57 87
 213 167 199
 195 197 175
 56 78 57
 4 6 214
 4 214 210
 215 216 217
 67 90 218
 219 43 202
 98 170 99
 17 172 18
 212 220 85
 147 74 221
 125 20 142
 9 160 133
 222 162 223
 53 206 224
 26 83 225
 47 226 91
 74 12 75
 227 228 229
 230 229 228
 169 128 148
 121 231 192
 51 162 113
 162 232 223
 233 234 235
 157 235 234
 129 131 236
 237 236 131
 82 238 83
 59 15 9
 67 239 68
 79 240 80
 241 242 68
 70 68 242
 71 41 232
 243 232 41
 89 57 244
 27 29 245
 136 246 137
 247 18 172
 159 98 160
 82 160 98
 19 209 191
 92 52 224
 248 39 38
 108 235 109
 249 229 184
 215 217 250
 193 251 194
 53 224 52
 90 252 218
 253 186 254
 79 255 194
 256 194 255
 166 245 29
 9 15 161
 257 258 178
 259 178 258
 260 261 81
 179 262 115
 263 222 80
 240 263 80
 73 264 158
 265 266 267
 268 267 266
 76 269 77
 93 270 94
 50 271 72
 85 72 271
 272 189 165
 106 33 273
 274 273 33
 262 198 275
 150 91 226
 276 75 12
 117 277 62
 208 192 231
 124 103 120
 46 278 108
 279 259 280
 191 209 112
 139 281 39
 137 246 282
 95 283 96
 23 284 171
 27 245 285
 100 245 101
 286 122 287
 281 288 39
 67 48 90
 23 171 135
 117 61 210
 139 137 289
 274 33 246
 32 282 246
 290 120 103
 34 36 238
 83 238 36
 186 196 187
 247 172 151
 185 254 186
 291 279 280
 292 293 294
 253 295 186
 193 296 240
 100 285 245
 153 152 297
 229 298 184
 272 299 300
 301 300 299
 85 220 0
 233 302 234
 143 210 214
 233 235 108
 303 65 96
 272 300 77
 190 77 300
 147 304 10
 137 282 289
 305 289 282
 166 167 213
 153 306 37
 176 307 191
 141 308 142
 195 175 309
 276 12 11
 107 63 108
 195 309 310
 159 311 128
 312 8 54
 124 29 28
 17 111 313
 183 132 221
 228 314 14
 315 297 152
 19 191 316
 317 45 49
 154 102 318
 173 45 180
 317 180 45
 166 213 101
 177 101 213
 233 108 278
 121 266 319
 243 41 320
 166 29 119
 260 321 134
 64 96 65
 227 239 218
 67 218 239
 121 319 231
 230 13 322
 81 261 255
 230 228 14
 122 192 287
 110 134 321
 32 246 33
 139 39 138
 248 138 39
 3 1 210
 117 210 1
 323 5 204
 222 113 162
 168 324 321
 249 184 224
 92 224 184
 146 88 325
 47 63 226
 82 98 238
 179 198 262
 92 94 326
 149 326 94
 327 328 329
 92 326 52
 274 246 330
 159 170 98
 106 331 112
 100 102 207
 182 207 102
 143 332 151
 34 238 98
 153 297 333
 173 202 45
 124 119 29
 68 239 334
 335 285 100
 126 128 328
 50 52 326
 207 335 100
 118 291 167
 200 167 291
 143 181 210
 147 10 12
 293 253 254
 200 291 280
 301 336 337
 56 76 78
 60 204 61
 4 61 204
 203 273 338
 274 338 273
 141 291 339
 118 339 291
 340 197 196
 341 342 49
 168 223 343
 58 10 31
 149 104 344
 345 344 104
 132 346 221
 25 302 188
 241 206 205
 177 213 306
 169 99 170
 230 322 298
 114 316 115
 164 329 165
 293 254 294
 347 322 13
 345 271 344
 50 344 271
 107 348 88
 193 240 251
 79 251 240
 143 214 332
 312 329 328
 290 103 349
 34 99 156
 350 95 97
 136 138 351
 203 140 352
 17 313 144
 353 313 111
 168 343 324
 136 351 258
 323 354 267
 355 94 270
 114 356 11
 276 11 356
 222 263 113
 203 352 273
 166 101 245
 243 343 223
 125 142 357
 290 357 142
 176 112 331
 272 165 358
 139 289 281
 129 281 289
 241 68 334
 201 314 299
 44 341 49
 176 174 307
 347 359 322
 360 337 336
 345 211 271
 157 109 235
 303 109 65
 361 146 325
 125 84 21
 114 116 356
 125 362 84
 82 362 133
 23 363 24
 193 24 363
 93 298 322
 364 310 309
 150 226 88
 107 88 226
 173 197 202
 129 236 281
 215 281 236
 185 294 254
 243 223 232
 301 299 314
 136 330 246
 240 296 263
 3 210 181
 58 112 209
 365 205 113
 46 171 284
 301 228 336
 227 336 228
 53 113 205
 322 359 270
 183 158 264
 145 320 42
 147 221 346
 201 299 161
 365 113 263
 59 366 13
 347 13 366
 190 367 244
 360 336 218
 227 218 336
 190 337 367
 253 368 295
 145 313 320
 173 180 174
 323 204 354
 369 62 277
 176 309 175
 201 14 314
 26 370 22
 345 28 30
 82 133 160
 249 224 206
 7 161 299
 89 252 90
 290 349 357
 260 81 321
 82 84 362
 195 187 196
 173 175 197
 59 133 362
 268 123 371
 157 65 109
 41 42 320
 59 362 366
 125 372 362
 107 109 348
 303 348 109
 93 184 298
 185 156 99
 243 320 343
 353 343 320
 272 358 299
 7 299 358
 57 78 244
 190 244 78
 340 202 197
 233 284 188
 141 279 291
 85 271 211
 292 294 148
 169 148 294
 124 28 104
 168 321 81
 345 30 211
 168 80 223
 177 318 102
 19 316 11
 114 11 316
 165 54 358
 233 278 284
 149 344 326
 50 326 344
 301 337 300
 203 338 225
 357 349 359
 164 327 329
 227 229 373
 374 375 62
 121 123 266
 268 266 123
 7 358 54
 327 126 328
 369 376 62
 374 62 376
 70 242 296
 365 296 242
 179 307 174
 257 22 370
 88 348 325
 317 198 180
 353 320 313
 374 319 375
 315 152 250
 249 373 229
 23 188 284
 230 298 229
 257 330 258
 136 258 330
 301 314 228
 317 49 342
 230 14 13
 317 342 275
 169 377 99
 71 232 162
 265 267 354
 115 316 378
 86 55 87
 185 99 377
 203 225 36
 365 263 296
 154 318 333
 195 310 187
 35 187 310
 79 81 255
 23 135 363
 69 135 171
 249 239 373
 222 223 80
 27 379 30
 212 30 379
 46 284 278
 249 334 239
 17 144 172
 360 218 252
 145 144 313
 233 188 302
 153 333 380
 227 373 239
 40 250 152
 369 277 220
 0 220 277
 26 338 370
 70 381 135
 182 287 192
 79 194 251
 208 231 382
 374 382 231
 60 354 204
 186 295 196
 340 196 295
 141 178 279
 274 370 338
 185 377 294
 26 225 338
 256 255 261
 269 163 189
 37 306 199
 32 304 282
 305 282 304
 20 22 178
 257 178 22
 179 115 378
 269 189 77
 169 294 377
 355 349 105
 27 285 379
 383 379 285
 40 39 288
 60 375 354
 127 292 148
 106 352 331
 272 77 189
 40 288 250
 215 250 288
 290 308 120
 103 105 349
 305 304 346
 147 346 304
 118 120 339
 185 187 156
 35 156 187
 110 321 324
 364 331 352
 6 332 214
 315 250 217
 368 219 384
 190 300 337
 183 221 158
 283 361 385
 259 279 178
 305 130 289
 129 289 130
 10 304 31
 290 142 308
 345 104 28
 265 354 375
 176 331 309
 32 31 304
 274 330 370
 364 309 331
 193 381 296
 219 202 384
 303 385 325
 361 325 385
 215 288 281
 83 36 225
 340 384 202
 212 386 220
 369 220 386
 317 275 198
 107 226 63
 215 236 216
 237 216 236
 347 357 359
 364 352 140
 265 319 266
 355 105 94
 305 346 130
 132 130 346
 212 211 30
 347 372 357
 177 306 380
 106 273 352
 93 322 270
 149 94 105
 165 329 54
 125 357 372
 60 62 375
 70 296 381
 355 270 359
 213 199 306
 200 38 199
 37 199 38
 248 351 138
 383 285 335
 201 161 15
 283 385 96
 312 54 329
 74 158 221
 257 370 330
 89 244 367
 265 375 319
 128 311 328
 312 328 311
 303 325 348
 193 363 381
 374 231 319
 153 380 306
 360 367 337
 191 378 316
 208 335 207
 259 351 280
 248 280 351
 303 96 385
 177 380 318
 0 277 1
 117 1 277
 35 310 140
 364 140 310
 248 38 280
 200 280 38
 353 324 343
 355 359 349
 259 258 351
 347 366 372
 340 295 384
 365 242 205
 353 111 324
 110 324 111
 159 8 311
 241 205 242
 368 384 295
 362 372 366
 383 382 376
 374 376 382
 179 378 307
 191 307 378
 135 381 363
 383 386 379
 333 318 380
 182 155 287
 286 287 155
 3 181 42
 145 42 181
 212 379 386
 89 367 252
 383 376 386
 369 386 376
 360 252 367
 249 206 334
 383 335 382
 312 311 8
 241 334 206
 208 382 335
 120 308 339
 141 339 308
 0
 0
 0
 0
 0
 0
 0
 0
 0
 24
 247 260 157 16 323 64 268 25 6 256 234 18 66 24 5 151 267 261 194 302 97 134 332 371
 0
 0
 10
 73 276 262 264 342 115 116 356 275 75
 15
 286 183 315 154 237 122 131 264 333 297 123 217 155 216 371
 0
 0
 0
 0
 0
