416 739
9.189115 7.268899 1
9.026397 7.154194 1
9.203280 7.127573 1
9.066470 7.300193 1
8.247979 6.817800 1
8.113981 6.873288 1
8.217145 6.704888 2
8.089259 6.724121 1
8.863484 7.510697 1
8.787069 7.324305 1
8.909194 7.389845 1
8.739079 7.475795 1
6.546347 5.390184 1
6.515219 5.280851 2
6.685428 5.362820 2
9.437507 7.231271 1
9.319554 7.073822 1
9.461488 7.110020 1
9.295344 7.235176 1
8.860770 7.173469 1
8.949093 7.276841 1
8.057467 7.442184 1
8.013730 7.613206 1
7.937085 7.511055 1
7.670910 7.193274 1
7.707360 7.080917 1
7.787960 7.192854 1
7.842743 7.098644 1
7.223019 5.959930 1
7.327240 5.856607 1
7.330631 6.014463 1
8.229831 7.968397 1
8.261547 7.818151 1
8.329817 7.931155 1
7.331566 6.341513 1
7.210431 6.242014 1
7.370585 6.231817 1
8.139606 7.515463 1
8.517939 6.968341 1
8.467883 6.821981 1
8.634856 6.903939 1
6.993425 6.836701 1
7.114738 6.939888 1
6.971315 7.008838 2
8.402851 7.835985 1
8.373713 7.688981 1
9.218946 7.016593 1
9.114326 7.037601 1
9.116414 6.888556 1
7.144457 7.206719 2
7.307000 7.237937 1
7.226987 7.311540 2
8.599419 6.770926 1
7.708025 5.982225 2
7.537745 5.993568 1
7.569298 5.891051 1
7.695690 7.911520 1
7.718913 8.041488 2
7.580945 7.964810 3
7.265111 7.137614 1
9.449766 6.670732 2
9.491693 6.805404 1
9.328373 6.770059 2
7.445928 5.925075 1
6.850639 5.821062 1
6.764899 5.732218 1
6.949240 5.690904 1
6.197004 5.609816 2
6.292776 5.740302 1
6.176824 5.767386 2
8.641073 7.230170 1
8.528239 7.101644 1
8.660903 7.060245 1
7.484683 5.762489 1
8.330523 7.491629 1
8.214594 7.419095 1
8.358824 7.344438 1
7.865252 6.520246 1
7.986753 6.414214 2
8.011275 6.557845 1
10.000000 6.805555 0
9.831214 6.780807 1
9.877488 6.669086 1
8.425339 7.441966 1
6.807890 5.608046 1
7.411201 5.419500 1
7.443591 5.267010 2
7.530152 5.345335 1
7.588943 6.084669 1
9.758457 7.177536 1
9.807975 7.302424 1
9.676048 7.282984 1
8.099681 7.753994 1
7.956195 7.781517 1
8.392323 7.113672 1
8.491088 7.224000 1
8.321747 7.212061 1
9.441229 7.448674 1
9.530840 7.331017 1
9.560238 7.471699 1
9.642888 7.392735 1
7.331261 5.717915 1
8.133303 7.330774 1
9.421269 7.660341 1
9.493247 7.573498 1
9.560072 7.710315 2
7.548998 7.737122 1
7.428339 7.792615 2
7.404126 7.691044 2
7.702898 5.823640 2
6.348578 6.008866 1
6.448305 6.119336 2
6.317267 6.096814 2
7.198951 5.742980 1
7.176685 5.859831 1
7.430632 7.238840 1
7.552121 7.134439 1
7.569978 7.274607 1
7.017651 7.162090 2
7.078317 7.069114 1
9.389372 6.885819 1
7.124092 5.526034 1
7.204670 5.405964 1
7.296735 5.500678 1
9.276552 6.921955 1
9.600762 7.588399 1
7.227332 6.377385 1
7.622010 6.659157 1
7.784500 6.655800 1
7.683464 6.786697 1
7.793717 7.009913 1
6.529588 5.553187 1
6.684817 5.529173 1
6.574519 5.663994 1
6.690910 5.668113 1
9.381773 7.344525 1
7.547637 7.627882 1
9.875747 7.204134 1
6.862116 6.880311 2
6.824794 5.472210 2
7.711292 6.550242 1
7.432375 6.025464 1
7.292564 6.143494 1
8.165002 7.887933 1
8.747341 7.151793 1
7.693719 7.424534 1
7.667307 7.567999 1
7.550650 7.502038 1
7.547463 6.782708 1
7.610132 6.881110 1
7.226384 5.625953 1
8.993132 6.994118 1
7.521933 5.446952 1
8.390642 6.695442 2
8.346403 6.799728 1
8.218075 7.644967 1
10.000000 7.638889 0
9.844862 7.724136 2
9.905751 7.569445 1
8.545636 7.859164 2
8.439276 7.975345 2
7.547746 6.456608 1
7.570994 6.315656 1
7.653225 6.422995 1
6.438160 5.975036 1
7.451898 6.332393 1
8.128344 6.504840 2
8.641857 7.558207 1
8.648011 7.383770 1
9.042658 7.419219 1
6.311346 5.599753 1
8.535125 7.462648 1
6.577372 6.121279 2
6.631111 6.026497 1
6.721230 6.140491 2
7.596216 5.791795 1
7.416350 6.133093 1
7.492447 6.216510 1
10.000000 6.666667 0
8.210576 7.000502 1
8.259361 7.106859 1
8.104674 7.104176 1
7.720278 7.311679 1
7.588938 7.384161 1
8.786765 6.643507 1
8.847431 6.494970 2
8.929633 6.639293 2
6.840674 6.409237 2
6.950447 6.333149 1
6.936630 6.474407 2
7.408843 7.126603 1
8.483023 7.750613 1
9.598319 6.671058 2
9.643176 6.816199 1
7.190681 7.054890 1
9.407954 6.992599 1
7.051257 6.380390 1
7.647130 6.204130 1
9.599318 7.152754 1
7.906146 6.626646 1
7.060996 6.145112 1
6.950093 6.061373 1
7.052244 6.037927 1
6.979423 6.705133 1
7.119430 6.782479 1
7.078156 6.658418 1
6.958768 6.202483 1
7.176009 6.071414 1
8.391196 6.923357 1
6.734489 6.014736 1
7.924693 7.911226 1
8.045691 7.919219 1
9.206174 6.801451 1
10.000000 7.361111 0
9.884402 7.430390 1
9.916790 7.300453 1
7.042936 6.486008 1
8.157418 8.042859 2
9.791536 7.574777 1
9.752471 7.414346 1
9.680796 7.517345 1
7.994339 7.206226 1
8.021855 7.314355 1
7.888251 7.288100 1
7.942094 7.391339 1
10.000000 7.500000 0
8.426731 7.554425 1
8.538711 7.638179 1
7.514866 6.585629 1
7.421852 6.461104 1
7.396502 6.566244 1
7.451444 6.685929 1
7.303811 6.638126 1
8.851854 7.031663 1
6.425797 5.666373 1
7.139313 6.342252 1
9.886647 6.882835 1
8.747673 7.001902 1
7.559846 7.847754 2
7.766601 6.415366 1
8.875700 6.782248 1
9.000566 6.760541 1
8.192064 7.196077 1
8.784682 6.896964 1
8.725403 6.775643 1
7.894087 7.659541 1
10.000000 7.083333 0
9.858798 7.079720 1
8.010467 7.001027 1
7.938938 6.872695 1
9.697448 7.657166 2
6.408441 5.539903 1
10.000000 7.222222 0
6.836936 6.272779 2
7.806349 7.866779 1
7.800468 7.735221 1
8.703649 6.529664 2
8.117773 7.631908 1
7.827438 7.419106 1
7.316336 5.349784 1
8.984689 6.868281 1
7.112624 5.953517 1
9.255507 7.360882 1
7.346310 6.753424 1
7.754587 7.508244 1
8.901613 6.914772 1
9.624385 7.011266 1
9.720688 7.050440 1
7.894273 7.177075 1
8.681143 7.679514 1
7.713061 6.929952 1
8.590138 7.746810 1
6.618520 5.443135 1
9.084099 7.575365 1
9.182749 7.480721 1
9.200134 7.619064 1
7.698123 6.095406 1
7.019033 5.579883 1
6.978658 5.457349 2
7.808046 6.816317 1
6.922052 5.560655 1
6.324090 5.449898 2
6.212828 5.480120 2
7.873680 6.415968 1
8.051931 8.055278 2
7.428337 5.656695 1
7.447411 5.545475 1
7.343417 5.616569 1
7.681553 7.796613 1
6.552555 5.914373 1
6.448441 5.864358 1
6.516156 5.774285 1
8.780966 7.599359 1
8.112045 6.987551 1
6.643902 5.788945 1
8.265223 6.914089 1
8.568451 7.303868 1
8.475490 7.356688 1
8.971289 7.542330 1
9.461425 7.753967 1
7.996258 6.763969 1
9.209997 6.687902 2
8.425138 7.016284 1
9.476728 6.925831 1
9.764725 6.604926 2
9.719796 6.723753 1
7.102363 5.654710 1
7.083399 5.771421 1
6.972481 5.823722 1
7.998260 6.668141 1
8.516747 6.686068 2
8.661390 6.660290 2
7.830132 7.981082 2
9.279855 7.560593 1
7.089032 5.409372 2
7.118725 5.312184 2
7.826413 6.922435 1
7.895785 7.002352 1
6.332316 5.886735 1
6.202116 5.874313 3
7.224258 5.305674 2
8.243887 7.530795 1
8.315578 8.057897 2
9.121345 6.754663 1
7.457831 7.028260 1
7.420647 6.829785 1
7.499552 6.909820 1
6.886796 5.934924 1
7.901898 6.730320 1
9.797285 6.954320 1
9.755142 6.843324 1
7.609828 6.534926 1
6.900599 6.621822 2
7.003452 6.582570 1
8.816823 7.728460 1
8.696080 7.813788 2
8.830438 7.855295 2
8.316641 7.582819 1
6.867051 6.143633 1
7.201639 6.555224 1
7.141817 6.454616 1
7.288534 6.484237 1
7.945772 8.015533 2
7.006169 5.945679 1
7.759062 6.161599 1
7.785075 6.078959 2
7.867022 6.172415 2
6.403038 5.775277 1
7.627986 5.690001 2
7.612352 5.241457 3
9.073569 6.634866 2
7.452387 7.587508 1
6.527028 6.032881 1
7.256520 6.959765 1
6.746459 5.836737 1
6.783448 5.935107 1
6.681101 5.925217 1
7.597425 5.533714 1
7.628674 5.388248 2
7.583470 6.996770 1
7.666794 6.311472 1
8.896052 7.641379 1
9.003117 7.679253 1
8.920702 7.770984 1
8.933039 7.088361 1
7.842809 7.549614 1
6.890939 6.756567 2
7.769765 6.274017 1
7.876116 6.314047 2
7.491128 7.422709 1
7.413948 7.496979 1
7.358154 7.360455 2
7.718904 5.458847 2
7.723514 5.584177 2
7.180607 6.662320 1
7.334547 7.043273 1
7.471661 7.326222 1
9.360974 7.795764 2
9.309827 7.662305 1
9.230308 7.740407 2
9.319504 7.459493 1
6.420067 5.386676 2
7.307018 7.490772 2
6.504592 5.462617 1
7.320543 5.240543 2
9.113971 7.694994 1
7.669476 7.682158 1
7.526029 5.635945 1
9.524220 7.030573 1
9.915918 6.578643 2
8.104228 7.239747 1
8.225373 7.289495 1
7.773861 7.628350 1
10.000000 6.944445 0
9.147300 7.365983 1
7.209267 6.859083 1
9.906357 6.987324 1
6.839781 6.036135 1
7.246343 6.760936 1
9.577426 6.911754 1
9.503384 7.849445 2
8.121071 6.622148 2
7.958073 7.099554 1
7.105238 6.561436 1
6.236439 5.984707 2
7.309304 6.852346 1
9.039663 7.817400 2
9.377488 7.560817 1
8.938119 7.904119 2
7.377767 6.940284 1
9.148010 7.811317 2
9.685886 6.927042 1
7.062775 5.862608 1
7.062410 6.272943 1
8.323970 7.012460 1
7.343606 7.591983 2
 0 1 2
 3 1 0
 4 5 6
 5 7 6
 8 9 10
 11 9 8
 12 13 14
 15 16 17
 18 16 15
 19 20 9
 21 22 23
 24 25 26
 27 26 25
 28 29 30
 31 32 33
 34 35 36
 37 22 21
 38 39 40
 41 42 43
 44 33 32
 45 44 32
 46 47 48
 49 50 51
 52 40 39
 53 54 55
 56 57 58
 59 50 49
 60 61 62
 29 63 30
 64 65 66
 67 68 69
 70 71 72
 73 63 29
 74 75 76
 77 78 79
 80 81 82
 83 74 76
 65 84 66
 85 86 87
 53 88 54
 89 90 91
 92 93 22
 94 95 96
 97 98 99
 100 99 98
 73 29 101
 102 75 21
 103 104 105
 106 107 108
 53 55 109
 110 111 112
 113 29 114
 28 114 29
 115 116 117
 76 96 95
 118 43 119
 10 9 20
 62 61 120
 121 122 123
 124 46 48
 125 105 104
 34 126 35
 127 128 129
 27 25 130
 73 55 63
 2 16 18
 131 132 133
 132 134 133
 113 101 29
 97 135 98
 106 108 136
 89 137 90
 41 43 138
 139 132 14
 127 140 128
 141 30 63
 142 36 35
 31 143 32
 19 9 144
 145 146 147
 127 129 148
 149 148 129
 21 75 37
 121 123 150
 38 40 72
 2 1 47
 151 47 1
 85 87 152
 153 154 6
 45 32 155
 156 157 158
 159 160 44
 161 162 163
 164 111 110
 161 165 162
 79 78 166
 11 167 168
 10 20 169
 3 169 20
 67 170 68
 171 168 167
 172 173 174
 73 175 55
 141 88 176
 177 176 88
 178 80 82
 24 116 25
 179 180 181
 117 182 183
 184 185 186
 187 188 189
 115 190 116
 70 72 144
 70 95 71
 159 44 191
 45 191 44
 60 192 61
 193 61 192
 59 49 194
 38 72 71
 124 120 195
 188 196 189
 124 195 16
 24 182 117
 177 88 197
 98 15 198
 77 79 199
 200 201 202
 119 43 42
 100 98 91
 17 198 15
 203 204 41
 205 204 203
 200 206 201
 134 132 84
 139 84 132
 200 202 207
 38 208 39
 209 174 173
 210 93 211
 92 211 93
 94 71 95
 141 54 88
 124 212 62
 213 214 215
 216 189 196
 211 143 217
 218 219 214
 218 220 219
 145 147 183
 221 222 223
 224 223 222
 218 158 157
 124 48 212
 213 225 214
 45 226 227
 161 228 229
 119 194 49
 230 231 232
 92 155 32
 19 144 233
 234 131 133
 235 35 126
 80 236 81
 233 144 237
 106 238 107
 77 140 239
 184 186 240
 241 240 186
 242 181 180
 243 40 244
 22 93 245
 246 137 247
 248 249 5
 218 157 250
 234 251 131
 246 252 137
 187 253 188
 70 144 9
 210 254 93
 255 93 254
 184 256 185
 92 22 257
 56 58 238
 24 117 116
 224 258 223
 85 259 86
 241 260 240
 202 261 207
 2 18 0
 262 0 18
 231 263 232
 31 217 143
 171 227 226
 145 264 146
 240 260 265
 90 219 91
 177 165 36
 34 36 165
 266 267 198
 221 223 268
 269 227 167
 171 167 227
 52 244 40
 149 129 270
 269 271 227
 12 14 272
 98 135 15
 4 6 154
 89 198 267
 151 48 47
 273 274 275
 53 276 88
 45 227 191
 121 277 278
 129 279 270
 139 278 280
 262 18 135
 37 257 22
 281 170 282
 90 215 214
 77 283 78
 177 197 162
 284 211 217
 73 101 285
 85 286 123
 287 123 286
 56 238 288
 289 290 291
 11 292 167
 179 181 293
 77 128 140
 234 133 291
 100 91 219
 289 291 294
 179 5 295
 171 296 168
 171 297 296
 10 169 298
 103 105 299
 7 5 300
 230 229 228
 301 62 212
 145 183 182
 66 84 280
 139 280 84
 94 302 71
 303 120 61
 304 82 305
 81 305 82
 66 306 307
 66 307 308
 79 309 199
 4 295 5
 289 164 290
 98 198 91
 52 310 311
 56 254 312
 313 275 274
 121 278 314
 76 95 297
 161 229 165
 124 62 120
 14 132 272
 56 312 57
 121 314 122
 315 122 314
 241 48 260
 316 249 317
 318 319 68
 315 320 122
 37 75 321
 31 322 217
 323 48 241
 5 249 300
 324 116 190
 10 298 8
 69 68 319
 325 148 326
 3 20 1
 327 64 308
 19 1 20
 11 168 9
 129 128 279
 328 279 128
 316 270 279
 149 326 148
 269 167 292
 248 317 249
 179 293 5
 72 40 237
 329 330 236
 127 331 140
 332 189 333
 37 155 257
 269 334 335
 336 335 334
 45 155 337
 338 253 174
 331 161 163
 151 260 48
 113 150 101
 287 101 150
 339 340 341
 304 305 192
 193 192 305
 106 288 238
 140 331 163
 230 232 341
 339 341 232
 210 211 342
 284 342 211
 70 9 168
 327 308 343
 344 345 346
 153 310 39
 52 39 310
 281 251 170
 243 265 233
 234 291 347
 109 175 348
 243 244 240
 37 321 155
 38 302 208
 87 86 349
 241 186 350
 224 23 258
 351 136 108
 2 46 16
 72 237 144
 341 340 126
 278 277 280
 164 352 111
 243 240 265
 119 42 194
 353 194 42
 89 247 137
 92 257 155
 354 64 355
 289 294 356
 357 152 358
 327 355 64
 318 290 164
 81 236 330
 325 231 148
 25 116 359
 360 163 162
 41 204 42
 184 311 256
 151 233 265
 361 362 363
 19 364 1
 92 143 211
 70 296 95
 324 359 116
 89 91 198
 76 297 83
 140 163 239
 59 190 50
 151 1 364
 365 258 23
 41 138 366
 316 279 249
 87 349 358
 131 272 132
 22 245 23
 365 23 245
 360 367 239
 368 239 367
 369 370 371
 248 5 293
 289 352 164
 273 362 298
 122 259 123
 85 123 259
 318 164 110
 188 253 206
 273 169 274
 357 358 372
 184 240 244
 28 207 261
 124 16 46
 361 363 334
 357 373 348
 328 249 279
 322 33 160
 205 374 204
 59 194 375
 353 375 194
 92 32 143
 115 117 376
 338 206 253
 67 282 170
 255 245 93
 103 377 378
 379 378 377
 208 295 154
 262 380 274
 125 250 105
 134 84 65
 281 381 251
 55 175 109
 113 306 150
 121 150 306
 313 274 380
 303 195 120
 45 337 226
 34 165 229
 382 371 370
 269 335 271
 230 228 231
 127 231 228
 17 16 195
 208 154 39
 142 30 176
 234 68 170
 251 381 383
 384 86 259
 273 385 362
 351 370 147
 369 147 370
 273 275 385
 127 148 231
 28 30 207
 142 207 30
 243 237 40
 25 359 270
 149 270 359
 146 386 136
 52 311 244
 357 348 387
 266 198 388
 4 154 295
 73 348 175
 255 288 386
 38 71 302
 304 389 82
 102 390 391
 243 233 237
 255 386 392
 74 321 75
 80 393 236
 73 387 348
 369 183 147
 218 214 158
 225 158 214
 115 50 190
 327 343 201
 169 394 274
 151 364 233
 255 254 288
 56 288 254
 77 199 128
 354 356 294
 89 267 247
 329 247 267
 353 42 395
 246 247 396
 338 174 397
 209 397 174
 131 383 272
 19 233 364
 398 204 374
 77 239 283
 368 283 239
 328 300 249
 368 78 283
 360 239 163
 344 367 197
 360 197 367
 303 399 388
 301 323 350
 287 150 123
 242 391 390
 400 377 299
 393 246 396
 125 99 220
 115 371 50
 51 50 371
 193 399 61
 303 61 399
 119 49 118
 325 263 231
 145 182 258
 223 258 182
 85 152 286
 17 388 198
 74 226 337
 7 309 401
 79 401 309
 2 47 46
 34 229 341
 141 176 30
 177 162 165
 48 323 212
 369 371 376
 134 294 133
 291 133 294
 11 8 292
 360 162 197
 146 136 147
 248 181 402
 221 402 181
 172 111 352
 59 375 190
 90 214 219
 125 220 250
 218 250 220
 398 395 204
 153 39 154
 100 220 99
 103 299 377
 225 156 158
 354 65 64
 18 15 135
 159 271 335
 273 298 169
 224 21 23
 221 181 390
 242 390 181
 202 201 343
 301 212 323
 205 403 374
 66 280 277
 66 277 306
 266 388 399
 357 387 286
 344 346 367
 368 367 346
 106 136 386
 398 232 263
 248 293 181
 200 207 35
 142 35 207
 357 286 152
 318 404 319
 361 298 362
 329 396 247
 12 381 13
 171 83 297
 357 372 373
 146 264 392
 365 392 264
 318 110 404
 241 350 323
 151 265 260
 134 65 294
 354 294 65
 115 376 371
 398 405 395
 406 363 362
 171 226 83
 97 407 380
 102 391 75
 339 374 403
 336 363 408
 361 334 292
 269 292 334
 117 183 376
 369 376 183
 97 104 407
 318 68 347
 184 244 311
 287 285 101
 318 347 290
 66 308 64
 262 135 380
 100 219 220
 252 213 215
 406 408 363
 324 375 409
 324 409 326
 149 359 326
 327 201 397
 76 75 391
 400 299 105
 287 286 285
 97 380 135
 12 272 383
 142 176 36
 125 104 99
 87 358 152
 234 170 251
 112 404 110
 31 33 322
 338 201 206
 365 264 258
 145 258 264
 230 341 229
 3 394 169
 291 290 347
 113 307 306
 406 385 410
 379 410 385
 361 8 298
 102 21 222
 336 334 363
 95 296 297
 70 168 296
 406 362 385
 121 306 277
 94 96 180
 266 411 267
 329 267 411
 24 26 182
 223 182 26
 255 392 245
 365 245 392
 361 292 8
 329 411 330
 159 191 271
 227 271 191
 74 83 226
 412 343 308
 210 312 254
 398 374 232
 339 232 374
 97 99 104
 224 222 21
 200 35 413
 235 413 35
 216 333 189
 303 388 195
 7 401 6
 3 0 394
 262 394 0
 42 204 395
 379 385 275
 34 341 126
 412 308 307
 178 82 389
 332 333 203
 205 203 333
 41 366 203
 179 295 414
 28 261 114
 412 114 261
 200 413 206
 188 206 413
 328 128 199
 113 114 307
 412 307 114
 353 409 375
 55 54 63
 141 63 54
 329 236 396
 398 263 405
 325 405 263
 252 215 137
 103 378 407
 313 407 378
 353 405 409
 44 160 33
 131 251 383
 216 196 340
 235 340 196
 344 197 276
 88 276 197
 235 126 340
 325 326 409
 248 402 317
 27 317 402
 242 180 96
 328 309 300
 234 347 68
 313 380 407
 325 409 405
 351 147 136
 324 326 359
 289 173 352
 103 407 104
 90 137 215
 208 414 295
 76 391 96
 266 399 411
 106 386 288
 393 396 236
 205 333 403
 210 342 312
 177 36 176
 324 190 375
 351 415 370
 382 370 415
 384 259 320
 193 305 330
 81 330 305
 193 411 399
 327 397 355
 209 355 397
 332 203 366
 262 274 394
 179 414 180
 27 130 317
 316 317 130
 316 130 270
 25 270 130
 216 340 403
 202 343 261
 412 261 343
 79 166 401
 328 199 309
 7 300 309
 286 387 285
 351 108 415
 339 403 340
 353 395 405
 161 331 228
 102 222 390
 17 195 388
 127 228 331
 216 403 333
 379 275 378
 313 378 275
 146 392 386
 289 356 173
 209 173 356
 94 180 414
 223 26 268
 155 321 337
 122 320 259
 12 383 381
 221 268 402
 27 402 268
 242 96 391
 53 345 276
 221 390 222
 193 330 411
 354 355 356
 338 397 201
 172 352 173
 209 356 355
 73 285 387
 74 337 321
 188 413 196
 235 196 413
 344 276 345
 94 414 302
 208 302 414
 27 268 26
 16
 139 315 67 281 384 69 14 278 86 282 349 314 319 381 13 320
 0
 0
 0
 23
 112 51 332 382 172 187 107 58 138 49 43 371 404 111 238 253 174 366 319 415 108 189 118
 0
 20
 406 159 336 379 400 284 58 157 377 335 105 408 322 160 57 250 410 342 217 312
 27
 301 153 53 60 304 368 62 185 192 109 348 78 186 350 256 373 310 372 6 349 311 346 401 166 358 345 389
 0
 0
 0
 0
 0
 0
 0
 0
 0
 0
 0
