401 729
8.098322 8.315125 1
8.191681 8.238590 1
8.229992 8.408799 1
8.284565 8.284565 1
8.872752 8.273797 1
8.712487 8.220457 1
8.827452 8.119555 1
8.801050 9.198662 1
8.869520 9.071326 1
8.952404 9.183449 1
7.580945 7.964810 3
7.718913 8.041488 2
7.572391 8.086435 2
8.660706 9.433530 1
8.734312 9.573100 1
8.588496 9.554889 1
9.209220 8.478637 1
9.133777 8.313864 1
9.279152 8.331158 1
8.383783 8.474099 1
8.366885 8.338261 1
8.328498 8.202458 1
8.532495 9.432484 1
8.080065 8.729655 1
8.244508 8.745080 1
8.128414 8.872846 1
8.260413 8.917900 1
8.472222 10.000000 0
8.333333 10.000000 0
8.410002 9.835957 1
10.000000 8.333333 0
10.000000 8.472222 0
9.833633 8.423933 1
8.964221 8.030745 1
9.014147 8.175214 1
8.417400 9.362967 1
8.413969 9.205578 1
8.555108 9.297521 1
8.544679 9.132903 1
8.299604 8.578965 1
8.150883 8.586969 1
8.194445 10.000000 0
8.096696 9.865049 1
8.265920 9.873768 1
10.000000 8.194445 0
9.872749 8.260237 1
9.866494 8.090914 1
8.781828 8.801836 1
8.649385 8.738236 1
8.818125 8.659156 1
9.130144 7.937394 1
9.225966 7.866392 1
9.220140 8.040486 1
9.688526 9.331212 1
9.532619 9.391139 1
9.557771 9.270160 1
8.049421 8.457720 1
9.319926 7.938755 1
10.000000 8.611111 0
9.850028 8.713051 1
9.900642 8.541667 1
8.611111 10.000000 0
8.541667 9.900642 1
8.713051 9.850028 1
8.381642 9.668290 1
8.440768 9.513515 1
8.504643 9.684635 1
8.030688 8.980727 1
7.947371 9.103440 1
7.889166 8.981995 1
9.660365 8.387761 1
9.581254 8.240078 1
9.731511 8.276791 1
9.166667 10.000000 0
9.060560 9.875159 1
9.228572 9.881005 1
10.000000 9.166667 0
9.881005 9.228572 1
9.878537 9.047251 1
9.099599 8.461967 1
9.624427 9.482075 1
9.420495 8.666971 1
9.306875 8.757733 1
9.300120 8.605878 1
8.795718 8.419788 1
8.723754 8.332795 1
8.395918 8.841307 1
9.789640 8.569086 1
9.690856 8.508653 1
8.204013 8.135688 1
9.730481 9.446910 1
9.731496 9.595981 1
9.083322 8.761953 1
9.034164 8.900838 1
8.968506 8.822564 1
9.609865 8.588952 1
9.558648 8.718589 1
9.508277 8.578885 1
9.355014 8.099744 1
8.916683 8.432035 1
9.808538 9.510171 1
8.654994 9.188523 1
9.659810 9.172133 1
9.140837 8.902877 1
8.456162 8.111847 1
8.573744 8.175099 1
8.469419 8.267972 1
9.440724 8.011049 1
9.590465 9.587537 1
10.000000 8.750000 0
8.750000 10.000000 0
7.669065 8.139335 1
7.499422 8.836214 1
7.567285 8.700944 1
7.614100 8.825500 1
9.857409 9.655199 1
9.706584 9.735977 1
9.492661 8.865435 1
9.436858 9.008142 1
9.380994 8.853726 1
9.803100 9.803100 1
8.568278 9.788975 1
8.580176 8.027264 1
9.036724 9.089385 1
10.000000 7.638889 0
10.000000 7.777778 0
9.844862 7.724136 2
9.505859 9.805383 1
9.573610 9.708761 1
9.645881 9.861273 1
8.943639 9.813982 1
9.063405 9.701385 1
8.789272 9.702189 1
8.879976 9.577625 1
8.928077 9.695581 1
9.348514 8.469637 1
9.001785 8.516606 1
8.965353 8.661506 1
8.903607 8.562360 1
9.085503 8.581209 1
9.039663 7.817400 2
9.031474 7.947983 1
8.387732 8.693430 1
9.294868 8.933568 1
9.322405 9.700066 1
9.356080 9.550115 1
9.444659 9.701771 1
9.480726 9.589083 1
8.688490 8.584172 1
9.412123 8.248993 1
9.472584 8.137895 1
8.678230 9.297966 1
9.675336 8.168266 1
8.677230 8.118213 1
9.270805 8.205359 1
9.199769 8.809722 1
9.189078 8.646520 1
9.148010 7.811317 2
8.980009 8.994673 1
8.061770 9.128206 1
7.591715 9.599132 1
7.521936 9.691813 2
7.468836 9.518209 2
8.880564 9.289346 1
9.650190 9.662862 1
8.197098 9.755339 1
9.773701 8.182172 1
8.715010 9.002016 1
8.869476 8.919353 1
7.829123 9.124092 1
9.131266 9.788682 1
9.786017 9.135469 1
7.452580 8.715000 1
8.363414 8.990734 1
8.267426 9.061483 1
9.444445 10.000000 0
9.305555 10.000000 0
9.375769 9.846493 1
10.000000 9.305555 0
10.000000 9.444445 0
9.847774 9.376101 1
9.579082 8.071854 1
7.923119 8.516538 1
7.902009 8.402747 1
8.289546 9.451973 1
9.150931 8.167719 1
9.419034 8.375373 1
7.995249 8.344823 1
9.189544 9.629596 1
9.243043 9.770309 1
8.505263 8.750494 1
8.535817 8.623773 1
8.153561 9.019844 1
7.678721 8.743058 1
8.168123 9.386144 1
8.029886 9.428067 1
8.076845 9.273692 1
7.941777 9.321276 1
8.997957 8.295401 1
8.419946 8.576487 1
8.271926 9.284926 1
9.404091 8.558254 1
8.654115 8.866799 1
9.431934 8.772491 1
8.354466 9.100688 1
8.455243 9.059108 1
8.492793 8.512167 1
9.121969 9.285225 1
9.221124 9.180266 1
9.282174 9.297025 1
8.308353 9.756657 1
9.527425 8.347806 1
9.512856 9.909224 1
9.913005 9.513889 1
8.717513 8.021095 1
8.315578 8.057897 2
8.654727 9.690136 1
7.460124 9.079474 2
7.559837 9.099396 1
7.479390 9.224616 2
9.369934 9.169523 1
9.507711 9.150927 1
9.407161 9.290156 1
9.213453 9.470921 1
8.181029 9.167747 1
8.755107 8.897501 1
9.722222 10.000000 0
9.583333 10.000000 0
10.000000 9.583333 0
10.000000 9.722222 0
7.584832 9.331422 1
7.660341 9.421269 1
7.579844 9.484646 1
8.327882 9.567870 1
7.493327 9.372643 2
8.884953 8.758950 1
7.666224 8.507869 1
7.710230 8.424544 1
7.797597 8.493773 1
7.781382 9.697988 1
7.724136 9.844862 2
7.656583 9.697560 2
9.697988 7.781382 1
9.697448 7.657166 2
8.844609 9.791304 1
8.541244 8.860346 1
7.764816 9.034150 1
8.055555 10.000000 0
10.000000 8.055555 0
7.705776 8.620243 1
7.778578 9.234900 1
7.881345 9.226439 1
7.806282 9.365907 1
8.004167 8.605570 1
7.719052 9.561968 1
9.884976 7.874085 1
7.777778 10.000000 0
7.874085 9.884976 1
9.089998 9.179560 1
7.384907 8.518030 1
7.329925 8.650030 2
7.266487 8.507080 2
9.027778 10.000000 0
10.000000 9.027778 0
8.781221 9.350517 1
9.001717 9.294336 1
8.901231 9.415819 1
8.789835 9.467961 1
7.341808 8.373205 2
7.482370 8.449934 1
8.846429 7.983572 1
7.987757 8.241926 1
8.092755 8.164125 1
7.862401 8.622876 1
7.795235 8.738968 1
8.585171 8.996217 1
8.545636 7.859164 2
8.439276 7.975345 2
9.719251 9.037647 1
9.592237 9.045720 1
9.200950 8.995839 1
7.981822 9.210610 1
7.973966 9.793027 1
7.926123 9.647036 1
8.071431 9.707599 1
8.057083 9.574646 1
9.793027 7.973966 1
9.711129 8.070436 1
9.649418 7.925094 1
7.563559 8.551735 1
7.515350 8.324350 1
7.409687 8.238256 2
7.575780 8.206882 1
7.473275 8.137273 2
7.855938 9.773578 1
9.774055 7.855732 1
9.067988 9.416265 1
9.045720 9.592237 1
9.700743 8.660844 1
9.695756 8.787876 1
9.195999 9.364137 1
9.815688 8.941504 1
9.288770 9.063309 1
9.562283 8.942449 1
7.683282 9.289816 1
9.411857 9.411857 1
9.486769 9.490499 1
7.389845 8.909194 1
7.252378 8.899221 3
7.382853 8.800762 1
7.606037 8.950572 1
7.479389 8.979532 1
7.277528 8.773541 1
7.460085 8.602646 1
8.587319 8.288657 1
8.969739 9.506767 1
9.032669 8.395570 1
9.360974 7.795764 2
9.230308 7.740407 2
8.505053 8.391668 1
8.798096 8.528203 1
8.157418 8.042859 2
10.000000 7.916667 0
7.916667 10.000000 0
8.938119 7.904119 2
10.000000 10.000000 0
9.861111 10.000000 0
9.892176 9.892176 1
10.000000 9.861111 0
9.113083 9.518191 1
8.702957 8.452410 1
7.858946 8.846169 1
7.725531 8.872280 1
7.346021 9.026924 2
9.895024 8.848654 1
8.849010 9.894740 1
7.989208 8.853703 1
7.761899 9.464337 1
8.291677 9.171988 1
9.305600 9.407574 1
8.146068 9.499043 1
8.165795 9.623449 1
9.772626 9.248697 1
7.657934 9.067125 1
8.603163 8.493831 1
7.935765 8.731040 1
9.085225 8.050256 1
7.612805 9.195540 1
7.660402 8.315230 1
7.803555 8.367072 1
7.778971 8.259164 1
9.786070 8.846450 1
9.784898 9.911309 1
9.908722 9.780123 1
9.170499 9.091424 1
8.621593 8.387638 1
7.861919 9.508206 1
7.967513 9.517891 1
8.240347 9.555644 1
9.680498 8.920775 1
10.000000 8.888889 0
8.888889 10.000000 0
8.731964 9.111744 1
7.598155 8.429619 1
8.660126 7.930956 1
8.467096 8.941441 1
9.560072 7.710315 2
7.830669 9.606924 1
8.051931 8.055278 2
8.280940 9.651610 1
8.830438 7.855295 2
8.757175 7.928904 1
8.696080 7.813788 2
9.473185 8.467130 1
9.534204 7.948786 1
7.712763 9.154874 1
9.605901 7.830323 1
9.598125 8.847374 1
9.583376 8.473415 1
8.174481 9.278128 1
9.503384 7.849445 2
9.414783 7.904535 1
7.919417 9.419112 1
7.968060 8.127023 1
7.804010 8.931683 1
7.705962 8.971114 1
8.642211 9.086759 1
7.763533 8.158393 1
7.846719 8.090850 1
9.907170 7.983811 1
7.983394 9.908610 1
7.200417 8.693474 2
7.688800 8.220469 1
7.830132 7.981082 2
7.945772 8.015533 2
8.953975 9.916777 1
9.918360 8.952032 1
7.178983 8.806170 2
9.095088 8.995237 1
7.889706 8.301809 1
7.870694 8.195121 1
 0 1 2
 1 3 2
 4 5 6
 7 8 9
 10 11 12
 13 14 15
 16 17 18
 19 2 20
 21 3 1
 20 2 3
 13 15 22
 23 24 25
 26 25 24
 27 28 29
 30 31 32
 33 34 6
 4 6 34
 35 36 37
 38 37 36
 39 40 2
 41 42 43
 44 45 46
 47 48 49
 50 51 52
 53 54 55
 56 2 40
 51 57 52
 39 24 40
 23 40 24
 58 59 60
 61 62 63
 64 65 66
 15 66 65
 67 68 69
 70 71 72
 73 74 75
 76 77 78
 16 79 17
 53 80 54
 81 82 83
 4 84 85
 4 85 5
 26 24 86
 87 88 32
 89 21 1
 80 90 91
 92 93 94
 70 32 88
 95 96 97
 97 96 81
 57 98 52
 4 99 84
 35 37 22
 100 91 90
 38 101 37
 53 55 102
 92 103 93
 104 105 106
 57 107 98
 80 91 108
 58 109 59
 110 61 63
 111 12 11
 39 2 19
 112 113 114
 115 116 91
 56 0 2
 117 118 119
 120 116 115
 121 29 66
 104 122 105
 9 8 123
 64 66 29
 124 125 126
 127 128 129
 129 128 116
 130 131 74
 132 133 134
 16 135 83
 136 137 138
 139 137 136
 140 50 141
 39 142 24
 143 119 118
 144 145 146
 147 146 145
 53 90 80
 148 49 48
 149 98 150
 151 13 37
 71 152 72
 122 153 105
 37 13 22
 149 154 98
 82 155 156
 140 157 50
 158 123 8
 104 106 21
 67 159 68
 92 156 155
 160 161 162
 7 9 163
 164 108 91
 165 43 42
 166 46 45
 167 168 8
 92 94 137
 68 169 69
 87 60 59
 121 63 62
 15 65 22
 170 75 74
 171 78 77
 172 113 112
 87 32 60
 121 62 29
 143 155 82
 26 173 174
 175 176 177
 178 179 180
 181 71 150
 149 150 71
 182 183 56
 27 29 62
 31 60 32
 28 43 29
 30 32 45
 35 65 184
 170 74 131
 185 17 34
 5 153 6
 149 186 18
 183 187 56
 170 188 189
 190 142 191
 170 131 188
 26 174 192
 193 114 113
 143 82 119
 194 195 196
 197 196 195
 4 198 99
 154 17 185
 18 17 154
 24 142 86
 142 199 191
 35 200 36
 83 135 201
 127 177 146
 144 146 177
 47 202 48
 81 203 82
 204 205 36
 38 36 205
 39 19 199
 206 199 19
 207 208 209
 64 29 210
 70 72 32
 70 211 71
 175 177 212
 179 213 180
 214 6 153
 89 215 21
 132 14 133
 121 216 63
 132 63 216
 217 218 219
 67 25 192
 220 221 222
 55 222 221
 223 145 188
 144 188 145
 224 196 159
 167 225 168
 149 71 211
 226 227 129
 228 229 115
 230 231 232
 26 192 25
 65 233 184
 234 230 232
 18 186 135
 47 235 168
 94 168 235
 92 137 139
 236 237 238
 82 156 83
 143 103 155
 138 137 49
 181 152 71
 239 240 241
 242 243 126
 132 134 244
 202 245 48
 245 190 48
 246 69 169
 41 247 42
 248 44 46
 249 236 238
 250 251 252
 23 253 40
 56 40 253
 231 254 232
 34 17 198
 16 156 139
 125 255 126
 256 240 257
 16 18 135
 207 258 208
 259 260 261
 15 14 216
 73 262 74
 263 76 78
 149 18 154
 7 264 151
 185 52 154
 98 154 52
 35 22 65
 7 151 101
 207 265 258
 9 258 265
 266 133 267
 127 212 177
 100 180 213
 197 252 251
 259 268 269
 259 261 268
 214 270 6
 214 153 122
 271 272 0
 273 274 249
 193 249 274
 167 275 202
 92 155 103
 276 122 277
 171 102 278
 279 278 102
 143 280 103
 196 281 159
 282 283 284
 285 284 283
 286 287 288
 181 288 287
 289 249 113
 193 113 249
 56 187 0
 160 232 254
 16 83 156
 290 291 292
 293 292 291
 239 294 240
 242 126 295
 207 296 265
 266 265 296
 297 134 133
 87 59 298
 299 298 59
 223 296 300
 301 78 278
 286 46 287
 166 287 46
 282 284 42
 165 42 284
 95 298 96
 290 268 291
 158 8 168
 220 302 118
 143 118 302
 117 303 118
 207 300 296
 250 252 304
 220 118 221
 279 221 118
 305 306 145
 166 72 152
 271 0 187
 307 308 309
 273 249 238
 310 218 311
 305 222 54
 55 54 222
 207 209 300
 158 168 93
 312 309 308
 176 75 177
 178 180 77
 220 209 208
 259 269 313
 130 134 131
 5 85 314
 228 115 213
 227 212 129
 297 133 315
 316 99 198
 290 269 268
 57 51 317
 318 317 51
 266 315 133
 206 19 319
 94 93 168
 138 320 99
 171 278 78
 220 222 209
 100 213 115
 127 129 212
 194 200 184
 35 184 200
 49 137 235
 89 321 215
 84 99 320
 125 322 255
 323 256 257
 140 141 324
 325 326 327
 325 327 328
 100 90 180
 53 180 90
 190 86 142
 223 329 296
 144 189 188
 148 330 320
 331 332 274
 193 274 332
 307 333 308
 224 159 192
 67 192 159
 109 334 59
 110 63 335
 181 150 107
 98 107 150
 331 336 69
 67 69 336
 67 336 25
 16 139 79
 231 337 254
 297 188 131
 36 200 338
 55 221 102
 279 102 221
 147 145 306
 299 96 298
 23 25 336
 279 118 303
 305 145 339
 33 6 270
 92 139 156
 104 215 277
 285 340 341
 144 177 189
 53 342 180
 289 313 269
 316 17 79
 28 41 43
 44 30 45
 240 294 257
 126 255 295
 310 343 218
 148 191 344
 133 14 267
 231 304 252
 331 274 345
 273 345 274
 9 265 163
 204 174 173
 185 34 346
 347 219 218
 266 296 315
 239 241 254
 160 254 241
 237 348 349
 350 349 348
 23 345 253
 273 253 345
 132 244 63
 299 59 351
 47 225 202
 167 202 225
 226 129 352
 120 352 129
 120 115 353
 229 353 115
 354 208 258
 176 73 75
 76 178 77
 5 314 105
 355 314 85
 148 344 330
 305 339 222
 209 222 339
 164 91 116
 33 346 34
 190 245 86
 132 216 14
 206 344 191
 204 36 338
 356 357 283
 358 341 340
 273 182 253
 301 278 359
 109 360 334
 361 110 335
 223 339 145
 120 129 116
 100 115 91
 164 116 128
 121 66 216
 15 216 66
 50 52 346
 167 8 362
 7 362 8
 87 298 88
 95 88 298
 290 348 363
 234 232 162
 81 83 201
 206 191 199
 285 283 357
 276 364 122
 202 275 245
 365 173 86
 13 151 264
 285 195 340
 194 340 195
 242 366 243
 26 86 173
 106 319 20
 53 102 342
 365 86 245
 356 283 367
 171 342 102
 368 321 272
 89 272 321
 165 369 210
 33 270 324
 370 324 270
 297 329 188
 223 188 329
 194 184 340
 358 340 184
 165 341 369
 104 277 122
 370 371 372
 282 294 283
 239 283 294
 286 288 295
 242 295 288
 106 314 319
 289 236 249
 217 333 311
 307 311 333
 4 34 198
 290 292 348
 276 372 364
 185 346 52
 290 363 269
 224 192 174
 214 371 270
 373 201 135
 64 233 65
 214 122 364
 138 49 320
 181 374 288
 266 267 264
 13 264 267
 279 359 278
 19 20 319
 177 75 189
 180 342 77
 246 375 343
 299 351 359
 301 359 351
 68 159 281
 206 319 344
 355 344 319
 104 21 215
 239 367 283
 13 267 14
 242 288 376
 29 43 210
 165 210 43
 166 45 72
 32 72 45
 80 108 306
 266 264 163
 312 260 309
 172 309 260
 56 253 182
 148 320 49
 273 238 182
 299 359 377
 299 377 96
 82 203 119
 148 48 191
 246 169 375
 23 336 345
 331 345 336
 285 341 284
 70 378 211
 194 196 379
 130 244 134
 289 269 363
 38 205 275
 365 275 205
 380 381 317
 117 203 96
 81 96 203
 59 334 351
 63 244 335
 355 319 314
 217 311 218
 237 363 348
 224 379 196
 7 163 264
 356 252 382
 197 382 252
 297 315 329
 296 329 315
 197 281 196
 372 371 364
 285 357 195
 197 195 382
 310 114 332
 193 332 114
 181 287 152
 50 346 141
 250 304 375
 347 375 304
 271 383 272
 368 272 383
 50 157 51
 220 208 302
 39 199 142
 31 58 60
 61 27 62
 331 384 332
 310 332 385
 57 317 381
 373 211 378
 365 245 275
 279 303 359
 47 49 235
 7 101 362
 181 107 374
 356 337 252
 117 96 377
 37 101 151
 224 200 379
 190 191 48
 237 349 238
 183 238 349
 224 338 200
 160 241 161
 5 105 153
 358 184 233
 106 105 314
 266 163 265
 160 162 232
 57 381 107
 194 379 200
 310 311 112
 307 112 311
 354 302 208
 231 252 337
 38 386 101
 288 374 376
 47 168 225
 111 11 387
 388 387 11
 286 255 389
 322 389 255
 282 390 257
 323 257 390
 316 198 17
 80 306 54
 356 254 337
 94 235 137
 247 323 390
 322 248 389
 326 226 352
 229 328 353
 247 390 42
 248 46 389
 380 376 374
 312 391 260
 356 367 254
 239 254 367
 286 389 46
 282 42 390
 84 320 330
 227 175 212
 179 228 213
 0 272 1
 231 230 304
 172 112 309
 307 309 112
 147 128 146
 350 348 392
 33 141 346
 147 108 128
 388 393 394
 259 313 260
 172 260 313
 147 306 108
 165 284 341
 262 361 395
 360 263 396
 347 304 230
 380 366 376
 242 376 366
 106 20 21
 3 21 20
 282 257 294
 286 295 255
 388 394 383
 171 77 342
 170 189 75
 312 308 397
 347 230 219
 373 135 186
 354 280 302
 143 302 280
 354 258 123
 167 386 275
 354 123 398
 297 131 134
 172 313 113
 289 113 313
 89 1 272
 310 385 343
 348 292 392
 301 334 396
 360 396 334
 361 335 395
 130 395 335
 310 112 114
 183 399 187
 271 187 399
 347 343 375
 246 343 385
 347 218 343
 33 324 141
 289 363 236
 183 182 238
 380 374 381
 107 381 374
 331 69 384
 111 292 12
 293 12 292
 373 186 211
 149 211 186
 326 352 327
 328 327 353
 166 152 287
 214 364 371
 38 275 386
 370 270 371
 138 99 136
 316 136 99
 250 375 169
 95 378 88
 158 93 398
 103 398 93
 127 146 128
 164 128 108
 262 395 74
 263 78 396
 111 392 292
 246 384 69
 64 210 369
 95 97 378
 388 383 400
 271 400 383
 70 88 378
 81 201 97
 130 335 244
 301 351 334
 167 362 386
 388 11 393
 318 51 157
 223 300 339
 209 339 300
 358 369 341
 234 219 230
 305 54 306
 301 396 78
 130 74 395
 120 353 327
 120 327 352
 373 378 97
 312 397 391
 237 236 363
 117 119 203
 68 251 169
 103 280 398
 355 330 344
 368 383 394
 365 205 173
 139 136 79
 84 330 85
 355 85 330
 204 173 205
 388 400 387
 350 387 400
 250 169 251
 356 382 357
 195 357 382
 359 303 377
 101 386 362
 354 398 280
 9 123 258
 373 97 201
 350 399 349
 183 349 399
 64 369 233
 117 377 303
 350 400 399
 158 398 123
 271 399 400
 358 233 369
 224 174 338
 350 392 387
 246 385 384
 332 384 385
 68 281 251
 316 79 136
 204 338 174
 111 387 392
 197 251 281
 0
 0
 0
 0
 10
 293 10 268 308 291 260 397 391 261 12
 9
 217 234 240 162 308 333 219 241 161
 0
 0
 20
 140 276 370 318 380 368 10 126 317 372 366 324 215 277 11 243 157 394 321 393
 0
 0
 0
 0
 0
 0
 0
 0
 0
 0
