398 715
5.257092 4.951127 1
5.213462 4.793371 1
5.330429 4.858052 1
5.151765 4.907310 1
4.623034 6.302894 1
4.483908 6.449684 1
4.452465 6.301439 1
3.757726 4.591319 1
3.841367 4.732700 1
3.696275 4.709718 1
4.723909 5.068506 1
4.847394 4.979242 1
4.890870 5.132880 1
5.017903 4.996035 1
4.410115 6.599568 1
4.332772 6.515707 1
4.330570 6.401648 1
4.970822 4.493345 1
5.151458 4.531467 1
5.054547 4.627533 1
3.940711 5.922763 2
3.775733 5.907977 2
3.906242 5.805687 1
4.596781 5.505511 1
4.767055 5.487215 1
4.696230 5.614021 1
4.550435 6.184982 1
5.056756 4.851300 1
5.088861 4.732314 1
5.222429 5.423650 1
5.284202 5.287165 2
5.358247 5.399813 2
4.243496 4.933706 1
4.234445 4.810615 1
4.356071 4.907642 1
4.682370 6.145089 1
4.738197 6.044947 1
4.770121 6.206210 1
3.989424 5.286408 1
4.150170 5.339636 1
4.049580 5.430021 1
4.102524 5.218718 1
4.390341 4.809024 1
4.844717 6.127686 1
3.894337 4.620393 1
5.103247 4.421588 1
5.087639 5.919766 1
5.172787 6.042550 1
5.027209 6.035408 1
5.219138 6.610251 2
5.205322 6.783471 2
5.094726 6.711517 1
4.741090 4.800401 1
4.777213 4.665328 1
4.865252 4.762175 1
4.639359 4.733263 1
3.406950 5.209372 2
3.306184 5.104462 2
3.421729 5.051481 1
4.634031 5.393753 1
5.146527 5.660914 1
5.281844 5.563485 1
5.260324 5.714407 1
3.965637 4.859202 1
4.098414 4.774844 1
4.116724 4.919291 1
5.003970 3.950645 1
5.087319 4.059354 2
4.940084 4.025068 1
4.666161 4.606328 1
3.629506 5.674319 2
3.675593 5.526574 1
3.741936 5.683527 1
3.789196 5.580353 1
5.128078 5.529068 1
3.945071 5.537083 1
3.889776 5.689489 1
4.979978 4.129759 1
4.403582 5.393932 1
4.367148 5.274304 1
4.506149 5.309174 1
4.519849 5.664965 1
4.478020 5.792209 1
4.405655 5.647001 1
4.358768 5.740221 1
3.285072 4.974949 1
4.725826 4.925068 1
4.566793 6.573065 1
4.694458 3.842130 1
4.748693 3.756030 1
4.857194 3.886184 1
4.854363 3.730528 1
4.059628 6.004992 1
3.938392 6.086611 2
5.057843 6.603064 1
3.420814 4.912316 1
3.522639 5.143044 1
5.155808 4.309731 1
5.021509 4.346021 1
5.072066 4.195681 1
3.803937 5.090874 1
3.644509 5.074558 1
3.738236 4.948034 1
5.054564 6.800837 1
5.076235 6.911542 3
5.452739 5.522282 2
3.754881 5.387010 1
3.830001 5.262227 1
3.897923 5.397285 1
4.633508 5.739126 1
4.783075 5.736701 1
3.989231 4.708849 1
4.011201 4.580757 1
3.189224 4.781227 1
3.283570 4.849749 1
3.133970 4.921449 2
5.307677 5.989727 1
5.244080 6.136095 1
4.800302 5.598439 1
5.014447 3.851910 1
3.818583 5.480961 1
4.097756 4.656532 1
4.974689 6.722596 1
4.848577 6.738701 1
4.914988 6.591507 1
4.793907 6.642322 1
4.559124 5.076210 1
4.616161 4.974397 1
4.886099 5.298410 1
4.771914 5.224289 1
4.928779 4.868985 1
4.980274 3.545190 1
4.992145 3.435794 1
5.118882 3.475273 2
3.519192 5.612889 2
3.519774 5.432137 2
5.076163 3.588451 1
4.384297 4.111179 1
4.321894 4.212945 1
4.274329 4.054249 2
4.613519 6.446199 1
4.440813 5.201459 1
3.306064 4.596165 1
3.447032 4.666956 1
3.290806 4.717952 1
3.381533 4.790601 1
4.168963 6.230496 1
4.053305 6.149411 2
4.156271 6.085233 1
4.882155 5.653976 1
5.004355 5.621849 1
4.936058 5.781611 1
5.055205 5.730065 1
4.208792 4.172944 2
4.261810 6.154975 1
3.482398 4.827260 1
4.050350 6.303873 2
5.162831 5.003466 1
4.650256 5.168060 1
5.338184 6.231318 1
5.399867 6.102345 1
5.459824 6.216411 2
5.223313 4.165204 2
3.565191 4.752255 1
5.135509 6.219526 1
5.055723 6.299394 1
4.986338 6.169107 1
4.955557 6.285827 1
5.396432 5.675292 1
5.253133 3.592055 2
5.149763 3.675928 1
5.523358 5.669412 2
4.774349 6.316844 1
4.771996 6.822196 1
4.921848 6.875056 2
4.776976 6.939325 2
5.106018 6.117599 1
5.280290 6.342507 1
5.411267 6.342228 2
5.295508 6.477823 2
5.156132 5.318573 1
4.417337 6.191537 1
4.946111 4.241687 1
4.965833 5.912179 1
4.420889 5.943147 1
4.356926 6.065837 1
4.294610 5.933435 1
4.228453 5.249140 1
4.223283 5.113678 1
4.090350 5.075854 1
4.772575 5.352796 1
4.897430 5.420352 1
4.607901 5.981206 1
4.605456 6.088699 1
4.531424 4.616923 1
4.485788 4.489397 1
4.613379 4.491912 1
3.613718 4.608540 1
3.522887 4.489528 2
4.293717 4.469721 1
4.224833 4.577634 1
4.176639 4.432660 1
4.009738 4.968693 1
4.932013 4.647442 1
4.759320 3.939040 1
3.616906 5.228161 1
3.632662 5.360464 1
3.724198 5.187801 1
4.892799 3.621217 1
4.877970 3.460608 1
4.805853 3.550478 1
5.004020 5.485520 1
5.105770 5.420438 1
4.113810 4.543948 1
3.798507 5.780425 1
5.020781 5.135246 1
4.979389 5.225710 1
3.749798 4.799947 1
4.314122 4.746890 1
3.652773 5.830866 2
4.303561 6.275100 1
4.349597 5.130523 1
4.835374 3.996528 1
5.149235 6.503205 1
4.385042 4.553868 1
3.672231 4.470662 2
5.000618 3.700143 1
5.123907 3.795362 2
4.514215 4.754536 1
4.836123 5.901148 1
4.931655 3.792191 1
3.554677 4.894423 1
3.533933 5.005734 1
5.126162 5.097726 1
4.504116 4.885536 1
5.353764 4.366374 1
5.331782 4.453492 1
5.237947 4.414595 1
5.065293 3.368719 2
4.186042 5.012258 1
5.229077 3.752170 2
4.701678 5.877624 1
4.187191 6.370886 2
5.292158 4.288077 1
5.233618 6.250854 1
4.888825 6.027974 1
4.593714 5.602470 1
4.246490 6.045128 1
3.947360 5.059838 1
3.918432 5.171042 1
5.479351 5.804839 2
5.482297 5.971089 2
5.375283 5.875870 1
5.038819 5.830047 1
4.982566 4.748600 1
4.449084 4.999966 1
4.910671 4.378747 1
4.651010 6.849020 2
4.518124 4.381610 1
4.498084 6.058089 1
4.380692 6.783002 2
4.327588 6.682076 1
4.485376 6.682701 1
4.210244 6.520789 2
4.426431 4.309072 1
4.467340 4.192899 1
5.267864 5.847190 1
5.149359 5.806612 1
4.701714 6.395284 1
4.328856 4.652014 1
4.216404 4.703088 1
3.398920 4.532316 1
3.077367 4.789127 2
4.935095 3.324694 3
4.769167 3.354741 2
5.351101 5.778658 1
5.193571 5.926731 1
3.649375 4.834450 1
4.421032 4.682944 1
3.166606 4.677914 2
4.836103 4.272596 1
4.350440 5.843766 1
3.173604 4.555604 2
4.209164 6.676344 2
4.291726 6.598414 1
4.522327 3.976162 1
4.433736 3.897782 1
4.591756 3.867225 1
4.274296 5.361598 1
4.867213 4.558381 1
4.689008 6.623161 1
4.802021 6.536401 1
3.808077 4.401528 2
3.818960 4.513000 1
3.875270 4.965647 1
4.314944 5.007007 1
4.692145 6.510069 1
4.818504 4.870011 1
4.203794 5.453638 1
4.104136 5.545857 1
3.296501 4.470175 2
4.620383 4.846562 1
4.650166 5.279795 1
4.633486 4.354214 1
4.212558 5.854231 1
4.248597 5.748077 1
4.038553 5.658641 1
4.464545 5.116072 1
3.624146 4.951439 1
4.042265 4.458383 1
3.921630 4.489553 1
3.952791 4.375410 2
4.491944 4.086090 1
4.394097 4.005012 1
5.089581 5.223879 1
5.208089 5.193843 1
4.517680 5.427602 1
4.508618 3.793003 1
4.598559 5.847157 1
4.526024 5.917530 1
3.193439 5.063548 3
4.460289 5.534797 1
4.314150 5.465457 1
4.337113 5.571017 1
4.021440 5.155866 1
5.175752 4.646007 1
5.515975 6.101072 2
5.430542 4.274333 2
5.560513 4.315344 3
5.448073 4.418504 2
3.713630 5.288313 1
4.504460 6.802976 2
3.834062 4.861106 1
4.008707 5.781964 1
5.018191 5.345380 1
4.844534 4.120267 1
5.373848 4.542871 2
3.510435 5.292639 2
4.067450 4.328677 2
4.746282 4.023415 1
4.615785 4.052131 1
4.648560 3.952608 1
4.595124 6.705735 1
4.695701 4.120321 1
4.712487 6.733693 1
4.751874 4.209885 1
5.209268 6.416811 1
4.310056 3.929770 2
4.546166 5.191502 1
5.102062 6.414493 1
5.008130 6.495294 1
4.296638 4.351752 1
5.298054 4.647369 1
4.169448 5.653909 1
4.189581 4.291617 2
4.747875 4.543130 1
5.359335 4.752727 2
4.359907 3.812293 2
4.439803 3.695257 2
5.261233 5.065129 2
5.372214 4.965160 2
4.838349 4.462823 1
4.894711 5.543684 1
3.422117 4.438757 2
3.371267 4.340522 3
5.458508 4.842330 2
4.085330 5.881739 1
4.123805 5.761951 1
4.555874 4.268365 1
5.263251 4.540002 1
4.723359 4.428094 1
5.353297 4.189147 2
5.120804 3.930712 2
4.396034 4.419438 1
4.901669 6.452595 1
4.810153 4.375240 1
4.770158 3.460246 2
4.228028 5.563161 1
4.799413 6.423173 1
4.168519 5.965186 1
5.608884 5.769507 3
4.629376 3.767317 1
4.562174 3.680274 2
4.984843 6.382586 1
4.284595 5.652598 1
4.655750 4.229373 1
4.732930 4.312341 1
4.589895 4.154187 1
5.322007 5.177429 2
5.170027 6.324827 1
4.670556 3.665241 1
4.608068 3.572247 2
4.880465 6.349662 1
5.413896 4.651574 2
4.779534 3.649229 1
4.866957 6.236947 1
4.710295 3.562259 2
4.286083 6.765038 2
 0 1 2
 3 1 0
 4 5 6
 7 8 9
 10 11 12
 13 12 11
 14 15 5
 16 5 15
 17 18 19
 20 21 22
 23 24 25
 4 6 26
 1 27 28
 29 30 31
 32 33 34
 35 36 37
 38 39 40
 41 39 38
 34 33 42
 37 36 43
 44 8 7
 17 45 18
 3 27 1
 46 47 48
 49 50 51
 52 53 54
 55 53 52
 56 57 58
 23 59 24
 60 61 62
 63 64 65
 66 67 68
 29 31 61
 55 69 53
 70 71 72
 73 72 71
 74 61 60
 75 76 73
 68 67 77
 78 79 80
 81 82 83
 82 84 83
 85 58 57
 10 86 11
 14 5 87
 88 89 90
 91 90 89
 92 93 20
 49 51 94
 85 95 58
 56 58 96
 97 98 99
 100 101 102
 103 50 104
 105 61 31
 106 107 108
 38 108 107
 109 25 110
 63 111 64
 44 112 111
 113 114 115
 116 117 47
 25 118 110
 119 66 90
 75 73 120
 121 111 112
 122 123 124
 125 124 123
 10 126 127
 109 82 81
 128 129 12
 10 12 129
 13 11 130
 68 90 66
 131 132 133
 70 134 71
 135 71 134
 131 133 136
 137 138 139
 4 140 5
 141 80 79
 142 143 144
 145 144 143
 146 147 148
 85 115 114
 149 150 151
 152 151 150
 138 153 139
 146 148 154
 145 143 155
 16 6 5
 146 156 147
 13 3 157
 10 158 126
 159 160 161
 97 99 162
 143 163 155
 10 127 86
 164 165 166
 167 166 165
 105 168 61
 62 61 168
 133 169 136
 170 136 169
 105 171 168
 122 124 94
 117 160 159
 4 37 172
 4 35 37
 173 174 175
 164 176 117
 177 178 179
 29 180 30
 181 26 6
 182 99 98
 46 48 183
 184 185 186
 187 41 188
 189 188 41
 24 190 191
 192 36 193
 35 193 36
 106 120 71
 194 195 196
 197 143 198
 199 200 201
 13 27 3
 63 65 202
 17 19 203
 88 90 204
 205 96 101
 117 176 47
 106 71 206
 100 207 101
 205 101 207
 116 160 117
 208 209 131
 210 209 208
 211 212 74
 200 213 201
 214 22 21
 73 71 120
 13 215 12
 75 108 40
 38 40 108
 128 12 216
 60 152 150
 217 9 8
 33 218 42
 29 61 74
 70 72 219
 214 219 72
 181 154 185
 181 220 154
 187 188 221
 128 191 190
 187 221 79
 68 222 90
 49 94 223
 211 74 150
 67 162 99
 194 224 195
 197 225 7
 119 226 227
 194 55 228
 135 206 71
 229 151 183
 197 163 143
 74 60 150
 119 90 230
 231 232 95
 173 123 174
 13 157 233
 50 103 51
 234 42 228
 234 34 42
 122 94 51
 189 202 65
 235 236 237
 164 166 176
 92 147 93
 133 132 238
 189 65 239
 170 169 240
 229 241 110
 194 69 55
 4 26 35
 16 242 220
 29 74 212
 214 72 76
 243 235 237
 164 117 244
 33 65 64
 33 32 65
 48 166 245
 109 81 246
 247 186 185
 149 110 118
 100 248 249
 100 249 107
 250 251 252
 116 252 251
 151 253 183
 54 203 254
 229 36 241
 67 99 77
 234 127 255
 126 255 127
 170 227 226
 146 220 242
 73 76 72
 182 98 256
 146 242 156
 173 175 257
 109 110 241
 195 258 196
 184 259 185
 54 254 130
 260 261 262
 16 263 242
 264 138 265
 137 265 138
 192 241 36
 62 266 267
 4 172 268
 269 270 200
 143 271 198
 13 130 27
 113 115 272
 273 209 274
 250 275 168
 199 224 200
 269 200 224
 46 276 47
 217 102 277
 269 218 270
 194 278 224
 142 144 279
 182 256 280
 17 98 45
 197 198 225
 116 251 160
 43 245 166
 54 53 203
 116 266 252
 229 110 151
 149 151 110
 84 82 281
 142 279 282
 283 263 284
 231 95 155
 91 230 90
 285 286 287
 184 281 82
 78 288 79
 17 203 289
 119 230 226
 189 248 202
 116 276 266
 125 290 291
 97 162 243
 292 293 225
 100 294 248
 101 96 232
 42 218 278
 295 255 221
 296 291 290
 63 8 111
 163 9 277
 197 9 163
 38 107 249
 234 255 34
 58 95 232
 130 11 297
 298 299 40
 14 87 262
 142 282 300
 181 259 26
 234 228 301
 100 102 294
 75 40 299
 302 59 80
 122 174 123
 303 196 258
 54 130 297
 16 220 6
 181 6 220
 116 47 276
 304 305 281
 75 306 76
 62 275 266
 255 307 221
 97 243 237
 101 308 102
 309 310 311
 75 120 108
 285 312 313
 214 21 219
 314 315 180
 80 59 316
 317 287 286
 48 47 176
 24 59 190
 49 223 179
 30 180 315
 55 301 228
 109 246 25
 192 318 241
 16 15 263
 250 252 275
 192 259 319
 184 319 259
 85 320 115
 78 321 322
 323 322 321
 189 324 248
 28 325 1
 161 160 326
 225 293 7
 250 168 171
 170 226 136
 131 136 226
 327 328 329
 63 202 294
 248 294 202
 106 330 107
 100 107 207
 260 262 331
 128 190 129
 302 129 190
 217 332 102
 333 76 306
 314 180 334
 142 271 143
 182 280 335
 121 64 111
 236 329 336
 56 96 337
 205 337 96
 309 338 201
 102 308 277
 339 340 341
 342 257 331
 48 245 183
 14 262 261
 269 278 218
 42 278 228
 339 343 340
 203 19 254
 28 254 19
 125 123 344
 91 226 230
 58 232 96
 345 335 280
 179 223 346
 214 76 22
 229 245 36
 109 318 82
 44 7 293
 347 313 139
 292 311 310
 126 158 348
 43 36 245
 131 226 208
 91 208 226
 62 168 275
 75 299 306
 349 223 350
 192 319 318
 264 351 138
 92 148 147
 352 1 325
 184 82 319
 63 332 8
 81 321 246
 353 306 299
 339 335 343
 345 343 335
 354 201 338
 135 337 206
 205 206 337
 86 297 11
 48 176 166
 97 45 98
 333 22 76
 194 196 69
 355 69 196
 46 183 253
 23 246 321
 352 356 1
 2 1 356
 298 40 39
 304 281 186
 317 357 358
 359 0 360
 309 311 338
 94 350 223
 17 256 98
 28 19 325
 137 313 312
 38 324 41
 187 39 41
 62 267 60
 285 313 286
 104 174 103
 122 103 174
 314 215 233
 173 344 123
 17 361 256
 273 238 132
 342 262 87
 314 233 315
 141 348 80
 302 80 348
 13 233 215
 24 191 362
 44 293 310
 354 138 351
 363 198 271
 44 111 8
 334 180 212
 363 300 364
 342 87 290
 296 290 87
 2 356 365
 333 366 20
 92 20 366
 359 315 233
 353 367 306
 128 216 334
 142 300 271
 363 271 300
 182 77 99
 181 185 259
 38 249 324
 264 265 368
 309 112 310
 199 201 351
 354 351 201
 217 277 9
 197 7 9
 352 325 369
 355 53 69
 182 335 77
 295 188 239
 46 267 276
 266 276 267
 303 370 196
 355 196 370
 162 371 243
 23 25 246
 121 270 64
 44 310 112
 302 158 129
 10 129 158
 5 140 87
 296 87 140
 259 193 26
 231 163 277
 24 118 25
 2 365 360
 309 201 213
 229 183 245
 211 191 334
 128 334 191
 342 344 257
 173 257 344
 119 227 372
 333 306 367
 68 77 335
 125 291 124
 17 289 361
 264 368 258
 84 281 305
 85 114 95
 145 95 114
 199 373 224
 231 155 163
 314 334 216
 374 124 291
 375 280 256
 266 275 252
 85 57 320
 187 288 39
 298 39 288
 354 153 138
 192 193 259
 295 221 188
 274 209 376
 359 233 157
 298 377 299
 67 66 372
 211 150 362
 149 362 150
 141 79 221
 195 224 373
 295 32 34
 146 154 220
 247 185 154
 353 299 377
 295 239 32
 203 53 289
 285 287 341
 4 268 140
 109 241 318
 125 344 290
 81 83 321
 18 369 325
 2 360 0
 247 154 148
 121 213 200
 251 326 160
 152 253 151
 141 307 348
 126 348 307
 317 286 357
 211 334 212
 248 324 249
 121 200 270
 113 272 279
 296 378 291
 273 132 209
 304 186 379
 247 379 186
 296 268 378
 145 155 95
 250 171 380
 323 321 83
 113 144 114
 145 114 144
 304 367 305
 374 350 124
 106 108 120
 302 190 59
 94 124 350
 205 330 206
 23 316 59
 189 239 188
 317 381 287
 177 179 346
 264 258 373
 195 373 258
 113 279 144
 33 64 270
 339 222 335
 68 335 222
 314 216 215
 317 382 381
 327 243 371
 18 325 19
 269 224 278
 349 350 383
 78 80 316
 28 27 254
 130 254 27
 102 332 294
 92 366 379
 304 379 366
 84 384 83
 353 305 367
 33 270 218
 303 385 386
 14 261 284
 189 41 324
 303 368 385
 387 368 265
 126 307 255
 18 237 369
 30 315 388
 359 388 315
 14 284 15
 264 373 351
 342 331 262
 122 51 103
 161 178 159
 177 159 178
 304 366 367
 349 165 389
 106 206 330
 349 383 165
 65 32 239
 231 277 308
 327 329 235
 236 235 329
 137 139 313
 387 265 312
 78 316 321
 23 321 316
 210 376 209
 302 348 158
 295 34 255
 298 322 377
 323 377 322
 333 20 22
 92 379 148
 131 209 132
 347 286 313
 18 45 237
 339 341 204
 88 204 341
 29 212 180
 390 382 391
 375 256 361
 292 310 293
 194 228 278
 35 26 193
 333 367 366
 349 346 223
 303 258 368
 187 79 288
 205 207 330
 327 235 243
 78 322 288
 298 288 322
 236 369 237
 217 8 332
 84 305 384
 137 312 265
 86 127 301
 234 301 127
 12 215 216
 170 240 227
 375 370 386
 303 386 370
 167 383 392
 374 392 383
 88 341 287
 199 351 373
 374 383 350
 355 289 53
 317 358 382
 323 83 384
 352 336 393
 63 294 332
 149 118 362
 24 362 118
 285 341 340
 211 362 191
 342 290 344
 152 60 267
 164 244 389
 387 312 340
 97 237 45
 210 208 394
 91 394 208
 167 165 383
 184 186 281
 172 378 268
 345 385 343
 387 343 385
 119 372 66
 107 330 207
 309 213 112
 121 112 213
 352 369 336
 141 221 307
 387 340 343
 296 140 268
 167 395 166
 43 166 395
 172 392 378
 210 396 376
 86 52 297
 54 297 52
 347 357 286
 352 393 356
 46 253 267
 152 267 253
 247 148 379
 177 346 389
 390 381 382
 283 261 397
 374 291 378
 177 389 244
 375 386 280
 345 280 386
 285 340 312
 349 389 346
 88 287 381
 164 389 165
 82 318 319
 353 384 305
 359 157 0
 283 284 261
 375 361 370
 355 370 361
 390 396 394
 236 336 369
 374 378 392
 355 361 289
 339 204 222
 90 222 204
 387 385 368
 231 308 232
 101 232 308
 345 386 385
 260 397 261
 172 395 392
 390 89 381
 210 394 396
 263 15 284
 353 377 384
 3 0 157
 172 37 395
 177 244 159
 323 384 377
 390 394 89
 390 391 396
 167 392 395
 88 381 89
 55 52 301
 86 301 52
 117 159 244
 43 395 37
 91 89 394
 14
 359 105 30 31 329 360 328 365 380 388 171 356 336 393
 12
 327 67 273 133 162 238 169 328 372 227 371 240
 0
 0
 10
 161 250 49 104 50 251 179 178 380 326
 0
 0
 0
 0
 0
 7
 115 300 282 320 272 279 364
 0
 0
 19
 273 292 347 354 363 225 274 311 198 139 338 382 153 358 376 391 364 357 396
 0
 23
 56 70 283 135 104 260 263 134 219 147 174 57 257 156 93 242 20 337 331 21 175 320 397
 0
 0
 0
