666 1216
8.136876 4.213919 1
8.233779 4.208621 1
8.197956 4.353964 1
8.043000 4.266956 1
8.820605 5.021739 2
8.722643 4.893626 1
8.893986 4.907285 1
8.833369 4.807293 1
5.257092 4.951127 1
5.213462 4.793371 1
5.330429 4.858052 1
8.283409 4.508610 1
8.329446 4.403931 1
8.401311 4.564542 1
6.515219 5.280851 2
6.635678 5.241629 1
6.685428 5.362820 2
8.446996 4.428215 1
5.151765 4.907310 1
6.849532 3.776139 1
6.800718 3.652420 1
6.911029 3.660890 1
9.364298 5.069196 2
9.440231 4.961960 1
9.521749 5.133544 2
6.810746 4.185935 1
6.771570 4.326343 1
6.666837 4.183290 1
4.970822 4.493345 2
5.151458 4.531467 1
5.054547 4.627533 1
6.642293 4.299617 1
8.541680 4.309810 1
8.655129 4.284656 1
8.563005 4.423867 1
6.213589 3.874769 1
6.058446 3.837669 2
6.214737 3.731762 2
8.583735 5.031181 1
8.709617 5.112521 2
8.564707 5.134566 2
7.223019 5.959930 1
7.327240 5.856607 1
7.330631 6.014463 2
5.782885 4.915845 1
5.654538 5.009116 1
5.613523 4.876764 1
5.510816 4.964171 1
5.056756 4.851300 1
5.088861 4.732314 1
5.222429 5.423650 2
5.284202 5.287165 1
5.358247 5.399813 1
7.340687 3.445907 1
7.209900 3.518409 1
7.257548 3.368222 1
5.103247 4.421588 2
9.493650 4.264837 1
9.630780 4.212965 2
9.569606 4.362883 1
9.701820 4.346334 1
8.678182 4.436863 1
6.690095 3.368343 2
6.771995 3.451471 1
6.610770 3.517084 2
7.445928 5.925075 2
9.763619 4.995296 1
9.803578 5.156919 2
9.658634 5.078186 2
8.363518 4.296433 1
8.857430 3.828493 1
8.906816 3.683397 2
9.000507 3.767156 2
9.144129 4.504739 1
9.057297 4.639683 1
8.979750 4.530584 1
5.977030 3.962249 1
5.876711 3.891672 2
9.565700 4.992430 1
7.474355 3.948735 1
7.362502 3.998096 1
7.354558 3.843473 1
7.787800 3.842246 1
7.717743 3.712051 1
7.853895 3.704172 1
6.124452 5.399304 1
6.250869 5.309196 2
6.212828 5.480120 2
6.765488 4.794387 1
6.921344 4.852563 1
6.792965 4.944991 1
7.147572 3.390509 1
7.484683 5.762489 1
7.258852 3.938286 1
8.883080 4.651967 1
5.281844 5.563485 2
7.507003 3.833107 1
7.411201 5.419500 1
7.443591 5.267010 1
7.530152 5.345335 1
6.506629 3.889209 1
6.371160 3.918404 1
6.453152 3.767231 2
5.458508 4.842330 1
7.248505 4.062547 1
6.967904 3.287072 1
7.032102 3.373044 1
6.923911 3.405792 1
7.020362 3.486349 1
6.206203 4.558007 1
6.139965 4.456416 1
6.238244 4.398286 1
8.224382 5.129714 2
8.161983 4.972324 1
8.308622 5.038104 2
6.365672 4.825902 1
6.262121 4.844088 1
6.236480 4.716629 1
8.990396 5.045081 2
6.318694 4.601766 1
6.332431 4.471969 1
6.436944 4.559677 1
8.993105 3.903397 2
7.432907 3.754267 1
7.680612 4.592384 1
7.803439 4.691078 1
7.654087 4.696296 1
7.793516 4.580345 1
7.331261 5.717915 1
5.427352 5.250156 1
8.116965 5.102116 1
5.711236 4.758887 1
8.499805 4.198955 1
7.695964 5.158335 1
7.704840 4.993128 1
7.798072 5.105775 1
7.488338 5.133633 1
7.391780 5.076591 1
7.464369 4.987767 1
7.435950 4.462722 1
7.340311 4.526483 1
7.320731 4.347878 1
7.238105 4.475309 1
8.462506 3.635818 1
8.570185 3.698988 1
8.418548 3.747811 1
8.578001 3.849503 1
6.458292 4.860746 1
6.561650 4.911911 1
6.449646 4.988196 1
9.656452 4.903107 1
6.733642 3.740400 1
7.198951 5.742980 1
7.176685 5.859831 1
5.589419 4.442449 1
5.690715 4.356841 1
5.711939 4.496269 1
7.908357 4.798086 1
7.962013 4.663584 1
6.747306 3.560399 1
6.880623 3.544763 1
5.812953 4.400337 1
6.411714 5.261772 1
6.420067 5.386676 2
7.733526 5.338585 1
7.612352 5.241457 1
7.774418 5.233129 1
8.348732 4.179103 1
9.365487 4.864355 1
9.463585 4.799226 1
6.764845 5.204879 1
6.863762 5.336168 1
6.824794 5.472210 1
7.124092 5.526034 1
7.204670 5.405964 1
7.296735 5.500678 1
6.712580 3.932482 1
6.708884 4.073019 1
6.595653 3.964163 1
6.999556 4.038641 1
7.132358 4.123266 1
7.014201 4.188108 1
6.315060 3.798978 2
7.007150 3.739095 1
7.719899 4.769942 1
7.677336 4.871897 1
7.584693 4.797374 1
6.946815 5.205117 1
6.403944 4.719996 1
9.545782 4.888039 1
7.145138 4.312762 1
7.234975 4.226376 1
7.226786 4.375290 1
8.982921 4.773951 1
8.638648 3.969128 1
8.518836 3.956628 1
7.569298 5.891051 2
5.944004 4.749156 1
5.838029 4.800569 1
5.821872 4.670084 1
7.481462 4.203020 1
7.581713 4.284287 1
7.450148 4.327531 1
7.550530 3.698022 1
7.434972 3.621327 1
6.136762 4.092844 1
6.245292 4.146565 1
6.110779 4.221756 1
6.244764 4.271516 1
7.107476 3.549114 1
7.590600 4.173781 1
5.915690 4.628152 1
6.740088 4.479023 1
6.844259 4.575675 1
6.694670 4.607204 1
8.134847 3.534906 1
8.141157 3.688168 1
7.999675 3.667001 1
5.452739 5.522282 1
8.791578 4.266639 1
8.735228 4.162879 1
8.901535 4.154629 1
6.684817 5.529173 2
6.541129 5.048256 1
5.566566 4.755843 1
6.840518 4.024195 1
6.958953 3.898711 1
6.970466 5.038136 1
7.072138 5.117852 1
6.584668 4.109902 1
7.901470 4.551707 1
7.226384 5.625953 1
8.142313 4.540506 1
7.521933 5.446952 1
8.164438 4.105258 1
8.303850 4.077287 1
8.892035 3.981842 1
9.009155 4.033360 2
9.185892 4.630215 1
6.933664 4.371037 1
7.087327 4.451959 1
6.923322 4.490115 1
9.261940 4.191768 1
9.137074 4.064754 2
9.294507 4.016786 2
9.013980 4.902018 1
8.199057 5.447165 2
8.157369 5.343278 1
8.251304 5.295807 2
7.486845 3.218712 2
7.466652 3.355587 1
7.330201 3.277953 1
9.164279 4.330723 1
9.119013 4.198482 1
7.940942 4.044223 1
7.829739 4.154537 1
7.810811 3.992948 1
7.683034 4.079422 1
6.621573 3.804765 1
6.669802 3.646270 1
8.799227 3.695459 1
9.201405 4.935510 1
9.232071 5.051641 2
9.106349 4.979466 2
8.791797 4.408943 1
5.479351 5.804839 1
5.619124 5.899089 2
5.482297 5.971089 2
6.560232 3.675211 1
7.589087 5.067315 1
6.687865 4.905247 1
6.726094 5.043987 1
6.631585 5.002763 1
8.014758 5.026240 1
7.912322 5.070052 1
7.905993 4.939065 1
6.978658 5.457349 1
9.010417 4.264057 1
9.024271 4.401928 1
6.330822 5.175495 1
6.223165 5.123343 1
6.127608 5.195673 1
7.236230 4.640737 1
7.596216 5.791795 2
7.919750 3.793797 1
8.010725 4.891712 1
7.646689 3.834103 1
7.589310 3.951665 1
7.076392 4.822713 1
7.184811 4.897837 1
7.085773 4.974476 1
7.355974 4.133937 1
7.511289 4.077076 1
5.017903 4.996035 2
5.162831 5.003466 1
8.225669 3.402265 2
8.280723 3.514709 1
6.631879 4.698171 1
6.770990 4.672834 1
7.819833 4.993639 1
7.592319 3.433949 1
7.679657 3.570265 1
7.536464 3.555036 1
7.136845 4.570757 1
8.140535 3.900856 1
8.224384 3.983773 1
8.077665 4.032224 1
9.843989 4.287328 1
9.836925 4.437894 1
9.314569 4.342330 1
8.044079 3.806587 1
8.028935 3.941008 1
8.751380 4.564247 1
8.861794 4.526571 1
8.902892 4.323374 1
5.740473 5.837762 1
5.763447 5.978761 2
6.635351 4.809585 1
5.396432 5.675292 1
5.260324 5.714407 2
7.293615 4.802448 1
7.301553 4.971611 1
7.381545 4.884879 1
8.695585 3.615175 2
8.706083 3.761477 1
9.268643 4.448486 1
6.848817 5.063982 1
8.535851 4.550630 1
6.076811 4.962896 1
6.038838 5.092997 1
5.911179 5.023998 1
7.670146 4.365158 1
7.547561 4.413340 1
5.523358 5.669412 1
5.322007 5.177429 1
8.808000 4.066500 1
8.343011 3.622439 1
8.261129 3.719571 1
7.315815 3.590630 1
6.822093 3.892826 1
8.068411 4.410639 1
5.489552 4.544328 1
5.448073 4.418504 1
5.156132 5.318573 2
6.638291 5.119759 1
7.845436 3.518463 1
7.950570 3.409978 2
7.993028 3.524222 1
9.569804 4.571433 1
9.660564 4.490055 1
9.656548 4.656291 1
9.775171 4.579339 1
6.908397 4.961698 1
5.669859 5.435611 1
5.576156 5.295096 1
5.721006 5.298769 1
5.930738 4.904496 1
7.179577 3.233610 1
7.052512 3.196591 2
7.173300 3.083775 2
8.224896 3.609948 1
6.506563 4.665459 1
6.012780 4.101611 1
8.426278 4.109686 1
9.477521 4.131865 2
5.754136 3.997911 2
5.877999 4.044163 1
7.640458 4.476840 1
7.769440 4.469009 1
8.040832 4.749102 1
5.577623 5.550125 1
6.807890 5.608046 2
7.250711 3.717463 1
7.357793 3.705432 1
9.370858 4.135249 1
6.485501 4.018254 1
6.366496 4.075804 1
5.804010 5.401198 1
7.628674 5.388248 1
8.281182 3.844628 1
8.184880 3.793109 1
4.932013 4.647442 3
7.032129 4.300321 1
7.924122 3.904215 1
6.339557 4.936695 1
9.893568 5.066491 1
6.815573 3.308843 2
7.259796 3.145880 1
6.197004 5.609816 2
6.176824 5.767386 2
6.110510 5.681526 1
8.444735 5.075212 2
5.986840 4.235795 1
7.991162 5.553521 2
7.851661 5.591433 2
7.907560 5.478063 1
7.190773 5.054635 1
5.666567 5.153465 1
5.531351 5.169324 1
5.788845 5.072317 1
5.810320 5.634842 1
5.925596 5.599349 1
5.888014 5.768173 2
5.654665 4.222553 1
5.793844 4.270030 1
6.001570 5.691066 1
5.733994 5.716205 1
5.693315 5.570797 1
6.917846 4.123974 1
8.045205 4.134794 1
7.949552 4.167972 1
6.748885 3.832602 1
7.739520 3.436522 1
7.909980 4.274614 1
6.644121 4.409723 1
7.124539 3.959820 1
5.611839 4.572730 1
7.010106 4.599801 1
8.494654 4.948745 1
5.608884 5.769507 1
8.432581 3.883755 1
7.544069 4.540211 1
7.431479 4.611162 1
6.062716 5.543975 1
7.543818 4.675114 1
7.428025 4.762900 1
7.316336 5.349784 1
7.052244 6.037927 2
7.112624 5.953517 1
7.176009 6.071414 2
7.184696 3.631456 1
6.900465 4.703477 1
8.697927 4.067390 1
8.621064 4.148262 1
8.538924 4.070376 1
6.015033 4.338188 1
6.133647 4.350860 1
6.042073 4.442723 1
5.126162 5.097726 2
7.447333 3.485706 1
7.110127 4.224920 1
9.408763 4.670970 1
9.303288 4.563451 1
9.457863 4.560836 1
9.392477 4.455444 1
8.717920 3.878421 1
8.764432 4.697741 1
5.353764 4.366374 1
5.331782 4.453492 1
5.237947 4.414595 1
7.801664 4.312671 1
6.103865 3.968939 1
7.579435 4.927200 1
6.455020 3.605576 2
9.124958 4.842820 1
5.261233 5.065129 1
5.372214 4.965160 1
5.429159 5.090853 1
7.839534 3.393071 1
7.204153 3.827495 1
6.091345 5.299238 1
7.083027 3.295975 1
8.711639 4.780706 1
7.019033 5.579883 1
5.292158 4.288077 1
6.922052 5.560655 1
5.770917 4.139910 1
5.545734 5.434110 1
5.721786 4.621486 1
5.838165 4.542286 1
8.508940 4.682758 1
8.648938 4.663811 1
7.080760 3.837439 1
7.151046 3.739827 1
7.082345 3.659046 1
8.912887 4.440127 1
5.375283 5.875870 1
5.307677 5.989727 3
8.437001 3.520203 2
8.556871 3.586126 2
6.248830 4.009155 1
7.387219 5.170876 1
9.035439 4.143056 1
8.688021 5.006658 1
7.428337 5.656695 1
7.695502 4.225101 1
8.282659 4.921088 1
7.871242 4.409590 1
10.000000 4.444445 0
9.895347 4.543991 1
8.117463 4.823249 1
7.008394 4.908817 1
7.447411 5.545475 1
7.343417 5.616569 1
6.177315 4.920896 1
6.246135 5.013011 1
7.363416 3.152739 1
5.466787 5.362625 1
7.009689 4.730780 1
7.348605 4.683610 1
7.175807 4.768098 1
7.925807 5.372638 1
7.976167 5.274621 1
8.053024 5.415451 2
6.634635 4.507141 1
7.706547 3.940217 1
5.622384 5.656478 1
8.336599 3.943409 1
5.267864 5.847190 1
5.149359 5.806612 2
7.180489 5.198416 1
4.928779 4.868985 2
8.164157 4.693324 1
5.351101 5.778658 1
6.949240 5.690904 2
8.086248 5.279668 1
5.461146 4.733736 1
7.971057 4.363525 1
7.291842 5.136604 1
7.787888 3.623500 1
6.049241 5.823913 2
10.000000 4.305555 0
9.896297 4.188107 2
7.102363 5.654710 1
7.083399 5.771421 1
6.441395 4.412462 1
7.657597 3.226219 2
7.574619 3.319385 1
6.839843 4.438451 1
6.972481 5.823722 2
6.122160 4.639272 1
5.557873 5.064461 1
9.289888 4.673587 1
9.515800 4.473945 1
7.797813 4.871843 1
7.089032 5.409372 1
7.118725 5.312184 1
10.000000 4.861111 0
10.000000 5.000000 0
9.878259 4.909756 1
10.000000 4.583333 0
10.000000 4.722222 0
9.880175 4.672441 1
7.224258 5.305674 1
8.079580 3.432795 2
9.114153 4.730761 1
4.867213 4.558381 2
6.130311 4.813898 1
7.112457 4.685982 1
5.193571 5.926731 2
5.155808 4.309731 2
5.223313 4.165204 2
7.348937 4.244239 1
6.530414 5.177039 1
6.432092 5.129369 1
5.549659 4.177384 2
5.657291 4.098102 2
8.263885 4.623531 1
5.373848 4.542871 1
7.907538 3.607256 1
9.918821 4.368527 1
6.557072 4.237191 1
6.475811 4.160089 1
8.066018 4.637471 1
5.791789 5.519647 1
10.000000 5.138889 0
9.914859 5.194705 2
10.000000 4.166667 0
8.230309 4.827884 1
8.295834 4.735635 1
5.889726 4.184255 1
8.469175 4.823543 1
8.601311 4.799692 1
5.911627 5.479372 1
8.397052 4.694332 1
7.773939 3.304002 1
7.778308 3.199289 2
6.999979 3.608918 1
7.001209 5.322127 1
7.597425 5.533714 1
5.089581 5.223879 2
5.208089 5.193843 1
5.923215 5.140003 1
5.802876 5.196856 1
5.904289 4.310095 1
9.334420 4.761513 1
6.897636 3.204002 2
7.672304 3.346754 1
7.310883 3.038144 3
7.059162 5.227658 1
5.175752 4.646007 1
9.383889 4.243562 1
9.734552 4.243294 1
9.444994 4.357610 1
5.430542 4.274333 2
5.560513 4.315344 1
6.010065 5.411418 1
6.568055 4.580277 1
5.627614 4.668246 1
8.020779 4.540840 1
6.036800 4.862010 1
6.542387 4.470530 1
9.531137 4.677654 1
4.982566 4.748600 2
5.821927 5.301469 1
8.589025 4.907459 1
7.718904 5.458847 1
7.723514 5.584177 2
7.627986 5.690001 2
8.350130 4.829906 1
9.217078 4.741789 1
9.261843 4.849654 1
9.397194 4.033442 2
8.022291 5.169083 1
7.890661 5.195217 1
7.888206 3.296390 2
6.143450 5.044470 1
8.388100 4.946356 1
5.298054 4.647369 1
7.442627 3.070481 2
7.797246 5.508894 1
9.602942 4.783470 1
9.717548 4.796529 1
8.651186 4.533991 1
9.763075 4.695080 1
6.075419 4.729247 1
7.320543 5.240543 1
6.903252 4.256149 1
5.359335 4.752727 1
8.154737 5.215671 1
5.829604 5.902960 2
9.792582 4.131754 2
6.354817 4.210866 1
6.080802 4.545942 1
7.526029 5.635945 1
7.968187 4.453945 1
6.527680 4.768586 1
6.336903 5.061018 1
9.816274 4.791667 1
9.921261 4.791667 1
6.453289 4.285913 1
5.263251 4.540002 1
7.487613 4.872024 1
5.353297 4.189147 2
5.987270 5.305165 1
5.907853 5.249306 1
5.906826 5.361221 1
8.780659 3.965343 1
7.825233 5.408347 1
9.310996 4.960452 1
7.858644 5.299185 1
9.763405 4.883244 1
5.962838 4.537652 1
6.345994 4.337882 1
8.420769 4.007967 1
8.822588 3.578330 2
6.011571 4.641583 1
9.681722 4.117604 2
8.348223 3.406164 2
5.927338 4.431966 1
6.015219 5.208495 1
6.546760 4.352573 1
7.062775 5.862608 1
7.006169 5.945679 3
5.413896 4.651574 1
5.527368 4.655096 1
 0 1 2
 3 0 2
 4 5 6
 6 5 7
 8 9 10
 11 12 13
 14 15 16
 12 17 13
 18 9 8
 19 20 21
 22 23 24
 25 26 27
 28 29 30
 31 27 26
 32 33 34
 35 36 37
 38 39 40
 41 42 43
 44 45 46
 47 46 45
 9 48 49
 50 51 52
 53 54 55
 28 56 29
 18 48 9
 57 58 59
 60 59 58
 34 33 61
 62 63 64
 42 65 43
 66 67 68
 69 32 17
 70 71 72
 73 74 75
 76 77 36
 78 24 23
 69 2 1
 79 80 81
 82 83 84
 85 86 87
 88 89 90
 54 91 55
 92 65 42
 81 80 93
 94 75 74
 50 52 95
 79 81 96
 97 98 99
 100 101 102
 47 103 46
 104 93 80
 105 106 107
 108 107 106
 109 110 111
 112 113 114
 115 116 117
 4 6 118
 119 120 121
 120 109 111
 70 72 122
 81 123 96
 124 125 126
 127 125 124
 92 42 128
 119 109 120
 129 52 51
 112 130 113
 44 46 131
 69 132 32
 133 134 135
 136 137 138
 139 140 141
 142 141 140
 143 144 145
 146 145 144
 147 148 149
 78 150 68
 19 151 20
 152 42 153
 41 153 42
 154 155 156
 157 125 158
 159 63 160
 161 156 155
 86 162 163
 164 165 166
 69 167 132
 168 169 23
 170 171 16
 172 16 171
 107 160 63
 173 174 175
 176 177 178
 179 180 181
 101 182 102
 19 21 183
 184 185 186
 170 187 171
 188 115 117
 169 189 23
 190 191 192
 94 74 193
 146 194 195
 92 196 65
 197 198 199
 152 128 42
 159 160 20
 200 201 202
 203 123 204
 205 206 207
 208 207 206
 191 141 192
 54 209 91
 108 91 209
 200 210 201
 197 199 211
 212 213 214
 215 216 217
 218 95 52
 219 220 221
 172 222 16
 149 148 223
 46 103 224
 179 225 226
 184 186 126
 66 68 150
 227 228 187
 229 178 177
 158 125 230
 173 175 231
 232 2 11
 97 99 233
 234 235 1
 70 122 236
 237 236 122
 73 238 74
 239 240 241
 242 243 244
 245 118 6
 246 247 248
 249 250 251
 53 251 250
 242 252 253
 254 255 256
 257 256 255
 151 258 259
 70 260 71
 261 262 263
 61 33 264
 265 266 267
 242 253 243
 259 258 268
 136 138 269
 270 271 272
 90 271 270
 273 274 275
 172 171 276
 277 252 278
 73 278 252
 279 86 280
 281 280 86
 88 90 270
 282 142 140
 92 283 196
 82 84 284
 273 275 285
 286 287 96
 288 289 290
 291 80 292
 293 18 294
 215 295 296
 88 297 298
 299 135 134
 300 301 302
 203 302 301
 268 258 102
 282 303 142
 304 305 306
 60 307 308
 242 309 252
 310 304 311
 200 291 292
 310 284 217
 84 217 284
 312 264 313
 44 131 198
 279 162 86
 133 166 165
 108 160 107
 219 221 314
 315 316 266
 88 317 297
 214 298 297
 218 318 95
 319 95 318
 96 287 79
 289 320 321
 321 320 322
 323 324 144
 146 144 324
 73 252 325
 170 326 187
 203 204 302
 13 17 327
 328 329 330
 201 331 332
 218 333 318
 129 51 334
 335 221 220
 143 145 336
 337 336 145
 227 187 326
 53 338 54
 225 339 226
 104 191 180
 232 340 2
 154 341 342
 50 343 51
 170 15 344
 345 346 347
 348 349 350
 351 350 349
 90 352 326
 353 354 355
 328 330 356
 127 230 125
 357 358 359
 215 360 216
 361 188 121
 119 121 188
 205 207 362
 133 269 134
 363 132 167
 94 193 7
 57 364 58
 365 77 366
 367 368 124
 127 124 368
 357 251 55
 157 158 369
 176 225 177
 159 64 63
 304 306 311
 90 326 271
 218 370 333
 61 264 312
 170 344 271
 137 321 138
 321 322 138
 172 371 222
 78 68 24
 357 55 91
 372 373 81
 242 244 374
 293 48 18
 100 375 101
 376 101 375
 353 355 377
 164 378 165
 337 145 379
 310 380 304
 1 235 167
 28 30 381
 239 382 240
 82 383 256
 254 256 383
 60 308 349
 351 349 308
 147 149 384
 119 188 117
 203 301 83
 136 269 165
 133 165 269
 66 385 67
 105 107 386
 357 387 251
 3 2 340
 388 389 390
 391 38 40
 100 102 258
 69 12 2
 367 332 331
 62 386 63
 207 392 362
 393 394 395
 396 290 289
 397 354 398
 129 398 354
 397 45 399
 44 399 45
 400 401 402
 403 404 155
 234 306 305
 215 296 360
 405 402 401
 400 406 407
 179 181 408
 252 309 325
 21 20 160
 409 3 410
 19 411 151
 345 301 412
 300 412 301
 410 3 413
 88 270 317
 31 26 414
 179 415 180
 237 221 236
 335 236 221
 154 416 341
 417 241 240
 391 418 38
 73 75 278
 315 266 419
 44 356 330
 145 420 379
 70 324 260
 277 314 221
 139 141 202
 139 421 422
 82 286 83
 203 83 286
 212 414 26
 85 87 423
 388 423 87
 146 420 145
 424 425 422
 97 426 98
 427 428 429
 372 430 338
 417 431 213
 88 431 89
 432 433 434
 435 436 437
 372 338 373
 293 294 438
 219 264 33
 204 338 439
 194 432 434
 190 440 191
 441 442 443
 444 443 442
 146 445 194
 94 7 446
 447 448 449
 450 255 413
 35 451 36
 76 36 451
 452 186 185
 268 453 64
 197 356 198
 245 193 454
 455 456 457
 345 458 346
 372 81 459
 85 460 86
 357 91 461
 5 462 7
 44 330 399
 104 291 191
 173 463 276
 107 63 386
 464 447 449
 81 373 123
 172 276 465
 129 334 457
 403 466 404
 353 467 354
 199 468 469
 13 327 470
 471 470 327
 472 183 473
 474 473 183
 475 313 264
 265 267 476
 477 476 267
 143 478 479
 35 101 480
 136 481 137
 277 253 252
 237 243 482
 156 469 468
 268 102 453
 5 4 483
 184 126 125
 170 16 15
 444 442 325
 405 423 390
 104 180 415
 273 113 130
 92 128 484
 257 255 485
 129 457 398
 486 114 113
 424 422 421
 368 487 230
 488 489 308
 7 193 6
 273 285 113
 490 113 285
 53 55 251
 315 419 406
 288 290 491
 97 492 175
 493 175 492
 281 86 460
 494 116 384
 495 494 384
 249 251 496
 218 52 497
 433 33 132
 32 132 33
 310 311 383
 288 89 498
 422 499 140
 73 442 238
 35 480 451
 245 6 193
 499 282 140
 376 480 101
 288 500 289
 501 502 503
 212 214 504
 257 505 256
 506 407 406
 82 284 383
 53 439 338
 507 379 420
 319 508 509
 44 198 356
 396 510 228
 417 240 303
 396 289 321
 146 195 420
 60 349 59
 293 511 48
 127 368 230
 353 370 467
 322 320 425
 94 313 75
 490 369 512
 79 292 80
 450 413 487
 38 483 39
 265 513 318
 396 228 290
 514 371 465
 172 465 371
 194 434 195
 227 326 352
 515 503 502
 516 224 103
 205 451 480
 413 517 487
 396 321 518
 179 408 225
 25 225 408
 310 217 216
 25 177 225
 472 415 226
 179 226 415
 345 519 301
 405 520 402
 521 307 522
 472 459 415
 176 339 225
 277 278 314
 475 314 278
 514 523 524
 154 156 416
 120 525 121
 249 526 527
 471 312 446
 94 446 312
 212 528 213
 514 524 529
 300 439 250
 405 401 423
 47 457 456
 254 383 311
 137 518 321
 450 485 255
 79 287 292
 477 508 476
 501 503 395
 119 117 109
 530 109 117
 388 390 423
 397 531 45
 441 532 442
 389 520 390
 254 410 255
 129 354 497
 251 387 496
 84 83 519
 201 332 202
 59 349 533
 146 324 445
 157 534 125
 184 125 534
 173 276 535
 400 402 406
 205 362 451
 76 451 362
 257 287 505
 142 240 192
 190 192 240
 173 535 174
 536 174 535
 435 207 436
 110 437 436
 218 497 467
 108 106 91
 537 538 539
 540 541 542
 89 431 498
 351 308 489
 536 543 174
 215 544 295
 73 325 442
 193 545 454
 315 406 402
 249 527 250
 393 395 503
 203 286 96
 90 89 352
 28 381 546
 47 531 457
 78 23 189
 257 292 287
 116 547 117
 417 303 548
 477 549 508
 550 551 464
 141 552 202
 553 162 554
 227 290 228
 403 555 556
 272 223 148
 13 557 11
 341 558 342
 345 347 559
 488 308 560
 229 561 562
 191 440 180
 152 231 128
 493 128 231
 512 369 563
 444 325 309
 215 217 347
 415 459 93
 161 155 404
 229 27 561
 232 11 557
 190 240 382
 353 407 370
 400 407 564
 397 398 531
 279 554 162
 565 566 385
 567 521 522
 490 512 568
 569 568 512
 214 213 298
 570 366 362
 571 470 572
 471 572 470
 573 401 564
 400 564 401
 13 574 557
 82 505 286
 455 457 334
 204 439 302
 575 526 576
 200 292 210
 405 390 520
 17 34 327
 203 96 123
 397 355 354
 136 165 98
 99 98 165
 161 469 156
 348 533 349
 310 216 380
 452 269 138
 490 285 369
 157 369 285
 319 513 508
 300 302 439
 4 39 483
 139 422 140
 550 464 449
 21 577 183
 276 463 465
 490 568 113
 486 113 568
 19 226 339
 474 183 577
 276 171 578
 573 423 401
 376 375 562
 229 562 375
 367 124 421
 424 421 124
 84 559 217
 579 233 378
 76 362 366
 35 182 101
 580 581 343
 257 485 210
 156 468 416
 582 583 399
 69 1 167
 570 392 584
 424 126 186
 441 169 585
 168 585 169
 417 213 241
 232 557 512
 105 586 358
 51 343 581
 234 1 0
 265 476 513
 19 183 226
 472 226 183
 538 565 385
 553 14 162
 575 587 526
 54 338 430
 582 330 329
 588 387 359
 228 510 589
 49 590 9
 57 591 364
 199 469 211
 488 540 489
 142 192 141
 60 592 307
 265 318 333
 357 359 387
 191 552 141
 288 491 89
 533 444 593
 594 595 342
 364 591 374
 570 584 404
 573 596 423
 85 423 596
 99 165 378
 214 297 597
 598 416 468
 448 342 558
 104 80 291
 232 599 340
 328 356 600
 601 121 525
 32 34 17
 570 466 366
 69 17 12
 59 533 593
 348 602 443
 66 539 385
 507 305 379
 547 494 600
 197 600 356
 170 271 326
 154 342 595
 600 494 328
 174 426 175
 97 175 426
 381 30 603
 49 603 30
 142 303 240
 204 373 338
 604 377 355
 38 605 483
 67 385 566
 536 535 578
 276 578 535
 76 366 77
 579 378 606
 265 419 266
 41 429 428
 579 607 608
 282 548 303
 571 609 574
 610 611 454
 261 454 611
 243 253 482
 201 210 485
 213 528 241
 319 318 513
 612 374 244
 273 613 274
 614 274 613
 70 445 324
 129 497 52
 323 260 324
 475 278 75
 365 366 466
 82 256 505
 116 494 547
 575 576 615
 281 329 616
 152 523 231
 173 231 523
 538 385 539
 323 144 479
 299 134 534
 205 480 206
 376 206 480
 300 250 527
 289 500 320
 570 404 466
 571 418 617
 354 467 497
 618 9 590
 53 250 439
 588 619 496
 620 395 394
 157 285 275
 245 263 118
 57 59 593
 200 202 552
 621 350 622
 304 379 305
 417 498 431
 471 327 623
 139 332 421
 281 616 280
 88 298 431
 350 624 622
 213 431 298
 547 625 117
 626 98 426
 239 26 627
 25 627 26
 286 505 287
 618 628 9
 10 9 628
 204 123 373
 441 443 602
 100 258 178
 176 178 258
 2 12 11
 515 613 629
 282 500 548
 455 8 456
 74 545 193
 417 548 498
 570 362 392
 147 384 115
 159 259 64
 268 64 259
 315 630 316
 631 307 592
 471 623 312
 571 617 609
 425 320 499
 41 43 429
 582 399 330
 540 542 489
 598 131 224
 376 562 632
 594 555 595
 61 312 623
 110 109 633
 579 608 634
 46 224 131
 337 216 360
 530 117 625
 187 578 171
 92 608 283
 199 198 131
 471 462 572
 571 574 470
 49 30 590
 631 522 307
 571 572 605
 613 130 629
 301 519 83
 315 402 630
 308 307 560
 521 560 307
 351 489 542
 403 595 555
 403 155 595
 444 309 593
 214 597 504
 635 230 487
 327 34 623
 242 591 309
 580 438 581
 569 557 574
 397 399 583
 553 344 15
 61 623 34
 457 531 398
 208 436 207
 154 595 155
 534 134 185
 310 383 284
 60 58 592
 92 634 608
 361 636 188
 147 188 636
 495 637 280
 257 210 292
 571 605 418
 282 320 500
 112 248 629
 208 206 632
 94 312 313
 516 103 628
 10 628 103
 455 581 438
 638 639 539
 537 539 639
 47 45 531
 35 37 182
 5 483 605
 261 263 454
 245 454 263
 403 556 466
 181 180 440
 541 639 542
 638 542 639
 635 340 599
 640 632 562
 218 467 370
 450 368 331
 367 331 368
 376 632 206
 471 446 462
 424 186 425
 227 491 290
 25 27 177
 279 280 637
 618 590 641
 365 466 556
 197 625 600
 435 392 207
 536 589 510
 493 231 175
 508 549 509
 277 221 482
 299 275 274
 322 425 642
 181 382 627
 239 627 382
 551 643 464
 644 460 596
 85 596 460
 38 418 605
 97 233 492
 573 564 377
 582 645 583
 547 600 625
 569 512 557
 158 563 369
 229 375 178
 47 456 103
 10 103 456
 239 528 26
 553 554 223
 367 421 332
 452 134 269
 361 597 297
 573 377 646
 569 574 609
 272 271 344
 530 633 109
 157 275 534
 506 406 419
 194 647 432
 348 350 602
 212 26 528
 506 333 370
 363 167 235
 508 513 476
 254 311 306
 475 75 313
 455 438 294
 288 548 500
 441 585 532
 187 228 589
 620 606 648
 147 115 188
 638 624 542
 351 542 624
 143 479 144
 575 458 412
 219 314 264
 475 264 314
 261 649 262
 22 262 649
 422 425 499
 620 607 606
 514 465 463
 514 463 523
 234 0 409
 254 306 409
 181 627 408
 25 408 627
 288 498 548
 579 634 492
 164 650 648
 237 482 221
 219 33 220
 433 220 33
 164 648 606
 638 539 651
 66 651 539
 507 235 305
 217 559 347
 227 352 491
 143 336 478
 296 478 336
 7 462 446
 452 138 642
 3 517 413
 626 510 518
 396 518 510
 345 412 458
 579 492 233
 29 641 590
 10 456 8
 621 169 602
 361 121 597
 601 597 121
 232 512 563
 162 14 163
 652 211 469
 579 606 607
 346 544 347
 424 124 126
 296 336 360
 328 494 616
 208 632 653
 282 499 320
 255 410 413
 164 166 650
 441 602 169
 536 510 543
 363 654 434
 195 434 654
 553 15 14
 521 488 560
 265 333 419
 104 415 93
 74 238 545
 610 545 238
 139 202 332
 277 482 253
 100 178 375
 495 616 494
 201 485 331
 450 331 485
 640 562 561
 13 470 574
 515 247 503
 246 503 247
 151 411 258
 176 258 411
 323 655 260
 588 496 387
 159 20 259
 151 259 20
 621 602 350
 493 484 128
 197 211 656
 194 445 647
 620 394 607
 299 274 135
 614 135 274
 541 537 639
 149 223 554
 626 543 510
 640 525 653
 120 653 525
 300 587 412
 363 235 654
 507 654 235
 254 409 410
 594 464 643
 29 590 30
 493 492 484
 3 340 517
 105 358 461
 58 657 592
 631 592 657
 575 412 587
 99 378 233
 31 561 27
 49 48 603
 511 603 48
 610 585 611
 168 611 585
 610 454 545
 614 613 502
 435 584 392
 199 131 468
 5 572 462
 133 135 166
 614 166 135
 515 629 247
 248 247 629
 105 461 106
 5 605 572
 234 409 306
 3 409 0
 234 305 235
 299 534 275
 526 587 527
 337 360 336
 29 449 641
 506 370 407
 51 581 334
 455 334 581
 296 295 658
 640 653 632
 152 524 523
 110 633 437
 322 642 138
 425 186 642
 621 622 150
 635 517 340
 450 487 368
 195 654 420
 507 420 654
 335 432 647
 506 419 333
 351 624 350
 173 523 463
 391 617 418
 652 469 659
 594 342 447
 448 447 342
 168 649 611
 261 611 649
 110 436 111
 249 496 619
 363 434 132
 433 132 434
 337 380 216
 515 502 613
 273 130 613
 621 189 169
 486 617 114
 391 114 617
 582 329 660
 281 660 329
 31 414 661
 31 661 561
 452 642 186
 229 177 27
 168 23 649
 22 649 23
 598 468 131
 652 659 437
 105 386 586
 662 663 529
 353 377 564
 353 564 407
 136 98 481
 626 481 98
 116 115 384
 29 56 449
 575 615 458
 553 223 344
 317 148 636
 147 636 148
 66 150 651
 472 473 459
 604 645 646
 644 646 645
 161 659 469
 635 487 517
 212 504 414
 601 414 504
 495 384 637
 621 150 189
 345 559 519
 84 519 559
 662 529 524
 89 491 352
 594 447 464
 397 583 355
 604 355 583
 296 658 478
 604 646 377
 161 404 584
 239 241 528
 448 641 449
 78 189 150
 41 428 153
 662 153 428
 328 616 329
 152 153 524
 662 524 153
 610 238 532
 442 532 238
 486 609 617
 604 583 645
 435 437 659
 184 534 185
 215 347 544
 486 568 609
 569 609 568
 618 558 664
 71 260 655
 644 645 660
 582 660 645
 612 364 374
 149 637 384
 272 148 270
 317 270 148
 19 339 411
 550 449 56
 181 440 382
 190 382 440
 70 236 647
 158 230 599
 635 599 230
 573 646 596
 644 596 646
 346 458 615
 598 665 416
 341 416 665
 149 554 637
 279 637 554
 433 432 220
 614 502 650
 644 660 460
 281 460 660
 372 459 473
 187 589 578
 536 578 589
 626 426 543
 150 622 651
 601 661 414
 601 525 661
 640 561 661
 640 661 525
 309 591 593
 81 93 459
 242 374 591
 618 641 558
 335 647 236
 70 647 445
 300 527 587
 341 664 558
 164 606 378
 357 461 358
 516 628 664
 618 664 628
 427 663 428
 662 428 663
 501 648 650
 501 395 648
 620 648 395
 452 185 134
 652 437 633
 492 634 484
 610 532 585
 337 379 380
 137 481 518
 501 650 502
 21 160 577
 108 577 160
 516 664 665
 341 665 664
 638 622 624
 91 106 461
 161 584 659
 626 518 481
 208 111 436
 495 280 616
 652 633 656
 530 656 633
 57 593 591
 361 297 636
 317 636 297
 304 380 379
 208 653 111
 120 111 653
 474 209 430
 455 294 8
 448 558 641
 614 650 166
 444 533 443
 348 443 533
 335 220 432
 435 659 584
 530 625 656
 197 656 625
 598 224 665
 176 411 339
 272 344 223
 174 543 426
 112 629 130
 516 665 224
 191 291 552
 200 552 291
 18 8 294
 601 504 597
 54 430 209
 652 656 211
 92 484 634
 474 577 209
 232 563 599
 158 599 563
 638 651 622
 474 430 473
 108 209 577
 372 473 430
 0
 0
 19
 514 477 388 389 16 267 86 371 266 316 222 402 520 87 529 163 14 630 663
 0
 28
 22 391 393 112 246 196 67 4 24 427 118 39 608 248 503 68 262 607 429 43 114 65 263 283 40 394 566 663
 0
 13
 293 50 319 477 580 381 511 95 438 343 509 549 603
 0
 24
 594 28 365 550 588 62 381 36 359 551 64 37 453 102 555 386 182 556 358 546 77 56 643 586
 0
 26
 249 323 588 237 631 612 71 122 346 243 526 58 295 655 364 244 615 658 619 522 576 657 72 478 479 544
