675 1243
6.701519 1.785672 1
6.879232 1.891371 1
6.723532 1.909799 1
6.805418 1.728012 1
6.567963 2.290683 1
6.680757 2.396833 1
6.582386 2.496284 1
6.484631 2.419052 1
6.442039 2.093051 1
6.397256 1.985062 1
6.536678 1.996341 1
7.164596 2.778845 1
7.262382 2.722581 1
7.201928 2.902174 1
7.342909 2.799273 1
6.542043 2.143331 1
5.075511 3.255838 1
4.968703 3.179825 1
5.122739 3.104407 1
4.814559 2.925099 1
4.701535 3.049531 2
4.676769 2.899004 2
6.048975 2.539656 1
6.016453 2.402017 1
6.128496 2.422999 1
7.552849 0.916855 1
7.494326 1.025363 1
7.374181 0.926226 1
6.692447 1.608083 1
5.697073 2.217800 1
5.866033 2.207757 1
5.789660 2.318496 1
7.068633 3.034311 1
7.052530 2.925088 1
6.070206 3.682619 1
6.214737 3.731762 2
6.058446 3.837669 2
4.845317 3.097768 1
5.007074 3.044911 1
7.438138 0.557798 1
7.316076 0.631051 1
7.295281 0.481153 1
5.507239 3.685842 1
5.535018 3.555948 1
5.619704 3.700251 1
5.682586 3.599695 1
7.219480 2.344383 1
7.363740 2.410020 2
7.257778 2.463959 1
6.184692 2.536127 1
5.707364 1.638875 1
5.555358 1.705302 1
5.626503 1.565697 2
4.499614 3.585040 1
4.366788 3.584994 2
4.446567 3.471965 1
6.505392 2.912363 1
6.463891 3.083112 1
6.394594 2.906682 1
6.322877 2.991369 1
7.312423 2.260671 2
4.334121 3.451462 3
6.953347 1.488441 1
6.831847 1.586057 1
6.827979 1.453654 1
7.486001 0.809553 1
6.963366 1.048810 1
6.884698 0.923605 1
7.042629 0.903632 1
7.587032 1.102500 1
7.731541 1.104297 2
7.601613 1.214993 2
6.956197 1.599887 1
6.913921 1.734840 1
7.173300 3.083775 2
5.644777 1.756792 1
6.008340 2.139752 1
6.117687 2.149634 1
6.089433 2.274208 1
6.361014 1.300424 1
6.245265 1.175609 1
6.418029 1.163651 1
6.311475 1.063067 1
5.981593 2.283386 1
6.690095 3.368343 2
6.610770 3.517084 2
6.571198 3.370148 1
6.375421 0.217663 2
6.491006 0.285487 1
6.309723 0.352951 2
5.343924 2.289512 1
5.340167 2.452921 1
5.228862 2.401259 1
6.534350 1.620327 1
6.507941 1.506101 1
6.676695 1.483973 1
5.832567 1.649027 1
5.784334 1.788280 1
6.456118 0.426628 1
6.668028 0.549795 1
6.552711 0.526996 1
6.668671 0.402044 1
4.473174 3.256110 2
4.567456 3.148981 2
4.605954 3.329224 1
4.706223 3.210999 1
5.433549 2.599946 1
5.274381 2.564524 1
5.214097 3.331745 1
5.065293 3.368719 1
5.846843 3.183881 1
5.884804 3.080605 1
5.940642 3.220175 1
5.876711 3.891672 2
5.957494 3.764695 1
5.345166 4.081958 1
5.223313 4.165204 2
5.225334 4.010153 1
5.087319 4.059354 1
6.805555 0.000000 0
6.780949 0.168758 1
6.669086 0.122512 1
5.003970 3.950645 1
4.940084 4.025068 1
5.137704 2.516743 1
5.070802 2.638387 1
4.988203 2.540515 1
7.085173 2.293885 1
7.198239 2.211733 1
7.098757 2.157671 1
6.919063 1.345560 1
7.084176 1.397750 1
7.033436 1.283168 1
7.471699 0.439762 1
7.393651 0.354021 1
6.619639 1.893718 1
6.669048 2.050785 1
6.124938 2.025252 1
6.055794 1.888699 1
6.204272 1.876331 1
5.997469 3.137192 1
4.979978 4.129759 1
7.660341 0.578731 1
7.567696 0.509109 1
7.710315 0.439928 2
7.136683 0.529082 1
7.205846 0.625018 1
6.453895 2.610102 1
6.349832 2.687730 1
6.323233 2.547328 1
6.232348 2.645741 1
5.238379 2.222766 1
5.530592 1.588824 2
6.458221 2.769819 1
6.590697 2.811427 1
5.118882 3.475273 1
6.230560 1.344904 1
6.201416 1.471436 1
6.086552 1.410100 1
6.197185 1.710938 1
6.084925 1.777562 1
7.003982 0.388354 1
7.133464 0.392585 1
7.012825 0.504763 1
4.694458 3.842130 1
4.748693 3.756030 1
4.857194 3.886184 1
4.935095 3.324694 1
5.745697 3.173218 1
5.735101 3.058170 1
6.561868 2.666827 1
4.854363 3.730528 1
6.555438 0.366973 1
6.130081 1.262278 1
7.588399 0.399238 1
4.769942 2.280101 1
4.871974 2.324351 1
4.797622 2.415462 2
6.929450 0.775722 1
6.801984 0.823573 1
6.788272 0.705521 1
5.458736 2.481935 1
5.155808 4.309731 2
5.021509 4.346021 1
5.072066 4.195681 1
7.171700 0.247466 1
7.302215 0.190436 1
7.275958 0.316941 1
5.546039 4.041147 1
5.645875 3.954549 1
5.657291 4.098102 2
7.204134 0.124253 1
5.889647 2.035367 1
4.696296 2.345913 2
5.677823 2.356534 1
5.014447 3.851910 1
5.157799 2.308057 1
4.991894 2.301419 1
5.106811 2.203736 1
7.342836 1.639057 2
7.209929 1.679876 1
7.221816 1.512943 1
7.110541 1.619870 1
5.430822 2.384359 1
7.638889 0.000000 0
7.777778 0.000000 0
7.724136 0.155138 2
4.905974 2.997900 1
7.569445 0.094249 1
5.929688 2.502023 1
5.965956 2.652368 1
5.839457 2.581542 1
5.382433 3.262294 1
5.349648 3.407403 1
5.069596 2.414073 1
6.033929 2.753751 1
6.050534 2.866902 1
5.894266 2.803605 1
6.422426 1.621216 1
6.284449 1.579454 1
6.390977 1.521575 1
6.676661 1.313509 1
6.777507 1.361396 1
5.944719 2.927681 1
6.350657 3.114302 1
5.404654 3.643694 1
6.012587 0.979377 1
5.989002 1.095738 1
5.884440 1.047806 1
6.331472 1.699374 1
5.899824 0.937686 1
5.176482 3.200482 1
6.086993 0.833166 1
6.152033 0.968888 1
5.846208 1.398244 1
5.911312 1.262849 1
5.969497 1.377423 1
4.980274 3.545190 1
4.992145 3.435794 1
6.437969 2.501460 1
5.938301 3.649847 1
6.056940 3.532387 1
5.894660 3.516148 1
5.076163 3.588451 1
5.056581 2.785297 1
5.135196 2.938230 1
4.979111 2.910539 1
6.580320 1.413871 1
4.667202 3.462225 1
4.769167 3.354741 1
5.026401 1.985366 2
5.070536 2.087768 1
4.939309 2.094151 2
4.384297 4.111179 1
4.321894 4.212945 2
4.274329 4.054249 2
6.296707 3.204232 1
6.185885 3.204252 1
6.239849 3.085736 1
5.244003 3.003819 1
6.666667 0.000000 0
7.044038 0.280671 1
5.387218 3.530872 1
4.970611 2.699820 1
4.802077 2.705404 1
4.884775 2.618406 1
4.896239 2.810410 1
7.052512 3.196591 2
6.727134 2.194557 1
6.807657 2.096110 1
7.336075 1.231452 1
7.169745 1.239987 1
7.261079 1.146039 1
5.791094 1.253505 1
7.457663 0.674062 1
6.623591 1.689522 1
5.491504 3.133132 1
5.603273 3.042680 1
5.642973 3.185237 1
6.551127 3.130996 1
6.429959 3.207061 1
7.462380 1.464749 2
7.388029 1.351707 1
7.538618 1.349015 2
7.462672 1.262592 1
7.068888 2.818274 1
6.759270 1.021705 1
6.719118 1.165979 1
6.623026 1.060949 1
7.102610 1.031868 1
5.639409 1.351996 2
5.700864 1.196129 2
5.751071 1.354306 1
5.853254 2.683828 1
6.800164 1.985727 1
5.253133 3.592055 1
5.149763 3.675928 1
4.840199 3.236122 1
6.021003 1.303025 1
6.669121 0.801367 1
6.635121 0.669872 1
5.521235 3.272081 1
7.372607 1.087612 1
7.065910 1.528489 1
7.025963 1.672231 1
6.600846 2.932975 1
7.239058 1.351035 1
4.946111 4.241687 1
6.783769 0.483042 1
6.804168 0.361318 1
6.848816 2.968618 1
6.763456 3.051121 1
6.708418 2.887866 1
7.126564 2.429618 1
5.809717 3.636134 1
6.220135 3.313431 1
6.969264 3.105634 1
6.111645 3.123548 1
7.393803 2.920684 2
6.332080 3.337939 1
5.924449 1.697210 1
6.317006 1.807146 1
7.015406 2.209645 1
6.553434 3.253668 1
6.498818 1.877933 1
5.544936 3.387389 1
5.672415 3.443717 1
5.817223 2.939673 1
7.310883 3.038144 3
6.404159 1.871603 1
6.919560 2.163072 1
6.833597 2.217250 1
6.324122 0.610765 2
6.232086 0.489105 2
6.351065 0.492053 1
5.964937 0.861226 1
5.967681 0.740476 2
5.254696 3.469616 1
5.356595 3.148484 1
5.688493 2.933833 1
6.319388 0.847432 1
6.209965 0.725599 2
6.376384 0.726212 1
7.258426 1.044417 1
7.190665 0.931192 1
6.351488 2.797552 1
5.559829 2.921219 1
5.639620 2.821225 1
6.069672 0.717208 2
5.275603 3.211721 1
4.759320 3.939040 1
6.905020 0.667579 1
6.412480 2.222630 1
6.109220 1.114250 1
6.692377 3.259622 1
7.000378 1.790072 1
7.106781 1.745396 1
7.104016 1.896052 1
6.017458 1.194945 1
7.361111 0.000000 0
7.430360 0.115371 1
7.298603 0.081500 1
7.001577 1.985255 1
6.904934 2.032708 1
4.892799 3.621217 1
4.877970 3.460608 1
4.805853 3.550478 1
6.177104 2.218388 1
7.574777 0.208464 1
7.413603 0.246067 1
7.206226 2.005661 1
7.314125 1.977033 2
7.288234 2.111815 2
6.259442 2.007288 1
7.517454 0.318836 1
4.995025 2.181149 1
5.898433 2.361704 1
5.982413 1.512895 1
5.834264 1.546674 1
5.553351 2.008258 1
5.591503 2.147502 1
5.479326 2.095993 1
6.949171 2.859374 1
6.831521 2.857825 1
6.882554 2.715508 1
5.535244 3.911534 1
6.474845 0.818576 1
6.385768 0.954320 1
6.515819 0.965129 1
6.025159 1.666218 1
6.119349 1.567009 1
6.462369 1.397370 1
6.324215 1.436751 1
7.167843 0.736264 1
7.038102 0.646844 1
6.846932 1.120401 1
6.207385 3.602029 1
7.376606 0.756333 1
7.500000 0.000000 0
5.674036 2.063046 1
6.814268 1.252717 1
6.944895 1.193835 1
6.571663 1.316208 1
6.483446 1.273219 1
6.883154 0.113225 1
4.835374 3.996528 1
7.475721 1.154086 1
7.083333 0.000000 0
7.079720 0.141202 1
6.066569 3.266784 1
6.648148 3.030420 1
6.659159 2.606412 1
7.168542 1.126727 1
7.657166 0.302552 1
7.781382 0.302012 2
5.754136 3.997911 2
5.330670 3.718760 1
5.229077 3.752170 1
5.748894 3.857811 1
6.460124 3.478721 1
7.222222 0.000000 0
7.067441 0.778951 1
6.840494 2.576562 1
6.760593 2.649564 1
6.707620 2.517997 1
5.000618 3.700143 1
5.123907 3.795362 1
4.555039 3.463412 1
5.932649 1.802741 1
4.931655 3.792191 1
5.252491 3.116881 1
5.789452 2.447912 1
5.654687 2.474114 1
7.178379 2.105992 1
6.553916 3.018667 1
5.553119 2.562042 1
5.494925 2.694721 1
5.621850 2.687035 1
5.708072 1.483647 2
5.457215 1.809657 1
5.567788 1.866657 1
5.416706 1.952760 1
4.928566 2.422585 1
5.776108 0.965661 2
5.857598 0.815424 2
6.502028 0.681337 1
6.455020 3.605576 2
7.265856 0.824856 1
6.866995 1.028238 1
5.769532 3.529817 1
6.177589 3.490413 1
6.991859 2.737978 1
7.108499 2.672402 1
7.617286 0.798666 1
5.358227 2.687617 1
5.303451 2.895233 1
5.403417 2.797689 1
5.429600 2.915470 1
7.440787 2.773346 2
6.144776 3.030098 1
6.330319 3.680072 1
6.453152 3.767231 2
4.691078 2.196561 3
6.321735 2.117894 1
6.346057 3.572299 1
6.348061 3.445958 1
6.574481 1.762843 1
6.460699 1.758031 1
5.300817 2.774872 1
4.910671 4.378747 1
6.992469 1.889416 1
5.353297 4.189147 2
5.444251 4.126675 1
5.430542 4.274333 2
5.549659 4.177384 2
6.799769 2.448540 1
5.372931 2.074364 1
5.278401 2.024982 1
6.815573 3.308843 2
7.311299 1.434176 1
7.355800 1.524904 1
5.148560 2.706254 1
4.426431 4.309072 2
4.467340 4.192899 1
4.499074 3.366894 1
5.198067 2.804463 1
5.373013 3.032829 1
7.753076 0.535534 1
6.433274 0.580817 1
5.174839 2.619743 1
5.729296 3.741757 1
7.237609 2.614172 1
7.153166 2.542537 1
6.784701 3.180450 1
6.655578 3.156748 1
4.836103 4.272596 1
4.970822 4.493345 2
5.103247 4.421588 2
5.279668 1.913752 2
6.743394 0.907869 1
6.897636 3.204002 2
6.787325 2.759643 1
6.678010 2.730290 1
6.035318 3.017223 1
6.604926 0.235275 1
6.723753 0.280204 1
5.921306 1.142314 1
6.006395 1.997754 1
6.899308 0.555920 1
6.767800 0.593947 1
4.767579 2.825063 2
7.195971 1.807906 1
6.590637 1.189853 1
5.843804 3.761670 1
4.871843 2.202187 2
7.559259 0.720355 1
6.424726 2.335515 1
6.958165 2.625986 1
4.762679 2.571348 2
5.736414 2.540970 1
7.646367 0.999774 1
4.522327 3.976162 1
4.433736 3.897782 1
4.591756 3.867225 1
6.209862 1.066738 1
7.322326 2.547752 2
5.525003 2.804276 1
5.843597 1.911012 1
5.949358 1.913687 1
6.626881 2.198417 1
5.449541 3.355074 1
6.125888 3.393376 1
7.063766 1.154066 1
6.201790 0.855314 1
5.740881 3.308495 1
5.795193 3.431835 1
5.922396 1.609534 1
6.317778 1.914775 1
6.104757 2.647847 1
6.498920 0.145414 2
6.955204 0.201777 1
6.845220 0.241074 1
6.013796 3.411810 1
4.633486 4.354214 1
4.613379 4.491912 2
4.518124 4.381610 2
5.718493 1.931503 1
5.491444 3.009066 1
6.569833 0.765405 1
7.040461 2.535963 1
4.491944 4.086090 1
4.394097 4.005012 1
5.781999 2.106490 1
4.508618 3.793003 1
5.449452 3.446203 1
5.348793 1.834921 2
5.418162 1.689044 2
6.886305 2.395355 1
6.789903 2.320815 1
6.932283 2.288611 1
5.627527 3.318141 1
6.511671 1.081840 1
6.575046 0.857318 1
7.330197 1.864834 2
7.238861 1.890927 1
7.288260 1.771016 1
6.417073 1.053950 1
5.755952 2.834142 1
7.441488 1.573872 2
6.322611 2.328206 1
6.273861 2.219225 1
7.146887 0.834979 1
6.962265 2.992604 1
6.872154 3.083266 1
7.281088 0.725714 1
4.844534 4.120267 1
6.998342 2.405602 1
6.315060 3.798978 2
4.746282 4.023415 1
4.615785 4.052131 1
4.648560 3.952608 1
4.770158 3.460246 1
4.695701 4.120321 1
6.578643 0.084081 1
5.845794 3.290335 1
5.897887 3.398452 1
6.119900 2.949749 1
4.751874 4.209885 1
5.544065 2.402545 1
7.809556 0.964260 2
4.310056 3.929770 2
7.740407 0.769692 1
7.662305 0.690173 1
7.794248 0.634852 2
5.195613 2.110418 1
5.169352 1.977927 2
6.645611 0.936113 1
6.675809 2.285191 1
6.152049 2.750640 1
6.176887 2.866034 1
5.509090 2.200744 1
6.251194 2.425773 1
4.747875 4.543130 1
4.666161 4.606328 2
4.359907 3.812293 2
4.439803 3.695257 2
5.231665 3.874136 1
5.332923 3.944551 1
7.702896 0.885367 1
5.120804 3.930712 1
6.451737 3.351694 1
5.440802 3.996083 1
5.425378 3.879509 1
5.329196 3.825469 1
5.781554 2.009484 1
4.838349 4.462823 1
7.810327 0.850372 2
5.633647 3.820791 1
5.519513 3.798273 1
5.626534 1.947606 1
5.584702 2.271896 1
6.944445 0.000000 0
5.665025 1.848221 1
6.918958 2.495602 1
7.846552 0.756488 2
5.242271 2.693950 1
5.662192 2.588951 1
4.640522 2.762918 2
6.987447 0.093535 1
6.268794 3.508210 1
4.555874 4.268365 1
4.777213 4.665328 2
4.683551 2.651215 2
7.849445 0.496616 2
4.872369 2.513663 1
6.263386 0.959293 1
4.723359 4.428094 1
5.467221 2.294885 1
7.377967 2.654471 2
4.867213 4.558381 2
7.100437 2.043079 1
7.420715 1.784334 2
4.810153 4.375240 1
6.210627 2.120456 1
6.527778 0.000000 0
6.257380 2.762722 1
6.287323 2.882153 1
6.901521 0.436730 1
4.932013 4.647442 3
5.410939 2.180963 1
6.240714 3.415223 1
5.306698 2.150501 1
5.746908 1.073127 2
5.825987 1.162622 1
5.419442 3.758591 1
4.629376 3.767317 1
5.950565 3.323470 1
4.562174 3.680274 1
7.557285 0.622383 1
6.924089 0.321164 1
4.655750 4.229373 1
4.732930 4.312341 1
4.589895 4.154187 1
5.792207 2.744799 1
4.608068 3.572247 1
4.670556 3.665241 1
5.744256 2.653518 1
6.372652 2.421640 1
6.207363 2.318223 1
5.713305 2.748901 1
4.396381 3.339750 2
7.013205 2.100784 1
4.779534 3.649229 1
4.710295 3.562259 1
6.221040 2.971697 1
 0 1 2
 3 1 0
 4 5 6
 7 4 6
 8 9 10
 11 12 13
 12 14 13
 15 8 10
 16 17 18
 19 20 21
 22 23 24
 25 26 27
 28 3 0
 29 30 31
 32 33 13
 34 35 36
 19 37 20
 18 17 38
 39 40 41
 42 43 44
 45 44 43
 46 47 48
 22 24 49
 50 51 52
 53 54 55
 56 57 58
 59 58 57
 46 60 47
 55 54 61
 62 63 64
 25 27 65
 66 67 68
 69 70 71
 72 73 63
 74 32 13
 75 51 50
 76 77 78
 28 63 3
 79 80 81
 82 81 80
 83 76 78
 84 85 86
 87 88 89
 90 91 92
 93 94 95
 96 97 50
 98 89 88
 99 100 101
 102 103 104
 105 104 103
 106 107 91
 108 109 16
 28 93 95
 110 111 112
 36 113 114
 115 116 117
 118 117 116
 119 120 121
 122 118 123
 124 125 126
 46 127 128
 129 128 127
 62 130 131
 132 131 130
 39 41 133
 134 133 41
 10 135 136
 135 2 136
 137 138 139
 112 111 140
 123 118 141
 142 143 144
 145 41 146
 147 148 149
 150 149 148
 90 92 151
 152 52 51
 56 153 154
 108 155 109
 156 157 158
 38 17 37
 159 139 160
 161 162 163
 164 165 166
 167 16 109
 168 169 111
 110 168 111
 147 6 170
 171 166 165
 101 100 172
 173 156 158
 174 144 143
 62 64 130
 175 176 177
 178 179 180
 106 91 181
 182 183 184
 185 186 187
 188 189 190
 75 50 97
 145 163 162
 185 191 186
 83 30 76
 192 76 30
 73 3 63
 175 177 193
 29 31 194
 195 122 166
 196 197 198
 199 200 201
 202 201 200
 90 203 91
 204 205 206
 19 207 37
 204 206 208
 41 40 146
 209 210 211
 105 20 37
 108 212 213
 124 126 214
 215 216 217
 218 219 220
 221 222 95
 223 217 216
 59 57 224
 42 225 43
 226 227 228
 229 219 218
 230 226 228
 108 16 231
 232 233 226
 234 235 236
 123 166 122
 237 238 155
 147 239 6
 34 240 241
 242 241 240
 237 155 243
 178 68 67
 244 245 246
 38 246 245
 247 221 95
 178 67 179
 62 72 63
 248 104 249
 105 249 104
 250 251 252
 253 254 255
 256 257 258
 245 259 18
 167 17 16
 134 41 187
 260 119 121
 139 138 160
 161 261 162
 262 43 225
 15 10 136
 263 264 265
 266 264 263
 182 184 116
 74 267 32
 196 151 92
 22 210 209
 268 136 269
 270 271 272
 56 58 153
 273 235 234
 39 274 40
 28 0 275
 276 277 278
 169 278 277
 57 279 280
 19 266 246
 281 282 283
 284 283 282
 33 285 13
 11 13 285
 286 287 288
 66 68 289
 57 280 224
 290 291 292
 293 211 210
 38 37 207
 2 294 136
 155 295 243
 296 243 295
 105 37 297
 298 173 158
 159 219 229
 299 300 180
 276 301 212
 302 27 26
 269 136 294
 62 303 72
 72 303 304
 56 154 305
 306 271 270
 307 184 183
 298 236 235
 99 101 308
 309 308 101
 310 311 312
 46 313 127
 242 240 314
 145 162 41
 256 315 257
 316 32 267
 257 317 258
 14 318 13
 256 319 315
 96 320 97
 159 321 139
 129 127 322
 323 280 279
 38 245 18
 10 9 324
 325 326 43
 169 327 111
 328 74 13
 329 324 9
 330 331 269
 268 269 331
 196 92 214
 124 214 92
 332 333 334
 232 335 336
 108 337 155
 276 212 338
 169 339 327
 340 341 342
 332 342 341
 105 103 20
 302 343 27
 344 27 343
 345 153 58
 346 347 339
 185 162 261
 232 336 348
 273 292 291
 108 349 212
 263 265 126
 125 263 126
 164 166 350
 147 149 239
 178 180 351
 15 4 352
 150 49 149
 353 226 233
 323 354 86
 355 356 357
 298 358 173
 353 173 358
 359 360 361
 362 363 1
 364 365 237
 366 365 364
 367 78 77
 368 369 360
 370 371 372
 137 139 373
 46 48 313
 299 180 179
 368 374 369
 375 198 197
 368 208 206
 31 30 376
 22 209 23
 377 378 234
 379 380 381
 382 383 384
 188 385 189
 340 386 387
 388 387 386
 159 389 390
 79 391 392
 393 394 146
 286 395 287
 34 241 396
 397 40 274
 359 398 360
 306 201 131
 256 224 280
 379 399 380
 353 80 173
 400 401 130
 402 391 403
 79 81 403
 119 404 120
 123 405 166
 284 270 406
 302 406 270
 397 65 27
 118 116 184
 346 339 277
 196 214 197
 83 376 30
 407 191 408
 140 317 409
 247 391 402
 410 312 311
 411 170 6
 412 272 271
 368 206 413
 414 413 206
 415 190 189
 416 417 295
 415 418 113
 419 86 85
 407 420 191
 393 421 394
 422 423 424
 195 425 426
 1 363 294
 173 80 156
 80 79 156
 45 43 326
 248 427 104
 215 217 210
 79 403 391
 244 246 266
 159 229 321
 377 390 389
 428 97 320
 195 166 429
 430 18 259
 194 431 432
 370 372 433
 377 158 390
 132 130 401
 56 434 57
 106 435 436
 437 436 435
 438 292 234
 439 440 441
 379 441 440
 377 234 236
 442 177 176
 230 443 444
 155 238 109
 445 100 300
 99 300 100
 419 85 446
 344 447 27
 397 27 447
 66 448 67
 242 314 449
 79 392 156
 296 295 417
 241 450 396
 273 234 292
 451 452 285
 25 65 453
 428 389 160
 106 454 107
 84 86 354
 455 456 457
 445 386 342
 458 318 14
 459 258 317
 53 55 427
 256 280 319
 328 13 318
 186 361 360
 64 95 222
 460 446 461
 416 295 225
 451 382 384
 175 193 462
 118 184 141
 157 390 158
 463 373 9
 419 464 465
 419 446 464
 11 285 452
 296 426 425
 293 210 217
 466 467 93
 438 234 378
 455 468 456
 257 409 317
 307 183 469
 355 357 470
 34 36 114
 471 472 473
 159 390 219
 460 35 396
 472 474 473
 306 131 271
 28 95 63
 64 63 95
 422 424 475
 344 289 68
 476 477 441
 84 354 478
 428 160 138
 281 479 282
 281 480 479
 132 271 131
 355 1 73
 125 481 244
 482 254 483
 253 483 254
 104 427 484
 263 125 244
 244 485 245
 455 245 485
 276 338 486
 330 269 363
 7 6 239
 142 144 487
 445 342 488
 167 365 249
 124 489 125
 124 92 107
 91 107 92
 262 337 213
 45 314 490
 460 396 464
 491 492 48
 98 488 334
 262 225 295
 98 100 488
 493 494 311
 307 469 495
 496 183 497
 412 289 343
 344 343 289
 498 441 477
 286 499 67
 316 267 500
 202 303 201
 501 312 502
 154 502 312
 333 89 334
 310 312 383
 140 111 503
 504 121 505
 120 505 121
 11 452 12
 491 12 452
 140 409 112
 506 228 227
 438 290 292
 192 507 76
 137 76 507
 508 351 509
 476 441 381
 3 73 1
 232 226 335
 232 348 341
 19 510 266
 511 357 356
 512 288 287
 41 162 187
 247 95 94
 31 431 194
 513 314 240
 244 266 263
 202 304 303
 175 462 514
 180 300 509
 286 67 448
 262 295 337
 515 453 65
 4 516 352
 64 222 130
 199 201 480
 451 517 452
 428 320 389
 265 264 518
 171 429 166
 98 172 100
 519 432 431
 25 520 26
 521 522 523
 504 101 172
 353 233 524
 340 342 386
 145 146 394
 19 246 207
 96 50 378
 438 378 50
 379 381 441
 439 51 440
 75 440 51
 355 470 1
 195 429 425
 491 48 525
 137 507 138
 456 526 457
 154 312 305
 192 527 528
 223 503 111
 192 528 507
 268 529 136
 212 301 530
 531 409 315
 257 315 409
 430 259 486
 455 486 259
 513 114 113
 284 282 270
 306 270 282
 132 532 271
 34 114 240
 512 403 81
 340 533 341
 232 341 533
 309 101 505
 504 505 101
 188 190 474
 232 533 233
 45 490 44
 534 535 326
 377 389 536
 201 303 131
 9 373 537
 159 160 389
 215 210 538
 504 88 539
 87 539 88
 332 488 342
 540 541 404
 2 1 294
 242 542 241
 400 221 287
 543 544 545
 7 516 4
 69 26 520
 400 395 401
 180 509 351
 157 219 390
 546 97 527
 45 326 449
 501 384 383
 28 275 93
 466 93 275
 346 457 526
 442 214 126
 157 392 219
 220 219 392
 400 287 395
 276 486 547
 430 486 338
 445 548 386
 549 452 517
 185 408 191
 455 259 245
 410 311 494
 455 457 486
 428 527 97
 521 550 551
 167 249 297
 105 297 249
 29 552 30
 98 334 89
 553 523 522
 325 43 554
 115 471 116
 377 536 378
 186 369 187
 439 555 556
 247 94 391
 220 391 94
 557 558 559
 178 394 421
 325 560 326
 534 326 560
 512 81 561
 388 386 562
 563 564 565
 82 566 81
 120 404 541
 375 197 514
 567 339 347
 306 479 201
 296 425 243
 237 243 425
 185 187 162
 558 331 559
 512 287 221
 134 187 369
 199 480 568
 569 570 352
 463 352 570
 344 68 571
 310 572 573
 329 321 467
 229 467 321
 397 574 40
 362 1 470
 307 495 575
 48 492 313
 557 559 576
 127 576 559
 460 461 577
 223 216 503
 578 579 580
 411 424 423
 511 565 564
 316 573 572
 145 394 163
 508 163 394
 248 249 581
 578 582 579
 178 421 68
 504 539 583
 336 335 444
 102 104 484
 535 584 585
 503 216 586
 171 425 429
 534 584 535
 220 392 391
 587 575 495
 137 77 76
 192 30 552
 108 213 337
 428 138 528
 66 401 395
 29 399 552
 514 197 176
 106 181 435
 588 435 181
 589 70 520
 590 551 255
 93 467 218
 534 278 168
 591 592 593
 142 593 592
 230 335 226
 237 425 364
 171 364 425
 174 413 144
 414 144 413
 185 261 408
 540 408 261
 493 478 354
 594 251 595
 250 595 251
 412 271 532
 388 596 288
 152 51 556
 15 136 529
 515 65 274
 397 274 65
 534 560 278
 5 4 597
 15 529 4
 534 168 584
 286 288 596
 578 575 582
 587 582 575
 169 168 278
 276 278 301
 37 17 297
 22 538 210
 215 598 216
 599 216 598
 600 381 380
 323 494 354
 182 497 183
 149 49 601
 602 603 544
 411 502 170
 553 604 605
 557 475 558
 5 558 475
 606 607 117
 25 453 608
 531 241 542
 501 383 312
 456 454 436
 508 509 308
 422 384 423
 169 277 339
 606 117 609
 118 609 117
 531 450 241
 223 111 327
 496 469 183
 132 401 532
 323 86 610
 93 218 94
 220 94 218
 106 436 454
 110 584 168
 83 78 23
 24 23 78
 437 347 526
 209 431 376
 302 270 272
 400 130 222
 188 611 385
 612 385 611
 99 509 300
 253 551 550
 69 520 70
 606 613 607
 546 614 399
 588 432 435
 266 510 264
 504 583 121
 353 524 80
 504 172 88
 286 448 395
 67 499 179
 521 551 522
 410 494 279
 215 538 598
 496 615 469
 167 109 238
 589 608 616
 591 616 608
 617 618 44
 42 44 618
 546 399 619
 379 619 399
 29 194 620
 323 610 280
 178 351 394
 508 394 351
 25 608 520
 119 621 404
 325 530 301
 299 179 499
 410 305 312
 549 576 313
 127 313 576
 34 396 35
 368 360 208
 398 208 360
 546 622 97
 75 97 622
 589 520 608
 38 207 246
 549 517 623
 591 593 624
 513 490 314
 247 402 221
 400 222 221
 262 213 554
 353 227 226
 512 221 402
 437 526 436
 625 107 454
 567 327 339
 316 500 573
 513 240 114
 437 435 626
 627 264 510
 345 148 153
 147 153 148
 407 408 628
 588 620 194
 629 464 396
 262 554 43
 307 141 184
 299 499 596
 24 601 49
 212 530 213
 326 535 449
 482 483 630
 410 279 434
 29 380 399
 62 131 303
 602 631 603
 223 327 217
 567 217 327
 518 264 632
 513 418 490
 242 585 542
 307 575 141
 633 593 487
 375 252 251
 276 547 277
 621 407 628
 154 170 502
 174 133 374
 265 518 634
 82 524 635
 15 352 8
 463 8 352
 33 382 285
 451 285 382
 543 636 544
 602 544 636
 460 577 35
 269 294 363
 442 197 214
 242 449 535
 90 637 203
 569 352 516
 209 376 23
 167 297 17
 329 9 537
 48 47 525
 491 638 12
 14 12 638
 66 395 448
 617 490 418
 549 313 492
 606 609 426
 195 426 609
 123 141 575
 233 635 524
 496 639 615
 482 630 545
 493 311 573
 588 194 432
 512 561 288
 154 153 170
 370 640 357
 362 357 640
 310 382 572
 186 360 369
 31 376 431
 174 374 413
 368 413 374
 284 71 283
 612 618 385
 617 385 618
 491 525 638
 563 565 641
 642 495 469
 134 374 133
 142 487 593
 155 337 295
 147 170 153
 463 570 643
 463 9 8
 19 21 510
 644 583 539
 599 645 646
 398 204 208
 249 365 581
 33 572 382
 118 122 609
 108 231 349
 442 126 634
 422 623 517
 346 277 547
 513 113 418
 422 517 384
 309 647 308
 508 308 647
 66 289 532
 412 532 289
 14 638 458
 367 643 570
 648 631 639
 115 117 607
 521 523 580
 45 449 314
 310 383 382
 362 470 357
 370 357 564
 511 564 357
 388 562 596
 557 623 475
 422 475 623
 90 649 637
 600 637 649
 466 275 0
 491 452 492
 549 492 452
 230 444 335
 540 628 408
 501 423 384
 302 272 343
 319 465 650
 281 568 480
 90 651 649
 553 522 604
 150 538 49
 55 484 427
 644 260 583
 68 421 571
 617 418 189
 167 238 365
 588 637 620
 22 49 538
 652 653 291
 594 198 251
 375 251 198
 546 527 614
 90 151 651
 42 654 225
 161 163 647
 508 647 163
 393 146 574
 617 189 385
 415 189 418
 599 598 645
 553 655 523
 498 555 441
 439 441 555
 463 643 373
 656 112 409
 445 488 100
 40 574 146
 388 566 387
 627 632 264
 134 369 374
 420 359 361
 115 607 611
 244 481 485
 625 485 481
 332 334 488
 578 405 575
 123 575 405
 29 620 380
 66 532 401
 553 657 655
 69 406 26
 302 26 406
 633 487 144
 192 614 527
 549 623 576
 174 143 133
 512 402 403
 39 143 658
 39 658 274
 600 620 637
 625 468 485
 455 485 468
 137 373 643
 531 542 409
 656 409 542
 377 236 158
 629 465 464
 594 595 477
 430 338 349
 161 647 659
 309 659 647
 140 503 317
 459 317 503
 388 288 561
 617 44 490
 493 500 478
 138 507 528
 460 464 446
 543 660 661
 594 151 198
 196 198 151
 543 630 660
 298 158 236
 157 156 392
 662 630 483
 518 177 634
 375 514 252
 629 396 450
 199 641 565
 298 235 358
 506 358 235
 75 622 440
 379 440 619
 399 614 552
 188 474 472
 319 610 465
 201 479 480
 96 378 536
 99 308 509
 306 282 479
 42 618 654
 493 573 500
 82 635 387
 629 650 465
 202 200 356
 498 477 595
 265 634 126
 253 255 551
 419 610 86
 319 280 610
 662 483 550
 299 596 562
 82 80 524
 98 88 172
 319 650 315
 366 581 365
 345 645 148
 150 148 645
 493 354 494
 372 60 128
 46 128 60
 212 349 338
 83 23 376
 625 489 107
 124 107 489
 442 634 177
 567 663 217
 412 343 272
 278 560 301
 293 217 663
 310 573 311
 39 133 143
 2 135 0
 466 0 135
 142 592 658
 237 365 238
 590 522 551
 428 528 527
 578 580 350
 164 350 580
 600 380 620
 438 50 52
 286 596 499
 53 664 657
 665 657 664
 642 469 615
 345 646 645
 540 659 541
 419 465 610
 325 301 560
 273 291 653
 161 659 261
 540 261 659
 591 608 453
 229 218 467
 393 447 571
 344 571 447
 5 597 558
 268 558 597
 248 664 427
 519 626 432
 435 432 626
 388 561 566
 150 598 538
 543 545 630
 515 658 592
 445 300 548
 299 548 300
 293 663 666
 569 667 601
 260 121 583
 139 537 373
 268 331 558
 340 635 533
 233 533 635
 519 211 666
 293 666 211
 115 611 472
 188 472 611
 588 203 637
 5 475 424
 411 423 502
 486 457 547
 346 547 457
 393 574 447
 253 550 483
 340 387 635
 569 668 570
 367 570 668
 437 669 347
 567 347 669
 115 472 471
 606 426 417
 296 417 426
 642 636 661
 543 661 636
 656 585 584
 149 601 667
 323 279 494
 588 181 203
 5 424 6
 346 526 347
 164 580 523
 540 404 628
 397 447 574
 56 305 434
 242 535 585
 53 657 605
 175 514 176
 606 417 613
 416 613 417
 420 361 191
 329 467 324
 466 324 467
 142 658 143
 125 489 481
 602 639 631
 553 605 657
 416 225 654
 557 576 623
 656 542 585
 612 607 613
 82 387 566
 355 73 304
 139 321 537
 329 537 321
 521 580 579
 411 6 424
 511 356 200
 55 61 670
 69 71 406
 284 406 71
 437 666 669
 330 363 671
 459 503 586
 594 477 651
 24 78 668
 367 668 78
 330 559 331
 437 626 666
 662 550 579
 53 605 54
 451 384 517
 309 505 541
 120 541 505
 186 191 361
 456 468 454
 202 356 304
 515 274 658
 366 364 672
 171 672 364
 439 556 51
 519 666 626
 569 601 668
 72 304 73
 621 628 404
 591 624 616
 442 176 197
 330 671 322
 612 611 607
 587 660 582
 662 582 660
 195 609 122
 24 668 601
 273 653 235
 506 235 653
 199 565 200
 430 349 231
 248 673 664
 362 671 363
 625 454 468
 430 231 18
 389 320 536
 662 579 582
 91 203 181
 10 324 135
 150 645 598
 531 315 650
 362 640 671
 393 571 421
 476 651 477
 366 673 581
 248 581 673
 53 427 664
 230 228 443
 652 443 228
 625 481 489
 590 604 522
 519 431 211
 209 211 431
 600 649 381
 476 381 649
 59 258 674
 459 674 258
 665 655 657
 476 649 651
 642 661 495
 587 495 661
 521 579 550
 466 135 324
 164 523 655
 137 643 77
 511 200 565
 410 434 305
 330 322 559
 127 559 322
 563 371 564
 456 436 526
 7 667 516
 345 58 646
 59 646 58
 531 650 450
 599 674 586
 599 646 674
 7 239 667
 355 304 356
 594 651 151
 16 18 231
 33 32 572
 316 572 32
 612 654 618
 129 671 640
 192 552 614
 629 450 650
 515 592 453
 591 453 592
 642 615 636
 602 636 615
 59 224 258
 665 673 672
 57 434 279
 602 615 639
 129 322 671
 578 350 405
 166 405 350
 666 663 669
 256 258 224
 662 660 630
 102 484 670
 55 670 484
 599 586 216
 587 661 660
 213 530 554
 325 554 530
 372 128 433
 506 227 358
 353 358 227
 665 165 655
 506 653 228
 652 228 653
 309 541 659
 81 566 561
 370 433 640
 129 640 433
 366 672 673
 268 597 529
 4 529 597
 110 112 584
 656 584 112
 501 502 423
 367 77 643
 370 564 371
 299 562 548
 665 672 165
 612 613 654
 416 654 613
 665 664 673
 569 516 667
 546 619 622
 440 622 619
 164 655 165
 459 586 674
 59 674 646
 149 667 239
 96 536 320
 171 165 672
 386 548 562
 567 669 663
 129 433 128
 0
 0
 0
 0
 0
 24
 498 438 250 332 87 152 652 336 333 341 290 89 539 444 595 514 462 348 252 443 291 556 555 52
 13
 590 482 648 544 254 255 603 54 545 631 605 61 604
 13
 102 627 103 20 518 21 177 462 510 61 670 632 193
 0
 24
 473 496 415 182 328 84 648 36 74 116 85 35 446 461 474 478 577 190 267 639 113 497 471 500
 25
 589 199 414 281 328 633 372 563 206 593 70 638 144 641 318 283 616 47 71 60 525 624 568 371 458
