658 1211
4.197526 1.870366 1
4.205878 1.765920 1
4.353964 1.802044 2
4.266956 1.957000 1
2.778845 2.835404 1
2.722581 2.737618 1
2.902174 2.798072 1
0.396185 2.183249 1
0.485793 2.257014 1
0.408222 2.362005 1
1.124692 2.502292 1
1.228799 2.671952 1
1.078740 2.622919 1
1.260920 2.524205 1
2.799273 2.657090 1
2.045098 3.303173 1
2.145648 3.373467 2
1.976770 3.446197 2
0.307372 2.242768 1
1.891838 1.660905 1
1.812134 1.749249 1
1.768777 1.588196 2
1.715435 1.715435 1
1.754323 2.040810 1
1.758451 2.202305 1
1.616540 2.144050 1
0.322056 2.511587 1
0.277052 2.371028 1
3.777970 3.146677 1
3.652420 3.199282 1
3.661256 3.088212 1
3.743002 3.263467 1
3.813725 3.367210 2
3.647573 3.329685 1
2.583424 2.501775 1
2.701661 2.377132 1
2.695099 2.498819 1
1.941770 2.558034 1
1.986268 2.386796 1
2.062971 2.489299 1
0.454521 2.808389 1
0.571388 2.861906 1
0.452134 2.950124 1
3.035245 2.932065 1
2.925088 2.947470 1
1.127248 1.726203 1
1.287513 1.779542 1
1.172185 1.879920 1
1.512000 3.028704 1
1.638329 2.981352 1
1.652687 3.096948 1
2.287620 1.524415 1
2.254541 1.369898 2
2.361500 1.418024 1
2.571431 3.205691 1
2.535318 3.365102 2
2.434222 3.215888 1
2.399718 3.322978 2
1.860394 2.484539 1
2.169859 1.495364 2
2.344383 2.780520 1
2.410020 2.636260 1
2.463959 2.742223 1
2.741634 3.009562 1
2.625647 3.073562 1
2.667062 2.893990 1
3.445907 2.659313 1
3.518409 2.790100 1
3.368222 2.742452 1
3.029496 1.489282 1
2.902658 1.497932 2
3.032295 1.365025 2
1.616217 1.525900 1
1.625544 1.659426 1
2.260671 2.687577 1
0.000000 3.611111 0
0.000000 3.472222 0
0.145812 3.516792 2
2.972581 3.152143 1
3.051320 3.237915 1
2.891829 3.294670 1
1.626288 2.311020 1
3.083775 2.826700 1
2.770490 3.248269 1
2.759542 3.399570 2
0.215148 2.456833 1
0.000000 1.666667 0
0.000000 1.527778 0
0.166367 1.576067 2
0.929934 2.639890 1
0.910989 2.774923 1
0.801785 2.672930 1
1.774427 3.040984 1
1.793190 3.163004 1
2.529397 2.962426 1
0.794699 2.807750 1
0.959141 3.272808 1
1.114740 3.190928 1
1.042573 3.357720 2
3.368343 3.309905 1
3.518182 3.389859 2
3.370279 3.428877 2
1.946766 2.013768 1
1.849528 1.959829 1
1.990244 1.885894 1
1.152876 3.345575 2
3.451608 3.228068 1
0.571555 2.580719 1
0.703462 2.592797 1
0.657172 2.726656 1
0.985853 1.824786 1
1.035779 1.969255 1
2.857611 3.172049 1
0.000000 1.805556 0
0.127251 1.739763 1
0.133506 1.909086 1
2.556905 2.379816 1
4.296433 1.636482 2
3.948735 2.525645 1
3.998096 2.637498 1
3.843473 2.645442 1
3.842246 2.212200 1
3.712051 2.282257 1
3.704172 2.146105 1
1.529652 2.930318 1
3.683997 3.444801 2
3.390509 2.852428 1
3.084625 1.710023 1
3.214273 1.796005 1
3.044488 1.817739 1
3.938292 2.741144 1
1.669384 2.508442 1
1.783510 2.581631 1
1.639057 2.657163 1
1.573964 2.558412 1
2.641909 2.265342 1
2.293576 2.914561 1
2.211674 2.801809 1
2.157629 2.901798 1
3.833107 2.492996 1
0.325970 2.789191 1
0.430034 2.642692 1
4.062547 2.751495 1
1.900319 2.246005 1
2.059149 2.222981 1
3.486349 2.979638 1
3.405792 3.076089 1
3.373044 2.967898 1
3.287072 3.032096 1
0.339635 1.612239 2
0.418746 1.759923 1
0.268489 1.723210 1
3.754267 2.567093 1
4.592384 2.319388 1
4.691078 2.196561 3
4.696296 2.345913 2
4.580345 2.206484 1
1.864834 2.669803 1
2.436220 1.687967 1
2.544760 1.593015 1
2.582546 1.762051 1
3.469650 1.397828 2
3.586089 1.443134 1
3.520157 1.563006 1
4.462722 2.564050 1
4.526483 2.659689 1
4.347877 2.679267 1
4.475300 2.761858 1
1.907914 3.243223 1
1.757735 3.323189 1
3.635818 1.537494 1
3.698988 1.429815 2
3.747811 1.581453 2
3.408179 1.538060 1
1.204282 1.580212 1
1.276246 1.667205 1
0.711800 3.215925 1
0.817296 3.350409 2
0.664800 3.365109 2
3.560399 3.252693 1
3.544816 3.119268 1
0.816208 2.523963 1
1.859522 1.853826 1
2.530812 1.259939 2
2.437385 1.333153 1
2.440845 1.158403 2
1.454482 2.360494 1
1.366972 2.232490 1
1.514913 2.246294 1
2.303614 2.080386 1
2.467033 2.125870 1
2.314073 2.205104 1
2.414804 2.274356 1
4.178657 1.655982 1
4.198955 1.500195 2
2.344617 1.257511 2
0.000000 2.638889 0
0.000000 2.500000 0
0.156563 2.564223 1
0.691302 2.067234 1
0.783778 1.939588 1
0.854382 2.058358 1
4.038846 3.000278 1
4.123266 2.867643 1
4.188133 2.985779 1
0.575569 2.333369 1
0.555307 2.449255 1
0.990665 2.513189 1
1.388970 3.318665 2
1.514504 3.315554 1
1.492873 3.422162 2
3.739409 2.992201 1
0.651550 1.897666 1
1.083317 1.567965 2
4.312762 2.854862 1
4.226376 2.765024 1
4.375290 2.773214 1
0.949779 3.404397 2
1.279948 1.975235 1
1.295532 2.101532 1
1.163028 2.022084 1
4.203020 2.518538 1
4.284287 2.418287 1
4.327531 2.549852 1
3.698022 2.449470 1
3.621327 2.565028 1
1.556893 1.896948 1
1.426256 1.824901 1
1.530432 1.733837 1
3.549135 2.892482 1
0.562077 1.993732 1
4.173781 2.409400 1
4.576276 2.986893 1
4.676769 2.899004 2
4.701535 3.049531 2
2.658534 3.302438 1
3.038144 2.689117 1
2.920684 2.606197 1
3.070481 2.557373 1
3.534906 1.865153 1
3.688168 1.858842 1
3.667001 2.000325 1
2.029438 3.159523 1
1.700395 1.421035 2
0.097560 2.702323 1
0.547388 3.025512 1
1.950579 1.542280 2
3.298969 1.696324 1
3.402265 1.774331 1
3.335945 1.880307 1
3.126991 1.895258 1
1.287793 2.335515 1
1.282266 3.134658 1
1.200760 3.029277 1
1.066132 3.019356 1
1.414853 1.981967 1
2.992458 1.606666 1
2.871074 1.633615 1
1.679207 2.789721 1
1.508932 2.776086 1
1.619870 2.889459 1
4.072998 1.832016 1
4.070199 1.692867 1
1.781925 2.355033 1
2.990162 2.481465 1
3.026370 3.348619 1
4.029822 3.147438 1
3.900661 3.036299 1
2.715771 1.861416 1
2.616538 1.926217 1
3.218712 2.513155 1
3.355587 2.533348 1
3.277953 2.669799 1
4.034224 1.931055 1
3.923554 1.853063 1
0.796502 2.183070 1
4.044223 2.059058 1
4.154537 2.170261 1
3.992948 2.189189 1
4.079422 2.316966 1
1.355590 2.757757 1
1.427904 2.896766 1
1.250350 2.823003 1
1.605948 3.264765 1
1.468642 3.218100 1
1.552569 3.145017 1
0.458728 2.509269 1
0.531076 3.469311 2
0.501801 3.344194 1
0.303327 2.643407 1
0.204520 2.705582 1
1.904876 3.102249 1
0.000000 2.222222 0
0.000000 2.083333 0
0.130890 2.155257 1
0.848638 3.194028 1
1.105655 2.816049 1
1.152034 2.918720 1
1.013140 2.883109 1
1.276167 2.941524 1
2.513322 1.423509 1
2.630529 1.357583 2
1.311510 1.415828 1
1.181875 1.340844 2
1.350614 1.261764 2
0.587877 1.751007 2
0.528754 1.862419 1
0.325855 1.831504 1
1.321646 1.882507 1
0.405477 3.463461 1
0.378596 3.319889 1
0.268258 3.404548 1
1.352674 2.447920 1
1.353049 2.614886 1
0.729831 1.793274 1
2.673563 1.634048 1
1.072271 2.401469 1
0.922144 2.388603 1
3.193962 1.666452 1
1.464859 2.537365 1
1.029407 2.740659 1
4.640522 2.762918 2
3.793797 2.080250 1
3.834103 2.353311 1
3.951665 2.410690 1
1.179332 2.145504 1
2.174151 3.085896 1
2.100081 2.995924 1
1.980043 3.005756 1
4.133937 2.644026 1
4.077076 2.488711 1
3.514709 1.719278 1
1.687407 3.196637 1
3.433949 2.407681 1
3.570265 2.320343 1
3.555036 2.463536 1
0.455974 3.598279 2
0.303318 3.536052 2
3.196591 2.947488 1
1.627476 1.784595 1
4.562850 2.864707 1
2.529548 2.292510 1
3.806587 1.955921 1
3.944605 1.966865 1
2.518943 1.873322 1
0.360182 2.896423 1
2.818202 2.930408 1
2.709339 2.016364 1
2.803290 1.965028 1
0.092829 2.016189 1
0.226299 1.817828 1
0.969066 3.120357 1
2.404523 1.959093 1
0.355013 3.178329 1
0.264285 3.290146 1
0.243069 3.144606 1
1.453294 2.143997 1
4.365158 2.329854 1
4.413340 2.452439 1
3.622439 1.656989 1
3.719571 1.738871 1
3.590630 2.684185 1
0.856220 3.040886 1
0.748270 3.084017 1
0.132785 3.358270 1
4.540506 1.857687 2
4.410639 1.931589 1
1.866400 2.102868 1
3.518463 2.154564 1
3.409978 2.049430 1
3.524222 2.006972 1
2.305499 2.586493 1
2.329350 2.436040 1
2.447927 2.498250 1
2.426300 1.809981 1
2.331050 1.877390 1
1.717798 1.875217 1
4.551707 2.098530 2
3.233610 2.820423 1
0.420917 1.928146 1
3.609948 1.775104 1
4.109686 1.573721 1
2.649626 1.500520 1
2.765934 1.452646 2
4.370944 3.065555 1
4.445385 2.912859 1
4.486003 3.063442 1
2.429618 2.873436 1
1.638687 2.005035 1
4.476840 2.359542 1
4.469009 2.230560 1
3.105634 3.030736 1
3.212515 1.527108 1
3.306975 1.590395 1
0.849068 1.832281 1
0.866223 1.686136 2
0.000000 3.333333 0
1.536053 2.034399 1
2.097991 1.597253 2
1.998213 1.664424 1
2.212756 2.982619 1
3.004563 3.449836 2
2.875806 3.413953 2
3.905096 3.170962 1
2.586313 2.176878 1
3.717463 2.749289 1
3.705432 2.642207 1
1.002043 1.704599 2
2.262336 1.955468 1
0.720848 1.668843 2
4.567456 3.148981 2
3.845217 1.716956 1
3.796619 1.824731 1
4.299214 2.967769 1
3.904215 2.075878 1
0.957942 2.990262 1
3.322062 1.462646 2
3.253668 3.446566 2
3.259622 3.307623 1
3.970571 1.752461 1
0.690698 2.862676 1
2.276365 3.172421 1
2.319116 3.273398 1
0.537335 2.709244 1
2.385357 3.105984 1
0.246848 2.913737 1
0.321435 3.020672 1
0.169776 3.057310 1
1.580054 1.423513 2
1.507207 1.487833 1
3.308843 3.184427 1
3.145880 2.740204 1
2.057900 2.608670 1
2.111815 2.711766 1
1.976511 2.685504 1
2.005661 2.793774 1
2.413283 1.549996 1
0.472575 1.652194 2
1.572444 2.445432 1
3.108794 1.581715 1
3.944857 3.279537 1
4.080956 3.284735 1
3.979446 3.402946 2
4.129733 3.082790 1
3.839779 3.241144 1
4.133654 1.954951 1
4.167809 2.050471 1
0.000000 3.055556 0
0.108668 2.953682 1
3.436522 2.260481 1
4.274614 2.090020 1
2.107658 2.346035 1
3.959849 2.875437 1
1.910382 2.878036 1
1.864057 2.985655 1
1.750556 2.901249 1
1.129870 2.711843 1
1.363881 3.209672 1
2.141032 3.189655 1
3.883708 1.567199 2
2.087509 2.079071 1
2.189418 2.140769 1
2.199541 2.264792 1
3.139514 2.120711 1
3.296390 2.111793 1
3.199289 2.221692 1
1.882226 2.368093 1
0.000000 1.944444 0
2.171318 2.578232 1
4.540211 2.455931 1
4.611162 2.568521 1
0.208161 2.029161 1
1.256936 3.262984 2
4.675114 2.456182 1
4.762679 2.571348 2
3.631456 2.815304 1
1.928613 1.772891 1
2.850164 2.348053 1
2.930329 2.224630 1
2.984742 2.359340 1
2.105972 2.821742 1
2.241171 2.489126 1
3.485706 2.552667 1
4.224841 2.889864 1
4.312671 2.198335 1
4.106912 3.411744 2
2.314593 1.659975 1
3.393071 2.160466 1
3.827495 2.795848 1
2.601359 2.058598 1
2.521679 1.988620 1
3.204315 1.379568 2
3.121882 1.466238 1
3.295975 2.916973 1
3.223093 2.028296 1
2.826248 2.103138 1
2.779103 2.240019 1
1.021242 2.290112 1
2.861258 2.509342 1
2.772994 2.559116 1
3.837439 2.919240 1
3.739827 2.848954 1
3.659046 2.917655 1
0.000000 2.916667 0
0.000000 2.777778 0
0.126715 2.825142 1
0.105018 3.155647 1
0.897737 2.261121 1
2.953717 1.735142 1
4.225101 2.304498 1
0.338355 2.037788 1
0.294825 1.928411 1
4.409590 2.128758 1
3.152739 2.636584 1
1.609873 3.384493 2
1.693205 3.467392 2
4.683551 2.651215 2
1.899794 3.359475 1
3.940217 2.293453 1
2.200313 3.282825 1
1.434055 2.688274 1
3.942056 1.661629 1
1.524075 2.643659 1
4.292946 3.352727 1
4.196562 3.299059 1
4.326914 3.215930 1
0.785964 2.303798 1
0.769742 2.412311 1
3.088658 2.269545 1
3.226219 2.342403 1
3.102443 2.417721 1
2.774451 1.565211 1
2.614172 2.762391 1
2.540833 2.848108 1
4.363525 2.028943 1
3.180450 3.215299 1
3.155227 3.341714 1
3.204031 3.102371 1
3.623500 2.212112 1
1.412666 1.711518 1
4.185935 3.189254 1
3.319385 2.425381 1
1.824021 3.453087 2
1.807906 2.804029 1
0.588716 3.246781 1
2.715691 1.741103 1
2.168581 2.022651 1
1.494926 1.608590 1
3.615175 1.304414 2
1.096392 1.437640 2
1.201904 1.471797 1
0.660197 2.980864 1
0.635436 3.122160 1
1.755678 2.469362 1
3.432795 1.920420 1
0.990084 2.182014 1
0.891994 2.156935 1
0.961750 2.062615 1
1.069861 2.093642 1
1.297043 1.547593 1
0.668522 2.223001 1
2.547752 2.677674 1
0.594302 2.129804 1
0.468229 2.064114 1
0.000000 2.361111 0
0.104577 2.288904 1
0.107604 2.436661 1
4.244239 2.651063 1
2.822122 1.771414 1
1.355461 3.026949 1
2.754933 3.122748 1
3.607256 2.092462 1
1.683176 2.417166 1
2.317063 1.775103 1
0.770035 2.936203 1
2.654012 2.621906 1
2.676207 3.190542 1
2.691714 2.142068 1
3.304002 2.226061 1
0.468288 3.220364 1
0.500699 2.168376 1
0.167097 3.240989 1
3.609040 2.999769 1
1.464182 1.376227 2
1.396836 1.506192 1
0.912848 1.945715 1
3.024067 2.154481 1
1.201700 2.419512 1
4.797622 2.415462 2
0.188829 2.366446 1
2.942861 2.108407 1
3.346754 2.327696 1
4.396381 3.339750 2
1.378407 1.612362 1
1.887796 2.758913 1
1.770466 2.711713 1
1.982508 2.110129 1
2.291043 3.043742 1
2.404053 3.000973 1
2.998208 3.041924 1
3.083927 3.128006 1
2.157194 2.450393 1
0.264624 2.150678 1
4.540840 1.979222 2
2.907280 2.430012 1
4.473174 3.256110 2
4.444899 3.150003 1
0.670592 2.459717 1
2.910770 2.004319 1
0.883838 2.905522 1
0.447165 3.090198 1
2.508872 2.577290 1
1.160633 2.284393 1
2.909976 1.879384 1
0.000000 3.194444 0
2.033170 1.767027 1
4.256149 3.096748 1
4.767579 2.825063 2
0.688612 2.346434 1
2.321094 2.322698 1
3.134465 3.448697 2
2.499911 3.088206 1
1.253819 2.221075 1
4.453945 2.031813 1
2.226640 2.377940 1
4.223198 3.429797 2
2.872922 3.056670 1
3.123369 1.995431 1
3.022892 2.055470 1
1.422505 3.123403 1
2.148384 1.913549 1
2.044647 2.000212 1
0.538731 3.146183 1
2.129306 1.804879 1
3.021968 1.940591 1
2.812789 1.869311 1
0.565144 2.223985 1
0.208869 2.269420 1
0.226583 2.806432 1
3.231018 1.924711 1
2.043079 2.899563 1
2.200007 1.619631 1
2.771380 1.669078 1
2.233232 1.841750 1
2.284962 3.372878 2
3.320478 1.980983 1
2.217895 1.739479 1
2.442154 2.377958 1
3.956628 1.481164 2
4.070376 1.461076 2
4.006957 1.578603 1
0.080980 3.256537 1
1.084230 2.199133 1
3.406164 1.651777 1
2.667090 3.420545 2
2.792107 2.450197 1
2.112085 1.701302 1
4.334121 3.451462 3
 0 1 2
 3 0 2
 4 5 6
 7 8 9
 10 11 12
 13 11 10
 5 14 6
 15 16 17
 18 7 9
 19 20 21
 21 20 22
 23 24 25
 26 27 9
 28 29 30
 31 32 33
 34 35 36
 37 38 39
 40 41 42
 43 44 6
 45 46 47
 48 49 50
 51 52 53
 54 55 56
 57 56 55
 58 38 37
 51 59 52
 60 61 62
 63 64 65
 66 67 68
 69 70 71
 72 21 73
 60 74 61
 75 76 77
 21 22 73
 78 79 80
 81 25 24
 82 43 6
 83 80 84
 26 85 27
 86 87 88
 89 90 91
 92 93 50
 94 65 64
 90 95 91
 96 97 98
 99 100 101
 102 103 104
 105 98 97
 99 106 100
 107 108 109
 45 47 110
 111 110 47
 78 80 112
 113 114 115
 116 35 34
 117 2 1
 118 119 120
 121 122 123
 48 124 49
 33 32 125
 67 126 68
 127 128 129
 120 119 130
 131 132 133
 134 131 133
 135 35 116
 60 136 137
 138 137 136
 118 120 139
 40 140 141
 142 130 119
 143 144 38
 145 146 147
 148 147 146
 149 150 151
 120 152 139
 153 154 155
 156 154 153
 157 132 37
 158 159 160
 161 162 163
 164 165 166
 167 166 165
 168 169 93
 170 171 172
 173 161 163
 28 31 29
 45 174 175
 45 175 46
 176 177 178
 179 106 180
 181 89 91
 103 182 104
 183 184 185
 186 187 188
 189 190 191
 192 191 190
 117 193 194
 184 195 185
 146 180 106
 196 197 198
 199 200 201
 202 203 204
 95 109 91
 109 108 91
 205 206 9
 181 207 89
 208 209 210
 28 30 211
 199 212 200
 45 213 174
 214 215 216
 96 217 177
 218 219 220
 179 180 29
 221 222 223
 224 152 225
 226 227 228
 215 166 216
 67 229 126
 145 126 229
 199 230 212
 221 231 222
 232 233 234
 83 84 235
 236 237 238
 239 240 241
 168 242 15
 243 21 72
 196 198 244
 42 41 245
 246 19 21
 247 248 128
 249 128 248
 250 129 128
 251 187 186
 252 97 253
 254 253 97
 37 132 58
 226 255 227
 69 256 70
 257 70 256
 133 258 259
 260 259 258
 261 262 1
 81 24 263
 264 238 237
 265 80 79
 202 266 267
 268 269 160
 270 271 272
 66 272 271
 261 273 274
 199 201 275
 276 277 278
 279 278 277
 280 281 282
 283 284 285
 26 9 286
 48 50 285
 287 288 178
 26 289 198
 290 198 289
 12 89 207
 168 291 242
 292 293 294
 96 177 295
 176 295 177
 296 297 298
 254 298 297
 299 282 281
 300 183 301
 302 303 304
 305 212 306
 18 9 27
 300 184 183
 150 307 151
 255 308 227
 288 309 310
 311 310 309
 13 312 313
 305 314 212
 315 160 159
 316 207 317
 127 318 128
 319 313 312
 12 320 89
 321 167 165
 121 123 322
 323 324 139
 208 284 209
 325 220 219
 326 242 327
 328 327 242
 329 119 330
 239 248 331
 283 285 332
 333 334 335
 224 335 334
 336 337 309
 82 338 43
 226 228 339
 321 340 167
 135 116 341
 168 93 291
 342 274 343
 221 329 330
 342 322 241
 123 241 322
 344 160 269
 192 190 341
 40 42 345
 4 6 346
 44 346 6
 145 180 146
 269 268 347
 139 324 118
 347 268 348
 293 349 294
 350 115 114
 96 351 97
 189 352 190
 353 354 355
 356 25 188
 81 188 25
 224 225 335
 222 357 358
 170 172 359
 360 359 172
 254 97 351
 66 361 67
 362 295 363
 142 215 203
 76 364 77
 365 366 2
 23 367 24
 368 369 370
 371 372 373
 344 352 374
 375 374 352
 23 376 103
 156 377 154
 378 338 82
 141 140 289
 305 306 150
 379 150 306
 239 380 240
 381 194 193
 382 301 383
 384 385 386
 60 387 136
 353 310 354
 86 88 114
 23 25 388
 296 298 320
 389 390 153
 156 153 390
 23 388 376
 391 43 338
 392 393 318
 14 237 6
 378 272 68
 394 395 110
 76 396 364
 9 206 286
 179 100 106
 356 397 25
 46 308 47
 398 399 246
 138 136 400
 274 273 343
 50 332 285
 236 82 6
 181 317 207
 265 401 402
 266 403 267
 190 404 341
 265 402 80
 356 188 187
 378 68 126
 290 244 198
 405 406 120
 45 407 213
 189 408 352
 314 395 394
 409 395 314
 232 234 410
 360 172 411
 342 412 274
 1 262 193
 205 9 8
 384 413 385
 276 278 414
 121 414 278
 254 415 298
 173 416 161
 224 334 122
 417 418 101
 261 274 419
 95 420 109
 421 56 422
 92 291 93
 107 109 423
 424 56 421
 425 426 427
 243 72 428
 429 428 72
 283 209 284
 148 146 430
 378 431 272
 92 50 49
 149 151 88
 432 433 434
 435 434 433
 3 2 366
 60 62 387
 51 53 436
 149 437 150
 218 47 308
 93 169 332
 280 259 281
 389 358 357
 99 430 106
 176 363 295
 26 286 141
 107 141 286
 81 438 186
 239 331 380
 392 318 439
 143 263 24
 440 441 442
 305 150 437
 202 204 443
 30 29 180
 28 444 31
 445 3 446
 447 448 427
 368 334 449
 333 449 334
 446 3 450
 300 436 53
 40 423 41
 109 41 423
 38 144 451
 379 307 150
 202 452 203
 453 454 455
 456 282 296
 208 457 284
 242 458 15
 172 459 411
 460 461 144
 462 144 461
 11 282 456
 463 464 465
 143 38 466
 467 113 115
 432 468 433
 164 166 223
 164 469 470
 121 323 122
 224 122 323
 471 294 349
 252 472 97
 105 97 472
 473 474 470
 405 475 361
 110 395 407
 182 476 104
 477 478 479
 435 433 480
 375 352 408
 371 481 372
 405 361 406
 319 186 438
 225 361 482
 214 483 215
 251 186 312
 319 312 186
 484 277 450
 485 442 441
 440 266 441
 371 373 61
 305 409 314
 316 10 207
 394 200 314
 212 314 200
 51 436 486
 368 487 369
 405 120 488
 158 436 159
 489 190 490
 491 492 71
 378 126 493
 63 65 346
 182 103 376
 54 235 55
 494 464 463
 92 455 454
 495 478 496
 477 496 478
 142 329 215
 81 186 188
 99 101 418
 146 106 430
 362 351 295
 120 406 152
 356 219 255
 218 255 219
 316 317 497
 498 237 499
 499 237 14
 58 466 38
 236 6 237
 500 211 501
 502 501 211
 170 163 162
 218 220 47
 218 308 255
 425 427 448
 503 504 505
 447 427 506
 142 203 452
 317 507 497
 158 486 436
 257 256 508
 4 346 65
 279 277 509
 379 510 511
 471 511 510
 328 242 291
 473 470 469
 390 512 377
 246 399 19
 66 68 272
 264 237 498
 270 272 513
 283 169 514
 515 514 169
 342 343 414
 470 516 165
 26 198 85
 165 516 321
 226 376 388
 168 15 517
 17 517 15
 99 418 430
 279 518 278
 260 124 259
 121 322 414
 350 511 115
 471 115 511
 519 15 458
 66 482 361
 319 520 313
 521 411 459
 319 522 520
 523 524 525
 300 301 382
 232 385 340
 526 317 527
 181 527 317
 528 529 530
 257 531 70
 156 390 377
 350 151 307
 326 458 242
 118 330 119
 484 450 512
 532 533 62
 450 534 512
 535 536 79
 195 53 52
 342 241 240
 391 338 537
 500 452 267
 202 267 452
 368 538 334
 46 175 539
 540 441 266
 500 488 452
 532 5 65
 4 65 5
 232 386 385
 540 525 524
 270 529 541
 127 508 256
 333 482 271
 515 169 542
 276 414 343
 543 453 455
 484 509 277
 118 324 330
 176 178 544
 268 160 545
 311 337 77
 300 382 159
 315 159 382
 276 446 277
 299 297 282
 272 431 513
 189 461 546
 123 122 538
 283 332 169
 222 358 223
 429 72 547
 270 530 529
 548 162 161
 300 53 184
 135 496 35
 549 550 213
 133 259 522
 551 552 245
 279 324 518
 214 216 385
 167 385 216
 189 546 408
 280 282 11
 551 245 41
 145 147 126
 58 132 553
 239 554 248
 190 352 490
 50 93 332
 174 213 550
 555 556 557
 555 557 558
 22 20 376
 182 376 20
 270 541 271
 143 24 367
 96 295 351
 40 141 423
 302 559 550
 224 323 139
 199 275 560
 532 62 561
 230 562 563
 279 330 324
 212 230 306
 379 306 230
 26 141 289
 564 565 566
 232 340 233
 489 404 190
 13 313 11
 166 567 223
 528 479 478
 107 423 141
 158 160 374
 344 374 160
 226 397 255
 440 442 32
 259 124 281
 257 508 568
 299 569 253
 252 253 569
 58 263 466
 63 570 64
 311 77 364
 195 184 53
 368 370 571
 81 263 572
 573 486 158
 92 454 291
 215 483 203
 197 566 198
 374 573 158
 48 569 281
 299 281 569
 111 47 220
 226 339 376
 239 241 370
 362 363 574
 551 574 363
 452 488 130
 14 5 575
 202 443 266
 540 266 443
 64 570 576
 214 385 413
 280 11 313
 447 503 448
 135 577 496
 526 507 317
 121 518 323
 225 482 335
 528 465 529
 578 529 465
 221 330 231
 353 579 310
 224 139 152
 58 553 263
 113 86 114
 102 367 103
 23 103 367
 342 240 412
 427 426 355
 432 39 468
 333 335 482
 288 544 178
 580 563 562
 581 355 354
 164 470 165
 30 582 211
 302 583 584
 502 211 582
 526 560 275
 265 79 536
 440 403 266
 315 382 531
 143 466 263
 389 153 469
 473 469 153
 555 497 507
 290 289 140
 123 571 241
 394 110 585
 528 478 586
 14 575 499
 12 207 10
 247 318 393
 279 509 231
 292 294 565
 503 505 448
 251 312 587
 13 587 312
 117 1 193
 473 155 588
 148 537 338
 495 347 348
 261 1 0
 226 388 397
 589 566 565
 500 267 211
 28 211 267
 371 61 74
 495 590 478
 578 591 529
 67 361 475
 551 363 552
 236 431 82
 523 525 592
 46 539 227
 593 539 175
 157 594 595
 302 584 559
 143 596 144
 40 345 140
 280 520 259
 167 216 166
 378 82 431
 215 567 166
 424 597 598
 111 585 110
 133 522 134
 288 310 579
 300 159 436
 429 584 583
 136 598 597
 78 599 600
 601 468 39
 477 35 496
 589 27 85
 471 602 294
 181 91 108
 336 309 287
 62 533 387
 296 282 297
 142 119 329
 365 603 366
 38 451 39
 601 39 451
 543 595 594
 391 600 599
 477 479 604
 167 340 385
 225 406 361
 605 606 410
 605 592 525
 181 108 607
 107 206 607
 495 348 608
 201 200 585
 321 233 340
 311 364 354
 392 491 416
 425 448 505
 526 275 507
 429 583 428
 528 530 479
 22 376 339
 222 231 509
 95 90 609
 462 451 144
 254 351 415
 362 415 351
 495 577 347
 353 610 579
 228 547 73
 535 430 418
 121 278 518
 611 61 373
 251 587 612
 316 612 587
 578 465 464
 613 568 508
 548 171 162
 199 562 230
 333 271 541
 81 572 438
 168 517 169
 325 558 220
 111 220 558
 66 271 482
 236 238 513
 260 49 124
 495 496 577
 221 223 567
 264 498 604
 614 447 506
 228 539 547
 311 309 337
 613 608 348
 164 358 469
 96 98 217
 143 367 596
 417 536 418
 249 248 554
 232 410 386
 116 34 373
 611 373 34
 615 104 476
 107 286 206
 45 110 407
 384 525 616
 540 616 525
 323 518 324
 394 585 200
 225 152 406
 321 617 233
 83 112 80
 7 18 602
 179 33 100
 125 100 33
 275 556 507
 299 253 297
 510 7 602
 84 80 402
 526 618 560
 205 560 618
 549 303 550
 532 575 5
 360 240 380
 311 354 310
 379 563 510
 298 609 90
 356 255 397
 107 607 108
 205 607 206
 462 191 619
 205 618 607
 72 73 547
 334 538 122
 181 607 527
 429 547 584
 593 584 547
 356 187 219
 471 510 602
 265 620 401
 265 536 620
 54 56 621
 325 219 622
 623 377 512
 54 621 64
 350 114 151
 88 151 114
 581 354 364
 485 441 524
 462 619 624
 485 524 625
 290 505 244
 504 244 505
 302 550 303
 78 112 626
 131 553 132
 302 304 583
 54 576 235
 12 11 456
 342 414 322
 494 463 627
 628 627 463
 315 545 160
 94 598 387
 136 387 598
 519 16 15
 279 231 330
 252 629 457
 564 292 565
 630 631 104
 189 191 461
 462 461 191
 551 420 574
 135 341 404
 197 564 566
 391 537 600
 632 245 552
 615 633 104
 630 104 633
 613 129 634
 204 203 483
 288 287 309
 94 64 621
 623 366 603
 484 390 357
 389 357 390
 36 575 34
 611 34 575
 247 128 318
 593 547 539
 473 588 474
 630 546 631
 127 256 439
 28 267 403
 268 635 348
 425 140 345
 613 348 635
 252 569 629
 528 586 463
 205 636 560
 294 602 637
 270 238 530
 199 560 562
 613 508 129
 44 626 346
 63 346 626
 379 511 307
 371 74 468
 433 468 74
 201 585 557
 204 413 616
 384 616 413
 18 637 602
 290 140 638
 131 438 572
 36 499 575
 250 639 627
 264 479 530
 460 144 596
 288 579 544
 57 422 56
 425 638 140
 611 561 61
 62 61 561
 384 606 525
 94 387 533
 632 579 610
 605 525 606
 389 469 358
 12 456 320
 268 545 568
 42 610 426
 353 426 610
 250 128 639
 353 355 426
 535 79 600
 551 41 420
 379 230 563
 424 621 56
 489 577 404
 135 404 577
 435 640 453
 328 453 640
 95 609 574
 51 641 59
 398 59 641
 78 626 599
 46 227 308
 228 227 539
 613 635 568
 157 595 132
 257 568 642
 268 568 635
 326 421 458
 519 458 421
 381 193 262
 276 343 273
 69 439 256
 615 476 399
 19 399 476
 219 187 622
 31 444 32
 440 32 444
 48 281 124
 510 563 7
 95 574 420
 344 490 352
 208 472 457
 44 599 626
 375 408 643
 630 643 408
 102 596 367
 427 355 506
 581 506 355
 519 644 16
 425 505 638
 362 574 609
 432 37 39
 170 162 171
 293 467 349
 13 10 587
 578 487 449
 70 531 383
 369 645 554
 470 474 516
 467 115 349
 290 638 505
 261 0 445
 276 273 445
 204 616 443
 540 443 616
 580 7 563
 51 486 641
 646 641 486
 261 419 262
 241 571 370
 69 71 492
 102 631 596
 504 196 244
 435 453 594
 543 594 453
 170 359 163
 331 163 359
 471 349 115
 42 426 345
 425 345 426
 69 492 439
 392 439 492
 3 534 450
 298 90 320
 532 65 533
 94 533 65
 628 463 586
 368 449 487
 626 112 570
 264 530 238
 410 606 386
 319 134 522
 611 575 561
 532 561 575
 372 481 624
 601 624 481
 369 554 370
 489 269 347
 174 550 559
 89 320 90
 473 153 155
 331 359 380
 25 397 388
 494 627 639
 372 619 647
 127 439 318
 277 446 450
 83 235 576
 94 621 598
 251 612 622
 111 557 585
 319 438 134
 648 649 650
 381 650 649
 274 411 419
 521 419 411
 528 463 465
 169 517 542
 142 452 130
 164 223 358
 632 544 579
 316 497 612
 396 614 651
 484 357 509
 222 509 357
 54 64 576
 63 626 570
 176 544 552
 632 552 544
 236 513 431
 179 29 33
 31 33 29
 555 558 652
 249 639 128
 252 457 472
 296 320 456
 494 645 464
 260 455 49
 333 591 449
 521 650 262
 381 262 650
 276 445 446
 3 366 534
 580 8 7
 148 338 493
 325 612 652
 578 449 591
 489 347 577
 460 596 631
 83 576 570
 424 421 597
 325 622 612
 372 647 373
 535 537 430
 540 524 441
 148 493 147
 261 445 273
 3 445 0
 523 625 524
 601 481 468
 371 468 481
 369 464 645
 521 262 419
 328 291 454
 529 591 541
 360 380 359
 133 132 595
 331 248 653
 247 653 248
 478 590 586
 396 651 364
 55 235 654
 84 654 235
 157 37 434
 326 597 421
 424 598 621
 362 609 415
 259 520 522
 623 534 366
 484 512 390
 521 459 650
 648 650 459
 280 313 520
 477 604 655
 519 421 422
 613 634 608
 628 608 634
 535 600 537
 392 492 491
 498 655 604
 260 258 455
 201 557 556
 270 513 238
 109 420 41
 381 649 194
 360 412 240
 581 364 651
 398 656 399
 615 399 656
 325 652 558
 462 624 451
 601 451 624
 535 418 536
 264 604 479
 60 137 74
 433 74 137
 392 416 393
 173 393 416
 131 134 438
 249 554 645
 148 430 537
 111 558 557
 460 546 461
 78 600 79
 328 454 453
 432 434 37
 201 556 275
 251 622 187
 315 531 642
 578 464 487
 192 647 619
 254 297 253
 500 501 488
 283 514 209
 210 209 514
 198 566 85
 589 85 566
 92 49 455
 250 627 634
 628 634 627
 623 512 534
 495 608 590
 368 571 538
 123 538 571
 176 552 363
 523 657 625
 316 587 10
 102 104 631
 83 570 112
 350 307 511
 440 444 403
 173 163 653
 331 653 163
 250 634 129
 294 637 565
 519 422 644
 417 620 536
 382 383 531
 17 542 517
 127 129 508
 589 565 637
 239 370 554
 173 653 393
 247 393 653
 646 486 573
 57 644 422
 384 386 606
 477 655 35
 205 8 636
 192 341 647
 116 647 341
 36 35 655
 460 631 546
 543 455 258
 523 592 657
 555 507 556
 204 483 413
 214 413 483
 138 327 640
 623 603 377
 555 652 497
 328 640 327
 369 487 464
 298 415 609
 630 408 546
 192 619 191
 284 457 629
 257 642 531
 375 573 374
 405 488 501
 116 373 647
 315 642 545
 133 595 258
 120 130 488
 628 590 608
 333 541 591
 632 610 245
 42 245 610
 498 499 655
 36 655 499
 19 476 20
 182 20 476
 607 618 527
 48 629 569
 138 400 327
 378 493 338
 326 327 400
 589 637 27
 593 559 584
 580 636 8
 360 411 412
 28 403 444
 145 582 180
 30 180 582
 18 27 637
 581 651 506
 543 258 595
 284 629 285
 48 285 629
 157 434 594
 126 147 493
 593 175 559
 174 559 175
 614 506 651
 526 527 618
 646 643 633
 630 633 643
 391 599 43
 44 43 599
 274 412 411
 502 229 475
 372 624 619
 612 497 652
 494 639 645
 136 597 400
 326 400 597
 646 656 641
 568 545 642
 344 269 490
 489 490 269
 22 339 73
 228 73 339
 398 641 656
 263 553 572
 628 586 590
 433 137 480
 646 633 656
 615 656 633
 138 640 480
 435 480 640
 215 329 567
 221 567 329
 646 573 643
 435 594 434
 67 475 229
 249 645 639
 502 582 229
 131 572 553
 375 643 573
 580 562 636
 502 475 501
 560 636 562
 145 229 582
 405 501 475
 138 480 137
 0
 0
 0
 0
 0
 42
 549 149 195 117 243 365 305 246 548 183 398 88 2 172 409 161 70 648 21 303 171 185 301 491 304 395 437 59 583 213 71 194 154 416 52 407 649 459 377 603 428 383
 34
 57 336 208 417 485 125 515 105 84 210 17 177 55 217 178 100 77 32 472 101 542 644 442 337 98 401 625 514 654 657 402 16 620 287
 0
 13
 605 321 410 234 474 233 588 154 617 657 592 516 155
 0
 0
