694 1273
5.221864 8.314909 1
5.194563 8.453780 1
5.103426 8.308444 1
5.039473 8.409187 1
4.843771 7.742307 1
4.766234 7.666049 1
4.942622 7.631082 1
4.792192 8.827494 1
4.900336 8.739722 1
4.900708 8.889679 1
5.018963 8.822566 1
6.324848 6.482803 1
6.340768 6.646847 1
6.250611 6.565264 1
4.518532 9.039821 1
4.623083 9.182564 1
4.474886 9.182805 1
4.643481 9.022559 1
4.821928 7.549235 1
6.025010 7.132655 1
5.983438 7.024341 1
6.124147 7.063564 1
6.063959 6.945081 1
6.336443 7.604251 1
6.425355 7.527565 2
6.428321 7.684815 3
6.546347 5.390184 1
6.515219 5.280851 2
6.685428 5.362820 2
6.434163 6.527350 1
4.623034 6.302894 1
4.483908 6.449684 1
4.452465 6.301439 1
3.642383 7.890832 2
3.511250 7.910295 2
3.556786 7.772664 1
3.421979 7.817657 1
6.244118 7.184323 1
6.266187 7.027318 1
6.347591 7.127566 1
4.690049 8.661431 1
4.815514 8.530622 1
4.799302 8.686742 1
4.711200 8.307444 1
4.741633 8.163024 1
4.860852 8.234040 1
4.410115 6.599568 1
4.332772 6.515707 1
4.330570 6.401648 1
3.828752 6.011590 1
3.775733 5.907977 3
3.940711 5.922763 2
3.948256 8.299196 1
3.843820 8.384261 2
3.843518 8.238039 2
3.720820 6.912322 1
3.724187 6.781441 1
3.827966 6.839842 1
4.835890 8.349513 1
5.996070 7.736128 1
5.958368 7.915096 2
5.865686 7.811341 1
5.033668 8.974723 1
4.887443 9.018431 1
4.550435 6.184982 1
5.160952 8.874516 1
5.117629 9.121278 1
5.054770 9.226753 1
4.976250 9.108380 1
6.362182 7.384542 1
6.409706 7.225019 2
6.497157 7.378639 2
4.682370 6.145089 1
4.738197 6.044947 2
4.770121 6.206210 1
4.595613 8.187726 1
4.511151 8.049745 1
4.657690 8.056572 1
6.296477 6.291746 1
6.178900 6.299035 1
6.199009 6.150740 1
3.623137 6.846333 1
4.844717 6.127686 1
4.543251 6.941085 1
4.651010 6.849020 1
4.676975 7.006541 1
6.577372 6.121279 1
6.721230 6.140491 2
6.586689 6.236336 1
6.462371 6.286243 1
6.550437 6.430156 1
6.375656 6.392724 1
3.711240 7.702978 1
3.753700 7.593210 1
3.852340 7.744352 1
5.219138 6.610251 1
5.205322 6.783471 1
5.094726 6.711517 1
5.838173 7.692947 1
3.880420 7.593835 1
4.992723 9.561673 1
4.955625 9.444233 1
5.100862 9.495233 1
5.104562 9.353175 1
5.571858 7.994799 1
5.702821 7.933967 2
5.684880 8.078018 2
4.209164 6.676344 1
4.083702 6.608777 1
4.210244 6.520789 1
4.047033 6.461767 1
4.134202 8.347101 1
3.981994 8.390379 1
4.054682 8.266901 1
5.326624 8.394687 1
5.455002 8.323562 1
5.448535 8.493784 2
6.126753 7.757062 1
6.265494 7.724443 2
6.192368 7.834031 2
5.281036 8.087737 1
5.183760 7.973964 1
5.325183 7.953028 1
5.229473 7.854873 1
6.850639 5.821062 1
6.764899 5.732218 1
6.949240 5.690904 2
5.602718 6.699167 1
5.685526 6.823863 1
5.533053 6.801820 1
6.197004 5.609816 2
6.292776 5.740302 1
6.176824 5.767386 2
6.232662 6.425375 1
4.176283 7.510770 1
4.021476 7.534031 1
4.107207 7.367772 1
3.968200 7.421478 1
3.615132 6.728545 1
6.807890 5.608046 2
4.007149 7.706590 1
6.036715 7.571488 1
6.139481 7.641781 1
4.928938 8.408052 1
6.324090 5.449898 1
6.212828 5.480120 2
6.250869 5.309196 2
6.090784 7.860630 2
3.245531 7.230278 1
3.155838 7.313945 2
3.091022 7.181091 2
6.707098 6.267285 2
4.752560 9.091887 1
4.753585 9.217464 1
4.921981 8.624599 1
4.255176 8.445662 1
4.310953 8.315970 1
5.317335 8.524278 1
5.448219 6.482357 1
5.550116 6.335684 1
5.598416 6.473492 1
5.385935 6.762380 1
5.444646 6.913848 1
3.892871 7.484823 1
5.214862 8.622054 1
5.107150 8.727748 1
5.044873 8.595980 1
5.285058 6.963790 1
5.303810 6.851843 1
6.348578 6.008866 1
6.448305 6.119336 1
6.317267 6.096814 1
5.664499 7.207910 1
5.646004 7.361714 1
5.534051 7.227073 1
5.494450 7.360512 1
5.330009 6.659079 1
4.374683 7.131568 1
4.237511 7.038578 1
4.349758 7.017886 1
5.704483 6.374544 1
6.420067 5.386676 2
4.050963 8.481641 1
4.659850 8.878281 1
4.771643 8.955138 1
4.218152 7.147321 1
5.749829 6.701849 1
3.777973 6.416477 1
3.922608 6.355734 1
3.912579 6.474751 1
4.566793 6.573065 1
4.145229 7.234875 1
4.059261 7.122772 1
5.248151 9.549439 1
5.089444 9.635806 1
5.225109 9.663507 1
4.864355 9.365487 1
4.799243 9.464533 1
6.086353 6.241210 1
4.813176 7.911351 1
4.948983 7.864202 1
4.549316 8.906294 1
4.448827 8.208036 1
4.059628 6.004992 2
3.938392 6.086611 1
4.694573 8.537153 1
3.927176 6.221677 1
3.770183 6.156655 2
5.057843 6.603064 1
4.888464 9.546127 1
4.344721 9.139347 2
4.397971 9.039911 1
6.290893 6.904168 1
6.397560 6.995712 1
6.405883 6.864030 1
5.928920 7.612831 1
5.534955 8.410294 2
5.204967 6.904642 1
5.076235 6.911542 1
6.529588 5.553187 1
6.684817 5.529173 2
6.574519 5.663994 1
6.690910 5.668113 1
5.040743 7.991185 1
5.087064 7.877637 1
5.892580 6.036529 1
5.829604 5.902960 2
5.930879 5.901834 1
6.348769 6.192240 1
3.510660 7.636990 1
3.447775 7.505364 1
3.627092 7.551364 1
3.559541 7.424548 1
5.054564 6.800837 1
5.635381 6.053502 1
5.708464 6.179259 1
5.580335 6.184878 1
5.724779 7.792501 1
5.813758 7.908040 2
4.557470 9.579404 1
4.409207 9.553614 2
4.558940 9.462377 1
4.451516 9.419845 1
5.087629 7.126500 1
5.238856 7.112688 1
5.122115 7.262406 1
5.279744 7.252313 1
4.534422 7.490746 1
4.536436 7.376394 1
4.672927 7.475581 1
4.652640 7.350923 1
4.834458 7.281233 1
4.974308 7.230979 1
4.991446 7.348893 1
5.115304 7.631296 1
5.248849 7.594256 1
5.241812 7.726308 1
5.307677 5.989727 3
5.244080 6.136095 1
5.172787 6.042550 2
4.635546 8.455350 1
4.588533 8.601883 1
4.478090 8.516355 1
4.973298 8.502631 1
4.743224 8.436479 1
4.900292 7.423846 1
5.125394 7.766198 1
4.911258 9.657254 1
5.374543 7.049115 1
5.942912 7.503657 1
5.844851 7.405440 1
5.952569 7.343401 1
6.438160 5.975036 1
4.576108 7.607667 1
5.568016 7.505361 1
5.421016 7.473299 1
4.386937 7.957093 1
4.280149 8.028477 1
4.251044 7.871155 1
4.974689 6.722596 1
4.848577 6.738701 1
4.914988 6.591507 1
4.793907 6.642322 1
4.325822 9.399570 2
4.938622 9.210174 1
4.121198 7.040025 1
4.711037 7.794382 1
5.482297 5.971089 2
5.619124 5.899089 2
4.598866 7.059680 1
3.819483 6.289340 1
6.175334 6.712549 1
3.572550 6.630432 1
3.721129 6.618779 1
5.582434 7.111613 1
5.730698 7.082888 1
4.613519 6.446199 1
6.036983 7.427572 1
4.971705 8.284924 1
4.976001 8.131276 1
4.168963 6.230496 1
4.053305 6.149411 1
4.156271 6.085233 1
6.311346 5.599753 1
5.722375 7.494719 1
5.690073 7.627812 1
6.631111 6.026497 1
5.019590 9.767318 1
4.261810 6.154975 1
5.553058 7.626899 1
3.720242 7.024384 1
3.818640 6.978978 1
3.808242 7.139900 1
4.050350 6.303873 1
5.338184 6.231318 1
5.399867 6.102345 1
5.459824 6.216411 1
5.878323 6.748794 1
6.016706 6.747408 1
5.954902 6.877563 1
5.135509 6.219526 1
5.055723 6.299394 1
4.986338 6.169107 1
5.848434 6.998054 1
5.808165 6.849018 1
4.955557 6.285827 1
6.095220 6.845009 1
5.361442 9.235927 1
5.476700 9.225661 2
5.444541 9.386308 2
5.763447 5.978761 2
4.468042 7.715165 1
4.502781 7.876628 1
4.367325 7.805503 1
5.725727 6.942658 1
4.584562 7.758676 1
4.387048 8.081140 1
6.011650 5.978821 1
5.768535 6.088666 1
4.774349 6.316844 1
4.771996 6.822196 1
4.921848 6.875056 1
4.776976 6.939325 1
5.106018 6.117599 1
3.758244 7.836802 1
5.280290 6.342507 1
5.411267 6.342228 1
5.295508 6.477823 1
4.193398 8.227467 1
4.153456 7.978736 1
4.177986 8.088549 1
4.026791 8.054142 1
4.579339 9.775171 2
4.491577 9.682027 2
4.655893 9.654855 1
4.447915 8.350212 1
4.308178 8.162348 1
3.481774 7.339940 1
3.377903 7.389180 1
4.581967 7.159510 1
4.698600 7.260993 1
4.564543 7.276639 1
4.417337 6.191537 1
5.989936 6.513116 1
6.079998 6.386104 1
6.131536 6.546044 1
5.592066 7.860765 1
4.443876 8.669430 1
4.715678 7.142967 1
3.910329 7.913257 1
5.072101 8.187603 1
4.581558 8.759679 1
4.106899 8.169879 1
4.605456 6.088699 2
5.946052 6.642387 1
5.389594 9.632672 2
5.287799 9.750173 2
6.460231 6.637274 1
5.305802 8.228199 1
4.707977 7.588343 1
4.770649 7.392766 1
5.097023 7.394842 1
3.714106 6.028776 2
5.316194 8.940395 2
5.194096 9.013437 1
6.734489 6.014736 1
3.919438 7.045442 1
6.308508 6.782358 1
4.951414 7.741698 1
3.219912 7.099728 2
4.352052 8.542392 1
5.019200 7.792492 1
5.102235 8.506653 1
5.407197 9.504215 1
4.045402 7.234003 1
5.626664 7.003680 1
5.151985 9.824062 2
5.070296 9.897686 2
5.425395 8.066589 1
3.764626 7.978360 2
5.311906 9.455657 1
5.147015 9.724869 1
4.257246 8.596165 1
4.145428 8.562978 1
4.597871 7.963859 1
4.314149 8.687351 1
3.598216 6.522669 2
5.180929 8.201887 1
4.472039 8.800057 1
5.230484 9.305805 1
5.261732 9.161214 1
4.356926 6.065837 2
4.303561 6.275100 1
5.323923 9.351140 1
6.202116 5.874313 1
6.049241 5.823913 2
6.425797 5.666373 1
4.341845 9.257669 2
3.838081 6.567790 1
4.856603 7.145395 1
4.449424 9.311433 1
5.284117 8.831192 2
5.447165 8.199057 1
3.384366 7.927693 2
3.246407 7.816896 2
4.900376 8.008267 1
5.368001 7.803230 1
6.107842 5.934070 1
4.998565 8.691900 1
5.149235 6.503205 1
4.142662 7.770654 1
4.062350 7.835704 1
5.153835 9.233645 1
5.342384 7.156353 1
6.677935 6.532219 2
6.720660 6.397946 2
5.663185 8.228879 2
5.554943 8.137086 1
6.158843 7.484761 1
6.214417 7.341128 1
6.287699 7.489812 1
6.408441 5.539903 1
3.963344 8.167383 1
6.065762 6.644947 1
6.488848 6.925975 1
5.513700 9.525151 2
5.281466 7.474548 1
5.354449 7.365193 1
4.872307 7.020385 1
4.252996 7.294376 1
4.354853 7.244166 1
5.215716 9.421371 1
6.045297 6.091761 1
4.106539 8.681413 1
4.001079 8.619575 2
3.538919 6.806466 1
3.826000 6.707777 1
6.618821 6.336739 1
5.020481 7.500053 1
4.783399 8.029253 1
5.384756 8.631455 2
5.327545 8.743096 2
4.859877 9.151567 1
5.001524 7.020991 1
3.349836 7.708594 1
5.957688 6.180433 1
6.552126 6.569087 1
6.538285 6.701602 1
6.654490 6.668553 2
6.628255 6.795046 2
4.368837 8.434118 1
6.618520 5.443135 1
5.884179 7.129126 1
3.167779 7.683233 2
3.263058 7.656786 1
6.233740 7.586770 1
4.531622 8.420821 1
4.562901 8.315740 1
6.203375 6.835410 1
3.969505 6.572711 1
5.449233 7.590049 1
4.031507 7.932813 1
4.187191 6.370886 1
3.710642 6.294157 2
5.233618 6.250854 1
3.953669 7.810437 1
5.027209 6.035408 2
4.888825 6.027974 2
4.921330 7.526054 1
6.173964 6.936758 1
3.668547 7.791031 1
4.852577 8.123547 1
4.963239 7.116050 1
3.755050 7.484173 1
3.678781 7.358489 1
3.839210 7.390600 1
3.572624 7.136677 1
3.620426 6.995499 1
3.674249 7.116525 1
3.512885 7.022688 1
6.311791 7.282618 1
6.236439 5.984707 1
5.778982 7.195742 1
5.513087 7.016447 1
5.599947 6.895392 1
6.124454 7.204599 1
3.924407 6.778689 1
3.918741 6.904608 1
3.621964 6.380307 2
3.706648 6.508783 1
6.070055 7.308872 1
5.215215 8.747265 1
4.250460 8.816812 1
4.368865 8.786231 1
4.325902 8.925805 1
4.231218 7.410373 1
6.552555 5.914373 1
6.448441 5.864358 1
6.516156 5.774285 1
4.380692 6.783002 1
4.327588 6.682076 1
4.485376 6.682701 1
4.282556 6.957081 1
4.143545 6.940578 1
4.203537 6.832942 1
4.446509 7.322335 1
4.440694 7.457618 1
6.643902 5.788945 1
5.209591 7.373124 1
4.698592 8.771091 1
4.701714 6.395284 1
5.830730 7.559935 1
5.339095 9.054036 2
5.775057 6.563979 1
5.705297 6.482441 1
5.842587 6.430380 1
4.347909 7.403681 1
4.102388 6.731255 1
4.042965 6.835967 1
5.154410 7.012564 1
3.919992 8.025494 1
3.914390 6.657681 1
4.209990 8.931535 2
4.127783 8.810086 2
3.414002 6.824035 2
3.397062 6.972573 1
3.277380 6.882189 2
4.148323 8.448848 1
5.888014 5.768173 2
5.493474 7.799499 1
5.460635 7.695292 1
5.533744 6.581156 1
5.462663 7.912985 1
3.578867 7.278636 1
5.124939 8.088936 1
5.983962 7.228858 1
4.291726 6.598414 1
5.778348 6.292717 1
5.895851 6.288805 1
5.000000 10.000000 0
4.861111 10.000000 0
4.913227 9.878787 1
4.030770 8.744462 2
4.722222 10.000000 0
4.583333 10.000000 0
4.672441 9.880175 1
5.344021 7.672044 1
6.332316 5.886735 1
5.348897 7.561344 1
6.886796 5.934924 1
6.972481 5.823722 2
4.565258 9.317526 1
4.476462 7.048297 1
4.404589 6.915154 1
4.689008 6.623161 1
4.802021 6.536401 1
4.212398 8.713079 1
5.864811 7.265457 1
5.756623 7.304313 1
4.692145 6.510069 1
3.770442 7.300319 1
5.648269 6.275876 1
4.251238 7.728322 1
5.515975 6.101072 1
3.704860 7.213806 1
3.874635 7.269837 1
4.498084 6.058089 2
7.006169 5.945679 3
3.823353 8.107009 2
4.141549 7.641022 1
3.971478 7.312364 1
4.667230 7.685610 1
4.614072 7.870597 1
4.361379 7.659491 1
4.454059 7.580986 1
6.403038 5.775277 1
3.205936 7.420095 1
3.182489 7.548820 2
3.067519 7.422348 3
3.456605 6.579809 2
5.881123 6.555159 1
4.357193 7.543555 1
4.433757 8.899753 1
6.527028 6.032881 1
3.440204 7.103339 1
3.340920 7.072015 1
6.746459 5.836737 1
6.783448 5.935107 1
4.140000 7.877362 1
6.681101 5.925217 1
5.477098 6.708196 1
4.671092 9.415395 1
4.757458 9.336107 1
4.504460 6.802976 1
6.134613 6.033668 1
5.028214 7.709449 1
3.943378 7.179153 1
5.436562 6.612066 1
5.138889 10.000000 0
4.309435 6.850822 1
4.444445 10.000000 0
4.543991 9.895347 2
3.603919 7.676636 1
3.305654 7.465668 1
4.670959 9.291055 1
4.001836 6.698579 1
5.544349 8.245235 1
5.585395 7.733250 1
4.286083 6.765038 1
4.595124 6.705735 1
3.350084 7.183947 1
5.960152 6.379493 1
4.679265 9.535705 1
6.122543 7.390570 1
4.712487 6.733693 1
5.209268 6.416811 1
5.162119 7.494687 1
4.022027 6.978586 1
5.102062 6.414493 1
5.008130 6.495294 1
3.320114 7.573364 1
4.783470 9.602942 1
4.796529 9.717548 1
3.277499 6.994697 2
5.743260 7.394180 1
4.693612 9.760940 1
6.504592 5.462617 1
4.776282 7.054303 1
3.467101 7.227109 1
6.427768 6.742944 1
5.345887 6.568316 1
5.402276 7.244334 1
4.464261 7.193318 1
3.916076 8.502984 2
5.846077 6.642434 1
5.994973 6.290595 1
3.481405 6.723879 1
3.350997 6.695115 2
5.450286 7.125034 1
6.950093 6.061373 2
4.258708 7.599420 1
6.512930 6.825555 1
4.791667 9.921261 1
4.791667 9.816274 1
6.867051 6.143633 2
6.839781 6.036135 1
5.591185 8.333581 2
3.652785 7.454267 1
5.363317 8.144968 1
3.366880 7.285813 1
3.278885 7.344421 1
4.901669 6.452595 1
3.451642 7.720843 1
4.961455 9.310482 1
4.246490 6.045128 2
4.886454 9.767436 1
4.274262 7.493560 1
5.375149 9.146306 2
6.594790 6.921363 2
5.660082 6.583299 1
4.698055 7.935896 1
4.799413 6.423173 1
4.290026 9.051939 2
3.519023 6.909560 1
3.408854 7.624741 1
4.984843 6.382586 1
4.850798 9.263067 1
5.837869 6.177964 1
5.170027 6.324827 1
4.168519 5.965186 2
6.533076 7.023215 2
6.465974 7.128116 2
4.880465 6.349662 1
4.866957 6.236947 1
 0 1 2
 2 1 3
 4 5 6
 7 8 9
 9 8 10
 11 12 13
 14 15 16
 17 15 14
 5 18 6
 19 20 21
 20 22 21
 23 24 25
 26 27 28
 29 12 11
 30 31 32
 33 34 35
 36 35 34
 37 38 39
 40 41 42
 37 21 38
 43 44 45
 46 47 31
 48 31 47
 49 50 51
 52 53 54
 55 56 57
 58 43 45
 59 60 61
 9 62 63
 10 62 9
 30 32 64
 65 62 10
 66 67 68
 69 70 71
 72 73 74
 75 76 77
 78 79 80
 81 56 55
 74 73 82
 83 84 85
 86 87 88
 89 90 91
 29 91 90
 92 93 94
 95 96 97
 59 61 98
 94 93 99
 100 101 102
 103 102 101
 104 105 106
 107 108 109
 110 109 108
 111 112 113
 114 115 116
 117 118 119
 120 121 122
 123 122 121
 114 1 0
 124 125 126
 127 128 129
 130 131 132
 133 78 91
 134 135 136
 137 136 135
 138 56 81
 125 139 126
 140 99 135
 59 141 142
 58 143 41
 144 145 146
 59 147 60
 148 149 150
 151 88 87
 15 152 153
 17 152 15
 41 154 42
 155 111 156
 114 157 1
 158 159 160
 161 129 162
 99 163 135
 164 165 166
 167 168 162
 161 162 168
 169 170 171
 172 173 174
 175 174 173
 161 96 176
 95 176 96
 177 178 179
 180 160 159
 144 146 181
 182 112 111
 183 184 17
 177 185 178
 127 186 128
 187 188 189
 46 31 190
 185 191 192
 102 193 194
 193 195 194
 196 101 197
 142 118 117
 198 80 79
 52 113 112
 199 4 200
 183 17 201
 75 202 76
 203 204 51
 40 205 41
 206 207 204
 49 204 207
 95 97 208
 65 10 165
 197 101 209
 210 211 16
 38 212 213
 214 213 212
 59 215 141
 216 116 115
 96 217 218
 219 220 221
 220 222 221
 223 200 224
 225 226 227
 78 80 228
 229 230 231
 232 231 230
 233 96 218
 234 235 236
 237 98 61
 237 238 105
 239 240 241
 242 241 240
 211 14 16
 243 244 245
 246 245 244
 247 248 249
 250 249 248
 237 61 238
 110 189 188
 49 51 204
 251 252 253
 254 255 256
 257 258 259
 260 261 262
 41 143 263
 164 1 157
 58 41 264
 251 253 265
 254 256 266
 100 194 267
 167 162 268
 269 270 271
 272 170 169
 140 94 99
 247 249 273
 161 168 96
 175 274 275
 276 277 278
 279 280 281
 282 281 280
 242 240 283
 284 68 67
 285 185 192
 199 286 4
 234 287 288
 83 85 289
 187 290 188
 291 13 12
 138 292 293
 75 77 44
 172 294 295
 89 91 78
 30 296 31
 206 290 207
 269 271 297
 298 45 299
 300 301 302
 130 303 131
 304 305 274
 86 306 87
 307 267 194
 300 302 308
 48 32 31
 309 274 305
 310 311 312
 206 301 313
 300 313 301
 243 245 252
 314 315 316
 114 116 157
 317 318 319
 133 79 78
 316 236 159
 320 321 322
 323 324 319
 325 322 321
 22 319 326
 327 328 329
 234 288 330
 318 326 319
 331 332 333
 66 68 62
 237 305 98
 323 334 324
 331 335 332
 76 202 336
 225 227 337
 279 281 208
 317 324 186
 258 315 314
 234 338 235
 128 186 324
 30 74 339
 30 72 74
 171 228 80
 340 341 342
 320 343 258
 92 94 344
 345 346 347
 158 347 346
 111 348 156
 175 173 274
 276 332 76
 349 350 351
 352 353 354
 239 354 353
 355 156 202
 356 202 156
 357 232 230
 358 357 230
 359 360 361
 362 64 32
 363 364 365
 133 365 364
 89 78 228
 104 366 105
 367 262 261
 359 368 360
 252 245 253
 369 344 94
 370 298 299
 183 201 371
 372 351 350
 72 373 73
 100 102 194
 85 84 342
 317 374 318
 195 375 376
 29 377 12
 59 117 147
 114 0 378
 249 379 273
 250 380 249
 59 98 215
 222 220 139
 381 253 245
 49 207 382
 65 383 384
 110 188 313
 38 213 39
 349 278 277
 385 87 306
 225 330 226
 167 268 244
 386 312 311
 291 12 387
 258 343 259
 4 388 200
 356 348 350
 148 150 389
 367 390 262
 257 315 258
 391 224 200
 164 166 392
 375 193 393
 394 192 191
 395 295 294
 307 396 397
 120 122 398
 369 399 344
 250 360 380
 400 393 193
 307 401 396
 155 402 403
 138 293 56
 76 332 404
 367 405 390
 402 390 405
 293 292 406
 114 378 115
 0 2 407
 2 370 407
 371 201 408
 327 409 410
 195 193 375
 362 308 411
 362 412 308
 327 329 413
 132 414 415
 18 380 265
 416 219 221
 16 417 210
 187 189 418
 251 419 252
 260 205 261
 16 420 417
 65 421 383
 367 261 371
 291 326 318
 422 115 378
 36 423 424
 223 425 200
 123 426 122
 427 415 414
 8 428 10
 95 208 429
 140 430 431
 103 432 409
 59 142 117
 244 268 433
 434 90 435
 436 437 106
 438 439 440
 69 440 439
 416 441 219
 359 289 368
 85 368 289
 372 442 351
 8 42 154
 363 443 374
 214 444 213
 445 375 393
 446 447 275
 175 275 447
 448 342 341
 449 185 450
 177 450 185
 103 451 102
 198 452 80
 363 365 443
 453 454 403
 138 81 455
 293 418 456
 89 457 90
 265 253 458
 77 459 44
 164 460 461
 137 135 163
 340 280 341
 164 157 460
 63 68 462
 276 278 333
 96 233 97
 52 112 53
 448 341 463
 218 463 341
 36 424 464
 279 208 97
 63 462 152
 198 465 452
 89 170 88
 86 88 170
 320 322 343
 18 249 380
 434 466 90
 29 90 466
 467 468 469
 381 458 253
 355 262 470
 203 301 204
 26 28 471
 17 14 201
 182 403 454
 323 472 295
 473 474 424
 142 475 118
 30 64 72
 355 476 262
 260 262 476
 260 477 43
 291 478 326
 110 479 189
 309 480 274
 275 274 480
 356 350 277
 349 351 481
 48 482 412
 207 290 483
 320 258 484
 140 431 485
 486 322 487
 18 265 488
 251 368 419
 22 489 21
 144 303 145
 92 344 490
 183 7 184
 164 392 1
 491 44 459
 448 492 419
 493 494 495
 225 337 452
 496 497 498
 499 497 496
 369 485 481
 500 37 39
 70 500 39
 171 80 501
 300 412 482
 103 67 432
 295 472 502
 395 503 504
 37 439 505
 57 506 507
 133 91 11
 449 136 191
 448 463 492
 406 508 509
 110 313 482
 300 482 313
 103 409 451
 431 481 485
 340 342 84
 510 505 439
 438 142 141
 65 165 511
 162 504 503
 291 365 13
 512 513 514
 449 515 136
 243 252 492
 187 418 509
 438 475 142
 516 517 518
 519 520 521
 522 523 524
 416 221 518
 8 7 42
 525 248 526
 48 109 482
 516 518 527
 446 528 447
 246 447 528
 155 390 402
 183 529 7
 17 184 152
 30 339 530
 98 305 531
 187 509 508
 10 428 165
 110 108 479
 532 410 384
 66 384 410
 158 346 159
 291 318 443
 533 534 535
 4 6 388
 525 526 536
 254 6 458
 107 524 537
 538 537 524
 243 463 539
 218 539 463
 140 485 94
 369 481 540
 77 76 404
 110 482 109
 541 456 418
 512 542 543
 544 545 546
 316 159 346
 257 287 315
 182 111 547
 155 547 111
 104 106 437
 227 548 415
 549 426 550
 180 534 160
 82 487 322
 522 179 178
 251 265 380
 69 500 70
 158 160 551
 310 312 498
 304 274 173
 516 272 517
 348 113 372
 111 113 348
 89 88 457
 351 540 481
 206 204 301
 225 452 465
 549 552 426
 369 94 485
 232 553 494
 291 387 478
 427 337 415
 227 415 337
 223 554 299
 19 505 555
 180 535 534
 33 344 399
 107 109 556
 525 536 450
 449 450 536
 28 220 471
 180 557 535
 558 535 557
 559 560 561
 453 562 454
 563 564 565
 566 550 426
 567 414 131
 40 371 261
 304 531 305
 75 44 43
 57 456 506
 396 401 376
 167 244 539
 293 406 509
 122 426 552
 491 299 45
 164 461 511
 409 432 410
 132 131 414
 100 209 101
 122 552 398
 104 398 552
 446 275 568
 23 25 118
 66 62 384
 65 384 62
 569 124 570
 16 15 571
 60 238 61
 251 380 360
 83 572 573
 282 574 575
 402 576 403
 453 403 576
 577 270 578
 579 575 574
 494 580 495
 180 159 581
 582 333 278
 293 456 56
 107 537 108
 316 583 236
 223 299 425
 391 200 388
 582 278 430
 46 190 521
 276 76 336
 584 312 580
 585 580 312
 362 586 64
 243 539 244
 327 413 409
 40 529 371
 183 371 529
 166 165 428
 394 191 136
 569 570 587
 588 540 442
 351 442 540
 140 589 430
 323 295 334
 395 334 295
 394 136 590
 137 590 136
 591 286 335
 592 335 286
 588 399 540
 369 540 399
 144 441 303
 331 593 594
 279 341 280
 3 1 392
 416 518 595
 234 330 338
 596 597 598
 134 589 135
 140 135 589
 133 13 365
 48 412 32
 362 32 412
 260 476 477
 237 105 366
 599 406 292
 159 236 581
 533 535 600
 234 583 287
 601 594 593
 424 474 464
 572 179 573
 602 514 513
 65 511 421
 63 152 184
 272 603 170
 134 136 515
 137 495 590
 585 590 495
 499 604 545
 605 545 604
 606 124 607
 239 353 240
 278 608 430
 516 527 609
 3 392 263
 166 263 392
 569 607 124
 567 517 272
 510 555 505
 22 20 319
 584 494 553
 592 404 332
 161 610 129
 92 231 93
 486 259 343
 611 612 197
 196 197 612
 519 613 573
 83 573 613
 155 403 547
 591 335 273
 331 273 335
 4 286 5
 304 270 531
 269 531 270
 95 429 347
 80 614 501
 23 118 475
 254 615 6
 611 241 571
 242 571 241
 260 43 264
 58 264 43
 585 616 590
 617 610 176
 610 161 176
 48 47 109
 372 350 348
 618 559 397
 522 178 523
 307 194 401
 104 552 366
 158 551 617
 18 488 6
 316 315 583
 522 524 619
 564 620 621
 367 371 408
 92 622 231
 394 590 616
 128 334 504
 395 504 334
 519 521 613
 417 420 283
 242 283 420
 206 188 290
 584 553 496
 358 230 623
 18 379 249
 363 600 535
 611 571 624
 491 45 44
 538 506 625
 538 625 537
 436 626 437
 323 319 20
 237 627 305
 309 305 627
 69 71 24
 219 471 220
 16 571 420
 107 628 524
 602 14 211
 629 84 613
 83 613 84
 148 389 630
 605 630 389
 46 521 520
 164 511 165
 99 93 493
 363 535 631
 239 241 632
 307 397 561
 558 631 535
 163 99 493
 516 603 272
 567 272 169
 75 43 477
 438 633 439
 282 280 634
 246 244 433
 75 477 202
 355 202 477
 187 508 483
 90 457 435
 538 524 523
 591 5 286
 123 121 224
 223 224 121
 347 429 635
 446 255 636
 120 554 121
 172 174 294
 577 271 270
 187 483 290
 172 578 173
 285 178 185
 162 129 504
 130 145 303
 63 184 9
 356 336 202
 40 261 205
 82 73 487
 386 637 192
 331 333 593
 582 593 333
 449 191 185
 222 139 125
 370 299 554
 638 429 639
 640 597 623
 144 181 441
 0 407 378
 512 514 542
 37 500 439
 559 561 397
 203 302 301
 251 360 368
 120 407 554
 250 361 360
 265 458 488
 262 390 470
 381 245 528
 246 528 245
 19 21 505
 206 313 188
 640 623 230
 63 62 68
 641 642 354
 166 428 154
 546 545 643
 69 439 500
 304 173 644
 318 374 443
 486 343 322
 416 131 303
 510 439 633
 354 642 645
 596 623 597
 441 181 646
 104 437 398
 422 398 437
 276 333 332
 85 647 368
 232 357 553
 611 632 241
 372 113 442
 592 332 335
 584 498 312
 254 636 255
 648 496 553
 591 273 379
 214 387 649
 158 617 650
 317 319 324
 323 20 472
 19 472 20
 564 621 565
 538 523 637
 242 420 571
 208 639 429
 538 507 506
 602 201 14
 175 651 174
 359 652 572
 177 572 652
 368 647 419
 175 447 651
 225 338 330
 89 228 170
 182 454 653
 363 374 600
 538 637 507
 49 382 50
 227 226 548
 304 644 270
 352 565 621
 400 451 413
 409 413 451
 566 256 255
 438 141 297
 269 297 141
 12 649 387
 218 341 233
 279 233 341
 391 266 224
 123 224 266
 648 604 496
 499 496 604
 317 186 654
 340 634 280
 629 521 190
 7 9 184
 198 655 465
 120 378 407
 493 93 231
 400 413 329
 293 509 418
 157 116 460
 38 21 489
 599 656 657
 544 657 656
 276 336 277
 356 277 336
 658 174 651
 123 266 256
 317 654 374
 246 651 447
 198 364 655
 629 190 574
 579 574 190
 569 587 659
 134 660 589
 491 425 299
 36 34 423
 195 376 401
 491 459 425
 199 425 459
 467 469 661
 560 662 561
 663 561 662
 400 329 393
 445 393 329
 606 609 527
 98 531 215
 269 215 531
 532 384 383
 381 636 458
 663 662 565
 563 565 662
 664 87 665
 385 665 87
 219 646 471
 370 2 298
 58 45 298
 127 610 551
 362 411 586
 166 154 263
 216 115 666
 270 644 578
 602 408 201
 235 581 236
 582 589 660
 363 631 364
 3 143 298
 446 636 528
 617 551 610
 23 440 24
 127 129 610
 115 626 666
 254 266 615
 95 347 650
 448 419 647
 386 192 616
 658 433 268
 128 504 129
 52 54 442
 588 442 54
 69 24 440
 234 236 583
 133 364 79
 57 507 311
 356 156 348
 229 231 622
 585 312 616
 31 296 190
 579 190 296
 586 373 64
 449 536 515
 461 421 511
 254 458 636
 83 289 572
 3 298 2
 381 528 636
 584 580 494
 232 494 667
 198 79 364
 123 256 426
 120 398 668
 222 527 221
 518 221 527
 629 634 84
 340 84 634
 58 298 143
 493 667 494
 282 575 281
 510 297 271
 571 15 624
 86 170 603
 386 311 507
 239 632 354
 148 669 670
 291 443 365
 671 281 575
 153 152 462
 549 366 552
 229 35 672
 36 672 35
 602 211 514
 199 200 425
 148 630 669
 128 324 334
 285 637 523
 640 474 597
 167 539 217
 119 147 117
 386 616 312
 611 624 612
 452 337 614
 427 614 337
 434 468 466
 8 154 428
 606 125 124
 252 419 492
 605 643 545
 269 141 215
 467 466 468
 493 231 667
 467 377 466
 29 466 377
 663 565 645
 352 645 565
 386 507 637
 247 526 248
 232 667 231
 37 505 21
 284 67 673
 103 673 67
 300 308 412
 120 668 378
 674 411 308
 422 378 668
 601 593 660
 182 653 112
 331 594 273
 33 35 490
 391 615 266
 355 470 156
 155 156 470
 566 426 256
 663 675 561
 307 561 675
 601 676 536
 30 530 296
 158 650 347
 282 634 574
 133 11 13
 422 437 626
 567 501 414
 473 597 474
 533 654 186
 674 308 302
 582 430 589
 364 631 655
 641 632 197
 26 181 27
 287 583 315
 229 622 35
 327 677 328
 452 614 80
 172 295 502
 549 550 627
 309 627 550
 678 661 469
 127 679 186
 533 186 679
 567 169 501
 601 536 526
 199 459 680
 218 217 539
 77 680 459
 29 11 91
 310 498 497
 222 125 527
 606 527 125
 243 492 463
 395 294 503
 611 197 632
 579 681 575
 605 389 643
 6 488 458
 285 192 637
 579 530 681
 246 433 651
 3 263 143
 584 496 498
 512 405 513
 671 639 281
 682 542 514
 567 131 595
 599 292 656
 138 656 292
 284 462 68
 208 281 639
 427 414 501
 438 440 475
 349 277 350
 237 366 627
 549 627 366
 499 683 497
 345 347 635
 641 354 632
 658 294 174
 95 650 176
 567 595 517
 427 501 614
 126 570 124
 199 680 286
 52 442 113
 195 401 194
 592 286 680
 81 497 683
 512 543 576
 453 576 543
 499 545 683
 560 563 662
 285 523 178
 57 56 456
 640 230 684
 229 684 230
 569 659 665
 577 502 472
 544 683 545
 26 471 646
 367 408 513
 638 639 685
 214 661 444
 648 630 604
 605 604 630
 41 205 264
 260 264 205
 640 684 464
 36 464 672
 512 576 405
 544 656 455
 7 529 42
 640 464 474
 596 598 149
 196 612 686
 153 686 612
 416 303 441
 223 121 554
 349 608 278
 582 660 593
 171 501 169
 214 649 661
 180 581 557
 235 557 581
 46 520 556
 96 168 217
 167 217 168
 682 211 210
 400 193 451
 102 451 193
 171 170 228
 247 273 594
 518 517 595
 648 553 357
 558 687 465
 225 465 687
 467 661 649
 46 556 47
 558 557 687
 235 687 557
 510 633 297
 641 267 642
 629 613 521
 33 490 344
 510 271 555
 279 97 233
 316 346 314
 345 314 346
 638 321 688
 352 354 645
 566 480 550
 638 685 321
 493 495 163
 577 555 271
 284 673 686
 196 686 673
 358 623 670
 596 670 623
 23 475 440
 108 625 479
 374 654 600
 41 263 154
 641 197 209
 544 455 683
 182 547 403
 446 568 255
 566 255 568
 566 568 480
 478 212 489
 38 489 212
 196 673 101
 103 101 673
 577 472 555
 19 555 472
 448 647 342
 85 342 647
 151 435 457
 203 689 302
 422 668 398
 596 149 670
 148 670 149
 541 506 456
 438 297 633
 177 179 572
 585 495 580
 370 554 407
 355 477 476
 307 675 267
 359 572 289
 155 470 390
 92 490 622
 35 622 490
 172 502 578
 72 64 373
 541 479 625
 134 676 660
 213 690 691
 638 635 429
 641 209 267
 522 573 179
 678 444 661
 70 39 691
 658 651 433
 66 410 432
 100 267 209
 137 163 495
 153 462 686
 108 537 625
 558 465 655
 189 479 418
 541 418 479
 467 649 377
 325 685 692
 671 692 685
 127 551 679
 160 679 551
 601 660 676
 151 457 88
 57 311 55
 671 685 639
 66 432 67
 219 441 646
 532 677 410
 327 410 677
 153 624 15
 225 687 338
 541 625 506
 416 595 131
 18 5 379
 629 574 634
 12 377 649
 525 361 248
 577 578 502
 138 455 656
 320 484 688
 478 387 212
 214 212 387
 516 306 603
 40 42 529
 53 112 653
 349 481 608
 431 608 481
 235 338 687
 422 626 115
 325 321 685
 213 691 39
 525 450 652
 177 652 450
 536 676 515
 339 681 530
 310 55 311
 431 430 608
 394 616 192
 267 675 642
 213 444 690
 678 690 444
 558 655 631
 648 357 669
 358 669 357
 367 513 405
 569 665 607
 385 607 665
 250 248 361
 453 543 562
 533 600 654
 173 578 644
 579 296 530
 325 693 322
 82 322 693
 522 619 573
 519 573 619
 339 692 681
 153 612 624
 658 503 294
 674 302 689
 345 635 688
 77 404 680
 592 680 404
 478 489 326
 22 326 489
 658 268 503
 602 513 408
 525 652 361
 107 520 628
 671 575 681
 81 683 455
 345 688 484
 638 688 635
 320 688 321
 310 497 55
 81 55 497
 682 514 211
 663 645 642
 284 686 462
 533 679 534
 160 534 679
 617 176 650
 309 550 480
 358 670 669
 648 669 630
 107 556 520
 359 361 652
 516 609 306
 385 306 609
 671 681 692
 162 503 268
 402 405 576
 134 515 676
 519 628 520
 339 693 692
 26 646 181
 601 526 594
 247 594 526
 109 47 556
 275 480 568
 339 74 693
 591 379 5
 345 484 314
 606 607 609
 664 665 659
 86 603 306
 385 609 607
 229 672 684
 464 684 672
 325 692 693
 436 666 626
 258 314 484
 82 693 74
 391 388 615
 6 615 388
 663 642 675
 524 628 619
 519 619 628
 24
 682 352 33 588 473 417 53 424 399 240 34 454 597 353 542 210 283 543 54 621 598 423 653 562
 15
 544 599 207 150 406 546 508 657 382 389 50 598 149 483 643
 0
 25
 436 445 119 216 532 60 396 375 106 461 105 329 118 421 25 397 147 116 328 376 238 383 677 460 666
 16
 151 434 678 664 70 71 25 435 24 87 469 468 690 691 659 587
 0
 13
 674 257 203 486 259 73 586 51 50 411 487 689 373
 0
 0
 19
 126 257 130 132 28 287 146 139 288 330 220 548 415 145 570 181 27 226 587
 0
