673 1244
6.801157 9.515192 1
6.687997 9.444273 1
6.839583 9.404687 1
6.547130 9.231997 1
6.642835 9.095756 1
6.670410 9.223898 1
6.759707 9.315547 1
8.098322 8.315125 1
8.191681 8.238590 1
8.229992 8.408799 1
8.284565 8.284565 1
7.196783 8.586221 1
7.200417 8.693474 1
7.050214 8.601746 1
6.485560 9.116166 1
7.098999 8.730274 1
5.725996 8.491804 1
5.840215 8.416333 1
5.846289 8.591111 1
5.982413 8.487105 1
6.329707 9.377750 1
6.492596 9.347685 1
6.401016 9.473169 1
6.144520 8.261088 1
6.017505 8.310702 1
6.014330 8.187575 1
5.899400 8.271502 1
8.872752 8.273797 1
8.712487 8.220457 2
8.827452 8.119555 2
6.023907 9.579772 1
5.876548 9.535896 1
6.006768 9.473273 1
8.801050 9.198662 1
8.869520 9.071326 1
8.952404 9.183449 1
6.783435 9.018176 1
6.778850 9.177019 1
8.660706 9.433530 1
8.734312 9.573100 1
8.588496 9.554889 1
7.275660 8.213222 1
7.137843 8.159833 1
7.227174 8.086565 1
6.686429 8.234365 1
6.638235 8.363351 1
6.535256 8.299313 1
9.209220 8.478637 1
9.133777 8.313864 1
9.279152 8.331158 1
6.567698 8.175380 1
6.406180 9.252308 1
8.383783 8.474099 1
8.366885 8.338261 1
6.515550 7.910473 1
6.624644 7.818213 1
6.686428 7.967595 1
8.328498 8.202458 2
8.532495 9.432484 1
8.080065 8.729655 1
8.244508 8.745080 1
8.128414 8.872846 1
8.260413 8.917900 1
8.472222 10.000000 0
8.333333 10.000000 0
8.410002 9.835957 1
6.646036 8.522911 1
6.661362 8.674201 1
6.551526 8.651682 1
8.964221 8.030745 2
9.014147 8.175214 1
5.942748 9.666035 1
8.417400 9.362967 1
8.413969 9.205578 1
8.555108 9.297521 1
8.544679 9.132903 1
6.522646 8.522436 1
8.299604 8.578965 1
8.150883 8.586969 1
8.194445 10.000000 0
8.096696 9.865049 1
8.265920 9.873768 1
7.193438 8.308837 1
6.673309 9.597209 1
6.560266 9.486866 1
8.781828 8.801836 1
8.649385 8.738236 1
8.818125 8.659156 1
5.786549 8.751596 1
5.831116 8.859455 1
5.704263 8.908795 1
5.667077 8.750273 1
6.344052 9.144920 1
6.398485 9.020336 1
9.688526 9.331212 1
9.532619 9.391139 1
9.557771 9.270160 1
6.805555 10.000000 0
6.669086 9.877488 1
6.780723 9.831198 1
8.049421 8.457720 1
10.000000 8.611111 0
9.850028 8.713051 1
9.900642 8.541667 1
8.611111 10.000000 0
8.541667 9.900642 1
8.713051 9.850028 1
5.339095 9.054036 2
5.474401 8.974982 1
5.467297 9.110331 1
8.381642 9.668290 1
8.440768 9.513515 1
8.504643 9.684635 1
8.030688 8.980727 1
7.947371 9.103440 1
7.889166 8.981995 1
9.166667 10.000000 0
9.060560 9.875159 1
9.228572 9.881005 1
10.000000 9.166667 0
9.881005 9.228572 1
9.878537 9.047251 1
6.572844 8.041079 1
9.099599 8.461967 1
6.551444 8.971073 1
5.316194 8.940395 2
5.494482 9.751087 1
5.389594 9.632672 2
5.532137 9.655560 1
9.624427 9.482075 1
9.420495 8.666971 1
9.306875 8.757733 1
9.300120 8.605878 1
8.795718 8.419788 1
8.723754 8.332795 1
8.395918 8.841307 1
9.789640 8.569086 1
9.690856 8.508653 1
9.833633 8.423933 2
8.204013 8.135688 2
9.730481 9.446910 1
9.731496 9.595981 1
5.840853 8.968827 1
6.024354 9.014854 1
5.875474 9.096663 1
9.083322 8.761953 1
9.034164 8.900838 1
8.968506 8.822564 1
9.660365 8.387761 2
5.951161 8.879012 1
6.555438 9.633027 1
9.609865 8.588952 1
9.558648 8.718589 1
9.508277 8.578885 1
6.713991 8.770042 1
6.679886 8.911281 1
6.559259 8.790221 1
5.777870 9.287535 1
5.914904 9.298908 1
5.802255 9.410053 1
5.912392 9.415397 1
8.916683 8.432035 1
7.203186 8.425324 1
7.341808 8.373205 1
9.808538 9.510171 1
5.397138 9.790697 1
8.654994 9.188523 1
9.659810 9.172133 1
9.140837 8.902877 1
7.135184 9.459273 1
7.014851 9.497261 1
7.063276 9.350357 1
6.750058 7.850803 1
6.952539 9.398787 1
9.590465 9.587537 1
10.000000 8.750000 0
8.750000 10.000000 0
7.669065 8.139335 1
7.572391 8.086435 2
7.718913 8.041488 2
7.499422 8.836214 1
7.567285 8.700944 1
7.614100 8.825500 1
9.857409 9.655199 1
9.706584 9.735977 1
9.492661 8.865435 1
9.436858 9.008142 1
9.380994 8.853726 1
9.803100 9.803100 1
8.568278 9.788975 1
5.914955 8.744390 1
5.830169 8.029728 1
5.684880 8.078018 2
5.702821 7.933967 2
9.036724 9.089385 1
7.777778 10.000000 0
7.638889 10.000000 0
7.724136 9.844862 1
6.186282 9.712640 1
6.141191 9.618241 1
6.285971 9.581976 1
7.569445 9.905751 1
9.505859 9.805383 1
9.573610 9.708761 1
9.645881 9.861273 1
6.098043 7.995399 1
5.970793 8.053564 1
5.958368 7.915096 2
7.084967 8.269139 1
8.943639 9.813982 1
9.063405 9.701385 1
8.789272 9.702189 1
8.879976 9.577625 1
8.928077 9.695581 1
9.348514 8.469637 1
7.380812 9.350439 1
7.468836 9.518209 1
7.334869 9.455361 1
7.493327 9.372643 1
9.001785 8.516606 1
8.965353 8.661506 1
8.903607 8.562360 1
9.085503 8.581209 1
7.158516 9.235254 1
7.226109 9.365529 1
5.663185 8.228879 2
5.791213 8.162083 1
8.387732 8.693430 1
9.294868 8.933568 1
9.322405 9.700066 1
9.356080 9.550115 1
9.444659 9.701771 1
9.480726 9.589083 1
8.688490 8.584172 1
6.811966 9.642995 1
8.678230 9.297966 1
5.956855 8.621002 1
6.899935 9.120657 1
9.199769 8.809722 1
9.189078 8.646520 1
7.410687 9.658910 1
7.521936 9.691813 1
5.617157 9.754135 1
5.728519 9.697784 1
5.782080 9.823995 1
6.666667 10.000000 0
5.658605 9.881393 1
8.980009 8.994673 1
6.894502 8.629272 1
6.754989 8.622025 1
6.789530 8.518266 1
8.061770 9.128206 1
6.902410 8.501462 1
7.591715 9.599132 1
8.880564 9.289346 1
9.650190 9.662862 1
8.197098 9.755339 1
7.460124 9.079474 1
7.479390 9.224616 1
7.369483 9.136706 1
8.715010 9.002016 1
8.869476 8.919353 1
7.358087 8.091799 1
6.155670 9.054038 1
6.189645 8.950685 1
6.979998 8.732032 1
7.829123 9.124092 1
6.099037 8.875254 1
9.131266 9.788682 1
9.786017 9.135469 1
7.452580 8.715000 1
6.415514 8.787515 1
6.440328 8.675400 1
7.380548 7.964545 1
7.327610 7.829855 2
7.459446 7.887070 2
8.363414 8.990734 1
8.267426 9.061483 1
6.111039 8.111499 1
6.153409 9.522855 1
6.396385 8.457839 1
6.343915 8.611896 1
6.266117 8.525078 1
9.444445 10.000000 0
9.305555 10.000000 0
9.375769 9.846493 1
10.000000 9.305555 0
10.000000 9.444445 0
9.847774 9.376101 1
5.601561 9.025578 1
5.607803 9.159656 1
7.923119 8.516538 1
7.902009 8.402747 1
10.000000 8.472222 0
5.813758 7.908040 2
8.289546 9.451973 1
9.150931 8.167719 2
9.412123 8.248993 2
9.419034 8.375373 1
7.995249 8.344823 1
9.189544 9.629596 1
9.243043 9.770309 1
5.287799 9.750173 2
7.269433 7.976513 1
6.265505 9.053463 1
6.090784 7.860630 2
8.505263 8.750494 1
8.535817 8.623773 1
6.464293 9.583187 1
8.153561 9.019844 1
5.513700 9.525151 2
7.678721 8.743058 1
8.168123 9.386144 1
8.029886 9.428067 1
8.076845 9.273692 1
7.941777 9.321276 1
5.555555 10.000000 0
5.416667 10.000000 0
5.510119 9.866122 1
8.997957 8.295401 1
9.270805 8.205359 2
8.419946 8.576487 1
5.676312 9.257267 1
5.751612 9.154735 1
7.006534 8.433873 1
7.028942 8.053897 1
6.919601 8.113318 1
6.924795 7.945973 1
6.806640 8.055938 1
8.271926 9.284926 1
9.404091 8.558254 1
7.361111 10.000000 0
7.296700 9.920088 1
7.432374 9.886025 1
6.387387 8.152041 1
6.332718 8.297338 1
6.266655 8.219926 1
6.453265 8.234514 1
6.475371 8.127416 1
8.654115 8.866799 1
9.431934 8.772491 1
8.354466 9.100688 1
8.455243 9.059108 1
5.720436 8.623577 1
5.606541 8.533944 1
8.492793 8.512167 1
9.121969 9.285225 1
9.221124 9.180266 1
9.282174 9.297025 1
5.626382 8.655936 1
7.574777 9.791536 1
7.408272 9.765462 1
8.308353 9.756657 1
9.512856 9.909224 1
9.913005 9.513889 1
6.250000 10.000000 0
6.111111 10.000000 0
6.181142 9.858657 1
8.654727 9.690136 1
6.901500 8.367714 1
7.266487 8.507080 1
7.559837 9.099396 1
7.500000 10.000000 0
9.369934 9.169523 1
9.507711 9.150927 1
9.407161 9.290156 1
6.808378 8.875128 1
6.901810 8.967202 1
9.213453 9.470921 1
7.121701 8.888822 1
7.252378 8.899221 1
7.108465 9.000947 1
6.388434 9.671264 1
8.181029 9.167747 1
5.401987 8.855069 1
8.755107 8.897501 1
6.225852 8.136789 1
6.304467 8.089989 1
9.722222 10.000000 0
9.583333 10.000000 0
10.000000 9.583333 0
10.000000 9.722222 0
7.584832 9.331422 1
7.660341 9.421269 1
7.579844 9.484646 1
7.220484 9.031564 1
8.327882 9.567870 1
6.302894 9.706076 1
6.443992 8.575473 1
6.882627 9.886447 1
6.430508 8.018143 1
8.884953 8.758950 1
5.860522 9.198224 1
7.004992 9.053137 1
7.022418 9.191932 1
6.303124 8.424181 1
5.982752 9.153278 1
7.666224 8.507869 1
7.710230 8.424544 1
7.797597 8.493773 1
5.972222 10.000000 0
5.898700 9.885500 1
6.060734 9.888889 1
7.271050 9.722310 1
7.253049 9.606718 1
7.083333 10.000000 0
7.079720 9.858798 1
7.202360 9.863933 1
6.232851 8.354238 1
6.092814 8.423142 1
7.781382 9.697988 1
7.656583 9.697560 1
5.906887 8.149755 1
8.844609 9.791304 1
8.541244 8.860346 1
7.222222 10.000000 0
7.764816 9.034150 1
8.055555 10.000000 0
7.705776 8.620243 1
6.916779 9.288080 1
7.154130 9.733686 1
7.124003 9.594628 1
7.778578 9.234900 1
7.881345 9.226439 1
7.806282 9.365907 1
6.297576 8.948071 1
6.219924 8.820246 1
8.004167 8.605570 1
7.719052 9.561968 1
5.389453 9.894346 1
6.841384 7.754109 2
6.862159 7.857463 1
5.836073 9.651634 1
5.519876 8.638554 1
6.985586 7.796449 2
7.058541 7.923673 1
7.376606 9.243668 1
6.138964 8.533108 1
6.067565 8.626242 1
7.329925 8.650030 1
7.874085 9.884976 1
7.355088 9.564360 1
6.817110 8.413960 1
5.720968 9.035899 1
9.089998 9.179560 1
6.099948 9.147806 1
5.375149 9.146306 2
7.384907 8.518030 1
6.624095 9.338402 1
6.244683 9.457056 1
9.027778 10.000000 0
10.000000 9.027778 0
8.781221 9.350517 1
9.001717 9.294336 1
8.901231 9.415819 1
8.789835 9.467961 1
6.100932 9.407632 1
6.199639 9.344516 1
7.041790 9.729144 1
6.395429 7.818680 1
6.379520 7.921695 1
7.482370 8.449934 1
5.327545 8.743096 2
5.480383 8.766965 1
5.774346 8.272356 1
5.567767 9.303588 1
5.444541 9.386308 2
5.476700 9.225661 2
7.467947 8.026443 2
7.316314 9.819341 1
7.987757 8.241926 1
8.092755 8.164125 2
7.862401 8.622876 1
7.795235 8.738968 1
8.585171 8.996217 1
6.054611 9.284513 1
6.808969 7.939981 1
9.719251 9.037647 1
9.592237 9.045720 1
6.336432 8.839258 1
9.200950 8.995839 1
7.981822 9.210610 1
7.004952 9.625604 1
7.973966 9.793027 1
7.926123 9.647036 1
8.071431 9.707599 1
8.057083 9.574646 1
7.563559 8.551735 1
6.780162 8.311740 1
5.694445 10.000000 0
7.515350 8.324350 1
7.409687 8.238256 1
7.575780 8.206882 1
7.473275 8.137273 1
7.855938 9.773578 1
5.284117 8.831192 2
5.384756 8.631455 2
9.067988 9.416265 1
9.045720 9.592237 1
9.700743 8.660844 1
9.695756 8.787876 1
5.870399 9.754210 1
5.993177 9.780726 1
6.730762 8.424308 1
6.008992 8.708517 1
6.106747 8.749391 1
6.201482 8.650692 1
9.195999 9.364137 1
9.815688 8.941504 1
9.288770 9.063309 1
9.562283 8.942449 1
6.324863 8.732353 1
5.576140 8.729132 1
7.683282 9.289816 1
9.411857 9.411857 1
9.486769 9.490499 1
5.713191 8.365657 1
7.389845 8.909194 1
7.382853 8.800762 1
7.606037 8.950572 1
7.479389 8.979532 1
7.277528 8.773541 1
7.460085 8.602646 1
6.441116 8.889874 1
8.587319 8.288657 1
6.723753 9.719796 1
6.604926 9.764725 1
5.590402 8.831272 1
7.130146 9.110865 1
7.266002 9.152352 1
8.969739 9.506767 1
9.032669 8.395570 1
8.505053 8.391668 1
5.640282 9.603033 1
8.798096 8.528203 1
6.494907 7.791564 1
7.916667 10.000000 0
5.958299 8.386499 1
10.000000 10.000000 0
9.861111 10.000000 0
9.892176 9.892176 1
10.000000 9.861111 0
6.953569 9.795262 1
6.845856 9.760732 1
9.113083 9.518191 1
8.702957 8.452410 1
7.858946 8.846169 1
7.725531 8.872280 1
7.346021 9.026924 1
6.842145 8.742575 1
9.895024 8.848654 1
8.849010 9.894740 1
7.989208 8.853703 1
6.265494 7.724443 2
6.428321 7.684815 3
6.164565 9.233966 1
7.761899 9.464337 1
7.123057 8.487046 1
5.151985 9.824062 2
5.284987 9.862564 1
8.291677 9.171988 1
9.305600 9.407574 1
6.706133 7.730347 2
5.138889 10.000000 0
5.070296 9.897686 2
5.198089 9.915951 1
6.303110 9.885636 1
6.929001 8.841491 1
8.146068 9.499043 1
8.165795 9.623449 1
6.205282 8.463008 1
6.498373 9.849589 1
6.485882 9.713652 1
6.379928 9.784677 1
6.527778 10.000000 0
6.405153 9.898450 1
9.772626 9.248697 1
7.657934 9.067125 1
8.603163 8.493831 1
6.532987 8.414411 1
7.935765 8.731040 1
9.085225 8.050256 2
6.388889 10.000000 0
7.612805 9.195540 1
7.660402 8.315230 1
7.803555 8.367072 1
7.778971 8.259164 1
5.997921 9.375944 1
9.786070 8.846450 1
7.102448 7.810996 2
6.303704 7.978455 1
6.264444 9.787251 1
9.784898 9.911309 1
9.908722 9.780123 1
9.170499 9.091424 1
6.019511 8.795521 1
6.096767 9.787628 1
8.573744 8.175099 2
8.621593 8.387638 1
7.276907 9.262949 1
5.277778 10.000000 0
7.861919 9.508206 1
7.967513 9.517891 1
7.236239 9.498988 1
7.181079 7.889103 2
8.240347 9.555644 1
7.146385 8.006252 1
9.680498 8.920775 1
10.000000 8.888889 0
8.888889 10.000000 0
6.578643 9.915918 1
6.910433 9.478945 1
8.731964 9.111744 1
7.598155 8.429619 1
5.833333 10.000000 0
6.690825 8.109853 1
8.467096 8.941441 1
8.469419 8.267972 2
7.830669 9.606924 1
7.056210 8.818560 1
8.280940 9.651610 1
7.020594 8.927916 1
9.473185 8.467130 1
6.276409 9.249656 1
5.448535 8.493784 2
7.712763 9.154874 1
9.598125 8.847374 1
6.944445 10.000000 0
6.422322 8.355339 1
9.583376 8.473415 1
9.527425 8.347806 2
5.565848 9.414798 1
8.174481 9.278128 1
6.987856 9.906951 1
7.919417 9.419112 1
7.968060 8.127023 2
6.907895 9.580243 1
7.000827 8.307480 1
6.901956 8.237766 1
6.800545 8.175446 1
7.804010 8.931683 1
7.705962 8.971114 1
5.763889 9.924757 1
6.192368 7.834031 2
6.289138 7.868203 1
5.727032 9.496281 1
5.626346 9.486788 1
5.761691 9.596926 1
8.642211 9.086759 1
7.763533 8.158393 1
7.846719 8.090850 2
7.983394 9.908610 1
5.676509 9.380824 1
7.010829 8.189888 1
5.534955 8.410294 2
6.056384 9.693966 1
7.688800 8.220469 1
5.581451 8.925284 1
5.636427 8.427858 1
6.571133 7.724998 2
8.953975 9.916777 1
9.918360 8.952032 1
7.178983 8.806170 1
5.591185 8.333581 2
6.217739 9.146187 1
5.508369 8.877736 1
6.922500 9.688689 1
7.102002 8.371950 1
6.198315 7.931916 1
9.095088 8.995237 1
7.889706 8.301809 1
7.870694 8.195121 1
6.212695 8.034580 1
 0 1 2
 3 4 5
 1 6 2
 7 8 9
 8 10 9
 11 12 13
 14 4 3
 12 15 13
 16 17 18
 19 18 17
 20 21 22
 23 24 25
 26 25 24
 27 28 29
 30 31 32
 33 34 35
 36 37 4
 38 39 40
 41 42 43
 44 45 46
 47 48 49
 44 46 50
 20 51 21
 52 9 53
 54 55 56
 57 10 8
 53 9 10
 38 40 58
 59 60 61
 62 61 60
 63 64 65
 66 67 68
 69 70 29
 27 29 70
 30 71 31
 72 73 74
 75 74 73
 66 68 76
 77 78 9
 79 80 81
 41 82 42
 1 83 84
 85 86 87
 88 89 90
 91 88 90
 92 93 14
 94 95 96
 97 98 99
 100 9 78
 77 60 78
 59 78 60
 101 102 103
 104 105 106
 107 108 109
 110 111 112
 40 112 111
 113 114 115
 116 117 118
 119 120 121
 122 54 56
 47 123 48
 124 4 14
 107 125 108
 126 127 128
 94 129 95
 130 131 132
 27 133 134
 27 134 28
 62 60 135
 136 137 138
 139 57 8
 129 140 141
 142 143 144
 145 146 147
 148 138 137
 142 149 143
 83 150 84
 92 14 51
 151 152 153
 153 152 130
 154 155 156
 157 158 159
 160 159 158
 27 161 133
 72 74 58
 162 82 163
 164 141 140
 165 127 126
 75 166 74
 94 96 167
 145 168 146
 169 170 171
 172 56 55
 160 32 31
 170 173 171
 129 141 174
 101 175 102
 176 104 106
 177 178 179
 77 9 52
 180 181 182
 183 184 141
 100 7 9
 185 186 187
 188 184 183
 189 65 112
 88 18 190
 191 192 193
 154 156 67
 35 34 194
 110 112 65
 195 196 197
 198 199 200
 196 201 197
 202 203 204
 205 206 207
 204 203 184
 208 42 82
 209 210 117
 211 212 213
 47 214 132
 41 163 82
 215 216 217
 218 216 215
 219 220 221
 222 220 219
 223 224 171
 169 171 224
 225 192 226
 77 227 60
 228 187 186
 229 230 231
 232 231 230
 94 140 129
 233 87 86
 1 0 83
 234 83 0
 235 38 74
 18 236 190
 36 237 37
 74 38 58
 131 238 239
 240 216 241
 242 243 244
 97 245 98
 242 244 246
 247 194 34
 248 249 250
 113 251 114
 248 250 252
 145 239 238
 253 241 216
 33 35 254
 255 174 141
 256 81 80
 257 258 259
 260 261 34
 145 147 220
 41 43 262
 263 143 264
 15 265 13
 114 266 115
 267 264 143
 68 67 156
 136 103 102
 189 106 105
 124 156 155
 40 111 58
 268 118 117
 269 121 120
 270 181 180
 136 138 103
 189 105 65
 271 272 156
 68 156 272
 228 238 131
 273 274 275
 62 276 277
 205 278 206
 124 14 93
 200 199 279
 280 281 282
 283 284 285
 286 287 288
 289 290 109
 291 292 100
 248 13 265
 63 65 105
 293 103 138
 25 206 278
 5 4 37
 64 81 65
 191 294 207
 191 207 206
 72 111 295
 268 117 210
 296 48 70
 297 298 49
 292 299 100
 268 300 301
 165 302 127
 273 262 303
 92 304 93
 205 207 305
 306 227 307
 308 200 22
 268 210 300
 62 277 309
 23 25 278
 310 128 127
 311 182 181
 228 131 187
 312 313 314
 315 314 313
 316 317 318
 27 319 161
 320 48 296
 49 48 320
 60 227 135
 227 321 307
 157 322 323
 248 252 13
 324 13 252
 325 326 327
 328 327 326
 72 329 73
 132 214 330
 202 285 231
 229 231 285
 331 332 333
 334 335 336
 50 337 338
 85 339 86
 130 340 131
 341 342 73
 75 73 342
 343 344 16
 77 52 321
 345 321 52
 346 347 348
 349 344 343
 350 333 351
 110 65 352
 350 351 241
 283 285 353
 287 354 288
 334 337 335
 350 197 201
 355 356 357
 211 39 212
 189 358 106
 211 106 358
 324 252 359
 162 163 360
 257 361 258
 362 331 333
 113 61 309
 363 364 365
 36 366 367
 96 365 364
 368 230 300
 229 300 230
 369 370 371
 308 372 200
 373 314 251
 374 108 125
 260 375 261
 376 377 336
 378 379 204
 380 381 183
 382 383 384
 62 309 61
 371 370 385
 111 386 295
 218 382 384
 198 200 387
 49 298 214
 280 388 281
 97 99 389
 122 390 54
 85 391 261
 147 261 391
 157 323 392
 393 394 237
 145 220 222
 280 282 395
 396 158 392
 397 398 399
 131 239 132
 400 401 402
 240 403 404
 228 168 238
 221 220 87
 377 334 336
 405 406 407
 23 408 409
 396 144 143
 14 3 51
 410 197 411
 350 411 197
 26 412 25
 211 213 413
 339 414 86
 414 306 86
 334 338 337
 415 405 407
 416 115 266
 79 417 80
 418 397 399
 273 303 274
 419 6 37
 420 421 404
 422 423 424
 23 409 24
 425 264 426
 59 427 78
 100 78 427
 383 428 384
 419 37 237
 420 403 407
 317 429 318
 16 18 343
 66 249 67
 316 318 246
 70 48 319
 172 430 431
 23 278 376
 432 31 71
 433 344 349
 434 435 327
 436 259 258
 437 438 19
 409 437 19
 47 239 222
 11 360 439
 195 197 440
 88 343 18
 124 155 4
 36 4 155
 240 404 441
 442 359 252
 323 290 443
 289 443 290
 47 49 214
 267 426 264
 346 444 347
 263 445 143
 107 109 446
 447 439 360
 40 39 358
 1 84 448
 21 448 84
 200 449 22
 116 450 117
 451 119 121
 297 49 320
 33 452 235
 267 143 149
 191 226 192
 72 58 111
 33 235 166
 346 453 444
 35 444 453
 393 237 367
 36 367 237
 454 212 455
 456 449 279
 142 144 443
 202 353 285
 164 288 354
 315 424 423
 456 457 449
 420 458 421
 459 54 460
 447 163 461
 374 462 463
 225 226 464
 323 443 144
 465 466 467
 273 468 262
 469 333 332
 447 360 163
 470 471 7
 396 143 445
 472 473 418
 311 418 473
 469 407 403
 260 474 339
 145 238 168
 396 475 158
 172 431 476
 269 167 477
 478 477 167
 425 426 479
 228 480 168
 314 481 251
 482 421 458
 483 484 485
 486 485 484
 487 418 181
 311 181 418
 44 488 45
 489 316 246
 100 299 7
 420 404 403
 253 384 428
 47 132 239
 19 236 18
 23 376 336
 490 491 492
 493 492 491
 410 494 197
 374 495 462
 20 22 449
 462 496 463
 346 497 453
 454 453 497
 498 213 212
 136 102 499
 500 499 102
 244 243 501
 26 17 464
 88 91 343
 433 463 496
 502 402 401
 21 84 22
 45 488 503
 504 438 505
 506 505 438
 368 497 507
 396 392 144
 508 121 477
 483 485 80
 256 80 485
 151 499 152
 490 163 491
 41 491 163
 247 34 261
 289 109 108
 43 303 262
 363 509 186
 228 186 509
 185 510 186
 109 290 467
 504 190 236
 36 155 366
 346 507 497
 506 281 511
 433 349 512
 422 424 513
 363 186 364
 478 364 186
 514 515 230
 432 501 243
 16 516 17
 470 7 299
 517 370 518
 472 418 399
 519 361 520
 514 365 95
 96 95 365
 346 348 507
 247 261 146
 46 337 50
 521 518 370
 506 282 281
 284 118 285
 286 288 120
 349 343 91
 363 348 347
 447 461 522
 425 523 93
 209 213 210
 28 134 524
 68 388 76
 99 98 525
 526 525 98
 380 183 354
 379 353 204
 419 394 171
 223 171 394
 527 91 90
 393 528 394
 68 272 388
 385 529 528
 223 528 529
 498 212 530
 54 390 460
 267 505 426
 506 426 505
 425 93 304
 531 161 319
 325 327 435
 490 461 163
 454 530 212
 345 52 532
 147 146 261
 310 533 128
 221 534 161
 269 477 121
 419 237 394
 363 365 348
 164 354 183
 202 204 353
 312 329 295
 72 295 329
 396 445 475
 87 220 391
 308 84 150
 506 511 426
 526 150 83
 133 161 534
 459 535 54
 536 195 440
 19 17 537
 217 224 215
 538 539 540
 538 540 541
 542 389 543
 164 140 288
 94 288 140
 334 377 390
 240 351 403
 306 135 227
 368 544 497
 229 301 300
 233 545 534
 546 547 473
 311 473 547
 517 548 370
 154 249 549
 248 549 249
 373 251 309
 113 309 251
 175 550 102
 176 106 551
 546 552 115
 113 115 552
 459 553 554
 555 457 475
 456 475 457
 113 552 61
 47 222 123
 383 556 428
 385 370 548
 385 548 529
 11 557 360
 498 300 210
 558 302 559
 11 13 557
 73 329 560
 96 364 167
 478 167 364
 232 230 515
 434 327 431
 500 152 499
 124 523 156
 59 61 552
 478 186 510
 514 230 561
 526 83 525
 234 525 83
 145 222 239
 172 562 430
 563 564 565
 21 51 3
 355 357 566
 567 367 366
 486 568 569
 570 409 408
 526 571 572
 573 572 571
 574 575 571
 229 285 301
 94 576 288
 487 522 461
 323 322 290
 531 48 123
 64 79 81
 5 37 6
 197 494 440
 519 577 361
 233 307 578
 99 543 389
 1 448 6
 5 6 448
 212 39 455
 383 513 424
 26 537 17
 17 516 464
 66 76 579
 546 473 580
 472 580 473
 420 407 406
 35 453 254
 341 277 276
 328 476 327
 162 360 557
 296 70 581
 66 579 45
 574 582 575
 583 258 361
 454 497 530
 425 479 523
 410 411 428
 253 428 411
 398 584 585
 586 585 584
 59 580 427
 472 427 580
 160 158 587
 356 402 357
 211 413 106
 500 102 588
 434 589 435
 590 390 377
 85 375 339
 260 339 375
 198 591 357
 378 204 592
 188 592 204
 188 183 593
 381 593 183
 594 347 444
 30 32 279
 456 279 32
 267 149 595
 198 357 596
 284 116 118
 119 286 120
 28 524 597
 271 156 523
 598 524 134
 233 578 545
 191 193 294
 514 561 365
 348 365 561
 465 467 290
 224 599 215
 242 246 318
 255 141 184
 69 581 70
 306 414 135
 211 358 39
 157 392 158
 142 89 149
 419 2 6
 242 128 533
 345 578 307
 317 600 429
 600 559 429
 341 73 560
 601 602 484
 169 224 603
 217 603 224
 604 274 303
 334 390 338
 605 569 568
 472 291 427
 325 606 42
 508 477 607
 175 608 550
 609 176 551
 409 19 537
 24 409 537
 368 561 230
 526 610 571
 582 355 566
 188 204 184
 164 183 141
 558 565 564
 218 215 258
 436 258 215
 255 184 203
 26 24 537
 529 548 259
 189 112 358
 40 358 112
 280 579 76
 611 173 170
 260 34 612
 33 612 34
 124 93 523
 136 499 137
 151 137 499
 11 439 12
 490 584 613
 240 441 216
 324 557 13
 218 384 216
 567 549 265
 248 265 549
 223 599 224
 130 132 330
 345 307 321
 400 614 401
 486 484 602
 44 50 615
 122 615 50
 339 474 414
 356 400 402
 616 276 135
 38 235 452
 486 313 568
 312 568 313
 62 135 276
 617 532 53
 191 412 226
 94 167 576
 142 90 89
 616 135 414
 601 484 618
 269 576 167
 434 431 430
 567 265 619
 493 262 468
 256 620 352
 43 42 606
 498 544 300
 368 300 544
 312 295 568
 605 568 295
 256 569 620
 242 533 243
 483 494 484
 410 484 494
 567 619 621
 617 524 532
 487 397 418
 257 548 520
 517 520 548
 27 70 319
 490 492 584
 191 206 412
 490 613 461
 223 394 528
 373 309 277
 555 475 445
 622 330 214
 20 623 51
 493 491 262
 41 262 491
 110 386 111
 433 496 624
 221 87 534
 469 403 351
 454 455 452
 38 452 455
 478 607 477
 52 53 532
 285 118 301
 288 576 120
 66 250 249
 416 625 577
 500 588 607
 508 607 588
 114 251 481
 526 98 610
 345 532 578
 598 578 532
 200 372 387
 526 572 150
 410 618 484
 38 455 39
 165 318 429
 65 81 352
 256 352 81
 129 174 515
 454 452 254
 521 439 518
 270 518 439
 100 427 291
 233 534 87
 472 399 291
 500 607 626
 500 626 152
 627 97 389
 131 340 187
 233 86 307
 416 266 625
 280 628 579
 154 67 249
 362 333 201
 350 201 333
 59 552 580
 546 580 552
 486 569 485
 148 629 630
 465 631 466
 310 466 631
 611 0 2
 312 314 632
 209 413 213
 487 461 613
 75 342 474
 616 474 342
 405 633 406
 185 340 152
 130 152 340
 217 216 441
 404 421 603
 169 603 421
 604 435 589
 102 550 588
 106 413 551
 598 532 524
 257 520 361
 398 613 584
 373 632 314
 33 254 452
 601 424 634
 315 634 424
 498 530 544
 497 544 530
 315 481 314
 20 457 623
 486 602 313
 315 313 634
 519 182 547
 311 547 182
 405 627 633
 223 529 599
 502 501 71
 422 513 625
 583 625 513
 470 635 471
 611 636 0
 234 0 636
 225 464 516
 363 347 509
 77 321 227
 433 624 344
 122 338 390
 324 359 637
 293 101 103
 104 63 105
 638 639 326
 328 326 639
 154 366 155
 546 640 547
 519 547 641
 622 630 629
 616 414 474
 420 406 458
 542 458 406
 614 642 401
 244 401 642
 142 443 90
 590 460 390
 478 510 607
 85 87 391
 573 571 575
 33 166 612
 601 556 424
 185 152 626
 74 166 235
 643 553 644
 459 644 553
 373 329 632
 645 533 646
 310 646 533
 306 307 86
 44 615 639
 328 639 615
 398 585 399
 292 399 585
 645 647 533
 469 351 333
 373 560 329
 253 411 241
 350 241 411
 605 295 386
 617 597 524
 454 254 453
 308 22 84
 253 216 384
 312 632 329
 519 520 180
 517 180 520
 328 615 56
 594 509 347
 574 571 610
 433 512 463
 482 636 170
 383 424 556
 75 648 166
 419 171 173
 196 362 201
 85 261 375
 442 503 488
 177 179 649
 650 649 179
 26 226 412
 483 651 440
 536 440 651
 157 159 652
 645 652 159
 531 319 48
 129 515 95
 601 428 556
 147 391 220
 417 536 651
 208 637 653
 92 51 623
 654 344 624
 539 378 592
 381 541 593
 465 290 322
 502 71 655
 417 651 80
 273 275 468
 46 45 579
 19 438 236
 404 603 441
 217 441 603
 570 395 282
 25 412 206
 335 628 395
 521 12 439
 122 56 615
 601 618 428
 410 428 618
 242 318 126
 483 80 651
 638 653 637
 502 401 501
 244 501 401
 200 279 449
 542 406 633
 611 170 636
 582 566 575
 109 467 446
 271 511 272
 281 272 511
 133 534 545
 26 464 226
 165 126 318
 165 559 302
 379 283 353
 287 380 354
 7 471 8
 5 448 3
 21 3 448
 383 382 513
 245 574 610
 270 180 518
 517 518 180
 638 488 639
 442 252 250
 232 203 231
 555 623 457
 289 90 443
 586 584 656
 280 76 388
 436 215 599
 122 50 338
 232 174 203
 600 563 565
 604 303 606
 43 606 303
 325 435 606
 30 279 199
 600 565 559
 447 522 439
 270 439 522
 232 515 174
 165 429 559
 527 90 657
 289 657 90
 654 658 344
 16 344 658
 66 45 503
 659 562 55
 256 485 569
 325 653 326
 450 609 660
 608 451 661
 583 513 382
 328 56 476
 369 662 370
 323 144 392
 240 241 351
 331 415 332
 617 53 57
 10 57 53
 573 372 572
 436 529 259
 172 55 562
 483 440 494
 393 621 371
 369 371 621
 614 489 642
 269 120 576
 268 301 118
 149 190 595
 504 595 190
 225 516 663
 521 370 662
 558 559 565
 583 382 258
 20 449 457
 555 664 623
 325 42 653
 622 214 298
 54 535 55
 659 55 535
 374 463 665
 527 665 463
 542 666 458
 482 458 666
 436 599 529
 154 549 366
 567 366 549
 374 125 495
 594 480 509
 228 509 480
 645 159 31
 160 31 159
 465 322 652
 198 387 591
 172 476 56
 289 108 657
 324 637 667
 638 326 653
 393 367 621
 567 621 367
 594 444 194
 271 523 479
 205 305 668
 643 668 305
 157 652 322
 260 648 474
 16 658 516
 280 395 628
 242 126 128
 208 653 42
 594 194 669
 498 210 213
 270 522 181
 487 181 522
 139 8 471
 519 641 577
 584 492 656
 508 550 661
 608 661 550
 609 551 660
 209 660 551
 659 535 554
 459 554 535
 271 479 511
 426 511 479
 519 180 182
 506 438 437
 542 543 666
 645 646 652
 44 639 488
 292 670 299
 470 299 670
 208 667 637
 489 246 642
 244 642 246
 504 236 438
 604 606 435
 308 150 572
 308 572 372
 92 623 664
 583 577 625
 465 652 631
 369 619 662
 533 647 243
 416 577 641
 573 575 566
 583 361 577
 432 71 501
 487 613 397
 292 291 399
 527 463 512
 482 170 421
 169 421 170
 573 387 372
 327 476 431
 374 665 108
 590 668 644
 46 579 628
 546 115 640
 263 264 304
 425 304 264
 570 437 409
 177 492 178
 493 178 492
 573 566 591
 15 662 619
 638 359 488
 267 595 505
 622 298 630
 297 630 298
 539 592 540
 541 540 593
 385 528 371
 257 259 548
 245 610 98
 573 591 387
 15 619 265
 432 243 647
 75 474 648
 198 596 655
 357 591 566
 504 505 595
 221 161 219
 531 219 161
 422 625 266
 151 629 137
 542 633 389
 415 407 332
 247 146 669
 168 669 146
 202 231 203
 255 203 174
 450 660 117
 451 121 661
 177 656 492
 416 640 115
 110 352 620
 643 644 668
 151 153 629
 650 635 671
 470 671 635
 148 137 629
 469 332 407
 149 89 190
 88 190 89
 393 371 528
 324 667 557
 130 330 153
 590 644 460
 209 551 413
 508 588 550
 260 612 648
 482 666 636
 627 389 633
 368 507 561
 348 561 507
 605 620 569
 218 258 382
 30 655 71
 514 95 515
 335 395 408
 508 661 121
 209 117 660
 188 593 540
 188 540 592
 369 621 619
 622 629 153
 23 336 408
 335 408 336
 521 662 12
 15 12 662
 432 647 31
 205 672 278
 376 278 672
 99 525 543
 234 543 525
 281 388 272
 357 402 596
 502 596 402
 398 397 613
 162 557 667
 185 187 340
 158 475 587
 456 587 475
 502 655 596
 114 423 266
 168 480 669
 419 173 2
 442 488 359
 208 82 667
 162 667 82
 598 545 578
 645 31 647
 263 664 445
 652 646 631
 108 665 657
 493 468 178
 616 342 276
 611 2 173
 222 219 123
 133 545 134
 598 134 545
 263 304 664
 459 460 644
 555 445 664
 341 276 342
 66 503 250
 442 250 503
 570 282 437
 506 437 282
 650 671 649
 586 649 671
 30 199 655
 422 266 423
 601 634 602
 313 602 634
 234 636 666
 607 510 626
 198 655 199
 166 648 612
 205 668 672
 590 672 668
 594 669 480
 35 194 444
 335 337 628
 622 153 330
 92 664 304
 586 670 585
 376 672 377
 590 377 672
 292 585 670
 516 658 663
 110 620 386
 185 626 510
 349 91 512
 527 512 91
 586 671 670
 247 669 194
 470 670 671
 605 386 620
 373 277 560
 46 628 337
 160 587 32
 638 637 359
 456 32 587
 586 656 649
 416 641 640
 547 640 641
 114 481 423
 531 123 219
 341 560 277
 234 666 543
 310 631 646
 527 657 665
 570 408 395
 177 649 656
 315 423 481
 654 663 658
 0
 0
 25
 225 310 643 654 107 207 558 127 192 462 193 466 553 495 554 564 305 624 467 302 294 125 446 496 663
 0
 29
 296 148 434 297 69 604 659 617 650 28 138 139 29 430 597 274 554 562 630 57 471 581 179 589 635 320 178 275 468
 0
 0
 0
 0
 0
 0
