302 537
8.801050 9.198662 1
8.869520 9.071326 1
8.952404 9.183449 1
8.660706 9.433530 1
8.734312 9.573100 1
8.588496 9.554889 1
9.209220 8.478637 1
9.133777 8.313864 2
9.279152 8.331158 2
8.532495 9.432484 1
8.260413 8.917900 1
8.128414 8.872846 2
8.244508 8.745080 2
8.472222 10.000000 0
8.333333 10.000000 0
8.410002 9.835957 1
10.000000 8.333333 0
10.000000 8.472222 0
9.833633 8.423933 2
8.417400 9.362967 1
8.413969 9.205578 1
8.555108 9.297521 1
8.544679 9.132903 1
8.194445 10.000000 0
8.096696 9.865049 1
8.265920 9.873768 1
8.781828 8.801836 1
8.649385 8.738236 2
8.818125 8.659156 2
9.688526 9.331212 1
9.532619 9.391139 1
9.557771 9.270160 1
10.000000 8.611111 0
9.850028 8.713051 1
9.900642 8.541667 1
8.611111 10.000000 0
8.541667 9.900642 1
8.713051 9.850028 1
8.381642 9.668290 1
8.440768 9.513515 1
8.504643 9.684635 1
8.030688 8.980727 1
7.947371 9.103440 1
7.889166 8.981995 1
9.166667 10.000000 0
9.060560 9.875159 1
9.228572 9.881005 1
10.000000 9.166667 0
9.881005 9.228572 1
9.878537 9.047251 1
9.099599 8.461967 1
9.624427 9.482075 1
9.420495 8.666971 1
9.306875 8.757733 1
9.300120 8.605878 1
8.395918 8.841307 2
9.789640 8.569086 1
9.690856 8.508653 1
9.730481 9.446910 1
9.731496 9.595981 1
9.083322 8.761953 1
9.034164 8.900838 1
8.968506 8.822564 1
9.660365 8.387761 2
9.609865 8.588952 1
9.558648 8.718589 1
9.508277 8.578885 1
9.808538 9.510171 1
8.654994 9.188523 1
9.659810 9.172133 1
9.140837 8.902877 1
9.590465 9.587537 1
10.000000 8.750000 0
8.750000 10.000000 0
9.857409 9.655199 1
9.706584 9.735977 1
9.492661 8.865435 1
9.436858 9.008142 1
9.380994 8.853726 1
9.803100 9.803100 1
8.568278 9.788975 1
9.036724 9.089385 1
7.777778 10.000000 0
7.638889 10.000000 0
7.724136 9.844862 1
7.569445 9.905751 1
9.505859 9.805383 1
9.573610 9.708761 1
9.645881 9.861273 1
8.943639 9.813982 1
9.063405 9.701385 1
8.789272 9.702189 1
8.879976 9.577625 1
8.928077 9.695581 1
9.348514 8.469637 1
7.380812 9.350439 1
7.468836 9.518209 1
7.334869 9.455361 1
7.493327 9.372643 1
9.001785 8.516606 1
8.965353 8.661506 1
8.903607 8.562360 1
9.085503 8.581209 1
7.158516 9.235254 2
7.226109 9.365529 1
7.063276 9.350357 2
7.135184 9.459273 2
9.294868 8.933568 1
9.322405 9.700066 1
9.356080 9.550115 1
9.444659 9.701771 1
9.480726 9.589083 1
8.678230 9.297966 1
9.199769 8.809722 1
9.189078 8.646520 1
7.410687 9.658910 1
7.521936 9.691813 1
8.980009 8.994673 1
8.061770 9.128206 1
7.591715 9.599132 1
8.880564 9.289346 1
9.650190 9.662862 1
8.197098 9.755339 1
7.460124 9.079474 1
7.479390 9.224616 1
7.369483 9.136706 1
8.715010 9.002016 1
8.869476 8.919353 1
7.829123 9.124092 1
9.131266 9.788682 1
9.786017 9.135469 1
8.363414 8.990734 1
8.267426 9.061483 1
9.444445 10.000000 0
9.305555 10.000000 0
9.375769 9.846493 1
10.000000 9.305555 0
10.000000 9.444445 0
9.847774 9.376101 1
8.289546 9.451973 1
9.412123 8.248993 2
9.419034 8.375373 1
9.189544 9.629596 1
9.243043 9.770309 1
8.153561 9.019844 1
8.168123 9.386144 1
8.029886 9.428067 1
8.076845 9.273692 1
7.941777 9.321276 1
8.271926 9.284926 1
9.404091 8.558254 1
7.361111 10.000000 0
7.296700 9.920088 1
7.432374 9.886025 1
8.654115 8.866799 1
9.431934 8.772491 1
8.354466 9.100688 1
8.455243 9.059108 1
9.121969 9.285225 1
9.221124 9.180266 1
9.282174 9.297025 1
7.574777 9.791536 1
7.408272 9.765462 1
8.308353 9.756657 1
9.512856 9.909224 1
9.913005 9.513889 1
8.654727 9.690136 1
7.559837 9.099396 1
7.500000 10.000000 0
9.369934 9.169523 1
9.507711 9.150927 1
9.407161 9.290156 1
9.213453 9.470921 1
8.181029 9.167747 1
8.755107 8.897501 1
9.722222 10.000000 0
9.583333 10.000000 0
10.000000 9.583333 0
10.000000 9.722222 0
7.584832 9.331422 1
7.660341 9.421269 1
7.579844 9.484646 1
7.108465 9.000947 2
7.252378 8.899221 2
7.220484 9.031564 1
8.327882 9.567870 1
8.884953 8.758950 1
7.271050 9.722310 1
7.253049 9.606718 1
7.083333 10.000000 0
7.079720 9.858798 2
7.202360 9.863933 1
7.781382 9.697988 1
7.656583 9.697560 1
8.844609 9.791304 1
8.541244 8.860346 2
7.222222 10.000000 0
7.764816 9.034150 1
8.055555 10.000000 0
7.154130 9.733686 1
7.124003 9.594628 2
7.778578 9.234900 1
7.881345 9.226439 1
7.806282 9.365907 1
7.719052 9.561968 1
7.376606 9.243668 1
7.874085 9.884976 1
7.355088 9.564360 1
9.089998 9.179560 1
9.027778 10.000000 0
10.000000 9.027778 0
8.781221 9.350517 1
9.001717 9.294336 1
8.901231 9.415819 1
8.789835 9.467961 1
7.041790 9.729144 2
7.316314 9.819341 1
8.585171 8.996217 1
9.719251 9.037647 1
9.592237 9.045720 1
9.200950 8.995839 1
7.981822 9.210610 1
7.973966 9.793027 1
7.926123 9.647036 1
8.071431 9.707599 1
8.057083 9.574646 1
7.855938 9.773578 1
9.067988 9.416265 1
9.045720 9.592237 1
9.700743 8.660844 1
9.695756 8.787876 1
9.195999 9.364137 1
9.815688 8.941504 1
9.288770 9.063309 1
9.562283 8.942449 1
7.683282 9.289816 1
9.411857 9.411857 1
9.486769 9.490499 1
7.606037 8.950572 1
7.479389 8.979532 1
7.266002 9.152352 1
7.130146 9.110865 2
8.969739 9.506767 1
9.032669 8.395570 1
8.916683 8.432035 2
8.997957 8.295401 2
8.798096 8.528203 2
7.916667 10.000000 0
10.000000 10.000000 0
9.861111 10.000000 0
9.892176 9.892176 1
10.000000 9.861111 0
9.113083 9.518191 1
7.858946 8.846169 1
7.725531 8.872280 2
7.795235 8.738968 2
7.389845 8.909194 2
7.346021 9.026924 1
9.895024 8.848654 1
8.849010 9.894740 1
7.989208 8.853703 2
7.761899 9.464337 1
8.291677 9.171988 1
9.305600 9.407574 1
8.146068 9.499043 1
8.165795 9.623449 1
9.772626 9.248697 1
7.657934 9.067125 1
7.935765 8.731040 2
7.612805 9.195540 1
9.786070 8.846450 1
9.784898 9.911309 1
9.908722 9.780123 1
9.170499 9.091424 1
7.276907 9.262949 1
7.861919 9.508206 1
7.967513 9.517891 1
7.236239 9.498988 1
8.240347 9.555644 1
9.680498 8.920775 1
10.000000 8.888889 0
8.888889 10.000000 0
8.731964 9.111744 1
8.467096 8.941441 1
7.830669 9.606924 1
8.280940 9.651610 1
9.473185 8.467130 1
7.712763 9.154874 1
9.598125 8.847374 1
9.583376 8.473415 1
9.527425 8.347806 2
8.174481 9.278128 1
7.919417 9.419112 1
7.614100 8.825500 2
7.804010 8.931683 1
7.705962 8.971114 1
7.499422 8.836214 3
8.642211 9.086759 1
7.983394 9.908610 1
8.953975 9.916777 1
9.918360 8.952032 1
9.095088 8.995237 1
 0 1 2
 3 4 5
 6 7 8
 3 5 9
 10 11 12
 13 14 15
 16 17 18
 19 20 21
 22 21 20
 23 24 25
 26 27 28
 29 30 31
 32 33 34
 35 36 37
 38 39 40
 5 40 39
 41 42 43
 44 45 46
 47 48 49
 6 50 7
 29 51 30
 52 53 54
 10 12 55
 56 57 18
 51 58 59
 60 61 62
 63 18 57
 64 65 66
 66 65 52
 19 21 9
 67 59 58
 22 68 21
 29 31 69
 60 70 61
 51 59 71
 32 72 33
 73 35 37
 74 75 59
 76 77 78
 79 75 74
 80 15 40
 2 1 81
 38 40 15
 82 83 84
 83 85 84
 86 87 88
 88 87 75
 89 90 45
 91 92 93
 6 94 54
 95 96 97
 98 96 95
 99 100 101
 102 100 99
 103 104 105
 106 105 104
 107 78 77
 108 109 110
 111 110 109
 29 58 51
 112 3 21
 21 3 9
 53 113 114
 115 96 116
 117 81 1
 41 118 42
 60 114 113
 119 116 96
 0 2 120
 121 71 59
 122 25 24
 123 124 125
 126 127 1
 60 62 100
 42 128 43
 56 34 33
 80 37 36
 5 39 9
 129 46 45
 130 49 48
 56 18 34
 80 36 15
 107 113 53
 10 131 132
 133 134 135
 136 137 138
 13 15 36
 17 34 18
 14 25 15
 19 39 139
 129 45 90
 140 141 8
 129 142 143
 129 90 142
 10 132 144
 107 53 78
 145 146 147
 148 147 146
 19 149 20
 54 94 150
 86 135 110
 108 110 135
 151 152 153
 26 154 27
 52 155 53
 156 157 20
 22 20 157
 158 159 160
 161 153 162
 38 15 163
 161 162 116
 133 135 164
 137 165 138
 161 84 85
 91 4 92
 80 166 37
 91 37 166
 123 167 124
 168 151 153
 41 11 144
 169 170 171
 31 171 170
 172 109 142
 108 142 109
 173 147 118
 126 174 127
 175 176 88
 177 178 74
 179 180 181
 10 144 11
 182 183 184
 39 185 139
 98 179 181
 8 141 94
 26 186 127
 62 127 186
 60 100 102
 53 114 54
 115 187 188
 107 70 113
 101 100 28
 189 190 191
 192 84 193
 161 193 84
 91 93 194
 154 195 27
 196 189 191
 197 43 128
 23 198 24
 199 200 188
 201 202 203
 180 204 181
 199 187 191
 205 125 124
 6 114 102
 82 84 206
 115 188 207
 6 8 94
 158 208 159
 5 4 166
 44 209 45
 210 47 49
 0 211 112
 19 9 39
 0 112 68
 158 212 208
 2 208 212
 213 92 214
 86 164 135
 67 138 165
 148 203 202
 199 215 200
 216 153 152
 216 191 187
 126 217 154
 60 113 70
 130 69 218
 219 218 69
 107 220 70
 147 221 118
 222 223 224
 225 224 223
 199 188 187
 119 181 204
 6 54 114
 192 226 84
 158 227 212
 213 212 227
 228 93 92
 56 33 229
 230 229 33
 172 227 231
 232 49 218
 222 224 24
 122 24 224
 64 229 65
 117 1 127
 169 233 77
 107 77 233
 76 234 77
 158 231 227
 201 203 235
 169 77 170
 219 170 77
 236 237 109
 238 167 239
 236 171 30
 31 30 171
 158 160 231
 117 127 61
 134 46 135
 136 138 48
 169 160 159
 89 93 90
 177 74 165
 176 164 88
 184 240 241
 103 241 240
 228 92 242
 243 244 245
 213 242 92
 62 61 127
 101 246 244
 130 218 49
 169 171 160
 67 165 74
 86 88 164
 145 149 139
 19 139 149
 28 100 186
 247 82 206
 97 104 95
 248 249 250
 248 250 251
 67 58 138
 29 138 58
 115 162 187
 172 252 227
 108 143 142
 253 254 255
 256 257 183
 173 118 144
 41 144 118
 72 258 33
 73 37 259
 253 260 43
 41 43 260
 41 260 11
 6 102 50
 180 261 204
 184 183 257
 184 257 240
 228 142 90
 20 149 262
 31 170 69
 219 69 170
 111 109 237
 230 65 229
 219 77 234
 236 109 263
 60 102 114
 225 264 265
 108 135 143
 29 266 138
 243 7 50
 14 23 25
 84 226 206
 238 267 167
 92 4 214
 180 235 203
 253 255 268
 199 191 190
 2 212 120
 156 132 131
 269 124 167
 213 227 242
 192 193 204
 119 204 193
 91 194 37
 230 33 270
 26 174 154
 126 154 174
 175 88 271
 79 271 88
 79 74 272
 178 272 74
 273 159 208
 134 44 46
 47 136 48
 236 263 171
 160 171 263
 104 274 95
 121 59 75
 91 166 4
 156 20 262
 275 276 223
 106 104 277
 97 277 104
 278 265 264
 232 218 279
 72 280 258
 281 73 259
 172 263 109
 79 88 75
 67 74 59
 98 95 124
 205 124 95
 121 75 87
 240 257 125
 80 40 166
 5 166 40
 126 1 282
 0 282 1
 56 229 57
 64 57 229
 115 207 96
 98 181 96
 103 274 104
 52 54 150
 225 223 276
 154 217 195
 283 131 55
 3 112 211
 225 146 264
 145 264 146
 10 55 131
 29 69 266
 283 55 195
 275 223 284
 130 266 69
 122 285 163
 228 252 142
 172 142 252
 145 139 264
 278 264 139
 122 265 285
 222 226 223
 192 223 226
 123 257 239
 256 239 257
 173 144 132
 286 150 94
 38 185 39
 101 28 246
 216 187 162
 213 214 211
 3 211 214
 219 279 218
 135 46 143
 138 266 48
 197 287 267
 230 270 279
 232 279 270
 42 118 221
 192 284 223
 3 214 4
 15 25 163
 122 163 25
 51 71 237
 213 211 120
 230 279 288
 230 288 65
 53 155 78
 197 128 287
 168 153 85
 161 85 153
 253 268 260
 225 265 224
 63 289 290
 145 147 291
 89 194 93
 22 157 217
 283 217 157
 76 155 65
 52 65 155
 97 96 207
 188 200 277
 106 277 200
 33 258 270
 37 194 259
 123 239 167
 173 291 147
 0 120 211
 275 203 292
 148 292 203
 228 242 252
 227 252 242
 148 221 147
 225 276 146
 148 146 292
 238 293 254
 103 240 274
 201 235 287
 269 287 235
 169 159 233
 17 32 34
 35 13 36
 253 294 254
 238 254 295
 286 290 289
 283 195 217
 199 190 215
 219 234 279
 26 28 186
 0 68 282
 275 261 203
 76 65 288
 21 68 112
 173 149 291
 216 162 153
 173 262 149
 119 193 116
 161 116 193
 278 139 185
 213 120 212
 119 96 181
 145 291 149
 238 239 296
 256 296 239
 273 233 159
 180 203 261
 22 297 68
 83 168 85
 26 127 174
 222 298 206
 247 206 298
 243 245 7
 51 237 30
 275 204 261
 62 186 100
 198 247 298
 249 175 271
 178 251 272
 198 298 24
 188 277 207
 97 207 277
 275 284 204
 192 204 284
 222 24 298
 176 133 164
 137 177 165
 180 179 235
 111 87 110
 205 95 274
 111 71 87
 111 237 71
 122 224 265
 209 281 299
 280 210 300
 269 235 179
 115 116 162
 151 196 152
 205 240 125
 222 206 226
 130 48 266
 129 143 46
 269 179 124
 286 94 141
 205 274 240
 273 220 233
 107 233 220
 273 208 81
 126 297 217
 273 81 301
 228 90 93
 238 295 267
 232 258 300
 280 300 258
 281 259 299
 89 299 259
 238 296 293
 269 267 287
 197 267 295
 269 167 267
 253 43 294
 286 141 290
 140 290 141
 249 271 250
 251 250 272
 184 241 182
 123 125 257
 22 217 297
 101 244 99
 243 99 244
 201 287 128
 64 289 57
 196 191 152
 117 61 301
 70 301 61
 86 110 87
 121 87 71
 209 299 45
 210 49 300
 197 294 43
 38 163 285
 64 66 289
 63 57 289
 216 152 191
 52 150 66
 89 259 194
 232 270 258
 126 282 297
 172 231 263
 160 263 231
 278 285 265
 98 124 179
 236 30 237
 232 300 49
 89 45 299
 79 272 250
 79 250 271
 286 289 66
 76 78 155
 42 202 128
 70 220 301
 283 157 131
 102 99 50
 156 131 157
 201 128 202
 275 292 276
 146 276 292
 279 234 288
 68 297 282
 273 301 220
 2 81 208
 286 66 150
 38 285 185
 76 288 234
 117 301 81
 278 185 285
 173 132 262
 197 295 294
 254 294 295
 42 221 202
 243 50 99
 156 262 132
 148 202 221
 0
 0
 0
 0
 0
 0
 0
 0
 0
 0
 0
 0
 11
 256 106 103 105 190 183 296 241 200 215 182
 0
 21
 63 140 18 12 8 11 254 28 55 296 27 260 7 290 255 268 244 246 245 293 195
 0
 0
 0
 0
 0
 0
 0
 0
 0
 0
