310 547
5.257092 4.951127 1
5.213462 4.793371 1
5.330429 4.858052 1
6.515219 5.280851 2
6.635678 5.241629 1
6.685428 5.362820 2
5.151765 4.907310 1
4.723909 5.068506 1
4.847394 4.979242 1
4.890870 5.132880 1
5.017903 4.996035 1
4.970822 4.493345 1
5.151458 4.531467 1
5.054547 4.627533 1
5.782885 4.915845 1
5.654538 5.009116 2
5.613523 4.876764 1
5.510816 4.964171 1
5.056756 4.851300 1
5.088861 4.732314 1
5.507239 3.685842 1
5.535018 3.555948 2
5.619704 3.700251 1
5.682586 3.599695 1
4.356071 4.907642 2
4.234445 4.810615 2
4.390341 4.809024 1
3.894337 4.620393 1
3.841367 4.732700 2
3.757726 4.591319 2
5.103247 4.421588 1
4.741090 4.800401 1
4.777213 4.665328 1
4.865252 4.762175 1
4.639359 4.733263 1
5.977030 3.962249 1
5.876711 3.891672 1
6.058446 3.837669 2
5.214097 3.331745 2
5.065293 3.368719 1
5.075511 3.255838 2
5.957494 3.764695 1
5.345166 4.081958 1
5.223313 4.165204 1
5.225334 4.010153 1
5.087319 4.059354 1
5.003970 3.950645 1
4.940084 4.025068 1
4.666161 4.606328 1
5.458508 4.842330 1
6.206203 4.558007 1
6.139965 4.456416 1
6.238244 4.398286 1
6.365672 4.825902 1
6.262121 4.844088 1
6.236480 4.716629 1
6.318694 4.601766 1
6.332431 4.471969 2
6.436944 4.559677 2
5.711236 4.758887 1
4.979978 4.129759 1
6.458292 4.860746 1
6.561650 4.911911 1
6.449646 4.988196 1
5.589419 4.442449 1
5.690715 4.356841 1
5.711939 4.496269 1
5.118882 3.475273 2
5.812953 4.400337 1
4.725826 4.925068 1
6.250869 5.309196 2
6.411714 5.261772 1
6.420067 5.386676 2
4.694458 3.842130 1
4.748693 3.756030 1
4.857194 3.886184 1
4.935095 3.324694 2
4.854363 3.730528 1
6.403944 4.719996 2
5.944004 4.749156 1
5.838029 4.800569 1
5.821872 4.670084 1
5.155808 4.309731 1
5.021509 4.346021 1
5.072066 4.195681 1
6.136762 4.092844 1
6.245292 4.146565 1
6.110779 4.221756 1
6.244764 4.271516 1
5.546039 4.041147 1
5.645875 3.954549 1
5.657291 4.098102 1
5.915690 4.628152 1
6.541129 5.048256 1
5.566566 4.755843 1
3.965637 4.859202 3
3.989231 4.708849 1
4.098414 4.774844 2
4.011201 4.580757 1
5.014447 3.851910 1
4.097756 4.656532 1
5.404654 3.643694 2
4.559124 5.076210 1
4.616161 4.974397 1
4.886099 5.298410 2
4.771914 5.224289 2
4.928779 4.868985 1
4.980274 3.545190 1
4.992145 3.435794 1
6.070206 3.682619 2
5.938301 3.649847 1
6.056940 3.532387 2
5.894660 3.516148 2
5.076163 3.588451 1
4.667202 3.462225 1
4.605954 3.329224 2
4.769167 3.354741 3
4.384297 4.111179 1
4.321894 4.212945 2
4.274329 4.054249 2
6.687865 4.905247 2
6.726094 5.043987 2
6.631585 5.002763 1
6.330822 5.175495 1
6.223165 5.123343 1
6.127608 5.195673 2
5.162831 5.003466 1
4.650256 5.168060 2
6.076811 4.962896 1
6.038838 5.092997 1
5.911179 5.023998 1
5.253133 3.592055 2
5.149763 3.675928 1
5.427352 5.250156 2
5.284202 5.287165 2
5.322007 5.177429 1
5.489552 4.544328 1
5.448073 4.418504 1
6.764845 5.204879 3
6.638291 5.119759 1
5.930738 4.904496 1
4.946111 4.241687 1
6.012780 4.101611 1
5.809717 3.636134 1
5.754136 3.997911 1
5.877999 4.044163 1
4.531424 4.616923 1
4.485788 4.489397 1
4.613379 4.491912 1
4.293717 4.469721 1
4.224833 4.577634 1
4.176639 4.432660 1
4.932013 4.647442 1
4.759320 3.939040 1
6.339557 4.936695 1
4.892799 3.621217 1
4.877970 3.460608 1
4.805853 3.550478 1
4.113810 4.543948 1
5.020781 5.135246 1
5.535244 3.911534 1
5.986840 4.235795 1
5.788845 5.072317 2
4.979389 5.225710 1
5.654665 4.222553 1
5.793844 4.270030 1
4.314122 4.746890 1
4.835374 3.996528 1
5.611839 4.572730 1
4.385042 4.553868 1
5.330670 3.718760 1
5.229077 3.752170 1
5.748894 3.857811 1
5.000618 3.700143 1
5.123907 3.795362 1
5.672415 3.443717 2
4.555039 3.463412 2
4.514215 4.754536 1
4.931655 3.792191 1
6.015033 4.338188 1
6.133647 4.350860 1
6.042073 4.442723 1
5.126162 5.097726 1
4.504116 4.885536 1
5.353764 4.366374 1
5.331782 4.453492 1
5.237947 4.414595 1
6.213589 3.874769 2
6.103865 3.968939 1
5.261233 5.065129 1
5.372214 4.965160 1
5.429159 5.090853 1
5.769532 3.529817 2
5.292158 4.288077 1
5.770917 4.139910 1
5.721786 4.621486 1
5.838165 4.542286 1
4.982566 4.748600 1
4.449084 4.999966 2
5.531351 5.169324 2
4.910671 4.378747 1
6.177315 4.920896 1
6.246135 5.013011 1
5.353297 4.189147 1
5.444251 4.126675 1
5.430542 4.274333 1
5.549659 4.177384 1
4.518124 4.381610 1
6.248830 4.009155 2
4.426431 4.309072 1
4.467340 4.192899 1
4.328856 4.652014 1
4.216404 4.703088 1
5.729296 3.741757 1
5.461146 4.733736 1
4.421032 4.682944 1
4.836103 4.272596 1
6.122160 4.639272 1
5.843804 3.761670 1
4.522327 3.976162 1
4.433736 3.897782 1
4.591756 3.867225 1
4.867213 4.558381 1
5.557873 5.064461 2
6.130311 4.813898 1
6.530414 5.177039 1
6.432092 5.129369 1
3.808077 4.401528 2
3.818960 4.513000 1
3.672231 4.470662 3
5.373848 4.542871 1
4.818504 4.870011 1
4.620383 4.846562 1
5.889726 4.184255 1
6.013796 3.411810 3
4.633486 4.354214 1
4.042265 4.458383 1
3.921630 4.489553 1
3.952791 4.375410 2
4.491944 4.086090 1
4.394097 4.005012 1
5.089581 5.223879 1
5.208089 5.193843 1
5.156132 5.318573 2
4.508618 3.793003 2
5.904289 4.310095 1
5.923215 5.140003 2
5.175752 4.646007 1
5.560513 4.315344 1
4.772575 5.352796 3
5.018191 5.345380 2
5.627614 4.668246 1
4.844534 4.120267 1
4.067450 4.328677 2
6.036800 4.862010 1
4.746282 4.023415 1
4.615785 4.052131 1
4.648560 3.952608 1
4.770158 3.460246 1
4.695701 4.120321 1
4.751874 4.209885 1
4.310056 3.929770 2
4.546166 5.191502 2
6.143450 5.044470 1
4.296638 4.351752 1
6.366496 4.075804 2
5.298054 4.647369 1
4.189581 4.291617 2
6.075419 4.729247 1
4.747875 4.543130 1
5.359335 4.752727 1
5.231665 3.874136 1
5.332923 3.944551 1
5.120804 3.930712 1
6.080802 4.545942 1
5.440802 3.996083 1
5.425378 3.879509 1
5.329196 3.825469 1
4.838349 4.462823 1
5.633647 3.820791 1
5.519513 3.798273 1
6.527680 4.768586 2
6.336903 5.061018 1
6.354817 4.210866 2
4.555874 4.268365 1
5.263251 4.540002 1
4.723359 4.428094 1
4.396034 4.419438 1
4.810153 4.375240 1
5.962838 4.537652 1
4.464545 5.116072 2
4.359907 3.812293 2
6.345994 4.337882 2
5.419442 3.758591 1
4.629376 3.767317 1
6.011571 4.641583 1
4.562174 3.680274 2
4.655750 4.229373 1
4.732930 4.312341 1
4.589895 4.154187 1
5.927338 4.431966 1
6.015219 5.208495 2
6.635351 4.809585 2
4.670556 3.665241 1
4.608068 3.572247 2
5.413896 4.651574 1
5.907853 5.249306 3
4.779534 3.649229 1
5.527368 4.655096 1
4.710295 3.562259 1
 0 1 2
 3 4 5
 6 1 0
 7 8 9
 10 9 8
 11 12 13
 14 15 16
 17 16 15
 1 18 19
 20 21 22
 23 22 21
 24 25 26
 27 28 29
 11 30 12
 6 18 1
 31 32 33
 34 32 31
 35 36 37
 38 39 40
 37 36 41
 42 43 44
 45 44 43
 46 45 47
 34 48 32
 17 49 16
 50 51 52
 53 54 55
 56 57 58
 57 50 52
 56 50 57
 14 16 59
 47 45 60
 61 62 63
 64 65 66
 38 67 39
 68 66 65
 7 69 8
 70 71 72
 73 74 75
 76 40 39
 77 75 74
 78 53 55
 79 80 81
 82 83 84
 85 86 87
 88 87 86
 89 90 91
 79 81 92
 63 62 93
 16 49 94
 95 96 97
 27 98 96
 99 46 75
 100 96 98
 20 101 21
 7 102 103
 104 105 9
 7 9 105
 10 8 106
 47 75 46
 107 108 67
 109 110 111
 112 111 110
 107 67 113
 114 115 116
 117 118 119
 120 121 122
 123 70 124
 125 124 70
 10 6 126
 7 127 102
 82 84 43
 7 103 69
 14 59 80
 123 71 70
 128 129 130
 67 131 113
 132 113 131
 133 134 135
 64 136 137
 138 4 139
 128 130 140
 141 84 83
 56 58 78
 85 87 142
 112 110 143
 144 36 145
 138 139 121
 146 147 148
 149 150 151
 10 18 6
 11 13 152
 73 75 153
 61 63 154
 56 78 55
 155 156 107
 157 156 155
 150 158 151
 10 159 9
 89 160 90
 87 161 142
 14 162 15
 104 9 163
 164 165 65
 25 166 26
 47 167 75
 45 43 84
 64 168 136
 144 91 90
 146 169 147
 170 171 131
 144 172 36
 14 140 130
 99 173 174
 23 21 175
 114 176 115
 146 34 177
 99 75 178
 179 180 181
 10 126 182
 183 26 177
 183 24 26
 184 185 186
 187 188 37
 35 37 188
 67 108 39
 79 140 80
 189 190 191
 112 143 192
 132 131 171
 14 130 162
 146 48 34
 193 184 186
 133 135 191
 164 194 165
 81 195 196
 66 196 195
 33 152 197
 170 131 101
 45 84 60
 138 5 4
 183 103 198
 102 198 103
 132 174 173
 133 191 199
 141 83 200
 109 37 41
 201 54 154
 202 201 154
 203 204 205
 204 206 205
 147 207 148
 187 208 188
 33 197 106
 209 118 210
 117 210 118
 14 80 140
 211 212 150
 10 106 18
 76 156 116
 23 143 213
 149 169 150
 211 150 169
 211 166 212
 214 94 49
 146 215 169
 85 188 208
 141 200 216
 11 83 30
 64 66 168
 17 191 190
 33 32 152
 56 55 50
 217 50 55
 218 143 110
 85 142 188
 35 188 142
 179 87 180
 51 181 180
 77 178 75
 219 220 221
 11 152 222
 99 178 173
 17 223 191
 54 224 55
 82 43 193
 225 71 226
 227 228 229
 218 41 36
 26 166 215
 164 206 91
 122 93 62
 109 41 110
 136 230 137
 95 28 96
 183 198 24
 89 91 206
 106 8 231
 23 213 22
 68 65 165
 123 226 71
 183 177 232
 233 145 142
 112 234 111
 235 148 207
 189 191 135
 33 106 231
 23 175 192
 68 196 66
 82 193 186
 236 237 238
 219 239 240
 35 142 145
 241 242 243
 244 221 220
 66 195 168
 42 203 43
 233 161 245
 134 243 242
 34 232 177
 225 3 71
 246 130 129
 19 247 1
 81 196 92
 229 228 29
 132 173 113
 107 113 173
 205 248 137
 233 245 165
 104 249 105
 241 243 250
 251 168 195
 141 216 252
 100 97 96
 185 137 230
 236 253 151
 128 140 254
 255 256 257
 211 215 166
 233 194 145
 26 215 177
 224 201 254
 114 116 258
 255 259 256
 79 254 140
 64 137 248
 254 201 128
 152 13 197
 19 197 13
 77 173 178
 260 252 216
 35 145 36
 27 29 228
 261 240 119
 227 238 237
 102 127 262
 107 173 155
 77 155 173
 144 145 194
 54 201 224
 125 129 263
 209 264 118
 85 208 86
 265 86 208
 233 165 194
 266 1 247
 255 252 259
 260 259 252
 267 151 253
 69 231 8
 125 263 124
 82 30 83
 224 268 55
 146 148 48
 269 48 148
 266 270 1
 2 1 270
 189 0 190
 271 272 44
 233 142 161
 61 154 53
 246 162 130
 236 238 253
 251 59 94
 271 44 273
 45 273 44
 205 206 248
 11 200 83
 51 50 274
 16 94 59
 217 55 268
 81 80 59
 89 275 160
 276 160 275
 19 13 247
 117 240 239
 164 248 206
 271 277 272
 164 65 248
 219 240 220
 241 159 182
 11 278 200
 76 39 108
 241 182 242
 225 139 4
 279 280 22
 20 22 280
 10 182 159
 191 223 199
 88 180 87
 64 248 65
 27 228 237
 267 118 264
 27 96 28
 61 78 281
 202 282 124
 88 86 283
 214 49 270
 2 270 49
 218 213 143
 189 242 182
 218 110 41
 17 15 223
 104 163 250
 164 91 194
 141 60 84
 265 283 86
 209 210 284
 236 98 237
 149 151 264
 267 264 151
 123 124 282
 266 247 285
 144 194 91
 269 32 48
 79 268 254
 179 161 87
 218 172 213
 141 252 60
 235 286 148
 269 148 286
 43 203 193
 100 212 97
 27 237 98
 7 105 127
 224 254 268
 279 213 172
 17 190 49
 2 49 190
 236 151 158
 271 273 174
 99 174 273
 225 226 93
 47 60 252
 11 222 278
 209 284 207
 122 121 139
 149 287 169
 217 274 50
 241 250 163
 276 280 160
 279 160 280
 288 216 200
 116 156 258
 189 182 126
 45 46 273
 61 53 78
 147 169 287
 218 36 172
 152 32 222
 42 44 272
 219 221 257
 23 192 143
 12 285 247
 2 190 0
 71 3 72
 100 158 150
 289 92 196
 102 262 290
 244 220 291
 128 201 263
 88 283 292
 100 150 212
 279 172 90
 76 108 156
 225 4 3
 20 293 101
 202 263 201
 279 90 160
 144 90 172
 244 294 221
 209 207 287
 147 287 207
 79 92 295
 25 97 212
 42 272 275
 63 93 226
 255 167 252
 47 252 167
 241 163 159
 244 296 294
 205 193 203
 12 247 13
 211 169 215
 19 18 197
 106 197 18
 179 245 161
 81 59 195
 25 212 166
 279 22 213
 235 297 298
 235 284 297
 299 284 210
 102 290 198
 12 186 285
 134 242 135
 189 135 242
 51 274 181
 209 287 264
 89 206 204
 20 280 293
 289 196 300
 205 137 184
 185 184 137
 51 180 52
 117 119 240
 246 129 301
 125 301 129
 299 210 239
 157 258 156
 251 195 59
 289 300 181
 107 156 108
 261 220 240
 54 53 154
 12 30 186
 255 257 153
 73 153 257
 225 93 139
 302 62 281
 61 281 62
 303 296 304
 288 200 278
 227 237 228
 146 177 215
 68 300 196
 114 304 176
 202 154 282
 235 207 284
 205 184 193
 68 165 245
 42 275 204
 89 204 275
 185 285 186
 117 239 210
 69 103 232
 183 232 103
 9 159 163
 42 204 203
 271 174 171
 132 171 174
 288 286 298
 235 298 286
 128 263 129
 73 257 221
 179 181 300
 149 264 287
 271 171 277
 170 277 171
 269 222 32
 266 230 305
 170 101 293
 276 272 277
 246 301 306
 219 257 256
 63 282 154
 122 62 120
 302 120 62
 299 239 256
 82 186 30
 157 155 307
 77 307 155
 251 308 168
 136 168 308
 63 226 282
 123 282 226
 276 275 272
 260 297 259
 299 259 297
 99 273 46
 236 158 98
 100 98 158
 114 309 304
 266 285 230
 299 256 259
 136 305 230
 157 309 258
 114 258 309
 69 31 231
 33 231 31
 261 291 220
 214 270 305
 266 305 270
 303 294 296
 289 181 274
 288 298 216
 260 216 298
 219 256 239
 73 221 294
 214 305 308
 136 308 305
 68 245 300
 88 52 180
 202 124 263
 289 274 295
 217 295 274
 88 292 52
 57 52 292
 276 293 280
 189 126 0
 288 278 286
 269 286 278
 303 309 307
 185 230 285
 269 278 222
 255 153 167
 75 167 153
 299 297 284
 179 300 245
 260 298 297
 217 268 295
 79 295 268
 251 94 308
 303 74 294
 122 139 93
 214 308 94
 157 307 309
 6 0 126
 289 295 92
 303 307 74
 276 277 293
 170 293 277
 303 304 309
 73 294 74
 34 31 232
 69 232 31
 77 74 307
 15
 244 227 261 267 229 116 115 118 238 119 253 296 176 304 291
 4
 95 229 29 28
 0
 0
 0
 0
 10
 25 95 105 198 249 262 97 127 24 290
 0
 0
 0
 0
 0
 0
 0
 0
 0
 8
 138 125 5 70 72 301 3 306
 12
 246 104 133 134 15 162 250 199 249 243 223 306
 0
 0
 0
 0
 17
 109 138 265 187 57 302 37 111 78 121 58 208 283 120 234 292 281
 0
 12
 38 76 112 40 67 175 116 21 131 234 192 101
