314 557
3.232097 6.046488 1
3.313665 6.154677 1
3.153175 6.102249 1
3.173663 6.202900 1
3.309231 5.982487 1
3.141533 5.941434 1
3.291459 5.875754 1
2.866452 6.026040 1
2.981438 5.978270 1
2.938483 6.124635 1
3.052152 6.061598 1
2.973837 5.854323 1
2.857029 5.780483 1
3.046258 5.754431 1
2.916168 5.671409 1
4.623034 6.302894 2
4.483908 6.449684 2
4.452465 6.301439 1
2.815677 6.244118 1
2.974875 6.266385 1
2.871979 6.348311 1
4.410115 6.599568 1
4.332772 6.515707 1
4.330570 6.401648 1
3.828752 6.011590 1
3.775733 5.907977 1
3.940711 5.922763 1
3.720820 6.912322 1
3.724187 6.781441 1
3.827966 6.839842 1
3.906242 5.805687 1
4.596781 5.505511 1
4.767055 5.487215 2
4.696230 5.614021 2
4.550435 6.184982 1
4.243496 4.933706 1
4.234445 4.810615 2
4.356071 4.907642 2
2.615458 6.362182 1
2.774981 6.409706 1
2.621361 6.497158 2
4.682370 6.145089 1
4.738197 6.044947 2
4.770121 6.206210 2
3.989424 5.286408 1
4.150170 5.339636 1
4.049580 5.430021 1
4.102524 5.218718 1
3.623137 6.846333 1
3.481136 6.425205 1
3.351527 6.339208 1
3.475854 6.270106 1
4.634031 5.393753 1
4.209164 6.676344 1
4.083702 6.608777 1
4.210244 6.520789 1
4.047033 6.461767 1
3.965637 4.859202 3
4.098414 4.774844 2
4.116724 4.919291 1
3.598216 6.522669 1
3.456605 6.579809 1
3.615132 6.728545 1
3.629506 5.674319 1
3.675593 5.526574 1
3.741936 5.683527 1
3.789196 5.580353 1
3.301613 6.552069 1
3.350997 6.695115 1
3.131414 6.406967 1
2.996739 6.405838 1
3.095015 6.292739 1
3.589037 5.975732 1
3.508303 6.124942 1
3.423122 6.009644 1
3.945071 5.537083 1
3.889776 5.689489 1
3.447616 5.752425 1
3.519192 5.612889 1
3.560547 5.764571 1
3.203882 5.822182 1
4.403582 5.393932 1
4.367148 5.274304 1
4.506149 5.309174 1
4.519849 5.664965 1
4.478020 5.792209 1
4.405655 5.647001 1
3.621964 6.380307 1
3.617217 6.218404 1
4.358768 5.740221 1
3.001331 5.595352 1
3.073294 5.462520 1
3.104973 5.640267 1
3.036210 5.285058 2
3.164217 5.324009 2
2.639488 5.494450 1
2.767023 5.534519 1
2.638286 5.646004 1
2.791103 5.659033 1
3.199978 6.629252 1
3.777973 6.416477 1
3.922608 6.355734 1
3.912579 6.474751 1
4.566793 6.573065 2
3.510746 5.861794 1
3.652773 5.830866 1
4.059628 6.004992 1
3.938392 6.086611 1
3.369663 6.458298 1
3.927176 6.221677 1
3.770183 6.156655 1
2.740520 6.528897 1
2.747687 5.279744 1
2.739348 5.145971 2
2.883681 5.235128 2
3.754881 5.387010 2
3.830001 5.262227 2
3.897923 5.397285 1
3.222589 6.303521 1
3.714106 6.028776 1
3.818583 5.480961 1
2.958092 5.380297 1
2.482970 5.945004 1
2.594559 5.844851 1
2.656853 5.952880 1
2.944302 7.070577 2
2.884941 6.941597 2
3.017774 6.951748 1
2.956478 6.808999 1
2.499365 5.572994 1
2.526701 5.421016 1
4.633508 5.739126 2
3.416707 5.654121 1
3.519774 5.432137 1
3.819483 6.289340 1
3.572550 6.630432 1
3.721129 6.618779 1
3.091022 7.181091 2
2.942381 7.236932 3
4.440813 5.201459 1
2.573590 6.040870 1
4.168963 6.230496 1
4.053305 6.149411 1
4.156271 6.085233 1
2.505281 5.722375 1
2.360957 5.697104 2
4.261810 6.154975 1
2.373101 5.553058 2
3.720242 7.024384 1
3.818640 6.978978 1
3.808242 7.139900 2
4.050350 6.303873 1
3.224849 6.748847 1
3.710642 6.294157 1
2.958561 5.491240 1
3.387095 5.854040 1
2.862174 6.578849 1
2.968595 6.656877 1
2.851676 6.706321 1
3.635663 6.101223 1
3.182012 5.557523 1
4.417337 6.191537 1
4.420889 5.943147 1
4.356926 6.065837 1
4.294610 5.933435 1
4.228453 5.249140 1
4.223283 5.113678 1
4.090350 5.075854 1
4.607901 5.981206 1
4.605456 6.088699 1
3.277380 6.882189 1
3.118363 6.849500 1
3.163727 6.971000 1
3.189896 5.445690 2
4.009738 4.968693 1
3.919438 7.045442 2
3.632662 5.360464 2
3.798507 5.780425 1
4.303561 6.275100 1
3.081839 7.047856 1
3.838081 6.567790 1
4.349597 5.130523 1
3.185332 5.716519 1
2.843946 5.346820 1
3.064560 6.175085 1
2.515239 6.158843 2
2.660096 6.213124 1
2.510188 6.287699 2
2.525452 5.281466 1
2.634807 5.354449 1
3.538919 6.806466 1
3.826000 6.707777 1
3.064626 6.488285 1
4.186042 5.012258 1
2.811126 6.830569 2
3.969505 6.572711 1
2.411756 5.449990 1
4.187191 6.370886 1
4.593714 5.602470 1
4.246490 6.045128 1
3.803937 5.090874 2
3.947360 5.059838 1
3.918432 5.171042 1
2.346585 6.143816 2
2.465141 6.063437 1
3.572624 7.136677 2
3.620426 6.995499 1
3.674249 7.116525 2
3.315720 5.737246 1
3.512885 7.022688 1
2.717383 6.311791 1
2.796990 6.126307 1
3.924407 6.778689 1
3.918741 6.904608 1
3.706648 6.508783 1
2.772497 6.631569 1
2.703638 6.067058 1
4.498084 6.058089 1
4.380692 6.783002 1
4.327588 6.682076 1
4.485376 6.682701 1
4.282556 6.957081 2
4.143545 6.940578 1
4.203537 6.832942 1
4.701678 5.877624 2
2.626641 5.202529 2
3.090335 6.712043 1
3.381427 5.371530 2
3.409681 5.515831 1
3.278691 5.499142 2
4.102388 6.731255 1
4.042965 6.835967 1
3.914390 6.657681 1
3.414002 6.824035 1
3.397062 6.972573 1
4.350440 5.843766 1
4.291726 6.598414 1
2.327956 5.344021 1
2.304739 5.460426 2
2.197273 5.369653 3
2.444946 5.828526 2
4.274296 5.361598 1
2.438673 5.348428 1
2.771141 5.990453 1
2.741679 5.866411 1
2.704592 5.756721 1
3.875270 4.965647 2
4.314944 5.007007 1
4.449084 4.999966 2
2.974607 6.528362 1
4.203794 5.453638 1
4.104136 5.545857 1
2.870167 6.466660 1
2.405827 5.246504 2
2.506077 5.152360 2
3.510435 5.292639 2
4.650166 5.279795 1
4.212558 5.854231 1
4.248597 5.748077 1
4.038553 5.658641 1
3.338020 5.587583 1
4.464545 5.116072 2
3.440204 7.103339 2
3.340920 7.072015 1
4.517680 5.427602 1
4.772575 5.352796 3
4.504460 6.802976 2
4.404589 6.915154 2
2.359648 5.921749 2
4.598559 5.847157 1
3.219912 7.099728 2
4.237511 7.038578 2
4.526024 5.917530 1
4.460289 5.534797 1
4.314150 5.465457 1
4.337113 5.571017 1
4.021440 5.155866 1
4.309435 6.850822 1
4.771914 5.224289 2
4.008707 5.781964 1
4.001836 6.698579 1
2.472568 6.425853 2
4.286083 6.765038 1
3.350084 7.183947 2
3.075473 6.590240 1
2.613141 6.119974 1
2.885120 5.567744 1
4.022027 6.978586 1
4.059261 7.122772 2
2.861234 5.904022 1
4.169448 5.653909 1
3.277499 6.994697 1
2.606400 5.743266 1
3.243331 5.637528 1
3.316807 6.787547 1
2.755666 5.402276 1
2.676126 6.621308 2
2.282167 5.236704 2
2.384405 6.022806 2
3.170548 6.517179 1
4.595124 6.705735 3
4.546166 5.191502 2
3.481405 6.723879 1
2.874966 5.450286 1
4.085330 5.881739 1
4.123805 5.761951 1
4.650256 5.168060 2
3.256470 6.430376 1
4.121198 7.040025 2
4.228028 5.563161 1
4.168519 5.965186 1
3.519023 6.909560 1
4.284595 5.652598 1
2.733116 6.724302 2
 0 1 2
 1 3 2
 4 0 5
 6 4 5
 7 8 9
 8 10 9
 11 12 13
 12 14 13
 15 16 17
 18 19 20
 18 9 19
 21 22 16
 23 16 22
 24 25 26
 27 28 29
 26 25 30
 31 32 33
 15 17 34
 35 36 37
 38 39 40
 41 42 43
 44 45 46
 47 45 44
 48 28 27
 49 50 51
 1 51 50
 31 52 32
 53 54 55
 56 55 54
 11 13 5
 57 58 59
 49 60 61
 62 28 48
 10 5 2
 63 64 65
 66 65 64
 67 61 68
 5 0 2
 69 70 71
 19 71 70
 72 73 74
 75 76 66
 77 78 79
 5 13 80
 81 82 83
 1 74 73
 84 85 86
 49 51 87
 88 87 51
 85 89 86
 90 91 92
 93 94 91
 95 96 97
 98 97 96
 67 68 99
 100 101 102
 21 16 103
 72 104 105
 106 107 26
 1 4 74
 67 108 61
 49 61 108
 109 110 107
 24 107 110
 39 111 40
 63 79 78
 72 105 25
 112 113 114
 1 0 4
 115 116 117
 44 117 116
 56 102 101
 24 26 107
 1 50 118
 72 25 119
 75 66 120
 93 91 121
 122 123 124
 1 118 3
 125 126 127
 128 127 126
 95 129 130
 131 85 84
 77 132 78
 63 78 64
 133 64 78
 100 134 101
 62 135 136
 109 134 110
 125 137 138
 139 83 82
 122 124 140
 1 73 51
 141 142 143
 144 145 129
 141 143 146
 23 17 16
 147 129 145
 148 149 150
 109 142 151
 141 151 142
 152 99 68
 88 110 153
 90 154 91
 105 104 79
 74 4 155
 156 157 158
 88 159 110
 15 41 43
 95 97 129
 91 160 92
 161 34 17
 162 163 164
 165 47 166
 167 166 47
 168 42 169
 41 169 42
 115 120 64
 152 170 171
 172 171 170
 74 155 104
 49 108 50
 91 94 173
 24 110 119
 57 59 174
 56 101 151
 19 70 20
 72 74 104
 93 121 114
 175 150 149
 115 64 176
 49 87 60
 177 30 25
 66 64 120
 62 136 28
 75 117 46
 44 46 117
 136 135 60
 63 65 105
 177 105 65
 161 146 163
 161 178 146
 125 179 137
 100 102 180
 165 166 181
 165 181 82
 182 80 13
 114 121 183
 10 184 9
 172 127 171
 11 5 8
 10 8 5
 185 186 187
 38 187 186
 6 155 4
 128 158 157
 188 189 130
 95 130 189
 133 176 64
 62 48 190
 136 180 191
 69 192 70
 167 174 59
 88 51 73
 106 142 107
 167 59 193
 6 5 80
 72 159 73
 128 194 158
 15 34 41
 56 195 102
 147 196 129
 130 129 196
 23 197 178
 110 134 153
 177 65 76
 36 59 58
 36 35 59
 131 84 198
 199 164 163
 200 201 202
 200 202 116
 185 203 204
 205 206 207
 6 80 208
 209 206 205
 210 18 20
 39 210 20
 141 178 197
 66 76 65
 18 186 211
 29 212 213
 128 171 127
 128 126 194
 60 87 214
 156 158 215
 56 151 197
 141 197 151
 216 211 186
 162 217 163
 100 180 214
 218 219 220
 221 222 223
 23 55 197
 168 224 42
 112 189 225
 188 225 189
 100 214 87
 56 54 195
 128 226 171
 227 228 229
 53 223 230
 231 230 223
 56 197 55
 232 191 180
 233 234 170
 38 210 39
 148 150 207
 144 129 97
 90 13 14
 109 107 142
 89 85 235
 6 208 155
 53 55 236
 237 238 239
 144 240 145
 29 191 212
 110 159 119
 136 60 214
 162 235 85
 81 241 82
 188 130 242
 7 211 243
 167 201 174
 244 123 245
 200 246 201
 247 248 181
 128 157 226
 136 191 28
 53 230 54
 44 116 202
 156 249 157
 250 251 46
 21 103 220
 161 217 34
 75 46 251
 39 252 111
 188 253 254
 133 227 255
 256 52 83
 156 111 252
 23 178 17
 161 17 178
 257 258 235
 75 259 76
 228 132 260
 19 9 184
 78 132 228
 61 60 135
 248 261 181
 244 245 12
 98 12 245
 75 120 117
 152 171 226
 209 262 234
 263 234 262
 133 78 228
 177 25 105
 83 52 264
 32 52 265
 218 266 267
 144 123 240
 122 240 123
 131 198 33
 122 268 240
 168 269 224
 23 22 55
 137 179 270
 221 271 222
 168 217 272
 162 272 217
 81 273 274
 275 274 273
 167 276 201
 172 179 127
 221 223 277
 57 174 246
 201 246 174
 218 220 266
 216 243 211
 125 127 179
 256 278 265
 279 76 259
 109 101 134
 172 270 179
 231 212 280
 63 105 79
 231 280 230
 38 40 281
 53 282 223
 152 226 99
 263 283 270
 21 220 219
 284 99 226
 182 208 80
 216 186 285
 112 114 183
 100 87 153
 231 223 222
 98 96 286
 77 79 104
 244 124 123
 177 76 30
 131 269 85
 100 153 134
 98 245 97
 284 226 157
 75 251 259
 175 287 288
 168 272 269
 18 210 186
 106 143 142
 112 225 113
 162 85 272
 11 8 289
 7 9 211
 91 173 160
 84 273 198
 290 259 251
 109 151 101
 170 234 291
 38 186 210
 144 97 292
 133 255 176
 98 286 14
 279 30 76
 185 285 186
 31 198 273
 260 293 229
 160 229 293
 250 46 45
 257 235 164
 7 289 8
 152 294 170
 231 222 287
 231 213 212
 133 228 227
 95 295 96
 296 40 111
 188 254 225
 95 189 295
 231 287 213
 24 119 25
 144 292 123
 44 276 47
 165 45 47
 237 297 253
 172 170 291
 203 298 204
 233 170 294
 209 205 262
 67 99 299
 300 220 103
 139 301 83
 256 83 301
 136 214 180
 61 302 68
 233 68 302
 284 157 249
 303 96 295
 112 295 189
 279 304 26
 106 26 304
 290 305 259
 88 73 159
 72 119 159
 161 163 217
 44 202 276
 123 292 245
 247 166 193
 88 153 87
 303 183 121
 38 281 187
 31 33 198
 29 213 149
 256 306 278
 217 169 34
 11 289 12
 77 155 208
 279 259 305
 67 299 307
 89 235 258
 216 140 124
 260 229 228
 175 149 213
 244 12 289
 308 287 222
 165 241 45
 250 45 241
 168 169 217
 247 181 166
 250 309 251
 263 291 234
 233 294 68
 175 213 287
 139 82 181
 247 35 37
 18 211 9
 141 146 178
 69 118 307
 50 307 118
 199 163 146
 290 251 309
 247 193 35
 160 293 92
 182 92 293
 237 239 297
 152 68 294
 131 224 269
 84 86 273
 199 146 143
 139 261 301
 201 276 202
 148 207 206
 90 286 154
 257 164 310
 199 310 164
 172 291 270
 263 270 291
 308 288 287
 112 183 295
 275 273 86
 98 14 12
 257 305 258
 122 298 268
 61 135 302
 62 302 135
 115 117 120
 122 140 204
 260 132 208
 77 208 132
 256 265 52
 284 299 99
 31 264 52
 167 193 166
 209 311 206
 303 286 96
 90 92 13
 182 13 92
 48 206 311
 77 104 155
 209 234 311
 308 222 271
 29 28 191
 69 299 192
 233 311 234
 263 262 283
 233 302 190
 81 83 264
 106 304 310
 257 310 304
 89 312 86
 290 258 305
 21 219 236
 167 47 276
 21 236 22
 185 140 285
 300 266 220
 257 304 305
 260 208 293
 244 243 124
 237 196 238
 59 35 193
 122 204 298
 182 293 208
 54 280 195
 233 190 311
 90 14 286
 81 264 273
 31 273 264
 256 301 306
 247 37 248
 216 124 243
 237 253 242
 188 242 253
 250 274 309
 275 309 274
 237 242 196
 158 194 313
 279 26 30
 185 204 140
 106 310 143
 244 289 243
 232 212 191
 216 285 140
 156 215 111
 7 243 289
 41 34 169
 69 307 299
 232 195 280
 279 305 304
 165 82 241
 39 20 252
 67 307 108
 50 108 307
 81 274 241
 250 241 274
 303 295 183
 89 258 312
 54 230 280
 70 249 252
 156 252 249
 102 195 180
 232 180 195
 29 149 27
 275 86 312
 296 111 215
 232 280 212
 62 190 302
 3 71 184
 19 184 71
 70 252 20
 162 164 235
 148 27 149
 69 71 118
 3 118 71
 139 181 261
 97 245 292
 221 277 267
 218 267 277
 303 154 286
 199 143 310
 303 121 154
 53 219 282
 48 311 190
 148 206 27
 48 27 206
 85 269 272
 284 192 299
 147 238 196
 290 312 258
 296 215 313
 53 236 219
 91 154 121
 160 173 229
 218 282 219
 70 192 249
 284 249 192
 55 22 236
 290 309 312
 130 196 242
 275 312 309
 3 184 2
 10 2 184
 158 313 215
 223 282 277
 218 277 282
 0
 19
 115 93 200 57 116 114 227 113 239 255 176 225 253 254 246 94 297 229 173
 0
 0
 0
 0
 0
 0
 16
 221 300 175 308 137 205 138 150 266 270 267 262 283 288 271 207
 0
 0
 18
 125 185 147 296 203 126 138 145 40 239 187 281 298 240 238 194 313 268
 0
 0
 0
 0
 0
 11
 300 15 131 32 16 42 33 224 103 265 43
 0
 0
 0
 10
 36 57 278 248 265 301 58 306 37 261
 0
 0
 0
