320 560
9.678115 2.511569 1
9.574879 2.350617 1
9.721053 2.365102 1
9.342519 2.234407 1
9.423470 2.119010 1
9.476007 2.231205 1
9.077063 2.646301 1
9.210153 2.670109 2
9.084210 2.774578 2
9.198662 1.198950 1
9.071326 1.130480 1
9.183449 1.047596 1
8.475585 2.287620 2
8.630102 2.254541 1
8.581976 2.361500 1
8.504636 2.169859 2
9.543455 2.810024 1
9.543092 2.953604 2
9.423470 2.865226 2
9.444846 1.334896 1
9.589488 1.426591 1
9.434002 1.466554 1
8.917900 1.739587 1
8.872846 1.871586 1
8.745080 1.755492 1
8.729655 1.919936 1
9.789246 2.448795 1
10.000000 1.527778 0
10.000000 1.666667 0
9.835932 1.589848 1
9.421269 2.339659 1
9.610342 1.305229 1
9.788682 0.868734 1
9.713545 0.964521 1
9.630043 0.812346 1
9.362967 1.582600 1
9.205578 1.586031 1
9.297521 1.444892 1
9.132903 1.455321 1
8.578965 1.700395 2
8.587470 1.848912 1
8.411804 1.768777 2
10.000000 1.805556 0
9.864987 1.903467 1
9.873762 1.734081 1
9.429109 2.581689 1
9.342649 2.727676 2
9.300473 2.592718 1
9.331212 0.311474 1
9.391139 0.467381 1
9.270160 0.442229 1
8.289977 3.084625 1
8.203995 3.214273 3
8.182261 3.044488 2
8.457720 1.950579 2
10.000000 1.388889 0
9.897661 1.451688 1
9.849624 1.291612 1
9.668290 1.618358 1
9.513515 1.559231 1
9.691791 1.495906 1
8.980727 1.969311 1
9.107937 2.061746 1
8.974391 2.102736 1
10.000000 0.833333 0
9.878537 0.952749 1
9.881005 0.771428 1
9.166667 0.000000 0
9.228572 0.118995 1
9.047251 0.121463 1
9.570928 2.643228 1
9.666690 2.753694 1
8.512171 3.029562 1
8.501996 2.902117 1
8.635534 3.000477 1
9.482075 0.375573 1
8.632577 2.858719 1
8.874151 2.322065 1
8.764855 2.203482 1
8.916048 2.203379 1
8.461940 3.408179 1
8.602221 3.469974 2
8.437001 3.520203 2
9.703095 1.224287 1
9.545672 1.202538 1
9.670074 1.086883 1
8.841307 1.604082 1
9.446910 0.269519 1
9.595981 0.268505 1
8.740061 2.530812 1
8.666847 2.437385 1
8.841598 2.440845 1
8.742489 2.344617 1
9.192173 2.523767 1
10.000000 2.500000 0
10.000000 2.638889 0
9.843488 2.564197 1
9.438756 2.449300 1
9.510171 0.191461 1
9.188523 1.345006 1
8.920476 3.021576 2
8.855284 3.136485 2
8.782388 3.023703 1
8.719112 3.129190 1
8.917796 2.615546 1
9.044215 2.523352 1
9.172133 0.340190 1
9.587537 0.409535 1
10.000000 1.250000 0
9.902959 2.703294 1
9.655199 0.142591 1
9.735977 0.293416 1
8.303676 3.298969 1
8.225669 3.402265 2
8.865435 0.507339 1
9.008142 0.563142 1
8.853737 0.619008 2
9.803100 0.196901 1
8.838311 2.114829 1
9.788435 1.428417 1
8.393827 2.992672 1
8.366385 2.871074 1
9.089385 0.963276 2
9.805383 0.494141 1
9.708761 0.426389 1
9.861273 0.354120 1
9.661263 2.881736 2
9.587098 0.955972 1
9.697988 2.218618 1
9.586776 2.199703 1
8.693430 1.612268 2
8.933568 0.705132 2
10.000000 2.083333 0
10.000000 2.222222 0
9.869110 2.155257 1
9.700066 0.677595 1
9.550171 0.644156 1
9.701771 0.555341 1
9.589083 0.519273 1
9.538357 2.507281 1
8.576491 2.513322 1
8.642417 2.630529 1
9.795480 2.705582 1
9.691846 2.643283 1
9.298770 1.322060 1
8.334949 3.194570 1
8.962798 2.763805 1
8.994673 1.019990 2
9.128722 1.940146 1
9.290168 1.126688 1
9.905188 2.023133 1
9.662862 0.349809 1
9.755339 1.802902 1
9.002016 1.284990 1
8.919353 1.130524 2
8.547351 2.765906 1
8.666471 2.749717 1
9.518946 2.138441 1
9.135469 0.213983 1
8.990734 1.636586 1
9.061483 1.732573 1
10.000000 0.555556 0
10.000000 0.694444 0
9.846493 0.624231 1
9.305555 0.000000 0
9.444445 0.000000 0
9.376101 0.152226 1
8.499480 2.649626 1
8.486609 3.217386 1
8.413008 3.308919 1
9.451973 1.710454 1
8.578949 3.131859 1
8.421050 3.111072 1
9.770711 0.759233 1
8.750494 1.494737 1
8.623773 1.464182 2
9.019844 1.846440 1
9.719865 1.341398 1
9.386144 1.831876 1
9.426682 1.973511 1
9.272293 1.925536 1
9.312862 2.071491 1
9.529906 1.061277 1
9.431851 0.943857 1
9.414834 1.117136 1
8.542651 3.328246 1
8.652964 3.332888 2
9.463327 2.712473 1
9.284926 1.728074 1
8.801836 1.218172 2
8.866799 1.345885 1
8.738236 1.350614 2
9.059108 1.544757 1
9.100688 1.645534 1
9.285225 0.878031 1
9.180266 0.778876 1
9.297025 0.717826 1
9.756651 1.691617 1
8.450005 2.413283 2
9.909224 0.487143 1
9.513889 0.086995 1
9.169523 0.630066 1
9.150927 0.492288 1
9.290156 0.592840 1
9.470921 0.786546 1
9.167747 1.818970 1
8.897501 1.244893 1
10.000000 0.277778 0
10.000000 0.416667 0
9.583333 0.000000 0
9.722222 0.000000 0
9.567870 1.672118 1
9.024781 2.865752 2
8.925119 2.901931 1
8.856956 2.819974 1
8.860346 1.458757 1
10.000000 1.944444 0
9.097796 2.162515 1
8.605382 1.994545 1
9.791840 2.029161 1
9.440208 1.223186 1
8.860596 2.725816 1
8.754113 2.811574 1
9.179708 0.910307 1
10.000000 0.972222 0
9.027778 0.000000 0
9.347087 1.226026 1
9.296770 1.003319 1
8.770854 3.259098 2
8.721547 2.928189 1
8.992749 2.420148 1
8.644530 3.228079 1
8.773985 2.662411 1
10.000000 2.777778 0
10.000000 2.916667 0
9.875825 2.830022 2
8.996217 1.414830 1
8.264857 2.953717 1
9.045720 0.407763 1
9.037647 0.280749 1
9.214856 2.026828 1
9.644619 2.075948 1
9.705174 1.928411 1
9.574646 1.942917 1
9.364137 0.804001 1
9.815688 1.058497 1
8.941504 0.184312 1
9.063309 0.711231 2
8.942284 0.437769 1
8.434777 2.774361 1
8.931909 2.507634 1
9.411857 0.588144 1
9.490500 0.513241 1
9.517835 2.037037 1
8.365952 2.673563 2
8.406985 2.544760 2
9.209607 2.173393 1
10.000000 0.000000 0
10.000000 0.138889 0
9.885746 0.114254 1
9.861111 0.000000 0
9.523350 0.877952 1
9.894957 1.152123 1
8.750000 0.000000 0
8.848654 0.104976 1
8.713051 0.149972 2
8.843869 1.998749 1
10.000000 2.361111 0
9.892401 2.436659 1
9.895423 2.288904 1
8.228585 2.822122 2
9.171988 1.708324 1
9.407576 0.694410 1
9.498965 1.854079 1
9.623045 1.834179 1
9.248697 0.227374 1
8.842537 2.537799 1
8.733887 2.060268 1
8.621247 2.130070 1
9.758629 2.819886 1
9.774709 2.930579 2
9.216706 2.307020 1
9.786070 1.153550 1
8.787876 0.304244 2
8.846450 0.213930 1
9.811171 2.366446 1
9.910024 0.216388 1
9.780123 0.091278 1
9.091424 0.829501 2
9.001876 2.310028 1
8.817172 2.915550 1
9.019978 2.214086 1
9.113731 2.401212 1
9.752971 2.126009 1
9.111723 2.262382 1
9.555644 1.759653 1
8.515110 2.065522 2
8.920775 0.319502 1
8.888889 0.000000 0
10.000000 1.111111 0
9.328279 2.460347 1
9.111744 1.268035 1
8.941441 1.532904 1
8.120616 2.909976 2
9.312048 2.352547 1
9.651586 1.719057 1
9.229127 2.416507 1
8.844203 0.402869 1
8.721608 0.441784 2
9.280375 1.826902 1
8.773729 0.568243 2
9.030814 2.984897 2
9.791131 2.269420 1
8.330919 2.771362 1
9.086759 1.357789 1
9.918360 1.047968 1
8.952032 0.081641 1
8.348223 3.406164 1
8.280723 3.514709 3
8.258897 2.715691 2
 0 1 2
 3 4 5
 6 7 8
 9 10 11
 12 13 14
 12 15 13
 16 17 18
 19 20 21
 22 23 24
 25 24 23
 0 2 26
 27 28 29
 30 3 5
 19 31 20
 32 33 34
 35 36 37
 38 37 36
 39 40 41
 42 43 44
 45 46 47
 48 49 50
 51 52 53
 54 41 40
 25 40 24
 39 24 40
 55 56 57
 58 59 60
 20 60 59
 61 62 63
 64 65 66
 67 68 69
 16 70 71
 72 73 74
 48 75 49
 73 76 74
 77 78 79
 80 81 82
 83 84 85
 22 24 86
 75 87 88
 89 90 91
 90 92 91
 93 7 6
 94 95 96
 30 1 97
 35 37 21
 98 88 87
 38 99 37
 100 101 102
 103 102 101
 104 105 6
 48 50 106
 75 88 107
 108 55 57
 95 109 96
 110 111 88
 112 113 52
 114 115 116
 46 7 47
 117 111 110
 118 79 78
 119 29 60
 72 120 73
 121 73 120
 11 10 122
 58 60 29
 92 78 77
 123 124 125
 125 124 111
 16 126 17
 127 34 33
 19 84 31
 128 1 129
 39 130 24
 131 116 115
 132 133 134
 135 136 137
 138 137 136
 0 139 1
 48 87 75
 140 89 141
 142 143 96
 0 96 143
 128 2 1
 144 19 37
 140 90 89
 37 19 21
 51 145 52
 104 6 146
 147 122 10
 61 148 62
 9 11 149
 132 134 150
 151 107 88
 152 44 43
 153 154 10
 155 141 156
 119 57 56
 157 5 4
 20 59 21
 32 66 65
 158 69 68
 119 56 29
 22 159 160
 161 162 163
 164 165 166
 27 29 56
 167 141 155
 28 44 29
 168 169 145
 35 59 170
 72 171 172
 168 172 171
 70 143 71
 32 34 173
 93 6 105
 1 139 97
 174 130 175
 22 160 176
 20 177 60
 178 179 180
 181 180 179
 142 96 109
 24 130 86
 127 182 183
 184 183 182
 80 185 81
 186 81 185
 45 187 46
 30 5 1
 35 188 36
 123 163 137
 135 137 163
 189 190 191
 38 36 192
 193 192 36
 194 195 196
 58 29 197
 12 14 198
 161 163 199
 165 200 166
 0 70 139
 45 139 70
 61 23 176
 201 202 203
 50 203 202
 84 182 85
 135 34 136
 204 136 34
 205 180 148
 168 145 172
 153 206 154
 207 208 125
 209 210 110
 22 176 23
 59 211 170
 140 198 14
 1 5 129
 212 213 146
 214 146 213
 190 215 191
 215 174 191
 42 216 43
 62 217 63
 54 40 218
 25 218 40
 219 150 134
 119 60 177
 92 77 91
 19 220 84
 221 214 222
 194 223 195
 64 224 65
 225 67 69
 9 226 144
 35 21 59
 9 144 99
 11 223 227
 194 227 223
 103 101 228
 123 199 163
 98 166 200
 229 74 76
 230 91 77
 16 18 187
 46 187 18
 168 231 185
 232 221 222
 233 234 235
 153 236 190
 121 120 237
 238 239 106
 158 106 239
 180 240 148
 219 241 242
 243 242 241
 0 26 96
 184 227 183
 194 183 227
 184 182 84
 204 183 244
 245 33 65
 246 69 239
 219 242 43
 152 43 242
 147 10 154
 201 247 115
 131 115 247
 114 248 115
 140 141 167
 194 244 183
 121 249 73
 104 250 105
 201 115 202
 238 202 115
 83 31 84
 251 252 136
 251 203 49
 50 49 203
 194 196 244
 162 66 163
 164 166 68
 92 14 13
 201 196 195
 209 110 200
 208 199 125
 103 74 102
 179 253 4
 51 237 120
 254 255 167
 140 167 255
 184 84 220
 229 102 74
 140 14 90
 32 65 33
 158 239 69
 201 203 196
 98 200 110
 123 125 199
 178 188 170
 35 170 188
 181 3 256
 181 179 4
 257 258 259
 257 259 260
 48 166 87
 98 87 166
 174 86 130
 204 261 183
 135 173 34
 61 176 148
 205 148 176
 108 57 262
 263 264 265
 20 31 177
 45 70 187
 61 63 266
 118 266 63
 168 171 231
 267 268 269
 61 266 23
 0 143 70
 16 187 70
 121 237 270
 92 90 14
 36 188 271
 50 202 106
 238 106 202
 138 136 252
 94 96 268
 25 23 266
 238 115 248
 251 136 272
 156 141 232
 89 232 141
 156 232 222
 127 183 261
 243 273 274
 135 163 173
 48 275 166
 28 42 44
 104 232 276
 89 276 232
 118 78 277
 278 277 78
 11 227 149
 193 160 159
 254 167 249
 142 71 143
 279 280 126
 71 279 126
 112 145 169
 181 256 240
 133 269 134
 281 256 3
 25 277 218
 278 218 277
 83 282 57
 283 265 284
 153 190 206
 189 206 190
 285 269 268
 207 125 286
 117 286 125
 117 110 287
 210 287 110
 288 195 223
 230 77 289
 16 71 126
 162 64 66
 67 164 68
 100 102 290
 100 290 213
 291 63 217
 196 203 272
 251 272 203
 151 88 111
 174 215 86
 140 255 198
 285 26 2
 93 105 292
 230 292 105
 219 134 293
 193 36 271
 157 253 241
 281 294 256
 295 274 273
 278 296 218
 127 85 182
 245 85 33
 246 239 297
 263 298 264
 299 108 262
 204 272 136
 93 47 7
 117 125 111
 98 110 88
 151 111 124
 93 300 47
 45 300 97
 153 10 301
 9 301 10
 62 240 256
 119 177 57
 83 57 177
 243 241 253
 190 236 215
 302 159 86
 19 144 226
 243 179 273
 178 273 179
 22 86 159
 256 294 217
 157 241 129
 48 106 275
 302 86 215
 158 275 106
 303 270 237
 30 304 3
 281 3 304
 152 305 197
 127 261 34
 204 34 261
 295 273 170
 178 170 273
 152 274 305
 186 185 231
 157 4 253
 278 13 15
 45 97 139
 205 176 160
 128 129 241
 58 211 59
 230 289 292
 45 47 300
 30 97 300
 127 33 85
 238 297 239
 163 66 173
 166 275 68
 30 300 304
 93 306 300
 83 85 282
 245 282 85
 246 297 284
 283 284 297
 62 148 240
 219 293 241
 128 241 293
 29 44 197
 152 197 44
 75 107 252
 184 226 149
 104 221 232
 54 218 296
 233 235 109
 142 109 235
 92 13 78
 278 15 296
 283 297 307
 283 307 308
 184 220 226
 118 277 266
 25 266 277
 243 274 242
 292 289 294
 133 267 269
 178 180 309
 267 94 268
 38 192 236
 302 236 192
 114 310 308
 57 282 262
 265 264 284
 112 52 145
 51 120 172
 205 309 180
 9 149 226
 181 240 180
 100 213 311
 212 311 213
 243 253 179
 181 4 3
 134 312 293
 303 237 53
 128 293 312
 201 195 247
 55 27 56
 142 279 71
 302 215 236
 238 248 297
 9 99 301
 114 308 307
 37 99 144
 205 188 309
 174 175 191
 19 226 220
 205 271 188
 295 170 211
 103 171 74
 184 149 227
 121 270 313
 178 309 188
 72 172 120
 288 247 195
 38 314 99
 189 154 206
 104 146 221
 75 252 49
 142 235 279
 216 132 150
 73 249 155
 258 207 286
 210 260 287
 212 146 8
 6 8 146
 216 150 43
 280 279 235
 291 289 79
 72 74 171
 103 228 231
 95 233 109
 103 231 171
 219 43 150
 230 250 91
 77 79 289
 89 91 276
 208 161 199
 165 209 200
 51 172 145
 138 124 137
 138 107 124
 138 252 107
 152 242 274
 224 299 315
 298 225 316
 214 221 146
 230 105 250
 32 173 66
 158 68 275
 278 78 13
 288 223 122
 112 317 113
 318 113 317
 153 314 236
 186 231 228
 246 264 316
 298 316 264
 245 315 262
 299 262 315
 83 177 31
 80 169 185
 168 185 169
 281 292 294
 291 79 63
 281 306 292
 254 249 313
 285 268 26
 96 26 268
 258 286 259
 260 259 287
 62 256 217
 118 63 79
 93 292 306
 318 317 82
 80 82 317
 38 236 314
 134 269 312
 291 217 294
 167 155 249
 156 76 155
 73 155 76
 51 53 237
 285 312 269
 229 290 102
 112 169 317
 80 317 169
 123 137 124
 151 124 107
 157 129 5
 224 315 65
 225 69 316
 58 197 305
 245 262 282
 246 284 264
 153 301 314
 204 244 272
 196 272 244
 121 313 249
 295 305 274
 251 49 252
 214 290 222
 229 222 290
 246 316 69
 245 65 315
 117 287 259
 117 259 286
 254 313 319
 114 116 310
 156 222 76
 229 76 222
 285 2 312
 291 294 289
 214 213 290
 128 312 2
 281 304 306
 302 192 159
 193 159 192
 300 306 304
 297 248 307
 99 314 301
 11 122 223
 270 319 313
 58 305 211
 114 307 248
 295 211 305
 205 160 271
 193 271 160
 91 250 276
 104 276 250
 0
 0
 0
 0
 0
 0
 0
 0
 0
 0
 0
 0
 0
 0
 0
 0
 0
 0
 17
 100 186 280 17 212 46 318 101 81 7 235 228 18 126 311 8 82
 29
 147 12 254 303 131 283 39 189 54 288 41 265 130 308 270 198 154 52 255 191 247 15 175 116 296 319 310 53 122
 0
 0
 3
 318 52 113
 0
 0
