313 553
7.164596 2.778845 1
7.262382 2.722581 1
7.201928 2.902174 2
7.342909 2.799273 1
8.339095 1.891838 1
8.250751 1.812134 1
8.411804 1.768777 2
8.284565 1.715435 1
7.959190 1.754323 1
7.802344 1.756332 1
7.856203 1.616465 1
7.498225 2.583424 1
7.622765 2.702036 1
7.500171 2.698773 1
7.443472 1.942950 1
7.613626 1.986608 1
7.510754 2.063014 1
7.552849 0.916855 1
7.494326 1.025363 1
7.374181 0.926226 2
8.273797 1.127248 1
8.220457 1.287513 1
8.120080 1.172185 1
7.523554 1.866925 1
7.731541 1.104297 1
7.749978 1.235802 1
7.601613 1.214993 1
8.478637 0.790780 1
8.313864 0.866223 1
8.331158 0.720848 1
7.219480 2.344383 1
7.363740 2.410020 1
7.257778 2.463959 1
8.474099 1.616217 1
8.340574 1.625544 1
7.312423 2.260671 1
7.486001 0.809553 2
7.691458 1.625557 1
7.587032 1.102500 1
8.333333 0.000000 0
8.472222 0.000000 0
8.423933 0.166367 1
7.986232 1.946766 1
8.040218 1.849507 1
8.114106 1.990244 1
8.175214 0.985853 1
8.030745 1.035779 1
8.194445 0.000000 0
8.260237 0.127251 1
8.090914 0.133506 1
7.620184 2.556905 1
8.801836 1.218172 2
8.738236 1.350614 2
8.659156 1.181875 1
7.491823 1.669027 1
7.420715 1.784334 1
7.342836 1.639057 2
7.441488 1.573872 1
7.734658 2.641909 1
7.085173 2.293885 2
7.198239 2.211733 2
8.611111 0.000000 0
8.713051 0.149972 2
8.541667 0.099357 1
7.753994 1.900319 1
7.777062 2.059184 1
8.387761 0.339635 1
8.240078 0.418746 1
8.276791 0.268489 1
8.461967 0.900401 1
7.330197 1.864834 2
8.312034 2.436220 1
8.406985 2.544760 2
8.237949 2.582546 1
8.669917 0.579927 1
8.757948 0.693155 1
8.605878 0.699880 1
8.419788 1.204282 1
8.332795 1.276246 1
8.569086 0.210360 1
8.508806 0.309166 1
8.146174 1.859522 1
8.761953 0.916679 1
8.900838 0.965835 1
8.822564 1.031494 1
7.639262 1.456599 1
7.763267 1.366998 1
7.753578 1.515011 1
7.919614 2.303614 1
7.874130 2.467033 1
7.794896 2.314073 1
7.725644 2.414804 1
7.949999 0.693922 1
8.057818 0.785259 1
7.934078 0.862031 1
8.101618 0.647294 1
8.432035 1.083317 1
8.024765 1.279948 1
7.894146 1.289960 1
7.976189 1.160414 1
8.902877 0.859163 1
8.103052 1.556893 1
8.175099 1.426256 1
8.266163 1.530432 1
7.809556 0.964260 1
7.810327 0.850372 1
8.014078 0.559529 1
7.310883 3.038144 2
7.393803 2.920684 1
7.442627 3.070481 1
8.750000 0.000000 0
8.578965 1.700395 2
8.457720 1.950579 2
8.104742 3.126991 1
8.182261 3.044488 2
8.203995 3.214273 3
7.660153 1.319150 1
8.018033 1.414853 1
7.638889 0.000000 0
7.777778 0.000000 0
7.724136 0.155138 2
7.670127 1.770020 1
7.518536 2.990162 1
8.138584 2.715771 1
8.073783 2.616538 1
8.469637 0.651486 1
8.516606 0.998214 1
8.661506 1.034647 1
8.562360 1.096392 1
8.581209 0.914497 1
7.949980 0.968231 1
8.584172 1.311510 1
8.248993 0.587877 1
8.138595 0.527782 1
8.168266 0.324664 1
8.117494 1.321646 1
8.206525 0.729662 1
8.809734 0.800232 1
8.646532 0.810924 1
8.365952 2.673563 2
7.846552 0.756488 1
7.850990 1.168013 1
8.215405 1.627476 1
7.336075 1.231452 1
7.169745 1.239987 2
7.261079 1.146039 2
7.707490 2.529548 1
8.126678 2.518943 1
7.462380 1.464749 1
7.388029 1.351707 1
7.538618 1.349015 1
7.462672 1.262592 1
7.068888 2.818274 3
7.983636 2.709339 1
8.034971 2.803290 1
8.182172 0.226299 1
8.040907 2.404523 1
7.856003 1.453294 1
7.372607 1.087612 2
7.897685 1.866148 1
8.933568 0.705132 2
7.413507 2.305499 1
7.563960 2.329350 1
7.501750 2.447927 1
8.190020 2.426300 1
8.122610 2.331050 1
8.124784 1.717798 1
7.239058 1.351035 1
8.071854 0.420917 1
8.515110 2.065522 2
8.402747 2.097991 1
7.126564 2.429618 2
7.994965 1.638687 1
8.167719 0.849068 1
7.965651 1.536039 1
8.375373 0.580966 1
8.335576 1.998213 1
8.853737 0.619008 2
7.823123 2.586313 1
7.893880 1.056013 1
8.295401 1.002043 1
8.044533 2.262336 1
8.693430 1.612268 2
8.576487 1.580054 1
8.623773 1.464182 2
8.558815 0.590910 1
8.773729 0.568243 2
8.512167 1.507207 1
7.391330 2.057900 1
7.288234 2.111815 2
7.314125 1.977033 2
8.347806 0.472575 1
7.221816 1.512943 2
7.084176 1.397750 3
7.554602 1.571620 1
8.758950 1.115047 1
8.919353 1.130524 2
7.475721 1.154086 1
7.653986 2.107674 1
8.592486 0.390641 1
8.721608 0.441784 2
8.581511 0.496440 1
7.735209 2.199541 1
7.859236 2.189422 1
7.920929 2.087509 1
7.632497 1.874329 1
8.055555 0.000000 0
7.421768 2.171318 1
8.227109 1.928613 1
7.651947 2.850164 1
7.775370 2.930329 1
7.640660 2.984742 1
7.510874 2.241171 1
7.874085 0.115023 1
8.475585 2.287620 2
8.450005 2.413283 2
8.340025 2.314593 1
7.941402 2.601359 1
8.011380 2.521679 1
7.617286 0.798666 1
7.759981 2.779103 1
7.896862 2.826248 1
7.490658 2.861258 1
7.440787 2.773346 1
7.108499 2.672402 2
8.995839 0.799050 1
7.925094 0.350582 1
8.070436 0.288870 1
7.973966 0.206973 1
7.781382 0.302012 2
7.855732 0.225946 1
8.660844 0.299258 1
8.787876 0.304244 2
7.311299 1.434176 1
7.355800 1.524904 1
7.542164 1.765435 1
7.730455 3.088658 1
7.657597 3.226219 2
7.582279 3.102443 1
7.660341 0.578731 2
7.710315 0.439928 2
7.753076 0.535534 1
7.237609 2.614172 1
7.153166 2.542537 1
8.994673 1.019990 2
8.288482 1.412666 1
8.258897 2.715691 2
8.395570 0.967330 1
7.977349 2.168581 1
8.391410 1.494926 1
7.486845 3.218712 2
8.528203 1.201904 1
7.559259 0.720355 2
7.646367 0.999774 1
7.916667 0.000000 0
7.422709 2.508872 1
7.377967 2.654471 1
8.452407 1.297043 1
7.322326 2.547752 1
8.224897 2.317063 1
7.857933 2.691714 1
7.778308 3.199289 2
7.595392 1.680493 1
8.493809 1.396836 1
8.052592 0.914370 1
7.845520 3.024067 1
7.891593 2.942861 1
8.387638 1.378407 1
7.889970 1.982472 1
7.549607 2.157194 1
7.569988 2.907280 1
7.995681 2.910770 1
7.740407 0.769692 1
7.662305 0.690173 1
7.794248 0.634852 1
7.363416 3.152739 2
8.120616 2.909976 2
8.232973 2.033170 1
7.702896 0.885367 1
8.467130 0.526815 1
7.954675 0.465097 1
7.677302 2.321094 1
7.830323 0.394099 1
7.622062 2.226642 1
7.944530 3.022892 1
8.004569 3.123369 1
7.879289 3.139514 2
7.971704 3.223093 2
8.473415 0.416624 1
8.086451 2.148384 1
7.999796 2.044643 1
8.195121 2.129306 1
8.059409 3.021968 1
7.849445 0.496616 1
7.904535 0.585217 1
8.130690 2.812789 1
8.075289 3.231018 2
7.040461 2.535963 2
8.228585 2.822122 2
8.504636 2.169859 2
8.380368 2.200007 1
7.288260 1.771016 2
8.158250 2.233232 1
7.983811 0.092829 1
8.260521 2.217895 1
7.622042 2.442154 1
9.091424 0.829501 2
9.063309 0.711231 2
9.089385 0.963276 2
8.995237 0.904912 1
7.549659 2.792630 1
8.298698 2.112085 1
7.557285 0.622383 2
 0 1 2
 1 3 2
 4 5 6
 5 7 6
 8 9 10
 11 12 13
 14 15 16
 17 18 19
 20 21 22
 23 15 14
 24 25 26
 27 28 29
 30 31 32
 33 6 34
 30 35 31
 17 19 36
 34 6 7
 37 10 9
 38 24 26
 39 40 41
 42 43 44
 20 22 45
 46 45 22
 47 48 49
 50 12 11
 51 52 53
 54 55 56
 57 54 56
 58 12 50
 30 59 60
 61 62 63
 64 65 15
 66 67 68
 27 69 28
 70 55 14
 71 72 73
 74 75 76
 20 77 78
 20 78 21
 79 80 41
 43 81 44
 82 83 84
 85 86 87
 66 41 80
 88 89 90
 91 90 89
 92 93 94
 92 95 93
 20 96 77
 97 98 99
 82 100 83
 101 102 103
 94 104 105
 92 106 95
 107 108 109
 61 110 62
 111 6 33
 112 4 6
 113 114 115
 116 86 85
 14 55 23
 101 117 102
 118 119 120
 37 9 121
 122 109 108
 123 124 73
 27 125 76
 126 127 128
 129 127 126
 130 104 94
 131 53 52
 132 95 133
 67 134 68
 117 135 102
 132 136 95
 75 137 138
 139 73 72
 92 94 140
 141 99 98
 101 103 142
 143 144 145
 58 50 146
 147 73 124
 148 149 150
 151 150 149
 91 89 146
 0 2 152
 82 138 137
 124 123 153
 153 123 154
 155 49 48
 88 156 89
 37 87 10
 157 10 87
 82 84 127
 79 63 62
 79 41 63
 158 19 18
 8 159 9
 160 137 75
 161 162 163
 147 156 164
 165 164 156
 8 166 43
 167 144 143
 168 67 133
 132 133 67
 169 170 112
 40 63 41
 30 171 59
 39 41 48
 8 10 172
 8 172 166
 3 108 2
 173 28 45
 157 174 10
 21 135 22
 132 175 29
 170 176 112
 160 75 177
 89 178 146
 157 87 86
 98 86 25
 141 24 179
 104 179 24
 20 180 96
 141 98 25
 88 181 156
 136 28 173
 29 28 136
 182 183 184
 116 26 25
 76 125 185
 74 186 75
 111 33 183
 187 183 33
 66 68 41
 188 189 190
 30 32 171
 66 191 67
 97 22 135
 167 192 193
 37 194 85
 64 121 9
 132 67 191
 29 175 125
 51 195 196
 84 196 195
 151 143 197
 158 197 143
 82 127 129
 15 65 198
 75 138 76
 160 100 137
 128 127 53
 168 134 67
 199 200 201
 202 65 203
 204 203 65
 64 15 205
 206 47 49
 188 207 189
 45 28 180
 81 208 44
 209 210 211
 165 156 181
 161 212 162
 148 85 194
 27 138 129
 74 201 200
 148 150 85
 116 85 150
 119 213 120
 27 29 125
 161 163 31
 132 29 136
 173 93 136
 95 136 93
 214 215 216
 71 215 72
 217 89 218
 81 43 166
 17 36 219
 209 220 210
 221 210 220
 37 85 87
 157 98 117
 97 117 98
 222 108 223
 223 108 3
 23 205 15
 107 2 108
 97 99 22
 97 135 117
 82 137 100
 71 216 215
 0 152 224
 160 225 100
 168 226 227
 228 227 226
 112 176 4
 122 108 222
 27 76 138
 167 193 144
 229 120 230
 79 62 231
 232 231 62
 101 166 172
 148 233 149
 148 234 233
 155 227 49
 228 49 227
 199 231 200
 23 55 235
 236 237 238
 239 240 241
 155 68 134
 242 243 32
 244 196 83
 21 78 245
 0 224 1
 242 1 224
 123 73 246
 247 96 180
 88 203 248
 187 33 249
 250 238 237
 84 83 196
 58 220 12
 128 251 96
 252 219 36
 56 192 234
 88 248 181
 53 127 195
 17 253 18
 89 156 218
 77 96 251
 119 254 213
 255 11 256
 104 130 179
 81 166 5
 7 5 166
 64 9 159
 131 257 251
 242 32 258
 168 133 106
 95 106 133
 217 178 89
 121 205 235
 27 129 69
 235 205 23
 236 211 210
 71 73 164
 147 164 73
 101 174 117
 151 149 143
 167 143 149
 232 200 231
 259 216 71
 164 259 71
 46 22 99
 101 142 166
 82 129 138
 58 260 220
 38 18 253
 236 261 237
 247 28 69
 37 121 262
 47 39 48
 42 159 43
 8 43 159
 120 213 230
 188 16 207
 131 184 263
 64 205 121
 173 45 264
 236 210 265
 255 256 258
 221 153 154
 101 172 174
 161 31 35
 221 266 210
 21 245 102
 267 245 78
 131 263 257
 64 268 65
 167 233 192
 46 264 45
 56 234 57
 187 263 184
 269 207 16
 209 12 220
 32 243 171
 269 16 198
 15 198 16
 209 211 270
 221 154 271
 94 93 264
 199 80 231
 79 231 80
 54 235 55
 74 76 185
 187 184 183
 236 238 211
 7 166 142
 104 24 253
 202 198 65
 272 273 274
 239 274 273
 13 256 11
 221 260 153
 103 249 34
 255 31 163
 141 179 99
 46 99 179
 107 109 275
 221 220 260
 228 226 230
 229 230 226
 122 222 270
 103 245 249
 276 271 154
 64 159 268
 50 11 163
 255 163 11
 277 44 208
 20 45 180
 173 264 93
 17 219 278
 279 185 125
 128 53 251
 168 280 226
 157 117 174
 158 143 145
 202 90 281
 33 34 249
 38 253 24
 267 263 249
 187 249 263
 157 86 98
 229 226 282
 37 262 194
 155 48 68
 41 68 48
 104 278 105
 272 105 278
 202 281 283
 131 251 53
 17 278 253
 75 186 177
 131 52 184
 284 285 286
 287 286 285
 139 246 73
 104 253 278
 66 288 191
 92 140 274
 272 274 140
 289 290 44
 88 90 203
 202 203 90
 58 146 178
 289 44 291
 277 291 44
 276 114 292
 293 294 274
 74 200 186
 267 249 245
 289 248 290
 123 295 154
 276 154 295
 236 265 286
 293 274 241
 250 109 238
 168 227 134
 189 207 35
 161 35 207
 94 264 130
 94 105 140
 113 296 285
 122 211 238
 111 183 182
 204 65 268
 40 61 63
 255 258 31
 32 31 258
 242 256 1
 3 1 256
 92 274 294
 279 191 288
 297 171 243
 123 246 298
 113 115 296
 51 53 195
 168 106 280
 141 25 24
 217 260 178
 58 178 260
 170 299 300
 214 300 299
 116 150 26
 151 26 150
 242 258 256
 21 102 135
 103 102 245
 276 295 298
 70 301 55
 123 298 295
 239 241 274
 92 294 106
 277 208 176
 4 176 208
 226 280 282
 147 218 156
 165 181 302
 289 302 181
 42 268 159
 228 213 303
 254 303 213
 247 180 28
 188 14 16
 84 195 127
 254 206 303
 206 49 303
 13 223 256
 3 256 223
 293 282 280
 304 300 216
 214 216 300
 42 290 268
 228 303 49
 54 194 262
 242 224 243
 297 243 224
 284 286 265
 122 238 109
 148 57 234
 162 212 283
 269 283 212
 116 25 86
 217 124 153
 77 251 257
 10 174 172
 287 285 296
 162 281 305
 46 130 264
 148 194 57
 236 286 261
 279 288 201
 293 240 282
 229 282 240
 228 230 213
 38 197 18
 158 18 197
 293 241 240
 217 153 260
 204 268 290
 279 125 175
 199 201 288
 162 305 163
 306 225 307
 160 307 225
 161 207 212
 269 212 207
 56 55 301
 210 266 265
 306 308 309
 70 14 190
 192 233 234
 209 270 310
 167 149 233
 276 292 271
 284 271 292
 222 310 270
 250 275 109
 170 311 176
 277 176 311
 202 283 198
 269 198 283
 122 270 211
 189 35 60
 30 60 35
 54 57 194
 46 179 130
 204 248 203
 170 169 299
 239 273 312
 188 190 14
 293 280 294
 106 294 280
 91 305 281
 272 278 219
 132 191 175
 279 175 191
 113 285 292
 284 292 285
 221 271 266
 252 312 273
 42 44 290
 155 134 227
 113 292 114
 128 96 126
 247 126 96
 199 288 80
 244 83 309
 100 309 83
 304 216 259
 209 310 12
 91 146 305
 50 305 146
 13 12 310
 204 290 248
 38 26 197
 151 197 26
 66 80 288
 279 201 185
 289 181 248
 91 281 90
 272 140 105
 165 259 164
 50 163 305
 284 266 271
 13 310 223
 222 223 310
 81 5 208
 4 208 5
 100 225 309
 267 257 263
 129 126 69
 77 257 78
 267 78 257
 304 302 291
 289 291 302
 252 273 219
 272 219 273
 162 283 281
 306 309 225
 74 185 201
 304 311 300
 217 218 124
 147 124 218
 103 34 142
 7 142 34
 170 300 311
 121 235 262
 284 265 266
 304 291 311
 244 309 308
 277 311 291
 304 259 302
 247 69 126
 54 262 235
 165 302 259
 0
 0
 0
 0
 0
 0
 0
 0
 0
 0
 0
 0
 0
 0
 0
 0
 0
 0
 0
 0
 29
 244 214 139 276 160 232 111 51 112 306 6 62 182 200 298 215 196 115 72 52 307 299 184 177 169 246 186 114 308
 0
 11
 287 250 107 237 2 286 115 275 296 261 152
 12
 158 239 229 252 19 120 193 240 144 36 312 145
 13
 297 56 59 189 70 192 193 171 224 152 190 301 60
