308 548
6.701519 1.785672 1
6.879232 1.891371 1
6.723532 1.909799 1
6.805418 1.728012 1
6.567963 2.290683 1
6.680757 2.396833 1
6.582386 2.496284 1
6.484631 2.419052 1
6.442039 2.093051 1
6.397256 1.985062 1
6.536678 1.996341 1
6.542043 2.143331 1
5.075511 3.255838 2
4.968703 3.179825 1
5.122739 3.104407 1
6.048975 2.539656 1
6.016453 2.402017 1
6.128496 2.422999 1
6.692447 1.608083 1
5.697073 2.217800 1
5.866033 2.207757 1
5.789660 2.318496 1
5.007074 3.044911 1
6.184692 2.536127 1
5.707364 1.638875 1
5.555358 1.705302 1
5.626503 1.565697 2
6.953347 1.488441 1
6.831847 1.586057 1
6.827979 1.453654 1
6.956197 1.599887 1
6.913921 1.734840 1
5.644777 1.756792 1
6.008340 2.139752 1
6.117687 2.149634 1
6.089433 2.274208 1
5.981593 2.283386 1
5.343924 2.289512 1
5.340167 2.452921 1
5.228862 2.401259 1
6.534350 1.620327 1
6.507941 1.506101 2
6.676695 1.483973 2
5.832567 1.649027 1
5.784334 1.788280 1
5.433549 2.599946 1
5.274381 2.564524 1
5.846843 3.183881 1
5.884804 3.080605 1
5.940642 3.220175 1
5.137704 2.516743 1
5.070802 2.638387 1
4.988203 2.540515 1
7.098757 2.157671 1
7.198239 2.211733 2
7.085173 2.293885 2
6.919063 1.345560 2
7.084176 1.397750 3
6.619639 1.893718 1
6.669048 2.050785 1
6.124938 2.025252 1
6.055794 1.888699 1
6.204272 1.876331 1
5.997469 3.137192 1
6.453895 2.610102 1
6.349832 2.687730 1
6.323233 2.547328 1
6.232348 2.645741 1
5.238379 2.222766 1
5.530592 1.588824 2
4.845317 3.097768 2
6.197185 1.710938 1
6.084925 1.777562 1
5.745697 3.173218 1
5.735101 3.058170 1
6.561868 2.666827 1
4.769942 2.280101 1
4.871974 2.324351 1
4.797622 2.415462 1
5.458736 2.481935 1
5.889647 2.035367 1
4.696296 2.345913 2
5.677823 2.356534 1
5.157799 2.308057 1
4.991894 2.301419 1
5.106811 2.203736 1
7.342836 1.639057 2
7.209929 1.679876 1
7.221816 1.512943 2
7.110541 1.619870 1
5.430822 2.384359 1
4.814559 2.925099 2
4.905974 2.997900 1
5.929688 2.502023 1
5.965956 2.652368 1
5.839457 2.581542 1
5.214097 3.331745 2
5.382433 3.262294 1
5.349648 3.407403 1
5.069596 2.414073 1
6.033929 2.753751 1
6.050534 2.866902 1
5.894266 2.803605 1
6.422426 1.621216 1
6.284449 1.579454 2
6.390977 1.521575 2
5.944719 2.927681 1
6.331472 1.699374 1
5.176482 3.200482 1
6.437969 2.501460 1
5.056581 2.785297 1
5.135196 2.938230 1
4.979111 2.910539 1
5.244003 3.003819 1
4.935095 3.324694 2
5.387218 3.530872 1
5.535018 3.555948 2
5.404654 3.643694 2
4.970611 2.699820 1
4.802077 2.705404 1
4.884775 2.618406 1
4.896239 2.810410 1
6.727134 2.194557 1
6.807657 2.096110 1
6.623591 1.689522 1
5.491504 3.133132 1
5.603273 3.042680 1
5.642973 3.185237 1
5.853254 2.683828 1
6.800164 1.985727 1
4.706223 3.210999 2
4.840199 3.236122 1
5.521235 3.272081 1
7.065910 1.528489 1
7.025963 1.672231 1
5.924449 1.697210 1
6.317006 1.807146 1
7.015406 2.209645 1
6.498818 1.877933 1
5.544936 3.387389 1
5.672415 3.443717 2
5.817223 2.939673 1
6.404159 1.871603 1
6.919560 2.163072 1
6.833597 2.217250 1
5.254696 3.469616 1
5.118882 3.475273 2
5.356595 3.148484 1
5.688493 2.933833 1
5.559829 2.921219 1
5.639620 2.821225 1
5.275603 3.211721 1
6.412480 2.222630 1
7.000378 1.790072 1
7.106781 1.745396 1
7.104016 1.896052 1
7.001577 1.985255 1
6.904934 2.032708 1
6.177104 2.218388 1
7.206226 2.005661 1
7.314125 1.977033 2
7.288234 2.111815 2
6.259442 2.007288 1
4.995025 2.181149 1
5.898433 2.361704 1
5.553351 2.008258 1
5.591503 2.147502 1
5.479326 2.095993 1
6.025159 1.666218 1
6.119349 1.567009 2
5.674036 2.063046 1
6.111645 3.123548 2
6.066569 3.266784 2
6.659159 2.606412 1
6.840494 2.576562 1
6.760593 2.649564 2
6.707620 2.517997 1
4.675114 2.456182 2
4.762679 2.571348 1
4.611162 2.568521 2
5.982413 1.512895 2
5.932649 1.802741 1
5.252491 3.116881 1
5.789452 2.447912 1
5.654687 2.474114 1
7.178379 2.105992 1
5.553119 2.562042 1
5.494925 2.694721 1
5.621850 2.687035 1
5.457215 1.809657 1
5.567788 1.866657 1
5.416706 1.952760 1
4.928566 2.422585 1
6.991859 2.737978 1
7.108499 2.672402 2
7.068888 2.818274 3
5.358227 2.687617 1
5.303451 2.895233 1
5.403417 2.797689 1
5.429600 2.915470 1
6.144776 3.030098 1
6.239849 3.085736 2
6.777507 1.361396 2
6.949171 2.859374 2
6.882554 2.715508 2
4.691078 2.196561 3
6.321735 2.117894 1
6.574481 1.762843 1
6.460699 1.758031 1
5.300817 2.774872 1
6.992469 1.889416 1
6.799769 2.448540 1
5.372931 2.074364 1
5.278401 2.024982 1
5.148560 2.706254 1
5.198067 2.804463 1
5.373013 3.032829 1
5.174839 2.619743 1
5.253133 3.592055 2
5.274411 1.744259 2
5.418162 1.689044 2
5.348793 1.834921 1
5.279668 1.913752 1
6.035318 3.017223 1
6.006395 1.997754 1
4.767579 2.825063 1
7.195971 1.807906 1
4.871843 2.202187 2
6.424726 2.335515 1
6.958165 2.625986 1
5.736414 2.540970 1
5.834264 1.546674 2
5.708072 1.483647 2
5.525003 2.804276 1
5.843597 1.911012 1
5.949358 1.913687 1
6.626881 2.198417 1
5.449541 3.355074 1
5.740881 3.308495 1
5.795193 3.431835 1
5.922396 1.609534 1
6.317778 1.914775 1
6.104757 2.647847 1
5.718493 1.931503 1
5.491444 3.009066 1
7.040461 2.535963 2
4.769167 3.354741 3
5.781999 2.106490 1
5.449452 3.446203 1
6.886305 2.395355 1
6.789903 2.320815 1
6.932283 2.288611 1
5.627527 3.318141 1
7.330197 1.864834 2
7.238861 1.890927 1
7.288260 1.771016 2
5.755952 2.834142 1
6.322611 2.328206 1
6.273861 2.219225 1
6.998342 2.405602 1
5.845794 3.290335 1
5.897887 3.398452 1
6.119900 2.949749 1
5.544065 2.402545 1
5.195613 2.110418 1
5.070536 2.087768 2
5.169352 1.977927 2
6.675809 2.285191 1
6.152049 2.750640 1
6.176887 2.866034 1
5.509090 2.200744 1
6.251194 2.425773 1
5.213384 1.838588 2
6.678010 2.730290 2
4.640522 2.762918 2
4.676769 2.899004 2
5.781554 2.009484 1
5.626534 1.947606 1
5.584702 2.271896 1
7.126564 2.429618 2
5.665025 1.848221 1
6.918958 2.495602 1
5.242271 2.693950 1
5.662192 2.588951 1
6.351488 2.797552 2
6.458221 2.769819 2
5.769532 3.529817 2
4.683551 2.651215 2
5.894660 3.516148 2
6.013796 3.411810 3
4.939309 2.094151 2
6.590697 2.811427 2
4.872369 2.513663 1
5.467221 2.294885 1
7.100437 2.043079 1
6.210627 2.120456 1
6.257380 2.762722 1
6.287323 2.882153 2
5.410939 2.180963 1
5.306698 2.150501 1
5.950565 3.323470 1
5.792207 2.744799 1
5.744256 2.653518 1
6.372652 2.421640 1
6.207363 2.318223 1
5.713305 2.748901 1
7.013205 2.100784 1
6.221040 2.971697 2
 0 1 2
 3 1 0
 4 5 6
 7 4 6
 8 9 10
 11 8 10
 12 13 14
 15 16 17
 18 3 0
 19 20 21
 14 13 22
 15 17 23
 24 25 26
 27 28 29
 30 31 28
 32 25 24
 33 34 35
 18 28 3
 36 33 35
 37 38 39
 40 41 42
 43 44 24
 45 46 38
 18 40 42
 47 48 49
 50 51 52
 53 54 55
 27 56 57
 10 58 59
 58 2 59
 60 61 62
 49 48 63
 64 65 66
 67 66 65
 37 39 68
 69 26 25
 22 13 70
 71 62 72
 73 74 48
 47 73 48
 64 6 75
 27 29 56
 76 77 78
 45 38 79
 32 24 44
 36 20 33
 80 33 20
 31 3 28
 76 78 81
 19 21 82
 83 84 85
 86 87 88
 89 88 87
 37 90 38
 91 92 70
 93 94 95
 96 97 98
 50 52 99
 100 101 102
 103 104 105
 106 102 101
 107 104 103
 96 12 108
 64 109 6
 110 111 112
 22 112 111
 27 30 28
 111 113 14
 114 13 12
 62 61 72
 115 116 117
 11 10 59
 118 119 120
 121 119 118
 83 68 39
 15 94 93
 122 59 123
 18 0 124
 125 126 127
 74 127 126
 91 121 112
 128 95 94
 22 70 92
 2 129 59
 130 70 131
 71 104 107
 125 132 97
 123 59 129
 27 133 30
 30 133 134
 43 135 44
 71 136 62
 53 55 137
 22 111 14
 10 9 138
 139 140 116
 74 141 48
 142 138 9
 143 144 123
 122 123 144
 83 39 99
 50 99 39
 96 145 146
 125 97 147
 74 148 141
 149 150 148
 96 151 97
 118 120 52
 51 118 52
 64 66 109
 11 4 152
 67 23 66
 153 154 155
 156 157 1
 158 35 34
 159 160 161
 60 62 162
 163 85 84
 21 20 164
 15 93 16
 165 166 167
 71 168 169
 165 170 166
 149 148 126
 83 99 84
 36 164 20
 63 171 172
 173 75 6
 174 175 176
 1 157 129
 100 102 94
 110 112 121
 177 178 179
 71 107 136
 180 169 168
 181 44 135
 182 14 113
 82 183 184
 159 161 185
 45 186 187
 188 187 186
 189 190 191
 165 191 190
 192 78 77
 193 194 195
 181 168 72
 45 196 46
 197 198 199
 200 201 171
 29 42 202
 193 203 204
 76 81 205
 206 162 9
 128 94 102
 207 208 40
 197 209 198
 153 155 210
 71 169 104
 18 42 28
 29 28 42
 174 176 211
 212 213 191
 181 72 61
 153 1 31
 51 214 110
 118 51 110
 110 215 111
 197 111 215
 125 147 216
 143 123 157
 7 6 109
 50 217 51
 50 39 46
 38 46 39
 115 145 98
 115 117 218
 219 220 221
 222 191 213
 89 133 88
 63 48 223
 63 172 49
 80 224 33
 60 33 224
 212 191 167
 3 31 1
 91 225 121
 226 155 154
 21 183 82
 110 121 118
 89 134 133
 76 205 227
 115 218 145
 4 228 152
 29 202 56
 193 229 194
 181 135 168
 120 119 178
 230 184 183
 91 112 92
 43 24 231
 232 231 24
 165 167 191
 189 25 190
 32 190 25
 153 210 1
 60 224 61
 198 233 199
 80 234 235
 106 223 48
 80 235 224
 122 236 59
 97 132 237
 182 113 216
 197 216 113
 238 239 140
 180 168 240
 88 133 57
 9 162 241
 71 72 168
 100 94 242
 2 1 129
 7 228 4
 243 44 234
 18 124 40
 207 40 124
 149 199 233
 192 99 52
 125 216 244
 182 216 147
 245 194 229
 197 113 111
 197 199 216
 181 234 44
 114 246 131
 130 131 246
 19 247 20
 139 116 248
 180 240 231
 177 81 78
 189 221 220
 249 250 251
 139 252 140
 238 140 252
 253 254 255
 163 84 227
 256 148 150
 250 144 251
 257 258 152
 206 152 258
 142 136 208
 107 208 136
 156 1 210
 249 251 259
 55 259 251
 106 101 223
 173 176 175
 226 255 254
 239 260 261
 223 101 262
 238 260 239
 60 34 33
 80 20 247
 96 98 145
 181 61 235
 19 170 247
 227 84 77
 45 79 186
 263 186 79
 40 208 103
 238 127 73
 264 265 266
 69 25 220
 11 59 236
 238 252 127
 5 4 267
 11 236 4
 238 73 260
 74 73 127
 125 127 132
 70 13 131
 15 242 94
 100 268 101
 269 101 268
 270 167 166
 66 23 271
 222 266 272
 173 273 75
 274 225 275
 249 211 250
 5 250 211
 198 196 187
 174 204 175
 74 126 148
 106 48 141
 40 103 41
 105 41 103
 45 187 196
 47 260 73
 36 35 16
 17 16 35
 188 150 233
 93 183 164
 243 276 170
 263 184 186
 121 225 119
 100 242 268
 243 170 277
 165 277 170
 19 82 278
 139 237 132
 245 259 279
 55 279 259
 243 280 44
 32 44 280
 22 92 112
 245 229 281
 115 98 248
 188 233 187
 282 46 196
 256 141 148
 188 186 283
 274 119 225
 284 65 285
 64 285 65
 263 278 82
 115 248 116
 177 78 178
 17 271 23
 97 237 98
 140 239 286
 19 166 170
 27 57 133
 106 141 102
 256 102 141
 178 119 287
 288 261 289
 163 290 265
 125 244 126
 291 75 273
 120 178 292
 11 152 8
 206 8 152
 193 195 203
 123 129 157
 192 84 99
 288 286 239
 37 293 90
 257 152 228
 93 164 16
 114 131 13
 142 9 241
 263 82 184
 291 285 75
 159 294 155
 156 155 294
 21 164 183
 146 145 218
 64 75 285
 206 258 295
 206 9 8
 91 275 225
 269 296 297
 96 108 151
 192 52 292
 174 281 229
 149 126 244
 174 229 204
 179 178 287
 158 295 258
 156 210 155
 159 155 254
 226 254 155
 249 281 211
 174 211 281
 37 298 293
 270 293 298
 207 124 0
 37 299 298
 67 242 23
 263 293 278
 15 23 242
 264 85 265
 163 265 85
 243 234 276
 37 68 299
 269 268 296
 222 221 191
 189 191 221
 206 295 162
 300 49 172
 274 287 119
 110 214 215
 282 215 214
 19 278 166
 80 276 234
 245 281 259
 270 278 293
 282 209 215
 197 215 209
 60 162 295
 300 172 289
 264 266 213
 182 147 151
 63 223 171
 200 171 223
 61 224 235
 264 68 85
 83 85 68
 222 272 221
 219 221 272
 178 78 292
 163 227 290
 32 280 190
 165 190 277
 170 276 247
 43 231 240
 89 87 154
 222 213 266
 120 292 52
 284 296 65
 67 65 296
 97 151 147
 36 16 164
 282 217 46
 50 46 217
 192 292 78
 256 301 102
 127 252 132
 128 102 301
 2 58 0
 207 0 58
 181 235 234
 270 166 278
 232 24 26
 284 297 296
 139 132 252
 107 103 208
 5 267 250
 122 250 267
 230 283 184
 186 184 283
 67 268 242
 128 301 302
 257 303 271
 62 241 162
 122 144 250
 230 95 302
 128 302 95
 263 90 293
 5 211 176
 173 175 273
 216 199 244
 149 244 199
 257 304 258
 158 258 304
 188 305 150
 256 150 305
 300 261 260
 66 271 303
 263 79 90
 5 176 6
 149 233 150
 288 239 261
 76 227 77
 142 208 138
 207 138 208
 51 217 214
 249 259 281
 300 289 261
 153 31 134
 62 136 241
 142 241 136
 173 6 176
 226 154 87
 188 302 305
 143 157 306
 200 223 262
 264 213 299
 17 35 304
 158 304 35
 143 251 144
 188 283 302
 193 204 229
 198 209 196
 89 154 134
 189 220 25
 230 302 283
 257 271 304
 30 134 31
 192 77 84
 143 306 137
 17 304 271
 86 255 87
 182 151 108
 156 306 157
 282 196 209
 182 108 14
 168 135 240
 38 90 79
 10 138 58
 67 296 268
 156 294 306
 212 299 213
 282 214 217
 230 183 95
 93 95 183
 270 298 167
 212 167 298
 200 307 201
 212 298 299
 207 58 138
 60 295 34
 226 87 255
 143 137 251
 55 251 137
 253 160 254
 198 187 233
 7 303 228
 269 307 262
 269 297 307
 7 109 303
 153 134 154
 264 299 68
 12 14 108
 53 306 294
 80 247 276
 53 137 306
 302 301 305
 269 262 101
 98 237 248
 139 248 237
 161 54 185
 159 185 294
 53 294 185
 122 267 236
 4 236 267
 47 49 260
 300 260 49
 158 34 295
 159 254 160
 257 228 303
 243 277 280
 190 280 277
 200 262 307
 66 303 109
 43 240 135
 256 305 301
 53 185 54
 11
 177 274 130 91 70 179 246 275 205 287 81
 0
 0
 0
 0
 0
 0
 0
 0
 0
 0
 0
 0
 0
 0
 0
 0
 0
 0
 13
 245 86 55 161 253 88 57 279 194 195 160 255 54
 0
 12
 96 114 288 12 146 140 246 116 218 289 286 117
 14
 284 291 203 285 172 289 175 201 204 195 297 307 171 273
 21
 105 180 232 69 219 57 104 169 265 266 56 227 42 205 231 41 290 220 272 26 202
 0
