314 566
0.804761 8.931736 1
0.883450 9.033758 1
0.731714 9.012262 1
2.215323 8.693197 1
2.352635 8.589117 1
2.338058 8.714190 1
0.813117 9.117463 1
2.255517 8.547160 1
2.511587 9.677944 2
2.365838 9.722083 1
2.355013 9.581230 1
0.586217 8.671837 1
0.717139 8.653090 1
0.688054 8.781419 1
2.389450 8.917956 1
2.507951 8.842249 2
2.535382 9.000408 2
0.600051 9.442334 1
0.625002 9.593052 1
0.495180 9.502041 1
2.232544 9.342650 1
2.231482 9.477139 1
2.118436 9.423791 1
2.107061 8.657786 1
2.156330 8.559928 1
0.441684 9.357429 1
0.279594 9.434204 1
0.296961 9.314909 1
0.376853 9.485054 1
0.858725 8.722531 1
1.021079 8.803075 1
0.926489 8.895859 1
0.722314 9.520363 1
2.456092 9.784729 1
1.666667 10.000000 0
1.527778 10.000000 0
1.576167 9.835144 1
1.805556 10.000000 0
1.737316 9.870559 1
1.903461 9.864985 1
1.508334 8.189949 1
1.644398 8.157336 2
1.585124 8.273692 1
1.707647 8.287313 1
1.970951 8.965046 1
1.824499 9.015575 1
1.870443 8.844454 1
1.761035 8.899155 1
1.085593 8.281207 2
1.211066 8.256941 1
1.196026 8.392241 1
2.339659 9.421269 1
1.388889 10.000000 0
1.286949 9.850028 1
1.458333 9.900642 1
0.000000 9.166667 0
0.123921 9.056075 1
0.118748 9.221499 1
0.833333 10.000000 0
0.771428 9.881005 1
0.952749 9.878537 1
0.511959 9.611855 1
0.803698 9.649410 1
0.678018 9.708518 1
1.616130 9.365771 1
1.769831 9.294094 1
1.730980 9.435247 1
0.261602 9.600441 1
1.189201 8.795759 1
1.113182 8.680849 1
0.758679 8.431259 1
0.733248 8.305851 2
0.866699 8.310026 2
1.696259 8.602985 1
1.803862 8.695800 1
1.657487 8.728475 1
1.494142 8.765318 1
1.645896 8.843415 1
1.564363 8.918695 1
1.317680 8.269543 1
1.451239 8.326179 1
1.309117 8.378160 1
1.066928 8.429412 1
2.449164 9.443862 2
0.191461 9.510171 1
1.398905 8.200853 1
1.103121 8.910573 1
1.767289 8.201658 2
1.592797 9.097786 1
1.669018 9.221201 1
1.548165 9.241406 1
0.795406 8.565123 1
0.908448 8.586155 1
0.411077 9.591169 1
1.250000 10.000000 0
0.546415 8.787341 1
0.990099 8.657994 1
0.142591 9.655199 1
0.283525 9.728330 1
1.464331 9.149743 1
1.402143 8.440618 1
0.196901 9.803100 1
1.965205 8.701877 1
1.431722 9.788975 1
1.492050 9.689928 1
1.728744 8.439555 1
1.596820 8.391994 1
0.864869 8.475965 1
1.561748 8.649764 1
1.608491 9.667698 1
0.293526 8.784400 2
0.441780 8.860373 1
0.333250 8.930343 1
1.287874 8.131318 2
1.181810 8.551363 1
1.220491 8.689522 1
1.596348 8.519858 1
2.507870 9.539163 2
1.544884 8.074590 2
2.218618 9.697988 1
2.203887 9.583989 1
1.334896 9.444846 1
1.348866 9.335640 1
1.469599 9.466022 1
2.222222 10.000000 0
2.083333 10.000000 0
2.155257 9.869110 1
1.497565 9.348309 1
1.071089 8.570249 1
2.388564 9.077755 1
1.684391 8.982583 1
1.361718 8.903855 1
1.337824 8.769677 1
1.458961 8.869428 1
2.023131 9.905187 1
0.356034 9.675016 1
1.802797 9.755301 1
0.211318 9.131266 1
0.294735 9.054495 1
0.369858 9.189230 1
2.535372 8.717549 2
2.416075 8.773869 1
2.439552 8.650907 1
2.466010 8.508545 2
2.344554 8.463660 1
2.438167 8.359035 2
2.138381 9.518966 1
0.529079 9.213453 1
0.983326 8.514839 1
0.864530 9.786017 1
0.435687 8.704444 2
0.694444 10.000000 0
0.555556 10.000000 0
0.632514 9.850994 1
0.000000 9.444445 0
0.000000 9.305555 0
0.147830 9.363488 1
0.714316 9.402905 1
0.229289 9.240767 1
1.247027 9.296149 1
1.236969 9.439577 1
1.445282 9.003757 1
2.523983 9.183787 2
0.191008 8.946526 1
1.838712 9.384990 1
1.918479 9.271042 1
1.973748 9.426676 1
2.070018 9.313602 1
0.712002 9.129732 1
1.894796 8.283788 2
1.796368 8.333261 1
0.636902 8.530614 2
0.817945 9.228610 1
0.705682 9.281222 1
1.687356 9.755663 1
0.487094 9.909638 1
0.086995 9.513889 1
1.818970 9.167747 1
1.952648 9.115278 1
1.212820 9.693766 1
1.355126 9.675912 1
0.830477 9.369934 1
0.838538 9.499920 1
0.493726 8.971506 1
0.404042 9.048648 1
0.000000 9.722222 0
0.000000 9.583333 0
0.416667 10.000000 0
0.277778 10.000000 0
0.347068 9.865978 1
1.144988 8.142914 2
0.804992 8.836111 1
0.499662 8.572626 2
1.154797 9.368364 1
1.944444 10.000000 0
2.084858 8.479953 1
2.011927 8.365358 2
2.177634 8.374730 2
0.598355 8.906145 1
2.029161 9.791840 1
1.497397 8.567036 1
1.030836 9.115532 1
1.126290 9.230981 1
1.010762 9.226134 1
0.972222 10.000000 0
0.000000 9.027778 0
2.055979 8.579137 1
2.019666 8.846539 1
0.492241 9.801861 1
2.074688 8.746455 1
2.018899 9.223706 1
1.004662 8.995338 1
1.878052 8.432953 1
1.824728 8.560706 1
1.747745 8.802259 1
1.155032 9.125547 1
1.623189 9.519094 1
0.964521 9.713545 1
0.954280 9.592237 1
1.942917 9.574646 1
2.075941 9.644622 1
1.928411 9.705174 1
1.263118 8.884799 1
2.197724 9.016069 1
2.107676 8.934102 1
2.247982 8.912095 1
2.158822 8.828609 1
2.564223 9.843437 2
1.058497 9.815688 1
2.412495 9.230323 1
2.304126 9.214216 1
0.930620 9.294585 1
0.973801 9.436555 1
1.054995 9.315080 1
1.205404 8.976017 1
0.633174 9.197259 1
0.592068 9.076138 1
2.228667 8.455847 1
0.564581 9.714310 1
0.213930 8.846450 1
2.037016 9.517852 1
0.953595 8.408203 1
0.616477 8.393044 2
1.713748 9.647942 1
1.746946 9.550308 1
0.000000 10.000000 0
0.000000 9.861111 0
0.107824 9.892176 1
0.138889 10.000000 0
1.151346 9.895024 1
0.000000 8.750000 0
0.149972 8.713051 2
0.106092 8.849491 1
2.171618 9.210989 1
2.361111 10.000000 0
2.288904 9.895423 1
2.436661 9.892396 1
1.358403 9.543875 1
1.443864 9.592309 1
0.911069 9.174496 1
1.887306 8.627846 1
2.162253 9.112062 1
2.058272 9.036160 1
2.500000 10.000000 0
1.062614 9.535784 1
1.717935 9.096978 1
1.311718 8.993432 1
2.263370 9.107443 1
2.307197 8.331261 3
1.831896 9.622097 1
1.853158 9.498068 1
0.759233 9.770711 1
2.301919 9.006825 1
1.258936 9.570167 1
2.288204 8.801998 1
1.955428 8.552999 1
0.480838 9.114609 1
0.389819 9.757821 1
1.153550 9.786070 1
1.346873 9.100210 1
2.366446 9.811171 1
0.091278 9.780123 1
0.213692 9.912251 1
1.301408 8.605935 1
1.426698 8.649664 1
0.599666 9.312307 1
1.076383 9.418751 1
0.984513 8.316355 2
2.126009 9.752971 1
1.974128 8.457271 1
1.079324 9.680214 1
0.000000 8.888889 0
1.111111 10.000000 0
2.064703 9.130988 1
1.534460 9.581480 1
1.345869 9.212654 1
1.444916 9.260551 1
0.719683 8.890155 1
2.347884 9.312045 1
1.142776 9.493199 1
2.460074 9.329252 2
1.149933 9.600081 1
1.429399 8.087277 3
1.404965 8.536551 1
1.305023 8.488237 1
2.269420 9.791131 1
1.117910 9.027727 1
0.455960 9.693076 1
1.497119 8.467815 1
1.229989 9.066641 1
2.552602 8.594373 3
0.084204 8.953752 1
1.047968 9.918360 1
1.242998 9.176913 1
 0 1 2
 3 4 5
 1 6 2
 7 4 3
 8 9 10
 11 12 13
 14 15 16
 17 18 19
 20 21 22
 23 24 3
 25 26 27
 28 26 25
 29 30 31
 17 32 18
 8 33 9
 34 35 36
 37 38 39
 40 41 42
 43 42 41
 44 45 46
 47 46 45
 48 49 50
 51 21 20
 52 53 54
 55 56 57
 58 59 60
 61 19 18
 24 7 3
 32 62 18
 18 62 63
 64 65 66
 28 67 26
 68 30 69
 70 71 72
 73 74 75
 76 77 78
 79 80 81
 76 75 77
 48 50 82
 51 83 10
 84 26 67
 79 85 80
 68 86 30
 43 41 87
 88 89 90
 29 91 92
 28 93 67
 52 94 53
 11 13 95
 64 89 65
 29 96 30
 97 67 98
 88 90 99
 100 81 80
 29 12 91
 101 97 98
 102 46 74
 103 104 36
 43 105 106
 70 72 107
 73 75 108
 109 36 104
 110 111 112
 113 79 49
 69 114 115
 73 108 116
 8 10 117
 40 118 41
 119 120 10
 29 13 12
 121 122 123
 124 125 126
 123 122 127
 119 10 9
 128 114 69
 14 16 129
 88 78 130
 131 132 133
 125 134 126
 135 67 93
 136 39 38
 137 138 139
 140 141 142
 143 144 145
 146 22 21
 147 25 139
 27 139 25
 128 96 148
 103 54 53
 43 106 42
 137 57 56
 149 60 59
 103 36 54
 110 150 111
 92 148 96
 151 152 153
 154 155 156
 35 54 36
 17 157 32
 34 36 38
 50 49 81
 76 133 132
 10 83 117
 137 139 158
 159 122 160
 76 78 133
 88 161 78
 78 77 130
 162 129 16
 163 138 56
 164 165 166
 167 166 165
 168 2 6
 169 170 87
 51 10 21
 11 171 12
 168 172 173
 109 174 36
 152 175 153
 154 156 176
 177 178 165
 179 180 53
 103 53 180
 47 130 77
 181 182 157
 32 157 182
 183 184 112
 111 183 112
 140 15 141
 185 186 97
 187 188 189
 76 108 75
 113 49 190
 10 120 21
 113 85 79
 29 31 191
 11 150 192
 40 80 85
 159 160 193
 29 92 96
 79 81 49
 194 37 39
 195 196 197
 198 111 95
 199 126 134
 200 116 108
 137 56 138
 198 183 111
 70 91 171
 201 202 203
 12 171 91
 128 69 96
 198 95 13
 204 58 60
 55 205 56
 102 206 23
 102 207 46
 84 176 156
 208 153 175
 102 23 209
 165 178 210
 211 31 86
 30 86 31
 43 87 170
 212 213 105
 73 105 213
 74 46 214
 215 202 201
 64 216 123
 149 62 217
 218 217 62
 212 169 196
 219 220 221
 199 221 220
 131 222 132
 223 224 225
 226 225 224
 68 222 86
 184 139 138
 8 227 33
 228 60 217
 121 160 122
 136 221 39
 199 39 221
 162 229 129
 230 129 229
 181 231 232
 233 232 231
 181 232 182
 218 182 232
 234 86 222
 168 235 236
 168 236 2
 164 66 65
 168 173 235
 151 153 59
 155 57 156
 181 173 172
 195 237 24
 208 238 153
 63 153 238
 147 236 235
 198 2 236
 186 176 97
 187 189 175
 195 197 237
 110 112 239
 73 213 74
 166 22 240
 241 107 72
 149 217 60
 181 157 173
 70 242 71
 84 97 176
 208 175 189
 109 216 243
 244 243 216
 245 246 247
 245 247 248
 84 156 26
 27 26 156
 167 22 166
 27 158 139
 94 249 53
 250 251 252
 164 65 165
 177 165 65
 167 253 20
 254 255 256
 121 123 257
 258 257 123
 44 178 45
 177 45 178
 168 6 172
 211 201 1
 259 1 201
 102 74 260
 50 114 82
 128 82 114
 47 214 46
 223 261 262
 223 262 224
 218 62 182
 32 182 62
 263 256 227
 218 232 264
 177 265 45
 131 161 266
 28 25 19
 44 46 207
 230 267 129
 268 145 144
 219 269 270
 68 132 222
 63 271 153
 27 156 158
 14 129 272
 5 142 141
 37 34 38
 179 273 180
 14 225 274
 102 275 206
 147 276 236
 11 192 171
 198 236 183
 208 189 277
 163 112 138
 88 265 89
 124 126 255
 14 274 141
 230 20 253
 177 65 89
 179 53 278
 110 239 251
 64 90 89
 279 266 161
 280 256 255
 101 281 97
 188 282 189
 101 189 282
 185 97 281
 47 45 130
 211 1 31
 0 31 1
 58 151 59
 155 55 57
 283 115 114
 75 74 214
 76 284 108
 147 285 25
 17 25 285
 17 285 157
 173 157 285
 232 286 264
 17 19 25
 177 89 265
 135 98 67
 167 210 253
 131 133 161
 48 82 287
 233 286 232
 279 161 99
 280 9 33
 199 288 126
 146 220 240
 212 196 289
 244 270 269
 228 217 290
 291 250 252
 94 292 249
 76 132 284
 101 98 189
 84 67 97
 258 104 180
 103 180 104
 106 105 116
 73 116 105
 212 275 213
 111 150 95
 241 287 82
 219 240 220
 88 99 161
 11 95 150
 102 209 207
 219 270 166
 164 166 270
 230 253 267
 293 253 210
 200 108 284
 146 120 220
 136 174 243
 258 123 294
 63 62 271
 136 243 269
 70 171 242
 149 271 62
 273 257 180
 23 3 209
 226 209 3
 279 99 295
 45 265 130
 244 66 270
 296 99 90
 164 270 66
 78 161 133
 29 191 13
 184 276 139
 147 139 276
 233 203 202
 198 13 297
 296 127 122
 30 96 69
 119 220 120
 44 207 224
 226 224 207
 146 240 22
 293 210 178
 51 20 298
 230 298 20
 296 295 99
 244 216 66
 64 123 127
 283 284 132
 64 66 216
 48 190 49
 253 261 267
 299 264 286
 51 300 83
 51 298 300
 218 290 217
 153 271 59
 156 57 158
 162 300 229
 179 278 290
 228 290 278
 119 288 220
 199 220 288
 36 174 38
 136 38 174
 61 18 238
 179 290 301
 179 301 273
 40 302 118
 123 216 294
 219 221 269
 254 124 255
 263 254 256
 68 115 132
 283 132 115
 283 303 284
 53 249 278
 251 239 252
 283 304 303
 226 274 225
 212 170 169
 113 302 85
 167 165 210
 163 239 112
 219 166 240
 258 180 257
 184 183 276
 236 276 183
 167 20 22
 126 288 305
 299 160 273
 121 273 160
 212 289 275
 119 305 288
 195 275 289
 181 172 231
 195 206 275
 35 52 54
 102 260 275
 43 170 105
 121 257 273
 218 264 290
 212 105 170
 299 273 301
 68 69 115
 259 231 172
 109 294 216
 44 262 178
 293 178 262
 125 194 134
 188 248 282
 246 185 281
 88 130 265
 194 39 134
 63 238 18
 159 193 202
 233 202 193
 7 24 237
 226 3 274
 199 134 39
 0 191 31
 128 148 82
 241 82 148
 106 80 42
 211 306 201
 215 201 306
 40 85 302
 152 187 175
 186 154 176
 61 238 307
 106 308 80
 100 80 308
 234 309 306
 215 306 309
 223 225 272
 14 272 225
 140 142 310
 143 310 142
 184 138 112
 40 42 80
 136 269 221
 205 291 311
 292 204 312
 195 289 196
 268 237 197
 74 213 260
 279 295 313
 259 172 6
 137 158 57
 149 59 271
 241 72 287
 279 313 309
 159 295 122
 296 122 295
 226 207 209
 14 141 15
 28 19 93
 61 93 19
 291 252 311
 163 311 252
 292 312 249
 228 249 312
 211 86 306
 234 306 86
 5 4 142
 293 262 261
 92 107 148
 44 224 262
 198 297 2
 0 2 297
 50 304 114
 283 114 304
 227 256 33
 280 33 256
 293 261 253
 246 281 247
 248 247 282
 135 307 277
 259 203 231
 233 231 203
 143 142 4
 275 260 213
 126 305 255
 200 284 303
 233 193 286
 109 104 294
 258 294 104
 259 6 1
 100 303 304
 200 308 116
 280 255 305
 241 148 107
 208 307 238
 299 193 160
 129 267 272
 223 272 267
 146 21 120
 204 60 312
 205 311 56
 135 277 98
 259 201 203
 109 243 174
 64 127 90
 135 93 307
 61 307 93
 106 116 308
 13 191 297
 143 4 144
 228 278 249
 163 252 239
 223 267 261
 244 269 243
 299 286 193
 147 235 285
 173 285 235
 50 81 304
 100 304 81
 163 56 311
 228 312 60
 101 247 281
 101 282 247
 296 90 127
 92 91 107
 300 298 229
 234 222 266
 47 77 214
 75 214 77
 280 305 9
 131 266 222
 119 9 305
 7 144 4
 159 202 313
 215 313 202
 5 274 3
 159 313 295
 208 277 307
 230 229 298
 268 144 237
 7 237 144
 290 264 301
 200 303 308
 5 141 274
 0 297 191
 299 301 264
 100 308 303
 215 309 313
 70 107 91
 234 266 309
 189 98 277
 279 309 266
 195 24 206
 23 206 24
 0
 0
 0
 0
 0
 0
 0
 10
 8 162 140 227 300 117 16 15 310 83
 4
 268 143 145 310
 0
 13
 113 110 48 71 251 190 150 302 72 242 171 287 192
 8
 268 41 169 197 302 196 118 87
 0
 0
 0
 0
 0
 0
 0
 0
 0
 0
 0
 0
 0
