316 559
4.197526 1.870366 1
4.205878 1.765920 1
4.353964 1.802044 3
4.266956 1.957000 2
4.907285 1.106014 2
4.893626 1.277357 2
4.807293 1.166631 1
4.508610 1.716591 2
4.403931 1.670555 1
4.564542 1.598689 1
4.428215 1.553005 1
2.224255 0.306330 3
2.388637 0.301507 1
2.347324 0.430043 1
5.069196 0.635702 2
4.961960 0.559769 1
5.133544 0.478251 2
3.475663 0.888661 1
3.630861 0.810948 1
3.620797 0.962889 1
4.309810 1.458320 1
4.284656 1.344871 1
4.423867 1.436994 1
3.850509 0.260440 1
3.979503 0.179251 1
4.005759 0.298898 1
3.526508 0.747543 1
2.646301 0.922937 2
2.670109 0.789847 1
2.774578 0.915790 1
2.809502 0.795452 1
3.339667 0.912487 1
3.270177 0.973470 1
3.207373 0.855838 1
2.810024 0.456545 1
2.953604 0.456908 1
2.865226 0.576531 1
3.472222 0.000000 0
3.611111 0.000000 0
3.516792 0.145812 1
3.641623 0.107255 1
4.264837 0.506349 1
4.212965 0.369220 1
4.362883 0.430394 1
4.346334 0.298179 1
2.271795 0.209714 1
4.131754 0.207418 1
3.350452 0.817033 1
2.339659 0.578731 1
2.234407 0.657481 2
2.240137 0.511258 2
4.436863 1.321819 1
4.995296 0.236381 1
5.156919 0.196422 1
5.078186 0.341365 1
5.224209 0.344523 1
4.296433 1.636482 1
3.828493 1.142571 1
3.683397 1.093184 1
3.767156 0.999493 1
4.504739 0.855871 1
4.639683 0.942703 1
4.530584 1.020250 1
4.992430 0.434300 1
2.581689 0.570891 1
2.727676 0.657350 1
2.592718 0.699527 1
4.651967 1.116920 1
3.903397 1.006895 1
2.650289 0.424858 1
2.789191 0.325970 1
4.198955 1.500195 1
3.215673 0.712031 1
3.849503 1.421999 1
3.747811 1.581453 2
3.698988 1.429815 2
4.903107 0.343548 1
3.351627 0.668842 1
3.714597 0.708935 1
3.702993 0.565209 1
3.848248 0.685716 1
3.848161 0.545098 1
4.178657 1.655982 1
4.864355 0.634513 1
4.799226 0.536415 1
2.523767 0.807827 2
2.500000 0.000000 0
2.638889 0.000000 0
2.580803 0.155104 1
3.327806 1.347803 2
3.391597 1.254465 1
3.469650 1.397828 2
3.500594 1.253994 1
2.446260 0.545086 1
4.888039 0.454218 1
4.773951 1.017079 1
3.969128 1.361352 1
3.956628 1.481164 1
3.021576 1.079524 1
3.150005 1.136741 1
3.024085 1.210747 2
3.136336 1.263274 1
3.039363 0.550608 1
3.862222 0.115869 1
4.266639 1.208421 1
4.162879 1.264773 1
4.154629 1.098465 1
3.522048 1.072109 1
2.705536 0.097139 1
4.072998 1.832016 1
4.070199 1.692867 1
3.981842 1.107964 1
4.033360 0.990844 1
4.630215 0.814108 1
3.911410 0.404852 1
4.191768 0.738060 1
4.064754 0.862926 1
4.016786 0.705493 1
4.902018 0.986021 1
5.045081 1.009605 2
2.897116 0.362254 1
4.034224 1.931055 1
3.923554 1.853063 1
4.330723 0.835721 1
4.198482 0.880987 1
3.695457 1.200774 1
2.529763 0.315156 1
2.496198 0.441729 1
4.935510 0.798596 1
5.051641 0.767929 2
4.979466 0.893651 2
4.408943 1.208203 1
2.201414 0.412802 2
2.083333 0.000000 0
2.222222 0.000000 0
2.155499 0.130976 2
2.705582 0.204520 1
2.647284 0.296403 1
4.076138 0.103667 1
3.404548 0.268258 1
3.461062 0.404400 1
3.328546 0.382219 1
3.377062 0.515177 1
4.264057 0.989583 1
4.401928 0.975729 1
3.754119 0.403516 1
3.601026 0.455091 1
3.536094 0.303084 1
4.287328 0.156011 1
4.437894 0.163075 1
4.342330 0.685432 1
3.806587 1.955921 2
3.944605 1.966865 2
4.564247 1.248620 1
4.526571 1.138205 1
3.615175 1.304414 2
4.323374 1.097108 1
2.910152 0.242337 1
3.056968 0.169976 1
3.022608 0.329511 1
3.484943 0.629437 1
3.761477 1.293916 1
4.448486 0.731356 1
3.181105 0.357897 1
3.139652 0.247285 1
3.290539 0.264936 1
3.651117 0.340842 1
4.550630 1.464148 1
4.066500 1.192001 1
3.719571 1.738871 1
3.622439 1.656989 2
3.358270 0.132785 1
2.983404 0.661308 1
4.571433 0.430196 1
4.490055 0.339435 1
4.656291 0.343453 1
4.579339 0.224829 1
3.424379 0.747733 1
3.534906 1.865153 3
3.609948 1.775104 1
3.688168 1.858842 2
4.109686 1.573721 1
4.065104 0.412415 1
4.131865 0.522479 1
5.293349 0.250840 2
3.333333 0.000000 0
5.380229 0.370990 2
3.578319 1.177414 1
2.864636 0.691966 1
4.135249 0.629142 1
3.845217 1.716956 1
3.796619 1.824731 1
2.713194 0.536243 1
3.970571 1.752461 1
5.066491 0.106432 1
3.136050 0.991132 1
4.117604 0.318278 1
3.722780 0.273609 1
3.514709 1.719278 2
4.133654 1.954951 1
4.167809 2.050471 2
3.055556 0.000000 0
2.952795 0.107677 1
2.865752 0.975219 1
2.901945 1.074872 2
2.763805 1.037202 2
3.957970 0.911975 1
3.883708 1.567199 1
3.915571 0.802402 1
3.080878 0.732427 1
3.040666 0.853878 1
3.959123 0.513422 1
3.726347 0.895825 1
3.941152 0.610507 1
4.067390 1.302073 1
4.148262 1.378936 1
4.070376 1.461076 1
4.455444 0.607523 1
4.560836 0.542137 1
4.563451 0.696712 1
4.670970 0.591237 1
3.878421 1.282080 1
5.283319 0.442716 2
4.697741 1.235568 1
3.204315 1.379568 2
3.032295 1.365025 2
3.259067 1.085353 1
4.842820 0.875042 1
3.258112 1.230243 1
4.780706 1.288361 1
4.682758 1.491060 2
4.663811 1.351062 1
4.440127 1.087113 1
4.143056 0.964561 1
3.745319 0.148263 1
2.777778 0.000000 0
2.916667 0.000000 0
2.824630 0.126071 1
3.155647 0.105018 1
4.444445 0.000000 0
4.543991 0.104653 1
3.750000 0.000000 0
4.033442 0.602806 1
3.394670 1.027432 1
3.942056 1.661629 1
3.345389 1.153100 1
3.504400 0.508635 1
3.231197 0.473336 1
3.842282 0.902299 1
3.097116 0.451777 1
2.463426 0.213157 1
2.378560 0.187229 1
4.305555 0.000000 0
4.188107 0.103704 1
3.888889 0.000000 0
3.606921 0.671055 1
3.612837 0.214986 1
4.673587 0.710112 1
4.473945 0.484199 1
4.861111 0.000000 0
5.000000 0.000000 0
4.909756 0.121741 1
4.583333 0.000000 0
4.722222 0.000000 0
4.672441 0.119825 1
4.730761 0.885847 1
2.361111 0.000000 0
2.439367 0.106791 1
2.293406 0.104691 1
2.985061 0.969088 1
3.254211 0.592756 1
4.623531 1.736114 2
4.368527 0.081179 1
5.285372 0.138369 2
5.138889 0.000000 0
5.194705 0.085142 1
4.166667 0.000000 0
4.799692 1.398689 2
4.694332 1.602949 2
2.937374 0.769187 1
3.240989 0.167097 1
3.448032 1.143824 1
4.761513 0.665579 1
2.915656 1.182207 2
3.783251 0.797203 1
3.128230 0.636367 1
4.243562 0.616111 1
4.243294 0.265448 1
4.357610 0.555006 1
4.677654 0.468864 1
4.027778 0.000000 0
2.460347 0.671721 1
3.154818 0.542404 1
4.741789 0.782922 1
4.849654 0.738157 1
2.352547 0.687952 2
4.783470 0.397058 1
4.796529 0.282452 1
3.194444 0.000000 0
4.533991 1.348814 1
4.695080 0.236925 1
2.902155 0.879769 1
2.416507 0.770873 2
2.132638 0.245777 2
4.791667 0.183726 1
4.791667 0.078739 1
2.807389 0.224724 1
3.593017 0.564681 1
3.965343 1.219341 1
4.044223 2.059058 2
4.960452 0.689004 1
4.883244 0.236595 1
4.006957 1.578603 1
5.277778 0.000000 0
3.256537 0.080980 1
3.958333 0.073239 1
 0 1 2
 3 0 2
 4 5 6
 7 8 9
 8 10 9
 11 12 13
 14 15 16
 17 18 19
 20 21 22
 23 24 25
 26 18 17
 27 28 29
 29 28 30
 31 32 33
 34 35 36
 37 38 39
 38 40 39
 41 42 43
 44 43 42
 11 45 12
 46 25 24
 47 31 33
 48 49 50
 22 21 51
 52 53 54
 55 54 53
 56 20 10
 57 58 59
 60 61 62
 63 16 15
 56 2 1
 64 65 66
 67 62 61
 57 59 68
 34 69 70
 56 71 20
 72 47 33
 73 74 75
 63 76 54
 72 77 47
 78 79 80
 81 80 79
 56 82 71
 83 84 15
 85 28 27
 86 87 88
 30 28 65
 89 90 91
 91 90 92
 48 13 93
 15 84 94
 67 61 95
 73 96 97
 98 99 100
 101 100 99
 35 102 36
 23 103 24
 104 105 106
 107 19 58
 87 108 88
 65 28 66
 52 54 76
 109 110 1
 57 68 111
 112 111 68
 60 113 61
 23 25 114
 115 116 117
 118 119 4
 34 120 35
 109 121 122
 115 123 124
 57 125 58
 12 126 127
 13 12 127
 128 129 130
 51 21 131
 11 13 132
 133 134 135
 115 124 116
 136 137 88
 126 88 137
 46 24 138
 139 140 141
 142 141 140
 143 123 144
 60 144 123
 81 145 114
 146 140 147
 44 148 149
 115 150 123
 151 122 152
 153 131 154
 155 91 92
 104 106 156
 157 158 159
 23 114 145
 142 160 77
 155 161 75
 73 75 161
 60 123 162
 163 164 165
 146 147 166
 9 10 167
 168 106 105
 169 170 74
 37 39 171
 172 36 102
 173 174 175
 176 175 174
 26 17 177
 47 177 17
 178 179 180
 181 71 82
 67 95 6
 182 42 183
 41 183 42
 163 165 141
 55 53 184
 185 37 171
 69 137 70
 122 121 152
 55 184 186
 107 58 187
 51 131 153
 13 127 93
 30 65 188
 58 19 59
 63 54 16
 136 88 108
 115 117 189
 169 74 190
 151 191 122
 1 110 82
 44 149 174
 176 174 149
 64 192 65
 48 50 13
 109 122 193
 52 194 53
 98 195 99
 46 196 25
 56 8 2
 23 145 197
 126 69 127
 64 127 69
 26 177 160
 178 198 179
 123 150 162
 199 3 200
 201 158 202
 13 50 132
 203 204 205
 112 68 206
 112 106 111
 168 111 106
 146 145 79
 81 79 145
 60 62 144
 74 207 190
 57 161 125
 143 156 106
 208 80 117
 73 207 74
 72 33 209
 210 209 33
 182 183 211
 145 166 197
 212 59 19
 80 213 117
 214 215 216
 104 131 21
 96 214 216
 217 218 219
 220 219 218
 73 221 96
 55 186 222
 160 177 77
 67 6 223
 101 224 225
 99 195 226
 118 95 227
 101 99 228
 5 229 6
 210 33 195
 32 226 195
 55 222 16
 34 36 192
 65 192 36
 9 167 230
 231 230 167
 232 154 131
 158 164 159
 157 202 158
 143 124 123
 112 116 233
 23 234 103
 235 236 237
 201 238 158
 217 219 162
 55 16 54
 239 240 149
 6 95 4
 215 21 71
 20 71 21
 208 116 206
 112 206 116
 241 103 234
 60 219 113
 118 4 95
 242 211 183
 107 243 17
 99 226 228
 244 190 207
 245 228 226
 73 97 207
 142 246 160
 44 174 43
 163 141 247
 212 19 18
 212 248 59
 163 247 249
 67 154 62
 126 250 88
 251 12 45
 96 216 97
 208 117 116
 155 92 187
 252 148 253
 143 144 156
 232 156 144
 231 153 223
 67 223 153
 241 254 103
 26 160 255
 256 39 40
 139 39 147
 256 147 39
 220 257 219
 43 174 258
 73 161 221
 182 211 114
 259 260 261
 262 263 264
 176 149 240
 60 162 219
 32 195 33
 95 265 227
 101 225 100
 182 114 25
 63 15 94
 64 69 192
 146 166 145
 266 267 268
 210 195 269
 126 137 69
 72 270 77
 34 192 69
 9 271 7
 139 171 39
 239 149 272
 53 273 184
 86 88 267
 217 162 150
 107 17 19
 274 275 194
 236 201 202
 276 252 253
 231 277 230
 9 278 271
 10 22 167
 172 209 279
 210 279 209
 173 258 174
 151 180 191
 280 165 164
 241 234 40
 47 17 31
 92 281 187
 136 70 137
 78 255 79
 134 268 135
 236 202 237
 56 1 82
 220 84 282
 83 282 84
 81 114 211
 109 1 0
 251 268 267
 260 274 194
 34 70 120
 98 100 283
 212 284 248
 172 102 285
 98 283 204
 41 286 183
 68 59 248
 239 262 240
 44 287 148
 78 284 18
 212 18 284
 258 217 288
 183 286 189
 172 285 209
 142 77 270
 101 228 224
 89 224 228
 38 241 40
 142 140 246
 20 22 10
 56 10 8
 43 258 288
 173 289 218
 52 261 194
 85 66 28
 53 194 275
 78 80 284
 208 284 80
 290 276 138
 85 291 66
 64 291 93
 292 249 247
 139 165 171
 157 237 202
 293 294 227
 128 227 294
 98 269 195
 116 124 233
 47 77 177
 242 189 117
 57 221 161
 155 125 161
 232 144 62
 107 187 281
 260 194 261
 48 295 49
 118 130 119
 41 43 288
 296 175 297
 201 298 238
 139 147 140
 231 167 299
 175 300 297
 142 247 141
 30 301 29
 220 218 289
 2 8 7
 61 265 95
 64 93 127
 46 148 287
 231 299 153
 262 264 240
 51 153 299
 64 66 291
 169 180 179
 163 159 164
 139 141 165
 231 229 277
 48 93 291
 46 253 148
 48 291 295
 85 302 291
 149 148 272
 252 272 148
 176 240 264
 157 120 70
 217 150 288
 167 22 299
 115 286 150
 280 171 165
 51 299 22
 235 237 108
 136 108 237
 182 196 42
 44 42 287
 26 255 18
 78 18 255
 135 45 303
 172 279 188
 67 153 154
 134 266 268
 304 305 261
 259 261 305
 11 303 45
 266 86 267
 118 227 130
 128 130 227
 146 246 140
 203 29 301
 304 264 305
 263 305 264
 231 223 229
 256 166 147
 203 269 204
 98 204 269
 256 40 234
 143 106 233
 256 234 197
 23 197 234
 136 306 70
 79 255 307
 157 70 306
 172 188 36
 163 249 159
 35 159 249
 242 117 213
 96 308 214
 173 175 289
 181 82 110
 309 152 121
 232 62 154
 30 279 301
 276 253 138
 220 282 257
 158 238 164
 280 164 238
 210 301 279
 157 306 237
 30 188 279
 176 264 300
 304 300 264
 104 156 131
 232 131 156
 128 310 129
 14 129 310
 32 243 226
 245 226 243
 27 29 205
 203 205 29
 146 79 307
 136 237 306
 109 0 199
 309 121 199
 112 233 106
 215 105 21
 104 21 105
 52 311 261
 304 261 311
 109 193 110
 87 235 108
 6 229 223
 72 285 270
 245 243 281
 107 281 243
 296 84 289
 157 159 120
 35 120 159
 292 270 285
 198 170 179
 220 289 84
 97 216 312
 181 312 216
 252 239 272
 122 190 193
 244 193 190
 274 313 275
 61 113 265
 293 265 113
 313 273 275
 143 233 124
 298 185 314
 9 230 278
 182 25 196
 155 187 125
 296 289 175
 96 221 308
 245 90 228
 89 228 90
 17 243 31
 263 259 305
 244 312 110
 181 110 312
 309 199 200
 42 196 287
 46 287 196
 53 275 273
 254 290 315
 293 282 294
 83 294 282
 293 227 265
 142 270 247
 5 277 229
 32 31 243
 109 199 121
 3 199 0
 244 110 193
 210 269 301
 169 179 170
 292 247 270
 185 171 314
 296 297 76
 244 207 312
 97 312 207
 81 213 80
 168 214 308
 176 300 175
 83 310 294
 128 294 310
 65 36 188
 215 71 216
 181 216 71
 169 191 180
 280 314 171
 290 138 315
 24 315 138
 296 94 84
 256 197 166
 83 15 310
 14 310 15
 292 285 102
 245 281 90
 92 90 281
 72 209 285
 52 76 311
 46 138 253
 296 76 94
 135 268 45
 63 94 76
 219 257 113
 293 113 257
 251 45 268
 58 125 187
 203 301 269
 208 248 284
 242 183 189
 88 250 267
 251 267 250
 57 111 308
 160 307 255
 215 214 105
 76 297 311
 81 211 213
 242 213 211
 150 286 288
 115 189 286
 254 315 103
 24 103 315
 168 308 111
 57 308 221
 35 249 102
 292 102 249
 293 257 282
 169 190 191
 280 238 314
 304 297 300
 126 12 250
 41 288 286
 298 314 238
 291 302 295
 122 191 190
 146 307 246
 160 246 307
 208 206 248
 68 248 206
 217 258 218
 173 218 258
 168 105 214
 251 250 12
 304 311 297
 8
 3 151 178 309 2 152 180 200
 0
 0
 0
 22
 89 11 85 178 155 27 198 74 91 49 75 205 224 50 100 225 170 204 295 302 283 132
 3
 11 135 303
 0
 0
 0
 0
 0
 0
 0
 0
 0
 0
 0
 0
 0
 0
 0
 0
 0
 17
 14 5 2 186 16 119 7 273 230 277 129 222 271 130 184 278 4
 0
