304 541
4.518532 9.039821 1
4.623083 9.182564 1
4.474886 9.182805 1
4.643481 9.022559 2
3.984750 9.683025 1
4.081141 9.703469 1
3.991364 9.808573 1
3.044516 8.797724 1
2.927110 8.801484 1
2.978158 8.659540 2
3.125738 8.723030 1
4.154042 9.791286 1
3.850071 9.739372 1
4.900708 8.889679 2
5.033668 8.974723 1
4.887443 9.018431 1
5.018963 8.822566 2
5.160952 8.874516 3
5.117629 9.121278 1
5.054770 9.226753 1
4.976250 9.108380 1
2.634778 9.100739 1
2.751874 9.095387 1
2.661494 9.223904 1
3.611111 10.000000 0
3.472222 10.000000 0
3.516792 9.854188 1
2.809457 9.542949 1
2.863925 9.418609 1
2.953662 9.542715 1
2.807078 9.202169 1
3.641623 9.892745 1
4.992723 9.561673 1
4.955625 9.444233 1
5.100862 9.495233 1
5.104562 9.353175 1
3.357792 9.078940 1
3.207491 9.144413 1
3.270567 9.026120 1
2.580719 9.428445 1
2.584457 9.302958 1
2.726588 9.342508 1
3.600476 8.706468 1
3.692692 8.572439 1
3.757893 8.727348 1
3.350409 9.182704 1
2.610155 8.909194 1
2.535382 9.000408 2
2.507951 8.842249 2
3.841172 8.600904 1
3.907595 8.740753 1
3.835572 8.882611 1
2.684485 8.547401 2
2.845678 8.557736 2
2.742036 8.654783 1
2.753611 9.666281 1
2.642692 9.569966 1
3.426557 8.510435 1
3.487289 8.414026 2
3.542542 8.558068 1
3.612251 8.459483 1
4.752560 9.091887 1
4.753585 9.217464 1
5.494482 9.751087 1
5.389594 9.632672 1
5.532137 9.655560 2
3.215754 9.288006 1
3.364952 9.339704 1
2.523983 9.183787 2
3.714597 9.291065 1
3.848248 9.314283 1
3.702993 9.434791 1
3.857107 9.455001 1
5.248151 9.549439 1
5.089444 9.635806 1
5.225109 9.663507 1
4.864355 9.365487 1
4.799243 9.464533 1
2.638889 10.000000 0
2.500000 10.000000 0
2.564223 9.843437 2
3.441815 8.638124 1
3.928511 9.222762 1
4.074122 9.245570 1
4.003203 9.356768 1
4.888464 9.546127 1
4.344721 9.139347 1
4.397971 9.039911 1
3.484770 8.751163 1
5.397138 9.790697 1
3.326754 8.652893 1
3.258701 8.765776 1
3.199464 8.588102 1
3.862267 9.882134 1
3.039750 9.448254 1
2.654395 8.768534 1
2.535372 8.717549 2
4.557470 9.579404 1
4.409207 9.553614 1
4.558940 9.462377 1
4.451516 9.419845 1
3.667729 8.858192 1
2.703299 9.902945 1
4.180976 9.319201 1
4.115375 9.448175 1
2.881615 9.660957 1
2.809819 8.748355 1
2.774133 8.871576 1
2.906578 8.940297 1
4.911258 9.657254 1
4.263486 9.510584 1
4.325822 9.399570 1
3.910711 9.593875 1
3.474867 9.459817 1
3.348336 9.496619 1
3.496610 9.345310 1
4.938622 9.210174 1
2.705582 9.795480 1
2.643671 9.691219 1
2.511587 9.677944 2
4.341845 9.257669 1
4.079746 9.898533 1
3.463461 9.594523 1
3.323871 9.619709 1
3.404548 9.731742 1
4.083990 8.923274 1
3.944699 8.990733 1
3.989815 8.849579 1
5.019590 9.767318 1
3.754241 9.597116 1
3.595502 9.551279 1
3.532054 9.698666 1
3.990979 9.487936 1
4.346334 9.701820 1
4.437894 9.836925 1
4.289364 9.844871 1
2.930575 9.774561 1
3.023593 9.671023 1
3.057844 9.830734 1
5.361442 9.235927 1
5.476700 9.225661 2
5.444541 9.386308 2
4.226120 9.176881 1
3.181200 9.641978 1
3.292801 9.734212 1
3.139652 9.752715 1
2.699648 8.977465 1
3.649877 9.659216 1
3.358270 9.867215 1
4.579339 9.775171 1
4.491577 9.682027 1
4.655893 9.654855 1
2.983458 9.338620 1
3.537035 9.225267 1
3.434815 9.243501 1
3.455557 9.105533 1
3.333333 10.000000 0
5.287799 9.750173 1
3.532003 8.938999 1
3.589677 9.086582 1
4.105875 9.132679 1
5.513700 9.525151 2
2.897183 9.084881 1
3.007979 9.034867 1
5.316194 8.940395 2
5.194096 9.013437 1
4.056133 9.035362 1
2.860039 9.305372 1
5.407197 9.504215 1
2.709552 9.461353 1
5.151985 9.824062 1
5.070296 9.897686 1
5.311906 9.455657 1
5.147015 9.724869 1
4.001079 8.619575 2
2.507870 9.539163 2
5.230484 9.305805 1
5.261732 9.161214 1
3.815947 9.000827 1
5.323923 9.351140 1
3.019313 8.927312 1
3.172261 8.877253 1
3.142503 9.012094 1
4.449424 9.311433 1
3.055556 10.000000 0
2.958133 9.896220 1
3.142920 8.472559 2
3.209192 8.323812 2
3.251038 8.433955 1
3.722469 9.726491 1
5.153835 9.233645 1
3.640723 8.979976 1
2.811066 8.983169 1
3.081324 9.268017 1
3.041671 9.147126 1
5.215716 9.421371 1
2.864630 8.666462 1
4.106539 8.681413 1
4.145428 8.562978 2
5.416667 10.000000 0
5.389453 9.894346 1
5.510119 9.866122 2
3.269875 8.919956 1
4.859877 9.151567 1
5.339095 9.054036 2
5.467297 9.110331 2
5.375149 9.146306 1
4.549316 8.906294 2
3.734205 8.298347 2
3.843820 8.384261 2
3.715698 8.424626 1
3.995246 9.121576 1
3.745319 9.851737 1
2.916667 10.000000 0
2.777778 10.000000 0
2.830021 9.875804 1
3.155647 9.894982 1
4.444445 10.000000 0
4.543991 9.895347 1
3.345575 8.847124 1
3.750000 10.000000 0
3.312670 8.536125 1
4.250460 8.816812 1
4.368865 8.786231 2
4.325902 8.925805 1
3.555865 8.817285 1
3.734553 8.954844 1
3.394715 8.972930 1
4.771643 8.955138 2
3.096404 9.548437 1
3.224978 9.529265 1
4.213342 9.427270 1
4.127783 8.810086 1
4.209990 8.931535 1
4.305555 10.000000 0
4.186213 9.892676 1
3.888889 10.000000 0
3.608349 9.325408 1
3.612837 9.785014 1
3.651424 9.198225 1
5.000000 10.000000 0
4.861111 10.000000 0
4.913227 9.878787 1
4.030770 8.744462 1
4.722222 10.000000 0
4.583333 10.000000 0
4.672441 9.880175 1
4.068501 9.585863 1
2.940107 9.226430 1
4.565258 9.317526 1
3.087309 8.611466 2
3.356488 8.323774 2
3.361814 8.439623 1
4.212398 8.713079 2
3.249555 9.409588 1
4.368891 9.918979 1
5.284987 9.862564 1
5.138889 10.000000 0
5.198089 9.915951 1
4.166667 10.000000 0
3.801892 8.497043 1
3.240989 9.832903 1
4.433757 8.899753 1
2.819856 9.758503 1
3.580338 9.431469 1
3.721320 9.071493 1
3.862135 9.102349 1
4.671092 9.415395 1
4.757458 9.336107 1
3.125162 9.365748 1
3.785517 9.194808 1
4.174572 9.047209 1
4.249196 9.746644 1
4.290026 9.051939 1
5.277778 10.000000 0
4.670959 9.291055 1
4.679265 9.535705 1
3.155239 9.457389 1
2.460074 9.329252 2
2.449164 9.443862 2
4.027778 10.000000 0
4.783470 9.602942 1
4.796529 9.717548 1
3.194444 10.000000 0
4.693612 9.760940 1
3.618646 8.343740 2
4.306518 9.603655 1
4.163507 9.540902 1
4.207045 9.648600 1
2.633778 8.656528 1
4.791667 9.921261 1
4.791667 9.816274 1
4.472039 8.800057 2
3.451617 8.848603 1
4.961455 9.310482 1
4.886454 9.767436 1
5.617157 9.754135 2
3.916076 8.502984 2
4.314149 8.687351 2
3.256537 9.919020 1
3.962588 9.923513 1
4.850798 9.263067 1
3.375226 8.749762 1
2.552602 8.594373 3
 0 1 2
 3 1 0
 4 5 6
 7 8 9
 10 7 9
 6 5 11
 12 4 6
 13 14 15
 16 14 13
 17 14 16
 18 19 20
 21 22 23
 24 25 26
 27 28 29
 22 30 23
 24 26 31
 32 33 34
 35 34 33
 36 37 38
 39 40 41
 42 43 44
 45 37 36
 46 47 48
 49 50 44
 51 44 50
 52 53 54
 27 55 56
 57 58 59
 59 58 60
 49 44 43
 1 61 62
 3 61 1
 63 64 65
 66 37 45
 66 45 67
 68 21 23
 69 70 71
 72 71 70
 34 73 74
 73 75 74
 76 33 77
 78 79 80
 30 41 23
 59 42 81
 41 40 23
 68 47 21
 82 83 84
 77 33 85
 86 87 2
 81 42 88
 82 84 70
 72 70 84
 89 64 63
 90 91 92
 10 92 91
 12 6 93
 29 28 94
 46 48 95
 96 95 48
 97 98 99
 100 99 98
 87 0 2
 42 44 101
 78 80 102
 103 104 84
 27 29 105
 106 8 107
 8 108 107
 32 74 109
 110 111 98
 12 112 4
 100 98 111
 51 101 44
 113 114 67
 115 113 67
 116 20 19
 117 80 118
 119 118 80
 103 120 111
 11 121 6
 114 122 123
 124 123 122
 125 126 127
 51 127 126
 128 109 74
 72 112 129
 130 131 122
 72 84 132
 133 134 135
 136 137 138
 139 140 141
 12 129 112
 18 20 14
 103 142 120
 143 144 145
 21 47 146
 46 146 47
 130 147 131
 103 84 83
 25 148 26
 149 150 151
 97 151 150
 152 94 28
 153 154 155
 45 155 154
 56 55 118
 143 123 144
 32 34 74
 25 156 148
 89 157 64
 75 64 157
 103 83 142
 158 159 155
 160 142 83
 161 65 64
 162 108 163
 117 102 80
 17 164 165
 133 150 134
 149 134 150
 125 166 126
 30 167 41
 64 73 168
 39 41 169
 128 170 171
 172 168 73
 128 173 170
 49 174 50
 153 115 154
 119 175 56
 39 56 175
 139 176 177
 75 73 64
 51 126 178
 139 141 179
 180 181 182
 2 120 86
 72 129 71
 2 183 120
 184 185 138
 186 187 188
 27 169 28
 41 28 169
 12 189 129
 35 190 176
 130 71 129
 158 191 159
 192 108 162
 66 193 37
 194 37 193
 42 59 43
 60 43 59
 161 64 168
 10 91 181
 35 195 34
 153 155 159
 53 9 196
 197 174 198
 199 200 201
 181 202 182
 38 182 202
 15 20 203
 115 67 154
 46 95 107
 15 203 61
 204 205 206
 51 50 127
 3 0 207
 208 209 210
 129 189 147
 138 137 145
 194 182 37
 106 196 8
 9 8 196
 82 211 83
 136 138 185
 12 93 212
 213 214 215
 184 138 216
 181 91 202
 60 210 43
 35 19 190
 217 134 218
 219 202 91
 35 176 195
 158 101 191
 220 212 93
 57 81 221
 222 223 224
 42 101 225
 158 225 101
 51 226 101
 180 7 181
 10 181 7
 158 155 227
 46 107 146
 3 228 61
 143 229 230
 143 230 123
 204 177 165
 18 165 177
 103 111 231
 72 132 112
 125 232 233
 222 233 232
 234 235 135
 236 220 93
 153 237 115
 238 31 26
 238 26 131
 124 131 26
 125 127 232
 153 159 239
 240 241 242
 197 243 174
 244 245 246
 149 218 134
 247 4 112
 170 173 157
 38 37 182
 27 56 169
 194 248 162
 30 162 248
 176 190 177
 32 85 33
 119 56 118
 90 221 81
 18 14 165
 17 165 14
 2 1 249
 10 9 250
 251 58 252
 197 198 253
 39 169 56
 127 243 232
 66 67 254
 247 112 132
 124 26 148
 130 129 147
 50 174 243
 217 255 134
 170 157 256
 180 163 108
 152 248 193
 194 193 248
 139 179 176
 257 171 258
 184 213 185
 234 259 235
 43 210 260
 90 92 221
 188 221 92
 261 145 144
 220 31 212
 262 224 223
 15 61 228
 45 36 155
 263 105 136
 55 105 263
 188 92 186
 133 98 150
 97 150 98
 106 95 54
 117 118 55
 92 250 186
 130 113 264
 69 71 237
 213 215 185
 265 178 266
 267 268 77
 76 77 268
 42 225 88
 152 269 94
 267 99 249
 100 249 99
 265 266 270
 257 240 171
 27 105 55
 128 74 173
 125 233 271
 188 187 251
 10 250 92
 152 193 269
 133 135 272
 245 217 218
 120 142 86
 273 86 142
 69 239 270
 265 270 239
 125 271 166
 247 132 104
 84 104 132
 120 183 111
 100 111 183
 199 274 200
 274 256 200
 220 24 31
 114 254 67
 267 249 275
 68 23 40
 130 122 113
 160 271 142
 273 142 271
 2 249 183
 262 0 87
 194 163 182
 97 99 276
 128 171 242
 170 258 171
 69 270 70
 82 70 270
 277 230 229
 68 40 278
 39 279 278
 259 280 121
 124 148 144
 136 185 215
 45 154 67
 15 228 13
 53 196 54
 57 59 81
 222 224 233
 240 242 171
 115 264 113
 192 162 22
 30 22 162
 15 14 20
 106 107 95
 281 282 151
 283 184 216
 124 122 131
 151 282 284
 39 175 279
 114 123 230
 267 276 99
 60 285 210
 208 210 285
 245 218 246
 110 98 286
 143 145 137
 100 183 249
 262 207 0
 124 144 123
 39 278 40
 57 252 58
 160 83 211
 11 135 235
 134 255 135
 234 135 255
 149 246 218
 172 195 179
 176 179 195
 247 287 288
 11 272 135
 247 288 5
 89 201 200
 261 144 148
 172 179 141
 214 102 215
 117 215 102
 192 107 108
 69 237 239
 153 239 237
 133 286 98
 75 157 173
 96 289 95
 152 167 248
 241 290 242
 291 242 290
 172 141 168
 161 168 141
 180 8 7
 204 165 164
 114 113 122
 291 290 246
 244 246 290
 60 58 285
 110 288 287
 262 292 207
 11 5 288
 133 288 286
 110 286 288
 238 212 31
 238 131 147
 11 288 272
 133 272 288
 265 226 178
 238 189 212
 12 212 189
 49 43 260
 194 162 163
 106 54 196
 71 264 237
 117 55 263
 219 293 227
 158 227 293
 143 137 229
 29 229 137
 152 28 167
 249 1 275
 180 182 163
 265 191 226
 97 276 151
 62 61 203
 262 87 224
 188 251 252
 192 146 107
 267 275 268
 30 248 167
 259 121 235
 138 145 216
 261 216 145
 117 263 215
 291 246 284
 149 284 246
 247 104 287
 103 231 104
 116 19 294
 35 294 19
 130 264 71
 136 215 263
 180 108 8
 291 295 242
 128 242 295
 214 78 102
 51 178 226
 296 201 63
 49 297 174
 219 227 202
 38 202 227
 66 254 269
 281 276 77
 126 211 266
 139 206 140
 205 140 206
 136 105 137
 29 137 105
 89 63 201
 89 256 157
 95 289 54
 277 269 254
 267 77 276
 217 234 255
 274 257 258
 274 258 256
 222 298 223
 273 233 224
 156 283 299
 89 200 256
 116 203 20
 52 54 289
 82 266 211
 281 151 276
 75 173 74
 155 36 227
 222 232 253
 197 253 232
 241 244 290
 170 256 258
 280 236 300
 222 253 298
 76 268 301
 62 301 268
 126 266 178
 50 243 127
 49 260 297
 265 159 191
 38 227 36
 273 271 233
 114 230 254
 273 87 86
 172 73 195
 34 195 73
 209 297 260
 277 254 230
 156 299 148
 296 63 65
 281 109 282
 247 5 4
 219 91 302
 90 302 91
 149 151 284
 265 239 159
 90 81 302
 88 302 81
 116 294 301
 76 301 294
 41 167 28
 261 148 299
 6 121 300
 280 300 121
 281 77 85
 110 287 231
 104 231 287
 238 147 189
 160 166 271
 82 270 266
 76 294 33
 35 33 294
 21 146 22
 192 22 146
 277 94 269
 128 295 109
 209 260 210
 66 269 193
 219 302 293
 88 293 302
 88 225 293
 158 293 225
 11 235 121
 110 231 111
 281 85 109
 52 289 303
 18 177 190
 32 109 85
 62 203 301
 18 190 19
 204 206 177
 139 177 206
 62 275 1
 126 166 211
 115 237 264
 109 295 282
 101 226 191
 188 252 221
 57 221 252
 197 232 243
 160 211 166
 6 300 93
 236 93 300
 277 229 94
 29 94 229
 62 268 275
 262 223 292
 273 224 87
 261 299 216
 291 284 282
 116 301 203
 283 216 299
 96 303 289
 291 282 295
 0
 0
 0
 0
 0
 0
 0
 0
 25
 17 52 208 53 3 209 16 9 251 174 285 228 187 198 223 58 303 186 207 250 297 253 298 13 292
 10
 119 68 96 80 278 175 47 48 303 279
 0
 0
 10
 161 17 296 204 205 141 201 65 140 164
 0
 0
 0
 0
 0
 0
 0
 0
 0
 0
 0
 0
