305 543
6.849532 3.776139 1
6.800718 3.652420 1
6.911029 3.660890 1
6.810746 4.185935 1
6.771570 4.326343 1
6.666837 4.183290 1
6.642293 4.299617 1
7.068633 3.034311 1
7.052530 2.925088 1
7.201928 2.902174 2
6.070206 3.682619 2
6.214737 3.731762 1
6.058446 3.837669 2
6.213589 3.874769 2
6.505392 2.912363 1
6.463891 3.083112 1
6.394594 2.906682 1
6.322877 2.991369 1
7.340687 3.445907 1
7.209900 3.518409 1
7.257548 3.368222 1
7.173300 3.083775 1
6.690095 3.368343 1
6.610770 3.517084 1
6.571198 3.370148 1
6.771995 3.451471 1
7.474355 3.948735 1
7.362502 3.998096 1
7.354558 3.843473 1
7.787800 3.842246 1
7.717743 3.712051 1
7.853895 3.704172 1
6.765488 4.794387 1
6.921344 4.852563 1
6.792965 4.944991 1
7.147572 3.390509 1
7.258852 3.938286 1
7.507003 3.833107 1
6.506629 3.889209 1
6.371160 3.918404 1
6.453152 3.767231 1
7.248505 4.062547 1
6.967904 3.287072 1
7.032102 3.373044 1
6.923911 3.405792 1
7.020362 3.486349 1
7.432907 3.754267 1
7.680612 4.592384 1
7.803439 4.691078 2
7.654087 4.696296 1
7.793516 4.580345 1
7.695964 5.158335 1
7.704840 4.993128 1
7.798072 5.105775 1
7.488338 5.133633 1
7.391780 5.076591 1
7.464369 4.987767 1
7.435950 4.462722 1
7.340311 4.526483 1
7.320731 4.347878 1
7.238105 4.475309 1
6.458221 2.769819 2
6.590697 2.811427 2
6.733642 3.740400 1
6.747306 3.560399 1
6.880623 3.544763 1
6.712580 3.932482 1
6.708884 4.073019 1
6.595653 3.964163 1
6.999556 4.038641 1
7.132358 4.123266 1
7.014201 4.188108 1
6.315060 3.798978 1
7.007150 3.739095 1
7.719899 4.769942 1
7.677336 4.871897 1
7.584693 4.797374 1
7.145138 4.312762 1
7.234975 4.226376 1
7.226786 4.375290 1
7.481462 4.203020 1
7.581713 4.284287 1
7.450148 4.327531 1
7.550530 3.698022 1
7.434972 3.621327 1
7.107476 3.549114 1
7.590600 4.173781 1
6.740088 4.479023 1
6.844259 4.575675 1
6.694670 4.607204 1
8.134847 3.534906 1
8.141157 3.688168 1
7.999675 3.667001 1
6.840518 4.024195 1
6.958953 3.898711 1
8.119693 3.335945 1
8.203995 3.214273 3
8.225669 3.402265 2
6.970466 5.038136 1
7.072138 5.117852 2
6.946815 5.205117 2
6.584668 4.109902 1
6.933664 4.371037 1
7.087327 4.451959 1
6.923322 4.490115 1
7.486845 3.218712 2
7.466652 3.355587 1
7.330201 3.277953 1
7.940942 4.044223 1
7.829739 4.154537 1
7.810811 3.992948 1
7.683034 4.079422 1
6.350657 3.114302 1
6.621573 3.804765 1
6.669802 3.646270 1
6.560232 3.675211 1
7.589087 5.067315 1
6.726094 5.043987 2
6.687865 4.905247 2
6.296707 3.204232 1
6.185885 3.204252 1
6.239849 3.085736 2
7.236230 4.640737 1
7.919750 3.793797 1
7.646689 3.834103 1
7.589310 3.951665 1
7.076392 4.822713 1
7.184811 4.897837 1
7.085773 4.974476 1
7.355974 4.133937 1
7.511289 4.077076 1
8.280723 3.514709 3
6.631879 4.698171 1
6.770990 4.672834 1
7.819833 4.993639 1
7.592319 3.433949 1
7.679657 3.570265 1
7.536464 3.555036 1
7.052512 3.196591 1
7.136845 4.570757 1
8.140535 3.900856 1
8.224384 3.983773 2
8.077665 4.032224 2
6.551127 3.130996 1
6.429959 3.207061 1
8.044079 3.806587 1
8.028935 3.941008 1
7.774418 5.233129 2
7.612352 5.241457 2
7.068888 2.818274 3
6.635351 4.809585 2
7.293615 4.802448 1
7.301553 4.971611 1
7.381545 4.884879 1
6.764845 5.204879 3
6.848817 5.063982 1
7.670146 4.365158 1
7.547561 4.413340 1
8.261129 3.719571 1
8.343011 3.622439 2
8.418548 3.747811 2
7.315815 3.590630 1
6.822093 3.892826 1
7.845436 3.518463 1
7.950570 3.409978 1
7.993028 3.524222 1
6.908397 4.961698 1
6.600846 2.932975 1
7.901470 4.551707 2
7.179577 3.233610 1
8.224896 3.609948 1
6.848816 2.968618 1
6.763456 3.051121 1
6.708418 2.887866 1
6.506563 4.665459 1
6.403944 4.719996 2
6.436944 4.559677 2
6.220135 3.313431 1
7.640458 4.476840 1
7.769440 4.469009 1
6.969264 3.105634 1
6.111645 3.123548 2
6.332080 3.337939 1
6.553434 3.253668 1
7.310883 3.038144 2
7.250711 3.717463 1
7.357793 3.705432 1
6.351488 2.797552 2
6.485501 4.018254 1
6.366496 4.075804 2
8.281182 3.844628 2
8.184880 3.793109 1
7.032129 4.300321 1
7.924122 3.904215 1
6.692377 3.259622 1
6.815573 3.308843 1
7.259796 3.145880 1
6.949171 2.859374 2
6.831521 2.857825 1
6.882554 2.715508 2
7.190773 5.054635 2
6.056940 3.532387 2
6.207385 3.602029 1
6.917846 4.123974 1
8.045205 4.134794 2
8.043000 4.266956 2
7.949552 4.167972 1
6.748885 3.832602 1
7.739520 3.436522 1
7.909980 4.274614 1
6.644121 4.409723 1
7.124539 3.959820 1
6.648148 3.030420 1
7.010106 4.599801 1
6.460124 3.478721 1
7.879289 3.139514 2
7.888206 3.296390 1
7.778308 3.199289 2
7.544069 4.540211 1
7.431479 4.611162 1
7.543818 4.675114 1
7.428025 4.762900 1
7.184696 3.631456 1
6.900465 4.703477 1
6.553916 3.018667 1
7.447333 3.485706 1
7.110127 4.224920 1
7.801664 4.312671 1
7.579435 4.927200 1
6.455020 3.605576 1
7.839534 3.393071 1
7.204153 3.827495 1
7.083027 3.295975 1
6.177589 3.490413 1
7.971704 3.223093 2
7.080760 3.837439 1
7.151046 3.739827 1
7.082345 3.659046 1
6.248830 4.009155 2
7.387219 5.170876 1
6.330319 3.680072 1
6.346057 3.572299 1
6.348061 3.445958 1
7.695502 4.225101 1
7.871242 4.409590 1
6.066569 3.266784 2
7.008394 4.908817 1
7.363416 3.152739 2
7.009689 4.730780 1
7.348605 4.683610 1
7.175807 4.768098 1
6.634635 4.507141 1
7.706547 3.940217 1
7.971057 4.363525 1
6.784701 3.180450 1
6.655578 3.156748 1
7.291842 5.136604 2
6.897636 3.204002 1
6.787325 2.759643 1
6.678010 2.730290 2
7.787888 3.623500 1
6.332431 4.471969 2
6.441395 4.412462 1
7.657597 3.226219 2
7.574619 3.319385 1
6.839843 4.438451 1
7.797813 4.871843 2
8.079580 3.432795 1
7.112457 4.685982 1
7.348937 4.244239 1
6.125888 3.393376 1
7.907538 3.607256 1
6.557072 4.237191 1
6.475811 4.160089 1
7.773939 3.304002 1
7.443591 5.267010 2
6.999979 3.608918 1
7.672304 3.346754 1
6.962265 2.992604 1
6.872154 3.083266 1
6.568055 4.580277 1
6.542387 4.470530 1
6.903252 4.256149 1
6.013796 3.411810 3
6.354817 4.210866 2
6.451737 3.351694 1
7.968187 4.453945 1
6.527680 4.768586 2
8.068411 4.410639 2
8.020779 4.540840 2
6.453289 4.285913 1
6.268794 3.508210 1
7.905993 4.939065 2
7.912322 5.070052 2
7.487613 4.872024 1
8.019016 3.320478 1
6.760593 2.649564 2
6.240714 3.415223 1
8.075289 3.231018 2
7.890661 5.195217 3
6.345994 4.337882 2
6.546760 4.352573 1
7.320543 5.240543 2
6.221040 2.971697 2
6.287323 2.882153 2
 0 1 2
 3 4 5
 6 5 4
 7 8 9
 10 11 12
 13 12 11
 14 15 16
 17 16 15
 18 19 20
 21 7 9
 22 23 24
 22 25 23
 26 27 28
 29 30 31
 32 33 34
 19 35 20
 28 27 36
 26 28 37
 38 39 40
 41 36 27
 42 43 44
 45 44 43
 28 46 37
 47 48 49
 50 48 47
 51 52 53
 54 55 56
 57 58 59
 60 59 58
 14 61 62
 0 63 1
 64 25 65
 44 65 25
 66 67 68
 69 70 71
 39 72 40
 0 2 73
 74 75 76
 77 78 79
 64 65 1
 80 81 82
 83 46 84
 78 59 79
 19 85 35
 45 35 85
 80 86 81
 87 88 89
 90 91 92
 69 93 94
 95 96 97
 74 76 49
 98 99 100
 101 68 67
 102 103 104
 105 106 107
 18 107 106
 108 109 110
 111 110 109
 17 15 112
 63 113 114
 114 113 115
 54 56 116
 34 117 118
 119 120 121
 32 34 118
 122 60 58
 29 31 123
 124 125 37
 126 127 128
 129 27 130
 90 97 131
 32 132 133
 134 53 52
 135 136 137
 83 137 136
 21 138 7
 115 113 40
 122 139 60
 14 16 61
 140 141 142
 15 143 144
 145 140 146
 80 129 130
 145 123 92
 31 92 123
 51 147 148
 8 149 9
 45 65 44
 32 150 132
 89 133 132
 37 125 26
 127 151 152
 152 151 153
 15 144 112
 154 155 100
 83 84 137
 81 156 157
 158 159 160
 98 100 155
 18 161 19
 93 162 94
 41 78 70
 163 164 165
 34 166 155
 14 62 167
 50 168 48
 169 138 21
 90 170 91
 171 172 173
 174 175 176
 51 116 52
 119 177 120
 178 179 47
 50 47 179
 180 7 138
 120 181 121
 169 107 20
 119 182 177
 66 93 67
 64 23 25
 140 142 146
 34 155 117
 183 144 143
 184 21 9
 55 152 56
 152 153 56
 169 20 35
 185 186 28
 187 61 16
 38 188 39
 189 39 188
 158 160 190
 145 191 140
 102 192 103
 29 193 110
 108 110 193
 83 136 30
 54 116 148
 51 148 116
 183 194 24
 42 44 195
 169 196 107
 38 40 113
 178 157 156
 197 198 199
 22 195 25
 200 128 127
 10 201 202
 119 112 144
 90 131 170
 69 71 203
 2 1 65
 204 205 206
 0 207 63
 163 136 208
 135 208 136
 206 205 209
 32 118 150
 6 4 210
 69 211 70
 212 173 172
 213 104 103
 214 24 23
 215 216 217
 57 59 82
 57 218 219
 29 124 30
 83 30 124
 87 210 4
 220 221 219
 185 222 161
 213 223 88
 32 223 33
 185 161 186
 14 224 15
 84 161 225
 77 226 78
 227 109 209
 228 76 75
 214 23 229
 115 229 23
 163 230 164
 185 28 231
 169 35 232
 201 233 202
 234 216 215
 41 129 78
 22 24 194
 44 25 195
 28 186 46
 119 144 182
 235 73 236
 237 236 73
 13 39 238
 54 239 55
 115 40 229
 240 229 40
 74 49 48
 41 70 211
 214 241 242
 214 229 241
 111 109 243
 220 219 218
 179 244 168
 18 20 107
 120 245 181
 126 128 246
 105 107 247
 240 11 202
 145 146 193
 126 33 248
 219 249 58
 249 122 58
 189 238 39
 126 250 127
 87 89 251
 22 194 195
 111 252 110
 29 123 193
 18 225 161
 213 103 139
 200 127 152
 50 179 168
 153 151 221
 26 130 27
 227 209 244
 200 99 128
 240 202 241
 98 155 166
 209 253 244
 254 255 172
 200 152 256
 69 203 93
 3 93 203
 145 92 91
 180 138 257
 258 173 259
 62 259 173
 3 67 93
 235 211 94
 69 94 211
 163 260 136
 171 173 198
 235 231 211
 66 162 93
 261 262 176
 105 263 264
 87 265 88
 135 225 106
 108 193 146
 55 256 152
 227 243 109
 26 125 130
 108 206 109
 107 196 247
 31 30 260
 81 157 82
 74 48 266
 111 125 252
 60 103 79
 77 79 103
 45 43 35
 33 223 248
 90 267 97
 105 264 106
 83 124 37
 34 33 166
 111 130 125
 62 173 167
 213 139 268
 59 269 82
 270 245 177
 120 177 245
 98 128 99
 163 165 271
 101 272 273
 78 226 70
 90 92 165
 211 231 36
 101 5 272
 77 103 192
 89 88 133
 29 252 124
 84 225 137
 274 263 217
 80 130 86
 83 37 46
 258 199 198
 54 148 275
 145 91 191
 228 116 56
 135 137 225
 57 219 58
 2 276 73
 0 94 162
 237 73 276
 212 172 255
 189 188 273
 101 273 188
 178 47 218
 220 218 47
 31 271 92
 13 72 39
 111 243 86
 220 49 76
 213 88 104
 42 257 138
 0 73 94
 235 94 73
 274 277 263
 19 161 222
 184 196 21
 60 79 59
 169 21 196
 78 269 59
 126 246 33
 171 278 279
 89 132 280
 41 27 129
 240 40 72
 281 176 262
 180 279 278
 154 117 155
 60 139 103
 84 186 161
 122 268 139
 81 86 243
 88 265 104
 254 195 194
 29 110 252
 274 217 216
 134 52 266
 135 106 264
 127 250 151
 18 106 225
 80 82 269
 140 190 141
 213 248 223
 57 157 218
 183 255 194
 95 97 267
 32 133 223
 88 223 133
 102 4 282
 3 282 4
 124 252 125
 84 46 186
 38 113 68
 66 68 113
 122 250 268
 213 268 248
 64 114 23
 115 23 114
 270 201 283
 258 198 173
 221 151 249
 270 233 201
 189 273 284
 183 24 285
 158 91 170
 136 260 30
 212 255 143
 89 280 251
 286 168 244
 183 285 144
 266 52 75
 145 193 123
 212 167 173
 10 202 11
 174 287 175
 111 86 130
 122 151 250
 180 257 279
 13 11 72
 71 70 226
 286 288 289
 290 284 273
 291 241 202
 227 179 156
 178 156 179
 220 76 221
 98 246 128
 3 5 67
 212 143 224
 8 197 149
 134 292 293
 153 221 294
 71 192 282
 102 282 192
 240 72 11
 101 188 68
 102 265 4
 178 218 157
 228 52 116
 254 172 279
 174 280 132
 171 197 278
 87 4 265
 108 146 142
 8 278 197
 126 268 250
 274 230 208
 164 295 267
 219 221 249
 108 142 204
 71 282 203
 3 203 282
 126 248 268
 171 198 197
 92 271 165
 98 166 246
 228 56 294
 205 253 209
 163 208 230
 174 176 280
 281 280 176
 258 296 199
 182 242 297
 164 267 165
 220 47 49
 131 159 170
 122 249 151
 109 206 209
 41 211 36
 57 82 157
 38 68 188
 81 243 156
 227 156 243
 290 273 272
 63 207 113
 66 113 207
 184 247 196
 64 1 114
 63 114 1
 95 298 96
 134 293 53
 299 53 293
 234 295 216
 290 262 300
 261 300 262
 135 277 208
 108 204 206
 205 288 253
 42 138 232
 274 208 277
 6 272 5
 270 283 245
 291 242 241
 254 257 195
 51 53 147
 299 147 53
 240 241 229
 42 232 43
 164 216 295
 134 266 292
 263 277 264
 291 202 233
 158 170 159
 290 300 284
 153 294 56
 221 76 294
 286 253 288
 227 244 179
 182 285 242
 254 279 257
 291 297 242
 158 191 91
 214 285 24
 182 144 285
 6 210 301
 6 301 272
 182 297 177
 254 194 255
 228 294 76
 101 67 5
 95 267 295
 42 195 257
 171 279 172
 54 275 239
 302 239 275
 274 216 230
 235 236 231
 214 242 285
 286 244 253
 87 251 210
 281 210 251
 163 271 260
 31 260 271
 33 246 166
 102 104 265
 183 143 255
 14 167 224
 74 266 75
 90 165 267
 0 162 207
 71 226 192
 77 192 226
 286 289 168
 164 230 216
 185 231 236
 281 301 210
 281 262 301
 290 272 301
 290 301 262
 28 36 231
 270 177 297
 135 264 277
 169 232 138
 17 121 303
 228 75 52
 158 190 191
 55 239 256
 2 65 276
 45 276 65
 212 224 167
 35 43 232
 302 256 239
 187 16 304
 17 304 16
 270 297 233
 174 132 287
 150 287 132
 8 7 278
 180 278 7
 140 191 190
 237 85 222
 291 233 297
 17 112 121
 15 224 143
 119 121 112
 234 298 295
 66 207 162
 78 129 269
 80 269 129
 258 259 296
 281 251 280
 19 222 85
 95 295 298
 237 276 85
 17 303 304
 237 222 236
 45 85 276
 185 236 222
 0
 0
 0
 0
 0
 0
 0
 0
 0
 0
 0
 0
 0
 0
 0
 0
 10
 154 200 299 302 100 99 275 148 147 256
 0
 16
 205 299 131 160 204 288 293 266 159 48 190 292 168 289 141 142
 11
 234 105 184 263 9 215 96 247 298 217 149
 3
 131 96 97
 17
 10 154 189 13 261 150 12 201 175 117 176 238 284 118 283 300 287
 0
 0
 14
 187 62 197 61 245 283 296 121 199 149 304 303 181 259
