302 536
6.546347 5.390184 1
6.515219 5.280851 2
6.685428 5.362820 2
8.199057 5.447165 1
8.251304 5.295807 2
8.331640 5.457134 2
7.223019 5.959930 1
7.327240 5.856607 1
7.330631 6.014463 1
7.331566 6.341513 1
7.210431 6.242014 1
7.370585 6.231817 1
6.993425 6.836701 1
7.114738 6.939888 1
6.971315 7.008838 1
6.296477 6.291746 1
6.178900 6.299035 2
6.199009 6.150740 1
6.577372 6.121279 1
6.721230 6.140491 1
6.586689 6.236336 1
6.462371 6.286243 1
6.550437 6.430156 2
6.375656 6.392724 2
7.144457 7.206719 1
7.307000 7.237937 2
7.226987 7.311540 2
7.708025 5.982225 1
7.537745 5.993568 1
7.569298 5.891051 1
8.397983 5.325667 3
7.265111 7.137614 1
7.445928 5.925075 1
6.850639 5.821062 1
6.764899 5.732218 1
6.949240 5.690904 1
6.124452 5.399304 1
6.250869 5.309196 2
6.212828 5.480120 1
6.197004 5.609816 1
6.292776 5.740302 1
6.176824 5.767386 1
6.232662 6.425375 2
7.484683 5.762489 1
7.865252 6.520246 1
7.986753 6.414214 2
8.011275 6.557845 2
6.807890 5.608046 1
7.411201 5.419500 1
7.443591 5.267010 2
7.530152 5.345335 1
7.588943 6.084669 1
6.324090 5.449898 1
6.707098 6.267285 1
7.331261 5.717915 1
7.779768 5.695951 1
7.880129 5.779633 1
7.702898 5.823640 1
8.001240 6.125637 1
8.113116 6.052567 1
8.129907 6.199393 1
6.348578 6.008866 1
6.448305 6.119336 1
6.317267 6.096814 1
7.198951 5.742980 1
7.176685 5.859831 1
8.291259 6.184776 2
8.223780 6.085759 1
7.867022 6.172415 1
7.878946 6.014209 1
6.420067 5.386676 2
7.017651 7.162090 1
7.078317 7.069114 1
7.785075 6.078959 1
7.733526 5.338585 1
7.612352 5.241457 2
7.774418 5.233129 2
6.086353 6.241210 2
7.827161 5.898561 1
6.764845 5.204879 3
6.863762 5.336168 1
6.824794 5.472210 1
7.124092 5.526034 1
7.204670 5.405964 1
7.296735 5.500678 1
7.227332 6.377385 1
6.946815 5.205117 2
7.622010 6.659157 1
7.784500 6.655800 1
7.683464 6.786697 1
6.529588 5.553187 1
6.684817 5.529173 1
6.574519 5.663994 1
6.690910 5.668113 1
6.911581 7.128113 1
5.892580 6.036529 2
5.829604 5.902960 2
5.930879 5.901834 1
6.348769 6.192240 1
6.862116 6.880311 1
7.711292 6.550242 1
6.677935 6.532219 1
6.720660 6.397946 1
6.806112 6.512841 1
7.432375 6.025464 1
7.292564 6.143494 1
7.547463 6.782708 1
7.610132 6.881110 1
7.226384 5.625953 1
7.521933 5.446952 1
8.157369 5.343278 2
7.547746 6.456608 1
7.570994 6.315656 1
7.653225 6.422995 1
6.438160 5.975036 1
7.451898 6.332393 1
6.840674 6.409237 1
8.221743 6.270603 2
6.755052 6.772868 1
6.775290 6.640496 1
6.890939 6.756567 1
6.978658 5.457349 1
6.311346 5.599753 1
6.631111 6.026497 1
7.596216 5.791795 1
7.416350 6.133093 1
7.492447 6.216510 1
6.950447 6.333149 1
6.936630 6.474407 1
6.628255 6.795046 2
6.654490 6.668553 1
7.430632 7.238840 2
7.408843 7.126603 1
7.552121 7.134439 2
6.011650 5.978821 1
7.190681 7.054890 1
7.051257 6.380390 1
6.812208 7.044554 1
7.647130 6.204130 1
7.906146 6.626646 2
7.627986 5.690001 1
6.836936 6.272779 1
7.060996 6.145112 1
6.950093 6.061373 1
7.052244 6.037927 1
6.900599 6.621822 1
6.979423 6.705133 1
7.119430 6.782479 1
7.078156 6.658418 1
6.958768 6.202483 1
7.176009 6.071414 1
7.628674 5.388248 1
6.734489 6.014736 1
7.042936 6.486008 1
6.110510 5.681526 1
7.991849 6.253964 1
7.991162 5.553521 1
7.851661 5.591433 1
7.907560 5.478063 1
6.001570 5.691066 1
5.888014 5.768173 2
5.925596 5.599349 2
7.514866 6.585629 1
7.421852 6.461104 1
7.396502 6.566244 1
7.451444 6.685929 1
7.303811 6.638126 1
6.202116 5.874313 1
6.049241 5.823913 1
6.425797 5.666373 1
7.937647 5.676692 1
7.139313 6.342252 1
7.766601 6.415366 1
6.107842 5.934070 1
6.830453 7.287535 1
6.906394 7.355773 2
6.758337 7.389542 3
6.408441 5.539903 1
6.706936 7.148492 2
6.660239 7.031088 2
6.062716 5.543975 1
6.045297 6.091761 1
7.316336 5.349784 1
7.112624 5.953517 1
6.618821 6.336739 1
7.346310 6.753424 1
8.053024 5.415451 2
8.133616 5.564425 1
5.957688 6.180433 2
7.713061 6.929952 1
6.552126 6.569087 2
6.538285 6.701602 2
6.618520 5.443135 1
6.091345 5.299238 1
6.817706 7.185980 1
8.196648 5.955211 1
8.331203 6.030407 2
7.698123 6.095406 1
7.019033 5.579883 1
7.808046 6.816317 1
6.922052 5.560655 1
7.876116 6.314047 1
7.873680 6.415968 1
7.024794 7.314281 1
7.428337 5.656695 1
6.236439 5.984707 1
7.447411 5.545475 1
7.343417 5.616569 1
6.127608 5.195673 2
6.552555 5.914373 1
6.448441 5.864358 1
6.516156 5.774285 1
6.922612 7.239156 1
7.925807 5.372638 1
7.976167 5.274621 2
6.643902 5.788945 1
7.190773 5.054635 2
7.180489 5.198416 1
7.072138 5.117852 2
6.722287 6.909847 1
7.130754 7.349192 2
6.990125 7.435170 2
7.102363 5.654710 1
7.083399 5.771421 1
6.972481 5.823722 1
7.965806 5.893101 1
8.087477 5.855208 1
8.088157 5.952601 1
8.012184 6.007595 1
7.089032 5.409372 1
7.118725 5.312184 1
7.826413 6.922435 1
7.938938 6.872695 2
7.895785 7.002352 3
6.332316 5.886735 1
7.224258 5.305674 1
7.457831 7.028260 1
7.420647 6.829785 1
7.499552 6.909820 1
6.886796 5.934924 1
7.901898 6.730320 2
7.609828 6.534926 1
7.003452 6.582570 1
6.867051 6.143633 1
7.201639 6.555224 1
7.141817 6.454616 1
7.288534 6.484237 1
8.297964 5.907558 2
7.006169 5.945679 1
7.759062 6.161599 1
8.068089 5.721681 1
8.212707 5.784408 2
6.403038 5.775277 1
6.527028 6.032881 1
7.256520 6.959765 1
7.001209 5.322127 1
5.911627 5.479372 2
6.746459 5.836737 1
6.783448 5.935107 1
6.681101 5.925217 1
7.597425 5.533714 1
8.071892 6.321529 2
6.134613 6.033668 1
7.707360 7.080917 2
7.583470 6.996770 1
7.666794 6.311472 1
6.594790 6.921363 2
7.059162 5.227658 1
6.010065 5.411418 1
7.769765 6.274017 1
7.723514 5.584177 1
7.718904 5.458847 1
7.180607 6.662320 1
7.334547 7.043273 1
8.339474 5.584421 2
8.255172 5.537175 1
7.797246 5.508894 1
6.504592 5.462617 1
7.320543 5.240543 2
7.526029 5.635945 1
8.052216 5.626583 1
7.987830 5.785263 1
8.248270 5.643020 2
8.151960 5.664776 1
7.209267 6.859083 1
6.839781 6.036135 1
7.246343 6.760936 1
5.987270 5.305165 1
7.825233 5.408347 1
7.105238 6.561436 1
7.858644 5.299185 1
7.291842 5.136604 2
7.309304 6.852346 1
7.377767 6.940284 1
6.725146 7.264184 2
7.062775 5.862608 1
7.062410 6.272943 1
5.906826 5.361221 2
5.907853 5.249306 3
6.015219 5.208495 2
7.890661 5.195217 3
7.793717 7.009913 2
 0 1 2
 3 4 5
 6 7 8
 9 10 11
 12 13 14
 15 16 17
 18 19 20
 21 22 23
 24 25 26
 27 28 29
 30 5 4
 31 25 24
 7 32 8
 33 34 35
 36 37 38
 39 40 41
 42 15 23
 43 32 7
 44 45 46
 34 47 35
 48 49 50
 27 51 28
 52 38 37
 53 20 19
 43 7 54
 55 56 57
 58 59 60
 27 29 57
 61 62 63
 64 7 65
 6 65 7
 66 60 67
 58 68 69
 52 37 70
 71 14 72
 69 68 73
 74 75 76
 77 17 16
 57 56 78
 79 80 2
 81 2 80
 82 83 84
 9 85 10
 79 86 80
 87 88 89
 43 29 32
 90 91 92
 91 93 92
 64 54 7
 94 14 71
 95 96 97
 15 17 98
 12 14 99
 81 91 2
 87 100 88
 101 102 103
 104 8 32
 105 11 10
 87 89 106
 107 106 89
 82 84 108
 48 50 109
 3 110 4
 111 112 113
 114 62 61
 111 115 112
 116 103 102
 66 117 60
 118 119 120
 60 59 67
 21 23 15
 81 80 121
 39 122 40
 18 123 19
 43 124 29
 104 51 125
 126 125 51
 42 16 15
 116 127 128
 118 129 130
 131 132 133
 95 97 134
 31 24 135
 63 98 17
 127 136 128
 137 14 94
 126 51 138
 21 15 98
 44 46 139
 55 57 140
 116 102 141
 53 141 102
 142 143 144
 72 14 13
 145 120 119
 146 147 12
 148 147 146
 142 149 143
 93 91 47
 81 47 91
 142 144 150
 74 151 75
 152 19 123
 104 28 51
 153 128 136
 39 41 154
 58 60 155
 156 157 158
 159 160 161
 111 162 163
 72 135 24
 164 165 166
 41 167 168
 169 90 92
 156 170 157
 171 10 85
 44 100 172
 173 168 167
 174 175 176
 101 22 102
 169 177 90
 116 141 127
 137 178 179
 36 38 180
 39 180 38
 77 181 17
 48 182 49
 144 183 150
 21 184 22
 165 185 166
 126 115 11
 9 11 115
 156 186 187
 3 187 186
 77 188 181
 21 62 20
 18 20 62
 107 89 189
 101 190 22
 191 130 129
 0 2 192
 36 193 37
 137 194 178
 195 196 67
 27 197 51
 82 198 121
 118 130 119
 89 199 189
 81 121 200
 52 122 38
 201 155 45
 44 202 45
 126 138 112
 159 180 154
 95 134 181
 203 71 24
 43 54 204
 63 17 205
 137 99 14
 137 94 194
 48 206 84
 207 84 206
 208 37 193
 195 67 59
 209 210 211
 203 212 71
 213 214 186
 44 88 100
 169 92 211
 209 211 215
 216 217 218
 137 219 99
 203 220 221
 164 163 162
 35 47 200
 81 200 47
 159 168 160
 97 160 168
 35 222 223
 35 223 224
 159 161 180
 209 114 210
 213 186 158
 39 154 180
 225 226 227
 225 227 228
 41 168 154
 21 20 184
 95 181 188
 58 69 228
 225 228 69
 27 57 78
 118 120 99
 173 134 168
 97 168 134
 82 121 229
 27 78 69
 111 163 115
 2 91 192
 82 229 83
 230 83 229
 231 232 233
 234 167 40
 230 235 83
 58 228 59
 236 133 132
 118 99 219
 156 158 186
 41 40 167
 237 106 238
 239 33 224
 225 69 78
 89 88 199
 240 199 88
 231 189 199
 107 238 106
 87 241 100
 145 128 242
 243 141 19
 53 19 141
 241 111 113
 64 108 54
 207 54 108
 244 245 246
 145 103 128
 100 241 113
 164 166 246
 244 246 166
 195 247 196
 239 224 248
 249 73 68
 66 67 196
 52 177 122
 250 251 226
 169 211 252
 57 124 140
 159 154 168
 50 49 75
 195 251 247
 246 245 85
 121 198 200
 114 253 62
 137 179 219
 72 13 135
 254 135 13
 121 80 255
 256 180 161
 101 103 119
 257 33 258
 195 226 251
 209 215 259
 260 109 151
 239 258 33
 234 210 114
 45 155 261
 17 262 205
 237 165 106
 263 133 264
 265 113 112
 12 147 13
 266 219 179
 218 217 267
 236 264 133
 100 113 172
 31 132 25
 256 268 180
 36 180 268
 60 117 261
 12 99 120
 231 199 232
 50 75 151
 90 192 91
 265 269 172
 201 172 269
 55 140 270
 209 253 114
 83 182 84
 48 84 182
 234 114 61
 127 141 149
 230 229 255
 121 255 229
 195 59 227
 22 184 102
 260 151 271
 6 150 183
 260 270 140
 240 232 199
 55 170 56
 148 272 147
 31 135 273
 254 273 135
 243 149 141
 39 38 122
 27 69 73
 93 47 34
 52 70 177
 29 124 57
 64 222 108
 82 108 222
 266 129 219
 9 115 163
 5 274 275
 276 158 157
 164 162 165
 87 165 162
 105 8 125
 169 40 122
 177 70 277
 278 49 182
 203 24 220
 26 220 24
 118 219 129
 87 106 165
 6 8 150
 105 150 8
 263 264 189
 107 189 264
 260 140 279
 21 98 62
 86 255 80
 43 140 124
 97 96 160
 156 280 170
 250 170 280
 43 279 140
 250 281 170
 131 25 132
 239 248 143
 282 251 283
 250 283 251
 44 139 88
 257 259 215
 55 157 170
 145 119 103
 254 13 284
 243 19 285
 152 285 19
 90 277 192
 286 147 272
 44 172 202
 201 202 172
 201 45 202
 265 172 113
 249 269 138
 265 138 269
 230 267 217
 207 108 84
 72 24 71
 237 185 165
 287 193 268
 36 268 193
 48 109 206
 9 163 246
 104 125 8
 126 112 115
 93 215 92
 211 92 215
 265 112 138
 101 119 130
 18 62 253
 31 273 132
 286 284 147
 250 226 281
 225 78 56
 181 134 262
 173 262 134
 101 130 190
 257 34 33
 86 218 267
 276 271 288
 191 190 130
 174 194 212
 94 212 194
 144 143 248
 282 187 275
 3 275 187
 148 289 272
 276 270 271
 35 200 198
 35 198 222
 260 279 206
 225 281 226
 74 290 288
 74 288 271
 249 68 269
 201 269 68
 286 166 185
 142 150 10
 105 10 150
 278 217 291
 216 291 217
 260 206 109
 234 205 167
 0 70 1
 181 262 17
 260 271 270
 58 155 68
 201 68 155
 234 61 205
 93 34 215
 257 215 34
 286 292 284
 74 76 290
 55 270 157
 230 217 235
 244 272 289
 234 40 252
 3 186 110
 173 167 205
 207 204 54
 234 252 210
 173 205 262
 35 224 33
 276 157 270
 236 273 293
 236 293 238
 278 235 217
 107 264 238
 239 143 285
 207 206 204
 0 192 277
 105 125 11
 59 228 227
 50 151 109
 169 122 177
 174 294 194
 63 205 61
 243 143 149
 164 246 163
 156 187 280
 282 283 187
 63 62 98
 211 210 252
 64 223 222
 82 222 198
 178 194 294
 53 102 184
 295 248 224
 286 272 166
 244 166 272
 142 10 296
 171 296 10
 195 227 226
 153 242 128
 287 297 298
 13 147 284
 9 246 85
 170 281 56
 60 261 155
 94 71 212
 295 224 223
 145 242 146
 148 146 242
 12 120 146
 6 183 65
 295 65 183
 142 296 149
 127 149 296
 240 88 139
 64 65 223
 295 223 65
 254 293 273
 29 28 32
 104 32 28
 286 185 292
 237 292 185
 53 184 20
 254 292 293
 90 177 277
 153 136 245
 171 245 136
 249 138 197
 51 197 138
 171 85 245
 287 298 299
 237 238 293
 169 252 40
 174 176 294
 116 128 103
 237 293 292
 236 238 264
 209 123 253
 3 5 275
 256 297 268
 287 268 297
 148 242 289
 126 11 125
 236 132 273
 300 214 290
 287 299 193
 208 193 299
 86 267 255
 230 255 267
 278 182 235
 239 285 258
 152 258 285
 145 146 120
 225 56 281
 74 271 151
 231 233 301
 203 175 212
 231 301 189
 263 189 301
 153 245 289
 144 248 183
 295 183 248
 213 288 290
 213 158 288
 276 288 158
 203 221 175
 206 279 204
 174 212 175
 213 290 214
 244 289 245
 254 284 292
 111 241 162
 87 162 241
 153 289 242
 209 259 123
 152 123 259
 300 290 76
 282 275 274
 83 235 182
 0 277 70
 27 73 197
 257 258 259
 243 285 143
 18 253 123
 152 259 258
 43 204 279
 187 283 280
 250 280 283
 127 296 136
 171 136 296
 249 197 73
 0
 0
 0
 0
 0
 0
 0
 0
 0
 0
 0
 0
 0
 0
 11
 26 131 263 133 176 233 221 25 175 220 301
 16
 282 30 66 240 46 196 232 45 251 5 233 117 261 139 274 247
 0
 21
 95 77 256 42 266 191 178 22 23 179 160 190 188 129 176 16 161 297 298 294 96
 6
 30 300 4 186 214 110
 0
 0
 8
 79 208 2 37 70 299 1 298
 10
 79 216 300 278 86 218 49 75 76 291
 0
 0
