317 559
1.305696 7.883720 1
1.208009 7.992225 1
1.205268 7.860732 1
0.510559 7.108503 1
0.395163 7.165545 1
0.409375 7.016966 1
0.698432 5.772837 1
0.575890 5.792314 1
0.596135 5.650707 1
0.559112 6.615945 1
0.663739 6.708256 1
0.514937 6.747599 1
0.302012 7.781382 1
0.448479 7.727332 1
0.365202 7.918355 1
0.518228 7.867599 1
1.353558 7.981986 1
0.737325 5.669270 1
0.000000 8.472222 0
0.000000 8.333333 0
0.166292 8.423943 1
0.206973 7.973966 1
0.290860 8.070413 1
0.344523 5.224209 1
0.196422 5.156919 2
0.341365 5.078186 2
1.499858 7.947772 2
1.398136 7.838314 1
0.000000 8.194445 0
0.133506 8.090914 1
0.127202 8.260216 1
0.577212 8.273679 1
0.521991 8.149955 1
0.693256 8.164474 1
0.812300 7.631135 1
0.853759 7.789952 1
0.733534 7.748320 1
0.540023 7.005441 1
0.304373 6.188498 1
0.458075 6.124873 1
0.439970 6.285912 1
0.000000 6.805555 0
0.124206 6.674959 1
0.168758 6.780949 1
0.000000 8.611111 0
0.099357 8.541667 1
0.149972 8.713051 2
0.972894 5.614025 1
0.889425 5.497691 1
1.003072 5.424653 1
0.354021 7.393651 1
0.435442 7.313666 1
0.446700 7.459182 1
0.738248 7.897949 1
0.613699 7.946341 1
0.604607 7.778429 1
0.402159 6.651262 1
0.624954 8.078673 1
0.210358 8.569089 1
0.309136 8.508445 1
0.578731 7.660341 1
0.515410 7.559653 1
0.400869 7.591715 1
0.339019 8.387820 1
0.267082 8.277399 1
0.413076 8.244780 1
1.108239 5.522227 2
0.849315 6.312347 1
0.956951 6.196434 1
0.972829 6.363189 1
0.607504 6.824253 1
0.247466 7.171700 1
0.311634 7.287780 1
0.190436 7.302215 1
1.500886 7.797293 2
0.950514 7.675474 1
0.124253 7.204134 1
0.616477 8.393044 2
0.473950 8.361743 1
0.833166 6.086993 1
0.965494 6.052625 1
1.098112 6.129204 2
0.000000 8.750000 0
0.883070 7.929007 1
0.210583 5.397940 1
0.354821 5.390138 1
0.249973 5.502886 1
0.997349 7.815324 1
1.146914 7.747867 1
1.091823 7.907299 1
1.258960 7.182138 2
1.125977 7.093374 1
1.247292 7.029595 2
1.118547 7.236432 1
1.287874 8.131318 2
0.555792 6.480118 1
0.661663 6.433148 1
0.692328 6.567451 1
0.000000 7.777778 0
0.000000 7.638889 0
0.155138 7.724136 1
0.553257 7.346814 1
0.094249 7.569445 1
0.526764 8.467170 1
0.596528 6.329490 1
0.575201 6.206668 1
0.506783 7.991428 1
0.616793 5.524652 1
0.753121 5.474871 1
0.704196 5.575406 1
0.239582 5.637921 1
0.279358 5.768495 1
0.178162 5.768868 1
0.356925 5.562954 1
0.360935 5.703599 1
0.323862 6.067037 1
0.000000 6.666667 0
1.126392 6.947610 1
0.987395 6.885596 1
1.114545 6.819599 1
1.015840 6.738435 1
0.110544 5.656777 1
0.283384 7.047626 1
0.751689 6.471792 1
0.465655 6.555604 1
0.886363 6.750875 1
0.414963 8.071552 1
0.225961 8.181989 1
1.051319 6.259661 1
1.073092 5.746907 1
0.953502 5.786160 1
0.322388 8.169227 1
0.371069 6.795438 1
1.070193 6.356997 1
1.158510 6.252482 2
1.198241 6.407594 2
0.235199 7.868153 1
1.051147 8.044083 1
1.144988 8.142914 2
0.981902 8.191603 1
1.085593 8.281207 2
0.732483 6.352259 1
0.721417 6.205487 1
0.960186 5.918945 1
1.060478 5.867939 1
1.075357 5.997949 1
0.997649 7.156612 1
0.906328 7.288684 1
0.844803 7.132699 1
0.460374 5.629442 1
0.739847 7.167933 1
0.668488 7.268610 1
0.630688 7.118028 1
0.249671 5.295481 1
1.090806 7.389845 1
1.204557 7.331199 2
1.177508 7.507638 2
0.795127 8.045098 1
0.623057 5.404192 1
0.270356 6.722905 1
0.241087 6.594317 1
0.000000 5.555555 0
0.000000 5.416667 0
0.132429 5.509089 1
0.756333 7.376606 1
0.669728 7.526626 1
0.642332 7.395194 1
0.695885 8.017605 1
0.840212 6.200315 1
0.832334 8.181274 1
0.866699 8.310026 2
0.532266 7.220194 1
0.563854 7.457312 1
0.000000 7.361111 0
0.081500 7.298603 1
0.115371 7.430360 1
0.759355 5.356022 1
1.390459 7.691524 2
0.844892 5.723430 1
0.208464 7.574777 1
0.250566 7.417533 1
0.323471 7.516419 1
0.362887 6.551648 1
0.814496 7.491768 1
0.000000 6.250000 0
0.000000 6.111111 0
0.144028 6.180555 1
1.106314 5.636593 2
0.821548 5.858727 1
0.000000 7.500000 0
0.492459 5.721128 1
0.495417 5.508823 1
0.481959 6.387649 1
0.311214 6.299680 1
0.113225 6.883154 1
0.000000 5.972222 0
0.116808 5.897958 1
0.111832 6.061011 1
0.823822 5.596280 1
0.000000 7.083333 0
0.141202 7.079720 1
0.390550 8.588207 1
0.499662 8.572626 2
0.435687 8.704444 2
0.498943 5.377163 1
0.790186 7.268943 1
0.303171 7.658401 1
0.000000 7.222222 0
0.420228 6.023907 1
0.755263 5.973875 1
0.867131 5.978233 1
0.000000 8.055555 0
0.957793 6.520961 1
1.070850 6.471199 1
0.717251 6.064655 1
0.105653 5.389453 1
1.266389 7.642892 2
1.155098 7.636156 1
0.984513 8.316355 2
0.929986 7.017158 1
0.862778 6.878037 1
0.804398 6.970953 1
0.115023 7.874085 1
0.441826 5.283202 1
0.733248 8.305851 2
0.462606 5.832233 1
0.344942 5.846585 1
0.996799 7.950277 1
1.333971 6.646914 2
1.205009 6.635832 1
1.276242 6.520332 2
0.478251 5.133544 2
0.556224 5.274645 1
0.930958 7.556477 1
0.664117 6.992033 1
0.692460 6.894339 1
0.768840 6.814992 1
0.799684 6.671224 1
0.323504 6.922027 1
0.479855 6.892079 1
0.736771 7.076329 1
1.040813 7.011794 1
0.955230 5.303747 1
0.838786 5.261732 1
0.989375 5.185784 2
0.000000 5.694445 0
0.869467 5.131529 2
0.671950 5.881313 1
0.299041 8.656504 1
0.293526 8.784400 2
0.220288 5.997429 1
0.920541 7.459746 1
1.136453 5.394846 2
1.065321 5.294051 2
1.021153 7.292825 1
0.718892 5.204931 2
0.661354 5.299221 1
0.589610 5.172690 2
0.683349 7.644981 1
1.288095 7.776429 1
0.849335 6.431480 1
1.429399 8.087277 3
0.831033 6.551325 1
1.236438 6.883706 2
0.605128 6.093863 1
0.000000 7.916667 0
1.164663 6.531327 1
0.138369 5.285372 1
0.352246 6.389323 1
0.000000 5.138889 0
0.106432 5.066491 2
0.085142 5.194705 1
0.114363 6.303110 1
0.215323 6.379928 1
0.286639 6.485198 1
0.145565 6.498655 1
0.000000 6.527778 0
0.101550 6.405153 1
0.201777 6.955204 1
0.241448 6.843279 1
1.147493 5.921739 2
0.000000 6.388889 0
0.220797 6.099459 1
0.217860 6.270355 1
0.000000 5.000000 0
0.519351 6.007927 1
1.071071 6.610753 1
1.128930 6.714970 1
0.000000 5.277778 0
0.923397 8.056890 1
0.084081 6.578643 1
0.546788 5.903909 1
0.424369 5.926633 1
0.000000 5.833333 0
1.049190 7.700259 1
0.935367 6.645044 1
0.418895 6.471860 1
0.000000 6.944445 0
1.210548 6.020026 2
0.093535 6.987447 1
1.226046 6.755610 2
0.866498 5.386453 1
0.636902 8.530614 2
0.075243 5.763889 1
1.031805 7.484908 1
1.056095 7.595831 1
0.418376 8.475342 1
0.981706 7.387838 1
0.857799 7.383876 1
0.092829 7.983811 1
0.575413 6.917888 1
0.320373 5.961413 1
0.243322 5.873458 1
1.189196 5.700500 2
1.164038 5.815179 2
1.171018 5.288370 3
0.633783 5.986217 1
 0 1 2
 3 4 5
 6 7 8
 9 10 11
 12 13 14
 15 14 13
 16 1 0
 6 8 17
 18 19 20
 21 14 22
 23 24 25
 26 16 27
 28 29 30
 31 32 33
 34 35 36
 3 5 37
 38 39 40
 41 42 43
 44 45 46
 47 48 49
 50 51 52
 53 54 55
 9 11 56
 57 33 32
 58 20 59
 60 13 61
 62 61 13
 63 59 20
 63 64 65
 47 49 66
 67 68 69
 70 11 10
 71 72 73
 26 27 74
 34 75 35
 71 73 76
 31 77 78
 79 80 68
 81 68 80
 82 44 46
 53 35 83
 84 85 86
 87 88 89
 2 89 88
 90 91 92
 90 93 91
 94 1 16
 95 96 97
 53 55 36
 98 99 100
 51 101 52
 99 102 100
 103 78 77
 104 40 105
 57 32 106
 53 36 35
 107 108 109
 110 111 112
 110 113 114
 38 115 39
 50 72 51
 41 116 42
 117 118 119
 120 119 118
 110 112 121
 5 4 122
 123 97 96
 9 56 124
 85 113 86
 120 118 125
 126 22 14
 127 30 29
 68 128 69
 47 129 130
 65 64 131
 132 56 11
 9 95 97
 58 46 45
 58 45 20
 133 134 135
 21 136 14
 137 138 139
 140 139 138
 67 141 142
 143 144 145
 146 147 148
 114 113 149
 150 151 152
 18 20 45
 19 30 20
 23 153 24
 154 155 156
 53 83 157
 143 145 80
 23 85 153
 84 153 85
 158 108 107
 87 83 35
 132 159 56
 160 56 159
 161 162 163
 164 165 166
 157 33 167
 71 122 4
 67 142 168
 169 139 170
 151 171 152
 60 61 165
 172 165 61
 173 174 175
 126 106 32
 176 108 158
 27 177 74
 47 130 178
 179 175 180
 63 20 64
 179 180 181
 160 182 56
 164 183 165
 179 100 102
 184 185 186
 47 187 129
 6 178 188
 189 173 175
 190 8 7
 31 65 32
 31 78 65
 191 113 85
 126 32 65
 104 192 40
 63 65 78
 38 40 193
 41 43 194
 81 128 68
 195 196 197
 47 178 198
 199 200 76
 201 202 203
 191 85 204
 47 198 48
 147 205 148
 12 100 206
 179 206 100
 207 199 76
 208 39 115
 126 65 131
 79 209 210
 15 55 54
 28 211 29
 212 69 213
 169 33 157
 79 214 209
 162 215 163
 161 163 121
 216 217 156
 139 218 170
 90 155 93
 57 167 33
 118 219 220
 221 220 219
 98 100 222
 23 223 85
 31 33 224
 79 68 168
 67 168 68
 40 39 105
 172 52 101
 117 92 91
 190 225 114
 226 114 225
 60 55 13
 87 227 83
 228 229 230
 23 231 223
 232 223 231
 34 183 233
 146 91 93
 221 234 235
 70 10 236
 237 236 10
 5 238 239
 132 239 238
 15 13 55
 221 240 234
 73 175 174
 6 17 178
 164 151 205
 150 205 151
 117 241 118
 137 1 138
 221 219 148
 242 243 244
 104 142 141
 23 25 231
 245 161 121
 31 224 77
 246 244 243
 12 136 100
 6 188 247
 12 206 13
 62 13 206
 58 248 46
 249 46 248
 250 197 196
 87 35 75
 21 22 29
 127 29 22
 251 233 183
 191 204 158
 172 166 165
 127 131 64
 221 148 240
 237 125 236
 252 49 253
 242 253 49
 137 89 1
 146 254 147
 255 256 257
 43 42 159
 160 159 42
 34 36 258
 216 259 88
 2 88 259
 67 260 141
 123 141 260
 51 72 4
 169 170 224
 94 16 261
 176 255 243
 246 243 255
 123 262 97
 117 263 92
 109 17 8
 143 188 130
 178 130 188
 176 158 256
 26 261 16
 79 142 214
 264 214 142
 94 138 1
 265 98 222
 209 247 188
 79 168 142
 266 230 229
 264 142 105
 104 105 142
 34 258 165
 221 235 236
 132 11 239
 232 257 256
 24 153 267
 232 231 257
 34 165 183
 169 224 33
 118 220 125
 81 134 128
 232 256 158
 40 192 268
 60 165 258
 269 270 271
 146 93 254
 184 186 272
 221 236 220
 176 256 255
 273 274 275
 160 275 274
 276 277 275
 278 194 279
 133 213 69
 191 158 107
 146 241 91
 19 28 30
 232 158 204
 110 114 111
 100 136 222
 212 260 69
 280 145 144
 70 236 235
 2 1 89
 71 76 200
 12 14 136
 154 93 155
 70 239 11
 276 281 277
 73 72 180
 185 197 186
 146 219 241
 186 282 38
 283 186 38
 269 284 270
 208 285 39
 264 39 285
 234 152 37
 3 37 152
 43 279 194
 57 106 54
 266 229 286
 110 121 163
 15 106 14
 126 14 106
 286 229 287
 71 4 72
 50 180 72
 164 166 151
 162 288 215
 249 248 203
 201 203 248
 288 267 215
 133 69 128
 83 289 157
 51 4 171
 3 171 4
 79 210 80
 143 80 210
 237 97 262
 48 198 108
 169 289 139
 160 290 275
 281 184 272
 24 271 270
 154 254 93
 58 59 248
 201 248 59
 169 157 289
 291 285 292
 150 148 205
 195 293 196
 87 89 227
 185 195 197
 3 152 171
 216 88 217
 278 122 200
 71 200 122
 87 294 88
 133 135 213
 266 213 135
 81 80 145
 237 295 125
 60 258 55
 36 55 258
 296 268 192
 5 239 37
 137 139 289
 191 149 113
 27 16 0
 123 260 262
 109 108 198
 104 95 192
 178 17 198
 83 227 289
 242 244 253
 140 218 139
 160 42 290
 40 268 193
 160 274 182
 296 95 124
 9 124 95
 84 163 215
 20 30 64
 127 64 30
 237 262 295
 27 259 177
 216 177 259
 297 41 194
 179 102 175
 189 175 102
 280 298 145
 81 145 298
 146 148 219
 118 241 219
 291 292 225
 199 299 200
 117 119 263
 300 263 119
 209 188 210
 242 49 301
 48 301 49
 264 105 39
 34 233 75
 137 289 227
 103 77 302
 199 297 299
 252 66 49
 62 181 52
 126 131 22
 212 213 286
 266 286 213
 44 18 45
 103 302 202
 112 196 303
 293 303 196
 154 156 304
 305 304 156
 47 66 187
 273 275 277
 296 192 95
 104 96 95
 190 149 8
 191 8 149
 73 180 175
 190 114 149
 179 181 206
 62 206 181
 53 157 167
 50 52 181
 103 306 78
 63 78 306
 276 275 290
 147 307 308
 9 97 10
 237 10 97
 99 189 102
 117 91 241
 133 128 134
 265 222 309
 21 309 222
 70 310 239
 211 265 309
 226 111 114
 150 240 148
 305 156 217
 250 311 115
 211 309 29
 109 198 17
 110 163 86
 212 286 295
 120 295 286
 84 86 163
 21 29 309
 236 125 220
 278 200 299
 281 272 277
 176 301 108
 48 108 301
 300 229 228
 250 196 312
 112 312 196
 84 267 153
 250 115 282
 266 135 230
 116 276 290
 120 125 295
 288 269 271
 129 313 314
 208 292 285
 67 69 260
 288 271 267
 137 227 89
 84 215 267
 143 210 188
 50 181 180
 173 207 174
 273 268 274
 305 75 233
 110 86 113
 21 222 136
 293 245 303
 62 52 61
 24 267 271
 252 253 315
 190 7 225
 291 225 7
 38 193 283
 251 308 307
 300 119 287
 120 287 119
 212 262 260
 87 75 294
 201 306 202
 147 254 307
 232 204 223
 164 205 308
 147 308 205
 305 294 75
 191 107 8
 120 286 287
 226 311 312
 212 295 262
 112 303 121
 245 121 303
 85 223 204
 296 274 268
 129 187 313
 103 202 306
 15 54 106
 273 277 272
 250 312 311
 296 182 274
 172 61 52
 273 193 268
 273 272 283
 278 279 238
 278 238 122
 5 122 238
 226 312 111
 234 240 152
 164 308 183
 251 183 308
 116 290 42
 273 283 193
 112 111 312
 305 217 294
 88 294 217
 186 197 282
 250 282 197
 127 22 131
 186 283 272
 27 0 259
 2 259 0
 201 59 306
 209 214 316
 264 316 214
 278 299 194
 109 8 107
 207 76 174
 176 243 301
 242 301 243
 53 167 54
 63 306 59
 57 54 167
 43 159 279
 132 279 159
 73 174 76
 305 233 304
 297 194 299
 208 115 311
 251 304 233
 150 152 240
 104 141 96
 123 96 141
 234 310 235
 70 235 310
 143 130 144
 129 144 130
 296 124 182
 56 182 124
 51 171 101
 151 101 171
 234 37 310
 239 310 37
 226 292 311
 208 311 292
 38 282 115
 209 316 247
 291 247 316
 300 287 229
 226 225 292
 291 316 285
 264 285 316
 154 307 254
 154 304 307
 251 307 304
 291 7 247
 6 247 7
 280 144 314
 129 314 144
 132 238 279
 151 166 101
 172 101 166
 0
 0
 10
 246 24 231 255 25 253 244 270 257 315
 0
 0
 0
 0
 0
 0
 13
 94 249 140 224 46 138 203 261 170 77 302 218 202
 0
 24
 81 216 90 252 26 300 280 92 134 228 135 261 298 177 156 66 155 263 187 230 74 313 315 314
 0
 0
 0
 0
 0
 0
 0
 0
 0
 0
 0
 0
 0
