1041 1955
2.317473 7.078120 1
2.417764 7.184912 1
2.250142 7.195615 1
2.313748 7.309247 1
2.457381 7.696479 1
2.330687 7.682017 1
2.433056 7.563674 1
0.804761 8.931736 1
0.883450 9.033758 1
0.731714 9.012262 1
2.215323 8.693197 1
2.352635 8.589117 1
2.338058 8.714190 1
3.044516 8.797724 1
2.927110 8.801484 1
2.978158 8.659540 1
2.395749 6.336443 1
2.472568 6.425853 1
2.316118 6.431808 1
0.813117 9.117463 1
1.470755 6.498024 1
1.542161 6.396385 1
1.577821 6.558721 1
3.125738 8.723030 1
1.659293 6.444950 2
2.381827 6.524349 1
1.305696 7.883720 1
1.208009 7.992225 1
1.205268 7.860732 1
2.534269 7.374473 1
2.443488 7.311311 1
2.579876 7.256678 1
2.255517 8.547160 1
2.511587 9.677944 1
2.365838 9.722083 1
2.355013 9.581230 1
3.421979 7.817657 1
3.556786 7.772664 2
3.511250 7.910295 2
0.586217 8.671837 1
0.717139 8.653090 1
0.688054 8.781419 1
2.282214 7.583952 1
2.815677 6.244118 1
2.974875 6.266385 1
2.871979 6.348311 1
2.938483 6.124635 2
0.510559 7.108503 1
0.395163 7.165545 1
0.409375 7.016966 1
2.203551 6.985586 1
2.338772 6.935942 1
2.464019 7.022563 1
2.389450 8.917956 1
2.507951 8.842249 1
2.535382 9.000408 1
1.556666 6.985476 1
1.596790 6.824622 1
1.680047 6.992041 1
1.753950 6.896599 1
3.734205 8.298347 1
3.843518 8.238039 2
3.843820 8.384261 2
0.600051 9.442334 1
0.625002 9.593052 1
0.495180 9.502041 1
2.305840 7.476904 1
2.232544 9.342650 1
2.231482 9.477139 1
2.118436 9.423791 1
1.321293 6.079159 1
1.365815 5.952167 2
1.443898 6.091654 2
0.559112 6.615945 1
0.663739 6.708256 1
0.514937 6.747599 1
2.107061 8.657786 1
2.156330 8.559928 1
0.302012 7.781382 1
0.448479 7.727332 1
0.365202 7.918355 1
0.518228 7.867599 1
2.615458 6.362182 1
2.774981 6.409706 1
2.621361 6.497158 1
1.786778 7.275660 1
1.840102 7.137749 1
1.913435 7.227174 1
0.441684 9.357429 1
0.279594 9.434204 1
0.296961 9.314909 1
2.988788 8.221578 1
2.848468 8.223381 1
2.938308 8.067600 1
3.081775 8.353309 1
2.937531 8.385432 1
2.634778 9.100739 1
2.751874 9.095387 1
2.661494 9.223904 1
3.611111 10.000000 0
3.472222 10.000000 0
3.516792 9.854188 2
2.809457 9.542949 1
2.863925 9.418609 1
2.953662 9.542715 1
2.088911 6.516935 2
2.178055 6.622899 1
2.038125 6.684228 1
2.807078 9.202169 1
0.376853 9.485054 1
0.858725 8.722531 1
1.021079 8.803075 1
0.926489 8.895859 1
1.353558 7.981986 1
0.722314 9.520363 1
2.456092 9.784729 1
1.666667 10.000000 0
1.527778 10.000000 0
1.576167 9.835144 1
0.000000 8.472222 0
0.000000 8.333333 0
0.166292 8.423943 1
0.206973 7.973966 1
0.290860 8.070413 1
2.601451 8.230957 1
2.705326 8.289047 1
2.563487 8.380516 1
3.099504 7.861408 1
3.087139 7.754130 1
3.246407 7.816896 1
3.455959 8.054653 1
3.603015 8.014289 2
3.522590 8.166489 1
2.826501 8.085840 1
3.357792 9.078940 1
3.207491 9.144413 1
3.270567 9.026120 1
2.580719 9.428445 1
2.584457 9.302958 1
2.726588 9.342508 1
2.418204 7.433827 1
2.583979 7.497101 1
2.759440 7.514537 1
2.666480 7.624243 1
3.600476 8.706468 1
3.692692 8.572439 1
3.757893 8.727348 1
1.499858 7.947772 1
1.398136 7.838314 1
1.805556 10.000000 0
1.737316 9.870559 1
1.903461 9.864985 1
0.000000 8.194445 0
0.133506 8.090914 1
0.127202 8.260216 1
1.674321 7.205916 1
1.508334 8.189949 1
1.644398 8.157336 1
1.585124 8.273692 1
1.707647 8.287313 1
3.167779 7.683233 1
1.970951 8.965046 1
1.824499 9.015575 1
1.870443 8.844454 1
1.761035 8.899155 1
2.824404 7.342330 1
2.669007 7.374741 1
1.085593 8.281207 1
1.211066 8.256941 1
1.196026 8.392241 1
0.577212 8.273679 1
0.521991 8.149955 1
0.693256 8.164474 1
2.339659 9.421269 1
0.812300 7.631135 1
0.853759 7.789952 1
0.733534 7.748320 1
0.540023 7.005441 1
3.350409 9.182704 1
2.908478 7.476202 1
0.304373 6.188498 1
0.458075 6.124873 1
0.439970 6.285912 1
2.610155 8.909194 1
3.841172 8.600904 1
3.907595 8.740753 1
3.835572 8.882611 1
2.684485 8.547401 1
2.845678 8.557736 1
2.742036 8.654783 1
0.000000 6.805555 0
0.124206 6.674959 1
0.168758 6.780949 1
1.388889 10.000000 0
1.286949 9.850028 1
1.458333 9.900642 1
0.000000 8.611111 0
0.099357 8.541667 1
0.149972 8.713051 1
2.753611 9.666281 1
2.642692 9.569966 1
0.354021 7.393651 1
0.435442 7.313666 1
0.446700 7.459182 1
2.685320 8.413293 1
0.000000 9.166667 0
0.123921 9.056075 1
0.118748 9.221499 1
0.833333 10.000000 0
0.771428 9.881005 1
0.952749 9.878537 1
3.245531 7.230278 2
3.155838 7.313945 1
3.091022 7.181091 1
1.954613 6.582535 2
3.426557 8.510435 1
3.487289 8.414026 1
3.542542 8.558068 1
3.612251 8.459483 1
3.131414 6.406967 1
2.996739 6.405838 1
3.095015 6.292739 1
0.738248 7.897949 1
0.613699 7.946341 1
0.604607 7.778429 1
0.511959 9.611855 1
0.402159 6.651262 1
2.952770 7.357646 1
3.067519 7.422348 1
2.796300 8.460410 1
2.210943 7.419106 1
0.803698 9.649410 1
0.678018 9.708518 1
3.030931 7.537596 1
3.045278 7.292064 1
0.624954 8.078673 1
3.215754 9.288006 1
3.364952 9.339704 1
3.637452 8.120075 2
0.210358 8.569089 1
0.309136 8.508445 1
0.578731 7.660341 1
0.515410 7.559653 1
2.523983 9.183787 1
1.616130 9.365771 1
1.769831 9.294094 1
1.730980 9.435247 1
0.261602 9.600441 1
3.714597 9.291065 1
3.848248 9.314283 2
3.702993 9.434791 1
3.857107 9.455001 2
0.400869 7.591715 1
3.301613 6.552069 2
3.350997 6.695115 2
3.199978 6.629252 1
1.551207 7.285677 1
1.564610 7.186412 1
2.799217 7.693826 1
2.923133 7.614957 1
1.590732 7.730081 1
1.716652 7.782197 1
1.610746 7.862753 1
0.339019 8.387820 1
1.189201 8.795759 1
1.113182 8.680849 1
0.758679 8.431259 1
0.733248 8.305851 1
0.866699 8.310026 1
0.267082 8.277399 1
0.413076 8.244780 1
1.696259 8.602985 1
1.803862 8.695800 1
1.657487 8.728475 1
2.638889 10.000000 0
2.500000 10.000000 0
2.564223 9.843437 1
1.494142 8.765318 1
1.645896 8.843415 1
1.564363 8.918695 1
2.808614 7.168708 1
2.942381 7.236932 1
1.904055 7.879086 1
1.837587 7.992599 1
1.796929 7.883687 1
1.317680 8.269543 1
1.451239 8.326179 1
1.309117 8.378160 1
3.441815 8.638124 1
1.066928 8.429412 1
2.449164 9.443862 1
2.740520 6.528897 1
1.630993 7.365955 1
1.716988 6.784972 1
0.849315 6.312347 1
0.956951 6.196434 1
0.972829 6.363189 1
3.484770 8.751163 1
1.961229 7.996693 1
0.191461 9.510171 1
1.398905 8.200853 1
0.607504 6.824253 1
1.103121 8.910573 1
3.326754 8.652893 1
3.258701 8.765776 1
3.199464 8.588102 1
1.767289 8.201658 1
0.247466 7.171700 1
0.311634 7.287780 1
0.190436 7.302215 1
2.149197 6.750058 1
1.500886 7.797293 1
0.950514 7.675474 1
3.039750 9.448254 1
2.654395 8.768534 1
2.535372 8.717549 1
2.466010 8.508545 1
2.438167 8.359035 1
1.592797 9.097786 1
1.669018 9.221201 1
1.548165 9.241406 1
0.124253 7.204134 1
3.667729 8.858192 1
0.616477 8.393044 1
0.473950 8.361743 1
0.833166 6.086993 1
0.965494 6.052625 1
1.098112 6.129204 1
0.795406 8.565123 1
0.908448 8.586155 1
0.411077 9.591169 1
3.031659 8.517939 1
1.250000 10.000000 0
0.000000 8.750000 0
0.883070 7.929007 1
0.997349 7.815324 1
1.146914 7.747867 1
1.091823 7.907299 1
1.258960 7.182138 1
1.125977 7.093374 1
1.247292 7.029595 1
0.546415 8.787341 1
0.990099 8.657994 1
2.703299 9.902945 1
1.687510 7.652841 1
0.142591 9.655199 1
0.283525 9.728330 1
3.131418 8.196046 1
1.464331 9.149743 1
2.318282 8.054093 1
2.336846 7.907362 1
2.449202 7.997257 1
1.402143 8.440618 1
0.196901 9.803100 1
1.965205 8.701877 1
1.431722 9.788975 1
1.492050 9.689928 1
3.313665 6.154677 3
3.351527 6.339208 2
3.222589 6.303521 1
1.728744 8.439555 1
1.596820 8.391994 1
1.118547 7.236432 1
1.287874 8.131318 1
2.307197 8.331261 1
2.310130 8.199123 1
2.416319 8.226562 1
0.864869 8.475965 1
0.555792 6.480118 1
0.661663 6.433148 1
0.692328 6.567451 1
3.063891 7.641549 1
1.561748 8.649764 1
2.198971 7.963866 1
1.608491 9.667698 1
0.000000 7.777778 0
0.000000 7.638889 0
0.155138 7.724136 1
0.553257 7.346814 1
0.094249 7.569445 1
2.881615 9.660957 1
2.809819 8.748355 1
2.774133 8.871576 1
2.906578 8.940297 1
0.526764 8.467170 1
1.730406 7.084311 1
0.596528 6.329490 1
0.575201 6.206668 1
3.173663 6.202900 2
2.944302 7.070577 1
2.884941 6.941597 1
3.017774 6.951748 1
2.956478 6.808999 1
0.293526 8.784400 1
0.441780 8.860373 1
0.333250 8.930343 1
1.181810 8.551363 1
1.220491 8.689522 1
2.207673 8.252357 1
2.991874 7.710558 1
1.596348 8.519858 1
2.507870 9.539163 1
1.463800 6.891809 1
3.474867 9.459817 1
3.348336 9.496619 1
3.496610 9.345310 1
2.521891 6.696742 1
2.417243 6.654553 1
2.566158 6.600378 1
2.705582 9.795480 1
2.643671 9.691219 1
1.544884 8.074590 1
2.218618 9.697988 1
2.203887 9.583989 1
2.477557 6.542108 1
1.334896 9.444846 1
1.348866 9.335640 1
1.469599 9.466022 1
2.222222 10.000000 0
2.083333 10.000000 0
2.155257 9.869110 1
0.506783 7.991428 1
1.497565 9.348309 1
1.071089 8.570249 1
3.463461 9.594523 1
3.323871 9.619709 1
3.404548 9.731742 1
0.239582 5.637921 2
0.279358 5.768495 1
0.178162 5.768868 1
4.083990 8.923274 2
3.944699 8.990733 2
3.989815 8.849579 1
2.388564 9.077755 1
0.323862 6.067037 1
1.684391 8.982583 1
0.000000 6.666667 0
2.793774 7.994339 1
2.686939 7.956045 1
2.792672 7.848142 1
1.126392 6.947610 1
0.987395 6.885596 1
1.114545 6.819599 1
1.015840 6.738435 1
0.110544 5.656777 1
0.283384 7.047626 1
1.346684 6.950495 1
1.439220 7.024059 1
1.345919 7.083216 1
3.162837 7.963872 1
3.224849 6.748847 1
2.688408 6.845854 1
2.552580 6.887485 1
2.618056 6.741405 1
3.595502 9.551279 1
3.532054 9.698666 1
1.361718 8.903855 1
1.337824 8.769677 1
1.458961 8.869428 1
2.930575 9.774561 1
3.023593 9.671023 1
3.057844 9.830734 1
2.740686 8.172968 1
0.751689 6.471792 1
0.465655 6.555604 1
0.886363 6.750875 1
0.414963 8.071552 1
2.023131 9.905187 1
0.356034 9.675016 1
1.802797 9.755301 1
0.225961 8.181989 1
0.211318 9.131266 1
0.294735 9.054495 1
0.369858 9.189230 1
2.416075 8.773869 1
2.439552 8.650907 1
1.051319 6.259661 1
3.181200 9.641978 1
3.292801 9.734212 1
3.139652 9.752715 1
1.266389 7.642892 1
1.177508 7.507638 1
1.326424 7.547935 1
2.344554 8.463660 1
1.908202 7.358087 1
2.862174 6.578849 1
2.968595 6.656877 1
2.851676 6.706321 1
2.138381 9.518966 1
2.699648 8.977465 1
3.649877 9.659216 1
0.529079 9.213453 1
1.210548 6.020026 1
0.322388 8.169227 1
0.983326 8.514839 1
0.371069 6.795438 1
2.929271 8.493922 1
3.358270 9.867215 1
3.282170 7.982706 1
0.864530 9.786017 1
1.283737 7.430814 1
1.204557 7.331199 1
0.435687 8.704444 1
2.035455 7.380548 1
2.150744 7.318586 1
2.112930 7.459446 1
2.586080 7.112348 1
2.626130 8.127058 1
1.070193 6.356997 1
1.158510 6.252482 1
1.198241 6.407594 1
1.288719 6.310036 1
0.235199 7.868153 1
2.983458 9.338620 1
1.051147 8.044083 1
1.144988 8.142914 1
0.981902 8.191603 1
0.732483 6.352259 1
0.721417 6.205487 1
2.891120 7.950875 1
2.079071 7.912491 1
2.120774 7.803924 1
2.261610 7.806186 1
2.006415 7.842937 1
0.960186 5.918945 1
1.060478 5.867939 2
1.075357 5.997949 1
0.997649 7.156612 1
0.906328 7.288684 1
0.844803 7.132699 1
3.537035 9.225267 1
3.434815 9.243501 1
3.455557 9.105533 1
3.018186 7.962210 1
3.026406 8.119363 1
1.390459 7.691524 1
1.501852 7.678027 1
0.694444 10.000000 0
0.555556 10.000000 0
0.632514 9.850994 1
0.000000 9.444445 0
0.000000 9.305555 0
0.147830 9.363488 1
0.739847 7.167933 1
0.668488 7.268610 1
0.630688 7.118028 1
0.714316 9.402905 1
1.090806 7.389845 1
0.795127 8.045098 1
2.177634 8.374730 1
3.333333 10.000000 0
3.277380 6.882189 1
3.118363 6.849500 1
3.163727 6.971000 1
0.229289 9.240767 1
1.247027 9.296149 1
1.236969 9.439577 1
1.371875 6.417456 1
1.438828 6.301654 1
2.020253 7.267929 1
2.363943 6.802744 1
2.245891 6.841384 1
1.445282 9.003757 1
3.532003 8.938999 1
3.589677 9.086582 1
0.191008 8.946526 1
0.270356 6.722905 1
0.241087 6.594317 1
2.897183 9.084881 1
3.007979 9.034867 1
3.109078 8.066141 1
1.838712 9.384990 1
1.918479 9.271042 1
1.973748 9.426676 1
2.070018 9.313602 1
2.437755 6.885254 1
0.712002 9.129732 1
0.756333 7.376606 1
0.669728 7.526626 1
0.642332 7.395194 1
0.695885 8.017605 1
0.840212 6.200315 1
0.832334 8.181274 1
3.219912 7.099728 1
1.894796 8.283788 1
1.796368 8.333261 1
0.532266 7.220194 1
0.563854 7.457312 1
1.944062 6.806640 1
2.054027 6.924795 1
1.886681 6.919601 1
1.946103 7.028942 1
2.860039 9.305372 1
0.000000 7.361111 0
0.081500 7.298603 1
0.115371 7.430360 1
2.709552 9.461353 1
2.574666 7.007318 1
0.636902 8.530614 1
0.817945 9.228610 1
0.705682 9.281222 1
0.208464 7.574777 1
0.250566 7.417533 1
1.687356 9.755663 1
2.126284 8.081773 1
2.057845 8.012397 1
2.556417 7.605742 1
0.323471 7.516419 1
0.487094 9.909638 1
0.086995 9.513889 1
0.362887 6.551648 1
0.814496 7.491768 1
0.000000 6.250000 0
0.000000 6.111111 0
0.144028 6.180555 1
1.818970 9.167747 1
1.952648 9.115278 1
1.212820 9.693766 1
1.355126 9.675912 1
0.698432 5.772837 2
0.844892 5.723430 2
0.821548 5.858727 1
4.001079 8.619575 2
1.241030 6.163182 1
1.368997 6.188184 1
0.000000 7.500000 0
0.830477 9.369934 1
0.838538 9.499920 1
2.440898 7.840679 1
2.551204 7.791159 1
2.592933 7.696841 1
0.493726 8.971506 1
0.404042 9.048648 1
3.815947 9.000827 1
3.019313 8.927312 1
3.172261 8.877253 1
3.142503 9.012094 1
2.651590 6.943803 1
2.794759 8.349617 1
3.081839 7.047856 1
2.493084 6.794065 1
0.000000 9.722222 0
0.000000 9.583333 0
0.416667 10.000000 0
0.277778 10.000000 0
0.347068 9.865978 1
3.754241 9.597116 2
0.481959 6.387649 1
1.592284 6.279613 2
0.311214 6.299680 1
0.113225 6.883154 1
3.055556 10.000000 0
2.958133 9.896220 1
3.209192 8.323812 1
3.142920 8.472559 1
3.251038 8.433955 1
3.384366 7.927693 1
3.338727 8.074183 1
0.000000 5.972222 0
0.116808 5.897958 1
0.111832 6.061011 1
0.000000 7.083333 0
0.141202 7.079720 1
0.804992 8.836111 1
0.390550 8.588207 1
0.499662 8.572626 1
1.364042 6.804653 1
1.751417 7.973350 1
2.660093 7.848749 1
0.790186 7.268943 1
2.213852 8.122400 1
0.303171 7.658401 1
2.510188 6.287699 2
2.660096 6.213124 2
3.640723 8.979976 1
1.154797 9.368364 1
0.000000 7.222222 0
0.420228 6.023907 1
2.811066 8.983169 1
0.755263 5.973875 1
0.867131 5.978233 1
1.944444 10.000000 0
0.000000 8.055555 0
2.084858 8.479953 1
2.011927 8.365358 1
2.078767 7.666364 1
2.034003 7.560336 1
2.176873 7.551620 1
1.490665 6.790922 1
0.598355 8.906145 1
3.081324 9.268017 1
3.041671 9.147126 1
0.957793 6.520961 1
1.070850 6.471199 1
1.860916 8.142054 1
2.010645 8.122132 1
2.029161 9.791840 1
0.717251 6.064655 1
1.497397 8.567036 1
2.864630 8.666462 1
3.269875 8.919956 1
0.000000 5.555555 0
0.132429 5.509089 2
1.155098 7.636156 1
3.064626 6.488285 1
2.142537 6.862159 1
0.984513 8.316355 1
2.076327 7.058541 1
1.762708 6.517904 2
1.701525 6.607427 1
1.030836 9.115532 1
1.126290 9.230981 1
1.010762 9.226134 1
0.929986 7.017158 1
0.862778 6.878037 1
0.804398 6.970953 1
0.115023 7.874085 1
3.349836 7.708594 1
2.190225 7.101747 1
2.578987 8.492351 1
1.495888 6.199917 1
0.972222 10.000000 0
0.000000 9.027778 0
2.055979 8.579137 1
2.811126 6.830569 1
3.715698 8.424626 1
0.344942 5.846585 1
0.360935 5.703599 2
0.462606 5.832233 2
2.559854 7.907807 1
2.580730 8.027303 1
2.019666 8.846539 1
3.722469 9.726491 2
3.263058 7.656786 1
0.996799 7.950277 1
2.508919 8.137167 1
0.492241 9.801861 1
1.333971 6.646914 1
1.205009 6.635832 1
1.276242 6.520332 1
2.074688 8.746455 1
0.930958 7.556477 1
2.018899 9.223706 1
1.004662 8.995338 1
2.181320 6.395429 1
2.078305 6.379520 2
1.463472 7.365602 1
1.532278 7.479693 1
1.878052 8.432953 1
1.824728 8.560706 1
0.664117 6.992033 1
0.692460 6.894339 1
0.768840 6.814992 1
0.799684 6.671224 1
0.323504 6.922027 1
0.479855 6.892079 1
1.973966 7.465500 1
1.747745 8.802259 1
0.736771 7.076329 1
1.155032 9.125547 1
1.040813 7.011794 1
1.383168 6.525343 1
1.478751 6.592216 1
1.444627 6.706367 1
2.916667 10.000000 0
2.777778 10.000000 0
2.830021 9.875804 1
3.155647 9.894982 1
2.060019 6.808969 1
1.623189 9.519094 1
0.964521 9.713545 1
0.954280 9.592237 1
2.717383 6.311791 1
1.942917 9.574646 1
2.075941 9.644622 1
1.928411 9.705174 1
2.796990 6.126307 2
0.000000 5.694445 0
2.359423 7.771815 1
2.772497 6.631569 1
1.263118 8.884799 1
3.345575 8.847124 1
1.675653 7.515348 1
1.761743 7.409687 1
1.793636 7.572269 1
1.862727 7.473275 1
2.197724 9.016069 1
2.107676 8.934102 1
2.247982 8.912095 1
2.158822 8.828609 1
2.209255 7.681920 1
0.671950 5.881313 1
3.312670 8.536125 1
0.299041 8.656504 1
1.334587 7.310613 1
2.269654 6.706133 1
0.220288 5.997429 1
3.555865 8.817285 1
2.503778 8.272970 1
3.734553 8.954844 1
1.058497 9.815688 1
3.394715 8.972930 1
2.106870 8.283138 1
0.920541 7.459746 1
2.412495 9.230323 1
2.304126 9.214216 1
0.930620 9.294585 1
0.973801 9.436555 1
1.054995 9.315080 1
3.096404 9.548437 1
3.224978 9.529265 1
3.090335 6.712043 1
1.396366 7.460019 1
1.976478 7.746914 1
1.205404 8.976017 1
2.709536 7.054564 1
2.821318 7.035058 1
0.633174 9.197259 1
0.592068 9.076138 1
1.021153 7.292825 1
2.228667 8.455847 1
3.414002 6.824035 2
3.397062 6.972573 2
0.564581 9.714310 1
2.911109 7.846158 1
0.683349 7.644981 1
1.288095 7.776429 1
0.849335 6.431480 1
3.608349 9.325408 1
0.213930 8.846450 1
3.505209 8.273164 1
3.356488 8.323774 1
3.612837 9.785014 2
1.590164 6.121782 2
2.686038 7.749208 1
1.429399 8.087277 1
4.127783 8.810086 3
2.037016 9.517852 1
0.831033 6.551325 1
0.953595 8.408203 1
1.236438 6.883706 1
3.651424 9.198225 1
0.953502 5.786160 2
4.106539 8.681413 2
4.030770 8.744462 1
0.605128 6.093863 1
2.208205 6.496840 1
0.000000 7.916667 0
1.713748 9.647942 1
1.746946 9.550308 1
0.000000 10.000000 0
0.000000 9.861111 0
0.107824 9.892176 1
0.138889 10.000000 0
2.723051 7.266156 1
1.164663 6.531327 1
2.940107 9.226430 1
1.151346 9.895024 1
0.106092 8.849491 1
2.171618 9.210989 1
2.282090 6.289904 2
2.361111 10.000000 0
2.288904 9.895423 1
2.436661 9.892396 1
3.087309 8.611466 1
3.625255 8.229438 1
3.361814 8.439623 1
1.358403 9.543875 1
1.443864 9.592309 1
3.249555 9.409588 1
3.618646 8.343740 1
0.911069 9.174496 1
1.887306 8.627846 1
2.162253 9.112062 1
2.058272 9.036160 1
2.974607 6.528362 1
1.062614 9.535784 1
1.717935 9.096978 1
2.015341 8.240054 1
1.451279 7.567094 1
0.352246 6.389323 1
2.684746 7.162374 1
1.542193 6.684094 1
1.311718 8.993432 1
3.801892 8.497043 1
0.114363 6.303110 1
2.263370 9.107443 1
1.831896 9.622097 1
1.853158 9.498068 1
2.870167 6.466660 1
0.215323 6.379928 1
0.286639 6.485198 1
0.145565 6.498655 1
0.000000 6.527778 0
0.101550 6.405153 1
0.201777 6.955204 1
0.241448 6.843279 1
0.759233 9.770711 1
1.644509 6.699808 1
3.182489 7.548820 1
3.205936 7.420095 1
1.943088 8.197810 1
2.301919 9.006825 1
1.456548 7.228272 1
1.516216 7.100515 1
3.064560 6.175085 2
1.147493 5.921739 1
3.240989 9.832903 1
1.258936 9.570167 1
2.288204 8.801998 1
1.955428 8.552999 1
0.480838 9.114609 1
2.819856 9.758503 1
1.977435 7.641033 1
0.389819 9.757821 1
3.340920 7.072015 1
3.440204 7.103339 2
0.000000 6.388889 0
3.580338 9.431469 1
3.721320 9.071493 1
3.862135 9.102349 2
3.279959 8.202665 1
3.221675 8.093870 1
3.125162 9.365748 1
1.153550 9.786070 1
2.411268 6.239966 2
0.220797 6.099459 1
0.217860 6.270355 1
1.346873 9.100210 1
2.366446 9.811171 1
3.785517 9.194808 2
0.091278 9.780123 1
0.213692 9.912251 1
0.519351 6.007927 1
1.226046 6.755610 1
1.420698 7.120935 1
1.301408 8.605935 1
1.426698 8.649664 1
0.599666 9.312307 1
1.071071 6.610753 1
1.076383 9.418751 1
1.128930 6.714970 1
2.676126 6.621308 1
3.377903 7.389180 2
3.447775 7.505364 2
3.305654 7.465668 1
2.126009 9.752971 1
1.249943 5.883609 2
1.974128 8.457271 1
2.698863 8.066895 1
2.110897 7.181079 1
0.923397 8.056890 1
1.996131 7.145063 1
3.350084 7.183947 2
1.079324 9.680214 1
0.000000 8.888889 0
1.111111 10.000000 0
3.075473 6.590240 1
0.084081 6.578643 1
3.155239 9.457389 1
2.460074 9.329252 1
2.400570 8.122841 1
0.546788 5.903909 1
0.424369 5.926633 1
1.575904 7.604143 1
1.642432 7.990613 1
2.275002 6.571133 1
0.000000 5.833333 0
3.408233 8.183514 1
1.049190 7.700259 1
3.320114 7.573364 1
2.064703 9.130988 1
1.534460 9.581480 1
0.935367 6.645044 1
1.345869 9.212654 1
1.750976 8.080727 1
1.444916 9.260551 1
0.418895 6.471860 1
3.194444 10.000000 0
3.277499 6.994697 1
0.719683 8.890155 1
2.761153 6.941907 1
3.316807 6.787547 1
2.347884 9.312045 1
1.142776 9.493199 1
3.170548 6.517179 1
1.149933 9.600081 1
0.000000 6.944445 0
2.633778 8.656528 1
0.093535 6.987447 1
1.404965 8.536551 1
1.305023 8.488237 1
2.269420 9.791131 1
1.703635 7.898520 1
1.824299 6.803420 1
3.451617 8.848603 1
0.075243 5.763889 1
1.031805 7.484908 1
1.056095 7.595831 1
3.256470 6.430376 1
3.733426 8.174810 2
2.138969 6.287920 2
1.888285 6.699817 1
1.765391 6.700409 1
1.363342 7.185035 1
3.451642 7.720843 2
0.418376 8.475342 1
0.981706 7.387838 1
0.857799 7.383876 1
3.008007 7.820422 1
2.898241 7.744026 1
0.092829 7.983811 1
1.842852 7.773014 1
1.878363 7.667325 1
0.575413 6.917888 1
1.811099 7.010266 1
0.320373 5.961413 1
3.916076 8.502984 2
1.117910 9.027727 1
0.243322 5.873458 1
1.823849 6.603411 2
0.455960 9.693076 1
1.782536 7.690072 1
1.497119 8.467815 1
1.229989 9.066641 1
3.256537 9.919020 1
2.552602 8.594373 1
0.084204 8.953752 1
1.047968 9.918360 1
1.242998 9.176913 1
3.408854 7.624741 2
2.733116 6.724302 1
0.575890 5.792314 2
2.113444 8.183642 1
3.375226 8.749762 1
3.278885 7.344421 2
1.623212 7.089769 1
1.919563 7.564223 1
3.369663 6.458298 2
0.633783 5.986217 1
1.164038 5.815179 2
 0 1 2
 2 1 3
 4 5 6
 7 8 9
 10 11 12
 13 14 15
 16 17 18
 8 19 9
 20 21 22
 23 13 15
 22 21 24
 18 17 25
 26 27 28
 29 30 31
 32 11 10
 33 34 35
 36 37 38
 39 40 41
 5 42 6
 43 44 45
 43 46 44
 47 48 49
 50 51 0
 52 0 51
 53 54 55
 56 57 58
 59 58 57
 60 61 62
 63 64 65
 42 66 6
 67 68 69
 70 71 72
 73 74 75
 76 77 10
 78 79 80
 81 80 79
 82 83 84
 85 86 87
 88 89 90
 91 92 93
 91 94 95
 96 97 98
 30 1 31
 99 100 101
 102 103 104
 105 106 107
 97 108 98
 109 89 88
 110 111 112
 113 27 26
 63 114 64
 33 115 34
 116 117 118
 119 120 121
 122 80 123
 124 125 126
 127 128 129
 130 131 132
 93 92 133
 134 135 136
 137 138 139
 3 140 66
 141 142 143
 144 145 146
 147 113 148
 149 150 151
 152 153 154
 85 155 86
 156 157 158
 159 158 157
 140 6 66
 160 129 128
 161 162 163
 164 163 162
 165 142 166
 141 166 142
 167 168 169
 170 171 172
 173 68 67
 174 175 176
 47 49 177
 178 135 134
 165 179 142
 180 181 182
 52 1 0
 183 55 54
 184 185 146
 186 146 185
 187 188 189
 190 191 192
 193 194 195
 196 197 198
 102 199 200
 201 202 203
 126 125 204
 205 206 207
 208 209 210
 211 212 213
 214 105 107
 215 216 217
 217 216 218
 219 220 221
 44 221 220
 184 146 145
 222 223 224
 225 65 64
 73 75 226
 179 227 228
 187 229 188
 77 32 10
 3 66 230
 114 231 64
 64 231 232
 233 179 228
 234 213 212
 235 172 171
 236 135 178
 236 178 237
 238 132 131
 239 121 240
 241 79 242
 243 96 98
 244 245 246
 109 247 89
 248 249 250
 251 250 249
 252 242 79
 253 254 255
 256 257 155
 258 142 259
 260 261 262
 263 240 121
 264 111 265
 266 267 268
 263 269 270
 271 272 273
 274 275 276
 277 278 279
 165 280 281
 282 283 284
 285 286 287
 277 273 278
 108 139 98
 217 144 288
 167 169 289
 139 138 98
 173 290 35
 243 55 96
 83 291 84
 292 256 155
 59 57 293
 294 295 296
 288 144 297
 282 298 283
 299 89 247
 285 300 286
 301 75 74
 264 302 111
 303 304 305
 23 305 304
 159 157 306
 307 308 309
 310 107 106
 147 148 311
 174 312 175
 104 103 313
 183 54 314
 315 314 54
 316 317 126
 318 319 320
 307 309 321
 144 146 322
 170 323 324
 325 326 295
 327 295 326
 110 328 329
 109 330 247
 331 95 94
 193 332 194
 333 196 198
 222 175 334
 335 336 337
 28 337 336
 338 339 340
 39 41 341
 244 319 245
 110 342 111
 274 276 343
 260 344 261
 345 247 346
 91 347 94
 318 320 348
 349 350 351
 352 287 286
 110 40 328
 353 345 346
 354 163 272
 355 356 118
 357 358 359
 159 360 361
 338 362 339
 363 27 113
 364 365 366
 266 268 367
 368 369 370
 233 371 259
 222 224 176
 271 273 372
 349 373 350
 374 118 356
 375 376 377
 202 378 203
 376 379 377
 102 104 380
 381 14 382
 14 383 382
 384 324 323
 385 86 155
 386 182 387
 357 359 388
 389 390 391
 392 391 390
 393 394 395
 363 285 168
 265 396 397
 364 398 365
 399 259 371
 271 372 400
 85 292 155
 33 35 401
 186 322 146
 56 402 57
 403 404 237
 405 403 237
 406 407 408
 409 276 410
 33 410 276
 156 411 157
 412 413 35
 110 41 40
 408 407 414
 141 140 29
 415 416 417
 418 419 420
 235 171 421
 417 416 422
 222 176 175
 412 35 34
 258 143 142
 423 396 265
 404 424 425
 426 425 424
 130 38 131
 427 428 429
 234 281 213
 389 213 281
 430 431 432
 186 432 431
 53 55 433
 180 434 181
 318 279 435
 201 308 202
 190 436 191
 437 438 439
 440 441 442
 443 442 441
 427 429 444
 49 48 445
 446 447 448
 446 448 340
 127 129 449
 450 255 254
 451 452 453
 454 455 424
 456 457 458
 459 460 461
 124 462 125
 463 370 369
 73 226 464
 443 441 465
 466 123 80
 91 95 92
 419 467 420
 468 247 330
 469 151 150
 470 154 153
 471 472 473
 315 474 475
 295 476 296
 477 478 479
 480 481 482
 316 483 317
 85 87 484
 485 486 487
 488 69 68
 96 55 489
 183 489 55
 454 490 455
 491 88 473
 90 473 88
 70 492 71
 270 269 493
 423 342 494
 495 226 75
 188 496 15
 331 15 496
 73 368 370
 239 198 197
 355 195 194
 159 361 158
 100 497 101
 498 449 129
 165 281 227
 471 207 206
 499 210 209
 500 481 501
 355 118 195
 239 197 121
 393 502 394
 329 494 342
 503 504 505
 52 506 1
 507 462 124
 508 509 510
 511 510 509
 122 512 80
 513 313 103
 514 515 516
 167 516 515
 294 517 518
 437 439 519
 520 521 373
 522 373 521
 282 523 298
 520 298 523
 524 525 526
 527 528 529
 530 531 532
 178 532 531
 93 533 534
 535 536 311
 200 199 410
 537 538 539
 540 541 542
 543 544 545
 119 121 197
 117 195 118
 63 546 114
 3 30 140
 477 425 478
 116 118 150
 120 154 121
 169 168 287
 141 6 140
 547 501 481
 277 458 457
 222 334 548
 364 549 398
 100 550 497
 35 290 401
 450 551 552
 553 552 551
 524 526 326
 471 473 554
 555 416 556
 277 279 458
 21 557 558
 503 484 559
 31 1 506
 560 51 561
 318 562 279
 279 278 435
 563 564 532
 243 433 55
 233 259 179
 565 472 206
 335 334 175
 21 20 557
 495 566 226
 567 226 566
 568 383 569
 534 533 570
 571 572 573
 574 573 572
 52 575 452
 409 343 276
 576 9 19
 577 578 579
 548 172 580
 307 445 48
 294 518 581
 44 220 45
 31 166 29
 141 29 166
 582 516 268
 211 213 583
 584 585 306
 544 586 545
 241 242 578
 587 578 242
 588 589 590
 591 590 589
 173 35 68
 108 592 139
 593 594 595
 137 139 596
 52 452 597
 466 421 171
 148 535 311
 39 598 40
 576 599 600
 364 366 317
 601 595 602
 263 121 269
 374 603 118
 604 605 373
 141 143 606
 50 561 51
 601 602 607
 538 608 539
 540 542 609
 567 610 226
 577 611 578
 601 377 379
 612 613 614
 615 616 572
 617 618 194
 355 194 618
 520 373 605
 619 620 621
 184 622 185
 511 623 624
 530 405 531
 164 435 278
 33 401 200
 137 200 401
 625 593 595
 626 627 546
 114 546 627
 230 505 504
 628 4 629
 630 629 4
 170 270 171
 170 324 270
 631 632 395
 394 631 395
 186 431 633
 634 635 636
 451 637 452
 638 95 229
 389 639 213
 406 640 407
 640 560 407
 466 171 270
 315 54 474
 641 642 345
 643 644 645
 511 509 623
 251 646 250
 277 372 273
 386 647 182
 263 270 324
 648 24 21
 180 182 649
 363 168 515
 190 192 650
 327 476 295
 651 652 461
 94 653 654
 654 653 655
 498 129 656
 36 656 129
 3 230 504
 102 596 103
 35 413 68
 139 103 596
 630 4 606
 130 657 656
 658 659 660
 661 662 321
 363 300 285
 110 112 663
 454 250 646
 664 665 502
 39 502 665
 446 666 402
 156 286 300
 553 391 552
 667 284 283
 668 439 438
 528 669 529
 604 373 670
 78 377 671
 601 671 377
 82 672 673
 563 674 564
 555 556 675
 676 661 321
 392 487 486
 677 181 434
 142 179 259
 349 670 373
 110 329 342
 678 383 568
 466 270 493
 325 679 680
 81 224 223
 285 287 168
 681 149 151
 152 682 153
 683 684 549
 685 686 687
 402 666 688
 503 559 504
 689 394 341
 236 690 135
 691 135 690
 144 217 145
 218 145 217
 692 296 693
 694 298 695
 696 420 467
 582 172 548
 325 697 679
 23 304 635
 530 532 564
 698 400 372
 188 15 699
 635 700 636
 471 206 472
 638 92 95
 136 636 700
 701 702 444
 95 496 229
 480 703 481
 219 704 220
 310 561 705
 516 706 268
 689 631 394
 50 707 589
 331 94 654
 338 501 362
 570 533 449
 708 709 24
 405 237 531
 266 328 598
 235 580 172
 710 711 712
 441 713 714
 715 714 713
 40 598 328
 183 314 382
 375 377 716
 36 129 717
 709 22 24
 170 172 267
 50 0 718
 325 295 581
 294 581 295
 182 181 387
 423 265 342
 587 203 378
 389 281 280
 316 126 719
 440 340 339
 689 341 41
 130 656 38
 720 624 72
 721 208 210
 205 722 206
 354 723 76
 186 185 432
 392 724 487
 60 62 725
 726 727 728
 628 729 351
 730 351 729
 354 731 163
 241 224 79
 646 732 490
 160 733 129
 335 734 334
 730 735 351
 299 609 542
 736 539 608
 737 738 739
 354 76 740
 174 611 741
 572 616 742
 743 112 302
 111 302 112
 527 339 362
 159 306 585
 260 311 536
 744 105 745
 461 460 479
 746 292 747
 691 636 135
 748 749 360
 271 360 749
 715 750 751
 301 74 752
 753 752 74
 49 754 755
 495 755 754
 81 79 224
 381 699 14
 15 14 699
 503 756 484
 272 163 757
 715 758 750
 694 584 306
 500 482 481
 309 595 594
 759 711 710
 459 461 652
 577 544 669
 543 669 544
 440 760 441
 761 762 737
 763 737 762
 764 765 766
 514 27 515
 651 461 767
 715 713 529
 310 705 768
 244 769 417
 499 231 770
 771 770 231
 635 304 700
 772 43 45
 83 772 45
 386 518 517
 218 725 145
 748 584 684
 773 774 775
 696 775 774
 520 605 298
 43 673 776
 392 552 391
 777 701 444
 628 778 4
 392 390 724
 485 487 779
 456 780 457
 781 700 304
 170 267 323
 782 783 784
 785 784 783
 786 787 788
 789 788 787
 264 780 302
 685 687 790
 632 473 472
 563 322 674
 78 512 377
 619 621 791
 215 288 792
 78 671 79
 252 79 671
 33 276 115
 127 449 533
 239 793 198
 393 198 793
 338 794 501
 560 561 795
 796 660 659
 144 322 797
 124 126 798
 563 797 322
 186 799 322
 800 210 770
 511 557 510
 335 175 312
 415 556 416
 122 123 153
 470 153 123
 469 775 151
 696 151 775
 634 13 635
 23 635 13
 782 292 783
 85 783 292
 563 532 801
 183 382 489
 549 684 802
 87 559 484
 803 741 611
 243 804 433
 805 433 804
 626 806 807
 808 807 806
 477 809 810
 477 810 425
 587 579 578
 392 811 552
 500 794 812
 746 812 794
 626 807 627
 771 627 807
 685 521 813
 470 493 269
 814 302 780
 715 529 758
 746 747 812
 815 816 280
 389 280 816
 576 817 818
 576 818 9
 753 465 752
 91 93 534
 571 246 245
 576 600 817
 813 521 523
 537 539 209
 541 207 542
 514 337 27
 626 600 599
 527 819 528
 683 820 77
 821 822 551
 736 823 539
 232 539 823
 491 818 817
 824 519 439
 192 191 566
 567 566 191
 689 9 818
 642 609 345
 643 645 608
 452 640 453
 230 66 687
 42 687 66
 174 176 825
 52 51 575
 480 826 336
 28 336 826
 82 772 83
 414 25 17
 294 827 517
 463 517 827
 530 828 405
 683 549 820
 393 395 829
 830 216 831
 202 308 48
 510 557 739
 591 589 707
 832 101 455
 426 455 101
 782 747 292
 720 833 648
 582 268 267
 271 749 272
 668 629 834
 363 113 835
 430 432 836
 573 69 837
 720 558 624
 463 838 370
 839 367 268
 499 770 210
 626 546 600
 266 323 267
 299 345 609
 736 608 645
 440 840 340
 446 340 840
 530 564 841
 524 621 842
 620 842 621
 843 844 622
 389 816 390
 147 835 113
 694 283 298
 325 518 697
 845 697 518
 363 515 27
 744 846 105
 847 375 716
 679 791 621
 374 769 848
 849 848 769
 761 737 739
 325 581 518
 850 851 852
 850 852 853
 165 854 280
 299 542 89
 90 89 542
 136 135 636
 855 739 738
 102 200 596
 574 69 573
 691 856 568
 108 568 856
 90 554 473
 332 857 194
 333 198 858
 845 518 387
 386 387 518
 571 245 572
 615 572 245
 574 859 67
 33 200 410
 303 792 288
 16 18 860
 744 860 18
 861 862 863
 174 825 578
 331 864 15
 23 15 864
 715 751 752
 495 75 755
 94 347 653
 830 132 865
 831 216 866
 415 417 867
 868 867 417
 137 596 200
 161 616 162
 615 162 616
 576 19 599
 638 125 92
 462 92 125
 432 844 836
 236 237 869
 830 865 870
 392 486 811
 743 710 8
 871 8 710
 426 101 497
 354 272 872
 169 396 289
 423 289 396
 454 646 490
 185 622 844
 164 757 163
 786 873 874
 786 874 787
 771 231 627
 114 627 231
 174 578 611
 50 589 705
 582 267 172
 275 863 276
 441 714 465
 485 875 486
 771 807 876
 615 877 162
 327 509 476
 4 6 606
 42 790 687
 634 569 383
 513 856 690
 691 690 856
 878 684 584
 879 812 747
 182 647 880
 310 795 561
 241 578 825
 527 362 819
 815 280 881
 57 688 882
 456 562 883
 651 764 652
 109 88 65
 161 163 731
 720 648 558
 21 558 648
 560 795 407
 145 725 884
 612 614 885
 805 886 433
 364 317 483
 715 752 714
 773 887 888
 83 889 291
 890 891 892
 567 892 891
 893 894 892
 264 457 780
 895 650 896
 508 693 296
 232 897 539
 90 542 554
 57 882 898
 527 760 339
 233 228 899
 900 899 228
 694 695 901
 498 656 657
 485 291 889
 53 433 902
 12 475 474
 149 116 150
 120 152 154
 746 256 292
 427 727 428
 377 512 716
 692 827 296
 303 305 792
 655 792 305
 257 903 904
 44 46 905
 906 526 525
 301 752 751
 907 479 478
 28 27 337
 234 227 281
 147 311 262
 129 733 717
 617 908 618
 53 788 909
 178 134 532
 354 910 723
 491 911 818
 39 665 598
 879 535 482
 912 380 459
 199 380 912
 655 305 654
 689 818 631
 720 72 833
 307 321 662
 685 913 686
 588 768 589
 78 80 512
 450 552 811
 3 1 30
 736 645 914
 915 822 916
 547 362 501
 381 314 189
 409 410 199
 301 755 75
 893 917 894
 565 395 472
 318 877 319
 305 864 654
 454 403 918
 248 250 828
 418 420 862
 53 909 474
 764 766 652
 805 67 859
 919 633 920
 921 347 922
 570 922 347
 144 797 297
 615 245 319
 309 308 602
 613 660 614
 527 713 760
 630 834 629
 513 923 313
 617 194 924
 393 829 198
 16 860 925
 50 718 707
 628 351 350
 244 320 319
 614 926 180
 331 654 864
 560 575 51
 927 614 180
 928 883 562
 929 863 862
 919 920 930
 213 639 583
 353 931 345
 644 932 645
 353 645 932
 641 345 931
 164 162 435
 102 380 199
 677 933 181
 845 181 933
 934 737 666
 763 666 737
 750 545 177
 47 177 545
 655 653 831
 921 831 653
 743 8 112
 7 112 8
 23 864 305
 208 537 209
 541 205 207
 234 228 227
 513 690 923
 935 904 903
 936 397 396
 553 639 391
 192 896 650
 273 272 757
 235 421 223
 277 937 372
 70 72 624
 491 938 88
 63 88 938
 63 938 546
 600 546 938
 746 794 903
 921 653 347
 855 738 939
 807 940 876
 63 65 88
 480 482 535
 615 319 877
 427 444 702
 468 346 247
 574 742 859
 81 421 80
 466 80 421
 939 738 941
 248 841 930
 919 930 841
 307 48 308
 456 458 562
 201 602 308
 167 289 706
 808 940 807
 928 562 348
 577 579 544
 389 391 639
 942 453 408
 406 408 453
 393 793 502
 664 502 793
 943 944 945
 929 34 115
 553 583 639
 696 946 420
 71 492 947
 488 774 837
 404 869 237
 748 684 948
 243 98 138
 454 424 403
 165 166 854
 462 507 949
 508 296 476
 950 504 559
 82 84 17
 414 17 84
 500 501 794
 849 888 887
 334 951 548
 202 48 586
 47 586 48
 591 952 86
 325 680 326
 524 326 680
 450 811 255
 753 370 838
 691 569 636
 211 583 953
 915 953 583
 800 770 954
 955 333 858
 332 956 857
 277 457 937
 582 951 516
 957 255 811
 567 958 892
 522 350 373
 917 612 885
 353 346 645
 299 247 345
 248 930 249
 959 810 809
 22 762 20
 243 138 960
 137 290 960
 868 356 618
 355 618 356
 351 735 961
 361 360 400
 271 400 360
 547 819 362
 239 240 793
 664 793 240
 582 548 951
 462 133 92
 962 933 963
 782 344 964
 748 910 749
 147 262 965
 426 497 478
 543 529 669
 394 502 341
 966 407 795
 839 706 289
 459 652 766
 658 967 659
 773 837 774
 318 348 562
 39 341 502
 830 831 968
 921 968 831
 178 531 237
 335 337 734
 354 740 731
 613 658 660
 47 545 586
 773 888 573
 571 573 888
 188 699 189
 957 811 486
 480 336 703
 215 217 288
 730 729 438
 895 445 662
 307 662 445
 805 859 886
 335 969 336
 970 899 945
 971 859 742
 698 372 937
 508 510 693
 855 693 510
 488 413 774
 469 603 848
 868 417 972
 232 231 897
 934 666 840
 446 840 666
 43 772 673
 469 848 887
 266 598 323
 499 897 231
 908 867 618
 31 854 166
 327 326 526
 331 496 95
 50 705 561
 349 351 961
 785 484 756
 76 10 740
 789 740 10
 405 918 403
 753 973 465
 241 825 224
 176 224 825
 928 348 974
 570 347 534
 91 534 347
 522 790 5
 678 568 97
 108 97 568
 162 877 435
 667 975 965
 157 965 975
 849 246 888
 87 86 952
 976 348 320
 977 880 647
 571 888 246
 279 562 458
 970 945 944
 381 382 314
 110 663 41
 978 651 767
 551 822 979
 49 755 177
 82 673 772
 426 424 455
 165 227 179
 632 911 473
 491 473 911
 808 712 711
 689 41 980
 137 401 290
 900 945 899
 93 133 519
 782 784 344
 522 5 778
 815 506 597
 976 422 416
 111 342 265
 404 425 810
 514 516 951
 782 964 747
 140 30 29
 187 204 229
 218 870 725
 60 725 870
 412 774 413
 161 731 787
 789 787 731
 148 113 26
 451 724 981
 450 982 551
 463 827 838
 488 837 69
 971 742 616
 386 368 647
 785 783 484
 85 484 783
 173 67 983
 805 983 67
 477 479 460
 976 974 348
 849 769 246
 244 417 422
 936 937 457
 334 734 951
 244 246 769
 167 515 168
 942 84 291
 859 873 886
 426 478 425
 167 706 516
 137 960 138
 984 876 940
 173 960 290
 215 866 216
 437 519 133
 173 983 960
 771 954 770
 539 897 209
 542 207 554
 243 960 804
 617 924 954
 800 954 924
 567 191 958
 553 551 979
 498 922 449
 570 449 922
 182 880 649
 412 946 774
 696 774 946
 821 551 982
 567 891 610
 668 438 729
 763 688 666
 977 368 464
 73 464 368
 950 2 504
 253 255 985
 338 340 448
 121 154 269
 118 603 150
 470 269 154
 469 150 603
 907 478 497
 225 64 823
 753 838 973
 765 343 766
 409 766 343
 148 826 535
 480 535 826
 70 624 623
 617 954 986
 617 986 908
 987 190 650
 678 382 383
 957 486 875
 248 828 841
 530 841 828
 156 835 411
 815 597 637
 601 379 595
 625 595 379
 417 769 972
 906 492 526
 327 526 492
 773 775 887
 36 38 656
 861 418 862
 315 988 314
 522 521 790
 685 790 521
 513 592 856
 275 861 863
 634 14 13
 694 901 584
 878 584 901
 527 529 713
 441 760 713
 879 747 964
 686 756 505
 404 403 424
 962 963 728
 264 397 457
 936 457 397
 661 989 662
 218 216 870
 830 870 216
 936 990 937
 950 707 718
 194 857 924
 198 829 858
 936 991 990
 440 442 840
 934 840 442
 390 981 724
 260 964 344
 789 909 788
 679 621 680
 638 204 125
 748 585 584
 363 835 300
 574 572 742
 565 829 395
 773 573 837
 832 455 490
 868 618 867
 845 387 181
 174 741 312
 632 631 911
 818 911 631
 16 672 17
 514 951 734
 921 657 968
 384 323 598
 574 67 69
 661 987 989
 420 946 992
 252 607 203
 935 448 447
 406 453 640
 327 623 509
 919 799 633
 628 350 778
 466 493 123
 184 145 884
 511 558 557
 984 556 908
 415 908 556
 748 948 910
 366 735 798
 124 798 735
 412 992 946
 82 17 672
 683 910 948
 668 729 629
 626 599 806
 511 624 558
 691 568 569
 692 693 939
 855 939 693
 260 262 311
 147 965 411
 683 723 910
 437 133 949
 462 949 133
 381 189 699
 250 918 828
 117 193 195
 196 119 197
 354 872 910
 261 993 262
 409 199 912
 59 994 590
 588 590 994
 384 598 665
 781 995 801
 563 801 995
 522 778 350
 159 585 360
 414 407 25
 415 867 908
 429 659 996
 967 996 659
 547 481 997
 998 997 481
 966 25 407
 477 460 809
 104 809 460
 187 719 204
 126 204 719
 253 985 999
 60 1000 61
 771 876 954
 513 103 592
 748 360 585
 890 892 894
 977 647 368
 634 636 569
 386 369 368
 56 447 402
 188 229 496
 984 908 986
 744 1001 860
 950 718 2
 327 492 623
 70 623 492
 919 674 799
 588 994 1002
 1003 1002 994
 309 602 595
 761 557 20
 601 607 671
 252 671 607
 222 548 580
 157 411 965
 686 505 687
 264 265 397
 878 802 684
 338 1004 794
 36 1005 37
 201 203 607
 384 1006 324
 263 324 1006
 655 831 866
 588 1002 107
 970 733 899
 871 806 599
 893 892 958
 678 489 382
 528 1007 1008
 399 1009 1010
 73 370 74
 753 74 370
 376 625 379
 108 856 592
 440 339 760
 461 479 767
 907 767 479
 508 476 509
 915 979 822
 847 716 1011
 122 1011 716
 160 371 899
 233 899 371
 374 972 769
 282 1012 813
 1013 813 1012
 409 912 766
 301 1014 755
 821 982 254
 161 874 616
 971 616 874
 419 681 467
 682 847 1011
 726 428 727
 385 58 1015
 543 758 529
 43 776 46
 258 259 1010
 399 1010 259
 998 481 703
 644 853 932
 851 641 931
 318 435 877
 219 359 999
 358 999 359
 796 1016 434
 454 918 250
 681 151 467
 682 1011 153
 459 766 912
 503 505 756
 232 823 64
 555 675 711
 808 711 675
 634 383 14
 32 77 820
 906 947 492
 450 254 982
 789 10 909
 765 274 343
 214 107 1002
 692 939 973
 443 973 939
 186 633 799
 122 153 1011
 696 467 151
 184 1017 622
 781 801 700
 136 700 801
 236 869 923
 59 1015 58
 130 968 657
 752 465 714
 160 899 733
 7 663 112
 895 662 989
 917 885 894
 794 1004 903
 934 738 737
 459 380 460
 104 460 380
 147 411 835
 423 494 289
 839 289 494
 126 317 798
 361 286 158
 743 1018 710
 759 710 1018
 156 300 835
 796 659 1019
 429 1019 659
 93 519 533
 214 1002 1020
 538 643 608
 642 540 609
 796 434 926
 855 510 739
 314 988 189
 31 506 881
 436 893 958
 959 923 869
 225 823 1021
 443 465 973
 258 1010 439
 824 439 1010
 56 904 447
 60 870 865
 553 979 583
 915 583 979
 261 344 1022
 824 1009 533
 127 533 1009
 677 963 933
 87 952 559
 950 559 952
 361 1023 286
 352 286 1023
 294 296 827
 591 707 952
 814 1024 1018
 759 1018 1024
 258 834 143
 630 143 834
 942 408 84
 414 84 408
 514 734 337
 786 788 902
 53 902 788
 550 978 1025
 315 475 1026
 316 1026 475
 632 472 395
 630 606 143
 187 189 988
 156 158 286
 966 795 106
 398 549 802
 957 985 255
 524 680 621
 469 887 775
 591 1015 590
 921 922 657
 722 955 1027
 956 721 1028
 3 504 2
 683 948 684
 588 107 768
 815 881 506
 364 820 549
 201 607 602
 593 676 594
 272 749 872
 532 134 801
 890 880 891
 998 312 741
 928 974 1029
 446 402 447
 310 106 795
 970 944 1030
 219 985 704
 761 739 557
 122 716 512
 451 981 637
 871 599 19
 452 637 597
 967 777 996
 59 293 994
 471 554 207
 499 209 897
 252 203 242
 1003 293 898
 915 916 953
 839 268 706
 970 1030 717
 36 717 1005
 730 507 735
 824 1010 1009
 60 865 1000
 591 86 1015
 970 717 733
 234 212 228
 900 228 212
 105 846 106
 966 106 846
 280 854 881
 431 920 633
 928 1029 1024
 185 844 432
 555 974 416
 976 416 974
 451 1031 724
 730 438 949
 184 884 1017
 919 564 674
 962 728 1032
 52 597 506
 136 801 134
 180 649 927
 310 768 107
 238 865 132
 404 810 869
 803 1008 1007
 934 442 941
 443 941 442
 692 838 827
 59 590 1015
 789 731 740
 335 312 969
 520 523 521
 258 439 834
 668 834 439
 344 784 1022
 62 1017 884
 157 975 306
 1003 994 293
 53 474 54
 966 18 25
 959 869 810
 664 1006 665
 528 819 1007
 109 65 330
 225 330 65
 550 1025 497
 763 882 688
 385 1015 86
 57 898 293
 604 1033 695
 878 695 1033
 130 132 968
 830 968 132
 781 304 1034
 303 1034 304
 685 813 913
 824 533 519
 577 669 1008
 528 1008 669
 955 858 1027
 565 1027 858
 956 1028 857
 800 857 1028
 966 846 18
 744 18 846
 998 969 312
 919 841 564
 443 939 941
 303 288 1034
 297 1034 288
 943 945 1035
 900 1035 945
 743 302 1018
 814 1018 302
 16 925 672
 139 592 103
 230 687 505
 907 497 1025
 12 11 475
 366 961 735
 726 1016 1019
 638 229 204
 692 973 838
 879 536 535
 429 996 444
 777 444 996
 971 874 873
 950 952 707
 977 891 880
 832 490 732
 56 58 1036
 385 1036 58
 384 665 1006
 81 223 421
 890 894 885
 329 367 494
 487 724 1031
 879 482 812
 96 489 97
 678 97 489
 796 1019 1016
 977 610 891
 587 242 203
 161 787 874
 124 735 507
 689 980 9
 7 9 980
 900 212 1035
 211 1035 212
 879 964 536
 169 991 396
 936 396 991
 959 313 923
 890 649 880
 485 779 291
 257 256 903
 746 903 256
 589 768 705
 730 949 507
 935 447 904
 57 402 688
 31 881 854
 785 1037 784
 1013 784 1037
 276 863 115
 929 115 863
 890 885 927
 895 896 754
 238 1000 865
 62 884 725
 895 754 445
 49 445 754
 236 923 690
 781 1034 995
 297 995 1034
 971 873 859
 851 931 852
 853 852 932
 726 1019 428
 219 999 985
 297 797 995
 563 995 797
 750 758 545
 468 1021 914
 187 988 1026
 577 1008 611
 803 611 1008
 498 657 922
 436 958 191
 83 45 889
 890 927 649
 253 999 1038
 358 1038 999
 429 428 1019
 871 712 806
 808 806 712
 998 703 969
 336 969 703
 614 660 926
 796 926 660
 708 1020 709
 316 475 11
 470 123 493
 1003 709 1020
 910 872 749
 420 992 862
 614 927 885
 148 26 826
 28 826 26
 220 875 889
 485 889 875
 698 937 990
 808 675 940
 667 965 993
 262 993 965
 1003 898 709
 22 709 898
 0 2 718
 1013 1022 784
 374 356 972
 868 972 356
 664 240 1006
 679 697 1039
 845 1039 697
 871 19 8
 352 990 991
 895 989 650
 141 606 6
 399 128 1009
 698 1023 400
 1003 1020 1002
 676 321 594
 929 862 992
 1013 913 813
 839 494 367
 736 1021 823
 984 675 556
 761 20 762
 433 886 902
 786 902 886
 500 812 482
 488 68 413
 721 210 1028
 722 1027 206
 437 949 438
 935 903 1004
 942 291 779
 468 914 346
 316 719 1026
 22 898 882
 871 710 712
 222 580 223
 374 848 603
 244 422 320
 282 813 523
 468 330 1021
 225 1021 330
 361 400 1023
 815 637 981
 451 453 1031
 42 5 790
 41 663 980
 349 961 365
 366 365 961
 388 221 905
 44 905 221
 263 1006 240
 942 1031 453
 628 629 729
 235 223 580
 399 371 128
 160 128 371
 192 566 896
 495 896 566
 309 594 321
 998 741 997
 316 11 483
 220 889 45
 800 924 857
 565 858 829
 786 886 873
 849 887 848
 987 650 989
 984 940 675
 906 1040 947
 491 817 938
 600 938 817
 878 901 695
 366 798 317
 405 828 918
 169 287 991
 352 991 287
 677 434 1016
 385 155 1036
 257 1036 155
 565 206 1027
 800 1028 210
 353 852 931
 353 932 852
 322 799 674
 22 882 762
 655 866 792
 215 792 866
 219 221 359
 388 359 221
 803 997 741
 257 904 1036
 763 762 882
 543 545 758
 298 605 695
 604 695 605
 386 517 369
 463 369 517
 976 320 422
 750 1014 751
 301 751 1014
 843 836 844
 694 975 283
 959 809 313
 104 313 809
 329 328 367
 524 842 525
 960 983 804
 349 365 670
 398 670 365
 260 536 964
 814 780 883
 977 464 610
 226 610 464
 164 278 757
 273 757 278
 929 992 34
 202 586 378
 544 378 586
 750 177 1014
 755 1014 177
 686 1037 756
 785 756 1037
 456 883 780
 412 34 992
 32 483 11
 907 1025 767
 726 963 1016
 677 1016 963
 555 711 1029
 759 1029 711
 12 909 10
 957 704 985
 694 306 975
 555 1029 974
 180 926 434
 744 745 1001
 679 1039 791
 962 791 1039
 815 981 816
 736 914 1021
 978 767 1025
 934 941 738
 282 284 1012
 261 1012 284
 315 1026 988
 805 804 983
 364 483 820
 32 820 483
 954 876 986
 942 779 1031
 726 728 963
 698 990 1023
 12 474 909
 187 1026 719
 4 778 5
 667 283 975
 390 816 981
 962 1039 933
 845 933 1039
 547 1007 819
 7 980 663
 984 986 876
 547 997 1007
 803 1007 997
 352 1023 990
 759 1024 1029
 962 1032 791
 619 791 1032
 906 525 1040
 495 754 896
 220 704 875
 957 875 704
 266 367 328
 814 883 1024
 544 579 378
 587 378 579
 261 284 993
 452 575 640
 560 640 575
 261 1022 1012
 878 1033 802
 398 802 1033
 645 346 914
 928 1024 883
 487 1031 779
 717 1030 1005
 127 1009 128
 56 1036 904
 1013 1037 913
 1013 1012 1022
 683 77 723
 398 1033 670
 604 670 1033
 667 993 284
 76 723 77
 935 1004 448
 686 913 1037
 338 448 1004
 0
 0
 31
 619 357 427 214 388 71 620 708 105 673 727 702 46 860 672 24 72 648 728 833 776 947 1001 925 842 1032 1020 905 525 1040 745
 0
 0
 11
 251 430 832 431 646 101 249 930 836 920 732
 26
 843 211 238 357 821 253 358 943 62 38 254 37 622 944 822 1000 836 61 916 953 1038 131 1017 1035 1030 1005
