1078 2015
4.197526 1.870366 1
4.205878 1.765920 1
4.353964 1.802044 1
4.266956 1.957000 1
5.021739 1.179394 1
4.893626 1.277357 1
4.907285 1.106014 1
4.807293 1.166631 1
4.508610 1.716591 1
4.403931 1.670555 1
4.564542 1.598689 1
0.396185 2.183249 1
0.485793 2.257014 1
0.408222 2.362005 1
1.124692 2.502292 1
1.228799 2.671952 1
1.078740 2.622919 1
4.428215 1.553005 1
5.530592 1.588824 2
5.418162 1.689044 2
5.438151 1.531744 1
5.320665 1.604995 1
1.260920 2.524205 1
0.307372 2.242768 1
1.891838 1.660905 1
1.812134 1.749249 1
1.768777 1.588196 1
1.715435 1.715435 1
5.530718 0.481856 1
5.695170 0.474101 1
5.646289 0.628994 1
1.754323 2.040810 1
1.758451 2.202305 1
1.616540 2.144050 1
2.224255 0.306330 1
2.388637 0.301507 1
2.347324 0.430043 1
0.322056 2.511587 1
0.277052 2.371028 1
0.454521 2.808389 1
0.571388 2.861906 1
0.452134 2.950124 1
5.069196 0.635702 1
4.961960 0.559769 1
5.133544 0.478251 1
3.475663 0.888661 1
3.630861 0.810948 1
3.620797 0.962889 1
2.234407 0.657481 1
2.120073 0.575014 1
2.240137 0.511258 1
5.163724 1.126447 1
5.045081 1.009605 1
4.309810 1.458320 1
4.284656 1.344871 1
4.423867 1.436994 1
3.850509 0.260440 1
3.979503 0.179251 1
4.005759 0.298898 1
1.127248 1.726203 1
1.287513 1.779542 1
1.172185 1.879920 1
3.526508 0.747543 1
2.646301 0.922937 1
2.670109 0.789847 1
2.774578 0.915790 1
1.198950 0.801339 1
1.130480 0.928674 1
1.047596 0.816552 1
2.809502 0.795452 1
5.292080 1.380322 1
5.350010 1.474343 1
5.214271 1.518538 1
2.287620 1.524415 1
2.254541 1.369898 1
2.361500 1.418024 1
1.860394 2.484539 1
1.986268 2.386796 2
1.941770 2.558034 2
5.131914 0.869455 1
4.979466 0.893651 1
5.051641 0.767929 1
5.167317 1.389628 1
0.790780 1.521364 1
0.866223 1.686136 1
0.720848 1.668843 1
2.169859 1.495364 1
3.339667 0.912487 1
3.270177 0.973470 1
3.207373 0.855838 1
2.810024 0.456545 1
2.953604 0.456908 1
2.865226 0.576531 1
2.902658 1.497932 1
2.858719 1.367423 1
3.032295 1.365025 1
3.029496 1.489282 1
1.616217 1.525900 1
1.625544 1.659426 1
0.000000 3.611111 0
0.000000 3.472222 0
0.145812 3.516792 2
3.472222 0.000000 0
3.611111 0.000000 0
3.516792 0.145812 1
1.626288 2.311020 1
1.334896 0.555154 1
1.426591 0.410512 1
1.466554 0.565998 1
3.641623 0.107255 1
4.264837 0.506349 1
4.212965 0.369220 1
4.362883 0.430394 1
4.346334 0.298179 1
1.919936 1.270345 1
1.755492 1.254920 1
1.871586 1.127154 1
1.739587 1.082100 1
2.271795 0.209714 1
0.215148 2.456833 1
4.131754 0.207418 1
1.527778 0.000000 0
1.666667 0.000000 0
1.589848 0.164068 1
0.000000 1.666667 0
0.000000 1.527778 0
0.166367 1.576067 1
0.929934 2.639890 1
0.910989 2.774923 1
0.801785 2.672930 1
3.350452 0.817033 1
0.794699 2.807750 1
2.339659 0.578731 1
5.380229 0.370990 1
5.504284 0.305714 1
4.436863 1.321819 1
1.946766 2.013768 1
1.849528 1.959829 1
1.990244 1.885894 1
1.305229 0.389658 1
0.571555 2.580719 1
0.703462 2.592797 1
0.657172 2.726656 1
0.985853 1.824786 1
1.035779 1.969255 1
4.995296 0.236381 1
5.156919 0.196422 1
5.078186 0.341365 1
5.224209 0.344523 1
0.868734 0.211318 1
0.964521 0.286455 1
0.812346 0.369957 1
1.582600 0.637034 1
1.586031 0.794422 1
1.444892 0.702479 1
1.455321 0.867097 1
1.700395 1.421035 1
1.848912 1.412530 1
4.296433 1.636482 1
3.828493 1.142571 1
3.683397 1.093184 1
3.767156 0.999493 1
1.805556 0.000000 0
1.903467 0.135013 1
1.734081 0.126238 1
0.000000 1.805556 0
0.127251 1.739763 1
0.133506 1.909086 1
4.504739 0.855871 1
4.639683 0.942703 1
4.530584 1.020250 1
4.992430 0.434300 1
1.218172 1.198164 1
1.350614 1.261764 1
1.181875 1.340844 1
2.581689 0.570891 1
2.727676 0.657350 1
2.592718 0.699527 1
0.311474 0.668788 1
0.467381 0.608861 1
0.442229 0.729840 1
3.084625 1.710023 1
3.214273 1.796005 1
3.044488 1.817739 1
1.669384 2.508442 1
1.783510 2.581631 2
1.639057 2.657163 2
1.573964 2.558412 1
6.232086 0.489105 1
6.130297 0.402729 1
6.309723 0.352951 2
6.175150 0.288281 1
1.950579 1.542280 1
4.651967 1.116920 1
0.000000 1.388889 0
0.149972 1.286949 1
0.099357 1.458333 1
1.388889 0.000000 0
1.451688 0.102339 1
1.291612 0.150376 1
0.325970 2.789191 1
0.430034 2.642692 1
1.900319 2.246005 1
2.059149 2.222981 2
1.618358 0.331709 1
1.559231 0.486486 1
1.495906 0.308210 1
5.129714 1.775617 1
4.972393 1.838057 1
5.032820 1.697711 1
5.614038 0.973464 1
5.434222 0.993871 1
5.499931 0.878386 1
1.969311 1.019273 1
2.061746 0.892063 1
2.102736 1.025609 1
0.339635 1.612239 1
0.418746 1.759923 1
0.268489 1.723210 1
0.833333 0.000000 0
0.952749 0.121463 1
0.771428 0.118995 1
0.000000 0.833333 0
0.118995 0.771428 1
0.121463 0.952749 1
3.903397 1.006895 1
0.900401 1.538032 1
2.650289 0.424858 1
2.789191 0.325970 1
5.102249 1.883111 1
5.043925 1.413306 1
5.104763 1.279750 1
0.375573 0.517925 1
2.436220 1.687967 1
2.544760 1.593015 1
2.582546 1.762051 1
4.198955 1.500195 1
3.469650 1.397828 1
3.586089 1.443134 1
3.520157 1.563006 1
0.579927 1.330083 1
0.693155 1.242052 1
0.699880 1.394122 1
2.322065 1.125849 1
2.203482 1.235145 1
2.203379 1.083952 1
3.215673 0.712031 1
3.635818 1.537494 1
3.698988 1.429815 1
3.747811 1.581453 1
3.849503 1.421999 1
3.408179 1.538060 1
4.903107 0.343548 1
1.224287 0.296905 1
1.202538 0.454328 1
1.086883 0.329925 1
1.204282 1.580212 1
1.276246 1.667205 1
0.711800 3.215925 1
0.817296 3.350409 2
0.664800 3.365109 2
3.351627 0.668842 1
1.604082 1.158693 1
0.210360 1.430914 1
0.309166 1.491194 1
4.798086 2.091643 1
4.691078 2.196561 2
4.663584 2.037987 1
0.816208 2.523963 1
0.269519 0.553090 1
0.268505 0.404020 1
3.714597 0.708935 1
3.702993 0.565209 1
3.848248 0.685716 1
3.848161 0.545098 1
1.859522 1.853826 1
0.916679 1.238047 1
0.965835 1.099162 1
1.031494 1.177436 1
2.530812 1.259939 1
2.437385 1.333153 1
2.440845 1.158403 1
1.454482 2.360494 1
1.366972 2.232490 1
1.514913 2.246294 1
4.178657 1.655982 1
4.864355 0.634513 1
4.799226 0.536415 1
2.344617 1.257511 1
2.523767 0.807827 1
0.000000 2.638889 0
0.000000 2.500000 0
0.156563 2.564223 1
2.500000 0.000000 0
2.638889 0.000000 0
2.580803 0.155104 1
0.691302 2.067234 1
0.783778 1.939588 1
0.854382 2.058358 1
3.327806 1.347803 1
3.391597 1.254465 1
3.500594 1.253994 1
5.523998 1.106661 1
5.616538 0.374448 1
0.575569 2.333369 1
0.555307 2.449255 1
0.990665 2.513189 1
0.651550 1.897666 1
2.446260 0.545086 1
4.888039 0.454218 1
1.083317 1.567965 1
4.773951 1.017079 1
3.969128 1.361352 1
3.956628 1.481164 1
0.191461 0.489829 1
1.345006 0.811477 1
1.279948 1.975235 1
1.295532 2.101532 1
1.163028 2.022084 1
3.021576 1.079524 1
3.150005 1.136741 1
3.024085 1.210747 1
3.136336 1.263274 1
3.039363 0.550608 1
2.615546 1.082204 1
2.523352 0.955785 1
0.340190 0.827867 1
0.859163 1.097124 1
1.556893 1.896948 1
1.426256 1.824901 1
1.530432 1.733837 1
3.862222 0.115869 1
0.562077 1.993732 1
3.534906 1.865153 1
3.688168 1.858842 1
3.667001 2.000325 1
4.266639 1.208421 1
4.162879 1.264773 1
4.154629 1.098465 1
0.409535 0.412463 1
0.000000 1.250000 0
1.250000 0.000000 0
3.522048 1.072109 1
0.097560 2.702323 1
2.705536 0.097139 1
5.574383 0.760526 1
5.472854 0.651649 1
0.547388 3.025512 1
0.142591 0.344801 1
0.293416 0.264023 1
3.298969 1.696324 1
3.402265 1.774331 1
3.335945 1.880307 1
0.507339 1.134566 1
0.563142 0.991858 1
0.619008 1.146263 1
3.126991 1.895258 1
0.196901 0.196901 1
2.114829 1.161689 1
1.428417 0.211565 1
1.287793 2.335515 1
1.282266 3.134658 2
1.114740 3.190928 2
1.200760 3.029277 1
1.066132 3.019356 1
1.414853 1.981967 1
2.992458 1.606666 1
2.871074 1.633615 1
4.551707 2.098530 1
4.540506 1.857687 1
0.963276 0.910615 1
4.072998 1.832016 1
4.070199 1.692867 1
3.981842 1.107964 1
4.033360 0.990844 1
4.630215 0.814108 1
1.781925 2.355033 1
3.911410 0.404852 1
0.494141 0.194617 1
0.426389 0.291239 1
0.354120 0.138728 1
4.191768 0.738060 1
4.064754 0.862926 1
4.016786 0.705493 1
4.902018 0.986021 1
2.715771 1.861416 1
2.616538 1.926217 1
2.897116 0.362254 1
4.034224 1.931055 1
3.923554 1.853063 1
0.796502 2.183070 1
4.330723 0.835721 1
4.198482 0.880987 1
0.955972 0.412901 1
0.651486 1.530363 1
4.044223 2.059058 1
4.154537 2.170261 1
3.992948 2.189189 1
4.079422 2.316966 2
1.355590 2.757757 1
1.427904 2.896766 1
1.250350 2.823003 1
3.695457 1.200774 1
2.529763 0.315156 1
2.496198 0.441729 1
0.458728 2.509269 1
0.998214 1.483394 1
1.034647 1.338494 1
1.096392 1.437640 1
0.914497 1.418791 1
5.899824 0.937686 1
6.012587 0.979377 2
5.884440 1.047806 2
0.531076 3.469311 2
0.501801 3.344194 1
4.935510 0.798596 1
0.303327 2.643407 1
0.204520 2.705582 1
4.408943 1.208203 1
2.201414 0.412802 1
1.612268 1.306570 1
0.705132 1.066432 1
6.086993 0.833166 1
6.152033 0.968888 2
5.613404 0.247793 1
5.775684 0.178337 1
5.738230 0.320551 1
2.083333 0.000000 0
2.222222 0.000000 0
2.155499 0.130976 1
0.000000 2.222222 0
0.000000 2.083333 0
0.130890 2.155257 1
0.677595 0.299934 1
0.644156 0.449829 1
0.555341 0.298229 1
0.519273 0.410918 1
0.959141 3.272808 2
0.848638 3.194028 1
1.105655 2.816049 1
1.152034 2.918720 1
1.013140 2.883109 1
1.276167 2.941524 1
2.513322 1.423509 1
2.630529 1.357583 1
1.311510 1.415828 1
0.587877 1.751007 1
0.528754 1.862419 1
2.705582 0.204520 1
2.647284 0.296403 1
5.815335 0.449445 1
1.322060 0.701230 1
0.325855 1.831504 1
1.321646 1.882507 1
4.076138 0.103667 1
3.404548 0.268258 1
3.461062 0.404400 1
3.328546 0.382219 1
3.377062 0.515177 1
0.405477 3.463461 1
0.378596 3.319889 1
0.268258 3.404548 1
5.026401 1.985366 1
5.070536 2.087768 2
4.939309 2.094151 1
1.352674 2.447920 1
1.353049 2.614886 1
0.729831 1.793274 1
0.800232 1.190266 1
0.810924 1.353468 1
2.673563 1.634048 1
4.264057 0.989583 1
4.401928 0.975729 1
1.072271 2.401469 1
0.922144 2.388603 1
3.193962 1.666452 1
1.464859 2.537365 1
1.029407 2.740659 1
3.842246 2.212200 2
3.704172 2.146105 2
3.793797 2.080250 1
2.763805 1.037202 1
4.891725 1.989285 1
1.179332 2.145504 1
5.656200 0.116656 1
3.754119 0.403516 1
3.514709 1.719278 1
5.171740 0.594230 1
3.601026 0.455091 1
3.536094 0.303084 1
0.455974 3.598279 2
0.303318 3.536052 2
1.019990 1.005327 1
1.627476 1.784595 1
4.287328 0.156011 1
4.437894 0.163075 1
4.342330 0.685432 1
3.806587 1.955921 1
3.944605 1.966865 1
4.564247 1.248620 1
4.526571 1.138205 1
2.518943 1.873322 1
3.615175 1.304414 1
1.940146 0.871278 1
0.360182 2.896423 1
4.323374 1.097108 1
2.910152 0.242337 1
3.056968 0.169976 1
3.022608 0.329511 1
2.709339 2.016364 1
1.126688 0.709832 1
2.803290 1.965028 1
2.023181 0.094830 1
0.092829 2.016189 1
0.349809 0.337138 1
1.802902 0.244661 1
0.226299 1.817828 1
3.484943 0.629437 1
3.761477 1.293916 1
5.639409 1.351996 1
5.700864 1.196129 2
5.751071 1.354306 2
0.969066 3.120357 1
4.448486 0.731356 1
2.303614 2.080386 2
2.404523 1.959093 1
2.467033 2.125870 2
1.284990 0.997983 1
1.130524 1.080647 1
0.355013 3.178329 1
0.264285 3.290146 1
0.243069 3.144606 1
3.181105 0.357897 1
3.139652 0.247285 1
3.290539 0.264936 1
1.453294 2.143997 1
3.651117 0.340842 1
4.550630 1.464148 1
5.776108 0.965661 1
5.746908 1.073127 2
2.765934 1.452646 1
2.749717 1.333528 1
4.066500 1.192001 1
3.622439 1.656989 1
3.719571 1.738871 1
0.856220 3.040886 1
0.748270 3.084017 1
2.138441 0.481055 1
0.132785 3.358270 1
3.358270 0.132785 1
5.274645 0.556224 1
5.348751 0.647325 1
5.209572 0.706741 1
4.410639 1.931589 1
0.213983 0.864530 1
2.983404 0.661308 1
1.866400 2.102868 1
3.518463 2.154564 1
3.409978 2.049430 1
3.524222 2.006972 1
4.571433 0.430196 1
4.490055 0.339435 1
4.656291 0.343453 1
4.579339 0.224829 1
1.636586 1.009266 1
1.732573 0.938516 1
2.426300 1.809981 1
2.331050 1.877390 1
3.424379 0.747733 1
1.717798 1.875217 1
4.580345 2.206484 2
0.555556 0.000000 0
0.694444 0.000000 0
0.624231 0.153507 1
0.000000 0.694444 0
0.000000 0.555556 0
0.152226 0.623898 1
0.420917 1.928146 1
2.065522 1.484890 1
2.097991 1.597253 1
3.609948 1.775104 1
4.109686 1.573721 1
2.649626 1.500520 1
4.065104 0.412415 1
4.131865 0.522479 1
1.638687 2.005035 1
5.293349 0.250840 1
3.212515 1.527108 1
3.306975 1.590395 1
1.710454 0.548027 1
4.749104 1.959170 1
0.849068 1.832281 1
0.000000 3.333333 0
3.333333 0.000000 0
1.536053 2.034399 1
0.580966 1.624627 1
1.998213 1.664424 1
0.759233 0.229289 1
5.401428 0.214096 1
3.578319 1.177414 1
1.494737 1.249506 1
1.464182 1.376227 1
1.846440 0.980156 1
6.324122 0.610765 1
6.351065 0.492053 2
2.864636 0.691966 1
5.964937 0.861226 1
5.967681 0.740476 1
1.341398 0.280135 1
1.831876 0.613857 1
1.973511 0.573318 1
1.925536 0.727707 1
2.071491 0.687137 1
6.096727 0.612747 1
6.209965 0.725599 2
6.069672 0.717208 1
5.416667 0.000000 0
5.555555 0.000000 0
5.504745 0.142925 1
4.135249 0.629142 1
5.197884 0.982405 1
5.300575 1.056993 1
6.376384 0.726212 2
1.002043 1.704599 1
2.262336 1.955468 1
5.776990 0.694899 1
5.785912 0.573163 1
6.204954 0.596510 1
1.580054 1.423513 1
3.845217 1.716956 1
1.117136 0.585166 1
0.943857 0.568149 1
1.061277 0.470094 1
3.796619 1.824731 1
3.904215 2.075878 1
0.957942 2.990262 1
3.322062 1.462646 1
2.713194 0.536243 1
3.970571 1.752461 1
1.728074 0.715074 1
0.590910 1.441185 1
0.690698 2.862676 1
1.345885 1.133201 1
0.568243 1.226271 1
1.645534 0.899312 1
1.544757 0.940892 1
0.537335 2.709244 1
5.066491 0.106432 1
0.246848 2.913737 1
0.321435 3.020672 1
0.169776 3.057310 1
1.507207 1.487833 1
5.736123 0.856853 1
0.878031 0.714775 1
0.778876 0.819733 1
0.717826 0.702975 1
1.691617 0.243349 1
2.413283 1.549996 1
0.472575 1.652194 1
3.136050 0.991132 1
5.053280 1.586605 1
5.171651 1.655489 1
0.487143 0.090776 1
0.086995 0.486111 1
4.117604 0.318278 1
5.094077 1.486866 1
5.857598 0.815424 1
6.111111 0.000000 0
6.250000 0.000000 0
6.180937 0.137478 1
1.508932 2.776086 2
5.636862 1.106228 1
3.722780 0.273609 1
5.678832 0.759675 1
1.572444 2.445432 1
0.630066 0.830477 1
0.492288 0.849073 1
0.592840 0.709844 1
2.928959 1.278061 1
0.786546 0.529079 1
1.818970 0.832252 1
5.847640 0.347198 1
3.108794 1.581715 1
1.244893 1.102499 1
0.277778 0.000000 0
0.416667 0.000000 0
0.000000 0.416667 0
0.000000 0.277778 0
5.589827 1.204062 1
1.672118 0.432130 1
5.291018 1.165540 1
4.133654 1.954951 1
4.167809 2.050471 1
5.622250 0.846234 1
0.000000 3.055556 0
0.108668 2.953682 1
3.055556 0.000000 0
2.952795 0.107677 1
3.570265 2.320343 2
3.436522 2.260481 1
3.433949 2.407681 2
4.274614 2.090020 1
1.115047 1.241050 1
5.878862 0.239091 1
2.865752 0.975219 1
2.901945 1.074872 1
2.819974 1.143045 1
5.876892 0.663522 1
5.972222 0.000000 0
6.067082 0.109985 1
5.898426 0.116071 1
3.957970 0.911975 1
0.390641 1.407513 1
0.441784 1.278391 1
0.496440 1.418488 1
1.129870 2.711843 1
1.458757 1.139654 1
3.883708 1.567199 1
2.087509 2.079071 1
2.189418 2.140769 2
3.139514 2.120711 1
3.296390 2.111793 1
3.199289 2.221692 1
1.882226 2.368093 1
1.944444 0.000000 0
0.000000 1.944444 0
2.162515 0.902203 1
5.387472 0.522666 1
3.915571 0.802402 1
1.994545 1.394618 1
0.208161 2.029161 1
2.029161 0.208161 1
5.404268 1.122500 1
5.468201 1.238726 1
3.080878 0.732427 1
3.040666 0.853878 1
3.959123 0.513422 1
5.389453 0.105653 1
3.726347 0.895825 1
1.928613 1.772891 1
3.941152 0.610507 1
4.067390 1.302073 1
4.148262 1.378936 1
4.070376 1.461076 1
5.359257 0.759984 1
4.455444 0.607523 1
4.560836 0.542137 1
4.563451 0.696712 1
4.670970 0.591237 1
3.878421 1.282080 1
1.223186 0.559792 1
5.283319 0.442716 1
2.725824 1.139400 1
2.811653 1.245847 1
4.697741 1.235568 1
5.438052 1.373489 1
5.350778 1.260211 1
3.204315 1.379568 1
3.259067 1.085353 1
0.910307 0.820293 1
4.312671 2.198335 2
0.972222 0.000000 0
0.000000 0.972222 0
4.842820 0.875042 1
1.226026 0.652913 1
2.314593 1.659975 1
3.393071 2.160466 1
2.601359 2.058598 2
2.521679 1.988620 1
3.121882 1.466238 1
1.003319 0.703230 1
3.223093 2.028296 1
3.258112 1.230243 1
4.780706 1.288361 1
2.826248 2.103138 1
2.930329 2.224630 2
2.779103 2.240019 2
2.420148 1.007251 1
1.021242 2.290112 1
4.682758 1.491060 1
4.663811 1.351062 1
5.468232 0.781475 1
4.440127 1.087113 1
4.143056 0.964561 1
3.745319 0.148263 1
2.662411 1.226015 1
5.004983 1.311464 1
0.000000 2.916667 0
0.000000 2.777778 0
0.126715 2.825142 1
2.777778 0.000000 0
2.916667 0.000000 0
2.824630 0.126071 1
3.155647 0.105018 1
0.105018 3.155647 1
1.414830 1.003783 1
0.897737 2.261121 1
2.953717 1.735142 1
0.407763 0.954280 1
0.280749 0.962352 1
0.799050 1.004161 1
2.026828 0.785144 1
4.225101 2.304498 2
2.076653 0.355921 1
1.928411 0.294825 1
1.942917 0.425354 1
0.338355 2.037788 1
0.294825 1.928411 1
4.921088 1.717341 1
4.469009 2.230560 2
4.409590 2.128758 1
4.444445 0.000000 0
4.543991 0.104653 1
5.694445 0.000000 0
4.823249 1.882537 1
5.232052 1.265720 1
3.750000 0.000000 0
4.033442 0.602806 1
0.304244 1.212124 1
0.299258 1.339156 1
5.994103 0.213297 1
3.940217 2.293453 2
0.804001 0.635863 1
1.058497 0.184312 1
0.184312 1.058497 1
3.394670 1.027432 1
5.708072 1.483647 2
5.566142 1.451249 1
1.434055 2.688274 1
3.942056 1.661629 1
1.524075 2.643659 1
3.345389 1.153100 1
0.711231 0.936692 1
0.437769 1.057717 1
0.785964 2.303798 1
0.769742 2.412311 1
3.088658 2.269545 1
3.226219 2.342403 2
3.102443 2.417721 2
5.312334 0.951196 1
5.261732 0.838786 1
2.774451 1.565211 1
3.504400 0.508635 1
2.507634 1.068091 1
3.231197 0.473336 1
3.842282 0.902299 1
0.588144 0.588144 1
0.513241 0.509499 1
3.097116 0.451777 1
4.693324 1.835843 1
5.540326 1.323904 1
2.463426 0.213157 1
2.378560 0.187229 1
4.363525 2.028943 1
5.274411 1.744259 1
5.348793 1.834921 2
3.623500 2.212112 2
1.412666 1.711518 1
4.305555 0.000000 0
4.188107 0.103704 1
2.037129 0.482115 1
3.888889 0.000000 0
3.606921 0.671055 1
0.588716 3.246781 1
3.612837 0.214986 1
2.715691 1.741103 1
0.967330 1.604430 1
4.673587 0.710112 1
2.168581 2.022651 1
6.375421 0.217663 2
6.264836 0.224408 1
1.494926 1.608590 1
4.473945 0.484199 1
4.871843 2.202187 2
1.201904 1.471797 1
0.660197 2.980864 1
0.635436 3.122160 1
4.861111 0.000000 0
5.000000 0.000000 0
4.909756 0.121741 1
2.173393 0.790393 1
4.583333 0.000000 0
4.722222 0.000000 0
4.672441 0.119825 1
1.755678 2.469362 1
3.432795 1.920420 1
0.990084 2.182014 1
0.891994 2.156935 1
0.961750 2.062615 1
1.069861 2.093642 1
0.000000 0.000000 0
0.138889 0.000000 0
0.114254 0.114254 1
0.000000 0.138889 0
4.730761 0.885847 1
0.877952 0.476651 1
1.297043 1.547593 1
1.152123 0.105043 1
0.104976 1.151346 1
0.668522 2.223001 1
0.594302 2.129804 1
0.468229 2.064114 1
1.998749 1.156131 1
2.361111 0.000000 0
2.439367 0.106791 1
2.293406 0.104691 1
0.000000 2.361111 0
0.104577 2.288904 1
0.107604 2.436661 1
2.985061 0.969088 1
3.254211 0.592756 1
2.984742 2.359340 2
1.529652 2.930318 2
2.822122 1.771414 1
4.623531 1.736114 1
1.355461 3.026949 1
3.607256 2.092462 1
4.368527 0.081179 1
5.285372 0.138369 1
1.683176 2.417166 1
1.708324 0.828011 1
6.201790 0.855314 2
2.317063 1.775103 1
0.694410 0.592424 1
4.637472 1.933982 1
1.512000 3.028704 2
0.770035 2.936203 1
5.138889 0.000000 0
5.194705 0.085142 1
4.166667 0.000000 0
4.827893 1.769695 1
4.735635 1.704167 1
6.303110 0.114363 1
1.854079 0.501035 1
1.834179 0.376955 1
6.433274 0.580817 2
4.823543 1.530825 1
4.799692 1.398689 1
4.694332 1.602949 1
0.227374 0.751302 1
3.304002 2.226061 1
0.468288 3.220364 1
2.937374 0.769187 1
2.537799 1.157463 1
0.500699 2.168376 1
4.960206 1.506675 1
0.167097 3.240989 1
3.240989 0.167097 1
1.396836 1.506192 1
2.060268 1.266113 1
2.130070 1.378753 1
3.448032 1.143824 1
0.912848 1.945715 1
6.388889 0.000000 0
6.527778 0.000000 0
6.405153 0.101550 2
3.024067 2.154481 1
2.307020 0.783294 1
1.201700 2.419512 1
4.761513 0.665579 1
1.153550 0.213930 1
0.213930 1.153550 1
0.188829 2.366446 1
0.216388 0.089976 1
0.091278 0.219877 1
0.829501 0.908576 1
2.942861 2.108407 1
3.346754 2.327696 1
2.310028 0.998124 1
6.096117 0.210944 1
2.915656 1.182207 1
3.783251 0.797203 1
3.128230 0.636367 1
1.378407 1.612362 1
4.243562 0.616111 1
1.982508 2.110129 1
2.214086 0.980023 1
4.243294 0.265448 1
4.357610 0.555006 1
5.277778 0.000000 0
2.401212 0.886268 1
0.264624 2.150678 1
2.132638 0.245777 1
2.262382 0.888277 1
4.540840 1.979222 1
1.759653 0.444356 1
0.319502 1.079225 1
0.000000 1.111111 0
1.111111 0.000000 0
4.677654 0.468864 1
4.908827 1.410845 1
0.670592 2.459717 1
4.027778 0.000000 0
2.910770 2.004319 1
2.460347 0.671721 1
1.268035 0.888256 1
3.154818 0.542404 1
5.833333 0.000000 0
4.829906 1.649870 1
4.741789 0.782922 1
4.849654 0.738157 1
1.532904 1.058559 1
0.883838 2.905522 1
2.691714 2.142068 2
0.447165 3.090198 1
5.169352 1.977927 2
1.160633 2.284393 1
2.909976 1.879384 1
2.352547 0.687952 1
4.936807 1.614838 1
1.719057 0.348415 1
4.783470 0.397058 1
4.796529 0.282452 1
3.194444 0.000000 0
0.000000 3.194444 0
4.533991 1.348814 1
5.279668 1.913752 2
5.213384 1.838588 1
4.695080 0.236925 1
2.033170 1.767027 1
2.902155 0.879769 1
0.526815 1.532871 1
0.688612 2.346434 1
2.416507 0.770873 1
1.253819 2.221075 1
4.453945 2.031813 1
0.402869 1.155797 1
3.123369 1.995431 1
3.022892 2.055470 1
0.416624 1.526584 1
1.826902 0.719624 1
2.148384 1.913549 1
2.044647 2.000212 1
4.791667 0.183726 1
4.791667 0.078739 1
0.538731 3.146183 1
2.129306 1.804879 1
3.021968 1.940591 1
2.812789 1.869311 1
5.389285 0.867283 1
1.422505 3.123403 2
0.565144 2.223985 1
4.995025 2.181149 3
0.208869 2.269420 1
2.807389 0.224724 1
0.226583 2.806432 1
3.231018 1.924711 1
3.593017 0.564681 1
5.763889 0.075243 1
2.200007 1.619631 1
3.965343 1.219341 1
2.771380 1.669078 1
1.357789 0.913241 1
2.233232 1.841750 1
4.960452 0.689004 1
3.320478 1.980983 1
5.986506 0.632032 1
4.883244 0.236595 1
2.217895 1.739479 1
5.626503 1.565697 2
4.006957 1.578603 1
0.080980 3.256537 1
3.256537 0.080980 1
1.047968 0.081641 1
0.081641 1.047968 1
1.084230 2.199133 1
3.958333 0.073239 1
6.116432 0.504141 1
5.955906 0.325406 1
5.925706 0.435554 1
5.899045 0.541603 1
6.025506 0.407118 1
6.009024 0.516635 1
3.319385 2.425381 2
3.406164 1.651777 1
0.904912 1.004763 1
2.112085 1.701302 1
6.063309 0.305677 1
 0 1 2
 3 0 2
 4 5 6
 6 5 7
 8 9 10
 11 12 13
 14 15 16
 9 17 10
 18 19 20
 19 21 20
 22 15 14
 23 11 13
 24 25 26
 26 25 27
 28 29 30
 31 32 33
 34 35 36
 37 38 13
 39 40 41
 42 43 44
 45 46 47
 48 49 50
 51 4 52
 53 54 55
 56 57 58
 59 60 61
 62 46 45
 63 64 65
 66 67 68
 65 64 69
 70 71 72
 73 74 75
 76 77 78
 79 80 81
 82 70 72
 83 84 85
 73 86 74
 87 88 89
 90 91 92
 93 94 95
 96 93 95
 97 26 98
 99 100 101
 102 103 104
 26 27 98
 105 33 32
 106 107 108
 103 109 104
 110 111 112
 113 112 111
 114 115 116
 117 116 115
 34 118 35
 37 119 38
 120 58 57
 121 122 123
 124 125 126
 127 128 129
 130 87 89
 128 131 129
 132 48 50
 28 133 134
 55 54 135
 136 137 138
 106 139 107
 140 141 142
 59 61 143
 144 143 61
 145 146 147
 148 147 146
 149 150 151
 152 153 154
 155 154 153
 156 157 26
 158 53 17
 159 160 161
 162 163 164
 165 166 167
 168 169 170
 171 44 43
 172 173 174
 158 2 1
 175 176 177
 178 179 180
 181 182 183
 184 185 186
 187 184 186
 188 189 190
 190 189 191
 192 26 157
 114 157 115
 156 115 157
 193 170 169
 194 195 196
 197 198 199
 39 200 201
 202 203 77
 204 205 206
 107 206 205
 207 208 209
 210 211 212
 213 214 215
 4 6 52
 216 217 218
 219 220 221
 222 223 224
 159 161 225
 83 226 84
 90 227 228
 207 229 208
 82 230 231
 178 232 179
 233 234 235
 158 236 53
 237 238 239
 240 241 242
 243 244 245
 246 130 89
 247 248 249
 250 249 248
 251 237 239
 171 252 147
 253 254 255
 59 256 257
 59 257 60
 258 259 260
 246 261 130
 117 115 262
 263 264 126
 265 266 267
 268 127 129
 232 269 270
 271 272 273
 274 273 272
 137 275 138
 276 277 278
 279 280 281
 282 283 284
 216 126 264
 158 285 236
 286 287 43
 280 288 281
 289 64 63
 290 291 292
 293 294 295
 69 64 176
 296 297 298
 299 300 237
 237 300 301
 131 142 129
 210 302 211
 28 303 29
 142 141 129
 304 305 13
 268 306 127
 296 307 297
 132 36 308
 43 287 309
 59 310 256
 152 154 108
 193 169 311
 250 312 313
 314 270 269
 155 315 154
 316 317 318
 319 320 321
 322 321 320
 91 323 92
 324 325 63
 178 180 326
 28 134 303
 276 327 277
 328 329 330
 56 331 57
 296 332 307
 333 334 335
 336 337 338
 232 270 339
 194 340 195
 341 197 199
 156 26 97
 342 47 160
 290 292 343
 294 344 295
 345 346 30
 28 30 346
 21 72 71
 41 40 347
 348 349 270
 192 24 26
 350 351 182
 352 182 351
 353 354 355
 176 64 177
 356 183 182
 357 349 348
 358 245 244
 359 123 206
 360 283 282
 145 147 252
 361 362 363
 364 363 362
 78 185 76
 328 365 329
 96 366 93
 367 93 366
 267 266 368
 369 2 8
 68 67 370
 204 206 123
 371 372 1
 288 244 243
 159 225 373
 374 373 225
 168 375 169
 105 32 376
 56 58 377
 378 379 380
 381 382 383
 384 52 6
 380 379 349
 385 386 235
 90 387 91
 371 388 389
 296 298 390
 381 391 392
 393 151 150
 83 394 242
 395 396 397
 398 397 396
 399 400 401
 106 254 139
 159 402 160
 35 403 404
 36 35 404
 37 13 405
 406 407 408
 409 407 406
 410 411 412
 413 414 260
 415 81 80
 37 416 292
 417 292 416
 135 54 418
 16 127 306
 34 36 419
 156 420 115
 421 355 354
 422 423 411
 424 425 426
 427 428 429
 430 431 432
 433 434 435
 436 435 434
 178 269 232
 437 259 438
 258 438 259
 439 440 441
 364 441 440
 442 401 400
 443 279 444
 445 174 173
 381 392 382
 446 307 447
 448 449 295
 403 295 449
 23 13 38
 29 426 450
 451 106 154
 443 280 279
 217 452 218
 365 453 329
 120 57 454
 455 456 457
 458 457 456
 414 459 460
 461 460 459
 462 463 464
 154 106 108
 22 465 466
 446 467 307
 51 231 4
 241 468 469
 470 235 234
 471 391 472
 168 472 391
 473 306 474
 181 475 182
 476 466 465
 16 477 127
 478 479 480
 324 63 481
 462 464 482
 483 318 317
 424 484 425
 274 485 377
 333 351 486
 42 44 487
 488 456 489
 490 491 459
 492 370 67
 328 330 493
 113 494 495
 381 496 391
 497 389 498
 497 480 335
 479 335 480
 499 418 500
 501 235 386
 502 237 301
 213 503 214
 39 41 504
 336 338 505
 506 507 508
 276 469 468
 56 377 485
 386 385 509
 66 68 510
 509 385 511
 79 52 80
 427 429 512
 431 513 432
 514 339 270
 515 164 163
 516 167 166
 458 517 261
 502 518 248
 250 248 518
 519 520 521
 437 522 362
 168 391 523
 524 525 526
 527 528 67
 529 530 531
 532 533 534
 535 33 284
 105 284 33
 276 278 407
 488 489 536
 10 17 537
 210 538 539
 540 444 541
 542 338 337
 247 249 543
 544 543 249
 364 362 522
 545 438 546
 263 196 195
 359 199 198
 547 50 49
 107 205 108
 100 548 101
 102 104 549
 550 551 552
 369 553 2
 149 221 220
 554 224 223
 555 92 323
 263 126 196
 359 198 123
 31 556 32
 557 558 559
 560 561 562
 563 562 561
 421 468 241
 117 564 565
 501 525 566
 567 566 525
 62 45 568
 130 568 45
 31 569 137
 570 368 266
 201 200 416
 571 572 573
 574 575 576
 446 447 217
 577 217 447
 578 579 192
 333 580 334
 121 123 198
 125 196 126
 581 236 285
 582 444 540
 193 311 7
 583 111 584
 110 584 111
 529 460 530
 532 534 457
 122 164 123
 124 126 166
 31 33 585
 439 441 477
 31 585 569
 148 146 586
 587 588 475
 152 205 589
 265 267 590
 591 84 143
 100 592 548
 593 102 549
 13 305 405
 227 449 228
 535 594 33
 60 453 61
 446 595 85
 579 596 192
 389 388 498
 149 151 597
 148 586 133
 598 133 586
 342 160 599
 289 63 325
 135 418 499
 268 474 306
 36 404 308
 600 420 601
 117 565 602
 603 188 604
 69 176 605
 422 606 607
 421 241 355
 107 608 206
 160 47 161
 171 147 44
 609 610 611
 612 611 610
 535 284 283
 613 614 615
 616 617 618
 417 343 292
 448 295 344
 381 383 619
 51 620 621
 603 622 614
 59 623 310
 524 624 525
 467 84 591
 85 84 467
 115 420 262
 625 30 626
 613 627 614
 420 628 601
 544 249 629
 630 631 632
 393 632 631
 497 633 389
 1 372 285
 422 607 615
 304 13 12
 395 397 634
 478 634 397
 113 495 561
 563 561 495
 364 635 441
 299 237 636
 251 636 237
 175 637 176
 132 50 36
 371 389 638
 152 639 153
 242 394 640
 131 641 142
 378 573 435
 433 435 573
 172 642 173
 240 643 241
 644 645 153
 155 153 645
 140 142 646
 145 647 146
 21 71 20
 648 649 650
 156 97 628
 651 628 97
 210 652 538
 653 654 655
 204 123 656
 216 218 126
 3 2 553
 73 75 657
 216 658 217
 319 659 320
 660 72 661
 571 573 662
 575 663 576
 316 61 453
 120 664 58
 82 665 230
 625 666 652
 667 668 669
 158 9 2
 399 670 400
 210 539 671
 550 552 487
 258 546 438
 56 485 672
 37 405 201
 140 201 405
 403 227 404
 175 404 227
 625 673 30
 105 674 282
 62 568 517
 213 116 602
 675 676 677
 180 677 676
 678 95 94
 254 632 255
 679 434 151
 433 151 434
 603 627 188
 333 486 580
 680 611 503
 681 450 426
 587 475 682
 202 376 32
 527 683 528
 446 217 658
 684 685 380
 686 687 348
 117 602 116
 688 520 519
 205 689 589
 85 595 394
 391 496 523
 51 621 690
 691 3 692
 345 693 212
 694 695 650
 696 507 697
 557 698 699
 700 699 698
 692 3 701
 172 702 528
 278 528 702
 443 657 75
 39 646 40
 276 407 409
 425 703 426
 36 50 419
 142 40 646
 704 705 481
 706 481 705
 241 469 242
 625 707 666
 708 709 710
 421 327 468
 408 407 174
 374 225 711
 577 452 217
 374 338 373
 542 373 338
 712 713 714
 488 485 272
 274 272 485
 715 401 439
 168 170 472
 716 600 173
 642 716 173
 29 303 426
 598 618 134
 424 134 618
 249 717 629
 159 518 402
 471 505 338
 718 719 203
 15 401 715
 720 721 722
 202 77 723
 162 724 163
 725 165 167
 214 726 215
 28 727 133
 660 661 209
 728 273 383
 598 134 133
 114 729 157
 192 157 729
 730 432 513
 731 512 429
 250 717 249
 732 302 733
 210 212 693
 681 426 703
 246 89 734
 735 734 89
 583 584 736
 607 666 707
 485 536 672
 616 618 737
 359 206 608
 617 484 618
 688 733 302
 738 161 47
 143 84 623
 275 739 138
 273 740 383
 741 742 743
 744 552 551
 21 661 72
 567 525 624
 476 282 674
 336 418 54
 312 741 743
 83 469 409
 240 714 713
 288 243 281
 745 746 747
 748 747 746
 250 749 312
 106 750 254
 148 133 751
 752 706 753
 517 568 261
 193 7 754
 755 70 756
 322 757 95
 83 85 394
 320 659 758
 360 282 465
 476 465 282
 653 759 654
 760 396 701
 410 538 666
 652 666 538
 29 626 30
 219 761 220
 762 222 224
 446 85 467
 384 311 763
 66 764 451
 473 14 306
 591 297 467
 307 467 297
 73 657 765
 557 766 558
 233 657 234
 767 526 768
 757 769 95
 152 108 205
 66 451 315
 275 137 569
 68 759 770
 653 770 759
 771 721 720
 322 320 772
 5 773 7
 735 89 659
 88 758 659
 378 662 573
 314 576 663
 82 72 665
 550 44 751
 148 751 44
 774 775 776
 105 282 284
 777 281 243
 210 693 652
 625 652 673
 545 522 438
 90 92 637
 176 637 92
 535 317 365
 316 365 317
 755 71 70
 473 474 778
 76 723 77
 10 537 779
 780 779 537
 345 212 781
 782 500 418
 507 533 508
 247 239 238
 316 318 61
 316 453 365
 506 697 507
 648 650 695
 471 392 391
 374 382 783
 462 208 229
 56 784 331
 785 752 753
 5 4 786
 787 788 789
 790 791 792
 696 793 507
 694 650 794
 527 795 642
 745 747 523
 276 468 327
 474 796 778
 233 765 657
 367 366 797
 798 799 326
 554 326 799
 421 800 327
 611 801 503
 398 396 802
 731 803 804
 805 804 803
 577 806 807
 730 807 806
 148 44 147
 808 209 208
 809 810 368
 345 30 673
 79 81 552
 42 552 81
 811 812 495
 617 813 484
 192 596 24
 7 311 6
 814 208 482
 462 482 208
 83 242 469
 51 815 231
 742 54 236
 53 236 54
 497 498 634
 728 382 711
 374 711 382
 732 756 690
 816 331 784
 168 747 375
 37 292 119
 384 6 311
 630 770 631
 653 631 770
 817 736 584
 818 819 195
 263 195 819
 328 569 585
 820 710 709
 28 346 727
 630 632 254
 398 821 397
 679 631 822
 823 150 220
 824 224 799
 478 480 634
 731 804 163
 515 163 804
 516 807 167
 730 167 807
 712 819 713
 342 825 45
 320 758 772
 826 827 519
 476 828 466
 829 629 717
 492 67 528
 476 830 828
 831 772 758
 675 832 354
 421 354 832
 353 833 354
 443 444 582
 834 474 835
 268 835 474
 836 837 838
 250 313 717
 839 620 840
 79 840 620
 653 822 631
 367 841 93
 458 842 517
 113 561 112
 324 843 325
 675 354 676
 798 676 354
 532 457 844
 738 47 46
 570 809 368
 738 845 161
 253 139 254
 846 847 434
 532 844 848
 193 500 170
 814 590 849
 516 218 452
 760 701 810
 850 827 755
 519 827 850
 230 786 231
 403 851 295
 852 35 118
 846 677 179
 180 179 677
 732 733 756
 312 743 313
 653 655 822
 728 383 382
 701 853 810
 492 528 277
 572 221 573
 574 576 223
 854 19 855
 288 75 74
 675 655 654
 21 854 661
 497 335 334
 557 856 698
 188 190 604
 60 257 857
 502 301 599
 858 494 859
 686 348 663
 685 662 380
 471 472 505
 782 505 472
 826 519 521
 610 860 49
 755 756 733
 780 499 754
 193 754 499
 181 797 366
 422 411 606
 422 615 614
 816 861 331
 62 517 862
 395 634 498
 760 802 396
 258 260 863
 864 104 109
 385 235 865
 866 310 623
 455 104 489
 864 489 104
 461 491 101
 443 582 234
 470 234 582
 42 487 552
 748 867 747
 630 254 750
 395 692 396
 660 665 72
 442 440 401
 524 719 868
 869 190 870
 651 97 871
 79 552 840
 744 840 552
 112 561 872
 278 277 528
 502 238 237
 443 75 280
 250 518 749
 583 736 377
 265 873 266
 408 874 310
 149 220 150
 554 799 224
 744 346 781
 345 781 346
 675 677 655
 314 663 348
 378 380 662
 186 670 830
 875 876 347
 609 639 589
 152 589 639
 524 868 624
 399 401 15
 875 347 40
 877 878 879
 612 48 880
 881 882 883
 174 407 702
 563 495 812
 76 185 884
 333 885 351
 612 610 49
 526 525 768
 256 310 874
 886 887 888
 168 523 747
 88 659 89
 886 888 889
 890 891 892
 890 892 893
 178 576 269
 314 269 576
 311 894 763
 322 95 321
 678 321 95
 27 25 569
 275 569 25
 202 32 556
 437 438 522
 600 262 420
 39 201 646
 583 377 58
 679 895 631
 603 614 627
 433 597 151
 445 896 874
 680 503 602
 213 602 503
 341 199 897
 340 898 195
 296 390 899
 107 139 608
 171 43 309
 332 900 901
 307 332 447
 577 447 332
 191 870 190
 175 227 637
 37 201 416
 488 536 485
 213 215 902
 358 902 215
 903 904 905
 906 907 908
 51 52 620
 79 620 52
 51 690 815
 21 19 854
 213 902 116
 735 659 909
 83 409 226
 22 466 15
 207 209 661
 403 449 227
 246 910 261
 836 911 775
 140 646 201
 233 235 566
 501 566 235
 328 594 365
 90 637 227
 670 912 400
 367 797 913
 10 914 8
 442 915 363
 361 363 915
 76 376 723
 455 549 104
 461 101 548
 288 280 75
 557 559 916
 811 495 917
 146 918 586
 550 487 44
 105 376 919
 688 519 850
 153 639 920
 180 676 326
 798 326 676
 422 614 921
 436 434 847
 818 713 819
 922 765 233
 293 295 904
 291 908 292
 114 116 902
 798 354 833
 566 922 233
 846 434 923
 849 590 924
 925 915 400
 442 400 915
 279 785 444
 541 444 785
 144 61 318
 745 523 496
 328 493 569
 422 921 423
 333 335 559
 276 409 469
 545 546 926
 875 926 546
 744 551 346
 369 8 914
 399 15 466
 342 45 47
 755 20 71
 927 928 647
 694 787 695
 791 696 697
 929 858 859
 541 785 753
 814 849 930
 931 930 849
 668 932 669
 393 631 895
 805 933 934
 603 935 622
 936 779 937
 780 937 779
 834 796 474
 10 938 914
 433 573 597
 178 939 576
 836 722 837
 940 837 722
 866 84 226
 529 941 460
 17 55 537
 76 884 376
 122 162 164
 165 124 166
 136 556 137
 31 137 556
 555 734 942
 735 942 734
 560 872 561
 497 334 633
 650 649 531
 324 785 943
 279 943 785
 265 590 482
 814 482 590
 414 863 260
 944 901 900
 660 945 665
 230 665 945
 946 531 530
 947 534 533
 4 231 786
 816 784 109
 445 601 948
 130 45 87
 814 930 208
 808 208 930
 358 244 949
 950 949 244
 301 951 599
 68 770 510
 644 565 564
 424 303 134
 834 899 390
 470 582 841
 448 228 449
 202 723 376
 886 778 796
 417 416 200
 479 916 335
 591 143 952
 953 954 955
 836 775 956
 16 306 14
 350 475 588
 612 880 801
 271 862 272
 428 905 429
 430 432 907
 787 789 695
 791 697 792
 957 880 48
 360 465 958
 22 958 465
 158 1 285
 748 287 959
 286 959 287
 950 729 949
 114 949 729
 274 377 736
 667 669 709
 369 914 849
 774 509 511
 253 960 199
 818 195 961
 371 1 0
 527 642 683
 172 683 642
 328 585 594
 852 905 904
 962 908 907
 878 927 647
 684 380 963
 357 963 380
 357 348 964
 687 964 348
 965 654 759
 191 669 870
 774 966 775
 940 967 837
 777 243 968
 90 228 387
 191 969 669
 875 546 876
 572 219 221
 222 574 223
 319 321 970
 738 971 845
 555 323 972
 60 857 329
 973 857 257
 445 948 896
 319 970 705
 110 974 584
 202 975 203
 225 161 845
 811 881 812
 976 215 726
 655 677 923
 846 923 677
 39 504 200
 399 828 670
 113 977 494
 424 618 484
 514 270 349
 144 952 143
 271 971 46
 738 46 971
 872 745 978
 600 716 262
 207 661 854
 584 974 619
 186 830 187
 555 972 734
 414 460 941
 443 234 657
 651 948 601
 979 616 737
 979 737 918
 962 38 119
 289 325 980
 777 980 325
 458 261 910
 730 981 432
 731 429 982
 322 772 757
 299 757 772
 644 153 920
 547 860 803
 103 816 109
 268 129 141
 458 456 842
 490 459 413
 957 983 880
 439 401 440
 369 984 553
 985 934 933
 950 578 729
 393 255 632
 823 255 150
 824 799 986
 53 55 17
 340 987 898
 988 341 897
 158 17 9
 112 872 978
 560 989 746
 145 879 647
 679 923 434
 607 606 666
 289 177 64
 668 953 932
 357 380 349
 314 348 270
 230 990 786
 146 647 928
 271 273 971
 728 971 273
 514 349 379
 268 141 991
 140 305 991
 992 929 454
 774 511 993
 289 994 177
 175 994 308
 298 297 952
 66 995 67
 527 67 995
 712 264 819
 263 819 264
 214 801 880
 996 848 844
 359 608 199
 253 199 608
 455 534 549
 461 548 530
 299 636 757
 587 757 636
 506 792 697
 648 695 789
 240 242 640
 834 390 796
 651 601 628
 997 708 710
 836 838 911
 805 803 860
 936 998 938
 999 1000 763
 415 763 1000
 319 909 659
 382 392 783
 642 795 716
 708 667 709
 27 569 493
 130 261 568
 1001 564 262
 106 451 764
 131 128 1002
 805 610 933
 609 933 610
 410 606 411
 117 262 564
 817 619 383
 880 983 726
 364 522 635
 545 635 522
 774 1003 509
 159 749 518
 529 1004 941
 502 402 518
 330 871 98
 782 472 170
 342 599 951
 462 1005 463
 547 803 419
 178 326 939
 478 397 821
 1001 262 716
 360 958 1006
 473 1006 958
 940 722 721
 878 647 879
 554 939 326
 1007 913 797
 502 248 238
 296 900 332
 132 1008 48
 957 48 1008
 105 919 674
 936 945 1009
 515 1010 656
 483 889 318
 144 318 889
 393 895 151
 679 151 895
 985 933 589
 609 589 933
 515 934 1010
 265 482 464
 384 80 52
 110 112 978
 774 776 1003
 1011 562 1012
 696 1013 793
 1014 694 794
 330 857 871
 455 489 456
 461 459 491
 1007 993 511
 780 537 1015
 202 556 975
 352 351 885
 1016 1005 1017
 562 1018 1012
 1019 138 739
 140 405 305
 59 143 623
 82 231 815
 458 844 457
 547 49 860
 591 952 297
 69 1020 65
 950 74 86
 748 746 989
 2 9 8
 169 894 311
 175 308 404
 680 602 565
 11 23 981
 34 419 803
 120 494 977
 390 887 796
 442 363 440
 806 11 981
 780 1015 499
 936 1009 998
 1021 640 394
 881 883 812
 204 689 205
 777 968 980
 834 1022 899
 304 899 1022
 1005 229 1017
 408 174 874
 135 499 1015
 175 177 994
 544 334 580
 532 508 533
 455 457 534
 461 530 460
 577 901 806
 441 1002 128
 535 365 594
 140 991 141
 780 773 937
 132 308 994
 304 991 305
 936 938 779
 304 1022 991
 120 859 494
 936 937 990
 393 150 255
 798 986 799
 97 98 871
 573 221 597
 576 939 223
 346 551 727
 268 991 835
 132 994 1008
 289 1023 994
 495 494 917
 858 917 494
 253 255 960
 823 960 255
 818 961 986
 824 986 961
 214 503 801
 563 812 883
 506 387 228
 651 871 948
 973 948 871
 535 283 317
 731 982 803
 34 803 982
 730 806 981
 745 496 978
 550 751 727
 133 727 751
 483 317 1024
 424 426 303
 1025 368 810
 537 55 1015
 598 737 618
 381 974 496
 931 914 938
 123 164 656
 515 656 164
 516 166 218
 126 218 166
 947 549 534
 946 530 548
 232 339 847
 135 1015 55
 630 764 510
 324 752 785
 192 729 578
 790 792 344
 448 344 792
 417 789 343
 788 343 789
 288 74 244
 445 874 174
 950 86 578
 818 986 1026
 184 884 185
 818 1026 713
 241 643 355
 445 173 601
 16 15 715
 497 634 480
 771 720 1027
 1028 1027 720
 470 865 235
 583 664 111
 113 111 977
 62 862 46
 271 46 862
 429 118 982
 630 750 764
 936 990 945
 358 949 902
 114 902 949
 805 934 804
 555 942 605
 207 854 1017
 216 1029 658
 193 499 500
 980 968 983
 550 727 551
 906 430 907
 428 903 905
 609 611 1030
 1031 1032 138
 875 641 926
 1033 1034 879
 877 879 1034
 34 982 118
 903 293 904
 291 906 908
 1035 347 876
 1019 1036 138
 1031 138 1036
 5 786 990
 384 763 80
 415 80 763
 155 645 795
 1001 795 645
 1007 183 1037
 839 621 620
 488 842 456
 414 413 459
 704 65 1020
 1033 883 1034
 882 1034 883
 1025 553 984
 353 643 713
 240 713 643
 756 70 815
 199 960 897
 195 898 961
 780 754 773
 864 536 489
 350 182 475
 973 871 857
 1031 868 1032
 181 366 682
 680 1030 611
 385 1038 511
 66 510 764
 839 1039 211
 212 211 1039
 648 200 504
 1007 511 1038
 361 915 1040
 612 801 611
 704 909 705
 319 705 909
 836 956 720
 805 860 610
 864 109 784
 612 49 48
 304 1041 899
 1042 464 463
 432 981 1043
 732 211 302
 296 899 900
 1007 797 183
 577 807 452
 471 338 783
 298 952 888
 864 784 672
 56 672 784
 230 945 990
 23 1043 981
 448 1044 228
 417 200 1045
 184 674 919
 675 654 832
 356 1046 1027
 82 815 70
 156 628 420
 718 203 975
 272 862 1047
 197 121 198
 125 194 196
 414 941 863
 506 228 1044
 648 1045 200
 755 827 20
 555 605 92
 931 849 914
 267 924 590
 1021 658 1029
 1001 716 795
 425 1048 710
 997 710 1048
 1035 941 1004
 16 715 477
 385 865 913
 41 1004 649
 529 649 1004
 532 848 508
 91 508 848
 356 182 1046
 210 671 302
 529 531 649
 798 833 986
 875 40 641
 172 174 702
 66 315 995
 577 332 901
 931 938 998
 353 713 1026
 154 315 451
 680 639 1030
 817 383 740
 131 1002 926
 600 601 173
 265 464 873
 73 1049 86
 579 86 1049
 312 1050 741
 560 562 989
 106 764 750
 680 920 639
 60 329 453
 985 589 689
 330 329 857
 1007 1038 913
 630 510 770
 367 913 1051
 385 913 1038
 581 285 372
 609 1030 639
 395 498 388
 96 682 366
 965 832 654
 782 170 500
 1019 739 596
 24 596 739
 317 283 1024
 69 942 1020
 155 1052 315
 925 400 912
 806 901 11
 131 926 641
 501 768 525
 172 528 683
 929 859 454
 567 624 1053
 1031 1053 624
 748 959 867
 136 975 556
 650 531 794
 946 794 531
 507 793 533
 947 533 793
 324 481 752
 735 1020 942
 866 623 84
 232 847 179
 506 1044 792
 648 789 1045
 545 926 1002
 69 605 942
 563 883 1018
 1033 1018 883
 247 238 248
 278 702 407
 724 427 512
 431 725 513
 756 815 690
 22 14 958
 940 766 699
 336 505 418
 782 418 505
 93 841 540
 415 1054 81
 42 81 1054
 558 1055 885
 891 684 963
 687 893 964
 88 825 758
 831 758 825
 63 65 481
 704 481 65
 613 615 1056
 488 272 1047
 724 512 163
 725 167 513
 448 792 1044
 417 1045 789
 371 0 691
 395 388 691
 976 968 245
 374 783 338
 944 11 901
 742 337 54
 336 54 337
 145 1057 879
 1033 879 1057
 73 765 1049
 1058 1049 765
 371 638 372
 335 916 559
 96 95 769
 136 1032 975
 788 290 343
 294 790 344
 247 543 239
 486 239 543
 7 773 754
 246 972 910
 730 513 167
 731 163 512
 41 649 504
 648 504 649
 96 769 682
 587 682 769
 777 843 281
 3 853 701
 441 128 477
 243 245 968
 826 1059 827
 820 703 710
 425 710 703
 1028 720 956
 557 699 766
 410 666 606
 831 825 951
 342 951 825
 1011 287 989
 369 849 924
 279 281 943
 953 955 932
 476 187 830
 506 508 387
 91 387 508
 607 1056 615
 558 885 559
 767 386 509
 256 874 896
 127 477 128
 996 910 972
 486 543 580
 598 586 918
 33 594 585
 685 571 662
 575 686 663
 771 1027 1046
 181 682 475
 436 379 435
 396 692 701
 748 989 287
 360 1006 1024
 144 888 952
 436 339 379
 476 674 187
 313 743 1060
 581 1060 743
 858 811 917
 389 629 638
 829 638 629
 927 979 928
 836 720 722
 169 375 894
 999 894 375
 979 918 928
 1035 863 941
 471 783 392
 1021 1029 714
 473 778 1006
 592 1014 1061
 1013 593 1062
 436 847 339
 598 918 737
 10 779 938
 583 58 664
 515 804 934
 502 599 402
 761 988 1063
 987 762 1064
 258 863 876
 1035 876 863
 688 302 671
 1011 989 562
 886 889 1065
 352 1046 182
 312 749 1050
 706 752 481
 439 477 715
 831 300 772
 299 772 300
 45 825 87
 882 877 1034
 771 1055 721
 603 604 935
 700 967 699
 829 1060 372
 581 372 1060
 395 691 692
 777 325 843
 3 553 853
 944 12 11
 669 932 870
 869 870 932
 483 1006 1065
 18 20 827
 813 997 1048
 111 664 977
 120 977 664
 149 597 221
 554 223 939
 940 699 967
 146 928 918
 861 992 1066
 950 244 74
 767 509 1003
 718 975 1032
 1021 394 595
 999 959 1000
 286 1000 959
 188 627 1067
 613 1067 627
 712 714 1029
 999 763 894
 483 1024 1006
 458 910 844
 732 690 621
 5 937 773
 965 800 832
 421 832 800
 88 87 825
 681 1068 1069
 5 990 937
 371 691 388
 29 450 626
 1070 626 450
 3 691 0
 1016 1017 855
 854 855 1017
 558 721 1055
 829 372 638
 965 759 370
 1071 1067 1072
 735 909 1020
 1042 873 464
 837 967 1073
 544 580 543
 996 844 910
 486 351 1074
 350 1074 351
 527 1052 795
 775 966 956
 592 1061 548
 593 549 1062
 1011 1012 252
 965 370 1075
 545 1002 635
 670 828 830
 1025 853 553
 760 810 809
 829 717 1060
 313 1060 717
 274 740 273
 399 466 828
 1007 1037 993
 1028 993 1037
 542 741 1050
 563 1018 562
 823 1063 897
 988 897 1063
 824 898 1064
 987 1064 898
 18 827 1059
 587 769 757
 660 1009 945
 286 1054 1000
 415 1000 1054
 176 92 605
 298 888 887
 462 229 1005
 142 641 40
 742 236 743
 581 743 236
 544 633 334
 947 1062 549
 946 548 1061
 992 454 1066
 57 1066 454
 1071 189 1067
 1011 309 287
 808 1009 209
 660 209 1009
 579 1076 596
 1019 596 1076
 483 1065 889
 864 672 536
 813 1048 484
 425 484 1048
 253 608 139
 732 621 211
 839 211 621
 539 520 671
 587 636 588
 251 588 636
 869 932 955
 184 187 674
 286 43 1054
 42 1054 43
 957 980 983
 352 885 1055
 996 972 323
 144 889 888
 718 868 719
 976 245 215
 831 951 300
 301 300 951
 579 578 86
 1071 1077 189
 191 189 1077
 298 887 390
 957 1023 980
 360 1024 283
 470 841 1051
 940 721 766
 246 734 972
 364 440 363
 145 252 1057
 292 908 119
 962 119 908
 446 658 595
 1021 595 658
 891 963 892
 893 892 964
 356 1027 1037
 1028 1037 1027
 120 454 859
 1025 810 853
 820 1068 703
 214 880 726
 358 215 245
 1011 252 309
 774 993 966
 557 916 856
 479 856 916
 212 1039 781
 744 781 1039
 258 876 546
 429 905 118
 289 980 1023
 473 958 14
 136 138 1032
 516 452 807
 251 239 1074
 486 1074 239
 356 1037 183
 171 309 252
 820 1077 1068
 155 795 1052
 432 1043 907
 976 726 983
 582 540 841
 688 850 733
 408 310 406
 866 406 310
 712 1029 264
 747 867 375
 999 375 867
 755 733 850
 808 998 1009
 541 94 540
 93 540 94
 191 1077 969
 181 183 797
 492 277 1075
 327 1075 277
 962 907 1043
 333 559 885
 678 970 321
 931 998 930
 808 930 998
 251 1074 588
 350 588 1074
 1071 1069 1068
 1058 765 922
 378 435 379
 514 379 339
 547 419 50
 744 1039 840
 839 840 1039
 761 1063 220
 762 224 1064
 852 118 905
 304 12 1041
 160 402 599
 704 1020 909
 204 656 1010
 728 845 971
 817 584 619
 718 1032 868
 345 673 693
 652 693 673
 886 796 887
 295 851 904
 852 904 851
 216 264 1029
 681 703 1068
 681 1069 450
 159 373 1050
 1021 714 640
 1025 984 368
 267 368 984
 886 1065 778
 823 897 960
 824 961 898
 558 766 721
 441 635 1002
 527 995 1052
 625 626 707
 1031 624 868
 1070 707 626
 679 822 923
 655 923 822
 367 1051 841
 985 1010 934
 517 1047 862
 567 922 566
 742 741 337
 846 179 847
 706 970 753
 678 753 970
 824 1064 224
 823 220 1063
 252 1012 1057
 357 964 892
 357 892 963
 274 736 740
 817 740 736
 470 1051 865
 496 974 978
 1071 1068 1077
 381 619 974
 861 1066 331
 57 331 1066
 1028 966 993
 542 1050 373
 613 1056 1072
 159 1050 749
 353 355 643
 700 1073 967
 1035 1004 347
 41 347 1004
 24 739 25
 275 25 739
 991 1022 835
 410 412 538
 539 538 412
 925 1040 915
 1071 1072 1069
 1070 1069 1072
 327 800 1075
 91 848 323
 996 323 848
 678 94 753
 541 753 94
 962 1043 38
 973 896 948
 1070 1072 1056
 688 671 520
 999 867 959
 820 709 969
 944 1041 12
 544 629 633
 976 983 968
 706 705 970
 23 38 1043
 957 1008 1023
 947 793 1062
 946 1061 794
 1001 645 564
 1033 1012 1018
 409 406 226
 973 257 896
 256 896 257
 403 35 851
 110 978 974
 644 564 645
 669 969 709
 1013 1062 793
 1014 794 1061
 994 1023 1008
 834 835 1022
 1058 1053 1036
 1031 1036 1053
 1070 1056 707
 389 633 629
 986 833 1026
 488 1047 842
 517 842 1047
 728 711 845
 225 845 711
 315 1052 995
 820 969 1077
 965 1075 800
 68 370 759
 1006 778 1065
 240 640 714
 613 1072 1067
 745 872 746
 560 746 872
 542 337 741
 771 1046 1055
 1058 1076 1049
 913 865 1051
 501 386 768
 767 768 386
 27 493 98
 330 98 493
 607 707 1056
 579 1049 1076
 376 884 919
 1028 956 966
 204 1010 689
 353 1026 833
 1058 1036 1076
 492 1075 370
 1019 1076 1036
 985 689 1010
 680 565 920
 207 1017 229
 1070 450 1069
 1058 922 1053
 852 851 35
 188 1067 189
 866 226 406
 644 920 565
 352 1055 1046
 369 924 984
 267 984 924
 184 919 884
 1033 1057 1012
 567 1053 922
 944 900 1041
 281 843 943
 899 1041 900
 324 943 843
 0
 0
 43
 1042 767 925 490 398 570 186 437 478 760 700 361 524 479 259 77 362 698 526 775 837 670 260 101 203 1003 809 185 776 911 873 838 802 491 719 266 1073 856 912 78 1040 821 413
 0
 23
 1042 1016 826 869 18 539 423 614 190 411 622 463 1005 604 921 935 521 520 19 412 855 955 1059
 0
 0
