263 467
8.136876 4.213919 1
8.233779 4.208621 1
8.197956 4.353964 1
8.043000 4.266956 1
8.820605 5.021739 1
8.722643 4.893626 1
8.893986 4.907285 2
8.833369 4.807293 2
8.283409 4.508610 1
8.329446 4.403931 1
8.401311 4.564542 1
8.446996 4.428215 1
8.564707 5.134566 1
8.709617 5.112521 1
8.627939 5.212504 1
9.111339 3.475663 2
9.189052 3.630861 2
9.037111 3.620797 1
8.873552 5.163724 2
8.990396 5.045081 2
8.541680 4.309810 1
8.655129 4.284656 1
8.563005 4.423867 1
8.583735 5.031181 1
8.627259 5.314714 2
8.528218 5.353157 3
8.491294 5.224998 1
8.678182 4.436863 1
8.363518 4.296433 1
8.857430 3.828493 1
8.906816 3.683397 1
9.000507 3.767156 1
7.474355 3.948735 1
7.362502 3.998096 1
7.354558 3.843473 1
7.787800 3.842246 1
7.717743 3.712051 1
7.853895 3.704172 1
7.258852 3.938286 1
7.507003 3.833107 1
7.248505 4.062547 1
8.224382 5.129714 1
8.161983 4.972324 1
8.308622 5.038104 1
8.993105 3.903397 1
7.432907 3.754267 1
7.680612 4.592384 1
7.803439 4.691078 1
7.654087 4.696296 1
7.793516 4.580345 1
8.116965 5.102116 1
8.499805 4.198955 1
8.602221 3.469974 2
8.556871 3.586126 1
8.437001 3.520203 1
7.435950 4.462722 1
7.340311 4.526483 2
7.320731 4.347878 1
7.238105 4.475309 2
8.462506 3.635818 1
8.570185 3.698988 1
8.418548 3.747811 1
8.578001 3.849503 1
8.461940 3.408179 2
7.908357 4.798086 1
7.962013 4.663584 1
8.348732 4.179103 1
6.999556 4.038641 1
7.132358 4.123266 1
7.014201 4.188108 1
8.745855 3.392673 2
8.746016 3.500659 1
7.719899 4.769942 1
7.677336 4.871897 1
7.584693 4.797374 1
7.145138 4.312762 1
7.234975 4.226376 1
7.226786 4.375290 1
8.638648 3.969128 1
8.518836 3.956628 1
7.481462 4.203020 1
7.581713 4.284287 1
7.450148 4.327531 1
7.550530 3.698022 1
7.434972 3.621327 1
7.590600 4.173781 1
8.134847 3.534906 1
8.141157 3.688168 1
7.999675 3.667001 1
8.791578 4.266639 1
8.735228 4.162879 1
8.901535 4.154629 1
8.927892 3.522048 1
6.840518 4.024195 2
6.958953 3.898711 2
8.397983 5.325667 2
8.303676 3.298969 2
8.225669 3.402265 1
8.203995 3.214273 2
8.119693 3.335945 1
7.901470 4.551707 1
8.142313 4.540506 1
8.164438 4.105258 1
8.303850 4.077287 1
8.892035 3.981842 1
9.009155 4.033360 1
7.940942 4.044223 1
7.829739 4.154537 1
7.810811 3.992948 1
7.683034 4.079422 1
8.799227 3.695459 1
8.791797 4.408943 1
8.014758 5.026240 1
7.912322 5.070052 2
7.905993 4.939065 1
9.010417 4.264057 1
9.164279 4.330723 2
9.024271 4.401928 1
9.144129 4.504739 2
7.919750 3.793797 1
8.010725 4.891712 1
7.646689 3.834103 1
7.589310 3.951665 1
7.355974 4.133937 1
7.511289 4.077076 1
8.280723 3.514709 1
7.819833 4.993639 1
7.798072 5.105775 2
7.704840 4.993128 2
7.592319 3.433949 1
7.679657 3.570265 1
7.536464 3.555036 1
8.140535 3.900856 1
8.224384 3.983773 1
8.077665 4.032224 1
8.044079 3.806587 1
8.028935 3.941008 1
8.751380 4.564247 1
8.861794 4.526571 1
8.695585 3.615175 1
8.902892 4.323374 1
8.706083 3.761477 1
8.535851 4.550630 1
7.670146 4.365158 1
7.547561 4.413340 1
8.808000 4.066500 1
8.343011 3.622439 1
8.261129 3.719571 1
8.068411 4.410639 1
7.845436 3.518463 1
7.950570 3.409978 1
7.993028 3.524222 1
8.224896 3.609948 1
8.426278 4.109686 1
7.640458 4.476840 1
7.769440 4.469009 1
8.040832 4.749102 1
8.822588 3.578330 1
7.250711 3.717463 2
7.357793 3.705432 1
8.281182 3.844628 1
8.184880 3.793109 1
6.933664 4.371037 2
7.032129 4.300321 1
7.087327 4.451959 2
7.924122 3.904215 1
8.444735 5.075212 1
8.351130 5.181495 1
6.917846 4.123974 1
8.045205 4.134794 1
7.949552 4.167972 1
7.739520 3.436522 1
7.909980 4.274614 1
9.088025 3.957970 1
7.124539 3.959820 1
8.494654 4.948745 1
8.979750 4.530584 2
8.432581 3.883755 1
7.544069 4.540211 1
7.431479 4.611162 1
7.543818 4.675114 1
7.428025 4.762900 2
9.104176 3.726347 1
8.697927 4.067390 1
8.621064 4.148262 1
8.538924 4.070376 1
7.315815 3.590630 2
7.447333 3.485706 2
7.110127 4.224920 1
8.717920 3.878421 1
8.883080 4.651967 2
8.764432 4.697741 1
7.801664 4.312671 1
7.579435 4.927200 3
7.839534 3.393071 1
7.204153 3.827495 1
8.711639 4.780706 1
8.508940 4.682758 1
8.648938 4.663811 1
7.080760 3.837439 1
7.007150 3.739095 2
7.151046 3.739827 2
8.912887 4.440127 1
9.119013 4.198482 2
9.137074 4.064754 2
9.035439 4.143056 1
8.688021 5.006658 1
7.695502 4.225101 1
8.282659 4.921088 1
7.871242 4.409590 1
8.117463 4.823249 1
8.737043 5.234947 2
9.197598 3.915571 2
7.348605 4.683610 2
7.706547 3.940217 1
8.972569 3.394670 3
8.336599 3.943409 1
9.097701 3.842282 1
8.164157 4.693324 1
7.971057 4.363525 1
6.810746 4.185935 2
8.251304 5.295807 2
7.787888 3.623500 1
7.486845 3.218712 3
7.657597 3.226219 2
7.574619 3.319385 1
7.466652 3.355587 2
7.797813 4.871843 1
8.079580 3.432795 1
7.348937 4.244239 1
8.263885 4.623531 1
7.907538 3.607256 1
8.066018 4.637471 1
8.230309 4.827884 1
8.295834 4.735635 1
8.469175 4.823543 1
8.601311 4.799692 1
8.397052 4.694332 1
7.773939 3.304002 1
7.778308 3.199289 2
8.856175 3.448032 2
7.672304 3.346754 1
9.202797 3.783251 2
8.020779 4.540840 1
8.589025 4.907459 1
8.350130 4.829906 1
8.022291 5.169083 2
7.888206 3.296390 2
8.388100 4.946356 1
8.651186 4.533991 1
6.771570 4.326343 3
6.903252 4.256149 1
8.086248 5.279668 2
8.154737 5.215671 1
7.968187 4.453945 1
8.780659 3.965343 1
8.019016 3.320478 1
8.420769 4.007967 1
8.075289 3.231018 2
7.971704 3.223093 2
8.157369 5.343278 2
8.348223 3.406164 2
7.487613 4.872024 2
 0 1 2
 3 0 2
 4 5 6
 6 5 7
 8 9 10
 9 11 10
 12 13 14
 15 16 17
 18 4 19
 20 21 22
 23 13 12
 24 25 26
 14 24 26
 22 21 27
 28 20 11
 29 30 31
 28 2 1
 32 33 34
 35 36 37
 34 33 38
 32 34 39
 40 38 33
 41 42 43
 4 6 19
 29 31 44
 34 45 39
 46 47 48
 49 47 46
 41 50 42
 28 51 20
 52 53 54
 55 56 57
 58 57 56
 59 60 61
 62 61 60
 63 52 54
 64 47 65
 28 66 51
 67 68 69
 52 70 71
 72 73 74
 75 76 77
 62 78 79
 80 81 82
 83 45 84
 76 57 77
 80 85 81
 86 87 88
 89 90 91
 92 17 30
 67 93 94
 95 26 25
 96 97 98
 99 98 97
 72 74 48
 65 47 100
 101 2 8
 102 103 1
 29 44 104
 105 104 44
 106 107 108
 109 108 107
 29 110 30
 27 21 111
 112 113 114
 18 13 4
 115 116 117
 118 117 116
 35 37 119
 112 114 120
 121 122 39
 123 33 124
 86 97 125
 126 127 128
 129 130 131
 83 131 130
 132 133 134
 135 132 136
 80 123 124
 135 119 88
 37 88 119
 137 111 138
 139 52 71
 89 91 140
 39 122 32
 139 141 60
 62 60 141
 83 84 131
 10 11 142
 81 143 144
 145 91 90
 59 61 146
 147 146 61
 40 76 68
 101 148 2
 149 150 151
 49 100 47
 86 152 87
 153 51 66
 154 155 46
 49 46 155
 64 65 156
 132 134 136
 92 30 157
 27 111 137
 30 17 31
 158 159 34
 147 61 160
 135 161 132
 1 103 66
 162 163 164
 35 165 108
 106 108 165
 83 130 36
 3 2 148
 166 26 167
 166 23 12
 28 9 2
 154 144 143
 102 134 133
 86 125 152
 67 69 168
 169 3 170
 149 130 171
 129 171 130
 170 3 172
 105 44 173
 67 174 68
 105 91 104
 145 104 91
 166 175 23
 118 176 117
 61 177 160
 29 141 110
 115 140 91
 55 57 82
 166 167 43
 55 178 179
 35 121 36
 83 36 121
 62 177 61
 180 181 179
 182 31 17
 183 184 185
 95 167 26
 158 186 159
 89 111 21
 84 186 187
 78 183 185
 75 188 76
 62 189 78
 190 7 191
 192 107 172
 193 74 73
 149 194 150
 158 34 195
 5 196 7
 166 12 26
 40 123 76
 34 159 45
 10 142 197
 198 197 142
 199 200 201
 202 138 111
 59 54 53
 115 203 116
 105 204 205
 5 4 206
 72 48 47
 40 68 174
 112 42 50
 109 107 207
 208 43 42
 180 179 178
 155 209 100
 112 120 42
 210 42 120
 18 211 13
 184 21 51
 20 51 21
 135 136 165
 212 204 173
 105 173 204
 179 213 56
 109 214 108
 35 119 165
 92 215 15
 216 160 177
 62 79 177
 182 17 16
 49 155 100
 182 217 31
 190 138 176
 210 156 218
 32 124 33
 192 172 209
 23 206 13
 78 185 79
 172 219 209
 67 168 93
 220 93 168
 95 221 167
 135 88 87
 199 174 94
 67 94 174
 149 222 130
 139 71 157
 199 195 174
 115 117 140
 202 140 117
 223 224 225
 198 137 191
 190 191 137
 129 187 226
 106 165 136
 192 207 107
 32 122 124
 106 170 107
 14 26 12
 37 36 222
 81 144 82
 139 53 52
 62 141 189
 64 227 47
 72 47 227
 109 122 214
 58 164 77
 75 77 164
 86 228 97
 223 225 226
 83 121 39
 109 124 122
 41 43 167
 57 229 82
 10 230 8
 149 151 231
 76 188 68
 218 156 232
 86 88 151
 174 195 38
 101 8 230
 75 164 163
 92 15 17
 210 218 233
 234 233 218
 235 197 236
 198 236 197
 10 237 230
 35 214 121
 84 187 131
 238 224 239
 80 124 85
 11 22 142
 83 39 45
 135 87 161
 210 120 156
 64 156 120
 129 131 187
 4 13 206
 55 179 56
 210 233 42
 208 42 233
 71 240 157
 154 46 178
 180 178 46
 37 231 88
 109 207 85
 28 1 66
 180 48 74
 101 230 218
 102 1 0
 199 94 200
 238 241 224
 182 242 217
 44 31 217
 58 77 57
 76 229 57
 182 16 242
 41 167 221
 40 33 123
 101 243 148
 20 22 11
 28 11 9
 216 133 160
 84 159 186
 23 244 206
 235 245 237
 204 203 205
 81 85 207
 112 246 113
 29 189 141
 139 110 141
 202 117 176
 92 157 240
 35 108 214
 238 239 247
 139 60 53
 126 128 227
 129 226 225
 235 175 248
 64 120 114
 80 82 229
 132 160 133
 198 142 249
 55 144 178
 99 97 228
 14 13 211
 162 250 251
 220 251 250
 121 214 122
 84 45 159
 2 9 8
 252 246 253
 198 249 137
 235 248 245
 27 137 249
 147 87 152
 198 196 236
 235 237 197
 235 236 244
 246 50 253
 130 222 36
 254 100 209
 142 22 249
 234 230 237
 27 249 22
 227 128 73
 135 165 119
 109 85 124
 235 244 175
 41 221 253
 190 137 138
 5 206 244
 69 68 188
 254 148 243
 192 155 143
 154 143 155
 198 191 196
 180 74 181
 115 91 205
 126 114 113
 69 163 251
 162 251 163
 23 175 244
 14 211 24
 234 218 230
 65 232 156
 154 178 144
 234 237 245
 64 114 227
 78 255 183
 153 66 103
 106 136 134
 202 176 138
 59 53 60
 238 194 171
 89 140 111
 202 111 140
 150 256 228
 179 181 213
 102 0 169
 106 134 169
 69 251 168
 220 168 251
 105 205 91
 89 21 90
 184 90 21
 216 103 133
 88 231 151
 59 146 54
 125 54 146
 7 196 191
 3 219 172
 149 171 194
 92 240 215
 101 218 232
 150 228 151
 180 46 48
 125 146 152
 107 170 172
 153 257 185
 79 185 257
 40 174 38
 55 82 144
 115 205 203
 81 207 143
 192 143 207
 10 197 237
 139 157 110
 99 258 98
 78 189 255
 126 113 127
 259 256 247
 129 241 171
 153 103 257
 216 257 103
 106 169 170
 3 148 219
 238 171 241
 5 236 196
 252 253 260
 221 260 253
 5 244 236
 102 169 134
 3 169 0
 150 247 256
 102 133 103
 126 227 114
 224 241 225
 147 152 146
 96 261 97
 125 97 261
 181 74 262
 254 219 148
 192 209 155
 79 257 177
 216 177 257
 145 183 255
 166 248 175
 153 185 51
 184 51 185
 147 161 87
 112 50 246
 208 248 43
 166 43 248
 193 262 74
 99 228 256
 71 70 240
 238 247 194
 199 201 195
 254 209 219
 149 231 222
 37 222 231
 125 261 54
 63 54 261
 208 245 248
 72 227 73
 86 151 228
 208 233 245
 234 245 233
 30 110 157
 212 217 242
 69 188 163
 75 163 188
 29 104 255
 65 100 243
 254 243 100
 150 194 247
 184 183 90
 158 195 201
 34 38 195
 145 255 104
 29 255 189
 129 225 241
 193 73 128
 147 160 161
 132 161 160
 44 217 173
 212 173 217
 145 90 183
 259 258 256
 41 253 50
 76 123 229
 80 229 123
 99 256 258
 101 232 243
 65 243 232
 0
 0
 0
 10
 252 95 193 25 221 113 246 127 128 260
 0
 0
 9
 193 162 58 164 250 181 56 213 262
 11
 220 223 158 93 226 250 200 94 187 186 201
 0
 0
 0
 0
 14
 259 223 96 63 52 224 98 215 247 261 258 239 240 70
 0
 18
 190 212 18 118 7 116 204 15 25 19 215 176 203 242 16 211 24 6
 0
 0
 0
 0
 0
 0
 0
 0
 0
 0
 0
 0
 0
 0
 0
