256 451
1.891838 1.660905 1
1.812134 1.749249 2
1.768777 1.588196 2
2.224255 0.306330 1
2.388637 0.301507 1
2.347324 0.430043 1
3.475663 0.888661 1
3.630861 0.810948 1
3.620797 0.962889 1
2.234407 0.657481 1
2.120073 0.575014 1
2.240137 0.511258 1
3.526508 0.747543 1
2.646301 0.922937 1
2.670109 0.789847 1
2.774578 0.915790 1
2.809502 0.795452 1
2.287620 1.524415 1
2.254541 1.369898 1
2.361500 1.418024 1
2.169859 1.495364 1
3.339667 0.912487 1
3.270177 0.973470 1
3.207373 0.855838 1
2.810024 0.456545 1
2.953604 0.456908 1
2.865226 0.576531 1
2.902658 1.497932 1
2.858719 1.367423 1
3.032295 1.365025 1
3.029496 1.489282 1
3.472222 0.000000 0
3.611111 0.000000 0
3.516792 0.145812 1
3.641623 0.107255 1
2.271795 0.209714 1
3.350452 0.817033 1
2.339659 0.578731 1
1.700395 1.421035 2
1.848912 1.412530 1
3.828493 1.142571 1
3.683397 1.093184 1
3.767156 0.999493 1
2.581689 0.570891 1
2.727676 0.657350 1
2.592718 0.699527 1
1.950579 1.542280 1
1.919936 1.270345 2
1.755492 1.254920 2
3.903397 1.006895 1
2.650289 0.424858 1
2.789191 0.325970 1
2.436220 1.687967 2
2.544760 1.593015 1
2.582546 1.762051 2
2.322065 1.125849 1
2.203482 1.235145 1
2.203379 1.083952 1
3.215673 0.712031 1
3.351627 0.668842 1
3.714597 0.708935 1
3.702993 0.565209 1
3.848248 0.685716 1
3.848161 0.545098 1
2.530812 1.259939 1
2.437385 1.333153 1
2.440845 1.158403 1
2.344617 1.257511 1
2.523767 0.807827 1
2.500000 0.000000 0
2.638889 0.000000 0
2.580803 0.155104 1
3.327806 1.347803 1
3.391597 1.254465 1
3.469650 1.397828 2
3.500594 1.253994 1
2.446260 0.545086 1
3.021576 1.079524 1
3.150005 1.136741 1
3.024085 1.210747 1
3.136336 1.263274 1
3.039363 0.550608 1
2.615546 1.082204 1
2.523352 0.955785 1
3.522048 1.072109 1
2.705536 0.097139 1
2.114829 1.161689 1
2.992458 1.606666 1
2.871074 1.633615 1
3.981842 1.107964 1
4.033360 0.990844 1
2.897116 0.362254 1
3.695457 1.200774 1
2.529763 0.315156 1
2.496198 0.441729 1
2.201414 0.412802 1
1.612268 1.306570 3
2.083333 0.000000 0
2.222222 0.000000 0
2.155499 0.130976 1
2.513322 1.423509 1
2.630529 1.357583 1
2.705582 0.204520 1
2.647284 0.296403 1
3.404548 0.268258 1
3.461062 0.404400 1
3.328546 0.382219 1
3.377062 0.515177 1
2.673563 1.634048 1
2.763805 1.037202 1
3.754119 0.403516 1
3.911410 0.404852 2
3.601026 0.455091 1
3.536094 0.303084 1
3.615175 1.304414 2
2.910152 0.242337 1
3.056968 0.169976 1
3.022608 0.329511 1
3.850509 0.260440 2
2.023181 0.094830 1
3.484943 0.629437 1
3.181105 0.357897 1
3.139652 0.247285 1
3.290539 0.264936 1
3.651117 0.340842 1
2.765934 1.452646 1
2.749717 1.333528 1
2.138441 0.481055 1
3.358270 0.132785 1
2.983404 0.661308 1
3.424379 0.747733 1
2.065522 1.484890 1
2.097991 1.597253 1
2.649626 1.500520 1
3.333333 0.000000 0
1.998213 1.664424 1
3.578319 1.177414 1
2.864636 0.691966 1
3.322062 1.462646 2
2.713194 0.536243 1
2.413283 1.549996 1
3.136050 0.991132 1
3.722780 0.273609 1
2.928959 1.278061 1
3.212515 1.527108 2
3.193962 1.666452 2
3.108794 1.581715 1
3.055556 0.000000 0
2.952795 0.107677 1
2.865752 0.975219 1
2.901945 1.074872 1
2.819974 1.143045 1
3.957970 0.911975 1
4.154629 1.098465 2
4.066500 1.192001 3
3.761477 1.293916 2
1.805556 0.000000 0
1.944444 0.000000 0
1.903467 0.135013 2
2.061746 0.892063 2
2.162515 0.902203 1
2.102736 1.025609 2
3.915571 0.802402 1
4.016786 0.705493 2
1.994545 1.394618 1
2.029161 0.208161 1
3.080878 0.732427 1
3.040666 0.853878 1
3.726347 0.895825 1
1.859522 1.853826 2
1.928613 1.772891 1
1.990244 1.885894 3
3.941152 0.610507 2
2.725824 1.139400 1
2.811653 1.245847 1
3.204315 1.379568 1
3.259067 1.085353 1
2.314593 1.659975 1
3.121882 1.466238 1
3.258112 1.230243 1
2.420148 1.007251 1
4.064754 0.862926 2
4.143056 0.964561 2
2.662411 1.226015 1
2.777778 0.000000 0
2.916667 0.000000 0
2.824630 0.126071 1
3.155647 0.105018 1
2.953717 1.735142 2
2.076653 0.355921 1
1.928411 0.294825 2
1.942917 0.425354 2
3.394670 1.027432 1
3.345389 1.153100 1
2.774451 1.565211 1
3.504400 0.508635 1
2.507634 1.068091 1
3.231197 0.473336 1
3.842282 0.902299 1
3.097116 0.451777 1
2.463426 0.213157 1
2.378560 0.187229 1
1.973511 0.573318 2
2.037129 0.482115 1
3.084625 1.710023 2
3.606921 0.671055 1
3.612837 0.214986 1
2.715771 1.861416 2
2.715691 1.741103 1
2.071491 0.687137 2
2.173393 0.790393 2
1.998749 1.156131 2
2.361111 0.000000 0
2.439367 0.106791 1
2.293406 0.104691 1
2.985061 0.969088 1
3.254211 0.592756 1
2.822122 1.771414 2
2.317063 1.775103 2
2.937374 0.769187 1
2.537799 1.157463 1
3.240989 0.167097 1
3.750000 0.000000 0
3.745319 0.148263 2
2.060268 1.266113 1
2.130070 1.378753 1
3.448032 1.143824 1
2.307020 0.783294 1
3.959123 0.513422 2
2.310028 0.998124 1
2.915656 1.182207 1
3.783251 0.797203 1
3.128230 0.636367 1
2.214086 0.980023 1
2.401212 0.886268 1
2.132638 0.245777 1
2.262382 0.888277 1
2.460347 0.671721 1
3.154818 0.542404 1
3.878421 1.282080 2
2.352547 0.687952 1
3.194444 0.000000 0
2.033170 1.767027 1
2.902155 0.879769 1
2.416507 0.770873 1
2.129306 1.804879 1
2.148384 1.913549 2
2.807389 0.224724 1
3.593017 0.564681 1
2.200007 1.619631 1
2.771380 1.669078 1
2.217895 1.739479 1
3.256537 0.080980 1
2.112085 1.701302 1
3.965343 1.219341 2
2.233232 1.841750 2
 0 1 2
 3 4 5
 6 7 8
 9 10 11
 12 7 6
 13 14 15
 15 14 16
 17 18 19
 17 20 18
 21 22 23
 24 25 26
 27 28 29
 30 27 29
 31 32 33
 32 34 33
 3 35 4
 36 21 23
 37 9 11
 38 39 2
 40 41 42
 43 44 45
 46 2 39
 47 39 48
 38 48 39
 40 42 49
 24 50 51
 52 53 54
 55 56 57
 58 36 23
 58 59 36
 60 61 62
 63 62 61
 64 65 66
 65 67 66
 68 14 13
 69 70 71
 16 14 44
 72 73 74
 74 73 75
 37 5 76
 77 78 79
 80 79 78
 25 81 26
 82 83 13
 84 8 41
 70 85 71
 46 0 2
 44 14 45
 86 57 56
 30 87 27
 88 27 87
 67 56 55
 40 49 89
 90 89 49
 24 91 25
 40 92 41
 4 93 94
 5 4 94
 3 5 95
 38 96 48
 97 98 99
 100 64 101
 102 103 71
 93 71 103
 100 65 64
 104 105 106
 107 106 105
 108 54 53
 82 13 109
 63 110 111
 112 105 113
 114 74 75
 115 116 117
 118 111 110
 97 99 119
 107 120 59
 121 122 123
 112 113 124
 125 101 126
 127 11 10
 31 33 128
 129 26 81
 12 6 130
 36 130 6
 131 132 46
 133 101 125
 121 123 106
 134 31 128
 50 103 51
 132 135 46
 84 41 136
 68 13 83
 5 94 76
 16 44 137
 41 8 42
 102 71 85
 72 74 138
 43 139 44
 37 11 5
 17 19 140
 77 141 78
 118 110 142
 93 50 94
 43 94 50
 12 130 120
 143 29 28
 144 145 146
 147 116 148
 100 140 19
 5 11 95
 149 150 109
 151 109 150
 90 49 152
 90 153 89
 154 89 153
 112 110 61
 63 61 110
 40 155 92
 156 157 158
 159 160 161
 162 62 163
 47 164 39
 46 39 164
 165 119 99
 58 23 166
 167 166 23
 110 124 142
 168 42 8
 169 170 171
 62 172 163
 67 55 66
 173 151 174
 120 130 59
 80 175 29
 78 141 176
 17 140 177
 52 140 53
 175 178 29
 80 78 179
 167 23 141
 22 176 141
 180 66 55
 24 26 139
 44 139 26
 116 122 117
 115 148 116
 90 181 182
 183 173 174
 184 185 186
 147 187 116
 52 177 140
 88 87 188
 165 189 190
 191 190 189
 46 135 0
 162 181 152
 90 152 181
 165 190 158
 84 192 6
 78 176 179
 193 179 176
 100 101 133
 88 194 27
 107 195 120
 82 196 83
 121 106 197
 168 8 7
 168 198 42
 121 197 199
 93 200 71
 201 4 35
 162 163 181
 67 19 18
 114 75 136
 202 203 10
 204 188 87
 12 120 205
 206 33 34
 207 54 208
 104 33 113
 206 113 33
 100 133 53
 108 53 133
 100 19 65
 209 9 210
 209 202 10
 22 141 23
 80 29 79
 143 79 29
 43 50 139
 112 124 110
 86 211 161
 212 213 214
 167 141 215
 93 103 50
 58 216 59
 24 139 50
 88 188 217
 104 128 33
 67 65 19
 218 177 52
 69 71 213
 64 183 101
 126 101 183
 84 6 8
 185 147 148
 126 183 174
 129 166 219
 167 219 166
 82 183 220
 64 220 183
 221 123 122
 222 223 34
 36 6 21
 86 56 224
 225 224 56
 75 226 136
 108 133 194
 102 51 103
 60 205 61
 98 214 99
 185 148 186
 227 210 9
 225 164 224
 47 224 164
 63 111 228
 201 214 213
 180 55 229
 24 51 91
 77 79 230
 168 231 198
 129 81 232
 77 230 150
 49 42 198
 233 161 160
 60 231 7
 168 7 231
 129 232 166
 100 53 140
 68 83 234
 180 234 83
 107 59 216
 165 99 235
 80 179 175
 72 175 179
 127 203 189
 32 222 34
 107 105 195
 227 236 210
 225 131 164
 68 45 14
 60 62 231
 162 231 62
 68 237 45
 43 237 76
 238 199 197
 104 123 128
 72 138 175
 144 175 138
 115 186 148
 191 189 203
 77 215 141
 36 59 130
 210 236 160
 40 239 155
 114 92 155
 84 136 226
 127 189 95
 37 240 9
 227 9 240
 147 241 187
 104 113 105
 242 171 170
 107 197 106
 127 10 203
 16 243 15
 225 18 20
 43 76 94
 3 95 189
 180 229 234
 43 45 237
 121 117 122
 104 106 123
 37 76 237
 37 237 240
 68 244 237
 115 91 51
 165 235 189
 3 189 235
 221 128 123
 82 173 183
 46 164 131
 184 186 85
 102 85 186
 67 18 56
 225 20 131
 108 208 54
 12 205 7
 60 7 205
 99 35 235
 86 224 211
 47 211 224
 129 219 137
 234 229 236
 98 212 214
 3 235 35
 212 69 213
 242 245 171
 246 171 245
 112 195 105
 149 15 243
 206 124 113
 204 87 146
 149 215 150
 77 150 215
 191 203 202
 206 34 223
 209 10 9
 206 223 142
 118 142 223
 102 247 51
 61 205 248
 115 51 247
 129 137 26
 207 208 217
 121 199 117
 25 117 199
 17 249 20
 132 20 249
 88 217 250
 30 146 87
 242 170 135
 0 135 170
 16 219 243
 116 187 122
 221 122 187
 82 109 173
 167 243 219
 115 247 186
 16 137 219
 157 97 119
 27 194 125
 22 192 176
 193 176 192
 13 15 109
 149 109 15
 112 61 248
 157 119 158
 102 186 247
 233 229 57
 90 182 153
 17 177 249
 251 249 177
 30 29 178
 70 184 85
 58 232 216
 165 158 119
 30 178 146
 144 146 178
 180 196 66
 55 57 229
 193 192 226
 84 226 192
 64 66 220
 115 117 91
 25 91 117
 238 216 232
 204 146 145
 241 134 252
 114 136 92
 151 173 109
 193 73 179
 72 179 73
 6 192 21
 180 83 196
 225 56 18
 107 216 197
 22 21 192
 167 215 243
 238 197 216
 134 128 252
 63 172 62
 144 178 175
 44 26 137
 221 252 128
 132 253 135
 242 135 253
 206 142 124
 227 234 236
 238 232 81
 233 57 161
 193 226 73
 75 73 226
 132 131 20
 227 244 234
 108 194 250
 58 166 232
 159 210 160
 86 161 57
 99 214 35
 68 234 244
 233 160 236
 133 125 194
 126 28 125
 27 125 28
 143 230 79
 251 177 218
 127 95 11
 201 35 214
 41 92 136
 149 243 215
 162 198 231
 71 200 213
 201 213 200
 40 89 254
 88 250 194
 120 248 205
 151 230 174
 143 174 230
 63 228 172
 108 250 208
 154 254 89
 40 254 239
 0 170 1
 169 1 170
 25 199 81
 238 81 199
 143 28 174
 126 174 28
 233 236 229
 151 150 230
 227 240 244
 221 187 252
 93 4 200
 241 252 187
 237 244 240
 251 255 245
 246 245 255
 112 248 195
 120 195 248
 162 152 198
 49 198 152
 251 253 249
 217 208 250
 132 249 253
 251 245 253
 242 253 245
 251 218 255
 201 200 4
 66 196 220
 82 220 196
 0
 0
 0
 0
 0
 0
 0
 0
 0
 0
 10
 118 154 181 111 223 153 163 228 182 172
 0
 0
 0
 0
 0
 0
 0
 0
 0
 0
 0
 0
 0
 0
 0
 0
 19
 114 204 52 207 154 144 246 74 155 217 54 171 188 239 145 138 255 254 218
 12
 47 191 209 159 48 202 96 158 210 211 190 161
 6
 38 169 2 96 171 1
