266 469
0.949779 3.404397 1
1.054199 3.509120 2
0.863356 3.491082 1
0.929897 3.592054 2
0.396185 2.183249 2
0.485793 2.257014 1
0.408222 2.362005 1
1.124692 2.502292 1
1.228799 2.671952 1
1.078740 2.622919 1
1.260920 2.524205 1
0.307372 2.242768 1
1.768777 1.588196 2
1.812134 1.749249 2
1.715435 1.715435 1
1.754323 2.040810 1
1.758451 2.202305 1
1.616540 2.144050 1
0.322056 2.511587 1
0.277052 2.371028 1
0.454521 2.808389 1
0.571388 2.861906 1
0.452134 2.950124 1
1.127248 1.726203 2
1.287513 1.779542 1
1.172185 1.879920 1
1.512000 3.028704 1
1.638329 2.981352 1
1.652687 3.096948 1
1.042573 3.357720 1
1.152876 3.345575 1
1.860394 2.484539 1
1.986268 2.386796 2
1.941770 2.558034 2
1.205574 3.476413 1
1.616217 1.525900 1
1.625544 1.659426 1
0.000000 3.611111 0
0.000000 3.472222 0
0.145812 3.516792 2
1.626288 2.311020 1
0.215148 2.456833 1
0.929934 2.639890 1
0.910989 2.774923 1
0.801785 2.672930 1
1.774427 3.040984 1
1.793190 3.163004 1
0.794699 2.807750 1
0.959141 3.272808 1
1.114740 3.190928 1
1.946766 2.013768 1
1.849528 1.959829 1
1.990244 1.885894 3
0.571555 2.580719 1
0.703462 2.592797 1
0.657172 2.726656 1
0.985853 1.824786 2
1.035779 1.969255 1
1.529652 2.930318 1
1.669384 2.508442 1
1.783510 2.581631 1
1.639057 2.657163 1
1.573964 2.558412 1
0.325970 2.789191 1
0.430034 2.642692 1
1.900319 2.246005 1
2.059149 2.222981 2
1.864834 2.669803 1
1.907914 3.243223 2
1.757735 3.323189 3
1.276246 1.667205 2
0.711800 3.215925 1
0.817296 3.350409 1
0.664800 3.365109 1
0.816208 2.523963 1
1.859522 1.853826 2
1.454482 2.360494 1
1.366972 2.232490 1
1.514913 2.246294 1
0.000000 2.638889 0
0.000000 2.500000 0
0.156563 2.564223 1
0.691302 2.067234 1
0.783778 1.939588 1
0.854382 2.058358 1
0.575569 2.333369 1
0.555307 2.449255 1
0.990665 2.513189 1
1.388970 3.318665 1
1.514504 3.315554 1
1.492873 3.422162 2
0.651550 1.897666 2
1.279948 1.975235 1
1.295532 2.101532 1
1.163028 2.022084 1
1.556893 1.896948 1
1.426256 1.824901 1
1.530432 1.733837 1
0.562077 1.993732 2
1.700395 1.421035 2
0.097560 2.702323 1
0.547388 3.025512 1
1.287793 2.335515 1
1.282266 3.134658 1
1.200760 3.029277 1
1.066132 3.019356 1
1.414853 1.981967 1
1.679207 2.789721 1
1.508932 2.776086 1
1.619870 2.889459 1
1.781925 2.355033 1
0.796502 2.183070 1
1.355590 2.757757 1
1.427904 2.896766 1
1.250350 2.823003 1
1.605948 3.264765 1
1.468642 3.218100 1
1.552569 3.145017 1
0.458728 2.509269 1
0.531076 3.469311 1
0.501801 3.344194 1
0.648033 3.496348 1
0.303327 2.643407 1
0.204520 2.705582 1
1.904876 3.102249 1
2.029438 3.159523 2
0.000000 2.222222 0
0.000000 2.083333 0
0.130890 2.155257 1
0.848638 3.194028 1
1.105655 2.816049 1
1.152034 2.918720 1
1.013140 2.883109 1
1.348485 3.453827 2
1.276167 2.941524 1
1.321646 1.882507 1
0.405477 3.463461 1
0.378596 3.319889 1
0.268258 3.404548 1
1.352674 2.447920 1
1.353049 2.614886 1
1.072271 2.401469 1
0.922144 2.388603 1
1.464859 2.537365 1
1.029407 2.740659 1
1.179332 2.145504 1
1.980043 3.005756 1
2.100081 2.995924 2
1.687407 3.196637 1
0.455974 3.598279 2
0.303318 3.536052 2
1.627476 1.784595 1
0.360182 2.896423 1
1.316966 3.563776 2
0.092829 2.016189 1
0.969066 3.120357 1
0.355013 3.178329 1
0.264285 3.290146 1
0.243069 3.144606 1
1.453294 2.143997 1
1.256852 3.379022 1
0.856220 3.040886 1
0.748270 3.084017 1
0.132785 3.358270 1
1.866400 2.102868 1
1.717798 1.875217 1
1.638687 2.005035 1
0.000000 3.333333 0
1.536053 2.034399 1
1.612268 1.306570 3
1.580054 1.423513 1
1.464182 1.376227 2
0.957942 2.990262 1
0.690698 2.862676 1
0.537335 2.709244 1
0.246848 2.913737 1
0.321435 3.020672 1
0.169776 3.057310 1
1.507207 1.487833 1
2.005661 2.793774 1
1.976511 2.685504 2
2.111815 2.711766 2
0.736492 3.530544 1
0.746491 3.433412 1
1.572444 2.445432 1
0.000000 3.055556 0
0.108668 2.953682 1
1.910382 2.878036 1
1.864057 2.985655 1
1.750556 2.901249 1
1.129870 2.711843 1
1.363881 3.209672 1
1.882226 2.368093 1
0.000000 1.944444 0
0.000000 1.805556 0
0.133506 1.909086 2
0.208161 2.029161 2
1.256936 3.262984 1
2.105972 2.821742 1
0.849068 1.832281 2
0.729831 1.793274 2
1.021242 2.290112 1
0.000000 2.916667 0
0.000000 2.777778 0
0.126715 2.825142 1
0.105018 3.155647 1
0.897737 2.261121 1
1.609873 3.384493 2
1.434055 2.688274 1
1.524075 2.643659 1
0.785964 2.303798 1
0.769742 2.412311 1
0.672693 3.611420 2
1.412666 1.711518 1
1.807906 2.804029 1
0.588716 3.246781 1
1.494926 1.608590 1
0.660197 2.980864 1
0.635436 3.122160 1
1.755678 2.469362 1
0.990084 2.182014 1
0.891994 2.156935 1
0.961750 2.062615 1
1.069861 2.093642 1
0.668522 2.223001 1
0.594302 2.129804 1
0.468229 2.064114 2
0.000000 2.361111 0
0.104577 2.288904 1
0.107604 2.436661 1
1.355461 3.026949 1
1.683176 2.417166 1
0.770035 2.936203 1
0.468288 3.220364 1
0.500699 2.168376 1
0.167097 3.240989 1
0.912848 1.945715 1
1.201700 2.419512 1
0.188829 2.366446 1
0.571542 3.574226 2
1.378407 1.612362 2
1.887796 2.758913 1
1.770466 2.711713 1
1.982508 2.110129 2
1.396836 1.506192 2
0.264624 2.150678 2
0.670592 2.459717 1
0.883838 2.905522 1
0.447165 3.090198 1
1.160633 2.284393 1
0.808822 3.631481 2
0.000000 3.194444 0
0.688612 2.346434 1
1.253819 2.221075 1
1.422505 3.123403 1
0.538731 3.146183 1
1.190860 3.579062 2
0.565144 2.223985 1
0.208869 2.269420 1
0.226583 2.806432 1
2.043079 2.899563 1
2.044647 2.000212 2
0.080980 3.256537 1
1.084230 2.199133 1
2.157629 2.901798 3
2.211674 2.801809 2
 0 1 2
 2 1 3
 4 5 6
 7 8 9
 10 8 7
 11 4 6
 12 13 14
 15 16 17
 18 19 6
 20 21 22
 23 24 25
 26 27 28
 1 29 30
 31 32 33
 1 30 34
 35 12 36
 37 38 39
 12 14 36
 40 17 16
 18 41 19
 42 43 44
 45 46 28
 43 47 44
 48 49 29
 50 51 52
 30 29 49
 53 54 55
 23 25 56
 57 56 25
 26 58 27
 59 60 61
 62 59 61
 20 63 64
 65 66 32
 67 60 33
 68 69 46
 23 70 24
 71 72 73
 74 42 44
 51 75 52
 76 77 78
 79 80 81
 82 83 84
 47 55 44
 55 54 44
 85 86 6
 74 87 42
 88 89 90
 82 91 83
 48 0 72
 92 93 94
 95 96 97
 82 98 91
 99 12 35
 79 81 100
 22 21 101
 102 77 76
 103 49 104
 105 104 49
 33 60 31
 95 106 96
 61 107 108
 109 108 107
 40 16 110
 82 84 111
 112 113 114
 115 116 117
 18 6 118
 26 28 117
 119 120 73
 121 119 73
 18 122 81
 123 81 122
 9 42 87
 68 124 125
 126 127 128
 48 72 129
 71 129 72
 130 131 132
 105 132 131
 88 90 133
 134 114 113
 11 6 19
 106 135 96
 120 136 137
 138 137 136
 10 139 140
 141 87 142
 143 140 139
 9 144 42
 88 116 89
 145 94 93
 146 147 125
 115 117 148
 149 150 136
 95 97 151
 68 46 124
 20 22 152
 153 34 133
 127 154 128
 48 155 49
 156 157 158
 159 17 78
 40 78 17
 34 160 133
 105 49 155
 161 129 162
 38 163 39
 15 164 16
 15 165 51
 64 63 122
 156 137 157
 15 17 166
 130 132 144
 15 166 165
 38 167 163
 6 86 118
 159 168 17
 24 135 25
 28 148 117
 74 142 87
 159 78 77
 123 100 81
 169 170 171
 85 6 5
 105 172 132
 47 173 55
 45 124 46
 53 55 174
 175 176 177
 99 35 170
 178 170 35
 115 89 116
 45 28 27
 179 180 181
 92 25 135
 46 69 148
 112 108 113
 71 162 129
 182 121 183
 18 118 64
 53 64 118
 40 184 76
 65 110 16
 185 186 177
 20 174 21
 55 21 174
 187 188 189
 190 114 130
 88 191 116
 8 114 190
 65 32 192
 193 194 195
 196 128 154
 103 197 49
 30 49 197
 179 181 198
 143 76 184
 121 73 183
 102 76 139
 143 139 76
 141 7 87
 199 83 200
 91 200 83
 75 51 165
 1 0 29
 45 189 188
 40 76 78
 161 155 129
 159 93 106
 92 106 93
 141 142 201
 31 192 32
 92 94 25
 92 135 106
 175 177 186
 202 203 204
 185 177 205
 142 206 201
 146 125 124
 115 69 207
 18 81 41
 95 165 166
 109 58 108
 143 208 140
 143 209 208
 210 142 211
 74 211 142
 182 212 121
 24 70 213
 214 187 189
 71 73 215
 138 150 39
 134 131 114
 115 148 69
 178 35 216
 61 108 209
 217 218 101
 112 114 8
 217 101 21
 31 60 219
 28 46 148
 220 221 222
 220 222 223
 14 13 165
 75 165 13
 65 16 164
 48 129 155
 20 64 174
 82 111 224
 98 225 226
 18 64 122
 227 228 229
 10 140 8
 53 174 64
 95 168 106
 108 58 113
 134 230 104
 103 104 230
 31 110 192
 138 39 163
 72 0 2
 40 110 231
 45 188 124
 80 229 81
 26 230 113
 134 113 230
 57 25 94
 95 151 165
 161 162 232
 217 232 162
 112 8 140
 185 202 186
 210 206 142
 156 233 137
 31 219 110
 50 164 51
 15 51 164
 177 176 158
 120 215 73
 234 226 225
 235 158 157
 210 224 111
 65 192 110
 220 201 206
 123 122 63
 199 56 236
 9 87 7
 126 128 228
 202 204 186
 102 139 237
 10 237 139
 95 166 168
 238 229 228
 149 119 239
 217 162 218
 24 213 96
 240 213 70
 67 241 242
 65 243 66
 20 152 63
 112 208 108
 57 236 56
 61 209 62
 120 137 233
 178 244 171
 238 19 41
 196 245 128
 74 44 54
 149 136 119
 130 114 131
 214 242 241
 74 54 246
 53 86 246
 84 83 236
 72 2 183
 138 163 157
 175 186 204
 210 111 206
 178 171 170
 72 183 73
 14 165 151
 47 43 247
 105 155 172
 161 172 155
 156 248 233
 97 216 36
 102 237 249
 141 249 237
 82 225 98
 40 231 184
 182 2 250
 3 250 2
 145 223 94
 57 94 223
 109 27 58
 251 185 205
 97 213 216
 138 136 150
 48 29 0
 65 164 243
 88 133 160
 53 118 86
 199 236 83
 4 11 245
 111 221 206
 134 104 131
 121 239 119
 210 252 224
 85 224 252
 138 157 137
 132 247 43
 159 106 168
 53 246 54
 85 246 86
 85 252 246
 35 36 216
 74 246 211
 178 216 244
 240 244 216
 159 77 93
 145 93 253
 235 157 163
 123 204 100
 203 100 204
 59 219 60
 9 8 190
 103 254 191
 227 126 228
 217 173 232
 80 227 229
 255 101 218
 120 119 136
 153 256 34
 240 216 213
 175 63 152
 103 230 254
 85 257 224
 128 245 258
 82 224 225
 84 236 222
 11 258 245
 123 63 259
 59 184 231
 99 170 169
 120 233 215
 175 259 63
 1 34 256
 182 250 212
 255 233 248
 9 190 144
 22 248 176
 156 176 248
 156 158 176
 217 21 173
 179 260 187
 146 187 260
 47 247 232
 24 96 135
 97 96 213
 67 242 60
 93 77 253
 26 113 58
 47 232 173
 88 197 191
 50 243 164
 177 158 205
 235 205 158
 175 204 259
 161 232 247
 127 193 154
 10 7 237
 193 195 154
 123 259 204
 88 160 197
 30 197 160
 234 4 226
 50 261 243
 203 79 100
 179 187 241
 214 241 187
 196 154 195
 22 176 152
 175 152 176
 132 43 144
 143 62 209
 182 183 2
 42 144 43
 17 168 166
 102 249 253
 30 160 34
 57 222 236
 143 184 62
 255 215 233
 141 201 249
 167 251 262
 71 215 218
 255 218 215
 220 223 263
 103 191 197
 130 144 190
 109 189 27
 234 5 4
 145 249 263
 145 253 249
 146 124 188
 61 60 242
 167 262 163
 67 33 180
 161 247 172
 108 208 209
 112 140 208
 109 107 189
 84 222 221
 55 173 21
 235 163 262
 145 263 223
 59 62 184
 57 223 222
 146 188 187
 84 221 111
 102 253 77
 105 131 104
 115 207 89
 90 89 207
 81 229 41
 238 41 229
 45 27 189
 71 218 162
 141 237 7
 50 52 261
 128 258 228
 238 228 258
 121 212 239
 85 5 257
 214 189 107
 220 206 221
 264 147 260
 220 263 201
 146 260 147
 132 172 247
 116 191 254
 61 242 107
 255 248 101
 22 101 248
 246 252 211
 26 254 230
 238 258 19
 234 257 5
 11 19 258
 235 262 205
 214 107 242
 116 254 117
 26 117 254
 67 180 241
 251 205 262
 210 211 252
 249 201 263
 14 151 36
 97 36 151
 110 219 231
 181 265 198
 264 260 198
 179 198 260
 179 241 180
 59 231 219
 234 225 257
 224 257 225
 264 198 265
 0
 0
 0
 0
 0
 0
 0
 0
 0
 0
 0
 0
 0
 0
 0
 0
 0
 0
 0
 0
 0
 0
 14
 1 149 153 90 3 69 39 212 133 150 250 207 256 239
 0
 0
 5
 68 264 125 69 147
 6
 99 75 12 169 52 13
 10
 264 32 181 66 52 243 180 265 33 261
 16
 199 240 23 196 91 56 169 98 195 171 244 200 70 226 245 4
 0
