258 458
8.339095 1.891838 1
8.250751 1.812134 1
8.411804 1.768777 1
8.284565 1.715435 1
7.959190 1.754323 1
7.802344 1.756332 1
7.856203 1.616465 1
7.498225 2.583424 1
7.622765 2.702036 1
7.500171 2.698773 1
7.443472 1.942950 2
7.613626 1.986608 1
7.510754 2.063014 1
8.273797 1.127248 2
8.220457 1.287513 1
8.120080 1.172185 3
9.077063 2.646301 1
9.210153 2.670109 2
9.084210 2.774578 2
8.475585 2.287620 1
8.630102 2.254541 1
8.581976 2.361500 1
7.523554 1.866925 1
8.504636 2.169859 1
8.474099 1.616217 1
8.340574 1.625544 1
7.691458 1.625557 1
8.729655 1.919936 1
8.745080 1.755492 2
8.872846 1.871586 2
7.986232 1.946766 1
8.040218 1.849507 1
8.114106 1.990244 1
8.578965 1.700395 1
8.587470 1.848912 1
7.620184 2.556905 1
8.289977 3.084625 1
8.203995 3.214273 2
8.182261 3.044488 1
7.491823 1.669027 1
7.420715 1.784334 2
7.342836 1.639057 2
7.441488 1.573872 2
7.734658 2.641909 1
8.457720 1.950579 1
7.753994 1.900319 1
7.777062 2.059184 1
8.512171 3.029562 1
8.501996 2.902117 1
8.635534 3.000477 1
8.312034 2.436220 1
8.406985 2.544760 1
8.237949 2.582546 1
8.632577 2.858719 1
8.874151 2.322065 1
8.764855 2.203482 1
8.916048 2.203379 1
8.419788 1.204282 1
8.332795 1.276246 1
8.146174 1.859522 1
8.740061 2.530812 1
8.666847 2.437385 1
8.841598 2.440845 1
7.639262 1.456599 2
7.763267 1.366998 2
7.753578 1.515011 1
7.919614 2.303614 1
7.874130 2.467033 1
7.794896 2.314073 1
7.725644 2.414804 1
8.742489 2.344617 1
9.192173 2.523767 1
8.652964 3.332888 1
8.745855 3.392673 2
8.602221 3.469974 2
8.432035 1.083317 2
8.024765 1.279948 1
7.894146 1.289960 2
7.976189 1.160414 2
8.920476 3.021576 1
8.855284 3.136485 1
8.782388 3.023703 1
8.719112 3.129190 1
8.917796 2.615546 1
9.044215 2.523352 1
8.103052 1.556893 1
8.175099 1.426256 1
8.266163 1.530432 1
8.104742 3.126991 1
8.838311 2.114829 1
8.018033 1.414853 1
8.393827 2.992672 1
8.366385 2.871074 1
7.670127 1.770020 1
7.518536 2.990162 1
7.442627 3.070481 2
7.393803 2.920684 2
8.138584 2.715771 1
8.073783 2.616538 1
8.693430 1.612268 2
8.576491 2.513322 1
8.642417 2.630529 1
8.584172 1.311510 1
8.659156 1.181875 2
8.738236 1.350614 2
8.117494 1.321646 1
8.365952 2.673563 1
8.334949 3.194570 1
8.962798 2.763805 1
8.215405 1.627476 1
7.707490 2.529548 1
8.126678 2.518943 1
7.983636 2.709339 1
8.034971 2.803290 1
8.040907 2.404523 1
7.856003 1.453294 1
8.547351 2.765906 1
8.666471 2.749717 1
7.897685 1.866148 1
7.413507 2.305499 1
7.563960 2.329350 1
7.501750 2.447927 1
8.190020 2.426300 1
8.122610 2.331050 1
8.124784 1.717798 1
8.515110 2.065522 1
8.402747 2.097991 1
8.499480 2.649626 1
7.994965 1.638687 1
8.486609 3.217386 1
8.413008 3.308919 1
8.578949 3.131859 1
8.421050 3.111072 1
7.965651 1.536039 1
8.335576 1.998213 1
7.823123 2.586313 1
8.044533 2.262336 1
8.576487 1.580054 1
8.623773 1.464182 2
8.461940 3.408179 2
8.542651 3.328246 1
8.512167 1.507207 1
7.391330 2.057900 1
7.288234 2.111815 2
7.314125 1.977033 3
8.450005 2.413283 1
9.007729 3.134118 2
7.554602 1.571620 1
9.024781 2.865752 2
8.925119 2.901931 1
8.856956 2.819974 1
7.653986 2.107674 1
7.735209 2.199541 1
7.859236 2.189422 1
7.920929 2.087509 1
7.879289 3.139514 1
7.888206 3.296390 2
7.778308 3.199289 2
7.632497 1.874329 1
9.107937 2.061746 2
9.097796 2.162515 1
8.974391 2.102736 2
7.421768 2.171318 1
8.605382 1.994545 1
8.227109 1.928613 1
7.651947 2.850164 1
7.775370 2.930329 1
7.640660 2.984742 1
7.510874 2.241171 1
7.462380 1.464749 2
8.860596 2.725816 1
8.754113 2.811574 1
8.913311 3.256656 1
7.363740 2.410020 2
8.340025 2.314593 1
7.941402 2.601359 1
8.011380 2.521679 1
7.971704 3.223093 2
8.770854 3.259098 1
9.026529 3.270177 2
8.721547 2.928189 1
7.759981 2.779103 1
7.896862 2.826248 1
8.992749 2.420148 1
8.644530 3.228079 1
7.490658 2.861258 1
7.440787 2.773346 2
8.773985 2.662411 1
8.264857 2.953717 1
8.846900 3.345389 1
7.542164 1.765435 1
7.730455 3.088658 1
7.657597 3.226219 2
7.582279 3.102443 1
8.434777 2.774361 1
8.931909 2.507634 1
8.288482 1.412666 1
8.258897 2.715691 1
7.977349 2.168581 1
8.391410 1.494926 1
7.486845 3.218712 3
8.562360 1.096392 2
8.528203 1.201904 1
7.422709 2.508872 1
7.377967 2.654471 2
8.452407 1.297043 1
8.843869 1.998749 2
8.228585 2.822122 1
8.224897 2.317063 1
7.857933 2.691714 1
7.595392 1.680493 1
8.842537 2.537799 1
8.493809 1.396836 1
8.733887 2.060268 1
8.621247 2.130070 1
7.845520 3.024067 1
8.303676 3.298969 2
7.322326 2.547752 2
7.312423 2.260671 2
7.891593 2.942861 1
9.001876 2.310028 1
8.817172 2.915550 1
8.387638 1.378407 1
7.889970 1.982472 1
9.019978 2.214086 1
7.549607 2.157194 1
9.113731 2.401212 1
9.216706 2.307020 2
9.111723 2.262382 1
9.209607 2.173393 2
7.569988 2.907280 1
9.300473 2.592718 2
7.995681 2.910770 1
9.328279 2.460347 3
9.030814 2.984897 2
8.120616 2.909976 1
8.232973 2.033170 1
7.677302 2.321094 1
9.229127 2.416507 2
7.622062 2.226642 1
7.944530 3.022892 1
8.004569 3.123369 1
8.086451 2.148384 1
7.999796 2.044643 1
8.195121 2.129306 1
8.059409 3.021968 1
8.130690 2.812789 1
8.075289 3.231018 2
8.380368 2.200007 1
8.330919 2.771362 1
8.158250 2.233232 1
8.972569 3.394670 3
8.260521 2.217895 1
8.856175 3.448032 2
7.622042 2.442154 1
7.549659 2.792630 1
8.298698 2.112085 1
8.348223 3.406164 2
 0 1 2
 1 3 2
 4 5 6
 7 8 9
 10 11 12
 13 14 15
 16 17 18
 19 20 21
 22 11 10
 19 23 20
 24 2 25
 25 2 3
 26 6 5
 27 28 29
 30 31 32
 33 34 2
 35 8 7
 36 37 38
 39 40 41
 42 39 41
 43 8 35
 44 2 34
 27 34 28
 33 28 34
 45 46 11
 47 48 49
 50 51 52
 48 53 49
 54 55 56
 13 57 58
 13 58 14
 31 59 32
 60 61 62
 63 64 65
 66 67 68
 69 68 67
 61 70 62
 71 17 16
 72 73 74
 13 75 57
 76 77 78
 79 80 81
 82 81 80
 83 84 16
 85 86 87
 33 2 24
 44 0 2
 88 38 37
 89 56 55
 10 40 22
 85 90 86
 47 91 48
 92 48 91
 70 55 54
 26 5 93
 94 95 96
 97 98 52
 33 99 28
 100 60 101
 102 103 104
 100 61 60
 90 105 86
 106 52 51
 36 107 37
 83 16 108
 85 87 109
 43 35 110
 111 52 98
 69 67 110
 98 97 112
 112 97 113
 66 114 67
 26 65 6
 115 6 65
 116 101 117
 4 118 5
 119 120 121
 111 114 122
 123 122 114
 4 124 31
 125 126 44
 127 101 116
 4 6 128
 4 128 124
 129 130 107
 47 131 132
 129 132 131
 115 133 6
 14 105 15
 126 134 44
 71 16 84
 67 135 110
 115 65 64
 66 136 114
 99 137 138
 139 140 74
 72 74 140
 33 24 137
 141 137 24
 142 143 144
 19 21 145
 79 146 80
 76 15 105
 26 147 63
 129 107 132
 45 93 5
 100 145 21
 148 149 108
 150 108 149
 11 46 151
 152 46 153
 154 153 46
 155 156 157
 45 11 158
 159 160 161
 142 162 143
 44 34 163
 27 163 34
 59 164 32
 165 166 167
 123 114 136
 119 168 120
 169 63 147
 70 54 62
 170 150 171
 80 146 172
 119 121 173
 19 145 174
 50 145 51
 175 67 176
 59 31 124
 177 156 155
 82 80 178
 179 172 146
 180 49 53
 165 181 166
 182 166 181
 26 63 65
 183 62 54
 115 77 90
 76 90 77
 129 184 140
 185 96 186
 22 158 11
 76 78 15
 76 105 90
 187 170 171
 50 174 145
 92 91 188
 44 134 0
 94 96 185
 85 124 128
 80 172 178
 189 178 172
 22 40 190
 100 101 127
 191 192 193
 92 194 48
 83 195 84
 70 21 20
 14 58 196
 82 49 81
 36 188 91
 97 52 197
 106 51 127
 100 127 51
 66 153 198
 141 24 199
 200 193 192
 180 81 49
 100 21 61
 43 181 8
 201 202 75
 66 198 136
 67 114 176
 57 75 202
 203 7 204
 59 124 1
 3 1 124
 45 5 118
 102 205 202
 89 206 161
 129 131 184
 175 135 67
 93 158 190
 190 158 22
 191 167 166
 50 52 122
 111 122 52
 85 133 90
 92 188 207
 70 61 21
 208 174 50
 27 29 206
 122 208 50
 117 101 187
 60 187 101
 85 109 124
 43 209 181
 117 187 171
 191 157 192
 26 93 210
 30 118 31
 4 31 118
 142 12 162
 83 187 211
 60 211 187
 102 138 212
 89 55 213
 214 213 55
 106 127 194
 45 158 93
 191 166 215
 216 107 130
 27 213 163
 214 163 213
 203 204 217
 182 112 113
 85 128 133
 119 173 218
 182 219 166
 183 54 220
 79 81 221
 14 196 86
 222 196 58
 102 212 205
 79 221 149
 45 223 46
 224 161 160
 100 51 145
 141 212 138
 225 162 12
 165 8 181
 71 84 226
 183 226 84
 227 228 229
 225 12 151
 11 151 12
 214 125 163
 165 167 230
 71 231 17
 182 113 232
 71 233 231
 39 190 40
 141 138 137
 191 193 167
 79 234 146
 3 124 109
 152 151 46
 9 204 7
 229 228 160
 182 209 112
 87 199 25
 203 173 121
 235 207 188
 182 181 209
 94 185 230
 72 140 184
 87 196 199
 235 232 113
 45 118 223
 35 7 121
 203 121 7
 236 32 164
 214 20 23
 183 220 226
 201 103 202
 115 90 133
 152 68 237
 24 25 199
 71 238 233
 222 212 199
 141 199 212
 115 64 77
 26 210 147
 152 237 239
 83 170 187
 44 163 125
 70 20 55
 102 202 103
 214 23 125
 102 104 138
 240 241 155
 177 155 241
 106 197 52
 89 213 206
 27 206 213
 226 220 228
 242 243 32
 66 68 153
 152 153 68
 43 110 135
 242 32 244
 236 244 32
 235 38 245
 216 37 107
 222 199 196
 242 198 243
 36 91 132
 97 246 113
 235 113 246
 79 149 234
 148 234 149
 191 215 155
 200 95 193
 235 188 38
 143 162 218
 119 218 162
 88 247 241
 94 167 193
 33 137 99
 154 46 223
 203 217 173
 97 197 207
 88 37 247
 175 209 135
 43 135 209
 126 23 248
 19 248 23
 14 86 105
 87 86 196
 235 246 207
 82 131 49
 92 207 249
 97 207 246
 47 132 91
 236 164 134
 0 134 164
 111 176 114
 123 136 250
 242 250 136
 30 223 118
 83 108 170
 142 10 12
 48 194 116
 179 251 172
 189 172 251
 148 108 18
 16 18 108
 9 186 204
 224 220 56
 47 49 131
 252 248 174
 19 174 248
 82 178 184
 30 243 223
 82 184 131
 183 195 62
 39 147 210
 54 56 220
 240 155 215
 94 193 95
 189 251 253
 60 62 211
 120 168 239
 225 239 168
 175 98 112
 57 202 205
 6 133 128
 177 241 247
 120 237 254
 36 132 107
 169 147 42
 191 155 157
 150 170 108
 189 73 178
 72 178 73
 183 84 195
 214 55 20
 175 112 209
 154 223 243
 120 254 121
 119 162 168
 225 168 162
 166 219 215
 72 184 178
 165 230 255
 235 245 232
 240 232 245
 185 255 230
 126 256 134
 236 134 256
 152 239 151
 225 151 239
 94 230 167
 139 130 140
 129 140 130
 39 42 147
 227 226 228
 154 198 153
 224 56 161
 189 253 73
 126 125 23
 142 144 10
 227 238 226
 106 194 249
 69 254 237
 88 241 245
 240 245 241
 159 229 160
 89 161 56
 182 232 219
 71 226 238
 30 32 243
 88 245 38
 224 160 228
 127 116 194
 117 53 116
 48 116 53
 36 38 188
 180 221 81
 216 130 257
 139 257 130
 252 174 208
 165 255 8
 69 110 254
 35 254 110
 9 8 255
 154 243 198
 242 136 198
 69 237 68
 92 249 194
 123 208 122
 150 221 171
 180 171 221
 35 121 254
 106 249 197
 240 219 232
 9 255 186
 185 186 255
 59 1 164
 0 164 1
 117 171 53
 180 53 171
 222 205 212
 224 228 220
 150 149 221
 57 205 58
 222 58 205
 252 250 244
 242 244 250
 120 239 237
 252 256 248
 207 197 249
 175 176 98
 111 98 176
 87 25 109
 3 109 25
 126 248 256
 93 190 210
 240 215 219
 252 244 256
 236 256 244
 252 208 250
 39 210 190
 123 250 208
 62 195 211
 83 211 195
 0
 0
 0
 0
 0
 0
 0
 10
 200 143 204 96 173 95 218 217 144 186
 0
 11
 41 169 63 15 77 40 78 64 42 144 10
 0
 17
 201 13 227 159 28 15 29 233 99 103 229 104 206 161 138 75 238
 0
 14
 177 200 216 139 74 192 37 251 156 257 247 157 253 73
 9
 179 148 17 233 146 251 234 18 231
 0
 0
 0
 0
 0
 0
 0
 0
 0
 0
 0
 0
 0
 0
 0
