264 457
6.515219 5.280851 2
6.635678 5.241629 1
6.685428 5.362820 2
5.017903 4.996035 2
4.890870 5.132880 3
4.847394 4.979242 2
4.970822 4.493345 1
5.151458 4.531467 1
5.054547 4.627533 1
5.213462 4.793371 2
5.056756 4.851300 1
5.088861 4.732314 1
5.103247 4.421588 1
5.151765 4.907310 2
4.741090 4.800401 2
4.777213 4.665328 1
4.865252 4.762175 1
4.639359 4.733263 2
6.765488 4.794387 1
6.921344 4.852563 1
6.792965 4.944991 1
5.345166 4.081958 1
5.223313 4.165204 1
5.225334 4.010153 1
5.087319 4.059354 1
5.003970 3.950645 1
4.940084 4.025068 1
4.666161 4.606328 2
6.206203 4.558007 1
6.139965 4.456416 1
6.238244 4.398286 1
6.365672 4.825902 1
6.262121 4.844088 1
6.236480 4.716629 1
6.318694 4.601766 1
6.332431 4.471969 1
6.436944 4.559677 1
5.782885 4.915845 2
5.613523 4.876764 2
5.711236 4.758887 1
4.979978 4.129759 1
6.458292 4.860746 1
6.561650 4.911911 1
6.449646 4.988196 1
5.589419 4.442449 1
5.690715 4.356841 1
5.711939 4.496269 1
5.812953 4.400337 1
6.250869 5.309196 2
6.411714 5.261772 1
6.420067 5.386676 2
4.694458 3.842130 1
4.748693 3.756030 1
4.857194 3.886184 1
6.764845 5.204879 1
6.863762 5.336168 2
4.854363 3.730528 1
6.946815 5.205117 2
6.403944 4.719996 1
5.944004 4.749156 1
5.838029 4.800569 1
5.821872 4.670084 1
5.155808 4.309731 1
5.021509 4.346021 1
5.072066 4.195681 1
5.546039 4.041147 1
5.645875 3.954549 2
5.657291 4.098102 1
5.915690 4.628152 1
6.740088 4.479023 1
6.844259 4.575675 1
6.694670 4.607204 1
6.541129 5.048256 1
5.458508 4.842330 2
5.566566 4.755843 1
6.970466 5.038136 1
7.072138 5.117852 2
5.014447 3.851910 1
6.933664 4.371037 2
7.087327 4.451959 2
6.923322 4.490115 1
4.928779 4.868985 1
4.980274 3.545190 1
4.992145 3.435794 2
5.118882 3.475273 2
5.076163 3.588451 1
4.667202 3.462225 1
4.605954 3.329224 3
4.769167 3.354741 2
6.687865 4.905247 1
6.726094 5.043987 1
6.631585 5.002763 1
6.330822 5.175495 1
6.223165 5.123343 1
6.127608 5.195673 2
7.236230 4.640737 1
7.238105 4.475309 2
7.340311 4.526483 2
7.076392 4.822713 1
7.184811 4.897837 1
7.085773 4.974476 1
6.631879 4.698171 1
6.770990 4.672834 1
7.136845 4.570757 1
6.635351 4.809585 1
7.293615 4.802448 1
7.301553 4.971611 1
7.381545 4.884879 1
6.848817 5.063982 1
6.076811 4.962896 1
6.038838 5.092997 1
5.911179 5.023998 1
5.253133 3.592055 2
5.149763 3.675928 1
5.489552 4.544328 1
5.448073 4.418504 1
6.638291 5.119759 1
6.908397 4.961698 1
5.930738 4.904496 1
4.946111 4.241687 1
6.506563 4.665459 1
5.754136 3.997911 1
5.876711 3.891672 3
5.877999 4.044163 2
7.391780 5.076591 2
7.464369 4.987767 2
4.932013 4.647442 1
4.759320 3.939040 1
6.339557 4.936695 1
4.892799 3.621217 1
4.877970 3.460608 2
4.805853 3.550478 1
5.535244 3.911534 2
6.110779 4.221756 2
5.986840 4.235795 1
6.012780 4.101611 2
7.190773 5.054635 1
5.654665 4.222553 1
5.793844 4.270030 1
4.835374 3.996528 1
6.642293 4.299617 2
6.771570 4.326343 3
6.644121 4.409723 1
5.611839 4.572730 1
7.010106 4.599801 1
5.330670 3.718760 1
5.229077 3.752170 1
5.748894 3.857811 2
5.000618 3.700143 1
5.123907 3.795362 1
4.555039 3.463412 2
4.931655 3.792191 1
6.900465 4.703477 1
6.015033 4.338188 1
6.133647 4.350860 1
6.042073 4.442723 1
5.353764 4.366374 1
5.331782 4.453492 1
5.237947 4.414595 1
5.788845 5.072317 2
5.292158 4.288077 1
5.770917 4.139910 1
5.721786 4.621486 1
5.838165 4.542286 1
4.982566 4.748600 1
5.404654 3.643694 2
4.910671 4.378747 1
7.008394 4.908817 1
6.177315 4.920896 1
6.246135 5.013011 1
5.353297 4.189147 1
5.444251 4.126675 1
5.430542 4.274333 1
5.549659 4.177384 1
7.009689 4.730780 1
7.348605 4.683610 2
7.175807 4.768098 1
6.634635 4.507141 1
7.180489 5.198416 3
7.428025 4.762900 2
5.461146 4.733736 1
4.836103 4.272596 1
7.291842 5.136604 2
6.441395 4.412462 1
6.839843 4.438451 1
6.122160 4.639272 1
4.522327 3.976162 1
4.433736 3.897782 2
4.591756 3.867225 1
4.867213 4.558381 1
6.130311 4.813898 1
7.112457 4.685982 1
6.530414 5.177039 1
6.432092 5.129369 1
5.373848 4.542871 1
4.818504 4.870011 1
5.889726 4.184255 1
4.633486 4.354214 1
4.613379 4.491912 2
4.518124 4.381610 2
4.491944 4.086090 1
4.394097 4.005012 2
4.508618 3.793003 2
5.904289 4.310095 1
5.923215 5.140003 2
5.175752 4.646007 1
5.560513 4.315344 1
6.568055 4.580277 1
5.627614 4.668246 1
4.844534 4.120267 1
6.036800 4.862010 1
4.746282 4.023415 1
4.615785 4.052131 1
4.648560 3.952608 1
6.542387 4.470530 1
4.770158 3.460246 1
4.695701 4.120321 1
4.751874 4.209885 1
6.143450 5.044470 1
5.298054 4.647369 1
4.725826 4.925068 3
6.075419 4.729247 1
4.747875 4.543130 1
5.359335 4.752727 1
5.330429 4.858052 2
5.231665 3.874136 1
5.332923 3.944551 1
5.120804 3.930712 1
6.080802 4.545942 1
5.440802 3.996083 1
5.425378 3.879509 1
4.384297 4.111179 2
5.329196 3.825469 1
4.838349 4.462823 1
6.244764 4.271516 2
6.527680 4.768586 1
6.336903 5.061018 1
5.263251 4.540002 1
7.487613 4.872024 2
4.723359 4.428094 1
5.519513 3.798273 2
4.810153 4.375240 1
7.579435 4.927200 3
5.962838 4.537652 1
4.629376 3.767317 1
6.011571 4.641583 1
6.453289 4.285913 2
6.345994 4.337882 2
4.562174 3.680274 2
4.655750 4.229373 1
4.732930 4.312341 1
4.555874 4.268365 2
4.589895 4.154187 1
4.467340 4.192899 2
5.927338 4.431966 1
6.015219 5.208495 2
6.546760 4.352573 2
4.670556 3.665241 1
4.608068 3.572247 2
5.413896 4.651574 1
5.419442 3.758591 2
4.779534 3.649229 1
5.527368 4.655096 1
4.710295 3.562259 1
 0 1 2
 3 4 5
 6 7 8
 9 10 11
 6 12 7
 13 10 9
 14 15 16
 17 15 14
 18 19 20
 21 22 23
 24 23 22
 25 24 26
 17 27 15
 28 29 30
 31 32 33
 34 35 36
 35 28 30
 34 28 35
 37 38 39
 26 24 40
 41 42 43
 44 45 46
 47 46 45
 48 49 50
 51 52 53
 54 55 2
 56 53 52
 54 57 55
 58 31 33
 59 60 61
 62 63 64
 65 66 67
 59 61 68
 69 70 71
 43 42 72
 38 73 74
 75 76 57
 77 25 53
 78 79 80
 3 5 81
 26 53 25
 82 83 84
 82 84 85
 86 87 88
 89 90 91
 20 90 89
 92 48 93
 94 93 48
 18 20 89
 95 96 97
 98 99 100
 18 101 102
 62 64 22
 95 103 96
 37 39 60
 92 49 48
 18 104 101
 71 102 101
 99 105 106
 106 105 107
 54 108 57
 109 110 111
 84 112 85
 113 85 112
 75 57 108
 44 114 115
 54 1 116
 20 117 108
 109 111 118
 119 64 63
 120 58 36
 34 36 58
 121 122 123
 20 108 90
 54 116 90
 124 106 125
 106 107 125
 3 10 13
 6 8 126
 51 53 127
 41 43 128
 34 58 33
 129 130 82
 131 130 129
 65 132 66
 133 134 135
 136 100 99
 137 138 45
 26 139 53
 18 89 104
 24 22 64
 140 141 142
 44 143 114
 144 80 79
 121 67 66
 145 146 112
 121 147 122
 37 118 111
 77 148 149
 86 150 87
 69 142 141
 77 53 151
 144 152 70
 18 152 19
 153 154 155
 156 157 158
 59 118 60
 113 112 146
 37 111 159
 160 156 158
 137 161 138
 61 162 163
 46 163 162
 16 126 164
 145 112 165
 24 64 40
 54 2 1
 113 149 148
 119 63 166
 98 100 167
 168 32 128
 169 168 128
 170 171 172
 171 173 172
 98 19 174
 16 164 81
 175 95 97
 98 176 99
 69 71 177
 37 60 118
 136 178 76
 144 79 103
 136 99 106
 3 81 10
 107 105 179
 136 76 100
 75 108 117
 180 74 73
 119 166 181
 6 63 12
 136 106 182
 44 46 143
 35 183 36
 69 184 70
 16 15 126
 124 182 106
 34 33 28
 185 28 33
 153 133 154
 29 155 154
 56 151 53
 19 152 174
 186 187 188
 20 19 117
 6 126 189
 77 151 148
 32 190 33
 144 103 191
 62 22 160
 192 49 193
 75 100 76
 137 173 67
 91 72 42
 114 194 115
 65 67 173
 81 5 195
 47 45 138
 92 193 49
 71 70 102
 196 123 135
 197 198 199
 16 81 195
 47 163 46
 62 160 158
 186 200 201
 202 188 187
 46 162 143
 21 170 22
 196 134 203
 144 70 80
 192 0 49
 204 111 110
 11 205 9
 61 163 68
 113 148 85
 82 85 148
 98 167 19
 172 206 115
 196 203 138
 71 101 207
 208 143 162
 119 181 209
 157 115 194
 109 118 210
 211 212 213
 214 36 183
 196 161 123
 190 168 210
 86 88 215
 211 216 212
 59 210 118
 54 90 108
 44 115 206
 210 168 109
 126 8 164
 11 164 8
 96 103 79
 56 148 151
 217 209 181
 95 191 103
 70 184 80
 82 148 129
 56 129 148
 121 123 161
 32 168 190
 94 110 218
 99 176 105
 196 138 161
 219 9 205
 211 209 216
 217 216 209
 144 174 152
 220 195 5
 94 218 93
 62 12 63
 18 102 152
 70 152 102
 190 221 33
 222 27 198
 219 223 9
 224 9 223
 95 176 191
 144 191 174
 225 226 23
 196 135 134
 41 128 31
 179 105 175
 204 159 111
 208 39 74
 225 23 227
 24 227 23
 172 173 206
 6 166 63
 29 28 228
 38 74 39
 185 33 221
 61 60 39
 65 229 132
 230 132 229
 11 8 205
 231 201 200
 137 206 173
 225 232 226
 137 45 206
 186 201 187
 71 207 177
 6 233 166
 192 116 1
 234 154 133
 44 206 45
 120 235 58
 41 58 235
 169 236 93
 95 105 176
 180 73 223
 224 223 73
 137 67 161
 119 40 64
 75 167 100
 92 93 236
 219 205 237
 121 161 67
 222 15 27
 59 221 210
 153 134 133
 119 209 40
 107 179 238
 197 239 198
 222 198 239
 22 170 160
 190 210 221
 78 184 141
 225 227 149
 77 149 227
 192 193 72
 26 40 209
 6 189 233
 120 207 101
 91 90 116
 185 228 28
 69 141 184
 230 240 132
 241 181 166
 88 130 215
 98 191 176
 24 25 227
 41 31 58
 98 174 191
 126 15 189
 21 23 226
 186 188 213
 75 117 167
 242 125 238
 136 182 178
 7 237 205
 120 36 207
 214 207 36
 49 0 50
 243 68 163
 109 168 218
 95 175 105
 192 1 0
 169 218 168
 121 66 147
 202 244 188
 59 68 245
 21 226 229
 43 72 193
 211 139 209
 26 209 139
 246 183 247
 35 247 183
 202 248 244
 172 160 170
 7 205 8
 11 10 164
 81 164 10
 153 203 134
 61 39 162
 197 249 250
 197 251 249
 252 251 253
 7 158 237
 29 228 155
 107 238 125
 65 173 171
 243 163 254
 172 115 156
 157 156 115
 29 154 30
 204 110 255
 94 255 110
 140 142 256
 252 253 200
 131 215 130
 208 162 39
 243 254 155
 82 130 83
 32 31 128
 7 12 158
 211 213 127
 51 127 213
 192 72 116
 104 42 235
 41 235 42
 257 248 258
 241 166 233
 47 254 163
 86 258 150
 69 177 142
 214 142 177
 169 128 236
 197 199 251
 19 167 117
 172 156 160
 47 138 203
 78 80 184
 21 229 171
 65 171 229
 157 237 158
 231 200 253
 21 171 170
 225 149 146
 113 146 149
 241 239 250
 197 250 239
 109 218 110
 51 213 188
 153 155 254
 225 146 232
 145 232 146
 222 189 15
 219 194 259
 145 165 260
 230 226 232
 186 213 212
 43 236 128
 91 42 89
 104 89 42
 252 200 212
 62 158 12
 131 129 261
 56 261 129
 208 262 143
 114 143 262
 43 193 236
 92 236 193
 230 229 226
 217 249 216
 252 216 249
 77 227 25
 214 256 142
 214 183 256
 246 256 183
 86 263 258
 219 237 194
 252 212 216
 114 259 194
 131 263 215
 86 215 263
 220 14 195
 16 195 14
 180 223 259
 219 259 223
 257 244 248
 243 155 228
 241 250 181
 217 181 250
 186 212 200
 51 188 244
 180 259 262
 114 262 259
 47 203 254
 234 30 154
 169 93 218
 243 228 245
 185 245 228
 120 101 235
 104 235 101
 234 247 30
 35 30 247
 230 260 240
 241 233 239
 222 239 233
 257 263 261
 157 194 237
 222 233 189
 211 127 139
 53 139 127
 252 249 251
 153 254 203
 217 250 249
 185 221 245
 59 245 221
 208 74 262
 257 52 244
 91 116 72
 180 262 74
 131 261 263
 214 177 207
 243 245 68
 257 261 52
 230 232 260
 145 260 232
 257 258 263
 51 244 52
 56 52 261
 0
 0
 0
 5
 242 124 125 178 182
 0
 20
 3 204 37 224 94 57 13 4 38 2 48 55 159 9 76 178 73 50 255 0
 0
 10
 246 234 140 133 141 123 135 122 247 256
 13
 84 88 87 112 147 132 130 240 122 66 83 165 260
 0
 0
 0
 0
 9
 242 78 96 79 141 179 97 175 238
 0
 3
 220 4 5
 0
 0
 0
 0
 0
 0
 0
 0
 16
 231 202 220 17 87 198 253 27 187 248 150 251 201 199 258 14
 0
 0
 0
 0
 0
