251 446
1.198950 0.801339 1
1.130480 0.928674 1
1.047596 0.816552 1
0.790780 1.521364 1
0.866223 1.686136 1
0.720848 1.668843 1
1.334896 0.555154 1
1.426591 0.410512 1
1.466554 0.565998 1
1.919936 1.270345 2
1.755492 1.254920 2
1.871586 1.127154 1
1.739587 1.082100 1
1.527778 0.000000 0
1.666667 0.000000 0
1.589848 0.164068 1
0.000000 1.666667 0
0.000000 1.527778 0
0.166367 1.576067 1
1.305229 0.389658 1
0.868734 0.211318 1
0.964521 0.286455 1
0.812346 0.369957 1
1.582600 0.637034 1
1.586031 0.794422 1
1.444892 0.702479 1
1.455321 0.867097 1
1.805556 0.000000 0
1.903467 0.135013 2
1.734081 0.126238 1
0.000000 1.805556 0
0.127251 1.739763 1
0.133506 1.909086 2
1.218172 1.198164 1
1.350614 1.261764 1
1.181875 1.340844 1
0.311474 0.668788 1
0.467381 0.608861 1
0.442229 0.729840 1
0.000000 1.388889 0
0.149972 1.286949 1
0.099357 1.458333 1
1.388889 0.000000 0
1.451688 0.102339 1
1.291612 0.150376 1
1.618358 0.331709 1
1.559231 0.486486 1
1.495906 0.308210 1
1.969311 1.019273 1
2.061746 0.892063 2
2.102736 1.025609 2
0.339635 1.612239 1
0.418746 1.759923 1
0.268489 1.723210 1
0.833333 0.000000 0
0.952749 0.121463 1
0.771428 0.118995 1
0.000000 0.833333 0
0.118995 0.771428 1
0.121463 0.952749 1
0.900401 1.538032 1
0.375573 0.517925 1
0.579927 1.330083 1
0.693155 1.242052 1
0.699880 1.394122 1
1.224287 0.296905 1
1.202538 0.454328 1
1.086883 0.329925 1
1.127248 1.726203 2
1.204282 1.580212 1
1.276246 1.667205 2
1.604082 1.158693 1
0.210360 1.430914 1
0.309166 1.491194 1
0.269519 0.553090 1
0.268505 0.404020 1
0.916679 1.238047 1
0.965835 1.099162 1
1.031494 1.177436 1
1.083317 1.567965 1
0.191461 0.489829 1
1.345006 0.811477 1
0.340190 0.827867 1
0.859163 1.097124 1
0.409535 0.412463 1
0.000000 1.250000 0
1.250000 0.000000 0
0.142591 0.344801 1
0.293416 0.264023 1
0.507339 1.134566 1
0.563142 0.991858 1
0.619008 1.146263 1
0.196901 0.196901 1
1.428417 0.211565 1
0.963276 0.910615 1
0.494141 0.194617 1
0.426389 0.291239 1
0.354120 0.138728 1
0.955972 0.412901 1
0.651486 1.530363 1
0.998214 1.483394 1
1.034647 1.338494 1
1.096392 1.437640 1
0.914497 1.418791 1
0.705132 1.066432 1
0.677595 0.299934 1
0.644156 0.449829 1
0.555341 0.298229 1
0.519273 0.410918 1
1.311510 1.415828 1
0.587877 1.751007 1
0.651550 1.897666 2
0.528754 1.862419 1
1.322060 0.701230 1
0.325855 1.831504 1
0.729831 1.793274 2
0.800232 1.190266 1
0.810924 1.353468 1
1.019990 1.005327 1
1.940146 0.871278 1
1.126688 0.709832 1
0.349809 0.337138 1
1.802902 0.244661 1
0.226299 1.817828 1
1.284990 0.997983 1
1.130524 1.080647 1
0.213983 0.864530 1
1.636586 1.009266 1
1.732573 0.938516 1
0.555556 0.000000 0
0.694444 0.000000 0
0.624231 0.153507 1
0.000000 0.694444 0
0.000000 0.555556 0
0.152226 0.623898 1
0.420917 1.928146 1
1.710454 0.548027 1
0.849068 1.832281 2
0.985853 1.824786 2
0.580966 1.624627 1
0.759233 0.229289 1
1.494737 1.249506 1
1.612268 1.306570 3
1.464182 1.376227 2
1.846440 0.980156 1
1.341398 0.280135 1
1.831876 0.613857 1
1.973511 0.573318 2
1.925536 0.727707 1
2.071491 0.687137 2
1.002043 1.704599 1
1.117136 0.585166 1
0.943857 0.568149 1
1.061277 0.470094 1
1.728074 0.715074 1
0.590910 1.441185 1
1.345885 1.133201 1
0.568243 1.226271 1
1.645534 0.899312 1
1.544757 0.940892 1
0.878031 0.714775 1
0.778876 0.819733 1
0.717826 0.702975 1
1.691617 0.243349 1
0.472575 1.652194 1
0.487143 0.090776 1
0.086995 0.486111 1
0.630066 0.830477 1
0.492288 0.849073 1
0.592840 0.709844 1
0.786546 0.529079 1
1.818970 0.832252 1
1.244893 1.102499 1
0.277778 0.000000 0
0.416667 0.000000 0
0.000000 0.416667 0
0.000000 0.277778 0
1.672118 0.432130 1
1.115047 1.241050 1
0.390641 1.407513 1
0.441784 1.278391 1
0.496440 1.418488 1
1.458757 1.139654 1
1.223186 0.559792 1
0.910307 0.820293 1
0.972222 0.000000 0
0.000000 0.972222 0
1.226026 0.652913 1
1.003319 0.703230 1
1.414830 1.003783 1
0.407763 0.954280 1
0.280749 0.962352 1
0.799050 1.004161 1
2.026828 0.785144 1
0.338355 2.037788 1
0.294825 1.928411 1
0.208161 2.029161 2
0.304244 1.212124 1
0.299258 1.339156 1
0.804001 0.635863 1
1.058497 0.184312 1
0.184312 1.058497 1
1.928411 0.294825 2
0.711231 0.936692 1
0.437769 1.057717 1
0.588144 0.588144 1
0.513241 0.509499 1
0.967330 1.604430 1
1.201904 1.471797 1
0.000000 0.000000 0
0.138889 0.000000 0
0.114254 0.114254 1
0.000000 0.138889 0
0.877952 0.476651 1
1.297043 1.547593 1
1.152123 0.105043 1
0.104976 1.151346 1
0.562077 1.993732 2
1.998749 1.156131 2
1.708324 0.828011 1
0.694410 0.592424 1
1.942917 0.425354 2
1.854079 0.501035 1
1.834179 0.376955 1
0.227374 0.751302 1
1.396836 1.506192 2
2.173393 0.790393 2
1.153550 0.213930 1
0.213930 1.153550 1
0.216388 0.089976 1
0.091278 0.219877 1
0.829501 0.908576 1
1.759653 0.444356 1
0.319502 1.079225 1
0.000000 1.111111 0
1.111111 0.000000 0
1.268035 0.888256 1
1.532904 1.058559 1
1.719057 0.348415 1
0.396185 2.183249 2
0.264624 2.150678 2
0.526815 1.532871 1
0.468229 2.064114 2
0.402869 1.155797 1
0.416624 1.526584 1
1.826902 0.719624 1
1.357789 0.913241 1
1.047968 0.081641 1
0.081641 1.047968 1
0.904912 1.004763 1
1.378407 1.612362 2
 0 1 2
 3 4 5
 6 7 8
 9 10 11
 12 11 10
 13 14 15
 16 17 18
 6 19 7
 20 21 22
 23 24 25
 26 25 24
 27 28 29
 30 31 32
 33 34 35
 36 37 38
 39 40 41
 42 43 44
 45 46 47
 7 47 46
 48 49 50
 51 52 53
 54 55 56
 57 58 59
 3 60 4
 36 61 37
 62 63 64
 65 66 67
 68 69 70
 12 10 71
 72 73 18
 61 74 75
 76 77 78
 51 18 73
 68 79 69
 23 25 8
 80 75 74
 26 81 25
 36 38 82
 76 83 77
 61 75 84
 39 85 40
 86 42 44
 87 88 75
 89 90 91
 92 88 87
 93 15 47
 2 1 94
 45 47 15
 95 96 97
 97 96 88
 98 22 21
 3 99 64
 6 66 19
 100 101 102
 103 101 100
 104 91 90
 105 106 107
 108 107 106
 36 74 61
 109 35 34
 110 111 112
 113 6 25
 52 114 53
 25 6 8
 110 115 111
 63 116 117
 118 94 1
 48 119 49
 76 117 116
 0 2 120
 121 84 75
 122 29 28
 123 32 31
 124 125 1
 76 78 101
 72 41 40
 93 44 43
 7 46 8
 20 56 55
 126 59 58
 72 18 41
 93 43 15
 104 116 63
 12 127 128
 129 130 131
 132 133 134
 110 112 52
 135 52 112
 13 15 43
 17 41 18
 14 29 15
 16 18 31
 23 46 136
 137 4 138
 110 139 5
 20 22 140
 141 142 143
 12 128 144
 104 63 91
 7 145 47
 146 147 148
 149 148 147
 68 150 79
 115 4 137
 5 4 115
 10 142 71
 151 152 153
 98 153 152
 23 154 24
 64 99 155
 95 131 107
 105 107 131
 33 156 34
 62 157 63
 158 159 24
 26 24 159
 160 161 162
 45 15 163
 51 53 18
 51 164 52
 129 131 165
 133 166 134
 48 11 144
 167 168 169
 38 169 168
 66 153 67
 170 106 22
 105 22 106
 171 148 119
 124 172 125
 110 52 164
 173 174 97
 175 176 87
 12 144 11
 46 177 136
 5 139 99
 33 178 125
 78 125 178
 76 101 103
 63 117 64
 104 83 116
 102 101 35
 135 114 52
 179 180 181
 182 141 34
 156 182 34
 93 47 145
 138 4 150
 3 117 103
 62 181 180
 6 183 66
 3 5 99
 160 184 161
 54 185 55
 186 57 59
 110 5 115
 0 187 113
 23 8 46
 0 113 81
 2 184 188
 160 188 184
 95 165 131
 80 134 166
 124 189 156
 76 116 83
 190 191 82
 126 82 191
 104 192 83
 148 193 119
 135 194 195
 196 195 194
 3 64 117
 151 188 152
 160 152 188
 197 198 40
 72 40 198
 151 153 66
 170 152 199
 200 21 55
 201 59 191
 122 28 202
 123 195 32
 196 32 195
 179 198 180
 118 1 125
 167 203 90
 104 90 203
 89 204 90
 160 199 152
 167 90 168
 190 168 90
 65 19 66
 205 206 106
 123 53 114
 205 169 37
 38 37 169
 160 162 199
 118 125 77
 130 56 131
 132 134 58
 167 162 161
 175 87 166
 174 165 97
 207 79 150
 151 66 183
 78 77 125
 102 208 79
 20 55 21
 126 191 59
 167 169 162
 80 166 87
 95 97 165
 146 154 136
 23 136 154
 35 101 178
 69 79 208
 209 210 211
 209 211 212
 36 134 74
 80 74 134
 141 71 142
 170 213 152
 105 140 22
 109 214 208
 171 119 144
 48 144 119
 86 44 215
 85 216 40
 7 19 145
 111 217 112
 135 112 217
 48 50 218
 48 218 11
 3 103 60
 24 154 219
 38 168 82
 190 82 168
 108 106 206
 197 180 198
 9 11 218
 190 90 204
 205 106 220
 76 103 117
 98 152 213
 221 222 223
 105 131 140
 36 224 134
 207 4 60
 14 27 29
 30 16 31
 109 143 225
 2 188 120
 158 128 127
 149 226 193
 65 227 44
 197 40 228
 124 156 172
 33 172 156
 173 97 229
 92 229 97
 92 87 230
 176 230 87
 231 161 184
 130 54 56
 57 132 58
 109 225 214
 162 169 220
 205 220 169
 121 75 88
 141 182 71
 158 24 219
 232 223 222
 98 67 153
 200 67 21
 201 191 233
 85 234 216
 235 86 215
 170 220 106
 92 97 88
 80 87 75
 121 88 96
 0 236 1
 124 1 236
 179 73 198
 72 198 73
 49 193 226
 93 145 44
 65 44 145
 62 64 155
 156 189 182
 237 127 71
 6 113 187
 221 147 222
 146 222 147
 12 71 127
 36 82 224
 237 71 182
 126 224 82
 122 238 163
 98 213 22
 170 22 213
 232 222 136
 146 136 222
 122 223 238
 68 138 150
 171 144 128
 194 239 240
 241 155 99
 45 177 46
 102 35 208
 135 242 194
 98 21 67
 190 233 191
 131 56 140
 134 224 58
 65 67 227
 200 227 67
 197 228 233
 201 233 228
 49 119 193
 196 194 240
 15 29 163
 122 163 29
 123 31 53
 18 53 31
 61 84 206
 151 187 120
 109 208 35
 197 233 243
 197 243 180
 63 157 91
 109 34 143
 151 183 187
 221 223 202
 51 244 164
 146 148 245
 26 159 189
 237 189 159
 89 157 180
 62 180 157
 44 227 215
 40 216 228
 171 245 148
 0 120 187
 149 193 148
 135 195 114
 167 161 203
 42 13 43
 17 39 41
 241 164 244
 237 182 189
 190 204 233
 33 35 178
 0 81 236
 135 217 242
 89 180 243
 25 81 113
 171 154 245
 141 143 34
 6 187 183
 171 219 154
 232 136 177
 151 120 188
 146 245 154
 231 203 161
 26 246 81
 194 242 239
 33 125 172
 207 150 4
 61 206 37
 78 178 101
 210 173 229
 176 212 230
 69 208 214
 174 129 165
 133 175 166
 108 96 107
 108 84 96
 241 244 181
 108 206 84
 122 202 223
 185 235 247
 234 186 248
 20 140 56
 126 58 224
 241 99 139
 179 181 244
 231 192 203
 104 203 192
 231 184 94
 124 246 189
 231 94 249
 200 247 215
 235 215 247
 201 216 248
 234 248 216
 65 145 19
 110 164 139
 241 139 164
 210 229 211
 212 211 230
 123 114 195
 26 189 246
 102 79 100
 207 100 79
 179 244 73
 118 77 249
 83 249 77
 95 107 96
 121 96 84
 185 247 55
 186 59 248
 45 163 238
 51 73 244
 241 181 155
 200 215 227
 201 228 216
 124 236 246
 170 199 220
 162 220 199
 232 238 223
 205 37 206
 201 248 59
 200 55 247
 92 230 211
 92 211 229
 89 91 157
 83 192 249
 250 214 225
 237 159 127
 103 100 60
 250 70 214
 69 214 70
 158 127 159
 233 204 243
 81 246 236
 231 249 192
 2 94 184
 62 155 181
 45 238 177
 89 243 204
 118 249 94
 232 177 238
 171 128 219
 207 60 100
 158 219 128
 0
 0
 0
 0
 0
 0
 0
 0
 0
 0
 0
 0
 0
 0
 0
 0
 0
 0
 0
 0
 0
 0
 0
 0
 0
 0
 12
 9 221 149 49 10 147 142 28 226 218 202 50
 0
 0
 16
 137 250 68 196 111 138 142 217 32 143 225 115 70 242 240 239
