256 452
0.804761 8.931736 1
0.883450 9.033758 1
0.731714 9.012262 1
0.813117 9.117463 1
0.586217 8.671837 1
0.717139 8.653090 1
0.688054 8.781419 1
0.600051 9.442334 1
0.625002 9.593052 1
0.495180 9.502041 1
0.441684 9.357429 1
0.279594 9.434204 1
0.296961 9.314909 1
0.376853 9.485054 1
0.858725 8.722531 1
1.021079 8.803075 1
0.926489 8.895859 1
0.722314 9.520363 1
1.666667 10.000000 0
1.527778 10.000000 0
1.576167 9.835144 2
0.000000 8.472222 0
0.000000 8.333333 0
0.166292 8.423943 1
0.206973 7.973966 1
0.365202 7.918355 2
0.290860 8.070413 1
0.000000 8.194445 0
0.133506 8.090914 1
0.127202 8.260216 1
1.508334 8.189949 1
1.644398 8.157336 2
1.585124 8.273692 1
1.707647 8.287313 1
1.761035 8.899155 1
1.870443 8.844454 2
1.824499 9.015575 2
1.085593 8.281207 1
1.211066 8.256941 1
1.196026 8.392241 1
0.577212 8.273679 1
0.521991 8.149955 2
0.693256 8.164474 2
1.388889 10.000000 0
1.286949 9.850028 1
1.458333 9.900642 1
0.000000 8.611111 0
0.099357 8.541667 1
0.149972 8.713051 1
0.000000 9.166667 0
0.123921 9.056075 1
0.118748 9.221499 1
0.833333 10.000000 0
0.771428 9.881005 1
0.952749 9.878537 1
0.511959 9.611855 1
0.803698 9.649410 1
0.678018 9.708518 1
0.210358 8.569089 1
0.309136 8.508445 1
0.261602 9.600441 1
0.339019 8.387820 1
1.189201 8.795759 1
1.113182 8.680849 1
0.758679 8.431259 1
0.733248 8.305851 1
0.866699 8.310026 1
0.267082 8.277399 1
0.413076 8.244780 1
1.696259 8.602985 1
1.803862 8.695800 2
1.657487 8.728475 1
1.494142 8.765318 1
1.645896 8.843415 1
1.564363 8.918695 1
1.317680 8.269543 1
1.451239 8.326179 1
1.309117 8.378160 1
1.066928 8.429412 1
0.191461 9.510171 1
1.398905 8.200853 1
1.103121 8.910573 1
1.767289 8.201658 2
1.592797 9.097786 1
1.669018 9.221201 2
1.548165 9.241406 1
0.616477 8.393044 1
0.473950 8.361743 1
0.795406 8.565123 1
0.908448 8.586155 1
0.411077 9.591169 1
1.250000 10.000000 0
0.000000 8.750000 0
0.546415 8.787341 1
0.990099 8.657994 1
0.142591 9.655199 1
0.283525 9.728330 1
1.464331 9.149743 1
1.402143 8.440618 1
0.196901 9.803100 1
1.431722 9.788975 1
1.492050 9.689928 2
1.728744 8.439555 1
1.596820 8.391994 1
0.864869 8.475965 1
1.561748 8.649764 1
0.526764 8.467170 1
0.293526 8.784400 1
0.441780 8.860373 1
0.333250 8.930343 1
1.287874 8.131318 2
1.181810 8.551363 1
1.220491 8.689522 1
1.596348 8.519858 1
1.544884 8.074590 1
1.334896 9.444846 1
1.348866 9.335640 1
1.469599 9.466022 2
1.497565 9.348309 1
1.071089 8.570249 1
1.684391 8.982583 1
1.361718 8.903855 1
1.337824 8.769677 1
1.458961 8.869428 1
0.414963 8.071552 2
0.356034 9.675016 1
0.225961 8.181989 1
0.211318 9.131266 1
0.294735 9.054495 1
0.369858 9.189230 1
0.529079 9.213453 1
0.322388 8.169227 1
0.983326 8.514839 1
0.864530 9.786017 1
0.435687 8.704444 1
0.235199 7.868153 2
0.981902 8.191603 2
1.144988 8.142914 2
0.694444 10.000000 0
0.555556 10.000000 0
0.632514 9.850994 1
0.000000 9.444445 0
0.000000 9.305555 0
0.147830 9.363488 1
0.714316 9.402905 1
0.229289 9.240767 1
1.247027 9.296149 1
1.236969 9.439577 1
1.445282 9.003757 1
0.191008 8.946526 1
0.712002 9.129732 1
0.832334 8.181274 2
1.894796 8.283788 2
1.796368 8.333261 1
0.636902 8.530614 1
0.817945 9.228610 1
0.705682 9.281222 1
0.487094 9.909638 1
0.086995 9.513889 1
1.212820 9.693766 1
1.355126 9.675912 1
0.830477 9.369934 1
0.838538 9.499920 1
0.493726 8.971506 1
0.404042 9.048648 1
0.000000 9.722222 0
0.000000 9.583333 0
0.416667 10.000000 0
0.277778 10.000000 0
0.347068 9.865978 1
0.804992 8.836111 1
0.390550 8.588207 1
0.499662 8.572626 1
1.154797 9.368364 1
0.000000 8.055555 0
0.598355 8.906145 1
1.497397 8.567036 1
0.984513 8.316355 1
1.030836 9.115532 1
1.126290 9.230981 1
1.010762 9.226134 1
0.000000 7.777778 0
0.155138 7.724136 2
0.115023 7.874085 1
0.972222 10.000000 0
0.000000 9.027778 0
0.492241 9.801861 1
1.004662 8.995338 1
1.878052 8.432953 2
1.824728 8.560706 2
1.747745 8.802259 1
1.155032 9.125547 1
0.964521 9.713545 1
0.954280 9.592237 1
2.011927 8.365358 3
1.263118 8.884799 1
0.299041 8.656504 1
1.058497 9.815688 1
0.930620 9.294585 1
0.973801 9.436555 1
1.054995 9.315080 1
1.205404 8.976017 1
0.633174 9.197259 1
0.592068 9.076138 1
0.564581 9.714310 1
0.213930 8.846450 1
0.953595 8.408203 1
0.000000 7.916667 0
0.000000 10.000000 0
0.000000 9.861111 0
0.107824 9.892176 1
0.138889 10.000000 0
1.151346 9.895024 1
0.106092 8.849491 1
1.358403 9.543875 1
1.443864 9.592309 1
0.911069 9.174496 1
1.062614 9.535784 1
1.311718 8.993432 1
0.759233 9.770711 1
1.258936 9.570167 1
0.480838 9.114609 1
0.389819 9.757821 1
1.717935 9.096978 2
1.153550 9.786070 1
1.616130 9.365771 2
1.346873 9.100210 1
0.091278 9.780123 1
0.213692 9.912251 1
1.301408 8.605935 1
1.426698 8.649664 1
0.599666 9.312307 1
1.076383 9.418751 1
1.079324 9.680214 1
0.000000 8.888889 0
1.111111 10.000000 0
1.534460 9.581480 2
1.345869 9.212654 1
1.444916 9.260551 1
0.719683 8.890155 1
1.142776 9.493199 1
1.149933 9.600081 1
1.429399 8.087277 2
1.404965 8.536551 1
1.305023 8.488237 1
1.499858 7.947772 3
1.642432 7.990613 2
0.418376 8.475342 1
0.092829 7.983811 1
1.117910 9.027727 1
0.455960 9.693076 1
1.497119 8.467815 1
1.229989 9.066641 1
0.084204 8.953752 1
1.047968 9.918360 1
1.242998 9.176913 1
 0 1 2
 1 3 2
 4 5 6
 7 8 9
 10 11 12
 13 11 10
 14 15 16
 7 17 8
 18 19 20
 21 22 23
 24 25 26
 27 28 29
 30 31 32
 33 32 31
 34 35 36
 37 38 39
 40 41 42
 43 44 45
 46 47 48
 49 50 51
 52 53 54
 55 9 8
 17 56 8
 8 56 57
 58 23 59
 13 60 11
 61 59 23
 62 15 63
 64 65 66
 61 67 68
 69 70 71
 72 73 74
 75 76 77
 72 71 73
 37 39 78
 79 11 60
 75 80 76
 62 81 15
 33 31 82
 83 84 85
 40 86 87
 14 88 89
 13 90 60
 43 91 44
 92 46 48
 4 6 93
 14 94 15
 95 60 96
 83 85 97
 98 77 76
 14 5 88
 99 95 96
 100 101 20
 33 102 103
 64 66 104
 69 71 105
 106 87 86
 107 108 109
 110 75 38
 63 111 112
 69 105 113
 30 114 31
 14 6 5
 115 116 117
 117 116 118
 119 111 63
 83 74 120
 121 122 123
 124 26 25
 125 60 90
 126 29 28
 127 128 129
 130 10 129
 12 129 10
 68 67 131
 119 94 132
 58 48 47
 100 45 44
 33 103 32
 127 51 50
 133 54 53
 100 20 45
 58 47 23
 107 134 108
 89 132 94
 24 135 25
 37 136 137
 138 139 140
 141 142 143
 21 23 47
 19 45 20
 7 144 17
 22 29 23
 39 38 77
 72 123 122
 127 129 145
 146 116 147
 72 74 123
 83 148 74
 74 73 120
 149 128 50
 150 2 3
 151 136 66
 152 153 82
 4 154 5
 150 155 156
 61 23 67
 139 157 140
 141 143 158
 159 160 44
 100 44 160
 34 120 73
 161 162 144
 17 144 162
 40 68 41
 40 87 68
 163 164 109
 108 163 109
 124 41 68
 165 166 95
 167 168 169
 72 105 71
 61 68 87
 110 38 137
 110 80 75
 14 16 170
 171 172 134
 4 134 172
 30 76 80
 146 147 173
 14 89 94
 124 68 131
 75 77 38
 27 174 28
 175 108 93
 176 113 105
 127 50 128
 136 177 66
 175 163 108
 64 88 154
 178 179 180
 5 154 88
 181 182 183
 40 42 65
 119 63 94
 175 93 6
 184 52 54
 49 185 50
 79 158 143
 186 140 157
 187 16 81
 15 81 16
 33 82 153
 188 189 102
 69 102 189
 70 35 190
 191 179 178
 133 56 192
 193 192 56
 188 152 194
 121 195 122
 40 65 86
 62 195 81
 164 129 128
 58 196 48
 107 48 196
 197 54 192
 115 147 116
 24 26 28
 126 28 26
 161 198 199
 200 199 198
 161 199 162
 193 162 199
 126 131 67
 201 81 195
 150 202 203
 150 203 2
 150 156 202
 138 140 53
 142 51 143
 161 156 155
 186 204 140
 57 140 204
 130 203 202
 175 2 203
 166 158 95
 167 169 157
 107 109 205
 151 66 65
 69 189 70
 206 104 66
 133 192 54
 161 144 156
 64 86 65
 79 95 158
 186 157 169
 207 181 183
 208 209 210
 208 210 211
 79 143 11
 12 11 143
 12 145 129
 91 212 44
 92 48 213
 115 117 214
 215 214 117
 150 3 155
 187 178 1
 216 1 178
 39 111 78
 119 78 111
 34 190 35
 193 56 162
 17 162 56
 151 65 42
 193 199 217
 121 148 218
 13 10 9
 62 122 195
 57 219 140
 12 143 145
 22 27 29
 182 135 183
 159 220 160
 130 221 203
 4 172 154
 175 203 163
 186 169 222
 149 109 128
 83 223 84
 159 44 224
 107 205 48
 225 85 84
 226 218 148
 99 227 95
 168 228 169
 99 169 228
 165 95 227
 34 36 120
 187 1 16
 0 16 1
 52 138 53
 142 49 51
 229 112 111
 71 70 190
 72 230 105
 130 231 10
 7 10 231
 7 231 144
 156 144 231
 199 232 217
 7 9 10
 125 96 60
 121 123 148
 37 78 177
 200 232 199
 226 148 97
 107 196 134
 171 134 196
 197 192 233
 234 92 213
 91 235 212
 72 122 230
 99 96 169
 79 60 95
 215 101 160
 100 160 101
 103 102 113
 69 113 102
 58 59 196
 171 196 59
 108 134 93
 206 177 78
 83 97 148
 4 93 134
 176 105 230
 215 117 236
 57 56 219
 64 154 86
 133 219 56
 220 214 160
 226 97 237
 36 223 120
 238 97 85
 74 148 123
 14 170 6
 164 221 129
 130 129 221
 200 180 179
 175 6 239
 238 118 116
 15 94 63
 238 237 97
 225 117 118
 229 230 122
 37 137 38
 37 177 136
 240 217 232
 193 233 192
 140 219 53
 143 51 145
 159 224 233
 197 233 224
 23 29 67
 126 67 29
 55 8 204
 159 233 241
 159 241 220
 30 242 114
 62 112 122
 229 122 112
 229 243 230
 44 212 224
 48 205 213
 229 244 243
 188 153 152
 110 242 80
 149 205 109
 215 160 214
 164 163 221
 203 221 163
 106 86 154
 124 131 26
 240 147 220
 115 220 147
 161 155 198
 245 246 114
 19 43 45
 46 21 47
 106 154 172
 33 153 102
 115 214 220
 193 217 233
 188 102 153
 240 220 241
 31 114 246
 62 63 112
 106 247 87
 61 87 247
 216 198 155
 207 183 248
 24 248 183
 174 207 248
 168 211 228
 209 165 227
 83 120 223
 174 248 28
 57 204 8
 146 173 179
 200 179 173
 24 28 248
 0 170 16
 245 114 242
 119 132 78
 206 78 132
 103 76 32
 187 249 178
 191 178 249
 30 80 242
 139 167 157
 166 141 158
 55 204 250
 103 251 76
 98 76 251
 201 252 249
 191 249 252
 164 128 109
 30 32 76
 185 234 253
 235 184 254
 226 237 255
 24 183 135
 216 155 3
 127 145 51
 133 53 219
 206 66 177
 226 255 252
 146 237 116
 238 116 237
 171 247 172
 13 9 90
 55 90 9
 234 213 253
 149 253 213
 235 254 212
 197 212 254
 187 81 249
 201 249 81
 106 172 247
 89 104 132
 175 239 2
 0 2 239
 39 244 111
 229 111 244
 209 227 210
 211 210 228
 125 250 222
 216 180 198
 200 198 180
 126 26 131
 176 230 243
 200 173 232
 215 236 101
 171 59 247
 216 3 1
 98 243 244
 176 251 113
 206 132 104
 186 250 204
 240 173 147
 184 54 254
 185 253 50
 125 222 96
 216 178 180
 225 118 85
 125 90 250
 55 250 90
 103 113 251
 6 170 239
 61 247 59
 197 224 212
 149 213 205
 240 232 173
 130 202 231
 156 231 202
 39 77 244
 98 244 77
 149 50 253
 197 254 54
 99 210 227
 99 228 210
 238 85 118
 89 88 104
 201 195 218
 34 73 190
 71 190 73
 121 218 195
 146 179 255
 191 255 179
 146 255 237
 186 222 250
 233 217 241
 176 243 251
 0 239 170
 240 241 217
 98 251 243
 191 252 255
 64 104 88
 201 218 252
 169 96 222
 226 252 218
 0
 0
 0
 0
 0
 0
 0
 0
 0
 0
 0
 0
 0
 0
 0
 0
 0
 0
 6
 245 31 152 194 246 82
 12
 151 110 124 245 182 25 137 136 242 41 42 135
 13
 225 188 20 84 70 35 117 36 194 189 101 223 236
 0
 0
 0
 0
 0
 0
 0
 0
 0
