266 471
5.221864 8.314909 1
5.194563 8.453780 1
5.103426 8.308444 1
5.039473 8.409187 1
4.843771 7.742307 1
4.766234 7.666049 1
4.942622 7.631082 1
4.792192 8.827494 1
4.900336 8.739722 1
4.900708 8.889679 1
5.018963 8.822566 1
4.821928 7.549235 1
4.690049 8.661431 1
4.815514 8.530622 1
4.799302 8.686742 1
4.711200 8.307444 1
4.741633 8.163024 1
4.860852 8.234040 1
5.725996 8.491804 1
5.840215 8.416333 2
5.846289 8.591111 3
4.835890 8.349513 1
5.033668 8.974723 2
4.887443 9.018431 2
5.160952 8.874516 2
4.595613 8.187726 1
4.511151 8.049745 1
4.657690 8.056572 1
4.543251 6.941085 1
4.651010 6.849020 1
4.676975 7.006541 1
3.711240 7.702978 2
3.753700 7.593210 1
3.852340 7.744352 1
3.880420 7.593835 2
5.571858 7.994799 1
5.702821 7.933967 1
5.684880 8.078018 1
5.326624 8.394687 1
5.455002 8.323562 1
5.448535 8.493784 1
5.281036 8.087737 1
5.183760 7.973964 1
5.325183 7.953028 1
5.229473 7.854873 1
4.176283 7.510770 1
4.021476 7.534031 2
4.107207 7.367772 2
4.007149 7.706590 1
4.928938 8.408052 1
4.921981 8.624599 1
4.255176 8.445662 2
4.134202 8.347101 2
4.310953 8.315970 1
5.317335 8.524278 1
5.214862 8.622054 1
5.107150 8.727748 1
5.044873 8.595980 1
5.285058 6.963790 1
5.303810 6.851843 1
5.444646 6.913848 2
5.385935 6.762380 2
5.664499 7.207910 2
5.646004 7.361714 2
5.534051 7.227073 1
5.494450 7.360512 1
4.659850 8.878281 1
4.771643 8.955138 2
4.643481 9.022559 2
4.813176 7.911351 1
4.948983 7.864202 1
4.549316 8.906294 2
4.448827 8.208036 1
4.694573 8.537153 1
5.534955 8.410294 1
5.205322 6.783471 2
5.204967 6.904642 1
5.076235 6.911542 1
5.040743 7.991185 1
5.087064 7.877637 1
5.054564 6.800837 2
5.724779 7.792501 2
5.813758 7.908040 3
5.087629 7.126500 1
5.238856 7.112688 1
5.122115 7.262406 1
5.279744 7.252313 1
4.534422 7.490746 1
4.536436 7.376394 1
4.672927 7.475581 1
4.652640 7.350923 1
4.834458 7.281233 1
4.974308 7.230979 1
4.991446 7.348893 1
5.115304 7.631296 1
5.248849 7.594256 1
5.241812 7.726308 1
4.635546 8.455350 1
4.588533 8.601883 1
4.478090 8.516355 1
4.973298 8.502631 1
5.830169 8.029728 2
4.743224 8.436479 1
4.900292 7.423846 1
5.125394 7.766198 1
5.374543 7.049115 1
4.576108 7.607667 1
5.568016 7.505361 1
5.421016 7.473299 1
4.386937 7.957093 1
4.280149 8.028477 1
4.251044 7.871155 1
4.974689 6.722596 2
4.848577 6.738701 1
4.914988 6.591507 3
4.793907 6.642322 2
5.663185 8.228879 1
5.791213 8.162083 2
4.711037 7.794382 1
4.598866 7.059680 1
5.582434 7.111613 1
5.730698 7.082888 2
4.971705 8.284924 1
4.976001 8.131276 1
5.722375 7.494719 2
5.690073 7.627812 2
5.553058 7.626899 1
4.468042 7.715165 1
4.502781 7.876628 1
4.367325 7.805503 1
4.584562 7.758676 1
4.387048 8.081140 1
4.771996 6.822196 1
4.921848 6.875056 1
4.776976 6.939325 1
3.758244 7.836802 2
4.193398 8.227467 1
4.153456 7.978736 1
4.177986 8.088549 1
4.026791 8.054142 1
4.447915 8.350212 1
4.308178 8.162348 1
4.581967 7.159510 1
4.698600 7.260993 1
4.564543 7.276639 1
5.592066 7.860765 1
4.443876 8.669430 1
4.715678 7.142967 1
3.910329 7.913257 1
5.072101 8.187603 1
4.581558 8.759679 1
4.106899 8.169879 1
5.305802 8.228199 1
4.707977 7.588343 1
4.770649 7.392766 1
5.097023 7.394842 1
4.951414 7.741698 1
4.352052 8.542392 1
5.019200 7.792492 1
5.102235 8.506653 1
5.720436 8.623577 2
5.606541 8.533944 1
5.626664 7.003680 1
5.425395 8.066589 1
5.626382 8.655936 1
3.764626 7.978360 2
4.257246 8.596165 1
4.145428 8.562978 3
4.597871 7.963859 1
4.314149 8.687351 1
5.180929 8.201887 1
4.472039 8.800057 2
4.856603 7.145395 1
5.284117 8.831192 1
5.316194 8.940395 2
5.447165 8.199057 1
4.900376 8.008267 1
5.368001 7.803230 1
4.998565 8.691900 1
4.142662 7.770654 1
4.062350 7.835704 1
5.342384 7.156353 1
5.554943 8.137086 1
3.963344 8.167383 2
5.281466 7.474548 1
5.354449 7.365193 1
4.872307 7.020385 1
4.252996 7.294376 1
4.218152 7.147321 2
4.354853 7.244166 1
4.374683 7.131568 2
5.020481 7.500053 1
4.783399 8.029253 1
5.519876 8.638554 1
5.384756 8.631455 1
5.327545 8.743096 1
5.001524 7.020991 1
4.368837 8.434118 1
4.531622 8.420821 1
4.562901 8.315740 1
5.449233 7.590049 1
4.031507 7.932813 1
5.401987 8.855069 2
5.480383 8.766965 1
3.953669 7.810437 1
4.921330 7.526054 1
5.774346 8.272356 2
4.852577 8.123547 1
4.963239 7.116050 1
5.513087 7.016447 1
5.599947 6.895392 2
4.145229 7.234875 2
5.215215 8.747265 1
4.231218 7.410373 1
4.446509 7.322335 1
4.440694 7.457618 1
5.209591 7.373124 1
4.698592 8.771091 1
5.576140 8.729132 1
4.347909 7.403681 1
5.713191 8.365657 1
5.154410 7.012564 1
3.919992 8.025494 2
5.667077 8.750273 2
5.493474 7.799499 1
5.460635 7.695292 1
4.054682 8.266901 2
5.462663 7.912985 1
5.124939 8.088936 1
5.344021 7.672044 1
5.348897 7.561344 1
4.476462 7.048297 2
4.404589 6.915154 2
4.212398 8.713079 2
4.251238 7.728322 1
4.141549 7.641022 1
5.725727 6.942658 3
4.667230 7.685610 1
4.614072 7.870597 1
4.361379 7.659491 1
4.454059 7.580986 1
4.357193 7.543555 1
4.140000 7.877362 1
3.627092 7.551364 3
4.504460 6.802976 2
5.028214 7.709449 1
5.544349 8.245235 1
5.585395 7.733250 1
4.595124 6.705735 2
3.755050 7.484173 2
4.712487 6.733693 2
5.162119 7.494687 1
4.776282 7.054303 1
5.402276 7.244334 1
4.464261 7.193318 1
5.450286 7.125034 1
4.258708 7.599420 1
5.591185 8.333581 1
5.363317 8.144968 1
4.274262 7.493560 1
4.698055 7.935896 1
4.250460 8.816812 3
4.368865 8.786231 2
5.636427 8.427858 1
5.508369 8.877736 2
5.590402 8.831272 2
 0 1 2
 2 1 3
 4 5 6
 7 8 9
 9 8 10
 5 11 6
 12 13 14
 15 16 17
 18 19 20
 21 15 17
 9 22 23
 10 22 9
 24 22 10
 25 26 27
 28 29 30
 31 32 33
 33 32 34
 35 36 37
 38 39 40
 41 42 43
 44 43 42
 38 1 0
 45 46 47
 48 34 46
 21 49 13
 13 50 14
 51 52 53
 38 54 1
 55 56 57
 58 59 60
 61 60 59
 62 63 64
 65 64 63
 66 67 68
 69 4 70
 66 68 71
 25 72 26
 12 73 13
 24 10 56
 74 40 39
 75 76 77
 78 70 79
 80 75 77
 81 82 36
 83 84 85
 86 85 84
 87 88 89
 90 89 88
 91 92 93
 94 95 96
 97 98 99
 13 49 100
 101 37 36
 55 1 54
 21 13 102
 91 93 103
 94 96 104
 58 60 105
 48 33 34
 87 89 106
 61 59 75
 65 107 108
 109 110 111
 112 113 114
 115 114 113
 116 37 117
 69 118 4
 28 30 119
 25 27 16
 62 120 121
 122 17 123
 124 125 107
 126 107 125
 83 85 92
 38 40 54
 127 128 129
 127 130 128
 26 72 131
 132 133 134
 31 33 135
 52 136 53
 65 63 107
 109 128 26
 137 138 139
 140 53 72
 141 72 53
 142 143 144
 35 145 36
 146 99 98
 142 147 143
 92 85 93
 148 135 33
 149 122 123
 66 71 150
 151 139 138
 30 29 134
 38 0 152
 89 153 106
 90 154 89
 155 93 85
 137 111 110
 58 105 84
 4 156 70
 141 136 138
 146 157 99
 158 79 70
 55 57 159
 160 161 18
 162 121 120
 41 43 163
 164 161 160
 148 165 135
 90 143 154
 51 166 167
 26 128 168
 146 169 157
 166 157 169
 38 152 39
 0 2 170
 2 149 170
 150 71 171
 11 154 103
 91 172 92
 97 73 98
 24 173 174
 146 98 150
 175 39 152
 78 176 70
 44 177 43
 8 178 10
 48 179 180
 84 105 181
 116 182 37
 142 119 147
 30 147 119
 151 183 139
 8 14 50
 184 185 108
 65 108 185
 186 134 133
 187 188 189
 190 189 188
 18 20 160
 103 93 191
 27 192 16
 193 161 164
 55 194 195
 132 113 133
 55 54 194
 109 111 129
 186 133 196
 77 196 133
 11 89 154
 155 191 93
 140 99 197
 101 117 37
 140 198 99
 97 99 198
 97 199 15
 126 200 107
 108 107 200
 141 138 110
 137 139 201
 202 195 203
 48 180 204
 11 103 205
 116 117 206
 91 147 172
 66 7 67
 55 159 1
 207 16 192
 186 208 172
 148 204 201
 162 209 210
 187 47 211
 186 196 208
 180 201 204
 132 134 29
 24 56 212
 60 210 209
 202 173 195
 195 194 203
 187 213 47
 83 92 208
 193 203 194
 8 7 14
 214 88 215
 184 216 185
 86 185 216
 51 157 166
 66 217 7
 10 178 56
 193 164 218
 4 6 156
 214 215 219
 18 220 19
 94 6 191
 83 196 221
 77 221 196
 48 204 33
 148 201 222
 27 26 168
 164 160 223
 35 37 182
 224 177 225
 91 103 154
 124 107 63
 136 226 151
 52 226 136
 139 222 201
 224 227 177
 148 33 204
 78 228 123
 214 219 189
 187 189 219
 229 225 177
 12 150 98
 25 16 15
 58 84 221
 43 177 227
 207 123 17
 55 195 212
 43 227 163
 35 163 227
 184 108 230
 91 154 143
 28 231 232
 166 233 167
 234 129 111
 78 123 176
 158 70 156
 234 111 179
 109 26 131
 83 221 84
 12 217 150
 66 150 217
 57 56 178
 139 183 222
 48 235 179
 162 236 121
 237 118 130
 238 130 118
 148 222 165
 127 239 240
 112 133 113
 3 1 159
 45 235 46
 48 46 235
 97 198 199
 81 36 145
 241 240 239
 24 212 173
 19 220 206
 45 47 213
 111 242 179
 3 159 100
 57 100 159
 238 168 128
 31 243 32
 28 232 244
 237 130 106
 127 106 130
 4 118 5
 94 245 6
 97 15 102
 21 102 15
 151 138 136
 35 227 145
 11 205 6
 101 36 82
 146 150 171
 162 210 236
 11 153 89
 207 17 16
 116 246 182
 81 247 125
 126 125 247
 248 29 244
 28 244 29
 55 212 56
 34 32 249
 25 15 199
 115 113 250
 86 84 181
 25 199 72
 140 72 199
 237 5 118
 44 42 79
 78 79 42
 184 95 251
 41 228 42
 62 64 120
 23 67 9
 141 131 72
 12 98 73
 127 129 239
 234 239 129
 187 211 188
 149 123 228
 0 170 152
 91 143 147
 41 170 228
 90 144 143
 103 191 205
 99 157 197
 155 85 216
 86 216 85
 57 178 50
 35 182 163
 175 163 182
 109 129 128
 30 252 147
 151 226 183
 238 128 130
 94 251 95
 237 106 153
 193 194 40
 65 253 64
 142 254 231
 190 231 254
 147 252 172
 65 185 253
 229 96 95
 77 133 80
 112 80 133
 158 104 79
 44 79 104
 132 250 113
 7 9 67
 41 152 170
 249 32 243
 54 40 194
 109 131 110
 141 110 131
 255 64 253
 44 104 96
 86 253 185
 45 256 235
 207 176 123
 207 192 176
 69 176 192
 155 251 191
 149 2 122
 21 17 122
 57 50 100
 74 39 257
 234 235 256
 3 49 122
 184 251 216
 39 246 257
 94 104 245
 186 172 252
 255 181 105
 116 206 220
 141 53 136
 193 40 161
 187 219 213
 195 173 212
 94 191 251
 28 119 231
 3 122 2
 155 216 251
 44 96 177
 41 163 258
 248 250 29
 132 29 250
 21 122 49
 224 145 227
 69 70 176
 58 221 76
 193 218 203
 8 50 178
 92 172 208
 87 215 88
 74 161 40
 41 258 152
 175 152 258
 241 239 256
 127 240 106
 158 245 104
 140 197 53
 51 53 197
 229 177 96
 241 259 219
 175 182 246
 234 179 235
 224 225 247
 126 247 225
 241 219 215
 69 192 260
 77 76 221
 27 260 192
 83 208 196
 162 120 209
 6 205 191
 86 181 253
 3 100 49
 261 169 262
 74 263 161
 18 161 263
 137 110 138
 81 145 247
 224 247 145
 255 120 64
 69 260 118
 238 118 260
 146 171 262
 116 220 257
 13 73 102
 97 102 73
 261 233 169
 7 217 14
 78 42 228
 202 203 264
 265 264 203
 137 242 111
 202 174 173
 234 256 239
 75 59 76
 58 76 59
 87 106 240
 18 263 220
 229 200 225
 13 100 50
 184 230 95
 229 95 230
 229 230 200
 186 252 134
 30 134 252
 175 258 163
 265 203 218
 149 228 170
 140 199 198
 142 231 119
 51 197 157
 45 259 256
 255 253 181
 241 256 259
 11 5 153
 214 144 88
 12 14 217
 137 201 242
 180 242 201
 175 246 39
 214 189 254
 190 254 189
 219 259 213
 180 179 242
 146 262 169
 90 88 144
 255 209 120
 27 168 260
 238 260 168
 255 105 209
 214 254 144
 126 225 200
 142 144 254
 60 209 105
 166 169 233
 45 213 259
 220 263 257
 164 223 218
 265 218 223
 241 215 240
 87 240 215
 108 200 230
 237 153 5
 116 257 246
 158 156 245
 6 245 156
 74 257 263
 6
 101 20 19 117 206 82
 0
 0
 0
 8
 81 124 62 63 125 121 236 82
 8
 112 61 75 60 114 236 210 80
 0
 0
 0
 0
 0
 0
 0
 0
 0
 15
 248 249 190 115 47 34 188 243 46 114 231 244 232 211 250
 16
 24 23 202 265 261 68 20 22 67 262 71 160 174 223 264 171
 0
 10
 31 51 52 165 243 135 183 167 222 226
 0
 3
 261 167 233
 0
 0
 0
 0
 0
 0
 0
 0
 0
