255 450
9.342519 2.234407 1
9.423470 2.119010 1
9.476007 2.231205 1
9.198662 1.198950 1
9.071326 1.130480 1
9.183449 1.047596 1
8.478637 0.790780 1
8.313864 0.866223 1
8.331158 0.720848 1
9.444846 1.334896 1
9.589488 1.426591 1
9.434002 1.466554 1
8.917900 1.739587 1
8.872846 1.871586 2
8.745080 1.755492 2
10.000000 1.527778 0
10.000000 1.666667 0
9.835932 1.589848 1
9.421269 2.339659 1
9.610342 1.305229 1
8.273797 1.127248 2
8.120080 1.172185 3
8.175214 0.985853 2
9.788682 0.868734 1
9.713545 0.964521 1
9.630043 0.812346 1
9.362967 1.582600 1
9.205578 1.586031 1
9.297521 1.444892 1
9.132903 1.455321 1
10.000000 1.805556 0
9.864987 1.903467 1
9.873762 1.734081 1
8.801836 1.218172 1
8.738236 1.350614 2
8.659156 1.181875 2
9.331212 0.311474 1
9.391139 0.467381 1
9.270160 0.442229 1
8.611111 0.000000 0
8.713051 0.149972 1
8.541667 0.099357 1
10.000000 1.388889 0
9.897661 1.451688 1
9.849624 1.291612 1
9.668290 1.618358 1
9.513515 1.559231 1
9.691791 1.495906 1
8.980727 1.969311 1
9.107937 2.061746 2
8.974391 2.102736 2
10.000000 0.833333 0
9.878537 0.952749 1
9.881005 0.771428 1
9.166667 0.000000 0
9.228572 0.118995 1
9.047251 0.121463 1
8.461967 0.900401 1
9.482075 0.375573 1
8.669917 0.579927 1
8.757948 0.693155 1
8.605878 0.699880 1
9.703095 1.224287 1
9.545672 1.202538 1
9.670074 1.086883 1
8.841307 1.604082 1
8.569086 0.210360 1
8.508806 0.309166 1
8.423933 0.166367 2
9.446910 0.269519 1
9.595981 0.268505 1
8.761953 0.916679 1
8.900838 0.965835 1
8.822564 1.031494 1
8.387761 0.339635 2
9.574879 2.350617 2
9.438756 2.449300 2
9.510171 0.191461 1
9.188523 1.345006 1
9.172133 0.340190 1
8.902877 0.859163 1
9.587537 0.409535 1
8.750000 0.000000 0
10.000000 1.250000 0
9.655199 0.142591 1
9.735977 0.293416 1
8.865435 0.507339 1
9.008142 0.563142 1
8.853737 0.619008 1
9.803100 0.196901 1
9.788435 1.428417 1
9.089385 0.963276 1
9.805383 0.494141 1
9.708761 0.426389 1
9.861273 0.354120 1
9.587098 0.955972 1
8.469637 0.651486 1
8.516606 0.998214 1
8.661506 1.034647 1
8.562360 1.096392 2
8.581209 0.914497 1
9.697988 2.218618 2
9.586776 2.199703 1
8.933568 0.705132 1
10.000000 2.083333 0
10.000000 2.222222 0
9.869110 2.155257 1
9.700066 0.677595 1
9.550171 0.644156 1
9.701771 0.555341 1
9.589083 0.519273 1
8.248993 0.587877 1
8.101618 0.647294 2
8.138595 0.527782 2
9.298770 1.322060 1
8.206525 0.729662 1
8.809734 0.800232 1
8.646532 0.810924 1
8.994673 1.019990 1
9.128722 1.940146 1
9.290168 1.126688 1
9.905188 2.023133 1
9.662862 0.349809 1
9.755339 1.802902 1
9.002016 1.284990 1
8.919353 1.130524 1
9.518946 2.138441 1
9.135469 0.213983 1
8.990734 1.636586 1
9.061483 1.732573 1
10.000000 0.555556 0
10.000000 0.694444 0
9.846493 0.624231 1
9.305555 0.000000 0
9.444445 0.000000 0
9.376101 0.152226 1
8.240078 0.418746 2
8.472222 0.000000 0
9.451973 1.710454 1
8.167719 0.849068 1
8.375373 0.580966 1
9.770711 0.759233 1
8.750494 1.494737 1
8.693430 1.612268 2
8.623773 1.464182 2
9.019844 1.846440 1
9.719865 1.341398 1
9.386144 1.831876 1
9.426682 1.973511 1
9.272293 1.925536 1
9.312862 2.071491 1
8.295401 1.002043 1
8.432035 1.083317 2
9.529906 1.061277 1
9.431851 0.943857 1
9.414834 1.117136 1
9.284926 1.728074 1
8.558815 0.590910 1
8.866799 1.345885 1
8.773729 0.568243 1
9.059108 1.544757 1
9.100688 1.645534 1
9.285225 0.878031 1
9.180266 0.778876 1
9.297025 0.717826 1
9.756651 1.691617 1
8.347806 0.472575 1
9.909224 0.487143 1
9.513889 0.086995 1
9.169523 0.630066 1
9.150927 0.492288 1
9.290156 0.592840 1
9.470921 0.786546 1
9.167747 1.818970 1
8.897501 1.244893 1
10.000000 0.277778 0
10.000000 0.416667 0
9.583333 0.000000 0
9.722222 0.000000 0
9.567870 1.672118 1
8.758950 1.115047 1
8.592486 0.390641 1
8.721608 0.441784 1
8.581511 0.496440 1
8.860346 1.458757 1
10.000000 1.944444 0
9.791840 2.029161 1
9.440208 1.223186 1
9.179708 0.910307 1
10.000000 0.972222 0
9.027778 0.000000 0
9.347087 1.226026 1
8.057818 0.785259 2
9.296770 1.003319 1
8.996217 1.414830 1
9.045720 0.407763 1
9.037647 0.280749 1
8.995839 0.799050 1
9.214856 2.026828 1
9.644619 2.075948 1
9.705174 1.928411 1
9.574646 1.942917 1
8.660844 0.299258 1
8.787876 0.304244 1
9.364137 0.804001 1
9.815688 1.058497 1
8.941504 0.184312 1
9.063309 0.711231 1
8.942284 0.437769 1
9.411857 0.588144 1
9.490500 0.513241 1
9.517835 2.037037 1
8.395570 0.967330 1
9.209607 2.173393 2
10.000000 0.000000 0
10.000000 0.138889 0
9.885746 0.114254 1
9.861111 0.000000 0
9.523350 0.877952 1
9.894957 1.152123 1
8.848654 0.104976 1
8.843869 1.998749 2
9.171988 1.708324 1
9.407576 0.694410 1
9.498965 1.854079 1
9.623045 1.834179 1
9.248697 0.227374 1
8.052592 0.914370 2
9.895423 2.288904 2
9.216706 2.307020 2
9.786070 1.153550 1
8.846450 0.213930 1
9.910024 0.216388 1
9.780123 0.091278 1
9.091424 0.829501 1
9.752971 2.126009 1
9.555644 1.759653 1
8.920775 0.319502 1
8.888889 0.000000 0
10.000000 1.111111 0
9.111744 1.268035 1
8.941441 1.532904 1
9.312048 2.352547 1
9.651586 1.719057 1
8.467130 0.526815 1
9.328279 2.460347 3
8.844203 0.402869 1
8.473415 0.416624 1
9.280375 1.826902 1
9.791131 2.269420 2
9.086759 1.357789 1
9.918360 1.047968 1
8.952032 0.081641 1
8.995237 0.904912 1
9.229127 2.416507 2
 0 1 2
 3 4 5
 6 7 8
 9 10 11
 12 13 14
 15 16 17
 18 0 2
 9 19 10
 20 21 22
 23 24 25
 26 27 28
 29 28 27
 30 31 32
 33 34 35
 36 37 38
 39 40 41
 42 43 44
 45 46 47
 10 47 46
 48 49 50
 51 52 53
 54 55 56
 6 57 7
 36 58 37
 59 60 61
 62 63 64
 12 14 65
 66 67 68
 58 69 70
 71 72 73
 74 68 67
 18 75 76
 26 28 11
 77 70 69
 29 78 28
 36 38 79
 71 80 72
 58 70 81
 39 82 40
 83 42 44
 84 85 70
 86 87 88
 89 85 84
 90 17 47
 5 4 91
 45 47 17
 92 93 94
 94 93 85
 95 25 24
 6 96 61
 9 63 19
 97 98 99
 100 98 97
 101 75 102
 103 88 87
 104 105 106
 107 108 109
 110 109 108
 36 69 58
 111 112 113
 114 9 28
 28 9 11
 111 115 112
 60 116 117
 118 91 4
 48 119 49
 71 117 116
 3 5 120
 104 106 121
 122 81 70
 123 32 31
 124 125 4
 71 73 98
 66 41 40
 90 44 43
 126 2 1
 10 46 11
 23 53 52
 127 56 55
 66 68 41
 90 43 17
 103 116 60
 12 128 129
 130 131 132
 133 134 135
 111 113 136
 15 17 43
 137 41 68
 16 32 17
 26 46 138
 139 7 22
 111 140 8
 23 25 141
 142 143 144
 12 129 145
 103 60 88
 10 146 47
 147 148 149
 150 149 148
 20 151 152
 115 7 139
 8 7 115
 14 143 65
 95 153 154
 155 154 153
 18 2 75
 26 156 27
 61 96 157
 92 132 109
 107 109 132
 33 158 34
 59 159 60
 29 27 160
 161 160 27
 162 163 164
 45 17 165
 74 166 136
 130 132 167
 134 168 135
 48 13 145
 169 170 171
 38 171 170
 63 153 64
 107 25 108
 172 108 25
 173 149 119
 124 174 125
 111 136 166
 175 176 94
 177 178 84
 12 145 13
 46 179 138
 8 140 96
 33 180 125
 73 125 180
 71 98 100
 75 2 102
 60 117 61
 103 80 116
 99 98 35
 181 182 183
 158 184 34
 184 142 34
 30 185 31
 186 121 106
 90 47 146
 22 7 151
 6 117 100
 59 183 182
 9 187 63
 6 8 96
 162 188 163
 51 189 52
 190 54 56
 111 8 115
 3 191 114
 139 192 115
 112 115 192
 26 11 46
 3 114 78
 5 188 193
 162 193 188
 92 167 132
 77 135 168
 124 194 158
 71 116 80
 195 196 79
 127 79 196
 103 197 80
 149 198 119
 186 199 200
 201 200 199
 6 61 117
 155 193 154
 162 154 193
 66 40 202
 203 202 40
 155 153 63
 172 154 204
 205 24 52
 206 56 196
 186 200 31
 123 31 200
 181 202 182
 118 4 125
 169 207 87
 103 87 207
 86 208 87
 162 204 154
 169 87 170
 195 170 87
 62 19 63
 209 210 108
 209 171 37
 38 37 171
 162 164 204
 118 125 72
 131 53 132
 133 135 55
 169 164 163
 177 84 168
 176 167 94
 148 211 1
 212 152 151
 155 63 187
 73 72 125
 23 52 24
 127 196 56
 169 171 164
 77 168 84
 92 94 167
 147 156 138
 26 138 156
 150 0 213
 35 98 180
 150 148 1
 214 215 216
 214 216 217
 36 135 69
 77 69 135
 142 65 143
 172 218 154
 107 141 25
 48 145 119
 173 119 145
 83 44 219
 82 220 40
 10 19 146
 48 50 221
 48 221 13
 6 100 57
 27 156 222
 38 170 79
 195 79 170
 110 108 210
 203 182 202
 195 87 208
 209 108 223
 71 100 117
 95 154 218
 201 224 225
 107 132 141
 36 226 135
 212 7 57
 16 30 32
 5 193 120
 161 129 128
 139 22 227
 150 213 198
 105 228 106
 229 213 0
 62 230 44
 203 40 231
 124 158 174
 33 174 158
 175 94 232
 89 232 94
 89 84 233
 178 233 84
 234 163 188
 131 51 53
 54 133 55
 164 171 223
 209 223 171
 122 70 85
 142 184 65
 186 106 235
 161 27 222
 126 211 199
 236 225 224
 95 64 153
 205 64 24
 206 196 237
 82 238 220
 239 83 219
 172 223 108
 89 94 85
 77 84 70
 122 85 93
 124 4 240
 3 240 4
 181 67 202
 66 202 67
 49 198 213
 90 146 44
 62 44 146
 59 61 157
 201 199 211
 158 194 184
 241 128 65
 9 114 191
 201 148 224
 147 224 148
 12 65 128
 126 199 102
 36 79 226
 241 65 184
 127 226 79
 18 242 0
 229 0 242
 123 243 165
 95 218 25
 172 25 218
 236 224 138
 147 138 224
 123 225 243
 20 22 151
 126 1 211
 139 227 192
 173 145 129
 101 102 199
 244 157 96
 45 179 46
 18 76 245
 95 24 64
 195 237 196
 132 53 141
 135 226 55
 18 245 242
 62 64 230
 205 230 64
 206 237 231
 203 231 237
 49 119 198
 186 235 199
 101 199 235
 17 32 165
 123 165 32
 58 81 210
 155 191 120
 203 237 246
 203 246 182
 60 159 88
 155 187 191
 201 225 200
 74 247 166
 147 149 248
 29 160 194
 241 194 160
 86 159 182
 59 182 159
 44 230 219
 40 220 231
 173 248 149
 3 120 191
 150 198 149
 201 211 148
 150 1 0
 106 249 235
 101 235 249
 169 163 207
 137 39 41
 42 15 43
 244 166 247
 241 184 194
 195 208 237
 33 35 180
 3 78 240
 86 182 246
 28 78 114
 173 156 248
 142 144 34
 9 191 187
 173 222 156
 236 138 179
 155 120 193
 147 248 156
 234 207 163
 29 250 78
 33 125 174
 212 151 7
 58 210 37
 73 180 98
 185 104 121
 215 175 232
 178 217 233
 185 121 31
 186 31 121
 176 130 167
 134 177 168
 110 93 109
 110 81 93
 244 247 183
 110 210 81
 123 200 225
 189 239 251
 238 190 252
 23 141 53
 127 55 226
 244 96 140
 181 183 247
 234 197 207
 103 207 197
 234 188 91
 124 250 194
 234 91 253
 206 220 252
 238 252 220
 205 251 219
 239 219 251
 62 146 19
 111 166 140
 244 140 166
 215 232 216
 217 216 233
 29 194 250
 106 228 249
 99 152 97
 212 97 152
 181 247 67
 118 72 253
 80 253 72
 92 109 93
 122 93 81
 126 102 2
 189 251 52
 190 56 252
 45 165 243
 74 67 247
 244 183 157
 205 219 230
 206 231 220
 124 240 250
 172 204 223
 164 223 204
 236 243 225
 209 37 210
 206 252 56
 205 52 251
 89 233 216
 89 216 232
 86 88 159
 80 197 253
 229 242 254
 241 160 128
 100 97 57
 161 128 160
 245 254 242
 237 208 246
 78 250 240
 234 253 197
 5 91 188
 59 157 183
 45 243 179
 86 246 208
 118 253 91
 236 179 243
 173 129 222
 212 57 97
 161 222 129
 0
 0
 0
 0
 0
 0
 0
 0
 0
 9
 74 112 68 136 21 22 192 113 227
 0
 0
 17
 99 20 229 49 14 21 13 245 143 35 213 34 221 50 144 152 254
 0
 6
 101 75 245 228 76 249
 0
 0
 0
 0
 0
 0
 0
 0
 0
 0
 0
 0
 0
 0
 0
