259 463
8.801050 9.198662 1
8.869520 9.071326 1
8.952404 9.183449 1
8.660706 9.433530 1
8.734312 9.573100 1
8.588496 9.554889 1
9.209220 8.478637 1
9.133777 8.313864 2
9.279152 8.331158 2
8.383783 8.474099 1
8.229992 8.408799 2
8.366885 8.338261 2
8.532495 9.432484 1
8.080065 8.729655 1
8.244508 8.745080 1
8.128414 8.872846 1
8.260413 8.917900 1
8.472222 10.000000 0
8.333333 10.000000 0
8.410002 9.835957 1
8.417400 9.362967 1
8.413969 9.205578 1
8.555108 9.297521 1
8.544679 9.132903 1
8.299604 8.578965 1
8.150883 8.586969 2
8.194445 10.000000 0
8.096696 9.865049 1
8.265920 9.873768 1
8.781828 8.801836 1
8.649385 8.738236 1
8.818125 8.659156 1
9.688526 9.331212 1
9.532619 9.391139 1
9.557771 9.270160 1
10.000000 8.611111 0
9.850028 8.713051 1
9.900642 8.541667 1
8.611111 10.000000 0
8.541667 9.900642 1
8.713051 9.850028 1
8.381642 9.668290 1
8.440768 9.513515 1
8.504643 9.684635 1
8.030688 8.980727 1
7.947371 9.103440 1
7.889166 8.981995 1
9.166667 10.000000 0
9.060560 9.875159 1
9.228572 9.881005 1
10.000000 9.166667 0
9.881005 9.228572 1
9.878537 9.047251 1
9.099599 8.461967 1
9.624427 9.482075 1
9.420495 8.666971 1
9.306875 8.757733 1
9.300120 8.605878 1
8.872752 8.273797 2
8.795718 8.419788 1
8.723754 8.332795 2
8.395918 8.841307 1
9.789640 8.569086 1
9.690856 8.508653 1
9.833633 8.423933 2
9.730481 9.446910 1
9.731496 9.595981 1
9.083322 8.761953 1
9.034164 8.900838 1
8.968506 8.822564 1
9.660365 8.387761 2
9.609865 8.588952 1
9.558648 8.718589 1
9.508277 8.578885 1
8.916683 8.432035 1
9.808538 9.510171 1
8.654994 9.188523 1
9.659810 9.172133 1
9.140837 8.902877 1
9.590465 9.587537 1
10.000000 8.750000 0
8.750000 10.000000 0
9.857409 9.655199 1
9.706584 9.735977 1
9.492661 8.865435 1
9.436858 9.008142 1
9.380994 8.853726 1
9.803100 9.803100 1
8.568278 9.788975 1
9.036724 9.089385 1
9.505859 9.805383 1
9.573610 9.708761 1
9.645881 9.861273 1
8.943639 9.813982 1
9.063405 9.701385 1
8.789272 9.702189 1
8.879976 9.577625 1
8.928077 9.695581 1
9.348514 8.469637 1
9.001785 8.516606 1
8.965353 8.661506 1
8.903607 8.562360 1
9.085503 8.581209 1
8.387732 8.693430 1
9.294868 8.933568 1
9.322405 9.700066 1
9.356080 9.550115 1
9.444659 9.701771 1
9.480726 9.589083 1
8.688490 8.584172 1
8.678230 9.297966 1
9.199769 8.809722 1
9.189078 8.646520 1
8.980009 8.994673 1
8.061770 9.128206 1
8.880564 9.289346 1
9.650190 9.662862 1
8.197098 9.755339 1
8.715010 9.002016 1
8.869476 8.919353 1
7.829123 9.124092 1
9.131266 9.788682 1
9.786017 9.135469 1
8.363414 8.990734 1
8.267426 9.061483 1
9.444445 10.000000 0
9.305555 10.000000 0
9.375769 9.846493 1
10.000000 9.305555 0
10.000000 9.444445 0
9.847774 9.376101 1
10.000000 8.472222 0
8.289546 9.451973 1
9.412123 8.248993 2
9.419034 8.375373 1
9.189544 9.629596 1
9.243043 9.770309 1
8.505263 8.750494 1
8.535817 8.623773 1
8.153561 9.019844 1
8.168123 9.386144 1
8.029886 9.428067 1
8.076845 9.273692 1
7.941777 9.321276 1
8.997957 8.295401 1
8.419946 8.576487 1
8.271926 9.284926 1
9.404091 8.558254 1
8.654115 8.866799 1
9.431934 8.772491 1
8.354466 9.100688 1
8.455243 9.059108 1
8.492793 8.512167 1
9.121969 9.285225 1
9.221124 9.180266 1
9.282174 9.297025 1
8.308353 9.756657 1
9.512856 9.909224 1
9.913005 9.513889 1
8.654727 9.690136 1
9.369934 9.169523 1
9.507711 9.150927 1
9.407161 9.290156 1
9.213453 9.470921 1
8.181029 9.167747 1
8.755107 8.897501 1
9.722222 10.000000 0
9.583333 10.000000 0
10.000000 9.583333 0
10.000000 9.722222 0
8.327882 9.567870 1
8.884953 8.758950 1
8.844609 9.791304 1
8.541244 8.860346 1
7.764816 9.034150 2
8.055555 10.000000 0
7.778578 9.234900 1
7.881345 9.226439 1
7.806282 9.365907 2
8.004167 8.605570 2
9.014147 8.175214 2
9.089998 9.179560 1
9.027778 10.000000 0
10.000000 9.027778 0
8.781221 9.350517 1
9.001717 9.294336 1
8.901231 9.415819 1
8.789835 9.467961 1
8.585171 8.996217 1
9.719251 9.037647 1
9.592237 9.045720 1
9.200950 8.995839 1
7.981822 9.210610 1
7.973966 9.793027 2
7.926123 9.647036 2
8.071431 9.707599 1
8.057083 9.574646 1
9.067988 9.416265 1
9.045720 9.592237 1
9.700743 8.660844 1
9.695756 8.787876 1
9.195999 9.364137 1
9.815688 8.941504 1
9.288770 9.063309 1
9.562283 8.942449 1
7.683282 9.289816 2
9.411857 9.411857 1
9.486769 9.490499 1
8.969739 9.506767 1
9.032669 8.395570 1
8.505053 8.391668 2
8.798096 8.528203 1
10.000000 10.000000 0
9.861111 10.000000 0
9.892176 9.892176 1
10.000000 9.861111 0
9.113083 9.518191 1
8.702957 8.452410 1
9.895024 8.848654 1
8.849010 9.894740 1
7.858946 8.846169 2
7.989208 8.853703 1
8.291677 9.171988 1
9.305600 9.407574 1
8.146068 9.499043 1
8.165795 9.623449 1
9.772626 9.248697 1
8.603163 8.493831 1
7.935765 8.731040 2
9.786070 8.846450 1
9.784898 9.911309 1
9.908722 9.780123 1
9.170499 9.091424 1
8.621593 8.387638 1
8.587319 8.288657 2
7.861919 9.508206 2
7.967513 9.517891 1
8.240347 9.555644 1
9.680498 8.920775 1
10.000000 8.888889 0
8.888889 10.000000 0
8.731964 9.111744 1
8.467096 8.941441 1
8.280940 9.651610 1
9.473185 8.467130 1
9.598125 8.847374 1
7.712763 9.154874 2
9.583376 8.473415 1
9.527425 8.347806 2
8.174481 9.278128 1
7.919417 9.419112 1
8.642211 9.086759 1
7.983394 9.908610 1
7.874085 9.884976 2
7.916667 10.000000 0
8.953975 9.916777 1
9.918360 8.952032 1
9.095088 8.995237 1
7.804010 8.931683 3
 0 1 2
 3 4 5
 6 7 8
 9 10 11
 3 5 12
 13 14 15
 16 15 14
 17 18 19
 20 21 22
 23 22 21
 24 25 10
 26 27 28
 29 30 31
 32 33 34
 24 14 25
 13 25 14
 35 36 37
 38 39 40
 41 42 43
 5 43 42
 44 45 46
 47 48 49
 50 51 52
 6 53 7
 32 54 33
 55 56 57
 58 59 60
 16 14 61
 62 63 64
 54 65 66
 67 68 69
 70 64 63
 71 72 73
 73 72 55
 58 74 59
 20 22 12
 75 66 65
 23 76 22
 32 34 77
 67 78 68
 54 66 79
 35 80 36
 81 38 40
 24 10 9
 82 83 66
 84 85 86
 87 83 82
 88 19 43
 2 1 89
 41 43 19
 90 91 92
 92 91 83
 93 94 48
 95 96 97
 6 98 57
 99 100 101
 102 100 99
 24 103 14
 104 86 85
 105 106 107
 108 107 106
 32 65 54
 109 31 30
 110 3 22
 22 3 12
 56 111 112
 113 89 1
 44 114 45
 67 112 111
 0 2 115
 116 79 66
 117 28 27
 118 119 1
 67 69 100
 45 120 46
 62 37 36
 88 40 39
 5 42 12
 121 49 48
 122 52 51
 62 64 37
 88 39 19
 104 111 56
 16 123 124
 125 126 127
 128 129 130
 17 19 39
 131 37 64
 18 28 19
 20 42 132
 121 48 94
 133 134 8
 121 135 136
 137 103 138
 121 94 135
 16 124 139
 104 56 86
 140 141 142
 143 142 141
 58 144 74
 14 103 61
 103 145 138
 20 146 21
 57 98 147
 90 127 107
 105 107 127
 29 148 30
 55 149 56
 150 151 21
 23 21 151
 24 9 145
 152 145 9
 153 154 155
 41 19 156
 125 127 157
 129 158 130
 95 4 96
 88 159 40
 95 40 159
 44 15 139
 160 161 162
 34 162 161
 163 106 135
 105 135 106
 164 142 114
 118 165 119
 166 167 92
 168 169 82
 16 139 15
 42 170 132
 8 134 98
 29 171 119
 69 119 171
 67 100 102
 56 112 57
 104 78 111
 101 100 31
 95 97 172
 148 173 30
 173 137 30
 174 46 120
 26 175 27
 176 177 178
 13 179 25
 180 7 144
 6 112 102
 6 8 98
 153 181 154
 5 4 159
 47 182 48
 183 50 52
 0 184 110
 20 12 42
 0 110 76
 153 185 181
 2 181 185
 186 96 187
 90 157 127
 75 130 158
 143 178 177
 118 188 148
 67 111 78
 122 77 189
 190 189 77
 104 191 78
 142 192 114
 193 194 195
 196 195 194
 6 57 112
 153 197 185
 186 185 197
 198 97 96
 62 36 199
 200 199 36
 163 197 201
 202 52 189
 193 195 27
 117 27 195
 71 199 72
 113 1 119
 160 203 85
 104 85 203
 84 204 85
 153 201 197
 176 178 205
 160 85 161
 190 161 85
 206 207 106
 206 162 33
 34 33 162
 153 155 201
 113 119 68
 126 49 127
 128 130 51
 160 155 154
 93 97 94
 168 82 158
 167 157 92
 198 96 208
 209 74 144
 186 208 96
 152 9 210
 69 68 119
 101 211 74
 122 189 52
 160 162 155
 75 158 82
 90 92 157
 140 146 132
 20 132 146
 31 100 171
 59 74 211
 212 213 214
 212 214 215
 75 65 130
 32 130 65
 137 61 103
 163 216 197
 105 136 135
 109 217 211
 164 114 139
 44 139 114
 80 218 36
 81 40 219
 220 221 46
 44 46 221
 44 221 15
 6 102 53
 198 135 94
 21 146 222
 34 161 77
 190 77 161
 108 106 207
 200 72 199
 13 15 221
 190 85 204
 206 106 223
 67 102 112
 196 224 225
 105 127 136
 32 226 130
 209 7 53
 18 26 28
 109 138 227
 96 4 187
 2 185 115
 150 124 123
 186 197 208
 13 228 179
 95 172 40
 200 36 229
 29 165 148
 118 148 165
 166 92 230
 87 230 92
 87 82 231
 169 231 82
 232 154 181
 126 47 49
 50 128 51
 233 234 60
 109 227 217
 206 223 162
 155 162 223
 116 66 83
 137 173 61
 95 159 4
 152 227 138
 150 21 222
 235 236 194
 237 225 224
 202 189 238
 80 239 218
 240 81 219
 163 223 106
 87 92 83
 75 82 66
 116 83 91
 88 43 159
 5 159 43
 118 1 241
 0 241 1
 62 199 63
 71 63 199
 55 57 147
 152 138 145
 196 194 236
 148 188 173
 242 123 61
 3 110 184
 196 141 224
 140 224 141
 16 61 123
 32 77 226
 242 61 173
 122 226 77
 117 243 156
 198 216 135
 163 135 216
 140 132 224
 237 224 132
 117 225 243
 58 180 144
 164 139 124
 244 147 98
 41 170 42
 101 31 211
 186 187 184
 3 184 187
 190 238 189
 9 11 210
 127 49 136
 130 226 51
 200 229 238
 202 238 229
 45 114 192
 152 210 227
 233 227 210
 3 187 4
 19 28 156
 117 156 28
 54 79 207
 186 184 115
 109 211 31
 200 238 245
 200 245 72
 56 149 86
 109 30 138
 174 120 246
 13 221 228
 220 228 221
 196 225 195
 70 247 248
 140 142 249
 93 172 97
 23 151 188
 242 188 151
 84 149 72
 55 72 149
 36 218 229
 40 172 219
 233 210 234
 164 249 142
 0 115 184
 235 178 250
 143 250 178
 198 208 216
 197 216 208
 143 192 142
 196 236 141
 143 141 250
 176 205 246
 160 154 203
 24 145 103
 131 35 37
 38 17 39
 244 248 247
 242 173 188
 190 204 238
 29 31 171
 0 76 241
 84 72 245
 22 76 110
 164 146 249
 137 138 30
 164 222 146
 237 132 170
 186 115 185
 140 249 146
 232 203 154
 23 251 76
 29 119 165
 193 252 253
 254 253 252
 209 144 7
 54 207 33
 69 171 100
 175 254 252
 213 166 230
 169 215 231
 175 252 27
 193 27 252
 59 211 217
 167 125 157
 129 168 158
 108 91 107
 108 79 91
 108 207 79
 117 195 225
 182 240 255
 239 183 256
 122 51 226
 121 136 49
 244 98 134
 232 191 203
 104 203 191
 232 181 89
 118 251 188
 232 89 257
 198 94 97
 202 218 256
 239 256 218
 240 219 255
 93 255 219
 220 46 258
 244 134 248
 133 248 134
 213 230 214
 215 214 231
 23 188 251
 101 74 99
 209 99 74
 176 246 120
 71 247 63
 113 68 257
 78 257 68
 90 107 91
 116 91 79
 182 255 48
 183 52 256
 174 258 46
 41 156 243
 71 73 247
 70 63 247
 55 147 73
 93 219 172
 202 229 218
 118 241 251
 163 201 223
 155 223 201
 237 243 225
 206 33 207
 202 256 52
 93 48 255
 87 231 214
 87 214 230
 244 247 73
 84 86 149
 45 177 120
 78 191 257
 233 217 227
 242 151 123
 102 99 53
 59 217 60
 233 60 217
 150 123 151
 176 120 177
 235 250 236
 141 236 250
 238 204 245
 76 251 241
 232 257 191
 2 89 181
 244 73 147
 41 243 170
 84 245 204
 113 257 89
 237 170 243
 164 124 222
 45 192 177
 209 53 99
 150 222 124
 143 177 192
 9
 174 193 235 194 178 253 205 246 258
 0
 18
 70 58 133 220 64 8 10 25 180 179 7 248 228 210 60 234 11 258
 0
 0
 0
 0
 0
 0
 0
 0
 0
 0
 0
 0
 0
 0
 0
 0
 0
 0
 0
 0
 0
 0
 0
 0
 0
 0
 0
