264 464
9.066470 7.300193 1
9.026397 7.154194 2
9.189115 7.268899 2
8.863484 7.510697 1
8.787069 7.324305 2
8.909194 7.389845 1
8.739079 7.475795 1
8.098322 8.315125 1
8.191681 8.238590 1
8.229992 8.408799 2
8.284565 8.284565 1
8.860770 7.173469 2
8.949093 7.276841 1
8.057467 7.442184 1
8.013730 7.613206 1
7.937085 7.511055 1
8.872752 8.273797 2
8.712487 8.220457 1
8.827452 8.119555 1
8.229831 7.968397 1
8.261547 7.818151 1
8.329817 7.931155 1
7.580945 7.964810 1
7.718913 8.041488 1
7.572391 8.086435 1
8.139606 7.515463 1
8.402851 7.835985 1
8.328498 8.202458 1
8.366885 8.338261 2
8.373713 7.688981 1
7.695690 7.911520 1
10.000000 8.333333 0
10.000000 8.472222 0
9.833633 8.423933 2
8.964221 8.030745 1
9.014147 8.175214 2
10.000000 8.194445 0
9.872749 8.260237 1
9.866494 8.090914 1
9.130144 7.937394 1
9.225966 7.866392 1
9.220140 8.040486 1
8.330523 7.491629 1
8.214594 7.419095 1
8.358824 7.344438 1
8.425339 7.441966 1
8.049421 8.457720 1
8.150883 8.586969 2
9.319926 7.938755 1
9.758457 7.177536 2
9.807975 7.302424 1
9.676048 7.282984 1
8.099681 7.753994 1
7.956195 7.781517 1
8.392323 7.113672 2
8.491088 7.224000 2
8.321747 7.212061 1
9.441229 7.448674 1
9.530840 7.331017 1
9.560238 7.471699 1
9.642888 7.392735 1
9.660365 8.387761 2
9.581254 8.240078 1
9.731511 8.276791 1
8.133303 7.330774 1
9.421269 7.660341 1
9.493247 7.573498 1
9.560072 7.710315 1
7.548998 7.737122 1
7.428339 7.792615 1
7.404126 7.691044 1
8.723754 8.332795 2
8.204013 8.135688 1
9.600762 7.588399 1
9.355014 8.099744 1
9.381773 7.344525 1
7.547637 7.627882 1
8.456162 8.111847 1
8.573744 8.175099 1
8.469419 8.267972 1
9.440724 8.011049 1
9.875747 7.204134 2
7.669065 8.139335 1
8.165002 7.887933 1
7.693719 7.424534 1
7.667307 7.567999 1
7.550650 7.502038 1
8.580176 8.027264 1
10.000000 7.638889 0
10.000000 7.777778 0
9.844862 7.724136 1
8.218075 7.644967 1
9.905751 7.569445 1
8.545636 7.859164 1
8.439276 7.975345 1
9.039663 7.817400 1
9.031474 7.947983 1
9.412123 8.248993 2
9.472584 8.137895 1
9.675336 8.168266 1
8.677230 8.118213 1
8.641857 7.558207 1
8.648011 7.383770 1
9.270805 8.205359 1
9.042658 7.419219 1
9.148010 7.811317 1
8.535125 7.462648 1
7.569978 7.274607 2
7.720278 7.311679 1
7.588938 7.384161 1
9.773701 8.182172 1
8.483023 7.750613 1
7.380548 7.964545 1
7.327610 7.829855 2
7.459446 7.887070 1
7.670910 7.193274 2
9.437507 7.231271 2
9.599318 7.152754 2
9.579082 8.071854 1
7.923119 8.516538 1
7.902009 8.402747 1
9.150931 8.167719 1
9.133777 8.313864 2
7.995249 8.344823 1
7.358087 8.091799 2
7.269433 7.976513 2
7.678721 8.743058 1
7.614100 8.825500 2
7.567285 8.700944 2
9.279152 8.331158 2
7.924693 7.911226 1
8.045691 7.919219 1
10.000000 7.361111 0
9.884402 7.430390 1
9.916790 7.300453 1
8.157418 8.042859 1
9.791536 7.574777 1
9.752471 7.414346 1
9.680796 7.517345 1
9.527425 8.347806 2
8.717513 8.021095 1
7.994339 7.206226 1
8.021855 7.314355 1
7.888251 7.288100 1
7.942094 7.391339 1
8.315578 8.057897 1
10.000000 7.500000 0
8.426731 7.554425 1
8.538711 7.638179 1
7.559846 7.847754 1
8.192064 7.196077 1
8.104674 7.104176 2
8.259361 7.106859 2
7.894087 7.659541 1
7.666224 8.507869 1
7.710230 8.424544 1
7.797597 8.493773 1
9.697988 7.781382 1
9.697448 7.657166 1
7.806349 7.866779 1
7.800468 7.735221 1
8.117773 7.631908 1
10.000000 8.055555 0
7.705776 8.620243 1
7.827438 7.419106 1
8.004167 8.605570 2
9.255507 7.360882 1
9.295344 7.235176 2
7.754587 7.508244 1
9.884976 7.874085 1
7.894273 7.177075 2
8.681143 7.679514 1
8.590138 7.746810 1
9.084099 7.575365 1
9.182749 7.480721 1
9.200134 7.619064 1
7.384907 8.518030 2
7.341808 8.373205 2
7.482370 8.449934 1
7.467947 8.026443 1
8.846429 7.983572 1
7.987757 8.241926 1
8.092755 8.164125 1
7.862401 8.622876 1
7.795235 8.738968 1
8.051931 8.055278 1
9.793027 7.973966 1
9.711129 8.070436 1
9.649418 7.925094 1
7.563559 8.551735 1
7.515350 8.324350 1
7.409687 8.238256 2
7.575780 8.206882 1
7.473275 8.137273 1
7.681553 7.796613 1
9.774055 7.855732 1
8.780966 7.599359 1
8.568451 7.303868 1
8.475490 7.356688 1
8.971289 7.542330 1
9.461425 7.753967 1
7.292130 7.686495 2
7.460085 8.602646 2
8.587319 8.288657 2
9.360974 7.795764 1
9.230308 7.740407 1
7.830132 7.981082 1
9.279855 7.560593 1
8.243887 7.530795 1
10.000000 7.916667 0
8.938119 7.904119 1
7.858946 8.846169 2
7.725531 8.872280 2
8.816823 7.728460 1
8.696080 7.813788 1
8.830438 7.855295 1
8.316641 7.582819 1
7.945772 8.015533 1
8.641073 7.230170 3
7.452387 7.587508 1
7.935765 8.731040 2
9.085225 8.050256 1
7.660402 8.315230 1
7.803555 8.367072 1
7.778971 8.259164 1
8.896052 7.641379 1
9.003117 7.679253 1
8.920702 7.770984 1
7.842809 7.549614 1
7.491128 7.422709 1
7.413948 7.496979 1
7.358154 7.360455 2
7.598155 8.429619 1
8.660126 7.930956 1
7.430632 7.238840 2
7.471661 7.326222 1
9.309827 7.662305 1
9.319504 7.459493 1
8.505053 8.391668 2
7.307018 7.490772 3
8.757175 7.928904 1
9.113971 7.694994 1
7.669476 7.682158 1
9.534204 7.948786 1
9.605901 7.830323 1
8.104228 7.239747 1
8.225373 7.289495 1
7.773861 7.628350 1
9.147300 7.365983 1
9.503384 7.849445 1
9.414783 7.904535 1
7.968060 8.127023 1
7.804010 8.931683 3
7.958073 7.099554 2
7.763533 8.158393 1
7.846719 8.090850 1
9.907170 7.983811 1
7.688800 8.220469 1
9.377488 7.560817 1
10.000000 7.222222 0
7.787960 7.192854 2
7.889706 8.301809 1
7.870694 8.195121 1
7.343606 7.591983 2
 0 1 2
 3 4 5
 6 4 3
 7 8 9
 8 10 9
 11 12 4
 13 14 15
 16 17 18
 19 20 21
 22 23 24
 25 14 13
 26 21 20
 27 10 8
 28 9 10
 29 26 20
 30 23 22
 31 32 33
 34 35 18
 16 18 35
 36 37 38
 39 40 41
 42 43 44
 45 42 44
 46 9 47
 40 48 41
 49 50 51
 52 53 14
 54 55 56
 57 58 59
 60 59 58
 61 62 63
 64 43 13
 65 66 67
 68 69 70
 16 71 17
 72 27 8
 44 56 55
 5 4 12
 73 67 66
 48 74 41
 57 75 58
 68 70 76
 77 78 79
 48 80 74
 49 81 50
 82 24 23
 46 7 9
 19 83 20
 84 85 86
 13 43 25
 77 87 78
 88 89 90
 29 20 91
 88 90 92
 93 94 26
 95 39 96
 97 74 98
 62 99 63
 87 100 78
 6 101 102
 97 103 74
 5 12 104
 0 104 12
 95 105 39
 106 102 101
 77 79 27
 107 108 109
 110 38 37
 93 26 111
 29 111 26
 112 113 114
 115 108 107
 58 116 117
 118 62 98
 97 98 62
 119 120 46
 60 58 51
 31 33 37
 121 122 35
 17 100 18
 120 123 46
 112 124 125
 126 127 128
 103 122 121
 129 122 103
 130 53 131
 52 131 53
 132 133 134
 131 83 135
 136 137 133
 61 63 33
 136 138 137
 61 139 62
 140 18 100
 84 86 109
 141 142 143
 144 143 142
 72 145 27
 136 92 90
 132 146 133
 29 147 148
 69 114 113
 52 91 20
 97 62 139
 68 149 69
 150 151 152
 14 53 153
 154 155 156
 118 99 62
 157 158 90
 136 90 158
 130 159 53
 160 53 159
 52 14 161
 162 36 38
 163 154 156
 30 22 149
 112 125 113
 144 164 143
 46 47 165
 166 2 167
 19 135 83
 106 148 147
 84 168 85
 50 137 51
 89 169 90
 141 143 170
 171 148 101
 106 101 148
 171 172 148
 97 129 103
 58 75 116
 121 41 103
 74 103 41
 173 174 175
 29 148 111
 176 177 178
 166 167 75
 25 161 14
 112 179 124
 50 134 133
 140 180 18
 140 100 87
 181 182 7
 183 184 163
 126 163 184
 93 87 94
 185 131 135
 186 187 188
 118 188 187
 189 163 128
 126 128 163
 46 123 7
 190 191 192
 193 192 191
 30 149 194
 157 90 195
 6 196 101
 186 38 187
 110 187 38
 60 51 137
 190 177 191
 106 197 102
 106 198 197
 5 104 199
 65 67 200
 110 63 99
 181 7 123
 84 109 108
 183 163 156
 69 113 70
 201 70 113
 176 178 202
 17 71 203
 58 117 51
 190 178 177
 48 40 204
 205 204 40
 30 159 206
 207 175 174
 44 55 198
 30 206 23
 25 43 208
 19 145 135
 72 135 145
 89 209 169
 95 96 210
 5 199 3
 211 212 184
 126 184 212
 118 98 80
 74 80 98
 0 12 1
 11 1 12
 6 102 4
 171 101 196
 25 91 161
 171 213 214
 215 214 213
 29 91 216
 34 18 180
 68 194 149
 130 131 217
 185 217 131
 218 4 102
 77 145 94
 189 202 178
 25 208 91
 36 31 37
 90 169 195
 144 15 164
 219 76 70
 211 184 220
 183 220 184
 52 161 91
 121 35 221
 155 222 223
 224 223 222
 183 165 220
 17 203 78
 225 226 227
 52 83 131
 218 197 55
 34 221 35
 49 51 117
 44 198 45
 228 164 15
 14 153 15
 228 15 153
 183 119 165
 229 230 231
 173 226 199
 173 104 174
 39 41 221
 225 227 213
 190 222 232
 145 21 94
 93 233 87
 52 20 83
 234 107 235
 160 153 53
 65 204 236
 205 236 204
 166 237 174
 73 158 67
 157 67 158
 79 238 28
 207 174 237
 185 135 182
 72 182 135
 193 124 179
 29 216 147
 239 231 230
 34 180 210
 215 210 180
 171 214 172
 77 94 87
 215 240 214
 186 188 195
 157 195 188
 79 203 238
 189 154 163
 190 192 222
 173 241 226
 93 214 233
 121 221 41
 190 232 178
 219 230 86
 229 86 230
 173 175 241
 140 240 180
 193 191 124
 85 242 76
 140 87 233
 118 243 188
 160 194 242
 77 27 145
 157 188 244
 64 245 246
 110 37 63
 33 63 37
 160 242 247
 46 165 119
 183 156 119
 42 208 43
 229 109 86
 136 133 92
 146 92 133
 104 248 174
 160 159 194
 30 194 159
 189 178 232
 22 179 114
 249 250 204
 155 232 222
 214 240 233
 126 212 127
 150 246 245
 249 204 200
 73 59 138
 118 187 99
 39 221 96
 181 251 182
 185 182 251
 39 105 40
 84 108 164
 143 164 108
 42 147 216
 211 252 212
 48 204 250
 229 231 235
 6 3 196
 85 76 86
 118 80 243
 141 253 151
 155 223 156
 120 156 223
 50 133 137
 73 138 158
 136 158 138
 22 114 149
 17 78 100
 79 78 203
 60 138 59
 65 200 204
 48 250 80
 188 243 244
 146 88 92
 82 23 254
 255 254 23
 167 116 75
 93 172 214
 186 169 256
 209 256 169
 173 199 104
 144 13 15
 141 151 245
 150 245 151
 209 162 256
 162 38 256
 112 114 179
 249 244 243
 68 76 242
 186 256 38
 225 199 226
 106 45 198
 85 168 247
 228 247 168
 7 182 8
 234 235 231
 95 227 226
 224 222 257
 34 96 221
 106 147 45
 57 258 237
 64 246 43
 215 227 210
 225 213 196
 171 196 213
 107 109 235
 229 235 109
 57 66 258
 255 206 217
 249 67 244
 157 244 67
 166 75 237
 60 137 138
 259 132 134
 95 210 227
 79 28 27
 10 27 28
 186 195 169
 44 43 246
 249 200 67
 57 237 75
 255 217 251
 73 66 59
 19 21 145
 228 168 164
 84 164 168
 0 248 104
 95 241 105
 205 105 241
 225 3 199
 64 13 142
 215 213 227
 55 197 198
 189 128 202
 218 102 197
 72 8 182
 95 226 241
 222 192 257
 54 56 152
 69 149 114
 115 260 108
 143 108 260
 120 261 123
 181 123 261
 160 247 153
 228 153 247
 225 196 3
 93 111 172
 148 172 111
 42 45 147
 34 210 96
 130 206 159
 189 232 154
 120 119 156
 57 59 66
 144 142 13
 249 243 250
 80 250 243
 0 2 248
 166 248 2
 82 192 24
 193 24 192
 205 241 175
 110 99 187
 140 233 240
 215 180 240
 259 134 81
 65 236 258
 207 258 236
 26 94 21
 82 257 192
 150 152 56
 255 251 262
 181 262 251
 207 237 258
 219 86 76
 65 258 66
 50 81 134
 44 246 56
 255 23 206
 68 242 194
 205 40 105
 130 217 206
 219 263 230
 239 230 263
 166 174 248
 155 154 232
 22 24 179
 193 179 24
 219 70 263
 201 263 70
 185 251 217
 64 142 245
 255 262 254
 224 254 262
 205 175 236
 207 236 175
 85 247 242
 143 260 170
 224 261 223
 120 223 261
 91 208 216
 224 262 261
 181 261 262
 141 170 253
 150 56 246
 141 245 142
 224 257 254
 42 216 208
 82 254 257
 14
 176 201 239 177 212 124 113 191 125 128 202 263 127 252
 18
 61 16 97 211 33 129 9 47 35 165 122 139 220 238 71 203 28 252
 0
 10
 218 49 11 167 1 4 117 81 2 116
 13
 218 115 234 54 239 55 107 231 151 152 253 260 170
 0
 0
 0
 0
 0
 0
 0
 0
 0
 0
 0
 0
 0
 0
 0
 0
 0
 0
 0
 0
 0
 0
 0
 0
 0
