264 465
2.354569 4.780239 2
2.475768 4.831185 1
2.362011 4.940258 2
2.045098 3.303173 1
2.145648 3.373467 1
1.976770 3.446197 1
2.119670 3.493098 1
2.628444 4.929286 1
2.494393 5.003564 1
2.746652 3.966335 1
2.786584 3.867271 1
2.905543 3.942552 1
2.578471 3.951762 1
2.670653 4.094378 1
2.571431 3.205691 1
2.535318 3.365102 1
2.434222 3.215888 1
2.399718 3.322978 1
3.458855 4.122495 1
3.606796 4.177765 2
3.483129 4.255417 2
2.848079 5.061532 1
2.716476 5.031258 1
2.764699 4.932348 1
2.881194 4.935314 1
2.461796 4.161706 1
2.524874 4.329898 1
2.368239 4.274683 1
2.802897 4.053679 1
2.972581 3.152143 2
3.051320 3.237915 1
2.891829 3.294670 1
2.913982 3.504823 1
3.083112 3.536109 1
2.906021 3.610849 1
2.991431 3.677116 1
2.770490 3.248269 1
2.759542 3.399570 1
3.368343 3.309905 1
3.518182 3.389859 1
3.370279 3.428877 1
1.972178 4.097893 1
1.848897 4.146701 2
1.844278 3.966350 2
3.451608 3.228068 2
1.857689 3.579554 2
2.015769 3.551778 1
2.186648 3.695920 1
2.264641 3.792607 1
2.162940 3.843647 1
2.857611 3.172049 2
2.081096 3.728491 1
3.647573 3.329685 2
3.813725 3.367210 2
3.683997 3.444801 1
2.677975 4.403424 1
2.632258 4.578031 1
2.560628 4.436356 1
2.748864 4.504391 1
2.868498 3.815696 1
2.218435 4.216924 1
2.195001 4.360684 1
2.319805 4.424444 1
2.288267 3.928280 1
2.194062 4.086891 1
2.123543 3.972538 1
2.000322 3.658331 1
2.681637 4.256405 1
2.639488 5.494450 1
2.767023 5.534519 2
2.638286 5.646004 2
2.791103 5.659033 3
2.328976 4.094757 1
3.560399 3.252693 1
3.544816 3.119268 2
2.362937 3.794144 1
2.445605 3.866630 1
2.582572 4.189142 1
3.652420 3.199282 3
2.438004 4.007002 1
3.686920 3.654907 1
3.811975 3.609040 2
3.758397 3.758531 2
3.158106 4.022573 1
3.266143 3.958967 1
3.291701 4.098896 1
2.658534 3.302438 1
2.883681 5.235128 1
2.739348 5.145971 1
2.747687 5.279744 1
2.054163 4.363466 1
2.077769 4.478052 2
1.907914 3.243223 2
2.029438 3.159523 2
2.211415 4.472812 1
2.896825 4.090075 1
2.559604 4.702583 1
2.620094 4.801671 1
2.369568 5.111186 1
2.405827 5.246504 1
2.282167 5.236704 2
2.723489 4.742270 1
3.026370 3.348619 1
2.249674 5.133719 2
2.499365 5.572994 2
2.526701 5.421016 1
3.114750 3.650118 1
3.049341 4.632110 1
2.900057 4.632640 1
2.965014 4.544440 1
2.946177 4.744067 1
2.609238 3.517793 1
2.523007 3.648184 1
2.486100 3.502004 1
3.553286 4.052860 2
3.510444 3.945162 1
3.663119 3.911580 2
3.204232 3.703293 1
3.226218 3.840267 1
3.088363 3.763826 1
2.614580 5.068915 1
2.174151 3.085896 1
2.100081 2.995924 2
3.405697 4.008058 1
3.134465 3.448697 1
3.206612 3.570246 1
3.158952 4.149160 1
3.355225 4.213881 1
1.997262 3.961263 1
2.170873 4.567527 1
2.217421 4.707479 2
2.056813 4.649498 2
2.675906 3.858227 1
2.293629 4.533353 1
2.364146 4.641335 1
2.940133 4.188791 1
2.794811 4.175054 1
2.859029 4.264322 1
2.556775 3.810593 1
3.313319 3.773828 1
3.334796 3.669358 1
3.130578 3.901307 1
2.157629 2.901798 3
2.293576 2.914561 2
2.212756 2.982619 1
3.253668 3.446566 1
1.952836 4.392175 2
3.004563 3.449836 1
2.875806 3.413953 1
2.042769 3.837402 1
2.653286 3.746954 1
2.772818 3.517823 1
2.540742 4.074995 1
3.036210 5.285058 2
2.958092 5.380297 2
1.823967 3.799310 2
1.935556 3.863652 1
3.259622 3.307623 1
2.276365 3.172421 1
2.319116 3.273398 1
2.385357 3.105984 1
2.969521 4.300983 1
2.823711 4.393661 1
3.308843 3.184427 2
2.964751 3.791596 1
2.956564 4.427278 1
1.824021 3.453087 2
2.468989 4.628735 1
2.523161 4.529856 1
3.033436 3.865733 1
2.313524 3.484680 1
2.376864 3.565907 1
2.233952 3.561823 1
2.843946 5.346820 1
3.478721 3.539876 1
2.141032 3.189655 1
1.981885 4.254064 2
2.118942 4.284904 1
2.398672 3.432443 1
3.065319 4.494302 1
3.173604 4.555604 2
2.442650 4.721149 1
2.267133 3.651647 1
2.525452 5.281466 1
2.634807 5.354449 1
3.384558 3.882700 1
2.093771 4.187382 1
2.798532 3.650784 1
3.077426 5.065394 1
2.976465 4.996763 1
3.133970 4.921449 2
2.980428 4.866797 1
3.026547 4.078624 1
3.601517 3.546279 1
2.451574 3.748473 1
2.411756 5.449990 2
3.784562 3.477700 2
2.776603 4.618862 1
2.085275 4.074595 1
2.677222 3.628210 1
3.193439 5.063548 2
3.102245 5.190632 2
3.565874 3.649191 1
3.447007 3.652848 1
2.849089 4.819247 1
2.862094 4.510117 1
3.519101 3.834054 1
1.899794 3.359475 1
2.839083 4.711417 1
1.885537 3.695536 1
2.200313 3.282825 1
2.440646 4.411197 1
2.626641 5.202529 1
3.234506 4.368670 1
3.086691 4.360928 1
3.178654 4.262046 1
2.717163 4.844965 1
3.160703 4.445453 1
3.180450 3.215299 1
3.155227 3.341714 1
2.986669 5.144243 1
2.364691 3.674391 1
2.768164 4.308964 1
3.622774 3.758597 1
2.667090 3.420545 1
2.327956 5.344021 1
2.304739 5.460426 2
2.197273 5.369653 3
2.438673 5.348428 1
2.765425 3.758421 1
2.625647 3.073562 2
2.754933 3.122748 2
2.676207 3.190542 1
2.506077 5.152360 1
3.296501 4.470175 2
3.166606 4.677914 2
3.077367 4.789127 2
3.050842 3.962158 1
2.274977 5.033824 2
3.062189 4.222247 1
2.291043 3.043742 1
2.404053 3.000973 1
2.111428 3.605422 1
3.714086 3.543481 1
1.757735 3.323189 3
3.252874 4.200253 1
2.401201 4.527609 1
2.755666 5.402276 1
1.961541 3.763787 1
3.351694 3.548263 1
3.371267 4.340522 2
2.499911 3.088206 1
2.874966 5.450286 2
2.529397 2.962426 2
2.429618 2.873436 2
3.279840 4.277283 1
3.416794 3.773523 1
3.083927 3.128006 2
1.774530 3.699827 2
3.516917 3.732760 1
2.284962 3.372878 1
2.219551 3.457190 1
3.204031 3.102371 2
2.883663 3.715283 1
 0 1 2
 3 4 5
 5 4 6
 1 7 8
 9 10 11
 12 9 13
 14 15 16
 17 16 15
 18 19 20
 1 8 2
 21 22 23
 21 23 24
 25 26 27
 9 11 28
 29 30 31
 32 33 34
 35 34 33
 36 31 37
 38 39 40
 41 42 43
 38 44 39
 45 5 46
 47 48 49
 29 31 50
 47 49 51
 52 53 54
 55 56 57
 58 56 55
 59 11 10
 60 27 61
 62 61 27
 63 64 65
 45 46 66
 67 55 26
 68 69 70
 71 70 69
 60 72 27
 25 27 72
 73 44 74
 63 75 76
 25 77 26
 67 26 77
 73 74 78
 63 76 79
 12 79 76
 80 81 82
 83 84 85
 36 37 86
 21 87 88
 89 88 87
 90 61 91
 92 93 3
 61 94 91
 25 72 79
 95 28 11
 1 96 97
 98 99 100
 101 96 56
 102 31 30
 1 97 7
 98 100 103
 68 104 105
 35 33 106
 107 108 109
 107 110 108
 111 112 113
 114 115 116
 117 118 119
 63 48 75
 120 7 22
 23 22 7
 121 93 122
 18 85 123
 33 124 125
 33 125 106
 83 85 126
 18 127 85
 41 43 128
 63 72 64
 63 65 49
 68 70 104
 129 130 131
 12 132 9
 129 133 130
 134 130 133
 135 136 95
 137 136 135
 12 76 138
 117 139 118
 117 140 139
 73 39 44
 118 141 119
 142 143 144
 145 125 124
 90 91 146
 102 147 148
 149 65 128
 150 138 112
 102 148 31
 111 113 15
 32 34 151
 25 79 152
 153 154 87
 155 156 43
 145 157 40
 158 16 159
 160 16 158
 137 161 162
 38 163 44
 59 164 11
 165 162 161
 117 106 125
 149 49 65
 45 166 5
 167 168 56
 96 167 56
 168 57 56
 169 11 164
 6 46 5
 98 2 8
 170 171 172
 32 147 33
 87 154 173
 174 40 39
 93 175 3
 90 176 177
 32 151 148
 17 15 178
 58 55 162
 107 179 180
 1 181 96
 83 141 84
 171 182 172
 183 184 105
 68 105 184
 185 84 118
 176 186 177
 187 151 34
 120 8 7
 188 189 190
 191 190 189
 95 11 192
 174 39 193
 54 193 39
 112 138 194
 118 84 141
 14 86 15
 101 97 96
 105 104 195
 38 40 157
 41 176 42
 117 125 140
 54 53 196
 63 79 72
 101 56 197
 41 128 198
 111 199 112
 150 112 199
 185 118 139
 41 186 176
 188 200 201
 169 119 141
 174 202 203
 174 193 202
 15 113 178
 112 171 113
 191 204 110
 108 197 205
 63 49 48
 65 198 128
 116 115 206
 92 3 207
 5 207 3
 38 157 163
 204 208 110
 45 66 209
 210 3 175
 26 211 27
 89 184 212
 183 212 184
 213 214 215
 23 7 216
 217 214 213
 121 175 93
 129 131 91
 218 219 30
 21 189 220
 188 220 189
 21 88 22
 67 13 136
 221 171 112
 55 222 162
 37 148 151
 80 82 223
 116 223 82
 111 15 224
 225 226 227
 153 87 220
 18 20 127
 185 206 115
 183 105 228
 58 205 197
 187 229 199
 60 186 64
 230 231 232
 98 8 233
 217 234 180
 185 115 123
 21 220 87
 217 180 179
 60 64 72
 183 99 233
 107 235 236
 150 199 229
 9 28 13
 12 13 152
 67 77 13
 221 112 194
 107 236 110
 108 110 208
 116 206 223
 102 30 219
 11 237 192
 98 238 2
 191 236 190
 149 51 49
 239 192 126
 83 126 192
 107 109 179
 188 190 200
 21 24 189
 160 240 241
 143 241 240
 239 126 215
 47 182 48
 221 48 182
 221 75 48
 66 242 51
 98 233 99
 89 87 173
 90 146 176
 62 27 211
 191 24 204
 67 222 55
 85 84 123
 43 156 128
 12 152 79
 81 243 196
 218 163 157
 150 229 132
 18 114 19
 92 207 244
 120 88 212
 89 212 88
 23 216 204
 101 204 216
 126 245 215
 115 114 123
 18 123 114
 145 219 157
 134 0 130
 37 151 224
 111 224 151
 108 205 109
 120 233 8
 36 50 31
 73 52 39
 54 39 52
 134 246 167
 37 31 148
 68 247 69
 155 209 248
 145 40 249
 234 213 250
 183 233 212
 68 184 247
 191 189 24
 155 248 156
 225 100 99
 102 124 147
 221 182 171
 102 219 124
 14 16 251
 67 136 222
 32 148 147
 137 222 136
 185 123 84
 14 251 230
 62 94 61
 132 229 10
 23 204 24
 145 249 125
 14 232 86
 252 69 247
 253 241 254
 143 254 241
 89 247 184
 210 4 3
 134 133 246
 168 211 57
 60 61 177
 60 177 186
 253 230 251
 47 51 242
 129 91 94
 12 138 132
 168 246 211
 255 127 250
 20 250 127
 95 192 135
 239 135 192
 187 199 151
 54 243 193
 80 193 243
 98 103 238
 185 256 206
 26 55 57
 252 173 154
 83 192 237
 101 208 204
 17 159 16
 58 197 56
 66 46 242
 218 30 257
 160 251 16
 169 237 11
 45 209 258
 165 205 162
 113 171 178
 170 178 171
 186 198 64
 41 198 186
 121 158 175
 210 175 158
 80 223 202
 259 202 223
 90 177 61
 153 220 201
 259 223 206
 120 212 233
 80 243 81
 13 28 136
 140 203 256
 210 260 4
 111 151 199
 239 214 161
 225 227 100
 165 109 205
 149 128 156
 168 167 246
 188 201 220
 76 194 138
 165 214 179
 217 179 214
 62 133 94
 36 86 232
 253 251 241
 58 162 205
 239 215 214
 89 173 247
 150 132 138
 244 207 166
 260 261 4
 14 230 232
 73 78 52
 239 161 135
 120 22 88
 25 152 77
 13 77 152
 62 246 133
 255 250 213
 165 179 109
 259 203 202
 36 232 231
 165 161 214
 259 256 203
 160 158 240
 218 262 163
 80 202 193
 191 110 236
 7 97 216
 137 162 222
 259 206 256
 140 256 139
 15 86 224
 37 224 86
 121 240 158
 160 241 251
 140 249 203
 210 158 159
 218 257 262
 225 195 226
 174 249 40
 140 125 249
 17 178 260
 170 260 178
 187 263 229
 59 229 263
 217 213 234
 65 64 198
 218 157 219
 225 99 228
 183 228 99
 225 228 195
 29 257 30
 137 135 161
 174 203 249
 95 136 28
 107 180 235
 36 231 50
 252 247 173
 210 159 260
 255 215 245
 145 124 219
 155 258 209
 85 245 126
 5 166 207
 129 94 133
 9 132 10
 17 260 159
 33 147 124
 26 57 211
 255 213 215
 96 181 167
 255 245 127
 85 127 245
 134 181 0
 54 196 243
 134 167 181
 6 261 172
 170 172 261
 170 261 260
 142 144 122
 6 172 242
 185 139 256
 121 122 144
 6 242 46
 35 119 164
 169 164 119
 66 248 209
 108 208 197
 101 197 208
 47 172 182
 47 242 172
 62 211 246
 59 10 229
 35 263 34
 187 34 263
 6 4 261
 59 263 164
 35 106 119
 66 51 248
 149 248 51
 149 156 248
 101 216 97
 117 119 106
 143 240 144
 121 144 240
 1 0 181
 105 195 228
 35 164 263
 76 75 194
 221 194 75
 83 237 141
 169 141 237
 0
 0
 0
 0
 0
 0
 0
 0
 0
 0
 0
 0
 0
 0
 0
 0
 0
 0
 0
 0
 0
 0
 18
 45 155 43 2 244 176 42 130 103 131 227 166 91 146 100 0 258 238
 6
 71 70 104 227 226 195
 23
 153 116 252 71 20 82 19 190 81 234 53 69 180 154 201 200 236 78 52 235 250 196 114
 0
 0
 14
 253 29 142 143 254 230 163 257 50 74 78 262 44 231
 0
 5
 92 142 93 244 122
