526 960
2.266543 4.837543 1
2.354569 4.780239 1
2.362011 4.940258 1
2.475768 4.831185 1
0.949779 3.404397 1
1.054199 3.509120 1
0.863356 3.491082 1
0.929897 3.592054 1
1.447017 5.148707 1
1.284539 5.081104 1
1.429996 5.052123 1
0.316807 3.985194 1
0.296819 4.080687 1
0.191424 3.991625 1
1.372061 5.212504 1
1.534143 5.440955 2
1.605105 5.323936 1
1.696365 5.417908 2
2.045098 3.303173 1
2.145648 3.373467 1
1.976770 3.446197 1
0.208946 4.153841 1
2.119670 3.493098 1
1.336604 3.931155 1
1.411892 4.023517 1
1.257768 4.007148 1
1.318588 4.106539 1
1.625208 4.773975 1
1.634479 4.644356 1
1.755826 4.672694 1
1.747181 4.815470 1
2.628444 4.929286 1
2.494393 5.003564 2
0.635702 5.069196 1
0.478251 5.133544 1
0.559542 4.962142 1
1.127223 5.153876 1
1.141149 5.001644 1
1.541535 4.288084 1
1.435274 4.418665 1
1.363267 4.263799 1
0.260440 3.850509 1
2.578471 3.951762 1
2.746652 3.966335 2
2.670653 4.094378 2
1.845991 4.317462 1
1.710832 4.271868 1
1.848897 4.146701 1
0.698432 5.772837 1
0.575890 5.792314 1
0.596135 5.650707 1
1.042573 3.357720 1
1.152876 3.345575 1
1.372741 5.314714 1
1.516472 5.222009 1
1.473827 5.352179 1
1.823967 3.799310 1
1.844278 3.966350 1
1.713768 3.849500 1
1.678203 3.965249 1
2.571431 3.205691 2
2.535318 3.365102 2
2.434222 3.215888 1
2.399718 3.322978 1
0.869467 5.131529 1
0.769390 5.051095 1
0.900624 4.981236 1
1.205574 3.476413 1
1.046198 4.122622 1
1.052132 4.303879 1
0.954772 4.204939 1
2.848079 5.061532 2
2.716476 5.031258 1
2.764699 4.932348 1
2.881194 4.935314 2
0.000000 3.611111 0
0.000000 3.472222 0
0.145812 3.516792 1
1.157460 4.226938 1
2.461796 4.161706 1
2.524874 4.329898 1
2.368239 4.274683 1
0.107255 3.641623 1
0.737325 5.669270 1
2.529397 2.962426 1
2.667062 2.893990 3
2.625647 3.073562 2
0.910989 2.774923 2
0.794699 2.807750 1
0.801785 2.672930 2
0.959141 3.272808 1
1.114740 3.190928 1
1.972178 4.097893 1
1.857689 3.579554 1
2.015769 3.551778 1
0.344523 5.224209 1
0.196422 5.156919 1
0.341365 5.078186 1
0.236381 4.995296 1
2.186648 3.695920 1
2.264641 3.792607 1
2.162940 3.843647 1
0.987016 3.751022 1
1.114635 3.829833 1
0.950544 3.894858 1
0.434300 4.992430 1
1.948714 4.534981 1
1.952836 4.392175 1
2.077769 4.478052 1
2.081096 3.728491 1
1.011520 5.057606 1
2.677975 4.403424 2
2.632258 4.578031 2
2.560628 4.436356 1
1.287651 4.420591 1
0.725570 4.565895 1
0.832983 4.618250 1
0.676561 4.652657 1
0.782922 4.741789 1
1.545395 3.612684 1
1.708498 3.610493 1
1.647203 3.724900 1
0.972894 5.614025 1
0.889425 5.497691 1
1.003072 5.424653 1
2.218435 4.216924 1
2.195001 4.360684 1
2.319805 4.424444 1
1.091373 3.977587 1
2.288267 3.928280 1
2.194062 4.086891 1
2.123543 3.972538 1
2.162099 4.878536 1
2.217421 4.707479 1
2.000322 3.658331 1
1.554171 5.074500 1
1.484426 4.911976 1
0.568905 4.559208 1
0.682309 4.460582 1
1.708725 4.146117 1
1.907914 3.243223 2
1.757735 3.323189 1
1.793190 3.163004 2
2.076948 4.795655 1
2.681637 4.256405 2
0.343548 4.903107 1
2.328976 4.094757 1
0.711800 3.215925 1
0.817296 3.350409 1
0.664800 3.365109 1
0.717624 3.718441 1
0.684755 3.851752 1
0.575425 3.706501 1
0.543499 3.861286 1
2.362937 3.794144 1
2.445605 3.866630 1
2.582572 4.189142 1
0.634513 4.864355 1
0.533296 4.801731 1
0.657172 2.726656 2
1.108239 5.522227 2
1.025232 4.906744 1
1.173181 4.840536 1
1.388970 3.318665 1
1.514504 3.315554 1
1.492873 3.422162 1
1.373677 4.553658 1
0.453549 4.888576 1
2.438004 4.007002 1
0.117865 3.862267 1
0.576647 4.440132 1
0.439510 4.421194 1
0.420596 4.557470 1
1.130480 3.678314 1
2.883681 5.235128 3
2.739348 5.145971 2
2.054163 4.363466 1
2.029438 3.159523 2
0.210583 5.397940 1
0.354821 5.390138 1
0.249973 5.502886 1
2.211415 4.472812 1
0.802402 3.915571 1
0.782489 4.064852 1
0.647741 3.997498 1
0.452134 2.950124 2
0.571388 2.861906 2
0.547388 3.025512 1
1.246724 4.592386 1
2.559604 4.702583 1
2.620094 4.801671 1
1.981885 4.254064 1
1.282266 3.134658 2
1.200760 3.029277 2
1.066132 3.019356 1
2.723489 4.742270 2
0.404852 3.911410 1
2.369568 5.111186 2
2.282167 5.236704 2
2.249674 5.133719 1
0.682058 4.177941 1
0.552354 4.113791 1
1.605948 3.264765 1
1.468642 3.218100 1
1.552569 3.145017 2
1.264962 3.777778 1
0.531076 3.469311 1
0.501801 3.344194 1
0.648033 3.496348 1
0.798703 4.935954 1
0.848638 3.194028 1
1.013140 2.883109 2
1.152034 2.918720 2
1.348485 3.453827 1
2.056813 4.649498 1
0.616793 5.524652 1
0.753121 5.474871 1
0.704196 5.575406 1
0.101495 4.079753 1
0.405477 3.463461 1
0.378596 3.319889 1
0.268258 3.404548 1
1.153041 4.501813 1
1.165372 4.363902 1
0.239582 5.637921 1
0.279358 5.768495 1
0.178162 5.768868 1
0.356925 5.562954 1
0.360935 5.703599 1
1.557101 4.441323 1
2.614580 5.068915 2
0.110544 5.656777 1
2.174151 3.085896 1
2.100081 2.995924 2
0.404601 3.755174 1
0.589610 5.172690 1
1.687407 3.196637 2
0.455974 3.598279 1
0.303318 3.536052 1
1.305190 4.892964 1
1.246485 4.971503 1
0.298179 4.346334 1
0.163075 4.437894 1
0.155146 4.289350 1
0.938187 4.303159 1
0.983424 4.420954 1
1.538939 3.726226 1
1.316966 3.563776 1
1.649491 5.183521 1
0.969066 3.120357 1
0.355013 3.178329 1
0.264285 3.290146 1
0.243069 3.144606 1
0.340842 3.651117 1
1.256852 3.379022 1
1.073092 5.746907 2
0.953502 5.786160 2
1.997262 3.961263 1
1.106335 4.660254 1
1.050924 4.792417 1
0.961264 4.723523 1
0.512555 3.990443 1
0.967973 4.616813 1
0.856220 3.040886 1
0.748270 3.084017 1
0.132785 3.358270 1
0.890913 4.840916 1
2.170873 4.567527 1
0.345145 4.655893 1
0.317155 4.493004 1
0.224829 4.579339 1
1.456560 4.158369 1
1.666563 4.399127 1
2.675906 3.858227 2
2.293629 4.533353 1
2.364146 4.641335 1
0.460374 5.629442 1
1.511669 4.565185 1
1.487731 4.716579 1
1.620126 4.919281 1
1.745081 4.939768 1
2.556775 3.810593 2
0.249671 5.295481 1
0.000000 3.333333 0
2.157629 2.901798 2
2.293576 2.914561 2
2.212756 2.982619 1
1.592145 4.171113 1
1.690180 5.050747 1
1.852256 4.457335 1
0.623057 5.404192 1
2.042769 3.837402 1
0.838054 3.780471 1
0.000000 5.555555 0
0.000000 5.416667 0
0.132429 5.509089 1
2.540742 4.074995 1
1.246031 5.221209 1
0.957942 2.990262 1
1.935556 3.863652 1
1.225959 3.886014 1
0.690698 2.862676 1
2.276365 3.172421 1
2.319116 3.273398 1
2.385357 3.105984 1
0.106432 5.066491 1
0.759355 5.356022 1
0.246848 2.913737 2
0.321435 3.020672 2
0.169776 3.057310 1
1.914454 5.282464 1
2.052919 5.351081 2
1.933411 5.425395 2
0.844892 5.723430 1
1.757389 4.056217 1
1.939620 5.144183 1
1.848137 5.192117 1
1.825933 5.051859 1
1.106314 5.636593 2
0.821548 5.858727 1
0.736492 3.530544 1
0.746491 3.433412 1
0.273826 3.722991 1
1.824021 3.453087 1
0.492459 5.721128 1
2.468989 4.628735 1
2.523161 4.529856 1
0.495417 5.508823 1
0.000000 3.055556 0
0.108668 2.953682 2
1.949055 4.990519 1
2.078709 4.956062 1
2.046958 5.102517 1
0.877540 4.413786 1
1.583376 3.502321 1
2.313524 3.484680 1
2.376864 3.565907 1
2.233952 3.561823 1
0.000000 5.972222 0
0.116808 5.897958 1
0.111832 6.061011 1
0.823822 5.596280 1
0.498943 5.377163 1
1.363881 3.209672 1
2.141032 3.189655 1
2.142704 5.215140 2
2.019053 5.225721 1
2.118942 4.284904 1
0.420228 6.023907 1
0.458075 6.124873 2
0.323862 6.067037 2
1.230318 4.716856 1
1.336670 4.690624 1
2.398672 3.432443 1
0.833166 6.086993 3
0.755263 5.973875 1
0.867131 5.978233 2
2.442650 4.721149 1
1.258429 3.661305 1
1.407226 3.692912 1
1.758916 5.154770 1
2.267133 3.651647 1
0.717251 6.064655 2
1.256936 3.262984 1
1.963672 4.855675 1
0.105653 5.389453 1
2.093771 4.187382 1
0.805133 4.493316 1
0.441826 5.283202 1
1.372863 5.437885 2
1.260954 5.351810 1
1.252662 4.198272 1
2.161426 5.086014 1
2.191758 4.977833 1
2.523007 3.648184 2
2.451574 3.748473 1
1.376183 4.959968 1
1.289464 4.793635 1
0.462606 5.832233 1
0.344942 5.846585 1
1.738686 4.527773 1
1.624204 4.521267 1
1.017475 3.636533 1
0.556224 5.274645 1
1.136453 5.394846 1
1.235183 5.467110 2
1.374240 3.826074 1
2.085275 4.074595 1
0.148263 3.745319 1
0.833898 4.203212 1
0.903448 4.091822 1
0.105018 3.155647 1
0.955230 5.303747 1
0.838786 5.261732 1
0.989375 5.185784 1
2.486100 3.502004 2
0.718892 5.204931 1
0.000000 4.444445 0
0.104653 4.543991 1
0.000000 5.694445 0
2.264250 4.935091 1
1.609873 3.384493 1
1.693205 3.467392 1
0.000000 3.750000 0
0.671950 5.881313 1
1.079771 4.434591 1
0.220288 5.997429 1
1.899794 3.359475 1
1.190860 3.579062 1
1.885537 3.695536 1
2.200313 3.282825 1
2.440646 4.411197 1
2.717163 4.844965 1
1.438288 3.555330 1
1.180613 4.103860 1
0.672693 3.611420 1
1.768899 4.404296 1
1.243384 4.290224 1
1.065321 5.294051 1
1.171018 5.288370 1
0.661354 5.299221 1
0.000000 4.305555 0
0.107323 4.186213 1
0.000000 3.888889 0
2.364691 3.674391 1
0.588716 3.246781 1
0.214986 3.612837 1
1.032397 4.539159 1
1.762124 5.277796 1
1.837731 5.358323 2
0.660197 2.980864 1
0.635436 3.122160 1
0.960186 5.918945 2
0.000000 5.000000 0
0.000000 4.861111 0
0.121741 4.909756 1
0.920518 4.531152 1
0.000000 4.722222 0
0.000000 4.583333 0
0.119825 4.672441 1
0.414330 4.068227 1
0.808822 3.631481 1
0.081024 4.368888 1
0.138369 5.285372 1
1.774530 3.699827 1
1.845996 4.885234 1
0.770035 2.936203 1
0.000000 5.138889 0
0.085142 5.194705 1
0.000000 4.166667 0
1.494057 3.828117 1
0.468288 3.220364 1
0.167097 3.240989 1
1.866666 4.740505 1
1.519705 4.078920 1
1.541506 3.965039 1
2.274977 5.033824 1
0.569405 4.688503 1
0.657364 4.762203 1
1.424073 4.634500 1
1.401960 4.827195 1
0.000000 6.111111 0
0.144028 6.180555 2
0.646802 4.323534 1
0.770799 4.381408 1
0.571542 3.574226 1
0.519351 6.007927 1
0.605128 6.093863 2
0.253715 4.248518 1
2.291043 3.043742 1
2.404053 3.000973 1
0.000000 5.277778 0
1.431660 3.914780 1
0.457483 4.687528 1
2.111428 3.605422 1
0.898227 3.693818 1
0.738157 4.849654 1
0.000000 4.027778 0
0.546788 5.903909 1
0.424369 5.926633 1
0.000000 5.833333 0
0.967439 4.006477 1
0.883838 2.905522 1
0.447165 3.090198 1
0.876311 3.995480 1
1.632625 4.071932 1
1.980952 4.739970 1
1.847712 4.590309 1
0.397058 4.783470 1
0.282452 4.796529 1
0.000000 3.194444 0
2.849089 4.819247 2
1.516116 4.814785 1
0.239060 4.693612 1
1.602232 3.849742 1
2.401201 4.527609 1
0.403314 4.311971 1
0.489652 4.263585 1
0.537349 4.347873 1
1.961541 3.763787 1
2.499911 3.088206 1
0.352589 4.204545 1
1.940171 4.651053 1
2.429618 2.873436 2
1.422505 3.123403 2
0.078739 4.791667 1
0.183726 4.791667 1
0.538731 3.146183 1
0.460118 4.163203 1
0.866498 5.386453 1
0.749340 4.281882 1
2.540833 2.848108 3
0.075243 5.763889 1
0.581823 4.228570 1
0.833953 4.316689 1
1.769243 3.527869 1
2.284962 3.372878 1
0.689004 4.960452 1
0.320373 5.961413 1
0.236595 4.883244 1
0.243322 5.873458 1
0.220797 6.099459 2
2.219551 3.457190 1
0.080980 3.256537 1
0.076489 3.962608 1
0.633783 5.986217 1
 0 1 2
 1 3 2
 4 5 6
 6 5 7
 8 9 10
 11 12 13
 14 9 8
 15 16 17
 18 19 20
 13 12 21
 20 19 22
 23 24 25
 25 24 26
 27 28 29
 27 29 30
 3 31 32
 33 34 35
 36 37 9
 38 39 40
 41 11 13
 42 43 44
 45 46 47
 48 49 50
 5 51 52
 53 54 55
 56 57 58
 59 58 57
 60 61 62
 63 62 61
 64 65 66
 5 52 67
 14 54 53
 68 69 70
 3 32 2
 71 72 73
 71 73 74
 75 76 77
 78 69 68
 79 80 81
 75 77 82
 48 50 83
 84 85 86
 87 88 89
 90 91 51
 52 51 91
 92 47 57
 93 20 94
 95 96 97
 98 97 96
 99 100 101
 102 103 104
 105 35 34
 106 107 108
 99 101 109
 36 110 37
 111 112 113
 114 40 39
 115 116 117
 117 116 118
 119 120 121
 122 123 124
 125 81 126
 127 126 81
 128 104 103
 129 130 131
 0 132 133
 93 94 134
 135 10 136
 115 137 138
 139 47 46
 140 141 142
 133 132 143
 144 111 80
 105 97 145
 125 146 81
 79 81 146
 147 148 149
 150 151 152
 153 152 151
 129 154 155
 79 156 80
 144 80 156
 157 35 158
 88 159 89
 122 124 160
 161 162 37
 163 164 165
 114 39 166
 158 35 167
 90 4 148
 129 155 168
 42 168 155
 41 13 169
 170 137 171
 172 171 137
 102 173 103
 71 174 175
 176 126 108
 140 177 18
 178 179 180
 126 181 108
 182 183 184
 79 146 168
 16 55 54
 185 186 187
 114 166 188
 3 189 190
 98 145 97
 45 47 191
 192 91 193
 194 193 91
 195 189 112
 41 196 11
 3 190 31
 197 198 199
 182 184 151
 153 151 184
 161 37 110
 200 201 184
 202 203 204
 205 103 173
 206 207 149
 208 206 149
 209 66 65
 90 148 210
 147 210 148
 194 211 212
 163 165 213
 143 214 133
 215 216 217
 21 218 13
 207 219 220
 221 220 219
 114 222 223
 224 225 226
 224 227 228
 115 117 137
 170 138 137
 129 100 154
 38 229 39
 163 203 164
 230 31 72
 73 72 31
 224 226 231
 232 177 233
 153 196 234
 114 188 222
 33 235 34
 202 204 236
 237 238 219
 239 240 162
 200 184 183
 241 242 243
 179 227 180
 244 69 245
 119 121 246
 247 67 213
 135 248 54
 41 234 196
 64 66 110
 90 249 91
 250 251 252
 237 253 238
 67 254 213
 122 255 256
 92 57 257
 258 259 260
 129 146 130
 153 184 261
 258 260 262
 194 91 249
 263 210 264
 76 265 77
 118 260 266
 129 131 101
 267 133 214
 172 268 269
 270 269 268
 38 40 271
 38 46 272
 42 273 43
 267 274 133
 275 133 274
 228 227 276
 277 28 278
 27 278 28
 27 30 279
 280 279 30
 38 272 229
 42 155 281
 250 220 251
 237 152 234
 153 234 152
 95 282 96
 76 283 265
 284 285 286
 38 287 46
 95 179 282
 178 282 179
 135 288 248
 106 289 107
 290 216 215
 176 108 107
 118 116 260
 291 131 257
 105 34 97
 162 240 37
 150 292 151
 182 151 292
 293 294 295
 79 168 296
 14 297 9
 36 9 297
 270 242 269
 241 269 242
 194 298 211
 56 299 57
 128 103 300
 88 301 159
 302 62 303
 304 62 302
 98 96 305
 306 216 290
 16 15 55
 307 308 309
 310 311 312
 202 164 203
 122 256 313
 38 271 287
 59 57 314
 142 141 236
 315 316 317
 122 318 255
 258 162 259
 128 300 25
 147 264 210
 48 313 319
 320 208 321
 41 322 234
 291 101 131
 14 8 54
 93 323 20
 324 50 49
 325 326 112
 189 325 112
 327 227 179
 326 113 112
 22 94 20
 197 2 32
 328 329 309
 330 331 332
 244 245 333
 119 334 120
 335 336 337
 338 339 340
 122 313 341
 327 179 342
 135 136 279
 122 341 123
 163 343 203
 177 344 18
 345 311 346
 310 346 311
 176 191 347
 348 349 350
 258 188 351
 352 351 188
 63 61 353
 354 355 356
 3 357 189
 205 358 359
 360 317 316
 352 188 166
 336 361 337
 354 362 355
 192 363 91
 52 91 363
 330 364 331
 161 259 162
 135 54 8
 234 322 253
 294 365 295
 191 366 347
 230 32 31
 143 331 364
 293 295 231
 115 367 116
 208 149 321
 95 368 179
 57 47 314
 369 370 53
 26 40 371
 372 331 373
 332 331 372
 135 8 10
 374 281 375
 258 351 162
 9 376 10
 239 162 377
 324 378 228
 379 228 378
 5 4 51
 380 381 272
 5 382 7
 195 190 189
 95 34 368
 383 368 34
 297 14 53
 370 297 53
 161 266 259
 260 259 266
 263 249 210
 384 385 160
 369 53 55
 23 300 386
 92 191 47
 129 168 146
 48 83 313
 307 309 329
 92 257 387
 92 366 191
 41 169 388
 200 183 389
 390 389 183
 247 359 358
 328 309 391
 244 70 69
 392 393 394
 61 395 353
 95 97 34
 374 336 395
 64 396 65
 33 65 396
 397 242 398
 399 293 231
 0 2 400
 102 104 292
 182 292 104
 205 386 300
 202 141 401
 402 401 141
 64 394 393
 129 101 100
 403 388 169
 9 240 376
 330 315 317
 131 387 257
 48 319 404
 405 245 69
 406 340 339
 140 18 407
 20 407 18
 16 54 248
 102 382 173
 408 173 5
 173 382 5
 205 173 358
 93 134 409
 277 166 39
 410 18 344
 80 411 81
 327 342 290
 73 31 412
 153 261 196
 165 334 413
 128 25 414
 320 415 208
 402 120 334
 380 272 416
 205 359 386
 114 417 40
 26 271 40
 232 344 177
 345 346 332
 267 214 108
 106 108 214
 369 385 370
 330 332 315
 384 124 418
 392 418 124
 36 297 419
 71 175 72
 36 419 418
 128 414 68
 396 420 235
 421 422 243
 277 39 229
 384 370 385
 423 403 169
 424 336 374
 402 141 323
 139 46 287
 147 149 425
 426 82 77
 221 238 77
 426 77 238
 33 396 235
 258 262 427
 428 429 17
 202 236 141
 306 396 393
 64 393 396
 430 431 187
 217 83 50
 430 187 186
 432 319 256
 313 256 319
 433 434 435
 436 116 367
 437 438 439
 306 290 420
 270 398 242
 355 404 319
 360 248 288
 90 210 249
 440 11 196
 105 167 35
 237 234 253
 384 419 370
 221 77 265
 9 37 240
 150 441 292
 148 4 6
 397 442 242
 383 235 420
 96 282 443
 383 34 235
 26 414 25
 440 196 261
 121 444 58
 330 445 364
 383 420 290
 125 366 130
 263 264 446
 430 446 264
 405 223 222
 330 317 445
 369 55 15
 447 305 448
 125 130 146
 421 449 422
 306 420 396
 119 359 413
 247 413 359
 327 290 215
 64 110 394
 36 394 110
 119 246 359
 450 359 246
 250 451 220
 450 386 359
 383 290 342
 224 228 225
 309 308 252
 136 10 376
 42 44 296
 144 156 44
 424 374 375
 207 425 149
 452 252 251
 403 82 388
 453 364 445
 56 58 444
 454 24 455
 16 248 428
 172 269 171
 241 171 269
 454 287 271
 197 456 2
 16 428 17
 457 458 158
 157 158 458
 352 166 459
 258 222 188
 352 278 460
 461 340 462
 291 109 101
 332 346 315
 170 463 138
 464 138 463
 447 433 305
 237 206 465
 348 466 349
 467 349 466
 430 264 431
 119 413 334
 241 243 468
 40 417 371
 136 376 460
 438 397 398
 224 231 295
 304 469 470
 150 152 415
 143 132 331
 207 220 451
 285 470 469
 184 201 261
 440 261 201
 294 471 365
 457 137 117
 471 443 365
 403 75 82
 237 219 206
 99 361 100
 424 100 361
 165 413 213
 23 25 300
 424 154 100
 455 24 472
 380 29 28
 172 137 473
 98 305 435
 123 341 216
 134 474 109
 292 441 475
 345 332 372
 239 460 376
 96 448 305
 176 107 191
 45 191 107
 118 266 476
 449 477 218
 360 428 248
 127 81 411
 478 466 479
 148 6 321
 221 265 251
 338 480 339
 148 321 149
 128 68 481
 390 481 68
 461 338 340
 88 87 482
 209 476 266
 57 299 257
 42 296 168
 194 249 298
 263 298 249
 250 483 451
 182 484 183
 93 444 120
 59 485 455
 454 455 485
 453 30 29
 433 435 305
 280 445 317
 143 364 486
 140 407 141
 320 6 441
 7 441 6
 453 29 487
 205 300 103
 453 486 364
 161 110 66
 488 489 268
 490 328 391
 221 219 238
 73 412 491
 195 491 412
 27 492 278
 90 51 4
 0 133 1
 275 1 133
 163 213 254
 272 381 229
 268 489 493
 239 376 240
 457 473 137
 352 459 278
 121 494 246
 139 314 47
 277 381 28
 244 389 70
 390 70 389
 453 445 30
 327 276 227
 275 495 325
 438 398 439
 136 492 279
 277 278 459
 496 497 498
 171 496 498
 217 216 341
 208 465 206
 313 83 341
 392 394 418
 56 409 499
 135 279 288
 280 288 279
 221 251 220
 211 482 87
 78 68 414
 182 104 484
 27 279 492
 21 243 422
 56 499 299
 242 442 243
 421 243 442
 270 439 398
 21 468 243
 380 28 381
 424 361 336
 60 62 500
 241 501 496
 241 468 501
 60 500 86
 178 295 365
 127 181 126
 452 251 265
 450 246 494
 170 171 498
 73 491 74
 453 487 502
 26 371 414
 121 120 444
 84 470 503
 285 503 470
 345 199 198
 410 19 18
 275 274 495
 241 496 171
 326 411 113
 192 504 343
 36 418 394
 360 316 428
 310 428 316
 125 126 347
 430 301 446
 434 505 435
 506 435 505
 507 187 431
 125 347 366
 207 206 219
 478 479 378
 84 86 500
 437 439 505
 506 505 439
 247 408 67
 99 109 474
 267 108 181
 426 238 253
 42 281 273
 355 319 356
 497 501 508
 440 508 501
 392 124 509
 123 509 124
 326 495 411
 497 496 501
 21 501 468
 21 12 501
 440 501 12
 426 388 82
 106 487 289
 380 289 487
 143 486 214
 310 429 428
 384 160 124
 128 481 104
 200 510 463
 197 199 456
 209 266 66
 161 66 266
 80 111 113
 426 322 388
 41 388 322
 237 465 152
 200 389 510
 380 416 289
 345 372 199
 78 417 223
 207 451 425
 63 303 62
 310 312 429
 5 67 408
 320 441 415
 150 415 441
 84 503 511
 102 475 382
 226 339 512
 480 512 339
 507 451 483
 185 483 308
 250 308 483
 134 94 474
 106 214 502
 122 160 318
 250 252 308
 430 186 301
 59 455 494
 200 513 201
 304 500 62
 464 463 510
 93 409 444
 324 276 50
 327 50 276
 200 463 513
 88 482 446
 170 498 463
 395 336 353
 335 353 336
 172 473 268
 390 68 70
 324 228 276
 373 331 132
 45 107 289
 366 387 130
 92 387 366
 232 302 344
 410 344 302
 201 513 508
 244 514 389
 176 347 126
 402 323 515
 402 515 120
 93 120 515
 88 446 301
 163 363 343
 449 218 422
 7 382 475
 118 458 117
 309 252 391
 452 391 252
 410 516 19
 263 446 482
 440 201 508
 270 493 439
 506 439 493
 379 225 228
 209 65 517
 33 517 65
 310 315 346
 406 518 350
 280 30 445
 163 254 363
 52 363 254
 217 341 83
 497 508 513
 98 435 519
 506 519 435
 78 223 69
 224 295 180
 178 180 295
 291 257 299
 84 511 85
 373 456 372
 199 372 456
 488 473 158
 59 314 485
 139 485 314
 136 460 492
 306 509 216
 123 216 509
 326 325 495
 320 321 6
 390 183 484
 406 339 520
 226 520 339
 178 443 282
 406 350 521
 155 375 281
 258 427 222
 127 274 181
 457 158 473
 84 500 470
 52 254 67
 59 494 58
 397 421 442
 471 447 448
 247 358 408
 348 479 466
 141 407 323
 516 522 19
 471 448 443
 507 425 451
 283 490 523
 178 365 443
 432 356 319
 147 425 431
 507 431 425
 488 268 473
 102 292 475
 192 343 363
 230 72 175
 434 437 505
 224 180 227
 277 229 381
 450 494 455
 436 367 333
 464 333 367
 480 399 512
 96 443 448
 384 418 419
 477 423 524
 79 296 156
 44 156 296
 127 495 274
 272 46 416
 45 416 46
 118 476 458
 157 458 476
 370 419 297
 310 316 315
 304 302 469
 247 213 413
 324 49 378
 478 378 49
 352 460 377
 31 190 412
 114 223 417
 278 492 460
 380 487 29
 45 289 416
 283 523 265
 162 351 377
 121 58 494
 488 145 489
 232 469 302
 304 470 500
 263 482 298
 405 222 427
 463 498 513
 497 513 498
 410 302 303
 383 342 368
 270 268 493
 440 12 11
 454 271 24
 26 24 271
 152 465 415
 327 215 50
 209 517 476
 157 476 517
 159 301 186
 452 265 523
 104 481 484
 13 218 524
 477 524 218
 488 158 167
 379 518 520
 63 353 516
 335 516 353
 131 130 387
 426 253 322
 226 512 231
 399 231 512
 373 132 400
 179 368 342
 277 459 166
 33 35 517
 157 517 35
 406 520 518
 139 287 485
 194 212 193
 450 455 472
 214 486 502
 98 519 145
 202 401 164
 165 164 401
 379 520 225
 21 422 218
 239 377 460
 488 167 145
 147 431 264
 405 427 245
 436 245 427
 23 472 24
 226 225 520
 462 340 521
 406 521 340
 105 145 167
 352 377 351
 93 515 323
 410 303 516
 454 485 287
 56 444 409
 115 138 367
 464 367 138
 355 362 525
 467 525 362
 405 69 223
 20 323 407
 217 50 215
 267 181 274
 436 427 262
 7 475 441
 208 415 465
 360 288 317
 280 317 288
 244 333 514
 464 514 333
 63 516 303
 306 393 509
 392 509 393
 402 334 401
 165 401 334
 23 386 472
 450 472 386
 0 400 132
 436 333 245
 80 113 411
 173 408 358
 78 414 371
 211 298 482
 453 502 486
 203 343 504
 189 357 325
 275 357 1
 436 262 116
 348 350 518
 145 519 489
 78 371 417
 260 116 262
 275 325 357
 22 522 337
 335 337 522
 13 524 169
 423 169 524
 335 522 516
 507 483 187
 185 187 483
 284 286 233
 22 337 474
 232 233 286
 22 474 94
 134 499 409
 99 337 361
 457 117 458
 99 474 337
 127 411 495
 106 502 487
 452 523 391
 203 504 204
 506 493 489
 379 479 518
 348 518 479
 22 19 522
 355 525 404
 478 404 525
 490 391 523
 379 378 479
 134 109 499
 291 499 109
 478 525 466
 467 466 525
 291 299 499
 195 412 190
 389 514 510
 464 510 514
 285 469 286
 232 286 469
 478 49 404
 48 404 49
 3 1 357
 390 484 481
 2 456 400
 373 400 456
 155 154 375
 424 375 154
 506 489 519
 0
 0
 0
 0
 23
 140 307 192 185 284 211 159 285 177 142 89 503 186 308 193 329 511 87 233 212 204 236 504
 18
 144 195 71 60 43 61 44 374 174 395 111 491 86 85 112 273 281 74
 2
 85 511
 7
 467 354 462 349 362 521 350
 0
 21
 230 369 432 354 197 345 255 311 174 175 32 312 160 385 356 198 15 318 256 17 429
 0
 0
 0
 0
