522 954
0.804761 8.931736 1
0.883450 9.033758 1
0.731714 9.012262 1
0.813117 9.117463 1
1.305696 7.883720 1
1.208009 7.992225 1
1.205268 7.860732 1
0.586217 8.671837 1
0.717139 8.653090 1
0.688054 8.781419 1
0.510559 7.108503 1
0.395163 7.165545 1
0.409375 7.016966 1
0.600051 9.442334 1
0.625002 9.593052 1
0.495180 9.502041 1
0.559112 6.615945 1
0.663739 6.708256 1
0.514937 6.747599 1
2.107061 8.657786 1
2.156330 8.559928 1
2.215323 8.693197 2
0.302012 7.781382 1
0.448479 7.727332 1
0.365202 7.918355 1
0.518228 7.867599 1
0.441684 9.357429 1
0.279594 9.434204 1
0.296961 9.314909 1
0.376853 9.485054 1
0.858725 8.722531 1
1.021079 8.803075 1
0.926489 8.895859 1
1.353558 7.981986 1
0.722314 9.520363 1
1.666667 10.000000 0
1.527778 10.000000 0
1.576167 9.835144 1
0.000000 8.472222 0
0.000000 8.333333 0
0.166292 8.423943 1
0.206973 7.973966 1
0.290860 8.070413 1
1.499858 7.947772 1
1.398136 7.838314 1
1.805556 10.000000 0
1.737316 9.870559 1
1.903461 9.864985 1
0.000000 8.194445 0
0.133506 8.090914 1
0.127202 8.260216 1
1.508334 8.189949 1
1.644398 8.157336 1
1.585124 8.273692 1
1.707647 8.287313 1
1.970951 8.965046 2
1.824499 9.015575 1
1.870443 8.844454 1
1.761035 8.899155 1
1.085593 8.281207 1
1.211066 8.256941 1
1.196026 8.392241 1
0.577212 8.273679 1
0.521991 8.149955 1
0.693256 8.164474 1
0.812300 7.631135 1
0.853759 7.789952 1
0.733534 7.748320 1
0.540023 7.005441 1
0.304373 6.188498 1
0.458075 6.124873 2
0.439970 6.285912 1
0.000000 6.805555 0
0.124206 6.674959 1
0.168758 6.780949 1
1.388889 10.000000 0
1.286949 9.850028 1
1.458333 9.900642 1
0.000000 8.611111 0
0.099357 8.541667 1
0.149972 8.713051 1
0.354021 7.393651 1
0.435442 7.313666 1
0.446700 7.459182 1
0.000000 9.166667 0
0.123921 9.056075 1
0.118748 9.221499 1
0.833333 10.000000 0
0.771428 9.881005 1
0.952749 9.878537 1
0.738248 7.897949 1
0.613699 7.946341 1
0.604607 7.778429 1
0.511959 9.611855 1
0.402159 6.651262 1
2.255517 8.547160 2
0.803698 9.649410 1
0.678018 9.708518 1
0.624954 8.078673 1
0.210358 8.569089 1
0.309136 8.508445 1
0.578731 7.660341 1
0.515410 7.559653 1
1.616130 9.365771 1
1.769831 9.294094 1
1.730980 9.435247 1
0.261602 9.600441 1
0.400869 7.591715 1
1.590732 7.730081 1
1.716652 7.782197 1
1.610746 7.862753 1
0.339019 8.387820 1
1.189201 8.795759 1
1.113182 8.680849 1
0.758679 8.431259 1
0.733248 8.305851 1
0.866699 8.310026 1
0.267082 8.277399 1
0.413076 8.244780 1
1.696259 8.602985 1
1.803862 8.695800 1
1.657487 8.728475 1
1.494142 8.765318 1
1.645896 8.843415 1
1.564363 8.918695 1
1.904055 7.879086 1
1.837587 7.992599 1
1.796929 7.883687 1
1.317680 8.269543 1
1.451239 8.326179 1
1.309117 8.378160 1
1.066928 8.429412 1
0.849315 6.312347 1
0.956951 6.196434 2
0.972829 6.363189 2
1.961229 7.996693 1
0.191461 9.510171 1
1.398905 8.200853 1
0.607504 6.824253 1
1.103121 8.910573 1
1.767289 8.201658 1
0.247466 7.171700 1
0.311634 7.287780 1
0.190436 7.302215 1
1.500886 7.797293 1
0.950514 7.675474 1
1.592797 9.097786 1
1.669018 9.221201 1
1.548165 9.241406 1
0.124253 7.204134 1
0.616477 8.393044 1
0.473950 8.361743 1
0.795406 8.565123 1
0.908448 8.586155 1
0.411077 9.591169 1
1.250000 10.000000 0
0.000000 8.750000 0
0.883070 7.929007 1
0.997349 7.815324 1
1.146914 7.747867 1
1.091823 7.907299 1
1.258960 7.182138 1
1.125977 7.093374 1
1.247292 7.029595 2
0.546415 8.787341 1
0.990099 8.657994 1
1.687510 7.652841 1
0.142591 9.655199 1
0.283525 9.728330 1
1.464331 9.149743 1
1.402143 8.440618 1
0.196901 9.803100 1
1.965205 8.701877 1
1.431722 9.788975 1
1.492050 9.689928 1
1.728744 8.439555 1
1.596820 8.391994 1
1.118547 7.236432 1
1.287874 8.131318 1
0.864869 8.475965 1
0.555792 6.480118 1
0.661663 6.433148 1
0.692328 6.567451 1
1.561748 8.649764 1
1.608491 9.667698 1
0.000000 7.777778 0
0.000000 7.638889 0
0.155138 7.724136 1
0.553257 7.346814 1
0.094249 7.569445 1
0.526764 8.467170 1
0.596528 6.329490 1
0.575201 6.206668 1
0.293526 8.784400 1
0.441780 8.860373 1
0.333250 8.930343 1
1.181810 8.551363 1
1.220491 8.689522 1
2.307197 8.331261 2
2.207673 8.252357 1
2.310130 8.199123 3
1.596348 8.519858 1
1.544884 8.074590 1
1.334896 9.444846 1
1.348866 9.335640 1
1.469599 9.466022 1
2.222222 10.000000 0
2.083333 10.000000 0
2.155257 9.869110 2
0.506783 7.991428 1
1.497565 9.348309 1
1.071089 8.570249 1
0.323862 6.067037 2
1.684391 8.982583 1
0.000000 6.666667 0
1.126392 6.947610 1
0.987395 6.885596 1
1.114545 6.819599 1
1.015840 6.738435 1
0.283384 7.047626 1
1.361718 8.903855 1
1.337824 8.769677 1
1.458961 8.869428 1
0.751689 6.471792 1
0.465655 6.555604 1
0.886363 6.750875 1
0.414963 8.071552 1
2.023131 9.905187 1
0.356034 9.675016 1
1.802797 9.755301 1
0.225961 8.181989 1
0.211318 9.131266 1
0.294735 9.054495 1
0.369858 9.189230 1
1.266389 7.642892 1
1.177508 7.507638 1
1.326424 7.547935 1
0.529079 9.213453 1
0.322388 8.169227 1
0.983326 8.514839 1
0.371069 6.795438 1
0.864530 9.786017 1
1.283737 7.430814 1
1.204557 7.331199 1
0.435687 8.704444 1
0.235199 7.868153 1
1.051147 8.044083 1
1.144988 8.142914 1
0.981902 8.191603 1
0.732483 6.352259 1
0.721417 6.205487 1
2.079071 7.912491 1
2.120774 7.803924 2
2.198971 7.963866 2
2.006415 7.842937 1
0.997649 7.156612 1
0.906328 7.288684 1
0.844803 7.132699 1
1.390459 7.691524 1
1.501852 7.678027 1
0.694444 10.000000 0
0.555556 10.000000 0
0.632514 9.850994 1
0.000000 9.444445 0
0.000000 9.305555 0
0.147830 9.363488 1
0.739847 7.167933 1
0.668488 7.268610 1
0.630688 7.118028 1
0.714316 9.402905 1
1.090806 7.389845 1
0.795127 8.045098 1
2.177634 8.374730 1
0.229289 9.240767 1
1.247027 9.296149 1
1.236969 9.439577 1
1.445282 9.003757 1
0.191008 8.946526 1
0.270356 6.722905 1
0.241087 6.594317 1
1.838712 9.384990 1
1.918479 9.271042 1
1.973748 9.426676 1
2.070018 9.313602 2
0.712002 9.129732 1
0.756333 7.376606 1
0.669728 7.526626 1
0.642332 7.395194 1
0.695885 8.017605 1
0.840212 6.200315 1
0.832334 8.181274 1
1.894796 8.283788 1
1.796368 8.333261 1
0.532266 7.220194 1
0.563854 7.457312 1
0.000000 7.361111 0
0.081500 7.298603 1
0.115371 7.430360 1
0.636902 8.530614 1
0.817945 9.228610 1
0.705682 9.281222 1
0.208464 7.574777 1
0.250566 7.417533 1
1.687356 9.755663 1
2.126284 8.081773 1
2.057845 8.012397 1
0.323471 7.516419 1
0.487094 9.909638 1
0.086995 9.513889 1
0.362887 6.551648 1
0.814496 7.491768 1
0.000000 6.250000 0
0.000000 6.111111 0
0.144028 6.180555 2
1.818970 9.167747 1
1.952648 9.115278 2
1.212820 9.693766 1
1.355126 9.675912 1
0.000000 7.500000 0
0.830477 9.369934 1
0.838538 9.499920 1
0.493726 8.971506 1
0.404042 9.048648 1
0.000000 9.722222 0
0.000000 9.583333 0
0.416667 10.000000 0
0.277778 10.000000 0
0.347068 9.865978 1
0.481959 6.387649 1
0.311214 6.299680 1
0.113225 6.883154 1
0.000000 7.083333 0
0.141202 7.079720 1
0.804992 8.836111 1
0.390550 8.588207 1
0.499662 8.572626 1
1.751417 7.973350 1
0.790186 7.268943 1
2.213852 8.122400 2
0.303171 7.658401 1
1.154797 9.368364 1
0.000000 7.222222 0
1.944444 10.000000 0
0.000000 8.055555 0
2.084858 8.479953 1
2.011927 8.365358 1
0.598355 8.906145 1
0.957793 6.520961 1
1.070850 6.471199 2
1.860916 8.142054 1
2.010645 8.122132 1
2.029161 9.791840 1
1.497397 8.567036 1
1.155098 7.636156 1
0.984513 8.316355 1
1.030836 9.115532 1
1.126290 9.230981 1
1.010762 9.226134 1
0.929986 7.017158 1
0.862778 6.878037 1
0.804398 6.970953 1
0.115023 7.874085 1
0.833166 6.086993 3
0.972222 10.000000 0
0.000000 9.027778 0
2.055979 8.579137 1
2.019666 8.846539 2
0.996799 7.950277 1
0.492241 9.801861 1
2.074688 8.746455 1
0.930958 7.556477 1
2.018899 9.223706 2
1.004662 8.995338 1
1.463472 7.365602 2
1.630993 7.365955 2
1.532278 7.479693 1
1.878052 8.432953 1
1.824728 8.560706 1
0.664117 6.992033 1
0.692460 6.894339 1
0.768840 6.814992 1
0.799684 6.671224 1
0.323504 6.922027 1
0.479855 6.892079 1
1.747745 8.802259 1
0.736771 7.076329 1
1.155032 9.125547 1
1.040813 7.011794 1
1.623189 9.519094 1
0.964521 9.713545 1
0.954280 9.592237 1
1.942917 9.574646 1
2.075941 9.644622 2
1.928411 9.705174 1
1.263118 8.884799 1
0.299041 8.656504 1
1.334587 7.310613 2
1.058497 9.815688 1
2.106870 8.283138 1
0.920541 7.459746 1
0.930620 9.294585 1
0.973801 9.436555 1
1.054995 9.315080 1
1.396366 7.460019 1
1.205404 8.976017 1
0.633174 9.197259 1
0.592068 9.076138 1
1.976478 7.746914 2
1.021153 7.292825 1
2.228667 8.455847 1
0.564581 9.714310 1
0.683349 7.644981 1
1.288095 7.776429 1
0.849335 6.431480 1
0.213930 8.846450 1
1.675653 7.515348 2
1.429399 8.087277 1
2.118436 9.423791 2
2.037016 9.517852 2
0.831033 6.551325 1
0.953595 8.408203 1
1.236438 6.883706 2
0.717251 6.064655 2
0.605128 6.093863 2
0.000000 7.916667 0
1.713748 9.647942 1
1.746946 9.550308 1
0.000000 10.000000 0
0.000000 9.861111 0
0.107824 9.892176 1
0.138889 10.000000 0
1.151346 9.895024 1
0.106092 8.849491 1
1.358403 9.543875 1
1.443864 9.592309 1
0.911069 9.174496 1
1.887306 8.627846 1
1.062614 9.535784 1
1.717935 9.096978 1
2.015341 8.240054 1
1.451279 7.567094 1
0.352246 6.389323 1
1.311718 8.993432 1
0.114363 6.303110 1
1.831896 9.622097 1
1.853158 9.498068 1
0.215323 6.379928 1
0.286639 6.485198 1
0.145565 6.498655 1
0.000000 6.527778 0
0.101550 6.405153 1
0.201777 6.955204 1
0.241448 6.843279 1
0.759233 9.770711 1
1.943088 8.197810 1
1.258936 9.570167 1
1.955428 8.552999 1
0.480838 9.114609 1
0.389819 9.757821 1
0.000000 6.388889 0
1.153550 9.786070 1
0.220797 6.099459 2
0.217860 6.270355 1
1.346873 9.100210 1
0.091278 9.780123 1
0.213692 9.912251 1
1.301408 8.605935 1
1.426698 8.649664 1
0.599666 9.312307 1
1.164663 6.531327 2
1.205009 6.635832 2
1.071071 6.610753 1
1.076383 9.418751 1
1.128930 6.714970 1
2.126009 9.752971 2
1.974128 8.457271 1
0.923397 8.056890 1
1.079324 9.680214 1
0.000000 8.888889 0
1.111111 10.000000 0
0.084081 6.578643 1
1.575904 7.604143 1
1.642432 7.990613 1
1.049190 7.700259 1
1.534460 9.581480 1
2.158822 8.828609 2
0.935367 6.645044 1
1.345869 9.212654 1
1.750976 8.080727 1
1.444916 9.260551 1
0.418895 6.471860 1
0.719683 8.890155 1
1.793636 7.572269 2
1.142776 9.493199 1
1.345919 7.083216 2
1.149933 9.600081 1
0.000000 6.944445 0
0.093535 6.987447 1
1.404965 8.536551 1
1.305023 8.488237 1
1.226046 6.755610 2
1.703635 7.898520 1
1.031805 7.484908 1
1.056095 7.595831 1
1.363342 7.185035 2
0.418376 8.475342 1
0.981706 7.387838 1
0.857799 7.383876 1
0.092829 7.983811 1
1.842852 7.773014 1
1.878363 7.667325 2
0.575413 6.917888 1
1.117910 9.027727 1
0.455960 9.693076 1
1.782536 7.690072 1
1.497119 8.467815 1
1.229989 9.066641 1
0.084204 8.953752 1
1.047968 9.918360 1
1.242998 9.176913 1
2.113444 8.183642 1
2.344554 8.463660 2
 0 1 2
 1 3 2
 4 5 6
 7 8 9
 10 11 12
 13 14 15
 16 17 18
 19 20 21
 22 23 24
 25 24 23
 26 27 28
 29 27 26
 30 31 32
 33 5 4
 13 34 14
 35 36 37
 38 39 40
 41 24 42
 43 33 44
 45 46 47
 48 49 50
 51 52 53
 54 53 52
 55 56 57
 58 57 56
 59 60 61
 62 63 64
 65 66 67
 10 12 68
 69 70 71
 72 73 74
 75 76 77
 78 79 80
 81 82 83
 84 85 86
 87 88 89
 90 91 92
 93 15 14
 16 18 94
 20 95 21
 34 96 14
 14 96 97
 98 64 63
 99 40 100
 101 23 102
 103 104 105
 29 106 27
 107 102 23
 108 109 110
 111 100 40
 112 31 113
 114 115 116
 111 117 118
 119 120 121
 122 123 124
 125 126 127
 128 129 130
 122 121 123
 59 61 131
 132 133 134
 125 135 126
 136 27 106
 128 137 129
 138 18 17
 112 139 31
 54 52 140
 141 142 143
 43 44 144
 65 145 66
 146 147 148
 141 143 149
 62 150 151
 30 152 153
 29 154 106
 75 155 76
 156 78 80
 90 66 157
 158 159 160
 6 160 159
 161 162 163
 7 9 164
 103 147 104
 30 165 31
 108 166 109
 167 106 168
 146 148 169
 170 130 129
 30 8 152
 171 167 168
 172 57 120
 173 174 37
 54 175 176
 161 177 162
 178 5 33
 114 116 179
 180 181 182
 90 92 67
 119 121 183
 184 37 174
 185 186 187
 82 188 83
 186 189 187
 190 151 150
 191 71 192
 193 194 195
 178 128 60
 113 196 197
 198 199 200
 119 183 201
 51 202 52
 30 9 8
 203 204 205
 206 207 208
 98 63 209
 205 204 210
 90 67 66
 211 196 113
 69 212 70
 146 124 213
 81 142 82
 72 214 73
 215 216 217
 218 217 216
 12 11 219
 220 221 222
 223 182 181
 16 94 224
 218 216 225
 226 42 24
 207 227 208
 228 106 154
 229 47 46
 230 50 49
 231 232 233
 234 235 236
 237 26 233
 28 233 26
 118 117 238
 211 165 239
 240 94 18
 16 180 182
 99 80 79
 173 77 76
 54 176 53
 231 86 85
 241 89 88
 242 235 243
 173 37 77
 99 79 40
 193 244 194
 153 239 165
 41 245 24
 246 247 248
 59 248 247
 132 249 250
 251 252 253
 125 254 135
 251 135 254
 255 256 257
 258 259 144
 260 261 262
 263 264 265
 266 267 268
 38 40 79
 36 77 37
 13 269 34
 35 37 46
 39 50 40
 61 60 130
 270 243 235
 122 222 221
 90 157 271
 198 272 199
 231 233 273
 274 204 275
 122 124 222
 146 276 124
 124 123 213
 277 232 85
 158 157 66
 240 278 94
 279 94 278
 280 281 282
 283 282 281
 284 2 3
 285 286 287
 271 64 288
 141 219 11
 132 250 289
 290 248 116
 291 292 140
 267 293 268
 101 102 286
 294 286 102
 295 296 297
 226 209 63
 44 258 144
 7 298 8
 284 299 300
 301 297 302
 111 40 117
 184 303 37
 304 305 253
 301 302 306
 261 307 262
 263 265 308
 279 309 94
 285 310 286
 301 187 189
 311 312 313
 314 315 281
 316 317 76
 173 76 317
 251 253 305
 58 213 123
 318 295 297
 319 320 269
 34 269 320
 62 118 63
 62 151 118
 321 322 195
 194 321 195
 226 63 118
 323 324 167
 325 326 327
 122 183 121
 191 328 71
 111 118 151
 69 71 329
 178 60 247
 72 74 330
 331 332 149
 178 137 128
 30 32 333
 334 335 244
 7 244 335
 51 129 137
 336 127 126
 256 337 257
 304 253 338
 22 187 339
 301 339 187
 274 275 340
 341 331 149
 30 153 165
 226 118 238
 25 92 91
 128 130 60
 342 45 47
 48 343 49
 344 345 272
 346 194 164
 347 134 348
 349 135 350
 351 208 227
 290 64 271
 352 201 183
 231 85 232
 234 353 235
 248 354 116
 346 321 194
 161 243 177
 114 152 298
 98 288 64
 355 356 357
 216 358 359
 360 359 358
 8 298 152
 185 187 361
 62 64 115
 362 133 289
 132 289 133
 71 70 192
 211 113 165
 294 83 188
 215 163 162
 346 164 9
 363 87 89
 84 364 85
 172 365 19
 172 366 57
 101 92 23
 158 367 157
 136 308 265
 368 262 307
 172 19 369
 65 310 370
 281 315 371
 372 32 139
 31 139 32
 255 162 177
 54 140 292
 108 144 259
 373 374 375
 376 377 175
 119 175 377
 360 378 379
 138 17 380
 381 380 17
 12 382 383
 240 383 382
 25 23 92
 120 57 384
 360 385 378
 349 291 140
 242 236 235
 143 297 296
 386 356 355
 285 267 337
 266 337 267
 215 387 216
 246 5 247
 360 358 257
 103 388 205
 241 96 389
 390 389 96
 191 250 249
 376 291 345
 391 392 393
 351 393 392
 251 305 135
 220 394 221
 62 115 150
 112 394 139
 322 233 232
 22 245 187
 22 339 23
 107 23 339
 99 395 80
 193 80 395
 161 396 243
 397 89 389
 158 66 145
 203 275 204
 41 42 49
 230 49 42
 229 393 47
 351 47 393
 272 345 398
 399 370 310
 319 400 401
 402 401 400
 294 287 286
 242 396 403
 373 403 396
 319 401 320
 390 320 401
 230 238 117
 404 139 394
 360 257 385
 373 375 403
 284 405 406
 284 406 2
 381 225 380
 280 105 104
 284 300 405
 407 252 254
 260 262 88
 264 86 265
 246 160 5
 319 300 299
 255 408 256
 344 409 20
 368 410 262
 97 262 410
 237 406 405
 74 73 278
 279 278 73
 346 2 406
 324 308 167
 325 327 307
 65 67 411
 234 412 159
 6 159 412
 132 413 249
 223 249 413
 344 272 409
 193 195 414
 82 142 11
 415 375 374
 290 116 115
 119 377 120
 178 33 416
 282 417 418
 223 419 182
 420 179 116
 241 389 89
 319 269 300
 114 150 115
 136 167 308
 368 307 327
 215 421 163
 43 416 33
 349 126 135
 362 250 422
 423 422 250
 178 247 5
 424 185 361
 184 388 425
 426 425 388
 362 289 250
 427 428 429
 427 429 430
 136 265 27
 28 27 265
 283 417 282
 28 273 233
 155 431 76
 156 80 432
 423 250 192
 191 192 250
 280 104 281
 314 281 104
 65 411 286
 360 379 380
 240 18 383
 203 205 433
 434 433 205
 55 315 56
 314 56 315
 284 3 299
 372 355 1
 435 1 355
 172 120 436
 61 196 131
 211 131 196
 58 384 57
 390 96 320
 34 320 96
 65 286 310
 290 115 64
 216 359 225
 390 401 437
 314 438 56
 439 345 291
 440 403 375
 71 328 441
 101 286 411
 255 177 408
 220 276 442
 29 26 15
 55 57 366
 311 313 443
 360 380 359
 391 444 445
 446 447 448
 279 448 447
 449 450 448
 112 221 394
 451 330 452
 97 453 262
 28 265 273
 255 387 162
 349 350 454
 45 35 46
 39 48 50
 187 245 361
 347 413 134
 138 380 379
 6 5 160
 43 144 110
 316 455 317
 172 456 365
 237 457 406
 7 335 298
 440 258 236
 346 406 321
 141 149 332
 22 24 245
 368 327 458
 270 177 243
 138 383 18
 449 459 450
 277 195 232
 146 438 147
 314 104 147
 143 142 302
 255 358 387
 316 76 460
 193 414 80
 103 148 147
 313 461 69
 462 313 69
 463 442 276
 171 464 167
 326 465 327
 171 327 465
 323 167 464
 58 56 213
 378 268 68
 10 68 268
 372 1 32
 0 32 1
 87 260 88
 264 84 86
 466 197 196
 74 452 330
 121 120 384
 98 209 91
 122 467 183
 237 468 26
 13 26 468
 13 468 269
 300 269 468
 469 470 471
 401 472 437
 13 15 26
 234 236 258
 314 147 438
 228 168 106
 25 209 24
 226 24 209
 471 470 473
 141 11 142
 220 222 276
 81 302 142
 59 131 354
 402 472 401
 463 276 169
 285 287 267
 193 395 244
 334 244 395
 351 474 208
 376 345 475
 242 243 396
 426 445 444
 157 476 271
 82 11 293
 10 293 11
 381 182 419
 397 389 477
 478 156 432
 155 479 431
 122 221 467
 290 476 248
 279 480 448
 459 311 443
 171 168 327
 136 106 167
 434 174 317
 173 317 174
 176 175 201
 119 201 175
 270 408 177
 99 100 395
 334 395 100
 290 271 476
 415 166 481
 376 456 377
 43 110 482
 266 257 337
 194 244 164
 420 354 131
 391 418 392
 146 169 276
 7 164 244
 158 160 367
 172 369 366
 10 268 293
 391 445 282
 280 282 445
 234 159 353
 451 219 332
 141 332 219
 158 483 159
 352 183 467
 229 303 425
 434 205 484
 97 96 453
 229 425 444
 114 298 150
 241 453 96
 455 433 317
 19 21 369
 485 369 21
 381 486 225
 101 411 92
 67 92 411
 463 169 487
 56 438 213
 336 488 482
 52 482 488
 426 105 445
 489 169 148
 490 441 328
 280 445 105
 124 276 222
 30 333 9
 12 383 68
 322 457 233
 237 233 457
 402 357 356
 346 9 491
 415 492 166
 489 210 204
 31 165 113
 246 248 476
 415 481 375
 44 33 4
 223 413 419
 191 180 328
 489 487 169
 426 388 105
 103 205 210
 466 467 221
 157 367 476
 103 105 388
 59 247 60
 59 354 248
 493 437 472
 390 477 389
 262 453 88
 265 86 273
 316 460 477
 397 477 460
 279 73 480
 71 441 329
 351 392 474
 279 447 309
 490 180 224
 16 224 180
 161 163 494
 40 50 117
 37 303 46
 230 117 50
 229 46 303
 93 14 410
 381 419 486
 44 412 258
 234 258 412
 316 477 495
 316 495 455
 496 72 330
 51 416 202
 301 189 297
 318 297 189
 205 388 484
 391 393 444
 349 454 291
 439 291 454
 255 257 358
 216 387 358
 440 375 481
 112 197 221
 466 221 197
 331 497 332
 466 498 467
 76 431 460
 80 414 432
 466 499 498
 215 217 421
 500 421 217
 108 481 166
 376 292 291
 178 416 137
 283 281 371
 277 414 195
 391 282 418
 434 317 433
 423 192 70
 65 370 145
 322 321 457
 406 457 321
 246 476 367
 190 150 298
 331 496 497
 107 306 83
 226 238 42
 493 275 455
 203 455 275
 376 475 456
 344 456 475
 319 299 400
 347 348 471
 469 471 348
 108 110 144
 43 482 202
 344 365 456
 36 75 77
 78 38 79
 172 436 456
 109 501 110
 190 298 335
 54 292 175
 203 433 455
 270 235 502
 503 502 235
 390 437 477
 376 175 292
 446 448 450
 490 328 180
 191 181 180
 493 455 495
 143 302 297
 301 306 339
 107 339 306
 90 271 288
 52 202 482
 112 113 197
 439 398 345
 161 504 396
 81 83 306
 190 505 151
 111 151 505
 435 400 299
 449 448 480
 256 506 507
 16 182 17
 381 17 182
 186 318 189
 215 162 387
 424 361 508
 41 508 361
 184 484 388
 125 509 407
 510 407 509
 138 511 383
 207 342 227
 343 424 508
 266 385 257
 503 235 353
 326 430 465
 428 323 464
 146 213 438
 342 47 227
 343 508 49
 97 410 14
 274 340 356
 402 356 340
 95 20 409
 347 471 486
 218 486 471
 41 49 508
 351 227 47
 380 225 359
 0 333 32
 451 332 497
 459 443 450
 43 202 416
 211 239 131
 420 131 239
 176 129 53
 372 512 355
 386 355 512
 51 137 416
 261 325 307
 324 263 308
 214 449 480
 93 410 513
 218 225 486
 109 166 514
 176 515 129
 170 129 515
 132 134 413
 404 516 512
 386 512 516
 246 367 160
 322 232 195
 51 53 129
 199 272 398
 229 444 393
 364 478 517
 479 363 518
 344 475 345
 198 409 272
 81 306 302
 295 341 296
 120 377 436
 446 441 447
 503 145 370
 463 487 519
 41 361 245
 435 299 3
 231 273 86
 241 88 453
 107 83 102
 420 116 354
 463 519 516
 274 487 204
 489 204 487
 69 329 462
 399 507 506
 500 217 473
 218 473 217
 347 419 413
 485 366 369
 158 145 483
 251 254 252
 166 492 514
 52 488 140
 334 505 335
 256 408 506
 29 15 154
 93 154 15
 304 520 350
 439 350 520
 285 337 507
 256 507 337
 478 432 517
 277 517 432
 479 518 431
 397 431 518
 503 483 145
 218 471 473
 372 139 512
 404 512 139
 347 486 419
 440 259 258
 490 447 441
 190 335 505
 25 91 209
 446 450 443
 153 179 239
 440 236 403
 490 309 447
 294 102 83
 346 491 2
 0 2 491
 440 481 259
 61 499 196
 466 196 499
 446 329 441
 446 443 462
 451 452 382
 451 382 219
 12 219 382
 428 464 429
 430 429 465
 378 385 268
 228 513 458
 285 507 310
 399 310 507
 214 480 73
 446 462 329
 435 357 400
 402 400 357
 503 353 483
 159 483 353
 230 42 238
 456 436 377
 313 462 443
 44 4 412
 6 412 4
 352 467 498
 402 340 472
 336 482 501
 110 501 482
 510 514 492
 184 174 484
 434 484 174
 334 100 505
 435 3 1
 170 498 499
 451 497 330
 352 515 201
 341 149 296
 420 239 179
 368 513 410
 493 340 275
 242 403 236
 363 89 518
 364 517 85
 228 458 168
 435 355 357
 90 288 91
 184 425 303
 103 210 148
 125 407 254
 228 154 513
 93 513 154
 176 201 515
 9 333 491
 111 505 100
 98 91 288
 74 278 452
 240 452 278
 143 296 149
 503 370 502
 397 460 431
 277 432 414
 426 444 425
 496 330 497
 493 472 340
 237 405 468
 300 468 405
 439 454 350
 61 130 499
 170 499 130
 277 85 517
 397 518 89
 171 429 464
 171 465 429
 399 502 370
 266 268 385
 135 305 350
 304 350 305
 191 249 181
 223 181 249
 489 148 210
 378 511 379
 138 379 511
 349 488 126
 153 152 179
 199 338 200
 108 259 481
 404 394 442
 490 224 309
 94 309 224
 58 123 384
 121 384 123
 82 293 188
 267 188 293
 378 68 511
 383 511 68
 220 442 394
 274 356 519
 386 519 356
 349 140 488
 274 519 487
 69 461 212
 368 458 513
 500 473 470
 125 127 509
 109 509 127
 198 521 409
 95 409 521
 477 437 495
 352 498 515
 336 126 488
 270 506 408
 0 491 333
 493 495 437
 270 502 506
 399 506 502
 170 515 498
 386 516 519
 240 382 452
 114 179 152
 404 442 516
 267 287 188
 294 188 287
 109 127 501
 109 514 509
 439 520 398
 199 398 520
 327 168 458
 463 516 442
 510 509 514
 344 20 365
 199 520 338
 304 338 520
 336 501 127
 19 365 20
 161 494 504
 0
 0
 0
 7
 423 362 313 70 422 461 212
 0
 0
 0
 0
 16
 198 283 55 485 95 208 392 315 366 21 521 200 474 417 418 371
 22
 469 373 510 415 362 500 133 374 253 163 396 407 421 348 492 252 134 200 470 338 494 504
 0
 0
 0
 0
