526 960
0.396185 2.183249 1
0.485793 2.257014 1
0.408222 2.362005 1
1.124692 2.502292 1
1.228799 2.671952 1
1.078740 2.622919 1
1.260920 2.524205 1
0.307372 2.242768 1
1.891838 1.660905 1
1.812134 1.749249 1
1.768777 1.588196 1
1.715435 1.715435 1
1.754323 2.040810 1
1.758451 2.202305 1
1.616540 2.144050 1
2.224255 0.306330 1
2.388637 0.301507 1
2.347324 0.430043 1
0.322056 2.511587 1
0.277052 2.371028 1
1.941770 2.558034 1
1.986268 2.386796 1
2.062971 2.489299 1
0.454521 2.808389 1
0.571388 2.861906 2
0.452134 2.950124 2
2.234407 0.657481 1
2.120073 0.575014 1
2.240137 0.511258 1
1.127248 1.726203 1
1.287513 1.779542 1
1.172185 1.879920 1
1.512000 3.028704 1
1.638329 2.981352 1
1.652687 3.096948 1
1.198950 0.801339 1
1.130480 0.928674 1
1.047596 0.816552 1
1.860394 2.484539 1
0.790780 1.521364 1
0.866223 1.686136 1
0.720848 1.668843 1
2.287620 1.524415 2
2.169859 1.495364 1
2.254541 1.369898 2
2.344383 2.780520 1
2.410020 2.636260 2
2.463959 2.742223 2
1.616217 1.525900 1
1.625544 1.659426 1
2.260671 2.687577 1
1.626288 2.311020 1
1.334896 0.555154 1
1.426591 0.410512 1
1.466554 0.565998 1
1.919936 1.270345 1
1.755492 1.254920 1
1.871586 1.127154 1
1.739587 1.082100 1
2.271795 0.209714 1
0.215148 2.456833 1
1.527778 0.000000 0
1.666667 0.000000 0
1.589848 0.164068 1
0.000000 1.666667 0
0.000000 1.527778 0
0.166367 1.576067 1
0.929934 2.639890 1
0.910989 2.774923 2
0.801785 2.672930 2
1.774427 3.040984 1
1.793190 3.163004 2
2.339659 0.578731 1
1.946766 2.013768 1
1.849528 1.959829 1
1.990244 1.885894 1
1.305229 0.389658 1
0.571555 2.580719 1
0.703462 2.592797 1
0.657172 2.726656 2
0.985853 1.824786 1
1.035779 1.969255 1
0.868734 0.211318 1
0.964521 0.286455 1
0.812346 0.369957 1
1.582600 0.637034 1
1.586031 0.794422 1
1.444892 0.702479 1
1.455321 0.867097 1
1.700395 1.421035 1
1.848912 1.412530 1
1.805556 0.000000 0
1.903467 0.135013 1
1.734081 0.126238 1
0.000000 1.805556 0
0.127251 1.739763 1
0.133506 1.909086 1
1.218172 1.198164 1
1.350614 1.261764 1
1.181875 1.340844 1
1.529652 2.930318 1
0.311474 0.668788 1
0.467381 0.608861 1
0.442229 0.729840 1
1.669384 2.508442 1
1.783510 2.581631 1
1.639057 2.657163 1
1.573964 2.558412 1
1.950579 1.542280 1
2.293576 2.914561 2
2.211674 2.801809 1
2.157629 2.901798 2
0.000000 1.388889 0
0.149972 1.286949 1
0.099357 1.458333 1
1.388889 0.000000 0
1.451688 0.102339 1
1.291612 0.150376 1
0.325970 2.789191 1
0.430034 2.642692 1
1.900319 2.246005 1
2.059149 2.222981 1
1.618358 0.331709 1
1.559231 0.486486 1
1.495906 0.308210 1
1.969311 1.019273 1
2.061746 0.892063 1
2.102736 1.025609 1
0.339635 1.612239 1
0.418746 1.759923 1
0.268489 1.723210 1
0.833333 0.000000 0
0.952749 0.121463 1
0.771428 0.118995 1
0.000000 0.833333 0
0.118995 0.771428 1
0.121463 0.952749 1
0.900401 1.538032 1
1.864834 2.669803 1
0.375573 0.517925 1
0.579927 1.330083 1
0.693155 1.242052 1
0.699880 1.394122 1
2.322065 1.125849 1
2.203482 1.235145 1
2.203379 1.083952 1
1.224287 0.296905 1
1.202538 0.454328 1
1.086883 0.329925 1
1.204282 1.580212 1
1.276246 1.667205 1
1.604082 1.158693 1
0.210360 1.430914 1
0.309166 1.491194 1
0.816208 2.523963 1
0.269519 0.553090 1
0.268505 0.404020 1
1.859522 1.853826 1
0.916679 1.238047 1
0.965835 1.099162 1
1.031494 1.177436 1
1.454482 2.360494 1
1.366972 2.232490 1
1.514913 2.246294 1
0.000000 2.638889 0
0.000000 2.500000 0
0.156563 2.564223 1
2.500000 0.000000 0
2.638889 0.000000 0
2.580803 0.155104 1
0.691302 2.067234 1
0.783778 1.939588 1
0.854382 2.058358 1
0.575569 2.333369 1
0.555307 2.449255 1
0.990665 2.513189 1
0.651550 1.897666 1
2.446260 0.545086 1
1.083317 1.567965 1
0.191461 0.489829 1
1.345006 0.811477 1
1.279948 1.975235 1
1.295532 2.101532 1
1.163028 2.022084 1
0.340190 0.827867 1
0.859163 1.097124 1
1.556893 1.896948 1
1.426256 1.824901 1
1.530432 1.733837 1
0.562077 1.993732 1
0.409535 0.412463 1
0.000000 1.250000 0
1.250000 0.000000 0
0.097560 2.702323 1
2.705536 0.097139 2
0.142591 0.344801 1
0.293416 0.264023 1
0.507339 1.134566 1
0.563142 0.991858 1
0.619008 1.146263 1
0.196901 0.196901 1
2.114829 1.161689 1
1.428417 0.211565 1
1.287793 2.335515 1
1.414853 1.981967 1
1.679207 2.789721 1
1.508932 2.776086 1
1.619870 2.889459 1
0.963276 0.910615 1
2.344617 1.257511 2
1.781925 2.355033 1
0.494141 0.194617 1
0.426389 0.291239 1
0.354120 0.138728 1
0.796502 2.183070 1
0.955972 0.412901 1
0.651486 1.530363 1
1.355590 2.757757 1
1.427904 2.896766 1
1.250350 2.823003 1
2.529763 0.315156 1
2.496198 0.441729 1
0.458728 2.509269 1
0.998214 1.483394 1
1.034647 1.338494 1
1.096392 1.437640 1
0.914497 1.418791 1
1.552569 3.145017 2
0.303327 2.643407 1
0.204520 2.705582 1
2.201414 0.412802 1
1.907914 3.243223 2
1.904876 3.102249 1
2.029438 3.159523 2
1.612268 1.306570 1
0.705132 1.066432 1
2.083333 0.000000 0
2.222222 0.000000 0
2.155499 0.130976 1
0.000000 2.222222 0
0.000000 2.083333 0
0.130890 2.155257 1
0.677595 0.299934 1
0.644156 0.449829 1
0.555341 0.298229 1
0.519273 0.410918 1
1.105655 2.816049 1
1.152034 2.918720 2
1.013140 2.883109 2
1.276167 2.941524 1
1.311510 1.415828 1
0.587877 1.751007 1
0.528754 1.862419 1
2.705582 0.204520 2
2.647284 0.296403 1
1.322060 0.701230 1
0.325855 1.831504 1
1.321646 1.882507 1
1.352674 2.447920 1
1.353049 2.614886 1
0.729831 1.793274 1
0.800232 1.190266 1
0.810924 1.353468 1
1.072271 2.401469 1
0.922144 2.388603 1
1.464859 2.537365 1
1.029407 2.740659 1
1.179332 2.145504 1
1.980043 3.005756 1
2.100081 2.995924 2
1.019990 1.005327 1
1.627476 1.784595 1
1.940146 0.871278 1
0.360182 2.896423 1
1.126688 0.709832 1
2.023181 0.094830 1
0.092829 2.016189 1
0.349809 0.337138 1
1.802902 0.244661 1
0.226299 1.817828 1
1.284990 0.997983 1
1.130524 1.080647 1
1.453294 2.143997 1
2.138441 0.481055 1
0.213983 0.864530 1
1.866400 2.102868 1
1.636586 1.009266 1
1.732573 0.938516 1
2.305499 2.586493 1
2.329350 2.436040 1
2.447927 2.498250 2
1.717798 1.875217 1
0.555556 0.000000 0
0.694444 0.000000 0
0.624231 0.153507 1
0.000000 0.694444 0
0.000000 0.555556 0
0.152226 0.623898 1
0.420917 1.928146 1
2.065522 1.484890 1
2.097991 1.597253 1
2.429618 2.873436 2
1.638687 2.005035 1
1.710454 0.548027 1
0.849068 1.832281 1
2.650289 0.424858 2
2.789191 0.325970 2
1.536053 2.034399 1
0.580966 1.624627 1
1.998213 1.664424 1
0.759233 0.229289 1
1.687407 3.196637 2
1.494737 1.249506 1
1.464182 1.376227 1
1.846440 0.980156 1
1.341398 0.280135 1
1.831876 0.613857 1
1.973511 0.573318 1
1.925536 0.727707 1
2.071491 0.687137 1
1.002043 1.704599 1
1.580054 1.423513 1
1.117136 0.585166 1
0.943857 0.568149 1
1.061277 0.470094 1
1.728074 0.715074 1
0.590910 1.441185 1
1.345885 1.133201 1
0.568243 1.226271 1
1.645534 0.899312 1
1.544757 0.940892 1
0.537335 2.709244 1
1.507207 1.487833 1
0.878031 0.714775 1
0.778876 0.819733 1
0.717826 0.702975 1
1.691617 0.243349 1
2.057900 2.608670 1
2.111815 2.711766 1
1.976511 2.685504 1
2.005661 2.793774 1
0.472575 1.652194 1
0.487143 0.090776 1
0.086995 0.486111 1
2.581689 0.570891 2
1.572444 2.445432 1
0.630066 0.830477 1
0.492288 0.849073 1
0.592840 0.709844 1
0.786546 0.529079 1
1.818970 0.832252 1
1.244893 1.102499 1
0.277778 0.000000 0
0.416667 0.000000 0
0.000000 0.416667 0
0.000000 0.277778 0
1.672118 0.432130 1
1.115047 1.241050 1
2.107658 2.346035 1
0.390641 1.407513 1
0.441784 1.278391 1
0.496440 1.418488 1
1.910382 2.878036 1
1.864057 2.985655 1
1.750556 2.901249 1
1.129870 2.711843 1
1.458757 1.139654 1
2.087509 2.079071 1
2.189418 2.140769 2
2.199541 2.264792 1
1.882226 2.368093 1
1.944444 0.000000 0
0.000000 1.944444 0
2.162515 0.902203 1
2.171318 2.578232 1
1.994545 1.394618 1
0.208161 2.029161 1
2.029161 0.208161 1
1.928613 1.772891 1
2.105972 2.821742 1
2.241171 2.489126 1
2.440845 1.158403 2
1.223186 0.559792 1
0.910307 0.820293 1
0.972222 0.000000 0
0.000000 0.972222 0
1.226026 0.652913 1
1.003319 0.703230 1
2.420148 1.007251 2
1.021242 2.290112 1
0.000000 2.916667 0
0.000000 2.777778 0
0.126715 2.825142 1
1.414830 1.003783 1
0.897737 2.261121 1
0.407763 0.954280 1
0.280749 0.962352 1
0.799050 1.004161 1
2.026828 0.785144 1
2.076653 0.355921 1
1.928411 0.294825 1
1.942917 0.425354 1
0.338355 2.037788 1
0.294825 1.928411 1
0.304244 1.212124 1
0.299258 1.339156 1
0.804001 0.635863 1
1.058497 0.184312 1
0.184312 1.058497 1
1.434055 2.688274 1
1.524075 2.643659 1
0.711231 0.936692 1
0.437769 1.057717 1
0.785964 2.303798 1
0.769742 2.412311 1
0.588144 0.588144 1
0.513241 0.509499 1
2.463426 0.213157 1
2.378560 0.187229 1
1.412666 1.711518 1
2.037129 0.482115 1
1.807906 2.804029 1
0.967330 1.604430 1
1.494926 1.608590 1
1.201904 1.471797 1
2.173393 0.790393 1
1.755678 2.469362 1
0.990084 2.182014 1
0.891994 2.156935 1
0.961750 2.062615 1
1.069861 2.093642 1
0.000000 0.000000 0
0.138889 0.000000 0
0.114254 0.114254 1
0.000000 0.138889 0
0.877952 0.476651 1
1.297043 1.547593 1
1.152123 0.105043 1
0.104976 1.151346 1
0.668522 2.223001 1
0.594302 2.129804 1
0.468229 2.064114 1
1.998749 1.156131 1
2.361111 0.000000 0
2.439367 0.106791 1
2.293406 0.104691 1
0.000000 2.361111 0
0.104577 2.288904 1
0.107604 2.436661 1
1.355461 3.026949 1
1.200760 3.029277 2
1.282266 3.134658 2
1.683176 2.417166 1
1.708324 0.828011 1
0.694410 0.592424 1
0.000000 3.055556 0
0.108668 2.953682 2
1.854079 0.501035 1
1.834179 0.376955 1
0.227374 0.751302 1
0.500699 2.168376 1
1.396836 1.506192 1
2.060268 1.266113 1
2.130070 1.378753 1
0.912848 1.945715 1
2.307020 0.783294 1
1.201700 2.419512 1
1.153550 0.213930 1
0.213930 1.153550 1
0.188829 2.366446 1
0.216388 0.089976 1
0.091278 0.219877 1
0.829501 0.908576 1
2.310028 0.998124 1
1.378407 1.612362 1
1.887796 2.758913 1
1.770466 2.711713 1
1.982508 2.110129 1
2.214086 0.980023 1
2.157194 2.450393 1
0.264624 2.150678 1
2.132638 0.245777 1
2.262382 0.888277 1
2.540833 2.848108 3
1.759653 0.444356 1
0.319502 1.079225 1
0.000000 1.111111 0
1.111111 0.000000 0
0.670592 2.459717 1
2.460347 0.671721 2
1.268035 0.888256 1
0.246848 2.913737 2
1.532904 1.058559 1
1.160633 2.284393 1
2.352547 0.687952 1
1.719057 0.348415 1
2.033170 1.767027 1
0.526815 1.532871 1
2.401212 0.886268 2
0.688612 2.346434 1
2.314073 2.205104 2
2.321094 2.322698 2
1.253819 2.221075 1
2.226640 2.377940 1
0.402869 1.155797 1
0.416624 1.526584 1
1.826902 0.719624 1
2.148384 1.913549 2
2.044647 2.000212 1
2.129306 1.804879 2
2.168581 2.022651 2
1.422505 3.123403 2
0.565144 2.223985 1
0.208869 2.269420 1
0.226583 2.806432 1
2.043079 2.899563 1
2.200007 1.619631 2
1.357789 0.913241 1
0.321435 3.020672 2
2.442154 2.377958 2
1.047968 0.081641 1
0.081641 1.047968 1
1.084230 2.199133 1
0.904912 1.004763 1
2.112085 1.701302 2
2.416507 0.770873 2
 0 1 2
 3 4 5
 6 4 3
 7 0 2
 8 9 10
 10 9 11
 12 13 14
 15 16 17
 18 19 2
 20 21 22
 23 24 25
 26 27 28
 29 30 31
 32 33 34
 35 36 37
 38 21 20
 39 40 41
 42 43 44
 45 46 47
 48 10 49
 45 50 46
 10 11 49
 51 14 13
 52 53 54
 55 56 57
 58 57 56
 15 59 16
 18 60 19
 61 62 63
 64 65 66
 67 68 69
 70 71 34
 72 26 28
 73 74 75
 52 76 53
 77 78 79
 29 31 80
 81 80 31
 82 83 84
 85 86 87
 88 87 86
 89 90 10
 91 92 93
 94 95 96
 97 98 99
 32 100 33
 101 102 103
 104 105 106
 107 104 106
 108 10 90
 55 90 56
 89 56 90
 45 109 110
 111 110 109
 112 113 114
 115 116 117
 23 118 119
 120 121 21
 122 123 124
 53 124 123
 125 126 127
 128 129 130
 131 132 133
 134 135 136
 39 137 40
 138 105 20
 101 139 102
 140 141 142
 143 144 145
 146 147 148
 29 149 150
 29 150 30
 58 56 151
 152 153 66
 154 67 69
 139 155 156
 74 157 75
 158 159 160
 161 162 163
 128 66 153
 164 165 166
 167 168 169
 170 171 172
 79 78 69
 173 174 2
 154 175 67
 170 176 171
 72 17 177
 29 178 149
 85 87 54
 179 156 155
 88 180 87
 181 182 183
 101 103 184
 158 185 159
 186 187 188
 170 189 176
 139 156 190
 112 191 113
 192 115 117
 89 10 48
 164 166 193
 168 194 169
 195 196 156
 108 8 10
 197 198 199
 200 196 195
 201 145 144
 202 63 124
 203 162 161
 20 105 38
 186 204 187
 106 205 206
 207 206 205
 37 36 208
 122 124 63
 209 144 143
 51 13 210
 211 212 213
 213 212 196
 170 172 214
 215 84 83
 39 216 142
 217 218 219
 52 147 76
 16 220 221
 17 16 221
 18 2 222
 223 224 225
 226 224 223
 32 34 227
 18 228 166
 229 166 228
 5 67 175
 15 17 230
 231 232 233
 89 234 56
 235 199 198
 236 237 238
 239 240 241
 242 243 244
 245 244 243
 101 155 139
 246 247 248
 249 219 218
 250 99 98
 251 176 252
 253 254 169
 220 169 254
 7 2 19
 255 52 87
 129 256 130
 204 257 187
 87 52 54
 6 258 259
 251 260 176
 141 261 262
 263 175 264
 265 259 258
 5 266 67
 267 183 182
 268 269 233
 270 208 36
 186 188 271
 231 71 232
 125 272 126
 23 25 273
 158 262 261
 35 37 274
 236 238 275
 240 276 241
 277 190 156
 278 93 92
 279 96 95
 280 281 36
 282 14 163
 51 163 14
 158 160 224
 152 114 113
 202 117 116
 283 28 27
 53 123 54
 82 133 132
 284 136 135
 152 66 114
 202 116 63
 12 285 13
 235 261 141
 58 286 287
 288 289 290
 12 291 74
 119 118 228
 292 293 294
 295 296 297
 251 252 129
 298 129 252
 299 300 108
 61 63 116
 65 114 66
 45 301 109
 62 93 63
 64 66 95
 12 14 302
 246 248 266
 12 302 291
 85 123 303
 304 40 80
 2 174 222
 305 254 306
 282 307 14
 30 257 31
 251 308 41
 300 309 108
 82 84 310
 34 311 227
 154 264 175
 17 221 177
 312 234 313
 58 287 314
 235 141 199
 53 315 124
 316 317 318
 319 318 317
 282 163 162
 229 193 166
 253 169 194
 29 320 178
 260 40 304
 41 40 260
 56 234 151
 234 321 313
 322 323 324
 215 324 323
 173 2 1
 72 28 17
 85 325 86
 142 216 326
 211 294 244
 242 244 294
 97 327 98
 140 328 141
 329 330 86
 88 86 330
 70 232 71
 77 79 331
 89 48 321
 332 321 48
 333 334 335
 70 34 33
 122 63 336
 128 130 66
 337 338 339
 340 339 338
 45 47 301
 128 341 129
 292 294 342
 296 343 297
 181 31 257
 217 206 218
 18 222 119
 77 119 222
 220 305 221
 344 221 305
 51 345 161
 125 57 314
 346 347 348
 103 348 347
 147 324 148
 349 243 84
 242 84 243
 350 318 272
 120 210 13
 280 351 281
 251 129 341
 352 353 213
 354 355 195
 58 314 57
 123 356 303
 41 308 216
 97 357 281
 160 281 357
 23 331 24
 158 224 226
 17 28 230
 79 24 331
 21 121 358
 141 262 142
 235 185 261
 225 224 99
 298 256 129
 359 360 361
 362 363 364
 365 219 246
 366 312 98
 327 366 98
 367 368 121
 369 121 368
 4 219 365
 120 21 370
 91 371 92
 372 94 96
 126 373 127
 337 374 338
 55 375 90
 108 90 375
 376 241 276
 377 275 238
 202 124 315
 80 40 320
 157 378 75
 340 338 379
 288 380 289
 265 161 345
 39 262 226
 140 361 360
 209 143 381
 52 382 147
 39 41 216
 203 161 258
 265 258 161
 333 383 334
 288 290 46
 131 384 132
 385 134 136
 251 41 260
 35 386 255
 263 3 175
 304 171 260
 176 260 171
 85 54 123
 35 255 180
 157 74 291
 37 383 387
 333 387 383
 70 364 363
 211 342 294
 179 297 343
 51 161 163
 388 381 143
 282 182 204
 181 204 182
 263 264 389
 38 370 21
 181 183 31
 181 257 204
 390 391 392
 280 393 327
 158 261 185
 264 394 389
 395 396 184
 284 184 396
 235 397 185
 318 398 272
 377 399 400
 401 400 399
 298 402 403
 376 403 402
 268 233 232
 108 309 8
 39 142 262
 18 166 60
 322 387 323
 333 323 387
 404 405 113
 152 113 405
 186 291 302
 322 324 147
 207 100 206
 349 323 406
 407 83 132
 408 136 396
 377 400 92
 278 92 400
 279 403 96
 376 96 403
 359 405 360
 265 409 259
 270 36 281
 265 410 409
 346 411 198
 235 198 411
 197 412 198
 413 264 414
 154 414 264
 333 406 323
 346 198 347
 395 347 198
 146 76 147
 415 416 243
 279 130 256
 220 417 169
 418 16 59
 415 348 102
 103 102 348
 333 335 406
 270 281 159
 293 133 294
 295 297 135
 346 335 334
 30 150 419
 354 195 343
 353 342 213
 317 420 27
 421 362 364
 422 178 320
 322 147 382
 249 247 219
 332 48 423
 160 159 281
 225 424 178
 82 132 83
 284 396 136
 346 348 335
 179 343 195
 211 213 342
 106 206 410
 316 325 303
 85 303 325
 217 219 4
 319 26 425
 99 224 357
 38 105 426
 319 317 27
 34 71 311
 149 178 424
 427 428 429
 427 429 430
 431 432 433
 431 433 434
 101 297 155
 179 155 297
 11 9 291
 157 291 9
 120 13 285
 312 151 234
 23 119 331
 349 435 323
 242 310 84
 250 436 424
 350 272 314
 125 314 272
 192 117 437
 191 438 113
 170 214 439
 53 76 315
 189 440 441
 176 189 252
 298 252 189
 18 119 228
 125 127 442
 201 442 127
 443 444 445
 446 447 448
 125 442 57
 39 226 137
 6 259 4
 220 254 305
 77 331 119
 186 307 204
 206 100 218
 249 449 450
 451 450 449
 38 210 370
 51 210 452
 86 325 453
 103 347 184
 395 184 347
 245 243 416
 404 360 405
 70 363 232
 167 169 444
 165 448 166
 55 57 442
 395 198 412
 415 243 454
 32 449 218
 249 218 449
 81 31 183
 186 271 291
 158 226 262
 217 4 259
 455 390 456
 215 323 435
 401 457 458
 413 394 264
 242 294 310
 101 459 297
 422 40 137
 38 426 210
 62 91 93
 94 64 95
 73 285 74
 12 74 285
 337 22 374
 460 441 440
 250 313 461
 201 144 462
 463 462 144
 37 387 274
 329 287 286
 413 439 214
 253 306 254
 120 370 210
 427 389 394
 229 228 118
 304 80 464
 5 175 3
 319 425 398
 237 445 238
 239 241 447
 390 392 456
 465 425 26
 203 258 466
 6 466 258
 463 375 462
 55 462 375
 146 467 117
 404 113 468
 280 327 351
 97 351 327
 186 302 307
 418 445 444
 469 448 447
 288 46 50
 352 213 470
 200 470 213
 200 195 471
 355 471 195
 472 334 383
 388 143 473
 293 131 133
 134 295 135
 30 419 187
 474 419 150
 138 475 476
 250 461 436
 120 477 121
 478 127 373
 335 348 454
 415 454 348
 23 273 118
 217 409 206
 277 156 196
 81 464 80
 312 366 151
 106 410 107
 332 461 313
 479 374 22
 469 19 60
 376 480 241
 377 238 481
 329 86 453
 283 420 399
 154 69 78
 465 482 425
 47 483 301
 246 219 247
 484 458 457
 21 358 22
 479 22 358
 463 299 375
 215 148 324
 407 148 83
 408 396 485
 421 476 475
 191 486 438
 487 192 437
 349 454 243
 200 213 196
 179 195 156
 277 196 212
 154 78 488
 77 174 488
 344 489 177
 172 171 464
 35 490 36
 280 36 490
 359 153 405
 152 405 153
 126 398 425
 202 315 117
 146 117 315
 491 456 392
 140 142 326
 413 214 394
 332 313 321
 401 399 420
 327 393 366
 11 291 271
 492 286 151
 52 255 386
 369 358 121
 401 317 457
 316 457 317
 58 151 286
 425 482 373
 188 423 49
 283 399 230
 101 184 459
 492 151 366
 203 466 493
 263 493 466
 284 459 184
 170 440 189
 72 494 26
 465 26 494
 51 452 345
 278 495 336
 267 430 183
 81 183 430
 215 435 84
 349 84 435
 484 457 303
 316 303 457
 207 33 100
 278 458 495
 188 419 423
 120 285 477
 496 75 378
 77 222 174
 29 80 320
 283 27 420
 304 464 171
 463 44 43
 344 177 221
 350 314 287
 0 7 480
 15 230 399
 214 428 394
 249 450 247
 402 0 480
 497 326 216
 122 356 123
 388 473 498
 413 499 439
 173 439 499
 225 99 424
 298 441 402
 282 204 307
 77 488 78
 72 177 489
 173 488 174
 369 500 501
 173 499 488
 215 83 148
 395 485 396
 48 49 423
 294 133 310
 297 459 135
 154 488 414
 72 489 494
 146 148 467
 407 467 148
 404 468 485
 408 485 468
 126 272 398
 332 423 461
 474 461 423
 282 162 182
 377 481 399
 15 399 481
 376 402 480
 267 182 502
 63 93 336
 278 336 93
 279 95 130
 66 130 95
 139 190 416
 322 386 274
 369 501 503
 108 375 299
 229 392 193
 391 193 392
 209 44 144
 250 424 99
 463 43 299
 404 485 504
 104 426 105
 404 504 360
 141 328 199
 250 98 313
 5 4 365
 238 59 481
 322 382 386
 201 462 442
 55 442 462
 401 458 400
 128 505 341
 498 473 482
 446 239 447
 237 443 445
 316 318 506
 507 508 75
 369 368 500
 15 481 59
 443 167 444
 165 446 448
 496 509 75
 507 75 509
 88 330 393
 492 393 330
 197 328 360
 140 360 328
 117 467 437
 113 438 468
 474 423 419
 507 510 508
 350 506 318
 35 274 386
 491 118 273
 451 449 511
 319 398 318
 401 420 317
 319 27 26
 173 512 439
 241 480 513
 170 439 440
 298 403 256
 288 50 374
 338 374 50
 172 464 429
 7 513 480
 229 118 514
 104 345 452
 346 334 411
 89 321 234
 367 121 477
 115 61 116
 65 112 114
 491 514 118
 497 341 505
 492 366 393
 5 365 266
 395 412 485
 97 99 357
 35 180 490
 298 189 441
 197 360 504
 87 180 255
 350 325 506
 340 515 362
 268 362 515
 312 313 98
 42 516 43
 300 43 516
 52 386 382
 350 453 325
 30 187 257
 484 303 356
 188 187 419
 138 476 105
 322 274 387
 316 506 325
 472 411 334
 496 378 309
 8 309 378
 182 162 502
 88 517 180
 32 218 100
 402 441 0
 97 281 351
 73 477 285
 422 320 40
 139 416 102
 491 392 514
 337 20 22
 160 357 224
 371 236 275
 240 372 276
 6 3 466
 432 352 470
 355 434 471
 371 275 92
 372 96 276
 229 514 392
 478 473 145
 460 0 441
 73 508 477
 391 164 193
 340 362 475
 421 475 362
 376 276 96
 377 92 275
 25 518 273
 491 273 518
 248 68 266
 143 145 473
 265 107 410
 289 380 503
 479 503 380
 149 424 436
 67 266 68
 14 307 302
 353 292 342
 296 354 343
 289 501 519
 245 212 244
 203 493 502
 81 429 464
 245 190 212
 265 345 107
 497 505 361
 263 389 493
 245 416 190
 278 400 458
 384 487 520
 486 385 521
 427 430 522
 246 266 365
 207 364 33
 460 1 0
 267 493 522
 82 310 133
 284 135 459
 463 144 44
 367 477 508
 497 216 308
 359 361 505
 267 502 493
 289 519 290
 472 397 411
 235 411 397
 479 380 374
 288 374 380
 268 232 363
 472 383 208
 106 105 476
 280 517 393
 472 208 523
 138 20 339
 206 409 410
 217 259 409
 407 520 437
 487 437 520
 408 438 521
 486 521 438
 207 205 364
 172 429 428
 300 524 309
 496 309 524
 267 522 430
 146 315 76
 369 503 358
 479 358 503
 45 110 50
 338 50 110
 104 107 345
 465 498 482
 81 430 429
 367 510 368
 478 145 127
 300 299 43
 268 363 362
 337 339 20
 172 428 214
 465 525 498
 203 502 162
 166 448 60
 469 60 448
 70 33 364
 251 341 308
 497 308 341
 432 470 433
 434 433 471
 126 425 373
 201 127 145
 238 445 59
 263 466 3
 73 75 508
 279 256 403
 88 393 517
 241 513 447
 478 373 482
 225 178 223
 422 223 178
 359 505 153
 270 159 523
 185 523 159
 469 447 513
 211 244 212
 277 212 190
 283 230 28
 384 520 132
 385 136 521
 418 59 445
 173 1 512
 122 336 495
 367 508 510
 421 364 205
 427 394 428
 169 417 444
 418 444 417
 128 153 505
 111 269 515
 497 361 326
 427 522 389
 268 515 269
 407 437 467
 408 468 438
 280 490 517
 349 406 454
 335 454 406
 484 495 458
 415 102 416
 408 521 136
 407 132 520
 200 471 433
 200 433 470
 106 476 205
 197 199 328
 8 378 9
 157 9 378
 488 499 414
 32 511 449
 185 397 523
 469 513 19
 474 436 461
 460 512 1
 478 482 473
 7 19 513
 465 494 525
 421 205 476
 492 330 286
 32 227 511
 138 339 475
 226 223 137
 474 150 436
 149 436 150
 220 16 417
 329 286 330
 489 525 494
 413 414 499
 485 412 504
 180 517 490
 289 503 501
 472 523 397
 37 208 383
 493 389 522
 140 326 361
 11 271 49
 188 49 271
 300 516 524
 210 426 452
 338 110 379
 122 495 356
 197 504 412
 270 523 208
 496 524 509
 484 356 495
 350 287 453
 111 515 379
 340 379 515
 418 417 16
 340 475 339
 422 137 223
 329 453 287
 104 452 426
 460 440 512
 439 512 440
 111 379 110
 0
 0
 0
 23
 231 491 451 25 111 248 79 109 233 71 69 301 24 518 450 456 483 68 269 247 227 311 511
 0
 0
 26
 42 209 344 253 388 507 305 47 489 306 381 498 290 500 368 194 483 44 46 509 525 524 516 510 501 519
 0
 0
 0
 0
 0
 0
 0
