541 981
6.701519 1.785672 1
6.879232 1.891371 2
6.723532 1.909799 1
6.805418 1.728012 1
5.021739 1.179394 1
4.893626 1.277357 1
4.907285 1.106014 1
4.807293 1.166631 2
5.530592 1.588824 1
5.418162 1.689044 1
5.438151 1.531744 1
5.320665 1.604995 1
5.530718 0.481856 1
5.695170 0.474101 1
5.646289 0.628994 1
7.443472 1.942950 1
7.613626 1.986608 3
7.510754 2.063014 2
5.069196 0.635702 1
4.961960 0.559769 1
5.133544 0.478251 1
7.552849 0.916855 1
7.494326 1.025363 1
7.374181 0.926226 1
6.692447 1.608083 1
5.697073 2.217800 1
5.866033 2.207757 1
5.789660 2.318496 1
5.163724 1.126447 1
5.045081 1.009605 1
5.292080 1.380322 1
5.350010 1.474343 1
5.214271 1.518538 1
7.438138 0.557798 1
7.316076 0.631051 1
7.295281 0.481153 1
7.523554 1.866925 2
5.131914 0.869455 1
4.979466 0.893651 1
5.051641 0.767929 1
5.167317 1.389628 1
5.707364 1.638875 1
5.555358 1.705302 1
5.626503 1.565697 1
6.953347 1.488441 1
6.831847 1.586057 1
6.827979 1.453654 1
7.486001 0.809553 1
6.963366 1.048810 1
6.884698 0.923605 1
7.042629 0.903632 1
7.587032 1.102500 1
7.731541 1.104297 2
7.601613 1.214993 2
6.956197 1.599887 1
6.913921 1.734840 1
4.346334 0.298179 1
4.362883 0.430394 2
4.212965 0.369220 2
5.644777 1.756792 1
6.008340 2.139752 1
6.117687 2.149634 1
6.089433 2.274208 2
6.361014 1.300424 1
6.245265 1.175609 1
6.418029 1.163651 1
6.311475 1.063067 1
5.981593 2.283386 2
5.380229 0.370990 1
5.504284 0.305714 1
6.375421 0.217663 1
6.491006 0.285487 1
6.309723 0.352951 1
6.534350 1.620327 1
6.507941 1.506101 1
6.676695 1.483973 1
4.995296 0.236381 1
5.156919 0.196422 1
5.078186 0.341365 1
5.224209 0.344523 1
5.832567 1.649027 1
5.784334 1.788280 1
6.456118 0.426628 1
4.992430 0.434300 1
6.668028 0.549795 1
6.552711 0.526996 1
6.668671 0.402044 1
7.491823 1.669027 2
7.420715 1.784334 1
7.342836 1.639057 1
6.805555 0.000000 0
6.780949 0.168758 1
6.669086 0.122512 1
7.441488 1.573872 1
6.232086 0.489105 1
6.130297 0.402729 1
6.175150 0.288281 1
6.919063 1.345560 1
7.084176 1.397750 1
7.033436 1.283168 1
5.129714 1.775617 1
4.972393 1.838057 1
5.032820 1.697711 1
5.614038 0.973464 1
5.434222 0.993871 1
5.499931 0.878386 1
7.471699 0.439762 1
7.393651 0.354021 1
6.536678 1.996341 2
6.619639 1.893718 1
6.669048 2.050785 2
6.124938 2.025252 1
6.055794 1.888699 1
6.204272 1.876331 1
5.102249 1.883111 1
7.330197 1.864834 1
5.043925 1.413306 1
5.104763 1.279750 1
7.660341 0.578731 1
7.567696 0.509109 1
7.710315 0.439928 1
7.136683 0.529082 1
7.205846 0.625018 1
4.903107 0.343548 1
6.230560 1.344904 1
6.201416 1.471436 1
6.086552 1.410100 1
6.197185 1.710938 1
6.084925 1.777562 1
7.003982 0.388354 1
7.133464 0.392585 1
7.012825 0.504763 1
4.864355 0.634513 1
4.799226 0.536415 1
7.949999 0.693922 1
8.057818 0.785259 2
7.934078 0.862031 1
6.555438 0.366973 1
6.130081 1.262278 1
7.588399 0.399238 1
5.523998 1.106661 1
5.616538 0.374448 1
8.101618 0.647294 2
4.888039 0.454218 1
4.651967 1.116920 2
4.639683 0.942703 2
4.773951 1.017079 1
6.929450 0.775722 1
6.801984 0.823573 1
6.788272 0.705521 1
7.171700 0.247466 1
7.302215 0.190436 1
7.275958 0.316941 1
7.809556 0.964260 2
7.810327 0.850372 1
8.014078 0.559529 2
7.204134 0.124253 1
5.889647 2.035367 1
5.574383 0.760526 1
5.472854 0.651649 1
5.677823 2.356534 2
5.157799 2.308057 3
4.991894 2.301419 2
5.106811 2.203736 1
7.209929 1.679876 1
7.221816 1.512943 1
7.110541 1.619870 1
7.638889 0.000000 0
7.777778 0.000000 0
7.724136 0.155138 1
4.504739 0.855871 2
4.630215 0.814108 1
7.569445 0.094249 1
4.902018 0.986021 1
6.422426 1.621216 1
6.284449 1.579454 1
6.390977 1.521575 1
6.676661 1.313509 1
6.777507 1.361396 1
6.012587 0.979377 1
5.989002 1.095738 1
5.884440 1.047806 1
6.331472 1.699374 1
5.899824 0.937686 1
4.935510 0.798596 1
7.949980 0.968231 2
6.086993 0.833166 1
6.152033 0.968888 1
5.613404 0.247793 1
5.775684 0.178337 1
5.738230 0.320551 1
5.846208 1.398244 1
5.911312 1.262849 1
5.969497 1.377423 1
6.580320 1.413871 1
5.815335 0.449445 1
4.131754 0.207418 2
3.979503 0.179251 2
4.076138 0.103667 1
5.026401 1.985366 1
5.070536 2.087768 1
4.939309 2.094151 1
7.846552 0.756488 1
6.666667 0.000000 0
4.891725 1.989285 1
5.656200 0.116656 1
7.044038 0.280671 1
5.171740 0.594230 1
7.336075 1.231452 1
7.169745 1.239987 1
7.261079 1.146039 1
5.791094 1.253505 1
7.457663 0.674062 1
6.623591 1.689522 1
4.287328 0.156011 1
4.437894 0.163075 1
7.462380 1.464749 2
7.388029 1.351707 1
7.538618 1.349015 2
7.462672 1.262592 1
6.759270 1.021705 1
6.719118 1.165979 1
6.623026 1.060949 1
7.102610 1.031868 1
5.639409 1.351996 1
5.700864 1.196129 1
5.751071 1.354306 1
5.776108 0.965661 1
5.746908 1.073127 1
6.800164 1.985727 2
6.021003 1.303025 1
5.274645 0.556224 1
5.348751 0.647325 1
5.209572 0.706741 1
6.669121 0.801367 1
6.635121 0.669872 1
7.372607 1.087612 1
4.571433 0.430196 1
4.490055 0.339435 1
4.656291 0.343453 1
4.579339 0.224829 1
7.065910 1.528489 1
7.025963 1.672231 1
7.239058 1.351035 1
6.783769 0.483042 1
6.804168 0.361318 1
5.293349 0.250840 1
5.924449 1.697210 1
6.317006 1.807146 1
5.401428 0.214096 1
6.397256 1.985062 2
6.498818 1.877933 1
6.404159 1.871603 1
6.324122 0.610765 1
6.351065 0.492053 1
5.964937 0.861226 1
5.967681 0.740476 1
6.096727 0.612747 1
6.209965 0.725599 1
6.069672 0.717208 1
5.416667 0.000000 0
5.555555 0.000000 0
5.504745 0.142925 1
5.197884 0.982405 1
5.300575 1.056993 1
6.319388 0.847432 1
6.376384 0.726212 1
7.258426 1.044417 1
7.190665 0.931192 1
5.776990 0.694899 1
5.785912 0.573163 1
6.204954 0.596510 1
6.905020 0.667579 1
6.109220 1.114250 1
7.000378 1.790072 1
7.106781 1.745396 1
7.104016 1.896052 1
6.017458 1.194945 1
7.361111 0.000000 0
7.430360 0.115371 1
7.298603 0.081500 1
6.177104 2.218388 2
5.066491 0.106432 1
5.736123 0.856853 1
7.574777 0.208464 1
7.413603 0.246067 1
7.391330 2.057900 2
7.288234 2.111815 2
7.314125 1.977033 1
7.206226 2.005661 1
6.259442 2.007288 2
7.517454 0.318836 1
5.053280 1.586605 1
5.171651 1.655489 1
5.094077 1.486866 1
5.857598 0.815424 1
4.995025 2.181149 1
6.111111 0.000000 0
6.250000 0.000000 0
6.180937 0.137478 1
5.898433 2.361704 2
5.636862 1.106228 1
5.982413 1.512895 1
5.834264 1.546674 1
5.553351 2.008258 1
5.591503 2.147502 1
5.479326 2.095993 1
6.474845 0.818576 1
6.385768 0.954320 1
6.515819 0.965129 1
6.025159 1.666218 1
6.119349 1.567009 1
6.462369 1.397370 1
6.324215 1.436751 1
7.167843 0.736264 1
7.038102 0.646844 1
6.846932 1.120401 1
7.376606 0.756333 1
7.500000 0.000000 0
5.678832 0.759675 1
5.847640 0.347198 1
5.674036 2.063046 1
5.589827 1.204062 1
6.814268 1.252717 1
6.944895 1.193835 1
6.571663 1.316208 1
6.483446 1.273219 1
5.291018 1.165540 1
6.883154 0.113225 1
5.622250 0.846234 1
7.475721 1.154086 1
5.878862 0.239091 1
5.876892 0.663522 1
5.972222 0.000000 0
6.067082 0.109985 1
5.898426 0.116071 1
7.083333 0.000000 0
7.079720 0.141202 1
7.168542 1.126727 1
7.657166 0.302552 1
7.781382 0.302012 1
7.222222 0.000000 0
7.067441 0.778951 1
8.055555 0.000000 0
8.194445 0.000000 0
8.090914 0.133506 2
5.387472 0.522666 1
5.404268 1.122500 1
5.468201 1.238726 1
5.389453 0.105653 1
5.932649 1.802741 1
5.359257 0.759984 1
7.178379 2.105992 2
4.455444 0.607523 2
4.560836 0.542137 1
4.563451 0.696712 2
4.670970 0.591237 1
7.874085 0.115023 1
5.283319 0.442716 1
5.438052 1.373489 1
5.350778 1.260211 1
5.708072 1.483647 1
5.457215 1.809657 1
5.567788 1.866657 1
5.416706 1.952760 1
6.502028 0.681337 1
7.265856 0.824856 1
6.866995 1.028238 1
4.842820 0.875042 1
4.780706 1.288361 2
7.617286 0.798666 1
5.468232 0.781475 1
5.004983 1.311464 1
8.071854 0.420917 2
7.925094 0.350582 1
8.070436 0.288870 2
7.973966 0.206973 1
4.921088 1.717341 1
6.574481 1.762843 1
6.460699 1.758031 1
4.444445 0.000000 0
4.543991 0.104653 1
5.694445 0.000000 0
4.823249 1.882537 1
6.992469 1.889416 1
5.232052 1.265720 1
7.855732 0.225946 1
5.994103 0.213297 1
5.372931 2.074364 1
5.278401 2.024982 1
7.311299 1.434176 1
7.355800 1.524904 1
5.566142 1.451249 1
7.542164 1.765435 2
5.312334 0.951196 1
5.261732 0.838786 1
7.753076 0.535534 1
6.433274 0.580817 1
4.749104 1.959170 2
4.693324 1.835843 2
5.540326 1.323904 1
5.274411 1.744259 1
5.348793 1.834921 1
5.279668 1.913752 1
6.743394 0.907869 1
4.305555 0.000000 0
4.188107 0.103704 1
6.604926 0.235275 1
6.723753 0.280204 1
5.921306 1.142314 1
6.006395 1.997754 1
6.899308 0.555920 1
6.767800 0.593947 1
3.750000 0.000000 0
3.888889 0.000000 0
3.862222 0.115869 2
7.195971 1.807906 1
6.590637 1.189853 1
4.673587 0.710112 1
5.789452 2.447912 2
6.264836 0.224408 1
4.473945 0.484199 2
7.559259 0.720355 1
4.861111 0.000000 0
5.000000 0.000000 0
4.909756 0.121741 1
4.583333 0.000000 0
4.722222 0.000000 0
4.672441 0.119825 1
7.646367 0.999774 1
6.209862 1.066738 1
7.916667 0.000000 0
4.730761 0.885847 1
5.843597 1.911012 1
5.949358 1.913687 1
7.063766 1.154066 1
4.368527 0.081179 1
5.285372 0.138369 1
6.201790 0.855314 1
5.922396 1.609534 1
5.138889 0.000000 0
5.194705 0.085142 1
4.166667 0.000000 0
4.827893 1.769695 1
4.735635 1.704167 1
6.303110 0.114363 1
6.317778 1.914775 1
6.498920 0.145414 1
6.527778 0.000000 0
6.405153 0.101550 1
4.823543 1.530825 1
4.682758 1.491060 2
4.799692 1.398689 2
6.955204 0.201777 1
6.845220 0.241074 1
5.718493 1.931503 1
4.798086 2.091643 2
4.960206 1.506675 1
6.569833 0.765405 1
6.388889 0.000000 0
5.781999 2.106490 1
4.761513 0.665579 1
6.096117 0.210944 1
6.511671 1.081840 1
6.575046 0.857318 1
7.238861 1.890927 1
7.288260 1.771016 1
6.417073 1.053950 1
4.871843 2.202187 2
4.243294 0.265448 1
5.277778 0.000000 0
7.146887 0.834979 1
7.281088 0.725714 1
7.001577 1.985255 2
4.677654 0.468864 1
6.578643 0.084081 1
4.908827 1.410845 1
4.027778 0.000000 0
8.052592 0.914370 2
5.833333 0.000000 0
4.829906 1.649870 1
4.694332 1.602949 2
4.741789 0.782922 1
4.849654 0.738157 1
7.740407 0.769692 1
7.662305 0.690173 1
7.794248 0.634852 1
5.195613 2.110418 1
5.169352 1.977927 1
6.645611 0.936113 1
4.936807 1.614838 1
4.783470 0.397058 1
4.796529 0.282452 1
5.509090 2.200744 1
5.213384 1.838588 1
4.695080 0.236925 1
7.702896 0.885367 1
7.954675 0.465097 1
5.781554 2.009484 1
7.830323 0.394099 1
4.623531 1.736114 2
5.626534 1.947606 1
5.584702 2.271896 1
6.944445 0.000000 0
5.665025 1.848221 1
4.791667 0.183726 1
4.791667 0.078739 1
7.849445 0.496616 1
7.904535 0.585217 1
6.987447 0.093535 1
5.544065 2.402545 2
5.389285 0.867283 1
6.263386 0.959293 1
5.763889 0.075243 1
7.100437 2.043079 1
7.983811 0.092829 1
4.960452 0.689004 1
6.901521 0.436730 1
5.986506 0.632032 1
4.883244 0.236595 1
5.343924 2.289512 2
5.410939 2.180963 1
5.467221 2.294885 2
5.306698 2.150501 1
7.554602 1.571620 2
5.825987 1.162622 1
5.238379 2.222766 2
4.117604 0.318278 2
7.557285 0.622383 1
3.958333 0.073239 1
6.210627 2.120456 2
6.116432 0.504141 1
6.924089 0.321164 1
5.955906 0.325406 1
5.925706 0.435554 1
5.899045 0.541603 1
6.025506 0.407118 1
6.009024 0.516635 1
6.063309 0.305677 1
7.013205 2.100784 2
7.098757 2.157671 2
 0 1 2
 3 1 0
 4 5 6
 6 5 7
 8 9 10
 9 11 10
 12 13 14
 15 16 17
 18 19 20
 21 22 23
 24 3 0
 25 26 27
 28 4 29
 30 31 32
 33 34 35
 36 16 15
 37 38 39
 40 30 32
 41 42 43
 44 45 46
 21 23 47
 48 49 50
 51 52 53
 54 55 45
 56 57 58
 59 42 41
 60 61 62
 24 45 3
 63 64 65
 66 65 64
 67 60 62
 12 68 69
 70 71 72
 73 74 75
 76 77 78
 79 78 77
 80 81 41
 82 72 71
 83 20 19
 84 85 86
 24 73 75
 87 88 89
 90 91 92
 93 87 89
 94 95 72
 72 95 96
 44 97 98
 99 98 97
 100 101 102
 103 104 105
 33 35 106
 107 106 35
 108 109 110
 4 6 29
 109 2 110
 111 112 113
 100 114 101
 115 88 15
 40 116 117
 118 119 120
 121 35 122
 8 43 42
 83 123 78
 124 125 126
 127 113 128
 129 130 131
 132 133 19
 134 135 136
 86 85 137
 138 124 126
 139 120 119
 103 140 104
 44 46 97
 12 141 13
 134 142 135
 19 133 143
 144 145 146
 147 148 149
 12 69 141
 150 151 152
 136 153 154
 134 155 142
 59 41 81
 121 131 130
 150 156 151
 67 26 60
 157 60 26
 55 3 45
 158 159 14
 12 14 159
 11 32 31
 25 27 160
 76 78 123
 15 88 36
 161 162 163
 89 164 165
 166 165 164
 167 168 169
 170 171 145
 167 169 172
 35 34 122
 173 29 6
 174 175 176
 177 178 75
 179 180 181
 182 175 174
 183 179 181
 184 39 38
 185 153 136
 186 187 179
 188 189 190
 191 192 193
 147 50 49
 194 177 75
 13 190 195
 147 49 148
 196 197 198
 44 54 45
 199 200 201
 28 117 4
 134 136 202
 107 35 152
 203 90 92
 199 201 204
 188 205 189
 113 112 128
 129 206 130
 18 20 207
 208 209 210
 211 192 191
 33 212 34
 24 0 213
 56 214 215
 216 217 218
 219 218 217
 37 29 38
 220 221 222
 48 50 223
 224 225 226
 103 227 228
 2 229 110
 230 138 126
 231 232 233
 127 175 182
 234 235 149
 236 23 22
 237 238 239
 240 239 238
 44 241 54
 54 241 242
 243 209 208
 230 193 192
 84 86 244
 245 244 86
 144 146 7
 121 130 35
 79 77 246
 80 247 81
 127 248 113
 79 246 68
 249 68 246
 108 250 251
 252 251 250
 253 94 254
 186 255 256
 83 78 20
 257 258 259
 260 261 262
 28 263 264
 265 258 266
 253 266 258
 236 267 23
 268 23 267
 150 130 206
 269 14 270
 257 271 258
 186 256 259
 211 226 225
 56 215 238
 240 238 215
 147 149 272
 273 179 187
 274 275 276
 230 277 138
 273 138 277
 278 279 280
 281 62 61
 76 282 77
 11 31 10
 103 283 227
 284 285 279
 286 287 288
 289 288 287
 111 113 290
 234 149 148
 284 291 285
 292 32 293
 40 294 116
 269 295 283
 296 163 162
 284 172 169
 297 298 299
 27 26 300
 103 228 301
 302 303 191
 304 305 306
 231 233 207
 265 307 308
 309 308 307
 127 310 311
 63 312 313
 314 315 122
 220 316 221
 317 34 212
 278 318 279
 243 165 98
 269 319 14
 253 271 94
 320 195 190
 304 321 305
 273 64 138
 322 225 224
 323 324 97
 325 312 326
 63 65 326
 28 264 327
 90 328 91
 158 329 105
 219 208 330
 236 330 208
 317 47 23
 189 331 190
 269 332 295
 333 334 335
 67 300 26
 336 156 337
 194 312 325
 338 210 209
 284 169 339
 340 339 169
 336 341 156
 13 141 190
 314 342 315
 249 262 69
 188 69 262
 343 344 345
 138 64 124
 64 63 124
 12 346 68
 292 293 102
 63 326 312
 249 69 68
 347 140 348
 103 105 329
 320 190 331
 127 182 248
 256 295 332
 260 262 349
 302 311 310
 350 81 247
 261 205 262
 322 348 140
 351 233 232
 11 293 32
 289 287 352
 302 126 311
 99 97 324
 353 354 355
 356 355 354
 168 357 169
 79 68 358
 359 30 360
 361 226 191
 362 363 364
 304 364 363
 302 191 193
 183 227 295
 283 295 227
 13 270 14
 365 85 235
 84 235 85
 268 366 23
 317 23 366
 48 367 49
 173 146 368
 63 313 124
 211 191 226
 5 369 7
 40 32 294
 21 47 370
 231 20 358
 79 358 20
 350 310 128
 103 329 283
 269 283 319
 365 307 266
 359 31 30
 151 280 279
 158 105 371
 46 75 178
 199 101 114
 5 4 372
 125 311 126
 373 374 375
 376 375 374
 79 20 78
 377 102 101
 158 14 319
 378 379 73
 37 39 233
 18 233 39
 380 381 215
 261 382 205
 7 146 6
 361 191 303
 383 101 204
 199 204 101
 274 276 384
 28 385 117
 127 311 175
 243 98 209
 24 75 45
 46 45 75
 340 169 386
 347 360 327
 170 355 171
 173 6 146
 268 223 50
 387 335 334
 388 389 364
 12 159 346
 350 128 112
 216 390 217
 216 391 390
 99 209 98
 274 1 55
 376 345 375
 361 392 224
 36 88 393
 394 263 395
 37 395 263
 56 238 57
 118 120 396
 365 266 397
 383 398 399
 400 392 359
 224 392 400
 116 372 117
 82 397 254
 347 348 360
 82 85 397
 401 9 402
 338 223 267
 268 267 223
 403 364 389
 11 401 293
 220 404 49
 166 241 165
 94 72 254
 405 214 406
 407 92 408
 91 408 92
 409 181 180
 361 224 226
 157 410 60
 111 60 410
 359 360 348
 411 272 412
 388 364 306
 3 55 1
 186 179 255
 186 259 258
 413 414 415
 416 276 275
 417 222 221
 35 130 152
 18 207 233
 194 75 74
 356 418 355
 292 294 32
 27 419 160
 166 242 241
 70 72 420
 37 233 395
 351 395 233
 57 238 421
 149 235 412
 220 49 367
 422 370 47
 351 159 371
 158 371 159
 46 178 97
 89 165 391
 350 247 310
 423 424 425
 426 427 428
 82 137 85
 240 215 381
 21 429 22
 407 86 137
 273 187 430
 168 431 357
 265 266 307
 121 122 315
 146 432 368
 80 41 303
 361 303 41
 304 306 364
 362 42 363
 59 363 42
 253 258 271
 274 384 1
 83 19 143
 111 410 112
 96 420 72
 28 29 263
 37 263 29
 28 327 385
 157 433 434
 11 9 401
 157 434 410
 100 102 293
 219 217 208
 243 208 217
 99 435 209
 417 326 65
 380 215 436
 77 437 246
 231 207 20
 322 224 400
 265 438 258
 186 258 438
 245 86 408
 407 408 86
 186 438 187
 351 232 159
 302 310 439
 165 241 98
 359 10 31
 440 441 282
 442 405 406
 383 399 443
 444 443 399
 298 445 299
 250 290 446
 127 128 310
 407 71 447
 70 447 71
 448 447 449
 253 397 266
 450 451 452
 453 454 328
 2 1 229
 323 177 221
 51 22 429
 323 316 324
 149 412 272
 125 175 311
 455 81 433
 24 213 73
 378 73 213
 237 421 238
 169 357 386
 456 398 204
 383 204 398
 292 457 294
 116 294 457
 4 117 372
 125 313 175
 176 175 313
 323 221 316
 365 458 307
 383 443 101
 377 101 443
 150 337 156
 188 141 69
 350 433 81
 459 448 449
 25 460 26
 82 254 72
 302 439 303
 356 133 461
 132 461 133
 151 285 152
 297 299 334
 362 402 9
 194 74 312
 176 312 74
 147 315 342
 424 440 282
 96 299 420
 96 462 299
 417 65 463
 309 307 464
 115 465 466
 66 467 65
 91 328 454
 296 162 468
 380 426 381
 243 390 165
 56 469 214
 188 262 205
 150 152 130
 417 221 177
 100 293 401
 107 152 285
 89 391 93
 470 260 349
 268 50 471
 252 248 379
 182 379 248
 470 349 437
 317 472 34
 473 1 384
 416 466 465
 237 474 354
 76 425 282
 121 315 131
 411 131 315
 147 342 50
 407 447 475
 256 255 295
 298 459 445
 116 476 372
 77 282 441
 477 442 198
 176 313 312
 111 61 60
 157 26 460
 136 135 478
 350 112 434
 48 324 316
 87 393 88
 25 321 460
 479 333 335
 450 480 481
 482 483 368
 184 368 483
 333 297 334
 153 52 429
 73 379 174
 484 485 486
 118 486 485
 183 255 179
 139 339 120
 340 120 339
 150 206 337
 453 337 206
 487 200 488
 199 488 200
 338 209 435
 309 489 222
 424 282 425
 8 42 9
 422 47 212
 317 212 47
 450 457 490
 220 222 489
 456 204 201
 173 38 29
 376 374 386
 340 386 374
 491 239 492
 493 306 305
 403 488 494
 239 495 492
 40 117 385
 356 354 474
 145 432 146
 21 370 496
 196 214 469
 450 490 480
 426 428 381
 411 412 244
 488 114 494
 99 324 435
 73 174 74
 176 74 174
 373 497 374
 236 208 210
 323 97 178
 450 481 451
 84 412 235
 196 406 214
 450 452 476
 159 232 346
 51 429 52
 215 214 436
 405 436 214
 240 381 428
 455 498 321
 407 475 92
 273 430 64
 407 137 71
 220 367 316
 49 404 148
 340 374 499
 231 358 346
 68 346 358
 188 190 141
 249 349 262
 444 500 481
 153 496 154
 484 154 496
 455 321 501
 304 501 321
 25 160 502
 147 272 315
 411 315 272
 21 496 429
 90 503 328
 234 148 404
 56 58 469
 450 476 457
 284 279 172
 318 172 279
 455 504 81
 59 81 504
 100 401 494
 153 429 496
 231 346 232
 134 202 486
 484 486 202
 194 325 177
 323 178 177
 273 180 179
 417 177 325
 505 506 425
 423 425 506
 5 372 476
 173 368 38
 184 38 368
 394 264 263
 507 508 486
 505 428 506
 427 506 428
 336 337 509
 510 502 160
 234 404 489
 360 30 385
 394 511 104
 105 104 511
 25 305 321
 44 98 241
 507 486 396
 296 201 200
 503 336 509
 347 104 140
 139 106 291
 66 430 512
 136 478 185
 136 154 202
 116 457 476
 40 385 30
 252 250 446
 359 392 10
 444 399 500
 48 316 367
 134 486 508
 189 513 335
 479 335 513
 187 512 430
 103 301 140
 70 449 447
 373 155 497
 444 481 480
 417 463 222
 289 514 276
 473 276 514
 456 201 468
 151 279 285
 237 239 474
 27 300 419
 139 291 339
 284 339 291
 219 53 218
 115 466 88
 107 291 106
 118 396 486
 134 508 155
 448 475 447
 374 497 499
 318 167 172
 442 406 198
 356 461 418
 376 357 515
 431 515 357
 286 15 17
 240 428 495
 505 495 428
 431 343 515
 360 385 327
 184 516 39
 18 39 516
 245 517 244
 411 244 517
 48 223 435
 338 435 223
 257 259 518
 343 345 515
 507 499 497
 473 384 276
 76 519 425
 505 425 519
 289 276 465
 416 465 276
 309 464 489
 376 515 345
 520 521 522
 493 522 521
 361 43 392
 387 331 335
 189 335 331
 378 213 0
 183 295 255
 491 133 474
 453 509 337
 459 449 445
 236 210 267
 216 93 391
 256 518 259
 520 523 521
 249 246 437
 448 203 475
 50 342 471
 356 474 133
 510 522 502
 216 524 93
 405 380 436
 440 470 441
 228 525 225
 487 163 200
 296 200 163
 145 171 432
 482 432 171
 455 433 498
 470 437 441
 520 526 523
 129 131 517
 411 517 131
 249 437 349
 314 122 472
 403 402 364
 362 364 402
 322 140 301
 491 474 239
 365 397 85
 34 472 122
 507 120 499
 340 499 120
 309 467 308
 107 285 291
 341 278 280
 427 423 506
 253 254 397
 25 502 305
 48 435 324
 376 386 357
 51 330 22
 236 22 330
 507 396 120
 157 498 433
 299 445 420
 70 420 445
 8 10 392
 382 479 513
 58 527 469
 196 469 527
 139 119 106
 417 325 326
 33 119 528
 77 441 437
 414 477 529
 33 528 212
 493 502 522
 111 290 530
 302 193 126
 482 461 483
 132 483 461
 487 488 389
 94 271 531
 257 531 271
 482 368 432
 129 517 532
 245 532 517
 309 222 463
 347 327 264
 5 452 369
 112 410 434
 320 533 534
 487 526 163
 161 163 526
 5 476 452
 13 195 270
 535 270 195
 403 494 402
 401 402 494
 230 126 193
 536 531 537
 125 124 313
 296 468 201
 89 88 466
 230 192 277
 409 277 192
 59 504 363
 304 363 501
 321 498 460
 491 492 123
 115 15 288
 165 390 391
 80 303 439
 84 244 412
 243 217 390
 240 495 239
 66 512 308
 8 392 43
 292 490 457
 166 164 275
 132 516 483
 184 483 516
 403 389 488
 199 114 488
 477 198 529
 197 529 198
 536 95 531
 491 143 133
 377 490 102
 292 102 490
 382 513 205
 189 205 513
 234 489 464
 66 64 430
 82 71 137
 347 264 104
 394 104 264
 228 225 301
 70 445 449
 87 93 524
 132 19 516
 18 516 19
 338 267 210
 33 106 119
 536 538 95
 96 95 538
 2 109 0
 378 0 109
 118 485 528
 286 288 15
 350 434 433
 493 305 502
 507 497 508
 155 508 497
 361 41 43
 220 489 404
 76 123 519
 453 532 454
 211 225 525
 129 532 206
 453 206 532
 484 496 370
 182 174 379
 314 366 471
 268 471 366
 196 198 406
 387 533 331
 309 463 467
 491 123 143
 105 511 371
 351 371 511
 422 528 485
 365 235 458
 234 458 235
 203 92 475
 113 446 290
 265 512 438
 187 438 512
 83 143 123
 387 538 533
 314 472 366
 265 308 512
 322 400 348
 355 418 171
 482 171 418
 359 348 400
 453 328 509
 317 366 472
 377 480 490
 96 538 462
 341 280 156
 252 379 251
 378 251 379
 118 528 119
 444 480 443
 377 443 480
 536 534 533
 351 511 395
 394 395 511
 66 308 467
 274 55 242
 113 248 446
 252 446 248
 416 275 164
 158 319 329
 283 329 319
 51 53 330
 219 330 53
 487 389 523
 245 408 454
 91 454 408
 320 331 533
 151 156 280
 320 534 195
 166 275 242
 422 212 528
 362 9 42
 269 270 332
 54 242 55
 503 509 328
 535 332 270
 484 202 154
 123 492 519
 211 525 192
 409 192 525
 89 466 164
 536 533 538
 310 247 439
 414 529 415
 197 415 529
 108 251 109
 257 518 537
 473 514 539
 314 471 342
 388 523 389
 183 181 227
 228 227 181
 536 537 534
 535 534 537
 493 521 306
 388 306 521
 388 521 523
 535 537 518
 322 301 225
 482 418 461
 387 334 462
 378 109 251
 111 530 61
 416 164 466
 505 492 495
 115 288 465
 299 462 334
 274 242 275
 487 523 526
 535 518 332
 540 539 514
 157 460 498
 422 485 370
 484 370 485
 387 462 538
 257 537 531
 353 421 354
 237 354 421
 256 332 518
 409 180 277
 273 277 180
 409 525 181
 228 181 525
 100 494 114
 535 195 534
 245 454 532
 65 467 463
 289 352 514
 540 514 352
 281 61 530
 289 465 288
 94 531 95
 234 464 458
 455 501 504
 363 504 501
 80 439 247
 505 519 492
 307 458 464
 18
 373 153 36 216 87 142 16 155 52 135 345 375 524 218 478 53 393 185
 26
 520 67 510 473 286 161 281 540 108 16 287 1 250 110 160 290 522 526 530 17 62 539 300 352 419 229
 0
 0
 0
 0
 24
 144 353 170 456 196 161 145 197 7 355 58 57 399 451 452 468 398 415 162 500 481 527 369 421
 0
 0
 0
 0
 0
 0
 0
