523 957
4.197526 1.870366 1
4.205878 1.765920 1
4.353964 1.802044 1
4.266956 1.957000 1
4.508610 1.716591 1
4.403931 1.670555 1
4.564542 1.598689 1
2.778845 2.835404 1
2.722581 2.737618 1
2.902174 2.798072 2
4.428215 1.553005 1
2.799273 2.657090 1
5.075511 3.255838 3
4.968703 3.179825 1
5.122739 3.104407 2
4.814559 2.925099 1
4.701535 3.049531 1
4.676769 2.899004 1
3.777970 3.146677 1
3.652420 3.199282 2
3.661256 3.088212 2
2.583424 2.501775 1
2.701661 2.377132 1
2.695099 2.498819 1
3.475663 0.888661 1
3.630861 0.810948 1
3.620797 0.962889 1
4.309810 1.458320 1
4.284656 1.344871 1
4.423867 1.436994 1
3.850509 0.260440 1
3.979503 0.179251 2
4.005759 0.298898 1
4.845317 3.097768 1
5.007074 3.044911 1
3.526508 0.747543 1
2.646301 0.922937 1
2.670109 0.789847 1
2.774578 0.915790 1
2.809502 0.795452 1
2.287620 1.524415 2
2.254541 1.369898 2
2.361500 1.418024 1
3.339667 0.912487 1
3.270177 0.973470 1
3.207373 0.855838 1
2.810024 0.456545 1
2.953604 0.456908 1
2.865226 0.576531 1
2.902658 1.497932 1
2.858719 1.367423 1
3.032295 1.365025 1
3.445907 2.659313 1
3.518409 2.790100 1
3.368222 2.742452 1
3.029496 1.489282 1
3.472222 0.000000 0
3.611111 0.000000 0
3.516792 0.145812 1
3.641623 0.107255 1
4.264837 0.506349 1
4.212965 0.369220 2
4.362883 0.430394 2
4.131754 0.207418 2
3.350452 0.817033 1
4.436863 1.321819 1
4.296433 1.636482 1
3.828493 1.142571 1
3.683397 1.093184 1
3.767156 0.999493 1
4.504739 0.855871 2
4.639683 0.942703 2
4.530584 1.020250 1
2.556905 2.379816 1
3.948735 2.525645 1
3.998096 2.637498 1
3.843473 2.645442 1
3.842246 2.212200 1
3.712051 2.282257 1
3.704172 2.146105 1
4.473174 3.256110 2
4.567456 3.148981 1
4.605954 3.329224 2
4.706223 3.210999 1
2.581689 0.570891 2
2.727676 0.657350 1
2.592718 0.699527 1
3.390509 2.852428 2
3.084625 1.710023 1
3.214273 1.796005 1
3.044488 1.817739 1
3.938292 2.741144 1
2.641909 2.265342 1
4.651967 1.116920 2
3.833107 2.492996 1
4.062547 2.751495 1
3.903397 1.006895 1
3.754267 2.567093 1
4.592384 2.319388 1
4.691078 2.196561 1
4.696296 2.345913 1
4.580345 2.206484 1
2.650289 0.424858 2
2.789191 0.325970 2
2.436220 1.687967 1
2.544760 1.593015 1
2.582546 1.762051 1
4.198955 1.500195 1
3.469650 1.397828 1
3.586089 1.443134 1
3.520157 1.563006 1
4.462722 2.564050 1
4.526483 2.659689 1
4.347877 2.679267 1
4.475300 2.761858 1
3.215673 0.712031 1
3.635818 1.537494 1
3.698988 1.429815 1
3.747811 1.581453 1
3.849503 1.421999 1
3.408179 1.538060 1
3.743002 3.263467 2
3.351627 0.668842 1
4.798086 2.091643 2
4.663584 2.037987 1
3.714597 0.708935 1
3.702993 0.565209 1
3.848248 0.685716 1
3.848161 0.545098 1
2.530812 1.259939 1
2.437385 1.333153 1
2.440845 1.158403 2
2.303614 2.080386 1
2.467033 2.125870 1
2.314073 2.205104 2
2.414804 2.274356 1
4.178657 1.655982 1
2.344617 1.257511 2
2.523767 0.807827 1
3.327806 1.347803 1
3.391597 1.254465 1
4.038846 3.000278 1
4.123266 2.867643 1
4.188133 2.985779 1
3.500594 1.253994 1
3.739409 2.992201 1
4.769942 2.280101 1
4.871974 2.324351 1
4.797622 2.415462 1
4.312762 2.854862 1
4.226376 2.765024 1
4.375290 2.773214 1
3.969128 1.361352 1
3.956628 1.481164 1
3.021576 1.079524 1
3.150005 1.136741 1
3.024085 1.210747 1
3.136336 1.263274 1
3.039363 0.550608 1
2.615546 1.082204 1
2.523352 0.955785 1
4.203020 2.518538 1
4.284287 2.418287 1
4.327531 2.549852 1
3.698022 2.449470 1
3.621327 2.565028 1
3.862222 0.115869 2
3.549135 2.892482 2
4.173781 2.409400 1
4.576276 2.986893 1
3.038144 2.689117 2
2.920684 2.606197 1
3.070481 2.557373 1
3.534906 1.865153 1
3.688168 1.858842 1
3.667001 2.000325 1
4.266639 1.208421 1
4.162879 1.264773 1
4.154629 1.098465 1
3.522048 1.072109 1
3.298969 1.696324 1
3.402265 1.774331 1
3.335945 1.880307 1
3.126991 1.895258 1
2.992458 1.606666 1
2.871074 1.633615 1
4.551707 2.098530 1
4.540506 1.857687 1
4.072998 1.832016 1
4.070199 1.692867 1
3.981842 1.107964 1
4.033360 0.990844 1
4.905974 2.997900 1
2.990162 2.481465 1
3.911410 0.404852 1
4.029822 3.147438 1
3.900661 3.036299 1
4.191768 0.738060 1
4.064754 0.862926 1
4.016786 0.705493 1
2.715771 1.861416 1
2.616538 1.926217 1
2.897116 0.362254 1
3.218712 2.513155 1
3.355587 2.533348 1
3.277953 2.669799 1
4.034224 1.931055 1
3.923554 1.853063 1
4.330723 0.835721 1
4.198482 0.880987 1
4.044223 2.059058 1
4.154537 2.170261 1
3.992948 2.189189 1
4.079422 2.316966 1
3.695457 1.200774 1
4.408943 1.208203 1
2.513322 1.423509 1
2.630529 1.357583 1
5.056581 2.785297 2
5.135196 2.938230 2
4.979111 2.910539 1
3.404548 0.268258 1
3.461062 0.404400 1
3.328546 0.382219 1
3.377062 0.515177 1
4.769167 3.354741 2
2.673563 1.634048 1
4.264057 0.989583 1
4.401928 0.975729 1
3.193962 1.666452 1
4.935095 3.324694 2
4.640522 2.762918 1
3.793797 2.080250 1
2.763805 1.037202 1
3.834103 2.353311 1
3.951665 2.410690 1
4.133937 2.644026 1
4.077076 2.488711 1
3.754119 0.403516 1
3.514709 1.719278 1
4.970611 2.699820 1
4.802077 2.705404 1
4.884775 2.618406 1
4.896239 2.810410 1
3.433949 2.407681 1
3.570265 2.320343 1
3.555036 2.463536 1
3.601026 0.455091 1
3.536094 0.303084 1
4.562850 2.864707 1
2.529548 2.292510 1
4.342330 0.685432 1
3.806587 1.955921 1
3.944605 1.966865 1
4.564247 1.248620 1
4.526571 1.138205 1
2.518943 1.873322 1
3.615175 1.304414 1
2.818202 2.930408 2
4.323374 1.097108 1
2.910152 0.242337 1
3.056968 0.169976 1
3.022608 0.329511 1
2.709339 2.016364 1
2.803290 1.965028 1
3.484943 0.629437 1
3.761477 1.293916 1
4.448486 0.731356 1
2.404523 1.959093 1
3.181105 0.357897 1
3.139652 0.247285 1
3.290539 0.264936 1
3.651117 0.340842 1
4.550630 1.464148 1
4.365158 2.329854 1
4.413340 2.452439 1
2.765934 1.452646 1
2.749717 1.333528 1
4.840199 3.236122 1
4.066500 1.192001 1
3.622439 1.656989 1
3.719571 1.738871 1
3.590630 2.684185 1
3.358270 0.132785 1
4.410639 1.931589 1
2.983404 0.661308 1
3.518463 2.154564 1
3.409978 2.049430 1
3.524222 2.006972 1
2.426300 1.809981 1
2.331050 1.877390 1
3.424379 0.747733 1
3.609948 1.775104 1
4.109686 1.573721 1
2.649626 1.500520 1
4.370944 3.065555 1
4.445385 2.912859 1
4.486003 3.063442 1
4.065104 0.412415 1
4.131865 0.522479 1
4.476840 2.359542 1
4.469009 2.230560 1
3.212515 1.527108 1
3.306975 1.590395 1
3.233610 2.820423 2
4.749104 1.959170 2
3.333333 0.000000 0
3.578319 1.177414 1
2.864636 0.691966 1
3.905096 3.170962 1
2.586313 2.176878 1
3.717463 2.749289 1
3.705432 2.642207 1
4.135249 0.629142 1
2.262336 1.955468 1
3.845217 1.716956 1
3.796619 1.824731 1
4.988203 2.540515 2
5.070802 2.638387 2
4.299214 2.967769 1
3.904215 2.075878 1
3.322062 1.462646 1
2.713194 0.536243 1
3.970571 1.752461 1
3.145880 2.740204 2
2.413283 1.549996 1
3.136050 0.991132 1
4.117604 0.318278 2
3.722780 0.273609 1
2.928959 1.278061 1
3.108794 1.581715 1
3.944857 3.279537 1
4.080956 3.284735 1
3.979446 3.402946 2
4.129733 3.082790 1
3.839779 3.241144 1
4.133654 1.954951 1
4.167809 2.050471 1
3.055556 0.000000 0
2.952795 0.107677 1
3.436522 2.260481 1
4.274614 2.090020 1
2.865752 0.975219 1
2.901945 1.074872 1
2.819974 1.143045 1
5.157799 2.308057 3
5.069596 2.414073 2
4.991894 2.301419 2
3.957970 0.911975 1
3.959849 2.875437 1
3.883708 1.567199 1
3.139514 2.120711 1
3.296390 2.111793 1
3.199289 2.221692 1
4.540211 2.455931 1
4.611162 2.568521 1
3.915571 0.802402 1
4.675114 2.456182 1
4.762679 2.571348 1
3.080878 0.732427 1
3.040666 0.853878 1
3.959123 0.513422 1
3.631456 2.815304 1
3.726347 0.895825 1
3.941152 0.610507 1
2.850164 2.348053 1
2.930329 2.224630 1
2.984742 2.359340 1
4.067390 1.302073 1
4.148262 1.378936 1
4.070376 1.461076 1
3.485706 2.552667 1
4.224841 2.889864 1
3.878421 1.282080 1
2.725824 1.139400 1
2.811653 1.245847 1
4.807293 1.166631 2
4.697741 1.235568 1
3.204315 1.379568 1
3.259067 1.085353 1
4.312671 2.198335 1
4.106912 3.411744 2
4.928566 2.422585 1
2.314593 1.659975 1
3.393071 2.160466 1
3.827495 2.795848 1
2.601359 2.058598 1
2.521679 1.988620 1
3.121882 1.466238 1
3.223093 2.028296 1
3.258112 1.230243 1
2.826248 2.103138 1
2.779103 2.240019 1
2.861258 2.509342 1
2.772994 2.559116 1
4.682758 1.491060 2
4.663811 1.351062 1
3.837439 2.919240 1
3.739827 2.848954 1
3.659046 2.917655 1
4.440127 1.087113 1
4.143056 0.964561 1
3.745319 0.148263 1
2.662411 1.226015 1
2.777778 0.000000 0
2.916667 0.000000 0
2.824630 0.126071 1
3.155647 0.105018 1
4.455444 0.607523 2
4.563451 0.696712 2
2.953717 1.735142 1
2.667062 2.893990 3
4.225101 2.304498 1
4.409590 2.128758 1
3.152739 2.636584 1
4.683551 2.651215 1
3.750000 0.000000 0
4.033442 0.602806 1
3.940217 2.293453 1
3.394670 1.027432 1
3.942056 1.661629 1
3.345389 1.153100 1
3.088658 2.269545 1
3.226219 2.342403 1
3.102443 2.417721 1
2.774451 1.565211 1
3.504400 0.508635 1
2.507634 1.068091 1
3.231197 0.473336 1
3.842282 0.902299 1
3.097116 0.451777 1
2.614172 2.762391 1
2.540833 2.848108 3
2.463959 2.742223 2
4.363525 2.028943 1
3.623500 2.212112 1
4.185935 3.189254 1
4.326914 3.215930 2
4.196562 3.299059 2
3.319385 2.425381 1
4.767579 2.825063 1
3.606921 0.671055 1
3.612837 0.214986 1
2.715691 1.741103 1
2.189418 2.140769 2
2.168581 2.022651 2
4.871843 2.202187 2
3.432795 1.920420 1
2.547752 2.677674 1
2.985061 0.969088 1
4.244239 2.651063 1
3.254211 0.592756 1
3.813725 3.367210 2
2.822122 1.771414 1
4.623531 1.736114 2
3.607256 2.092462 1
2.317063 1.775103 1
4.693324 1.835843 2
4.637472 1.933982 1
2.654012 2.621906 1
2.691714 2.142068 1
4.799692 1.398689 2
4.694332 1.602949 2
3.304002 2.226061 1
2.937374 0.769187 1
2.537799 1.157463 1
3.240989 0.167097 1
3.609040 2.999769 2
3.448032 1.143824 1
3.024067 2.154481 1
2.942861 2.108407 1
3.346754 2.327696 1
2.915656 1.182207 1
3.783251 0.797203 1
3.128230 0.636367 1
4.243562 0.616111 1
4.473945 0.484199 2
4.357610 0.555006 1
2.401212 0.886268 2
2.420148 1.007251 2
4.540840 1.979222 1
2.907280 2.430012 1
4.444899 3.150003 1
2.910770 2.004319 1
2.460347 0.671721 2
3.154818 0.542404 1
2.508872 2.577290 1
2.410020 2.636260 2
2.447927 2.498250 2
2.909976 1.879384 1
3.194444 0.000000 0
4.533991 1.348814 1
4.256149 3.096748 1
2.902155 0.879769 1
4.780706 1.288361 2
2.416507 0.770873 2
4.453945 2.031813 1
2.705536 0.097139 2
2.705582 0.204520 2
3.123369 1.995431 1
3.022892 2.055470 1
3.021968 1.940591 1
2.812789 1.869311 1
4.872369 2.513663 1
2.807389 0.224724 1
3.231018 1.924711 1
3.593017 0.564681 1
3.965343 1.219341 1
2.771380 1.669078 1
2.233232 1.841750 1
2.148384 1.913549 2
3.320478 1.980983 1
2.200007 1.619631 2
2.217895 1.739479 1
2.638889 0.000000 0
4.006957 1.578603 1
3.256537 0.080980 1
3.406164 1.651777 1
2.792107 2.450197 1
2.442154 2.377958 2
2.321094 2.322698 2
2.129306 1.804879 2
2.112085 1.701302 2
 0 1 2
 3 0 2
 4 5 6
 7 8 9
 5 10 6
 8 11 9
 12 13 14
 15 16 17
 18 19 20
 21 22 23
 24 25 26
 27 28 29
 30 31 32
 15 33 16
 14 13 34
 35 25 24
 36 37 38
 38 37 39
 40 41 42
 43 44 45
 46 47 48
 49 50 51
 52 53 54
 55 49 51
 56 57 58
 57 59 58
 60 61 62
 63 32 31
 64 43 45
 29 28 65
 66 27 10
 67 68 69
 70 71 72
 73 22 21
 66 2 1
 74 75 76
 77 78 79
 80 81 82
 83 82 81
 84 85 86
 53 87 54
 88 89 90
 76 75 91
 92 22 73
 93 72 71
 74 76 94
 95 91 75
 67 69 96
 76 97 94
 98 99 100
 101 99 98
 46 102 103
 104 105 106
 66 107 27
 108 109 110
 111 112 113
 114 113 112
 115 64 45
 116 117 118
 119 118 117
 120 108 110
 18 121 19
 115 122 64
 123 99 124
 125 126 127
 128 127 126
 34 13 33
 129 130 131
 132 133 134
 135 134 133
 66 136 107
 130 137 131
 138 37 36
 39 37 85
 139 140 108
 141 142 143
 108 140 144
 18 20 145
 146 147 148
 149 150 151
 119 152 153
 154 155 156
 157 156 155
 47 158 48
 159 160 36
 161 162 163
 164 97 165
 30 166 31
 150 113 151
 53 167 87
 161 168 162
 169 17 16
 170 171 172
 173 174 175
 176 177 178
 179 26 68
 180 181 89
 182 89 181
 146 148 100
 85 37 86
 183 90 89
 55 184 49
 185 49 184
 124 99 186
 187 2 4
 188 189 1
 67 96 190
 191 190 96
 15 192 33
 193 172 171
 30 32 194
 83 16 33
 141 195 196
 197 198 199
 200 201 106
 46 202 47
 203 204 205
 52 205 204
 188 206 207
 197 208 209
 210 211 212
 213 212 211
 67 214 68
 65 28 215
 216 129 217
 197 209 198
 218 219 220
 34 220 219
 216 130 129
 221 222 223
 224 223 222
 83 225 82
 226 106 105
 227 208 228
 70 228 208
 88 229 89
 230 13 12
 231 114 112
 77 79 232
 159 36 233
 234 235 94
 236 75 237
 128 238 194
 173 181 239
 240 241 242
 243 241 240
 244 245 246
 164 246 245
 247 222 248
 231 249 114
 92 73 250
 197 251 208
 252 207 253
 161 236 237
 252 232 175
 79 175 232
 15 243 220
 254 215 255
 256 106 201
 257 108 144
 135 133 250
 7 9 258
 176 178 259
 260 261 262
 30 194 238
 201 200 263
 94 235 74
 263 200 264
 224 265 122
 257 266 117
 119 117 266
 70 208 267
 132 268 133
 269 270 271
 247 248 272
 164 165 246
 34 33 192
 6 10 273
 162 274 275
 276 217 277
 83 33 278
 279 178 177
 116 118 280
 281 280 118
 52 282 53
 95 150 142
 56 58 283
 187 284 2
 285 48 158
 286 287 288
 256 268 289
 290 289 268
 35 24 291
 64 291 24
 101 186 99
 173 292 174
 293 107 136
 294 217 276
 295 296 297
 298 61 299
 60 299 61
 269 271 223
 300 301 98
 101 98 301
 302 303 229
 11 171 9
 304 205 54
 123 124 305
 306 56 283
 207 206 253
 179 68 307
 34 219 14
 138 36 160
 65 215 254
 39 85 308
 195 309 196
 133 310 250
 68 26 69
 304 54 87
 311 312 76
 197 199 313
 132 314 268
 169 16 81
 83 81 16
 281 118 315
 252 316 207
 1 189 136
 240 242 317
 318 240 317
 295 319 296
 210 212 320
 77 320 212
 139 108 321
 120 321 108
 84 322 85
 164 245 78
 188 207 323
 304 324 205
 3 2 284
 40 42 325
 154 326 155
 63 327 32
 66 5 2
 300 275 274
 30 238 328
 35 291 265
 329 51 50
 173 239 292
 302 229 330
 331 332 333
 141 143 334
 208 251 267
 18 335 121
 336 3 337
 338 261 339
 286 245 340
 244 340 245
 337 3 341
 216 325 42
 342 343 233
 344 233 343
 345 346 347
 191 96 348
 141 349 142
 191 178 190
 279 190 178
 247 238 126
 128 126 238
 70 72 228
 118 350 315
 67 266 214
 227 259 178
 351 352 353
 111 113 163
 111 354 355
 356 127 199
 77 234 78
 164 78 234
 218 220 243
 119 350 118
 357 358 355
 115 45 359
 360 359 45
 298 299 361
 238 272 328
 311 362 282
 363 69 26
 127 364 199
 365 366 367
 368 369 370
 290 268 314
 311 282 312
 176 215 28
 165 282 371
 152 368 370
 149 372 150
 119 373 152
 374 344 375
 265 291 122
 93 376 377
 157 378 51
 155 326 379
 380 211 341
 381 333 332
 331 195 332
 382 148 147
 40 325 383
 286 384 287
 311 76 385
 104 325 105
 386 133 387
 378 388 51
 389 352 351
 157 155 390
 360 45 326
 44 379 326
 391 366 392
 365 392 366
 95 236 150
 76 312 97
 46 48 322
 85 322 48
 393 171 394
 394 171 11
 170 9 171
 6 273 395
 396 395 273
 397 145 398
 399 398 145
 400 255 215
 261 270 262
 116 110 109
 260 339 261
 227 209 208
 191 198 401
 30 402 166
 403 374 375
 404 405 406
 338 407 261
 146 100 99
 408 409 267
 95 142 349
 104 383 325
 185 184 410
 7 258 411
 213 211 412
 357 355 354
 301 413 186
 52 54 205
 193 171 393
 203 205 414
 369 28 107
 27 107 28
 252 253 320
 356 198 348
 191 348 198
 355 415 112
 416 166 402
 417 361 299
 112 415 231
 213 418 212
 77 232 320
 179 419 24
 52 371 282
 240 318 218
 155 379 390
 420 315 350
 421 390 379
 216 217 294
 169 296 249
 422 423 424
 119 153 350
 185 425 49
 224 426 265
 159 427 160
 269 223 428
 363 26 25
 101 301 186
 363 429 69
 269 428 430
 93 255 72
 74 237 75
 380 341 413
 431 432 433
 152 370 153
 356 199 198
 341 434 413
 137 42 41
 252 175 174
 397 349 196
 141 196 349
 286 435 245
 436 332 195
 257 144 307
 397 385 349
 431 8 411
 7 411 8
 169 297 296
 436 437 438
 227 228 259
 400 259 228
 203 423 439
 396 254 377
 93 377 254
 88 410 184
 244 371 204
 15 440 243
 35 265 441
 210 320 253
 380 412 211
 74 235 237
 442 58 59
 200 106 443
 221 58 248
 442 248 58
 216 294 105
 226 105 294
 210 337 211
 205 324 414
 132 444 445
 79 78 435
 218 243 240
 162 275 163
 203 424 423
 257 109 108
 216 42 130
 92 392 22
 119 266 373
 298 361 194
 123 446 99
 146 99 446
 213 235 418
 149 151 296
 114 296 151
 132 445 314
 242 241 358
 173 447 181
 133 268 387
 70 267 409
 44 326 45
 15 220 192
 157 51 156
 329 156 51
 203 439 204
 298 194 32
 164 234 94
 431 433 448
 213 237 235
 84 102 322
 247 272 238
 169 249 17
 386 310 133
 360 326 449
 113 450 163
 115 451 122
 422 367 366
 104 106 289
 256 289 106
 331 333 452
 46 322 102
 185 410 453
 6 454 4
 221 283 58
 137 130 42
 286 288 455
 456 383 104
 150 372 142
 289 456 104
 457 305 458
 129 403 217
 277 217 403
 408 267 251
 173 175 288
 349 385 91
 11 8 459
 141 334 195
 436 195 334
 187 4 454
 149 296 319
 179 24 26
 405 338 339
 92 460 392
 277 403 375
 396 461 395
 6 462 454
 77 418 234
 165 371 246
 422 353 423
 463 423 353
 161 237 168
 10 29 273
 164 94 97
 285 359 464
 360 464 359
 252 174 316
 159 403 465
 129 465 403
 244 246 371
 466 271 270
 416 402 59
 111 355 112
 20 467 145
 382 346 317
 64 24 43
 399 145 467
 144 468 307
 331 309 195
 226 294 425
 300 98 354
 357 354 98
 79 455 175
 230 225 278
 83 278 225
 422 366 469
 11 459 394
 180 229 303
 213 412 168
 125 441 126
 405 339 406
 66 1 136
 357 100 148
 128 194 361
 187 454 457
 391 263 264
 188 1 0
 397 196 145
 18 145 196
 391 470 366
 463 471 423
 53 282 362
 46 103 202
 154 156 472
 363 473 429
 285 158 474
 154 472 343
 60 475 299
 96 69 429
 114 151 113
 150 450 113
 125 473 25
 363 25 473
 476 408 477
 299 475 313
 285 474 359
 216 105 325
 365 22 392
 138 160 478
 479 478 160
 224 122 451
 157 390 378
 139 378 390
 57 416 59
 224 222 426
 95 75 236
 187 480 284
 27 29 10
 66 10 5
 62 476 477
 365 367 481
 138 86 37
 114 249 296
 165 312 282
 80 482 81
 125 127 473
 356 473 127
 391 264 483
 138 484 86
 485 430 428
 231 17 249
 446 347 147
 221 271 283
 139 321 378
 302 378 321
 260 406 339
 422 424 367
 154 449 326
 198 209 401
 64 122 291
 162 168 412
 417 313 199
 391 460 263
 67 373 266
 257 214 266
 400 228 72
 179 307 468
 77 212 418
 486 487 488
 463 353 352
 489 453 410
 257 117 109
 244 204 439
 52 204 371
 170 172 414
 60 62 477
 391 392 460
 161 163 450
 193 393 481
 338 490 407
 33 13 278
 221 248 222
 489 483 264
 396 273 491
 111 275 354
 182 181 447
 169 81 297
 73 21 488
 486 488 21
 224 428 223
 295 437 492
 436 492 437
 234 418 235
 165 97 312
 39 493 38
 2 5 4
 231 440 17
 396 491 254
 65 254 491
 84 86 484
 431 459 8
 281 174 292
 269 262 270
 221 223 271
 396 494 461
 245 435 78
 138 495 484
 243 440 241
 260 202 103
 408 251 477
 496 186 413
 273 29 491
 197 475 251
 466 283 271
 381 332 438
 65 491 29
 159 374 403
 404 406 497
 498 497 406
 252 320 232
 389 351 499
 500 499 351
 226 443 106
 298 327 61
 35 441 25
 125 25 441
 213 168 237
 285 464 308
 93 254 255
 34 192 220
 132 134 444
 92 250 310
 231 241 440
 489 90 501
 143 142 372
 247 426 222
 342 38 493
 496 284 480
 380 301 274
 300 274 301
 23 459 21
 486 21 459
 396 377 494
 442 272 248
 180 89 229
 357 148 358
 88 184 330
 18 196 309
 200 502 264
 489 264 502
 342 449 343
 154 343 449
 422 469 351
 442 59 402
 358 241 415
 203 172 424
 242 358 503
 489 410 90
 227 178 401
 143 319 492
 295 492 319
 442 402 328
 30 328 402
 382 347 346
 498 504 103
 23 394 459
 183 505 499
 193 367 424
 230 278 13
 126 441 506
 260 103 504
 486 448 487
 433 487 448
 285 308 48
 124 458 305
 295 482 437
 80 437 482
 300 354 275
 200 443 453
 269 430 262
 47 262 430
 183 89 505
 417 199 364
 386 460 310
 92 310 460
 152 507 368
 489 502 453
 185 453 508
 200 453 502
 293 136 189
 210 253 206
 55 330 184
 15 17 440
 400 72 255
 39 464 493
 121 335 452
 331 452 335
 256 387 268
 290 314 509
 510 509 314
 261 407 270
 466 270 407
 159 233 374
 360 493 464
 260 504 406
 39 308 464
 382 317 503
 116 109 117
 463 384 340
 176 259 215
 400 215 259
 49 425 276
 287 511 447
 44 419 379
 421 379 419
 36 38 233
 342 233 38
 355 358 415
 247 126 506
 498 406 504
 188 0 336
 210 206 336
 143 492 334
 436 334 492
 191 401 178
 369 177 28
 176 28 177
 40 383 512
 513 512 383
 188 323 189
 175 455 288
 55 51 388
 514 404 497
 116 280 110
 239 110 280
 376 494 377
 115 474 451
 55 388 330
 302 330 388
 479 427 131
 3 434 341
 431 411 432
 500 351 469
 286 340 384
 193 424 172
 81 482 297
 421 419 468
 179 468 419
 187 457 458
 129 131 465
 486 459 448
 431 448 459
 260 262 202
 47 202 262
 287 447 288
 386 201 263
 357 98 100
 485 451 474
 239 280 292
 389 499 505
 88 330 229
 211 337 341
 153 370 515
 293 515 370
 207 315 323
 420 323 315
 422 351 353
 95 349 91
 111 163 275
 227 401 209
 490 306 516
 380 274 412
 162 412 274
 6 395 462
 298 32 327
 257 307 214
 170 414 324
 182 505 89
 152 373 507
 344 374 233
 231 415 241
 421 140 390
 139 390 140
 24 419 43
 389 511 352
 244 471 340
 420 515 189
 293 189 515
 210 336 337
 479 160 427
 3 284 434
 463 340 471
 386 263 460
 224 451 428
 436 438 332
 44 43 419
 188 336 206
 3 336 0
 287 352 511
 420 189 323
 360 449 493
 358 148 503
 423 471 439
 281 292 280
 485 428 451
 239 181 517
 180 517 181
 366 470 469
 306 283 516
 496 434 284
 380 413 301
 420 350 515
 153 515 350
 128 364 127
 365 481 518
 489 501 483
 500 483 501
 279 368 507
 302 388 378
 393 518 481
 85 48 308
 242 503 317
 203 414 172
 369 107 370
 293 370 107
 281 316 174
 466 516 283
 442 328 272
 193 481 367
 302 321 303
 120 303 321
 382 503 148
 182 447 511
 485 474 158
 421 468 140
 144 140 468
 226 425 508
 463 352 384
 135 519 520
 115 359 474
 397 398 385
 183 499 501
 500 501 499
 496 413 434
 391 483 470
 286 455 435
 79 435 455
 138 478 495
 331 335 309
 120 110 517
 239 517 110
 183 501 90
 294 276 425
 277 50 276
 49 276 50
 146 446 147
 88 90 410
 173 288 447
 329 472 156
 120 517 303
 180 303 517
 513 383 456
 295 297 482
 365 518 22
 68 214 307
 342 493 449
 135 250 519
 73 519 250
 23 22 518
 356 429 473
 417 299 313
 143 372 319
 149 319 372
 67 190 507
 496 480 186
 124 186 480
 287 384 352
 510 314 445
 135 520 134
 382 147 347
 185 508 425
 265 506 441
 290 456 289
 369 368 177
 311 385 398
 344 472 375
 329 375 472
 73 488 519
 128 361 364
 417 364 361
 226 508 443
 251 475 477
 76 91 385
 197 313 475
 500 470 483
 279 507 190
 67 507 373
 244 439 471
 393 394 518
 23 518 394
 47 430 158
 485 158 430
 329 50 375
 277 375 50
 281 315 316
 18 309 335
 344 343 472
 466 407 516
 60 477 475
 490 516 407
 513 509 521
 510 521 509
 207 316 315
 247 506 426
 265 426 506
 356 348 429
 96 429 348
 399 167 362
 279 177 368
 389 505 511
 513 522 512
 453 443 508
 256 201 387
 386 387 201
 500 469 470
 513 521 522
 150 236 450
 161 450 236
 513 456 509
 53 362 167
 182 511 505
 399 467 167
 187 458 480
 124 480 458
 290 509 456
 131 427 465
 399 362 398
 159 465 427
 311 398 362
 0
 8
 218 345 12 318 219 346 317 14
 24
 93 408 70 123 63 345 71 31 376 409 61 62 457 395 461 446 305 166 347 454 462 327 494 476
 2
 411 432
 26
 40 137 84 498 479 510 102 433 484 103 131 478 488 134 444 497 432 41 487 521 495 522 512 445 520 519
 22
 304 230 80 381 170 20 12 121 87 225 82 9 437 411 452 333 324 19 438 258 467 167
 0
 0
 0
 0
 0
 0
 0
 0
